0.000000000000000000e+00,1.955590426834558748e+00,2.533305773668793837e+00,2.455333711586656253e+00,2.525681602498355272e+00,2.517534652098431192e+00,3.014528727996454549e+00,2.260920267801757255e+00,2.530848808272963879e+00,2.547445096917673624e+00,2.565627826427812064e+00,2.510838438314670462e+00,2.523162066412610649e+00,2.551039317781079507e+00,2.556873200353512399e+00,2.589190662061256365e+00,2.538926135303351650e+00,2.958698621132602735e+00,2.967009666702265402e+00,2.920145547303869549e+00,2.592166174135130063e+00,2.351965465518257137e+00,3.592567012202441568e+00,3.259306720610096075e+00,3.175768666143873098e+00,2.198872304448878268e+00,2.563956631989626089e+00,3.176159314424639835e+00,3.467049187037397839e+00,3.849713822429134069e+00,3.362911582333585336e+00,3.480366139226825251e+00,3.287448970102317070e+00,3.724002689754148498e+00,3.860299300706387715e+00,2.926299131839220635e+00,2.600882182828117450e+00,3.185737870768717173e+00,3.355187771476261016e+00,1.939706041615206766e+00,6.607372540147906648e+00,6.650638240202674467e+00,6.501836161070331244e+00,1.650951537184533802e+00,4.116698616158312340e+00,4.259967133130656336e+00,4.398584192555092365e+00,1.760189881258555467e+00,1.191465444531130791e+00,1.766100254068798669e+00,5.111398261028942791e+00
1.955590426834558748e+00,0.000000000000000000e+00,3.427384140676174251e+00,3.396097113360587727e+00,3.455645971945959793e+00,3.489145275565243232e+00,3.228678648559221820e+00,2.983427868943850925e+00,3.487846604960163965e+00,3.500878256292724089e+00,3.462869091406001854e+00,3.489641079834920223e+00,3.476097961707641737e+00,3.497562935345145174e+00,3.485295970869230153e+00,3.528812896897414841e+00,3.481546450112549707e+00,3.191490489285729648e+00,3.175767178957581649e+00,3.146977683546009263e+00,3.526368340093655185e+00,1.198939396654734368e+00,3.401336338917247737e+00,3.196604316672001289e+00,3.101629735312382508e+00,2.843477229076865065e+00,3.522947895848038247e+00,2.110534413921398400e+00,2.435846869710717399e+00,2.858453304765780967e+00,2.423697680829062229e+00,2.571292268077256971e+00,2.221959168138643470e+00,2.751184778010502097e+00,2.877934508215075571e+00,2.094813051914236723e+00,3.522703274518740990e+00,3.350936548343323107e+00,2.627280008483688700e+00,2.742574732486235956e+00,6.335733594643296662e+00,6.449883615338627862e+00,6.230946589845394179e+00,2.297060846212719998e+00,2.958589825426182429e+00,3.128507146571001929e+00,3.322212450977351850e+00,2.431460321234144573e+00,2.208604382986010251e+00,2.359316870563675561e+00,4.938263413895099596e+00
2.533305773668793837e+00,3.427384140676174251e+00,0.000000000000000000e+00,2.526243161539414306e-01,1.834463747386974874e-01,3.955783213761583927e-01,2.405373757601972251e+00,1.128079473504989494e+00,3.626549982893914614e-01,3.143298571207104875e-01,2.287136240139734100e-01,3.716301504651381427e-01,4.080007646448430281e-01,2.558378198738230913e-01,3.322531420841278171e-01,3.630731458293385283e-01,5.005622155211993940e-01,2.365737866849505266e+00,2.392879635095793045e+00,2.383617551601130202e+00,4.131808014737010648e-01,4.161972918933877885e+00,3.469345689681114564e+00,3.245569807760438685e+00,3.244728032355370217e+00,1.664022273347761205e+00,3.073750922234819716e-01,3.795800112401016779e+00,4.020536655085322764e+00,4.409059895647989613e+00,3.897775591830180186e+00,3.880248094734756847e+00,3.890931272607466962e+00,4.385459966136201260e+00,4.513278967111410189e+00,3.338547724381158321e+00,3.342544963273521019e-01,2.483097009334511718e+00,3.767195739755164752e+00,1.573994354261926354e+00,5.489845843857814600e+00,5.516406141991386569e+00,5.419921523085574400e+00,2.383219556858787502e+00,4.839365184817125076e+00,4.928359738602351214e+00,4.830097587387136571e+00,1.736646084180161642e+00,1.940910560431541310e+00,1.755822906770103664e+00,4.268618366632421335e+00
2.455333711586656253e+00,3.396097113360587727e+00,2.526243161539414306e-01,0.000000000000000000e+00,2.196481780863476785e-01,2.511179202380064979e-01,2.466220251704085875e+00,1.099427849732250717e+00,3.934726640881351933e-01,3.651205866243715792e-01,2.684616125745054593e-01,4.016705302482470041e-01,4.626688978984999090e-01,2.260444242482074761e-01,4.244383185767339750e-01,4.301741581294374339e-01,5.643364129908804427e-01,2.426337125271467610e+00,2.450562295253586598e+00,2.436901647884471611e+00,4.922961794813547343e-01,4.131898338505354040e+00,3.555579836323498721e+00,3.327275830285167491e+00,3.319662488895305241e+00,1.738358317830765776e+00,2.968578094629840125e-01,3.832050495831724746e+00,4.058350709844576798e+00,4.459795872808590467e+00,3.935919319675776240e+00,3.928385570803144322e+00,3.924798040079635175e+00,4.420401941298737647e+00,4.550609205694348347e+00,3.369078917007352736e+00,3.995547262886976481e-01,2.545731140801820835e+00,3.806363529710805160e+00,1.615208902189451567e+00,5.597046063945434469e+00,5.607439416847593172e+00,5.531609926579811543e+00,2.408946416750314956e+00,4.884711684224795292e+00,4.977697422823581519e+00,4.888981371028238598e+00,1.781256628701377576e+00,1.901703295253253545e+00,1.799235901298180229e+00,4.378355397762760504e+00
2.525681602498355272e+00,3.455645971945959793e+00,1.834463747386974874e-01,2.196481780863476785e-01,0.000000000000000000e+00,3.051120469161407445e-01,2.445375345067605011e+00,1.126768427767962377e+00,4.006464372485989966e-01,3.456715468546396330e-01,2.285265673453940327e-01,3.693186589408483100e-01,4.378338013965136777e-01,2.358978931165432724e-01,3.736745479879279852e-01,3.891555905295068785e-01,5.460195065109124668e-01,2.405993691537334112e+00,2.431983452896004039e+00,2.421260932856229342e+00,4.526315893473487617e-01,4.185988033276270670e+00,3.510327109347580077e+00,3.285116437460473104e+00,3.282245344889037852e+00,1.693281707348577303e+00,2.375661585737519343e-01,3.844578268653414010e+00,4.069566598893225695e+00,4.459976878003422129e+00,3.942364491183306008e+00,3.928634709100397249e+00,3.937890642529144891e+00,4.436608166689907762e+00,4.564046121243495513e+00,3.377809354368405348e+00,3.094811628466561104e-01,2.519825679548218123e+00,3.816278781166815737e+00,1.596802880081679588e+00,5.525060590310273412e+00,5.551905519856555671e+00,5.457853994395997610e+00,2.408721767798067681e+00,4.889981938933439132e+00,4.979407639647337902e+00,4.883940941034544458e+00,1.765025091997653339e+00,1.928404099405897076e+00,1.784083917306269917e+00,4.319137572465673536e+00
2.517534652098431192e+00,3.489145275565243232e+00,3.955783213761583927e-01,2.511179202380064979e-01,3.051120469161407445e-01,0.000000000000000000e+00,2.570724633154809258e+00,1.108948654438744130e+00,4.624266135417875456e-01,4.138891469000254841e-01,2.861398354742098471e-01,4.646175547053271182e-01,5.056713980263509711e-01,2.708054692393510599e-01,4.553331463187123007e-01,4.724141851815858995e-01,6.091462242677877503e-01,2.529913691393502528e+00,2.552004419409795499e+00,2.539664677905289381e+00,5.210856598485936741e-01,4.212285956679671095e+00,3.582240076253082606e+00,3.359277774928909555e+00,3.349824637545456341e+00,1.831876861546033464e+00,2.912135756976396150e-01,3.921798852953138681e+00,4.146045804427031634e+00,4.547989177073809230e+00,4.019739039269142111e+00,4.017797747783540707e+00,4.013640986042941172e+00,4.499799774398036689e+00,4.636576065547414416e+00,3.420829054037293648e+00,4.271172876628618886e-01,2.634045712973458464e+00,3.906742900449909683e+00,1.730381515356028688e+00,5.635936427350156208e+00,5.649140596677231230e+00,5.574750755158732751e+00,2.476675894251314958e+00,4.954528692210992347e+00,5.049294014754244664e+00,4.973806307667993032e+00,1.869905653774504461e+00,1.926035443205309505e+00,1.877102112493432395e+00,4.463206040387018625e+00
3.014528727996454549e+00,3.228678648559221820e+00,2.405373757601972251e+00,2.466220251704085875e+00,2.445375345067605011e+00,2.570724633154809258e+00,0.000000000000000000e+00,2.451258320840951299e+00,2.537452127826999249e+00,2.510892553472881428e+00,2.466303923653582419e+00,2.542611273425632312e+00,2.587537915373447017e+00,2.504356729729872999e+00,2.506396874360917071e+00,2.569917123619928301e+00,2.624863532361838114e+00,1.261530667975704900e-01,1.363610915741985952e-01,2.085059223089747171e-01,2.570588534759902455e+00,3.803413467999048336e+00,3.081018863049690193e+00,2.794206040457803741e+00,2.818888969326633021e+00,2.326306928841578969e+00,2.505638231447948172e+00,2.980072198897181224e+00,3.096409156241051619e+00,3.431471521507994282e+00,2.947588416253732024e+00,2.932107507446027217e+00,3.022979765515130701e+00,3.410775274674418878e+00,3.489215662822415354e+00,2.771892646958240558e+00,2.404933212919446284e+00,4.580898050783468456e-01,3.196729332813359026e+00,2.365096858898537047e+00,4.563292870554293224e+00,4.567917565421535819e+00,4.486099653319837621e+00,2.349823016117969843e+00,4.039523545748372690e+00,4.034315507450213723e+00,3.903727980488307825e+00,2.252559114777944238e+00,2.666382956171883922e+00,2.316227445821258168e+00,3.156486995131949858e+00
2.260920267801757255e+00,2.983427868943850925e+00,1.128079473504989494e+00,1.099427849732250717e+00,1.126768427767962377e+00,1.108948654438744130e+00,2.451258320840951299e+00,0.000000000000000000e+00,1.205549996369986721e+00,1.136793615728250773e+00,1.082521560640495650e+00,1.170036574130907336e+00,1.164619895100517999e+00,1.106328063788538874e+00,1.102228799920932811e+00,1.193781784726283490e+00,1.179476716438200068e+00,2.411311161486291876e+00,2.422962475463782628e+00,2.411077842680999339e+00,1.162478878143828442e+00,3.655158408224096434e+00,3.213887330248351493e+00,2.970496162730980494e+00,2.947098930691395502e+00,1.795690401125586089e+00,1.133053087264993319e+00,3.384321523301838663e+00,3.628156418412217921e+00,4.053129754272187135e+00,3.493860374193582086e+00,3.523237046879540202e+00,3.484196490729520423e+00,3.992198238441898805e+00,4.141872495701349521e+00,2.884420751915233616e+00,1.275287858540206987e+00,2.523818277376388863e+00,3.542590245801308768e+00,1.752844334973533647e+00,5.601729570962696414e+00,5.670974077405674940e+00,5.547269802767388569e+00,2.183384518177643230e+00,4.413880928893039624e+00,4.514340595006040679e+00,4.495891491846151666e+00,1.712387184136980656e+00,1.711504147916444118e+00,1.692099893510627062e+00,4.451083296049461069e+00
2.530848808272963879e+00,3.487846604960163965e+00,3.626549982893914614e-01,3.934726640881351933e-01,4.006464372485989966e-01,4.624266135417875456e-01,2.537452127826999249e+00,1.205549996369986721e+00,0.000000000000000000e+00,1.710351016062063023e-01,3.983572372390420391e-01,1.616223318343143200e-01,1.771143504101024835e-01,2.981451584226271767e-01,2.272857996661380442e-01,1.681133505414408313e-01,2.545167730212573587e-01,2.490914830293937232e+00,2.517470433492724258e+00,2.499787094496377371e+00,2.064336839537163071e-01,4.210656229562863118e+00,3.621498759744931739e+00,3.375726207935572543e+00,3.368926003559178373e+00,1.734470726457889800e+00,3.320136741452860418e-01,3.980319700378940784e+00,4.221176585249412305e+00,4.615909317429222725e+00,4.098188450646080838e+00,4.090192574068946207e+00,4.081079096203811929e+00,4.579369460005129788e+00,4.712931384788369371e+00,3.521672625777035659e+00,4.122290862470858186e-01,2.626724749156466476e+00,3.866081228551103255e+00,1.642919314138055142e+00,5.733768782021518184e+00,5.750597683821061068e+00,5.665080727442240338e+00,2.455068321250361674e+00,5.004787804883659597e+00,5.106752241594578301e+00,5.036627030032870600e+00,1.821047717257215481e+00,1.968808404657355737e+00,1.822556731312700906e+00,4.497054816530421384e+00
2.547445096917673624e+00,3.500878256292724089e+00,3.143298571207104875e-01,3.651205866243715792e-01,3.456715468546396330e-01,4.138891469000254841e-01,2.510892553472881428e+00,1.136793615728250773e+00,1.710351016062063023e-01,0.000000000000000000e+00,3.064451094754669369e-01,1.900432162983019535e-01,2.022751506898861629e-01,2.216122018189730647e-01,1.564477123776956136e-01,1.855488100644122895e-01,2.908080528984023916e-01,2.465085391497511935e+00,2.491046676864358655e+00,2.476993751884529971e+00,1.962948463670485810e-01,4.210519038698413929e+00,3.572183932396958639e+00,3.330083225322514995e+00,3.324184214120303960e+00,1.724775734928454707e+00,2.646793876250195798e-01,3.957261967813230363e+00,4.194115375501383802e+00,4.583336556833958575e+00,4.062566355627954984e+00,4.056042938243045626e+00,4.055868270705481393e+00,4.552046513894353552e+00,4.687959891874466933e+00,3.478601345039171733e+00,3.756993599468161360e-01,2.588461478200080101e+00,3.873269252742580715e+00,1.655709753498532555e+00,5.677164904940396717e+00,5.709717223140666320e+00,5.608175120790529711e+00,2.434581905572960281e+00,4.971929026168559140e+00,5.069978011474049140e+00,5.000968911887344603e+00,1.806219937748007265e+00,1.958025567047071869e+00,1.808191047647509153e+00,4.461164715410601112e+00
2.565627826427812064e+00,3.462869091406001854e+00,2.287136240139734100e-01,2.684616125745054593e-01,2.285265673453940327e-01,2.861398354742098471e-01,2.466303923653582419e+00,1.082521560640495650e+00,3.983572372390420391e-01,3.064451094754669369e-01,0.000000000000000000e+00,4.004988290429339348e-01,4.199159133842804148e-01,1.918885038134819088e-01,3.204079551110152746e-01,3.838937390855076126e-01,5.183383290849267189e-01,2.425270337414452193e+00,2.450200826497548778e+00,2.441871607434729530e+00,4.133540533808330864e-01,4.186495206941665437e+00,3.491833976260059647e+00,3.275054050389185623e+00,3.270431739189137321e+00,1.761799690128032392e+00,2.607602677353766940e-01,3.841256366952810808e+00,4.065271526271064140e+00,4.452359674731712680e+00,3.933150307351064523e+00,3.924404613078307236e+00,3.935567437800765234e+00,4.429960112233759517e+00,4.559019071005072199e+00,3.360794338695402672e+00,3.415078364403138500e-01,2.532021487369330970e+00,3.829047356084007703e+00,1.686877369599786514e+00,5.525370948732198251e+00,5.565651904295818575e+00,5.460776234079092184e+00,2.439033892011576388e+00,4.866782317557268200e+00,4.958129243592602542e+00,4.871758022282979717e+00,1.815549993392174377e+00,1.955099634250287988e+00,1.821346448512658034e+00,4.340331857301976015e+00
2.510838438314670462e+00,3.489641079834920223e+00,3.716301504651381427e-01,4.016705302482470041e-01,3.693186589408483100e-01,4.646175547053271182e-01,2.542611273425632312e+00,1.170036574130907336e+00,1.616223318343143200e-01,1.900432162983019535e-01,4.004988290429339348e-01,0.000000000000000000e+00,1.605147139382245292e-01,3.015940388287096652e-01,2.270874681342153756e-01,1.593586625702133330e-01,2.522165717242951799e-01,2.496719678720633606e+00,2.523141620065178614e+00,2.505814393931086403e+00,2.137565948947669492e-01,4.202773879220116804e+00,3.627413342543649222e+00,3.381517256912695668e+00,3.374696209941511427e+00,1.715698916116571660e+00,2.899894531255136632e-01,3.988045403251178733e+00,4.231474863734208114e+00,4.620228155380997848e+00,4.104651083423298985e+00,4.098764458017838841e+00,4.089775793796865955e+00,4.592656417197442664e+00,4.725104618235855369e+00,3.528010384159934176e+00,4.150099287306251994e-01,2.635638970925882063e+00,3.872979406403018299e+00,1.620114874963367146e+00,5.748310480627888630e+00,5.778151820258906390e+00,5.678184365844624715e+00,2.449403345767243501e+00,5.017220334382630931e+00,5.119874169756216453e+00,5.049805708209198052e+00,1.807585167744143462e+00,1.955983306566869917e+00,1.809542543510271662e+00,4.509573788590591548e+00
2.523162066412610649e+00,3.476097961707641737e+00,4.080007646448430281e-01,4.626688978984999090e-01,4.378338013965136777e-01,5.056713980263509711e-01,2.587537915373447017e+00,1.164619895100517999e+00,1.771143504101024835e-01,2.022751506898861629e-01,4.199159133842804148e-01,1.605147139382245292e-01,0.000000000000000000e+00,3.472416070038056857e-01,1.963903856523396274e-01,1.600944585924105878e-01,1.535345726102148312e-01,2.540390992882176402e+00,2.566065913416081035e+00,2.549820672291385648e+00,1.412003217755871953e-01,4.187196505026673954e+00,3.615864082505181987e+00,3.371711864992341656e+00,3.363203366064920985e+00,1.724675731311201554e+00,3.539331505130822175e-01,3.977144977921879487e+00,4.222487011910777355e+00,4.619035131843029163e+00,4.104506277778022572e+00,4.099176247459737077e+00,4.080571463035141733e+00,4.582008652590118913e+00,4.716436140604108651e+00,3.515137615025472062e+00,4.756776693809633416e-01,2.679557749487851748e+00,3.870937861001532365e+00,1.642577516756441369e+00,5.773139973969120931e+00,5.793216781468076171e+00,5.703659822851814276e+00,2.455482782229271521e+00,5.001687773177883933e+00,5.107457352290741603e+00,5.044974210830658556e+00,1.815264217917070599e+00,1.963286716358950468e+00,1.809889443344749216e+00,4.540469697246594549e+00
2.551039317781079507e+00,3.497562935345145174e+00,2.558378198738230913e-01,2.260444242482074761e-01,2.358978931165432724e-01,2.708054692393510599e-01,2.504356729729872999e+00,1.106328063788538874e+00,2.981451584226271767e-01,2.216122018189730647e-01,1.918885038134819088e-01,3.015940388287096652e-01,3.472416070038056857e-01,0.000000000000000000e+00,2.827985808799307610e-01,3.074760776537769913e-01,4.462396821549963200e-01,2.462838294766646730e+00,2.487960599714357901e+00,2.475518089920383691e+00,3.518262247389422614e-01,4.219923778509342860e+00,3.576076861376301874e+00,3.346892906420241509e+00,3.341785106546379058e+00,1.775487772124058727e+00,2.078621053579269573e-01,3.931560116042554842e+00,4.160771441071959842e+00,4.543212734128200481e+00,4.027168469206531931e+00,4.020489305018371873e+00,4.026203611678556449e+00,4.518097991525914736e+00,4.650903926248552089e+00,3.456605288022845723e+00,3.648627683004785904e-01,2.578914161551459916e+00,3.871357367381423220e+00,1.683318917636753786e+00,5.623956944876084663e+00,5.662901923380308844e+00,5.560459242252120404e+00,2.471387634862320049e+00,4.955075687121657246e+00,5.050582646377974605e+00,4.969564758933036508e+00,1.843597676756157044e+00,1.969743934754853987e+00,1.854761182443391831e+00,4.422691438015609044e+00
2.556873200353512399e+00,3.485295970869230153e+00,3.322531420841278171e-01,4.244383185767339750e-01,3.736745479879279852e-01,4.553331463187123007e-01,2.506396874360917071e+00,1.102228799920932811e+00,2.272857996661380442e-01,1.564477123776956136e-01,3.204079551110152746e-01,2.270874681342153756e-01,1.963903856523396274e-01,2.827985808799307610e-01,0.000000000000000000e+00,1.721129978350188494e-01,2.605644969056056248e-01,2.461617382936259091e+00,2.486484286806966093e+00,2.476602401285894484e+00,1.424315035232558424e-01,4.197082530414799173e+00,3.522127130359498537e+00,3.284338337220611859e+00,3.280771205855588235e+00,1.709641136558587071e+00,2.900485841020916111e-01,3.912296845062711803e+00,4.148603015765894853e+00,4.541488650638299873e+00,4.027788548280276437e+00,4.020758578501820502e+00,4.012746030867182512e+00,4.505289833765982799e+00,4.639483892742340743e+00,3.445082508216712913e+00,4.066887048278313155e-01,2.582008455702281324e+00,3.842343500229218112e+00,1.652586635992225439e+00,5.643588560780983698e+00,5.668840862088127430e+00,5.578501960968932138e+00,2.425091320297826147e+00,4.929799813357210070e+00,5.030449276344509890e+00,4.960298280902900814e+00,1.791934951178999258e+00,1.956810882172835164e+00,1.786876641673043276e+00,4.436391322246009850e+00
2.589190662061256365e+00,3.528812896897414841e+00,3.630731458293385283e-01,4.301741581294374339e-01,3.891555905295068785e-01,4.724141851815858995e-01,2.569917123619928301e+00,1.193781784726283490e+00,1.681133505414408313e-01,1.855488100644122895e-01,3.838937390855076126e-01,1.593586625702133330e-01,1.600944585924105878e-01,3.074760776537769913e-01,1.721129978350188494e-01,0.000000000000000000e+00,2.156396367256740998e-01,2.525152632197649627e+00,2.551260904822081343e+00,2.538145581920820515e+00,1.461745749391672178e-01,4.254393457139459933e+00,3.613686532129282369e+00,3.376830020314260494e+00,3.372743420679022108e+00,1.743010022726559693e+00,2.959365736219441434e-01,3.995557588810166649e+00,4.234743918979965827e+00,4.627202868097905153e+00,4.116125295006995977e+00,4.105482643349017025e+00,4.096722448952786699e+00,4.590125608746852492e+00,4.726298540199299403e+00,3.531164400563859829e+00,4.090088588391647129e-01,2.652486200063472133e+00,3.888540585375776182e+00,1.667355059192605848e+00,5.708642043648811892e+00,5.725551653052379564e+00,5.642454679092917758e+00,2.502132704990223999e+00,5.016294540220751053e+00,5.119686265143307047e+00,5.043506369230217778e+00,1.846919134023173203e+00,2.010199470373782216e+00,1.843399519471621950e+00,4.491460053677810649e+00
2.538926135303351650e+00,3.481546450112549707e+00,5.005622155211993940e-01,5.643364129908804427e-01,5.460195065109124668e-01,6.091462242677877503e-01,2.624863532361838114e+00,1.179476716438200068e+00,2.545167730212573587e-01,2.908080528984023916e-01,5.183383290849267189e-01,2.522165717242951799e-01,1.535345726102148312e-01,4.462396821549963200e-01,2.605644969056056248e-01,2.156396367256740998e-01,0.000000000000000000e+00,2.576795517597181728e+00,2.601979596864306910e+00,2.585666616512753535e+00,1.697972701560876985e-01,4.188652698712504119e+00,3.640890236927627033e+00,3.392124228801423502e+00,3.383479907596577796e+00,1.744189314446638939e+00,4.579102103001610469e-01,3.997697985226321471e+00,4.247486899497458168e+00,4.650714728317464797e+00,4.136749751867958125e+00,4.132370654153290523e+00,4.103459205722898240e+00,4.603039778482036049e+00,4.742725433079080233e+00,3.539609611933512756e+00,5.796420152338696008e-01,2.721058667597492597e+00,3.882526734777387301e+00,1.671497120614054532e+00,5.827333522952261369e+00,5.838210785089122723e+00,5.759352381796142062e+00,2.486518476714911330e+00,5.019723989374464068e+00,5.130342222388717843e+00,5.073838048537097301e+00,1.843708521243223375e+00,1.989098218933110340e+00,1.831323653360717341e+00,4.595591243762145339e+00
2.958698621132602735e+00,3.191490489285729648e+00,2.365737866849505266e+00,2.426337125271467610e+00,2.405993691537334112e+00,2.529913691393502528e+00,1.261530667975704900e-01,2.411311161486291876e+00,2.490914830293937232e+00,2.465085391497511935e+00,2.425270337414452193e+00,2.496719678720633606e+00,2.540390992882176402e+00,2.462838294766646730e+00,2.461617382936259091e+00,2.525152632197649627e+00,2.576795517597181728e+00,0.000000000000000000e+00,1.118916626943118886e-01,1.440088805965306917e-01,2.523932427415298552e+00,3.760524742667673781e+00,3.084784952794136004e+00,2.791821614447692834e+00,2.811859865354291443e+00,2.294435699198743350e+00,2.465533459932756966e+00,2.983420684258200950e+00,3.107784027609943767e+00,3.450275990863982845e+00,2.958455851401720516e+00,2.949158264714035749e+00,3.030237432323061419e+00,3.424364339521980050e+00,3.507034187901208355e+00,2.761162236816042892e+00,2.360852085013599222e+00,4.850179035775601943e-01,3.189169338855119662e+00,2.335291345872691604e+00,4.635895883802969131e+00,4.642403358948102188e+00,4.555916990798463573e+00,2.295627543165710271e+00,4.037819051080312249e+00,4.037848742862725437e+00,3.921364545667566759e+00,2.213075028501176433e+00,2.610366689406337315e+00,2.272959635692493041e+00,3.217292162742539929e+00
2.967009666702265402e+00,3.175767178957581649e+00,2.392879635095793045e+00,2.450562295253586598e+00,2.431983452896004039e+00,2.552004419409795499e+00,1.363610915741985952e-01,2.422962475463782628e+00,2.517470433492724258e+00,2.491046676864358655e+00,2.450200826497548778e+00,2.523141620065178614e+00,2.566065913416081035e+00,2.487960599714357901e+00,2.486484286806966093e+00,2.551260904822081343e+00,2.601979596864306910e+00,1.118916626943118886e-01,0.000000000000000000e+00,1.394735709298052240e-01,2.549823664419474500e+00,3.743762250680528592e+00,3.073298125032353667e+00,2.781768668823994428e+00,2.801516899220214185e+00,2.315298775273409770e+00,2.491128202391363899e+00,2.961882010077403926e+00,3.086253704037995149e+00,3.426541863049379355e+00,2.936454857567855292e+00,2.930455256543371689e+00,3.007542649846150162e+00,3.399514594810447488e+00,3.481559389671195159e+00,2.742628779063102318e+00,2.388891603814008668e+00,4.615817121064161865e-01,3.185311215088702408e+00,2.358500751456230837e+00,4.625360384024757465e+00,4.634071751790648008e+00,4.547325145703545068e+00,2.307734032371322908e+00,4.011361652830972346e+00,4.011805959112606956e+00,3.899888793701252077e+00,2.229383525138224798e+00,2.620377187420291687e+00,2.285676229250940494e+00,3.226892395290702709e+00
2.920145547303869549e+00,3.146977683546009263e+00,2.383617551601130202e+00,2.436901647884471611e+00,2.421260932856229342e+00,2.539664677905289381e+00,2.085059223089747171e-01,2.411077842680999339e+00,2.499787094496377371e+00,2.476993751884529971e+00,2.441871607434729530e+00,2.505814393931086403e+00,2.549820672291385648e+00,2.475518089920383691e+00,2.476602401285894484e+00,2.538145581920820515e+00,2.585666616512753535e+00,1.440088805965306917e-01,1.394735709298052240e-01,0.000000000000000000e+00,2.537124804347031137e+00,3.708940369552947480e+00,3.127204393634745117e+00,2.825495074424497766e+00,2.839558705072925626e+00,2.316029647224516097e+00,2.481594964849915375e+00,2.990154520031437446e+00,3.122567296229938449e+00,3.475659493480415030e+00,2.967616824381214879e+00,2.966475010411800728e+00,3.037800321658886471e+00,3.444258060285914969e+00,3.528242898932703486e+00,2.767080921843810604e+00,2.379099126446777568e+00,5.517001128701165547e-01,3.204730764934263121e+00,2.345705022289684916e+00,4.718973424573043474e+00,4.727479711035020848e+00,4.637844792336343502e+00,2.290682230301190003e+00,4.054453275932831779e+00,4.058171486380538262e+00,3.956306508426270963e+00,2.225079540220912921e+00,2.594612962886052365e+00,2.281404792326625408e+00,3.308873744266567218e+00
2.592166174135130063e+00,3.526368340093655185e+00,4.131808014737010648e-01,4.922961794813547343e-01,4.526315893473487617e-01,5.210856598485936741e-01,2.570588534759902455e+00,1.162478878143828442e+00,2.064336839537163071e-01,1.962948463670485810e-01,4.133540533808330864e-01,2.137565948947669492e-01,1.412003217755871953e-01,3.518262247389422614e-01,1.424315035232558424e-01,1.461745749391672178e-01,1.697972701560876985e-01,2.523932427415298552e+00,2.549823664419474500e+00,2.537124804347031137e+00,0.000000000000000000e+00,4.241047295905650216e+00,3.598936192195520523e+00,3.357347182652430373e+00,3.352436728653391818e+00,1.741676726521877105e+00,3.528704497808723417e-01,3.984714730789406190e+00,4.224815655704255768e+00,4.627739565022844559e+00,4.111472756653220983e+00,4.103825374923779634e+00,4.086771623124072939e+00,4.579942857842354442e+00,4.715799680310221120e+00,3.518821711318876666e+00,4.690557300271132601e-01,2.651185511361455305e+00,3.881047792902856397e+00,1.685736432672789720e+00,5.725797338522413682e+00,5.729373558899625074e+00,5.660491998590637230e+00,2.482318658931436772e+00,5.003821665417403253e+00,5.107942735123903510e+00,5.041857671140832942e+00,1.844693118950073041e+00,2.008614651812399288e+00,1.837614205546006074e+00,4.512658938190356572e+00
2.351965465518257137e+00,1.198939396654734368e+00,4.161972918933877885e+00,4.131898338505354040e+00,4.185988033276270670e+00,4.212285956679671095e+00,3.803413467999048336e+00,3.655158408224096434e+00,4.210656229562863118e+00,4.210519038698413929e+00,4.186495206941665437e+00,4.202773879220116804e+00,4.187196505026673954e+00,4.219923778509342860e+00,4.197082530414799173e+00,4.254393457139459933e+00,4.188652698712504119e+00,3.760524742667673781e+00,3.743762250680528592e+00,3.708940369552947480e+00,4.241047295905650216e+00,0.000000000000000000e+00,3.941613733536654340e+00,3.689128623842655941e+00,3.584361320720046873e+00,3.613302867535075791e+00,4.245356740068663370e+00,2.571208197621715819e+00,2.853963845385286024e+00,3.236928510574597961e+00,2.867929297571450764e+00,3.070235230723747932e+00,2.667886908953558844e+00,3.078733373489062508e+00,3.199917183667237985e+00,2.612435579233574501e+00,4.254018555980683125e+00,3.943315589636686269e+00,3.157206274019125569e+00,3.524028893985876820e+00,7.003346998909020016e+00,7.121635082227932401e+00,6.888523293290251814e+00,2.811148117762893861e+00,3.198623865413683376e+00,3.376049167971493237e+00,3.710944940468731357e+00,3.161680421295379961e+00,2.810456614473160197e+00,3.096055618028761280e+00,5.617145330244385448e+00
3.592567012202441568e+00,3.401336338917247737e+00,3.469345689681114564e+00,3.555579836323498721e+00,3.510327109347580077e+00,3.582240076253082606e+00,3.081018863049690193e+00,3.213887330248351493e+00,3.621498759744931739e+00,3.572183932396958639e+00,3.491833976260059647e+00,3.627413342543649222e+00,3.615864082505181987e+00,3.576076861376301874e+00,3.522127130359498537e+00,3.613686532129282369e+00,3.640890236927627033e+00,3.084784952794136004e+00,3.073298125032353667e+00,3.127204393634745117e+00,3.598936192195520523e+00,3.941613733536654340e+00,0.000000000000000000e+00,6.357955101051558922e-01,6.911515861690963325e-01,2.550382845764580075e+00,3.549478416068292397e+00,2.337734949453029731e+00,2.353481779851978928e+00,2.544857455249885270e+00,2.455820321657244953e+00,2.422133377754541961e+00,2.379617891079875314e+00,2.535491421869146222e+00,2.642196140574351038e+00,2.205315405099699699e+00,3.517863663890272719e+00,2.906134365299073430e+00,2.742587316955876098e+00,2.871880586423915194e+00,4.287424672651487967e+00,4.429203416114536829e+00,4.223255799002211042e+00,2.383621133404496550e+00,2.764330758419781375e+00,2.798285061636736959e+00,2.756250453430342695e+00,2.429865206643423647e+00,2.816112511306905652e+00,2.389920892920665896e+00,3.451114370840691059e+00
3.259306720610096075e+00,3.196604316672001289e+00,3.245569807760438685e+00,3.327275830285167491e+00,3.285116437460473104e+00,3.359277774928909555e+00,2.794206040457803741e+00,2.970496162730980494e+00,3.375726207935572543e+00,3.330083225322514995e+00,3.275054050389185623e+00,3.381517256912695668e+00,3.371711864992341656e+00,3.346892906420241509e+00,3.284338337220611859e+00,3.376830020314260494e+00,3.392124228801423502e+00,2.791821614447692834e+00,2.781768668823994428e+00,2.825495074424497766e+00,3.357347182652430373e+00,3.689128623842655941e+00,6.357955101051558922e-01,0.000000000000000000e+00,1.994174568240016931e-01,2.294729324812328830e+00,3.313408986531193534e+00,2.289342056282763771e+00,2.365945867204103603e+00,2.696880070597851287e+00,2.380320009086303923e+00,2.359532365750900862e+00,2.340479488968286059e+00,2.649743376693786345e+00,2.769999781964827879e+00,2.110350992241306844e+00,3.295332768091161491e+00,2.644877286435999952e+00,2.758599513149567972e+00,2.587865460625630387e+00,4.444729417414407635e+00,4.565244442741988706e+00,4.385040926404938588e+00,2.050402990909398593e+00,2.953207916841109615e+00,2.993261610954609520e+00,2.991079965672784891e+00,2.135971851373629882e+00,2.519737152439280425e+00,2.116811753497281234e+00,3.604108067064219156e+00
3.175768666143873098e+00,3.101629735312382508e+00,3.244728032355370217e+00,3.319662488895305241e+00,3.282245344889037852e+00,3.349824637545456341e+00,2.818888969326633021e+00,2.947098930691395502e+00,3.368926003559178373e+00,3.324184214120303960e+00,3.270431739189137321e+00,3.374696209941511427e+00,3.363203366064920985e+00,3.341785106546379058e+00,3.280771205855588235e+00,3.372743420679022108e+00,3.383479907596577796e+00,2.811859865354291443e+00,2.801516899220214185e+00,2.839558705072925626e+00,3.352436728653391818e+00,3.584361320720046873e+00,6.911515861690963325e-01,1.994174568240016931e-01,0.000000000000000000e+00,2.290786349494009055e+00,3.312107004603313865e+00,2.240477174679837535e+00,2.331294018453910155e+00,2.680116703011208745e+00,2.348761306086214251e+00,2.346657887314396174e+00,2.295145592882284369e+00,2.623229798795360335e+00,2.750261434703415553e+00,2.054124789979610899e+00,3.293356417473368491e+00,2.676863023203892133e+00,2.751720864351757001e+00,2.579589568675594524e+00,4.575298238260432804e+00,4.697052054501543950e+00,4.509463254888681050e+00,1.982018334704856555e+00,2.912174964978272662e+00,2.961301771355983714e+00,2.992992026888640744e+00,2.108236747839847158e+00,2.444816888506544661e+00,2.077338408884096932e+00,3.708442731277433957e+00
2.198872304448878268e+00,2.843477229076865065e+00,1.664022273347761205e+00,1.738358317830765776e+00,1.693281707348577303e+00,1.831876861546033464e+00,2.326306928841578969e+00,1.795690401125586089e+00,1.734470726457889800e+00,1.724775734928454707e+00,1.761799690128032392e+00,1.715698916116571660e+00,1.724675731311201554e+00,1.775487772124058727e+00,1.709641136558587071e+00,1.743010022726559693e+00,1.744189314446638939e+00,2.294435699198743350e+00,2.315298775273409770e+00,2.316029647224516097e+00,1.741676726521877105e+00,3.613302867535075791e+00,2.550382845764580075e+00,2.294729324812328830e+00,2.290786349494009055e+00,0.000000000000000000e+00,1.723313124293024190e+00,3.066538351150590369e+00,3.291685392890995931e+00,3.658348589773379622e+00,3.226631521839002037e+00,3.182004263773481778e+00,3.157189473533588142e+00,3.637899064733618015e+00,3.746892119571974433e+00,2.752814763858339120e+00,1.713175557964912388e+00,2.358565601591326999e+00,2.930711378625133090e+00,5.965381068145653165e-01,5.125123061276593894e+00,5.125821675747459949e+00,5.000093586363742126e+00,1.390447794082442901e+00,4.026532955975191896e+00,4.106835294150172011e+00,4.023578722093914983e+00,6.027601560241191425e-01,1.431339116930315347e+00,7.134971352830080660e-01,3.755316946203536066e+00
2.563956631989626089e+00,3.522947895848038247e+00,3.073750922234819716e-01,2.968578094629840125e-01,2.375661585737519343e-01,2.912135756976396150e-01,2.505638231447948172e+00,1.133053087264993319e+00,3.320136741452860418e-01,2.646793876250195798e-01,2.607602677353766940e-01,2.899894531255136632e-01,3.539331505130822175e-01,2.078621053579269573e-01,2.900485841020916111e-01,2.959365736219441434e-01,4.579102103001610469e-01,2.465533459932756966e+00,2.491128202391363899e+00,2.481594964849915375e+00,3.528704497808723417e-01,4.245356740068663370e+00,3.549478416068292397e+00,3.313408986531193534e+00,3.312107004603313865e+00,1.723313124293024190e+00,0.000000000000000000e+00,3.935277748574595780e+00,4.163327810310063271e+00,4.557176444121638248e+00,4.035015162995846616e+00,4.023106818646175142e+00,4.028945100583017691e+00,4.523639088720907253e+00,4.655276924978028141e+00,3.462263682949040966e+00,3.240741488254083036e-01,2.574157074600783357e+00,3.865285953247446837e+00,1.642737587632200569e+00,5.582420898147807620e+00,5.601269335491090295e+00,5.520797710183813045e+00,2.459438466584809468e+00,4.966077846345872793e+00,5.060235487521713260e+00,4.974941567148319699e+00,1.810900253100307333e+00,1.961068667354704642e+00,1.822626398552313454e+00,4.401631582047431657e+00
3.176159314424639835e+00,2.110534413921398400e+00,3.795800112401016779e+00,3.832050495831724746e+00,3.844578268653414010e+00,3.921798852953138681e+00,2.980072198897181224e+00,3.384321523301838663e+00,3.980319700378940784e+00,3.957261967813230363e+00,3.841256366952810808e+00,3.988045403251178733e+00,3.977144977921879487e+00,3.931560116042554842e+00,3.912296845062711803e+00,3.995557588810166649e+00,3.997697985226321471e+00,2.983420684258200950e+00,2.961882010077403926e+00,2.990154520031437446e+00,3.984714730789406190e+00,2.571208197621715819e+00,2.337734949453029731e+00,2.289342056282763771e+00,2.240477174679837535e+00,3.066538351150590369e+00,3.935277748574595780e+00,0.000000000000000000e+00,4.206439833708681131e-01,1.219117943971859575e+00,7.369463735335896049e-01,8.816816608095872088e-01,2.118873269596691644e-01,1.176104795130914038e+00,1.269011741232586310e+00,9.466416084048385748e-01,3.893888737627599905e+00,2.958867455306346983e+00,2.443092721082399610e+00,3.136111662364234665e+00,4.826215893601891516e+00,4.958152105187686232e+00,4.727806310172870674e+00,2.573440995485453797e+00,1.846816646104955773e+00,1.847603552429813112e+00,1.845092284833141250e+00,2.735385787878676034e+00,2.937822411186687077e+00,2.714313363529581302e+00,3.776898122289410242e+00
3.467049187037397839e+00,2.435846869710717399e+00,4.020536655085322764e+00,4.058350709844576798e+00,4.069566598893225695e+00,4.146045804427031634e+00,3.096409156241051619e+00,3.628156418412217921e+00,4.221176585249412305e+00,4.194115375501383802e+00,4.065271526271064140e+00,4.231474863734208114e+00,4.222487011910777355e+00,4.160771441071959842e+00,4.148603015765894853e+00,4.234743918979965827e+00,4.247486899497458168e+00,3.107784027609943767e+00,3.086253704037995149e+00,3.122567296229938449e+00,4.224815655704255768e+00,2.853963845385286024e+00,2.353481779851978928e+00,2.365945867204103603e+00,2.331294018453910155e+00,3.291685392890995931e+00,4.163327810310063271e+00,4.206439833708681131e-01,0.000000000000000000e+00,9.968681338629417077e-01,6.647796605091915723e-01,7.826570755225518150e-01,3.048449099205034485e-01,9.961499167171178337e-01,1.047515694775618345e+00,1.121440240847286551e+00,4.114443880906111239e+00,3.049302323150429928e+00,2.569531159510777485e+00,3.383910780005686014e+00,4.637426309118824364e+00,4.781643131548129588e+00,4.545819691445283972e+00,2.792099692048384263e+00,1.726469701974505444e+00,1.668457340861533522e+00,1.597329160744751286e+00,2.976756317118177453e+00,3.206282470334747892e+00,2.965644301857440990e+00,3.644990070420941919e+00
3.849713822429134069e+00,2.858453304765780967e+00,4.409059895647989613e+00,4.459795872808590467e+00,4.459976878003422129e+00,4.547989177073809230e+00,3.431471521507994282e+00,4.053129754272187135e+00,4.615909317429222725e+00,4.583336556833958575e+00,4.452359674731712680e+00,4.620228155380997848e+00,4.619035131843029163e+00,4.543212734128200481e+00,4.541488650638299873e+00,4.627202868097905153e+00,4.650714728317464797e+00,3.450275990863982845e+00,3.426541863049379355e+00,3.475659493480415030e+00,4.627739565022844559e+00,3.236928510574597961e+00,2.544857455249885270e+00,2.696880070597851287e+00,2.680116703011208745e+00,3.658348589773379622e+00,4.557176444121638248e+00,1.219117943971859575e+00,9.968681338629417077e-01,0.000000000000000000e+00,1.426068201819661985e+00,1.483352010332785076e+00,1.194258043425364235e+00,2.498051474390987070e-01,2.164358555867270939e-01,1.790249759575505806e+00,4.506946510446764975e+00,3.368114195138254718e+00,2.535160835805522872e+00,3.775987081399390544e+00,4.638499781425480251e+00,4.821027854131575197e+00,4.555875364531670080e+00,3.165990580423327927e+00,1.279689356710889347e+00,1.199194437937015190e+00,1.058103124284943464e+00,3.375744934219645721e+00,3.628327244257999684e+00,3.367301435758817352e+00,3.478021446817689100e+00
3.362911582333585336e+00,2.423697680829062229e+00,3.897775591830180186e+00,3.935919319675776240e+00,3.942364491183306008e+00,4.019739039269142111e+00,2.947588416253732024e+00,3.493860374193582086e+00,4.098188450646080838e+00,4.062566355627954984e+00,3.933150307351064523e+00,4.104651083423298985e+00,4.104506277778022572e+00,4.027168469206531931e+00,4.027788548280276437e+00,4.116125295006995977e+00,4.136749751867958125e+00,2.958455851401720516e+00,2.936454857567855292e+00,2.967616824381214879e+00,4.111472756653220983e+00,2.867929297571450764e+00,2.455820321657244953e+00,2.380320009086303923e+00,2.348761306086214251e+00,3.226631521839002037e+00,4.035015162995846616e+00,7.369463735335896049e-01,6.647796605091915723e-01,1.426068201819661985e+00,0.000000000000000000e+00,3.514012527037798095e-01,6.399942409733105908e-01,1.399355892006398872e+00,1.436279916400747592e+00,9.993531541956666153e-01,3.993221897954343014e+00,2.886761539972184210e+00,2.861379642850450988e+00,3.304201436694514271e+00,4.540239088910187348e+00,4.680782947745627531e+00,4.473010795757377700e+00,2.715399320080642998e+00,2.068602590148059583e+00,1.991071936871832149e+00,1.907308030259802223e+00,2.903641912900407185e+00,3.114036758757968482e+00,2.915660118756368213e+00,3.731531982769283662e+00
