0.000000000000000000e+00,2.095938260224416982e-01,2.268919627026869390e-01,6.519632352788251595e-01,1.305971651977889003e+00,1.266640777490629866e+00,8.902612579156643502e-01,7.373210442015009081e-01,9.174501076696593982e-01,1.022427047949984624e+00,1.003769762629266982e+00,1.080074593122615889e+00,1.238425839042198273e+00,1.230699693109225112e+00,8.821082442821480685e-01,9.315278460192922827e-01,8.697368277129490233e-01,9.009167946667877569e-01,8.903533342752995017e-01,9.718346246998523785e-01,8.312516119231463385e-01,9.278981489216019396e-01,8.950855031718951693e-01,8.702263269504056931e-01,9.097010793647569704e-01,9.785914794596676236e-01,8.440515426758735673e-01,7.355711103874216228e-01,8.360508161611804878e-01,8.842253056195702454e-01,9.105922107819456324e-01,9.594117744679137028e-01,1.031842225461352180e+00,8.536642194020460650e-01,9.746714274720249538e-01,9.935092882407891013e-01,9.965157207213010127e-01,9.598235830491937959e-01,1.082052623110774769e+00,1.130052347743026653e+00,8.835649012885368192e-01,8.849947803149419423e-01,7.686137298305311116e-01,1.168279123903388950e+00,1.177587733040889928e+00,1.094553007807679501e+00,1.371551489430557158e+00,1.353694579169125278e+00,1.373934182959529515e+00,1.373993244937466551e+00,1.704058805874784088e+00,1.699724859523886522e+00,1.516274453387441046e+00,1.513958458940870333e+00,7.891227774683173823e-01,8.990288156849505219e-01,7.354196463750570789e-01,8.389997159270091709e-01,1.895164567416117052e+00,1.887366142326442064e+00,7.669979941330683504e-01,8.795225794013468157e-01,7.027933256802508799e-01,1.835552029014896336e+00,1.839737313357931114e+00,1.884155975990835730e+00,6.892985313799449010e-01,7.820896976667913725e-01,1.329450835620739513e+00,1.019863069792662058e+00,1.482368371104346494e+00,6.171226306416753848e-01,1.586997043102885252e+00,1.228341372664268460e+00,7.194082590607037142e-01,9.408506351633664222e-01,8.370724397985008780e-01,2.062191410291255078e+00,1.432883714787118512e+00,8.999209775494383390e-01,6.598437169507315181e-01,8.021870500627461542e-01,1.014759536158277076e+00,1.260978174321713885e+00,2.059386861223824194e+00,2.142438950679650844e+00,2.024443348171152568e+00,9.802577791029364329e-01,2.083638995317865561e+00,1.030818001014542240e+00,1.994528916653061312e+00,2.072129552210528747e+00,1.275810729428080936e+00,9.151054149279750360e-01,8.463849966840727435e-01,8.524582377745306694e-01,8.906373586410673004e-01,2.425313629109495217e+00,2.593385111562370948e+00
2.095938260224416982e-01,0.000000000000000000e+00,5.139429612393586755e-01,8.517942154162979618e-01,1.552647648914488032e+00,1.505469121637646568e+00,1.181940980680305842e+00,1.116071179780478317e+00,1.146209618021071464e+00,1.076867768331087882e+00,1.065720468311061708e+00,1.202877663293970389e+00,1.323528350630191364e+00,1.548161505344600508e+00,1.417513485798944650e+00,1.438423589804496583e+00,1.426281750766081657e+00,1.388649807167600780e+00,1.447347332376409668e+00,1.222119438781706036e+00,1.362361786624471716e+00,1.455828944990986251e+00,1.449146756340134345e+00,1.439020077400741116e+00,1.481619392616343678e+00,1.534865241581309991e+00,1.392639803668573872e+00,1.296731203985235004e+00,1.361061050290246044e+00,1.446110905250641787e+00,1.468893706954566891e+00,1.511840373821908834e+00,1.583394233469348045e+00,1.441154500725916332e+00,1.198316919659155211e+00,1.211024704941311203e+00,1.223188823372621359e+00,1.525910786125303398e+00,1.160175539963089308e+00,1.412462991325297290e+00,1.090367024542486574e+00,1.090069549394855564e+00,9.541523050840471365e-01,1.786473873801150303e+00,1.700875853262927118e+00,1.557799063287221175e+00,1.708469687107156965e+00,1.698487446308920568e+00,1.712102159755739317e+00,1.710935084603983913e+00,2.202911228849462777e+00,2.200645995073287953e+00,1.916486427567589468e+00,1.915446957585250187e+00,1.306402861246252822e+00,1.471804296006159696e+00,1.101464723977721327e+00,1.225445994458868926e+00,1.898855272747885792e+00,1.904757957000274393e+00,1.197318408128225764e+00,1.336460277449912581e+00,1.152363777633164110e+00,1.816721942772272502e+00,1.797730491549663689e+00,1.887143429387238447e+00,1.161852540771588504e+00,1.336343054533308816e+00,1.930053116194313523e+00,1.204617031755991219e+00,1.661842051553982902e+00,8.939239972811106050e-01,2.163248964702590538e+00,1.260939568194203497e+00,8.761014817388060871e-01,9.664855524281262822e-01,1.497305087568717497e+00,2.396723927259060360e+00,2.036614747104005474e+00,1.628471071215315202e+00,1.179402311433706441e+00,1.263158081567761659e+00,1.437332187753573631e+00,1.818683048864359497e+00,3.277116071501549488e+00,3.330775029411245036e+00,3.216271611069543290e+00,1.203692836440716674e+00,2.270825680594425577e+00,1.150905956531689478e+00,2.248673563731285352e+00,2.360322700463968637e+00,1.556955249728842805e+00,1.434377358073815056e+00,1.170688418360801286e+00,1.381951026751733203e+00,1.380802050834538441e+00,2.834167926013745120e+00,3.095287950274931532e+00
2.268919627026869390e-01,5.139429612393586755e-01,0.000000000000000000e+00,1.540816427324407600e+00,1.743205914676150270e+00,1.737232265251002383e+00,1.248772263450509623e+00,1.651032984010071702e+00,1.461476552202519930e+00,1.625801643248392825e+00,1.635365636629329655e+00,1.830772039196591372e+00,2.025088916151834173e+00,2.419636647443188515e+00,1.546258184145013814e+00,1.583105878817212764e+00,1.570170989231683967e+00,1.591371615521409488e+00,1.670328277876335976e+00,1.543243769991689884e+00,1.362065651231817665e+00,1.667871711692999748e+00,1.642784306587916188e+00,1.621791732670831765e+00,1.641158617912448436e+00,1.689337804435341317e+00,1.604911635936924874e+00,1.572551115800673527e+00,1.606756908759461755e+00,1.597672110960825398e+00,1.671592291241573491e+00,1.719616480807407477e+00,1.731113976598763982e+00,1.684374382045217056e+00,1.540325971227782365e+00,1.569561245174654784e+00,1.578274343457334750e+00,1.736290618819969378e+00,2.096112185584460441e+00,2.561029204837409257e+00,2.205401480269319592e+00,2.118869690341630641e+00,9.502231636944730164e-01,1.437076008506033231e+00,9.462718036916201170e-01,1.566713881626607074e+00,8.835077389498874334e-01,8.556827952845428298e-01,8.966107447698352662e-01,8.969123965451787361e-01,1.124391131998926596e+00,1.122516575431077079e+00,1.024265426165759774e+00,1.017479714231232402e+00,1.231657876554171027e+00,1.683131866772941798e+00,1.268537879730976092e+00,1.395923153414581508e+00,2.097935119423645300e+00,2.093950339291756446e+00,1.129604182311173100e+00,1.257232830308229410e+00,1.302663049892077707e+00,2.052675305193663036e+00,2.017628093697359404e+00,2.078686368945074303e+00,1.234876534251277969e+00,1.651974653241558233e+00,2.188854934531075269e+00,1.673065780095649657e+00,2.105657751526396115e+00,1.412832108721743474e+00,2.904352898866690236e+00,1.323961837287706000e+00,1.390637572728159910e+00,9.524215019767097168e-01,6.295226872956091180e-01,2.959766442499745853e+00,9.946164959359593549e-01,1.088118774566533276e+00,1.540426179873268353e+00,1.611393650588677673e+00,2.084384558535858023e+00,1.224047316511959194e+00,4.027296931018560677e+00,4.005368308842649938e+00,3.872393597311976521e+00,1.222029747883378592e+00,2.702022816041640851e+00,9.108170377789228667e-01,2.707989323604842458e+00,2.769092126084170324e+00,1.536067491132844243e+00,1.138618570812656383e+00,1.005769875363331733e+00,1.239569662017962814e+00,1.201825234255878172e+00,2.808518367599289522e+00,3.131539439803382674e+00
6.519632352788251595e-01,8.517942154162979618e-01,1.540816427324407600e+00,0.000000000000000000e+00,2.293756709343291789e+00,2.261540441404543689e+00,2.022972057609925489e+00,2.925257066695164720e+00,1.627249087011791939e+00,1.108537630400246110e+00,1.060593762323514655e+00,1.284672188653964486e+00,2.729168219723635769e+00,3.085520240024314464e+00,3.303551994669149394e+00,3.296466586006897348e+00,3.331499558078621526e+00,3.360233789385291825e+00,3.393919538936442493e+00,2.754509733142665784e+00,2.886716736338623690e+00,3.413319967845453107e+00,3.405139080323005718e+00,3.343001413861276916e+00,3.402815901305156210e+00,3.400949442821843860e+00,3.039496643577666468e+00,3.358870999706766280e+00,3.094999632540071488e+00,3.398183594955425768e+00,3.392669336001786107e+00,3.453525617786602275e+00,3.421917680547589491e+00,3.419970183575818723e+00,2.718846211351819697e+00,2.709675595297753148e+00,2.677825513855297768e+00,3.450473838684917638e+00,1.363143532941147873e+00,3.257012037488024259e+00,3.019402506803850805e+00,2.933006180854200728e+00,8.214159129334320797e-01,2.772349247845142806e+00,2.174154729611379455e+00,3.857616245727533144e+00,1.698304749855577001e+00,1.683547969791910903e+00,1.704862309300281487e+00,1.706197597644494746e+00,2.130795333150410364e+00,2.128175942683681932e+00,1.856091247003706979e+00,1.857988027243197449e+00,2.456349506070510724e+00,3.420561622815205371e+00,1.838868805101487425e+00,2.126282889734181225e+00,2.473931850970415791e+00,2.593075899386224847e+00,2.122592449080160204e+00,2.278912665074145139e+00,1.943047476242198091e+00,2.519236497616783588e+00,2.485441122512199730e+00,2.611790922512111646e+00,1.797430321474569936e+00,3.388421821817470203e+00,2.900948575732410273e+00,2.911597422991617723e+00,2.338928261905763861e+00,1.576953472879545570e+00,4.772143179421835413e+00,1.353229466934151803e+00,1.420790426889276814e+00,8.245972481932239972e-01,1.390528888350770709e+00,2.655056657054052138e+00,1.870762132063889638e+00,2.680251848415674765e+00,1.780427645710154438e+00,1.852536255649811503e+00,2.777627724121705111e+00,2.681903948298657081e+00,5.962219210952985904e+00,6.064873344582382586e+00,5.834907495801540556e+00,2.117634636385135938e+00,2.925771688624786204e+00,9.363843098961820433e-01,3.024351079366428330e+00,3.171330891417806885e+00,3.100212682878863646e+00,2.336041390626510061e+00,2.235283086885333503e+00,2.301812058756425916e+00,2.351756305912771072e+00,4.486466821980951813e+00,4.970575272147712553e+00
1.305971651977889003e+00,1.552647648914488032e+00,1.743205914676150270e+00,2.293756709343291789e+00,0.000000000000000000e+00,1.504059160393825534e-01,1.609599880356672674e+00,3.132404847638757595e+00,2.292921691990958077e+00,2.166855912100710935e+00,2.092479371772566044e+00,2.361955427982903810e+00,2.684183670517729770e+00,2.783086783543744058e+00,2.728872546117511177e+00,2.699357649671979775e+00,2.741403726725351486e+00,2.814817735059131909e+00,2.759454633222724329e+00,3.077604571177213089e+00,2.418845311198905446e+00,2.665442639946201897e+00,2.689065099409731374e+00,2.759418163693305726e+00,2.649713075361732617e+00,2.627081566883445518e+00,2.275356785876114785e+00,2.900969114437516261e+00,2.302877205835633490e+00,2.745721568670736801e+00,2.678127230188477981e+00,2.706217023496916063e+00,2.614439744503852303e+00,2.723498777586994990e+00,3.022049902875015626e+00,3.015260062076733139e+00,2.973243803785752704e+00,2.686401548253689597e+00,2.474364589137518333e+00,3.329854003114723682e+00,2.991295432654619724e+00,2.897512808151207597e+00,1.869345382375880327e+00,2.270318942557346897e+00,2.875285747652532642e+00,4.630253159441510391e+00,2.272944970541813881e+00,2.269457597869990906e+00,2.163349130432728806e+00,2.164092466511835955e+00,2.677086298369348860e+00,2.676283934823771471e+00,2.289983744112423558e+00,2.290453248569515932e+00,1.674516791707972185e+00,2.746104069275469683e+00,3.223595304201173573e+00,3.557384058642080849e+00,3.790268892387412603e+00,3.959048129677000816e+00,3.534194920757657510e+00,3.640045163499720626e+00,3.360346771649429964e+00,3.871596850416378022e+00,3.826603765709653882e+00,3.983196203132922442e+00,3.019468804219380687e+00,2.791997807213922655e+00,1.686599141138255264e+00,3.194827081208393871e+00,3.291156345241089465e+00,2.562505954642471551e+00,4.993832713792067501e+00,1.355596922565256879e+00,2.932579028110984254e+00,1.574222923338485236e+00,2.632733533450413166e+00,3.108443983200966265e+00,2.553766447045907384e+00,2.402834060615965939e+00,2.609218361022444643e+00,2.802441763647314676e+00,2.110965835302054394e+00,2.167142599184671337e+00,6.650902629690238932e+00,6.690871919513986299e+00,6.546687875564785486e+00,1.959624880083602028e+00,4.140739062332818854e+00,1.759167396502538061e+00,4.324776665706603573e+00,4.510856168186998083e+00,2.244169724584946568e+00,1.968855459282168985e+00,1.700623628153103972e+00,1.881983368119778177e+00,1.443945797469411874e+00,5.246738796304975416e+00,5.680309723072959116e+00
1.266640777490629866e+00,1.505469121637646568e+00,1.737232265251002383e+00,2.261540441404543689e+00,1.504059160393825534e-01,0.000000000000000000e+00,1.617836838739881600e+00,3.088631612934826354e+00,2.258305956899635536e+00,2.132757905147885324e+00,2.057483997517806529e+00,2.329390223779419955e+00,2.621725310461724412e+00,2.724611741817115185e+00,2.700293959235798180e+00,2.672758546433879001e+00,2.715171459109415153e+00,2.787614670227070324e+00,2.733825279563360855e+00,3.028290822481314315e+00,2.382517988361683159e+00,2.642186927994080836e+00,2.665775331759907107e+00,2.732246195135667577e+00,2.628898511008916028e+00,2.605388292334147593e+00,2.251470252742043154e+00,2.868925323020464990e+00,2.280375180821109016e+00,2.721284700568736614e+00,2.652745466939825381e+00,2.682179063892820903e+00,2.591092646468969196e+00,2.699166660780214055e+00,2.973013342077488463e+00,2.965719641111805860e+00,2.924821728190381442e+00,2.661804580525586328e+00,2.466757367404568413e+00,3.278382835342291468e+00,2.944932310547914156e+00,2.852738209598581598e+00,1.810496659115744089e+00,2.240748848855184328e+00,2.829142554657217534e+00,4.566598911591230880e+00,2.220980062012623879e+00,2.216620484447058725e+00,2.113976928753462214e+00,2.114988040875230624e+00,2.632345910992168303e+00,2.630961333082872056e+00,2.249218063115885791e+00,2.249526857148929970e+00,1.653466036461970656e+00,2.721891679087544258e+00,3.169734797433124029e+00,3.502292634733962018e+00,3.737521867221824223e+00,3.906024361042667703e+00,3.480233878559006566e+00,3.583843342763289641e+00,3.306464689095344855e+00,3.820699149352425827e+00,3.776366724514561124e+00,3.934646045024631889e+00,2.965134762248780476e+00,2.766244576188453763e+00,1.672259311619766153e+00,3.145587412287373485e+00,3.233265365463002361e+00,2.519839808994399188e+00,4.948462877608987398e+00,1.344908974607584629e+00,2.885427459613499224e+00,1.549637678998155188e+00,2.591368851074935087e+00,3.069374132436717417e+00,2.523908352694830715e+00,2.375119237368477965e+00,2.562436766514380349e+00,2.752240873937363830e+00,2.083761087736206719e+00,2.143147488254777411e+00,6.593566189465763117e+00,6.638255660999817565e+00,6.491613770061936073e+00,1.938710105822609275e+00,4.092479490630514860e+00,1.693791672483333510e+00,4.275701008884217558e+00,4.457353946964425440e+00,2.226101175318596415e+00,1.940788420003643377e+00,1.682988239258139673e+00,1.851001436052047255e+00,1.429377764250540084e+00,5.190313227517158623e+00,5.625287794390368745e+00
8.902612579156643502e-01,1.181940980680305842e+00,1.248772263450509623e+00,2.022972057609925489e+00,1.609599880356672674e+00,1.617836838739881600e+00,0.000000000000000000e+00,3.012040815649666747e+00,2.359794413407470426e+00,1.992742084776352174e+00,1.955590426834558748e+00,2.272246727940999467e+00,2.974667235986749869e+00,3.199413045912586462e+00,2.533305773668793837e+00,2.455333711586656253e+00,2.525681602498355272e+00,2.570341475855272506e+00,2.517534652098431192e+00,3.014528727996454549e+00,2.260920267801757255e+00,2.530848808272963879e+00,2.547445096917673624e+00,2.565627826427812064e+00,2.510838438314670462e+00,2.523162066412610649e+00,2.097608297103318975e+00,2.629842776120130399e+00,2.110388091014069989e+00,2.551039317781079507e+00,2.556873200353512399e+00,2.589190662061256365e+00,2.538926135303351650e+00,2.574983007169500127e+00,2.958698621132602735e+00,2.967009666702265402e+00,2.920145547303869549e+00,2.592166174135130063e+00,2.351965465518257137e+00,3.592567012202441568e+00,3.259306720610096075e+00,3.175768666143873098e+00,1.852909190359631086e+00,2.198872304448878268e+00,2.735653484010830194e+00,4.409815981028428311e+00,1.933752199516832082e+00,1.919896586985500253e+00,1.900279884470420955e+00,1.902462725146780942e+00,2.350187507394462472e+00,2.348880437681892808e+00,2.041276414384560756e+00,2.043090349885538171e+00,1.410819695267073515e+00,2.563956631989626089e+00,3.176159314424639835e+00,3.467049187037397839e+00,3.716025256035946800e+00,3.849713822429134069e+00,3.362911582333585336e+00,3.480366139226825251e+00,3.287448970102317070e+00,3.770389794747232237e+00,3.724002689754148498e+00,3.860299300706387715e+00,2.926299131839220635e+00,2.600882182828117450e+00,2.382546655862075813e+00,3.185737870768717173e+00,3.471508394041618040e+00,2.708355019730597668e+00,4.947442737033998839e+00,1.474076784747580637e+00,2.883299556140137110e+00,8.388161219965928339e-01,2.128487618059096587e+00,3.355187771476261016e+00,2.154515676623432796e+00,2.286942935149459011e+00,2.769150279811826820e+00,2.861817396054687990e+00,2.661617175843646432e+00,1.939706041615206766e+00,6.607372540147906648e+00,6.650638240202674467e+00,6.501836161070331244e+00,1.650951537184533802e+00,4.116698616158312340e+00,1.106136799325184716e+00,4.259967133130656336e+00,4.398584192555092365e+00,2.286745066052798148e+00,1.760189881258555467e+00,1.191465444531130791e+00,1.766100254068798669e+00,1.221976976711871554e+00,5.111398261028942791e+00,5.563585137768042976e+00
7.373210442015009081e-01,1.116071179780478317e+00,1.651032984010071702e+00,2.925257066695164720e+00,3.132404847638757595e+00,3.088631612934826354e+00,3.012040815649666747e+00,0.000000000000000000e+00,3.527395968902353296e+00,3.371814765393848834e+00,3.314969221269637778e+00,3.436573514722028211e+00,2.923351904439381865e+00,2.959852272579314381e+00,1.936729735101099914e+00,1.979777413499645977e+00,1.982652177348060762e+00,1.911757886595380374e+00,2.088806867551261881e+00,1.202906280245719994e+00,2.181929823536107538e+00,2.062043110497639553e+00,2.041167232421789102e+00,1.977855337822053805e+00,2.081499669698147592e+00,2.123142402883795299e+00,1.754744329827065741e+00,1.910045362384183765e+00,1.669152123192187531e+00,2.014445227504094937e+00,2.057041624393973756e+00,2.090874731785651086e+00,2.151101821309877149e+00,2.071712906588895287e+00,1.192546932716989971e+00,1.201207186497031065e+00,1.191523988193412986e+00,2.114360428009200543e+00,3.943499296034381540e+00,3.590289523432918628e+00,3.320872458034707986e+00,3.340994867416225755e+00,2.457144929526614341e+00,2.411120560469676377e+00,2.074119726579957135e+00,2.419414686359780742e+00,1.474283269367285598e+00,1.461691862374026929e+00,1.498226760083984921e+00,1.498757218403702574e+00,1.920239843357901099e+00,1.917839194239196354e+00,1.650915130997061775e+00,1.654094709213328462e+00,2.574329959571210136e+00,2.047231107273790762e+00,3.396926833096674425e+00,3.561003431998954749e+00,3.851003857813001918e+00,3.935887935896551060e+00,3.391842537905294108e+00,3.365232512721273661e+00,3.456144479520272039e+00,3.946425467721926594e+00,3.920683156977966544e+00,4.021819051508026099e+00,3.091470161845208953e+00,1.956699110739880343e+00,3.078551405117795348e+00,1.374211138718634873e+00,3.532681219720711141e+00,3.353765626731504135e+00,3.541246265068737298e+00,1.268872616519182817e+00,3.577797070053864825e+00,9.144448026973392984e-01,1.057794940172456233e+00,3.540724103720090277e+00,1.645961754165013335e+00,2.142845553412205284e+00,3.242681850579452352e+00,3.091798608212145361e+00,2.913940068681119655e+00,2.336015573926197852e+00,4.909781622234536513e+00,4.931853576407732476e+00,4.846483903485960809e+00,2.745411136413398623e+00,4.517769742149367218e+00,7.732360150584512981e-01,4.544864060661453209e+00,4.380536330154852998e+00,2.767852305043295047e+00,2.378836303608489189e+00,2.685240817246245193e+00,2.434213138592615788e+00,2.812841388630874295e+00,3.609775990403401469e+00,4.036340304053934069e+00
9.174501076696593982e-01,1.146209618021071464e+00,1.461476552202519930e+00,1.627249087011791939e+00,2.292921691990958077e+00,2.258305956899635536e+00,2.359794413407470426e+00,3.527395968902353296e+00,0.000000000000000000e+00,1.130195689596272590e+00,1.160468615569010709e+00,1.212225734757830020e+00,2.573053300832105261e+00,2.869083611594789307e+00,3.576142083509950886e+00,3.561758118698173270e+00,3.610666384111274940e+00,3.623405920350999398e+00,3.648580292211823561e+00,3.359777172597472994e+00,3.116714858733339533e+00,3.673428266645441642e+00,3.672180521737212988e+00,3.611867785795146446e+00,3.680047855737356155e+00,3.667571843700084600e+00,3.019769147663596165e+00,3.645222698118759652e+00,3.085541218182595191e+00,3.658732892838501893e+00,3.650896449777474295e+00,3.705132913288527341e+00,3.677343437806647408e+00,3.683222792416835034e+00,3.336743962335481761e+00,3.319080763302959092e+00,3.310055827511176663e+00,3.704289157351558615e+00,1.769185061531875158e+00,2.984221244052498445e+00,2.792883807607760005e+00,2.702606563061023870e+00,1.003883714501305979e+00,2.928515142416053596e+00,2.679681206356733902e+00,4.287967179609554869e+00,1.807947929958304556e+00,1.792243289434424680e+00,1.796325865054655191e+00,1.799186303633928619e+00,2.228672557293105871e+00,2.226945304513185508e+00,1.975117473086360098e+00,1.976313679630487208e+00,2.581993540805972653e+00,3.673858459352058237e+00,1.747148331262732723e+00,2.068700939480844436e+00,2.426394472611316910e+00,2.539380703504078518e+00,1.992045159334854931e+00,2.126724184804185569e+00,1.846025665081174605e+00,2.490331938156514546e+00,2.435311514563962110e+00,2.559547202847224590e+00,1.833790973831255666e+00,3.683885775142448082e+00,2.444927743031078293e+00,3.395244934119983515e+00,2.106568228115821562e+00,1.151230687848795231e+00,4.730140207160304477e+00,1.525625227492383162e+00,1.155990202409793000e+00,7.530119076311218018e-01,1.668046180558895974e+00,2.525526389900618174e+00,2.072395925661431715e+00,3.014252247384597183e+00,1.271899762308126292e+00,1.538199828667873970e+00,2.397335186744877333e+00,2.855316323043910476e+00,5.922910490256900751e+00,6.052271983602889982e+00,5.834596914856600591e+00,2.405813995096858449e+00,2.695635979553506534e+00,8.849024227217835437e-01,2.839271200348030266e+00,2.987267252293598130e+00,3.539009529326067494e+00,2.521483042226511539e+00,2.408318116232214923e+00,2.474202633222953196e+00,2.360248155085685084e+00,4.795756526043315482e+00,5.238232076599742548e+00
1.022427047949984624e+00,1.076867768331087882e+00,1.625801643248392825e+00,1.108537630400246110e+00,2.166855912100710935e+00,2.132757905147885324e+00,1.992742084776352174e+00,3.371814765393848834e+00,1.130195689596272590e+00,0.000000000000000000e+00,1.953419399780171040e-01,9.524968122217505329e-01,2.826188425768909607e+00,3.139437908647734865e+00,3.486031822017450210e+00,3.458197778703179459e+00,3.517066296818488702e+00,3.544497634861384139e+00,3.554690566128975604e+00,3.267953101483144440e+00,3.051530802568654721e+00,3.552291022372250140e+00,3.564562054964704352e+00,3.524567619481413061e+00,3.554886588485496102e+00,3.541704279168274905e+00,2.985181786141276383e+00,3.565485749192832454e+00,3.058950430192519665e+00,3.560570419764184535e+00,3.548343944034130448e+00,3.592363337224282471e+00,3.546456243635445649e+00,3.586378997811193514e+00,3.233180753827933351e+00,3.217550857666493513e+00,3.193125998325627712e+00,3.590295190116870927e+00,1.220532130880852995e+00,3.383555069954061079e+00,3.189874642496163926e+00,3.097450293024060386e+00,8.797756538617069744e-01,2.870333657890174361e+00,2.639011399703146132e+00,4.416745843969986929e+00,1.873577618780347676e+00,1.860669296827230257e+00,1.853974178766752301e+00,1.856499936181301935e+00,2.282061022941537676e+00,2.280456557002620066e+00,1.995668887356580878e+00,1.997716474265535114e+00,2.441042532430721224e+00,3.586061303172031423e+00,2.078772531730329831e+00,2.396456442731714542e+00,2.642844103139082801e+00,2.780941443474667985e+00,2.385526042611303854e+00,2.533484744564166391e+00,2.189602584861393364e+00,2.724439725527774137e+00,2.680487421605035614e+00,2.805497752374588760e+00,2.095027227648584400e+00,3.584737340011817430e+00,2.649542641051891412e+00,3.386382967920528397e+00,2.504994226802006896e+00,1.639497856773715290e+00,5.126058627325798867e+00,1.611349646894837617e+00,1.486576111608814532e+00,8.439462378595720127e-01,1.721681467959029987e+00,2.588589198447380557e+00,2.119872759679068963e+00,2.919150196893577132e+00,1.775113171373055243e+00,1.993579094237414084e+00,2.564224424994663298e+00,2.772747860266883801e+00,6.320355266498432378e+00,6.444687469694031279e+00,6.216506936865248356e+00,2.315553041645100230e+00,2.870917855804119956e+00,9.596178298526222283e-01,3.042349881097527131e+00,3.234715779220800336e+00,3.245838113465652430e+00,2.456628659457094077e+00,2.254427313242918451e+00,2.389475294584773479e+00,2.232039118218084983e+00,4.913204227039591032e+00,5.385174521934867009e+00
1.003769762629266982e+00,1.065720468311061708e+00,1.635365636629329655e+00,1.060593762323514655e+00,2.092479371772566044e+00,2.057483997517806529e+00,1.955590426834558748e+00,3.314969221269637778e+00,1.160468615569010709e+00,1.953419399780171040e-01,0.000000000000000000e+00,9.689033726756333120e-01,2.832348735282950614e+00,3.125745470049678509e+00,3.427384140676174251e+00,3.396097113360587727e+00,3.455645971945959793e+00,3.485081752707700264e+00,3.489145275565243232e+00,3.228678648559221820e+00,2.983427868943850925e+00,3.487846604960163965e+00,3.500878256292724089e+00,3.462869091406001854e+00,3.489641079834920223e+00,3.476097961707641737e+00,2.956106076589704479e+00,3.506819536453753550e+00,3.029294426421927255e+00,3.497562935345145174e+00,3.485295970869230153e+00,3.528812896897414841e+00,3.481546450112549707e+00,3.521235189670622212e+00,3.191490489285729648e+00,3.175767178957581649e+00,3.146977683546009263e+00,3.526368340093655185e+00,1.198939396654734368e+00,3.401336338917247737e+00,3.196604316672001289e+00,3.101629735312382508e+00,8.600865356515797755e-01,2.843477229076865065e+00,2.621549934809762394e+00,4.413426210252406889e+00,1.884615201692829478e+00,1.871065207245761641e+00,1.857792284882002098e+00,1.860512180019560979e+00,2.295485529789197177e+00,2.293772227756238458e+00,2.013283170028834945e+00,2.014324863057263659e+00,2.379718729764906282e+00,3.522947895848038247e+00,2.110534413921398400e+00,2.435846869710717399e+00,2.712592072187229419e+00,2.858453304765780967e+00,2.423697680829062229e+00,2.571292268077256971e+00,2.221959168138643470e+00,2.794985665566413147e+00,2.751184778010502097e+00,2.877934508215075571e+00,2.094813051914236723e+00,3.522703274518740990e+00,2.610559304061549568e+00,3.350936548343323107e+00,2.517072241567737123e+00,1.655627905862926852e+00,5.134957516502844932e+00,1.575209815291758186e+00,1.529652024975388658e+00,8.288549568939884704e-01,1.764039611860999113e+00,2.627280008483688700e+00,2.136880377860449265e+00,2.882588924176489265e+00,1.777274045271028946e+00,1.999736859404053879e+00,2.525931015924587797e+00,2.742574732486235956e+00,6.335733594643296662e+00,6.449883615338627862e+00,6.230946589845394179e+00,2.297060846212719998e+00,2.958589825426182429e+00,9.577309917359626557e-01,3.128507146571001929e+00,3.322212450977351850e+00,3.152064835052867497e+00,2.431460321234144573e+00,2.208604382986010251e+00,2.359316870563675561e+00,2.175786593243845157e+00,4.938263413895099596e+00,5.411344379701011675e+00
1.080074593122615889e+00,1.202877663293970389e+00,1.830772039196591372e+00,1.284672188653964486e+00,2.361955427982903810e+00,2.329390223779419955e+00,2.272246727940999467e+00,3.436573514722028211e+00,1.212225734757830020e+00,9.524968122217505329e-01,9.689033726756333120e-01,0.000000000000000000e+00,2.850150880827238442e+00,3.290422403304611887e+00,3.795356173107837350e+00,3.771025506481719969e+00,3.824825853027766787e+00,3.827586856307525487e+00,3.860904776520572845e+00,3.250333887632452345e+00,3.360523427212732450e+00,3.875668797591872661e+00,3.877857566814534529e+00,3.829996239995764995e+00,3.881444304190482253e+00,3.876100351703620994e+00,3.318021050437935493e+00,3.846711061238324181e+00,3.379452378392271417e+00,3.873131930190438776e+00,3.867560821025841200e+00,3.920786382836997763e+00,3.889654292690812643e+00,3.898220169412101033e+00,3.218971784466407637e+00,3.200556779288822096e+00,3.176186881053461697e+00,3.918995204672814037e+00,1.223532064275120623e+00,3.459120047595014569e+00,3.218364972962334480e+00,3.135983766296898345e+00,1.221615457680174543e+00,3.188115193244758672e+00,2.775833784564043061e+00,4.415994461056096831e+00,1.828769099091296813e+00,1.812501913326772351e+00,1.819411943192294601e+00,1.823985660100639894e+00,2.238633082325374168e+00,2.237304551871697189e+00,2.010659580346394026e+00,2.009672775076202900e+00,2.820751860934492594e+00,3.892198686087230630e+00,2.151882384276364135e+00,2.415416876680098301e+00,2.719576772038328816e+00,2.809494043027815469e+00,2.318763371133913953e+00,2.459933642926067865e+00,2.232881690410102316e+00,2.743872483351242231e+00,2.689067125974826222e+00,2.798215471287677669e+00,2.181145022668090405e+00,3.883665927636077875e+00,2.955523972843911995e+00,3.344753900707270411e+00,2.556304353328667567e+00,1.696173068813720652e+00,4.976198537024303370e+00,1.552447856730492237e+00,1.241263365614697411e+00,7.359041566847734916e-01,1.715576094943576990e+00,2.694649649989515172e+00,2.155865178806284366e+00,3.245953286707978336e+00,1.907450313695942645e+00,2.074799911998248092e+00,2.806743499218534943e+00,3.092473253342322703e+00,6.222711773079796060e+00,6.351701607010635797e+00,6.119742670143272889e+00,2.468278229321192452e+00,2.886343807203448186e+00,8.297667154833480163e-01,3.014933158749943498e+00,3.216250736312099789e+00,3.657865720789160502e+00,2.754223771166610657e+00,2.551258911194147050e+00,2.723410467843194294e+00,2.633255689877800343e+00,4.912991853803866604e+00,5.372295117266821407e+00
1.238425839042198273e+00,1.323528350630191364e+00,2.025088916151834173e+00,2.729168219723635769e+00,2.684183670517729770e+00,2.621725310461724412e+00,2.974667235986749869e+00,2.923351904439381865e+00,2.573053300832105261e+00,2.826188425768909607e+00,2.832348735282950614e+00,2.850150880827238442e+00,0.000000000000000000e+00,9.447751610422132629e-01,2.944652379803314624e+00,2.994869992829243266e+00,2.982274566256712944e+00,3.003021051225795546e+00,3.056377314698980108e+00,2.356124944380969310e+00,2.782914726338185929e+00,3.094017380558773844e+00,3.065902080747426428e+00,2.995064202143719712e+00,3.103603274117057609e+00,3.112510967399459538e+00,2.588034806993942283e+00,2.945442631448521364e+00,2.600210862697572178e+00,3.059284861749127948e+00,3.029613324566580612e+00,3.108001339833047272e+00,3.148408190295453490e+00,3.047348697342302071e+00,2.363303156259155546e+00,2.341505544239523395e+00,2.387514419531141296e+00,3.105130634483509233e+00,3.495706221039886596e+00,1.538676618555986586e+00,1.513853795711551431e+00,1.517670529645240407e+00,1.377395162129545714e+00,2.127355642979102512e+00,2.150358926982662844e+00,2.806791309810128698e+00,1.303516574771666159e+00,1.293497155184207381e+00,1.410063031638718378e+00,1.397751794559075167e+00,1.893169980135455122e+00,1.892515640093377582e+00,1.544409382755285609e+00,1.545783688689733371e+00,2.480470507592178020e+00,3.044443235550685856e+00,2.248408809516561302e+00,2.322642428892695232e+00,2.504633361015535797e+00,2.569677352004698268e+00,2.387605262400780415e+00,2.374776193881992903e+00,2.302238329268612826e+00,2.560690991152005047e+00,2.569987665372620356e+00,2.638052737946378290e+00,2.160645358845180386e+00,2.981136782113809058e+00,2.431141292379917385e+00,2.202819081523600619e+00,2.149284025596466474e+00,2.164284510944133544e+00,3.107050132933881770e+00,1.794024496067248897e+00,2.358226348926754312e+00,1.599130494896559895e+00,1.679108924959244575e+00,2.501543567611130392e+00,1.723286534735324782e+00,2.431673905215459452e+00,1.950304976800913526e+00,1.921306199552675675e+00,2.359119373766418448e+00,2.361767919886133438e+00,4.496875465352899504e+00,4.559740201071205590e+00,4.388155510509193391e+00,1.882110096856695058e+00,2.946333661553099059e+00,1.541793099001924405e+00,2.989162184383130860e+00,2.954004365837544999e+00,3.441966773713085459e+00,1.940691263737664540e+00,2.324272989813286561e+00,1.904309514228507139e+00,2.560709718916892808e+00,3.270121790022106012e+00,3.658427836965115088e+00
1.230699693109225112e+00,1.548161505344600508e+00,2.419636647443188515e+00,3.085520240024314464e+00,2.783086783543744058e+00,2.724611741817115185e+00,3.199413045912586462e+00,2.959852272579314381e+00,2.869083611594789307e+00,3.139437908647734865e+00,3.125745470049678509e+00,3.290422403304611887e+00,9.447751610422132629e-01,0.000000000000000000e+00,2.723268525940605755e+00,2.792139768333526284e+00,2.752485860904834158e+00,2.801829543516631826e+00,2.845544269974166429e+00,2.528910996545849166e+00,2.646068629761117563e+00,2.855161343054954504e+00,2.826496927215257582e+00,2.773665027764603774e+00,2.862713768636370837e+00,2.869853655899182066e+00,2.406315164472422552e+00,2.758670234548455724e+00,2.426988242364454429e+00,2.833256226246399390e+00,2.790099310630168805e+00,2.854268326472037653e+00,2.896770559556224534e+00,2.805152879756100504e+00,2.528133961435276689e+00,2.516490499681816484e+00,2.559114672298016036e+00,2.850491966165182411e+00,3.894500931993802428e+00,1.603739627954249070e+00,1.605870085014846849e+00,1.615594550157899878e+00,1.407577001566937103e+00,1.874813785085905460e+00,2.026404998755503506e+00,2.688184373206641720e+00,1.560922165876144296e+00,1.557138072197056244e+00,1.586931239891006928e+00,1.576879633149406379e+00,2.096268566357698315e+00,2.096357567079163875e+00,1.705537912454931693e+00,1.705990588318360812e+00,2.412520486522086394e+00,2.803949054697550292e+00,2.593886703941963745e+00,2.718255927799293481e+00,2.934140465074431603e+00,3.021233272542634296e+00,2.766826591312370187e+00,2.715254684769405458e+00,2.663239502031744088e+00,3.033752936181550286e+00,3.045757531266583218e+00,3.119131860181277638e+00,2.420875129623410782e+00,2.740048191043217951e+00,2.227224049329864730e+00,2.358313199759201062e+00,2.408795069456863391e+00,2.507853497615858185e+00,2.923221901916068344e+00,1.665643765368052476e+00,2.693264739842999411e+00,1.717844468292095916e+00,1.803718830651671379e+00,2.709185232247575126e+00,1.814176563888705296e+00,2.196975799337961277e+00,2.235159315520899970e+00,2.226144178670177887e+00,2.272199960281930942e+00,2.198163796256334734e+00,4.419684709623264318e+00,4.471340083040748148e+00,4.302829680770405396e+00,2.048648089838941644e+00,3.355066277521578044e+00,1.628478350975490763e+00,3.412962958529802471e+00,3.329393328948771824e+00,3.307953627042059086e+00,1.865088530121469024e+00,2.359018270567145414e+00,1.806873325988594292e+00,2.519063869763511487e+00,3.314006068892433099e+00,3.656918866246288147e+00
8.821082442821480685e-01,1.417513485798944650e+00,1.546258184145013814e+00,3.303551994669149394e+00,2.728872546117511177e+00,2.700293959235798180e+00,2.533305773668793837e+00,1.936729735101099914e+00,3.576142083509950886e+00,3.486031822017450210e+00,3.427384140676174251e+00,3.795356173107837350e+00,2.944652379803314624e+00,2.723268525940605755e+00,0.000000000000000000e+00,2.526243161539414306e-01,1.834463747386974874e-01,2.777992770034320436e-01,3.955783213761583927e-01,2.405373757601972251e+00,1.128079473504989494e+00,3.626549982893914614e-01,3.143298571207104875e-01,2.287136240139734100e-01,3.716301504651381427e-01,4.080007646448430281e-01,2.279372280647118387e-01,4.094350966920203838e-01,2.618589515998498984e-01,2.558378198738230913e-01,3.322531420841278171e-01,3.630731458293385283e-01,5.005622155211993940e-01,3.101092668683189668e-01,2.365737866849505266e+00,2.392879635095793045e+00,2.383617551601130202e+00,4.131808014737010648e-01,4.161972918933877885e+00,3.469345689681114564e+00,3.245569807760438685e+00,3.244728032355370217e+00,2.324903975204913653e+00,1.664022273347761205e+00,2.695578713731484832e+00,3.425275554556189928e+00,1.754784718756032369e+00,1.746891381842503366e+00,1.708988188239793260e+00,1.711950643743020528e+00,2.139238117106108117e+00,2.137895186385347035e+00,1.825951308259640138e+00,1.828602524688823561e+00,1.549857181936637796e+00,3.073750922234819716e-01,3.795800112401016779e+00,4.020536655085322764e+00,4.276525134347088475e+00,4.409059895647989613e+00,3.897775591830180186e+00,3.880248094734756847e+00,3.890931272607466962e+00,4.406899179898427832e+00,4.385459966136201260e+00,4.513278967111410189e+00,3.338547724381158321e+00,3.342544963273521019e-01,2.505725371804418344e+00,2.483097009334511718e+00,3.759155722214977402e+00,3.575230897706077382e+00,3.948828685298951147e+00,1.375147094424987948e+00,4.109173506979796109e+00,1.016834445304368950e+00,1.629018488928167585e+00,3.767195739755164752e+00,1.922913522171136202e+00,1.632308398897787338e+00,3.372528624545934939e+00,3.316863579893886360e+00,2.620776457136558157e+00,1.573994354261926354e+00,5.489845843857814600e+00,5.516406141991386569e+00,5.419921523085574400e+00,2.383219556858787502e+00,4.839365184817125076e+00,1.030819249390314774e+00,4.928359738602351214e+00,4.830097587387136571e+00,1.786008974010359074e+00,1.736646084180161642e+00,1.940910560431541310e+00,1.755822906770103664e+00,2.024517014734662279e+00,4.268618366632421335e+00,4.648358717819791153e+00
9.315278460192922827e-01,1.438423589804496583e+00,1.583105878817212764e+00,3.296466586006897348e+00,2.699357649671979775e+00,2.672758546433879001e+00,2.455333711586656253e+00,1.979777413499645977e+00,3.561758118698173270e+00,3.458197778703179459e+00,3.396097113360587727e+00,3.771025506481719969e+00,2.994869992829243266e+00,2.792139768333526284e+00,2.526243161539414306e-01,0.000000000000000000e+00,2.196481780863476785e-01,2.352964061120218497e-01,2.511179202380064979e-01,2.466220251704085875e+00,1.099427849732250717e+00,3.934726640881351933e-01,3.651205866243715792e-01,2.684616125745054593e-01,4.016705302482470041e-01,4.626688978984999090e-01,2.361205036485284348e-01,4.116591549245560144e-01,2.124799837396623980e-01,2.260444242482074761e-01,4.244383185767339750e-01,4.301741581294374339e-01,5.643364129908804427e-01,3.327192428724369266e-01,2.426337125271467610e+00,2.450562295253586598e+00,2.436901647884471611e+00,4.922961794813547343e-01,4.131898338505354040e+00,3.555579836323498721e+00,3.327275830285167491e+00,3.319662488895305241e+00,2.362259359959979488e+00,1.738358317830765776e+00,2.764352678780126915e+00,3.525682115218259582e+00,1.766719856137645595e+00,1.756757397201845317e+00,1.726787937918225158e+00,1.729524261389725925e+00,2.142902299479498840e+00,2.142050973753100163e+00,1.845771758672098306e+00,1.847441001435277119e+00,1.497443488016279911e+00,2.968578094629840125e-01,3.832050495831724746e+00,4.058350709844576798e+00,4.318179732222453993e+00,4.459795872808590467e+00,3.935919319675776240e+00,3.928385570803144322e+00,3.924798040079635175e+00,4.445344373630395474e+00,4.420401941298737647e+00,4.550609205694348347e+00,3.369078917007352736e+00,3.995547262886976481e-01,2.493405900855520940e+00,2.545731140801820835e+00,3.812452353210268541e+00,3.601276611354897739e+00,4.052449067517594372e+00,1.477738404403134753e+00,4.115300067349361157e+00,9.775842094518266689e-01,1.692808088220758567e+00,3.806363529710805160e+00,1.921391407449692945e+00,1.720153869387277989e+00,3.392591270029979622e+00,3.343604838026172033e+00,2.613831025565411803e+00,1.615208902189451567e+00,5.597046063945434469e+00,5.607439416847593172e+00,5.531609926579811543e+00,2.408946416750314956e+00,4.884711684224795292e+00,1.033879979055352560e+00,4.977697422823581519e+00,4.888981371028238598e+00,1.783275297380937152e+00,1.781256628701377576e+00,1.901703295253253545e+00,1.799235901298180229e+00,1.972757080609062630e+00,4.378355397762760504e+00,4.762296206416090527e+00
