0.000000000000000000e+00,3.879504600498719924e+00,3.932841885481812128e+00,3.963719135907543656e+00,3.949988893301401127e+00,3.998841804063345773e+00,3.993388695618605766e+00,3.986544171558784377e+00,3.954831788572191975e+00,3.952818401606120524e+00,3.970458230470118366e+00,3.948267924753839697e+00,3.959360798939580040e+00,3.965806457222877945e+00,3.959500700342685420e+00,3.939829038706330167e+00,3.952440791928429675e+00,3.999190716561565662e+00,3.996958983254175202e+00,3.999993146111969544e+00,3.953569159206581141e+00,3.996009499198710735e+00,3.958939662345575261e+00,3.984534168559695999e+00,3.992927178925477882e+00,3.967770075867083079e+00,3.940760227665407456e+00,3.999859146558429224e+00,3.998605136231583757e+00,3.999871300520460249e+00,3.987690993948593388e+00,3.999960521712274009e+00,3.999890338731024286e+00,3.994603359115547647e+00,3.999886652928743125e+00,3.997491421364331998e+00,3.930945261758449938e+00,3.999554026211060709e+00,3.986095855367868701e+00,3.977669084059158422e+00,3.998430542207026761e+00,3.994756019702143668e+00,3.999979407897758854e+00,3.909625373334697951e+00,3.989477275759906405e+00,3.992450120985871820e+00,3.994956164353041128e+00,3.856062845300961328e+00,3.965870698299108543e+00,3.864647602431024787e+00,3.998471746304093521e+00
3.879504600498719924e+00,0.000000000000000000e+00,3.881997906940566345e+00,3.853582118291617675e+00,3.889783574936678701e+00,3.997956943820993203e+00,3.998719981853858130e+00,3.998578945281178409e+00,3.918035562618383594e+00,3.945470831507744691e+00,3.966509815127909011e+00,3.939744030569493738e+00,3.954757992528990407e+00,3.972398095237880788e+00,3.954905525067811567e+00,3.959918971928662046e+00,3.947476169172548843e+00,3.993641467753239915e+00,3.998957537454049582e+00,3.999758717393384622e+00,3.948661577158777192e+00,1.504310911368000214e+00,3.973824133316430363e+00,3.998744833383713448e+00,3.996183870530409799e+00,3.999879098564202984e+00,3.940422440983396335e+00,3.777394537137027442e+00,3.785643550031712046e+00,3.940083708563060672e+00,3.539022058686835948e+00,3.488856187326998093e+00,3.740539477119357414e+00,3.999923846128342397e+00,3.999932710389296986e+00,3.559550453921129787e+00,3.978798875502669752e+00,3.998643966048752496e+00,3.999461186441215066e+00,3.991254843964351373e+00,3.787682848302527994e+00,3.676199527066716488e+00,3.746354800640115279e+00,3.999190716561565662e+00,3.926043257374087325e+00,3.967079898596841403e+00,3.997779749923940251e+00,3.974882791003441440e+00,3.997016435699990211e+00,3.938117652215818332e+00,3.994132254074536093e+00
3.932841885481812128e+00,3.881997906940566345e+00,0.000000000000000000e+00,5.966215346516046125e-02,3.802191860457848627e-02,3.893073420991700395e+00,3.999736542177998011e+00,3.995297058707833138e+00,6.776381276544922727e-01,3.911688639917197730e+00,3.827941780548122619e+00,3.474100962750443777e-01,3.943593207135078771e+00,3.822231526672527746e+00,3.932662372928507732e+00,2.321421708763247160e-01,3.896092787194354923e+00,3.998552510809990856e+00,3.997972687199308428e+00,3.999683084406432165e+00,3.928005297855926337e+00,3.996458923609785163e+00,3.998991070098407263e+00,3.974495285260595701e+00,3.966573397374607790e+00,2.019547376398498351e+00,2.359107089978165206e-01,3.949053745573154472e+00,3.997861205481793245e+00,3.999999969538258426e+00,3.962045792327189897e+00,3.975485772700371179e+00,3.926793753674911791e+00,3.999901030616566988e+00,3.987690993948593388e+00,3.999854973399199487e+00,2.210077232347626985e-01,3.966127063746030856e+00,3.950915487424346395e+00,1.784001288587954370e+00,3.987418835886574087e+00,3.991863434416289991e+00,3.858265143068112302e+00,2.053400728094104899e+00,3.990214874516289090e+00,3.990249331464813309e+00,3.995463038665403310e+00,1.949390854268940210e+00,2.341106922070730789e+00,2.130806258460285818e+00,3.998744833383713448e+00
3.963719135907543656e+00,3.853582118291617675e+00,5.966215346516046125e-02,0.000000000000000000e+00,1.599464030818271709e-01,3.955126377246730662e+00,3.997203989646484157e+00,3.998578945281178409e+00,6.235440730013608324e-01,3.966953632776861749e+00,3.909729089493286125e+00,3.072417530375695094e-01,3.985177263194164876e+00,3.905535101541873111e+00,3.979302773639340707e+00,1.990587182752499018e-01,3.957089919235434738e+00,3.988527031016515956e+00,3.986985165606835135e+00,3.992450120985871820e+00,3.976669889749412157e+00,3.999943676503444845e+00,3.946438018416190907e+00,3.998374751153472850e+00,3.999707452562315524e+00,2.430834241321552902e+00,2.277545893565398050e-01,3.965355093106190054e+00,3.999958298020153347e+00,3.999819395050052684e+00,3.999974381729687334e+00,3.998111638769433540e+00,3.970278636878694201e+00,3.996500327269028041e+00,3.998245660197716767e+00,3.955126377246730662e+00,3.141555152580111088e-01,3.936120364575836028e+00,3.956585024191424438e+00,2.197944807562129732e+00,3.976934943519538024e+00,3.987768208475834797e+00,3.968205503417732594e+00,2.463835362766320536e+00,3.980778286204294858e+00,3.980826534940546502e+00,3.988527031016515956e+00,2.264166776991754837e+00,2.268664191283403131e+00,2.149261277977584594e+00,3.994344064161326813e+00
3.949988893301401127e+00,3.889783574936678701e+00,3.802191860457848627e-02,1.599464030818271709e-01,0.000000000000000000e+00,3.772407158462429244e+00,3.999617900075935317e+00,3.996881528363962044e+00,5.924664397842187569e-01,3.799572729033729779e+00,3.682644302468960795e+00,2.259783336435567946e-01,3.848825917266934127e+00,3.675056080084283305e+00,3.831465465028206729e+00,9.288125833294014200e-02,3.776753925022076075e+00,3.994551986172313995e+00,3.993473499526583481e+00,3.997129698095873707e+00,3.824240232344545909e+00,3.999332803102974232e+00,3.997746741706353912e+00,3.979252655118968196e+00,3.972050257379949656e+00,1.631068021762284381e+00,9.531484744033447143e-02,3.943675494454698782e+00,3.996643324311904610e+00,3.999524054159818043e+00,3.967894783475686360e+00,3.980145562416435023e+00,3.920392481813602004e+00,3.999332803102974232e+00,3.994344064161326813e+00,3.999229946121359625e+00,1.202568534100596498e-01,3.951757347793689590e+00,3.959988474913119116e+00,1.402251517307197659e+00,3.989902033962600569e+00,3.993834667466256150e+00,3.869651352792028653e+00,1.664397624556587241e+00,3.992389396183491090e+00,3.992419788930970270e+00,3.996900983330728963e+00,1.591007896316419146e+00,1.981499773766406181e+00,1.770125699014266862e+00,3.999436606073409450e+00
3.998841804063345773e+00,3.997956943820993203e+00,3.893073420991700395e+00,3.955126377246730662e+00,3.772407158462429244e+00,0.000000000000000000e+00,3.997877314020342521e+00,3.985007101493647674e+00,3.983116778871748309e+00,6.688928727803489238e-02,3.111618907811641854e-02,3.999996953826575385e+00,9.756362632222925768e-02,4.436038558622024119e-02,1.553281938506054782e-01,3.895425453346517131e+00,1.187118879877573363e-01,3.989937036501823187e+00,3.988489665266210960e+00,3.998141847382525871e+00,2.206888254479468792e-01,3.999999512612148145e+00,3.957734777523369996e+00,3.989726112049641671e+00,3.993889320775734220e+00,3.999893963613161851e+00,3.837857891540115141e+00,3.977460534293211225e+00,3.986503718084678738e+00,3.998512402508797248e+00,3.995626040144613977e+00,3.989902033962600569e+00,3.987574718046706934e+00,3.999972584494853489e+00,3.997629296043842206e+00,3.994024891131459754e+00,3.888178040785568612e+00,3.989441485298053980e+00,3.999651253651892002e+00,3.998274773178396746e+00,3.998216303736864319e+00,3.999590120800780024e+00,3.996500327269028041e+00,3.953344556668335841e+00,3.999160654952949479e+00,3.999170736387479330e+00,3.999993146111969544e+00,3.997679995017091592e+00,3.954016757475448784e+00,3.985346457343400317e+00,3.998805896709945795e+00
3.993388695618605766e+00,3.998719981853858130e+00,3.999736542177998011e+00,3.997203989646484157e+00,3.999617900075935317e+00,3.997877314020342521e+00,0.000000000000000000e+00,3.992897818076216687e+00,3.999056491273861980e+00,3.999561366949690999e+00,3.998865437858537764e+00,3.999753264963321175e+00,3.999670534844763203e+00,3.997812514718122934e+00,3.999332803102974232e+00,3.999994851967814125e+00,3.999444860436001115e+00,3.790983837179520144e-01,1.039072128056450772e-01,8.078176846894469243e-02,3.999993146111969544e+00,3.467222536899599028e+00,3.997385459763260762e+00,3.999997532599406824e+00,3.999385800874030394e+00,3.995920854265323285e+00,3.999999878153033261e+00,3.946518231986312575e+00,3.996723698854364848e+00,3.944413415682720192e+00,3.998643966048752496e+00,3.999997532599406824e+00,3.954165480740585714e+00,3.948189016220346126e+00,3.974160791743194032e+00,3.971052973966125776e+00,3.999604132261207035e+00,2.159313967829035175e-01,3.999368378566599880e+00,3.999953667869340368e+00,3.997595192471144365e+00,3.982292310194042173e+00,3.953419483686404945e+00,3.997612274682868172e+00,3.993916556324875966e+00,3.966573397374607790e+00,3.994185571080887343e+00,3.980970919106872508e+00,3.999651253651892446e+00,3.980970919106872508e+00,3.020785675208306209e+00
3.986544171558784377e+00,3.998578945281178409e+00,3.995297058707833138e+00,3.998578945281178409e+00,3.996881528363962044e+00,3.985007101493647674e+00,3.992897818076216687e+00,0.000000000000000000e+00,3.964049319264743687e+00,3.998332268685079960e+00,3.998900431883514628e+00,3.968081395292581526e+00,3.982523292103273160e+00,3.999314649951114298e+00,3.982431080503083365e+00,3.945713428443740511e+00,3.986624896964977349e+00,3.994078694089218118e+00,3.997456344213203394e+00,3.991926222495974841e+00,3.986013556785334977e+00,3.999617900075935317e+00,3.999989003321222647e+00,3.990006859728359778e+00,3.995415919735995303e+00,3.977564929656328907e+00,3.903938401092461596e+00,3.999948794030239618e+00,3.999958298020153347e+00,3.999875230002173154e+00,3.915343803879213436e+00,3.881879751087176089e+00,3.997956943820993203e+00,3.997646256553548660e+00,3.999890338731024286e+00,3.966700382150316173e+00,3.963652919773131611e+00,3.999897527575045686e+00,3.996683633228056642e+00,3.995225012722450231e+00,3.999774709186115551e+00,3.997148362239019370e+00,3.974384027989638302e+00,3.989902033962600569e+00,3.998565758485481680e+00,3.990076440478596886e+00,3.998694886786036573e+00,3.991957525519981065e+00,3.999968807257296532e+00,3.994291476130734875e+00,3.996312095143907506e+00
3.954831788572191975e+00,3.918035562618383594e+00,6.776381276544922727e-01,6.235440730013608324e-01,5.924664397842187569e-01,3.983116778871748309e+00,3.999056491273861980e+00,3.964049319264743687e+00,0.000000000000000000e+00,3.990041680413546565e+00,3.952061695382142137e+00,3.224687747695655915e-01,3.998430542207026761e+00,3.948975430623875127e+00,3.996183870530409354e+00,3.050145977846896450e-01,3.984316780844526562e+00,3.992779767616752018e+00,3.991545853634147711e+00,3.996958983254175202e+00,3.995005592832540309e+00,3.999997532599406824e+00,3.936207852156157649e+00,3.996205393321234034e+00,3.998525832821242076e+00,2.179526945423011064e+00,6.101811498159572800e-01,3.963983402241993304e+00,3.989152980028491058e+00,3.999624692615637578e+00,3.999305482021135560e+00,3.995808680121165857e+00,3.977145902569478864e+00,3.999701451894743798e+00,3.995898541032219420e+00,3.945713428443740511e+00,1.057976237561180088e+00,3.946758516920897186e+00,3.959010000972183363e+00,1.943807793650301541e+00,3.997054433168509835e+00,3.998957537454049582e+00,3.975322045174274344e+00,2.213222308550519823e+00,3.998317986116342038e+00,3.998332268685079960e+00,3.999911174217899656e+00,2.010471927662839331e+00,1.752797046519014801e+00,1.894979501642344077e+00,3.999493107564841665e+00
3.952818401606120524e+00,3.945470831507744691e+00,3.911688639917197730e+00,3.966953632776861749e+00,3.799572729033729779e+00,6.688928727803489238e-02,3.999561366949690999e+00,3.998332268685079960e+00,3.990041680413546565e+00,0.000000000000000000e+00,6.751737511384470203e-02,3.999190716561565662e+00,4.688058139039830152e-02,2.429676641354783229e-02,7.320624632508820895e-02,3.913829999943102322e+00,6.196853718626105234e-02,3.993557756912494483e+00,3.992389396183491090e+00,3.999996314130352726e+00,1.408327822394863649e-01,3.999624692615637578e+00,3.881051055205835265e+00,3.976027619381790501e+00,3.982661156566711824e+00,3.938289853902032789e+00,3.866158281152250353e+00,3.990658085684771095e+00,3.988823776259833309e+00,3.993641467753239915e+00,3.985681942658644950e+00,3.975047962551364833e+00,3.996643324311905054e+00,3.998957537454049582e+00,3.995273104158622690e+00,3.966953632776861749e+00,3.968205503417732594e+00,3.948897056305409770e+00,3.982013139244115152e+00,3.910143372359324410e+00,3.999998903377389059e+00,3.999983885760132196e+00,3.995920854265323285e+00,3.777874427743717511e+00,3.999850739320903958e+00,3.999846444323670980e+00,3.998081186692499234e+00,3.955566473517212245e+00,3.779311174552053121e+00,3.980922851393302153e+00,3.994265090990649636e+00
3.970458230470118366e+00,3.966509815127909011e+00,3.827941780548122619e+00,3.909729089493286125e+00,3.682644302468960795e+00,3.111618907811641854e-02,3.998865437858537764e+00,3.998900431883514628e+00,3.952061695382142137e+00,6.751737511384470203e-02,0.000000000000000000e+00,3.991705402410371306e+00,6.733762707149226756e-02,3.654608751975718661e-02,6.996701105537717069e-02,3.830904016936838907e+00,6.353003899511122654e-02,3.992267218286345010e+00,3.990992043998353722e+00,3.998923456784145625e+00,1.149501738192919564e-01,3.999863258798465715e+00,3.954831788572191975e+00,3.999546624562531960e+00,3.999996314130352726e+00,3.983700056491217723e+00,3.765403314204322172e+00,3.947157805746320136e+00,3.984009899359429951e+00,3.990420706789586269e+00,3.999805048018608478e+00,3.999402979562366234e+00,3.963387457092797828e+00,3.999974381729687334e+00,3.996269596843734284e+00,3.996312095143907506e+00,3.910763051006640900e+00,3.945389847334265898e+00,3.984577464750915343e+00,3.967832459643187093e+00,3.998979953442586055e+00,3.999901030616566988e+00,3.961229317093225788e+00,3.875656737266429452e+00,3.999651253651892002e+00,3.999657741629305541e+00,3.999833193819668509e+00,3.991926222495974841e+00,3.876744867552529783e+00,3.999713392315314753e+00,3.997988369715895551e+00
3.948267924753839697e+00,3.939744030569493738e+00,3.474100962750443777e-01,3.072417530375695094e-01,2.259783336435567946e-01,3.999996953826575385e+00,3.999753264963321175e+00,3.968081395292581526e+00,3.224687747695655915e-01,3.999190716561565662e+00,3.991705402410371306e+00,0.000000000000000000e+00,3.992144069382359106e+00,3.990386552983828494e+00,3.995579772234044036e+00,1.034634786943531282e-01,3.999991196563026818e+00,3.995103720529405322e+00,3.994078694089218118e+00,3.999805048018608478e+00,3.996683633228056642e+00,3.999119720238768050e+00,3.976776091907204602e+00,3.998471746304093521e+00,3.996118937317140407e+00,1.768392024218025993e+00,1.607681119797828018e-01,3.916045753803918394e+00,3.978900137400550818e+00,3.996561976629743995e+00,3.994474471077973377e+00,3.998707464762002672e+00,3.936818613622007135e+00,3.999516408873968309e+00,3.993752231986553713e+00,3.982384884119830382e+00,4.391391853233403975e-01,3.953419483686404501e+00,3.973315087279476465e+00,1.536164637233679464e+00,3.999828655148014001e+00,3.999920769532240961e+00,3.933824994182249402e+00,1.802055192437869824e+00,3.999999969538258426e+00,3.999999878153033261e+00,3.998991070098407263e+00,1.601264131165605509e+00,1.352165163603701314e+00,1.488771006883126358e+00,3.995943106699201053e+00
3.959360798939580040e+00,3.954757992528990407e+00,3.943593207135078771e+00,3.985177263194164876e+00,3.848825917266934127e+00,9.756362632222925768e-02,3.999670534844763203e+00,3.982523292103273160e+00,3.998430542207026761e+00,4.688058139039830152e-02,6.733762707149226756e-02,3.992144069382359106e+00,0.000000000000000000e+00,9.435891600803936186e-02,2.835828670705531351e-02,3.945308803900823946e+00,1.766137265031986203e-02,3.998694886786036573e+00,3.998141847382525871e+00,3.999747751617290348e+00,6.528745584504180854e-02,3.999561366949690999e+00,3.966509815127909011e+00,3.999929816556961448e+00,3.999002125861478518e+00,3.975212592628687425e+00,3.901572971988206628e+00,3.932752158642658813e+00,3.992809371289184561e+00,3.997054433168509835e+00,3.998096443163715819e+00,3.999972584494853489e+00,3.951222450627230209e+00,3.999859146558429224e+00,3.987261985082644067e+00,3.991800403634087502e+00,3.939998877705700231e+00,3.966827127289549004e+00,3.971875527453962995e+00,3.956295201467611378e+00,3.994577703023086457e+00,3.997331657563597318e+00,3.948661577158777192e+00,3.854106071426153690e+00,3.996354350199507799e+00,3.996375386508982608e+00,3.999170736387479330e+00,3.985681942658644950e+00,3.855281661551575922e+00,3.997812514718122934e+00,3.999990130403716648e+00
3.965806457222877945e+00,3.972398095237880788e+00,3.822231526672527746e+00,3.905535101541873111e+00,3.675056080084283305e+00,4.436038558622024119e-02,3.997812514718122934e+00,3.999314649951114298e+00,3.948975430623875127e+00,2.429676641354783229e-02,3.654608751975718661e-02,3.990386552983828494e+00,9.435891600803936186e-02,0.000000000000000000e+00,1.023581879143731221e-01,3.825240501568766494e+00,5.526015920464688591e-02,3.997331657563597318e+00,3.993889320775734220e+00,3.995672064894204567e+00,1.307207706201873876e-01,3.999828655148014001e+00,3.925289006153376725e+00,3.993188694600615651e+00,3.996479655847530843e+00,3.972858514352990866e+00,3.799115557910360597e+00,3.971465722039725144e+00,3.968329371723013033e+00,3.997679995017091592e+00,3.997763276242821462e+00,3.992660745900637576e+00,3.983026137640003128e+00,3.995808680121165857e+00,3.998682247926342193e+00,3.990420706789586269e+00,3.931399192590545155e+00,3.933289636457018457e+00,3.969797079971899123e+00,3.953194524127649156e+00,3.995556547095152844e+00,3.995320952476819620e+00,3.981448277091518939e+00,3.848559542035411951e+00,3.993613624868318723e+00,3.993585721254452992e+00,3.987574718046706934e+00,3.983877472150243015e+00,3.849756456333099486e+00,3.997073340652423479e+00,3.979452767436297833e+00
3.959500700342685420e+00,3.954905525067811567e+00,3.932662372928507732e+00,3.979302773639340707e+00,3.831465465028206729e+00,1.553281938506054782e-01,3.999332803102974232e+00,3.982431080503083365e+00,3.996183870530409354e+00,7.320624632508820895e-02,6.996701105537717069e-02,3.995579772234044036e+00,2.835828670705531351e-02,1.023581879143731221e-01,0.000000000000000000e+00,3.934535505551753687e+00,3.945765075655627285e-02,3.999190716561565662e+00,3.998744833383713448e+00,3.999932710389296986e+00,1.195425894985266968e-01,3.999493107564841665e+00,3.944413415682719304e+00,3.998003991370276289e+00,3.999539162004330350e+00,3.975322045174274344e+00,3.887371045596738739e+00,3.957305408624101961e+00,3.983566360259155559e+00,3.997508868669560123e+00,3.999911174217899656e+00,3.997713490069387365e+00,3.971758740499864881e+00,3.999953667869340368e+00,3.985472717950173660e+00,3.991863434416289991e+00,3.928745930549622400e+00,3.969554861376956900e+00,3.970398425960804722e+00,3.956440232022671921e+00,3.999088379787023584e+00,3.999932710389296986e+00,3.969736615323731677e+00,3.854367709133574849e+00,3.999713392315314753e+00,3.999719271153560740e+00,3.999785065798434847e+00,3.985765209139627174e+00,3.855542282237478968e+00,3.997845036084911818e+00,3.997828805830190291e+00
3.939829038706330167e+00,3.959918971928662046e+00,2.321421708763247160e-01,1.990587182752499018e-01,9.288125833294014200e-02,3.895425453346517131e+00,3.999994851967814125e+00,3.945713428443740511e+00,3.050145977846896450e-01,3.913829999943102322e+00,3.830904016936838907e+00,1.034634786943531282e-01,3.945308803900823946e+00,3.825240501568766494e+00,3.934535505551753687e+00,0.000000000000000000e+00,3.898412076406332361e+00,3.997295485218570921e+00,3.996520937873647483e+00,3.999002125861478518e+00,3.929941438260396325e+00,3.997730146315040756e+00,3.940253192980211594e+00,3.997148362239019370e+00,3.999088379787023584e+00,1.981848824962649358e+00,8.335485106973350433e-02,3.960817853159191326e+00,3.963652919773131611e+00,3.997367586539820383e+00,3.999670534844763203e+00,3.996803100217950266e+00,3.974606301945292408e+00,3.999983885760132196e+00,3.990590566322405053e+00,3.949444429698318437e+00,2.651634226974450836e-01,3.960817853159190882e+00,3.970875181273009868e+00,1.746563271219890412e+00,3.998946238122017327e+00,3.997035464850839936e+00,3.972686307862006494e+00,2.015707801777422592e+00,3.997909348520482631e+00,3.997893361700068482e+00,3.994024891131459754e+00,1.812825949167059303e+00,1.557924239469062222e+00,1.698168476840645313e+00,3.988074644455894102e+00
3.952440791928429675e+00,3.947476169172548843e+00,3.896092787194354923e+00,3.957089919235434738e+00,3.776753925022076075e+00,1.187118879877573363e-01,3.999444860436001115e+00,3.986624896964977349e+00,3.984316780844526562e+00,6.196853718626105234e-02,6.353003899511122654e-02,3.999991196563026818e+00,1.766137265031986203e-02,5.526015920464688591e-02,3.945765075655627285e-02,3.898412076406332361e+00,0.000000000000000000e+00,3.993943731135846331e+00,3.992809371289185005e+00,3.996683633228056642e+00,4.502079798639613273e-02,3.999524054159818043e+00,3.934002975524870216e+00,3.995649082914883188e+00,3.998171812528095170e+00,3.969736615323731677e+00,3.841554821792254160e+00,3.965613374710689421e+00,3.993613624868318279e+00,3.988601580793997847e+00,3.999056491273861980e+00,3.995225012722450231e+00,3.978442560195026623e+00,3.999109334317766606e+00,3.994931358958154988e+00,3.988527031016515956e+00,3.936120364575836028e+00,3.949988893301401127e+00,3.991058107904452257e+00,3.949132001150861271e+00,3.993834667466256150e+00,3.996803100217950266e+00,3.976669889749411713e+00,3.841418627205488434e+00,3.995740646079493530e+00,3.995763384888043390e+00,3.998865437858537764e+00,3.981448277091518939e+00,3.842642358647410550e+00,3.995987429166570237e+00,3.999996953826575385e+00
3.999190716561565662e+00,3.993641467753239915e+00,3.998552510809990856e+00,3.988527031016515956e+00,3.994551986172313995e+00,3.989937036501823187e+00,3.790983837179520144e-01,3.994078694089218118e+00,3.992779767616752018e+00,3.993557756912494483e+00,3.992267218286345010e+00,3.995103720529405322e+00,3.998694886786036573e+00,3.997331657563597318e+00,3.999190716561565662e+00,3.997295485218570921e+00,3.993943731135846331e+00,0.000000000000000000e+00,1.024684569232146014e-01,1.149501738192917344e-01,3.996763521185946466e+00,3.525562408382438839e+00,3.997763276242821462e+00,3.977512762094011833e+00,3.956585024191424438e+00,3.986054736325945314e+00,3.997092187302004440e+00,3.918726475617975602e+00,3.999991196563026818e+00,3.914739857031995562e+00,3.835093107480793684e+00,3.915544652769964884e+00,3.877708207071112412e+00,3.926418974981102039e+00,3.958161999526415009e+00,3.938890699790277949e+00,3.999034927790833471e+00,4.794147920973574895e-01,3.995876167000568913e+00,3.988934056136965722e+00,3.999972584494853489e+00,3.993779771214071683e+00,3.973824133316430363e+00,3.999985256534996481e+00,3.998841804063345773e+00,3.980681607719391835e+00,3.998957537454049582e+00,3.992985718499008740e+00,3.996396362005386393e+00,3.992985718499008740e+00,3.133387753440834089e+00
3.996958983254175202e+00,3.998957537454049582e+00,3.997972687199308428e+00,3.986985165606835135e+00,3.993473499526583481e+00,3.988489665266210960e+00,1.039072128056450772e-01,3.997456344213203394e+00,3.991545853634147711e+00,3.992389396183491090e+00,3.990992043998353722e+00,3.994078694089218118e+00,3.998141847382525871e+00,3.993889320775734220e+00,3.998744833383713448e+00,3.996520937873647483e+00,3.992809371289185005e+00,1.024684569232146014e-01,0.000000000000000000e+00,4.576024691664071220e-02,3.995920854265323285e+00,3.462469318623716763e+00,3.994551986172313995e+00,3.984750044965766236e+00,3.966890409990659450e+00,3.984360379284358267e+00,3.996290876399069436e+00,3.995030215915647442e+00,3.999983885760132196e+00,3.992358942744360206e+00,3.918233258511218065e+00,3.911483361045882567e+00,3.988074644455894102e+00,3.999359576056386256e+00,3.992236522089902984e+00,3.935418340963942718e+00,3.998289238362562337e+00,2.324687398226132906e-01,3.998578945281178409e+00,3.982661156566711824e+00,3.999850739320903958e+00,3.994831529695352934e+00,3.989333750305748438e+00,3.999990130403716648e+00,3.993360306203946664e+00,3.965290373029794146e+00,3.993641467753239915e+00,3.994105504453840716e+00,3.998877163422928760e+00,3.994105504453840716e+00,3.069884646409431816e+00
3.999993146111969544e+00,3.999758717393384622e+00,3.999683084406432165e+00,3.992450120985871820e+00,3.997129698095873707e+00,3.998141847382525871e+00,8.078176846894469243e-02,3.991926222495974841e+00,3.996958983254175202e+00,3.999996314130352726e+00,3.998923456784145625e+00,3.999805048018608478e+00,3.999747751617290348e+00,3.995672064894204567e+00,3.999932710389296986e+00,3.999002125861478518e+00,3.996683633228056642e+00,1.149501738192917344e-01,4.576024691664071220e-02,0.000000000000000000e+00,3.999911174217899656e+00,3.395580919683360399e+00,3.995079279764827351e+00,3.928838245277585184e+00,3.932572528342094031e+00,3.996900983330728963e+00,3.999842088407632446e+00,3.998979953442586055e+00,3.999477268818148801e+00,3.997612274682867728e+00,3.938633548729291611e+00,3.926793753674911791e+00,3.995005592832540309e+00,3.999824055558095282e+00,3.997543580736689250e+00,3.948425563775521230e+00,3.999800143839506994e+00,2.334497387121163836e-01,3.996500327269028041e+00,3.999850739320903958e+00,3.999774709186115551e+00,3.990180356942352624e+00,3.995808680121165857e+00,3.999994029501542592e+00,3.983297336413930800e+00,3.945308803900823946e+00,3.983744501049795161e+00,3.989189255274486534e+00,3.997222410439765561e+00,3.989189255274486534e+00,3.132812473849665214e+00
3.953569159206581141e+00,3.948661577158777192e+00,3.928005297855926337e+00,3.976669889749412157e+00,3.824240232344545909e+00,2.206888254479468792e-01,3.999993146111969544e+00,3.986013556785334977e+00,3.995005592832540309e+00,1.408327822394863649e-01,1.149501738192919564e-01,3.996683633228056642e+00,6.528745584504180854e-02,1.307207706201873876e-01,1.195425894985266968e-01,3.929941438260396325e+00,4.502079798639613273e-02,3.996763521185946466e+00,3.995920854265323285e+00,3.999911174217899656e+00,0.000000000000000000e+00,3.998171812528095170e+00,3.975703233586452168e+00,3.998732438061221472e+00,3.996541487660761227e+00,3.970637283849243637e+00,3.881406554456281910e+00,3.918035562618383594e+00,3.977564929656328907e+00,3.992630838719545050e+00,3.994980908978087442e+00,3.998946238122017327e+00,3.938547713597170485e+00,3.999920769532240961e+00,3.994051822981484978e+00,3.989080247758413300e+00,3.934800975055837036e+00,3.958869264046252834e+00,3.997909348520482631e+00,3.950298708611126308e+00,3.999926861803279721e+00,3.999819395050052684e+00,3.942185266353035011e+00,3.843455653940810901e+00,3.999977793431192197e+00,3.999976118041817852e+00,3.999524054159818043e+00,3.982152996428321767e+00,3.844671806149394300e+00,3.996312095143907506e+00,3.995344785464853832e+00
3.996009499198710735e+00,1.504310911368000214e+00,3.996458923609785163e+00,3.999943676503444845e+00,3.999332803102974232e+00,3.999999512612148145e+00,3.467222536899599028e+00,3.999617900075935317e+00,3.999997532599406824e+00,3.999624692615637578e+00,3.999863258798465715e+00,3.999119720238768050e+00,3.999561366949690999e+00,3.999828655148014001e+00,3.999493107564841665e+00,3.997730146315040756e+00,3.999524054159818043e+00,3.525562408382438839e+00,3.462469318623716763e+00,3.395580919683360399e+00,3.998171812528095170e+00,0.000000000000000000e+00,3.984706990597187914e+00,3.948189016220346126e+00,3.958161999526415009e+00,3.999995613510758830e+00,3.998317986116342038e+00,3.999444860436001115e+00,3.998934877898600693e+00,3.999956013405818744e+00,3.962920594864620227e+00,3.963254366895327951e+00,3.999769439504945012e+00,3.995273104158622690e+00,3.999964786329606614e+00,3.978083291814218825e+00,3.995740646079493530e+00,3.468645018871371111e+00,3.999590120800780024e+00,3.997629296043842206e+00,3.998781654038191746e+00,3.994051822981484978e+00,3.999914433576923223e+00,3.989297717443043290e+00,3.928930501249774387e+00,3.872854940264448764e+00,3.664875996778329537e+00,3.989619831567009278e+00,3.999286963454475874e+00,3.966446172977896367e+00,3.521491823105219243e+00
3.958939662345575261e+00,3.973824133316430363e+00,3.998991070098407263e+00,3.946438018416190907e+00,3.997746741706353912e+00,3.957734777523369996e+00,3.997385459763260762e+00,3.999989003321222647e+00,3.936207852156157649e+00,3.881051055205835265e+00,3.954831788572191975e+00,3.976776091907204602e+00,3.966509815127909011e+00,3.925289006153376725e+00,3.944413415682719304e+00,3.940253192980211594e+00,3.934002975524870216e+00,3.997763276242821462e+00,3.994551986172313995e+00,3.995079279764827351e+00,3.975703233586452168e+00,3.984706990597187914e+00,0.000000000000000000e+00,7.718822490786725332e-02,1.174121737984241687e-01,3.824240232344545909e+00,3.884933162044255539e+00,3.866785315025991210e+00,3.947555611726371261e+00,3.870394061788015705e+00,3.977198491767705235e+00,3.949833629236746191e+00,3.829355434277009973e+00,3.988339596547811450e+00,3.877467715307747920e+00,3.978900137400550818e+00,3.981684692735849129e+00,3.988150647872009014e+00,3.838682961508490088e+00,3.648054639065952287e+00,3.994956164353041128e+00,3.991352393137034049e+00,3.840053596918172829e+00,3.754627479773802179e+00,3.992897818076216687e+00,3.992868396519815732e+00,3.986584564519294105e+00,3.658855521569365443e+00,3.869527368602423856e+00,3.754962418340391572e+00,3.978186241225831754e+00
3.984534168559695999e+00,3.998744833383713448e+00,3.974495285260595701e+00,3.998374751153472850e+00,3.979252655118968196e+00,3.989726112049641671e+00,3.999997532599406824e+00,3.990006859728359778e+00,3.996205393321234034e+00,3.976027619381790501e+00,3.999546624562531960e+00,3.998471746304093521e+00,3.999929816556961448e+00,3.993188694600615651e+00,3.998003991370276289e+00,3.997148362239019370e+00,3.995649082914883188e+00,3.977512762094011833e+00,3.984750044965766236e+00,3.928838245277585184e+00,3.998732438061221472e+00,3.948189016220346126e+00,7.718822490786725332e-02,0.000000000000000000e+00,3.516434364704945637e-02,3.946998268140593069e+00,3.977772997489009477e+00,3.799725009778134321e+00,3.820501119199592566e+00,3.804117284685103240e+00,3.995533261168132455e+00,3.980390124271674601e+00,3.754794975784153443e+00,3.907433901496454087e+00,3.925760853117175042e+00,3.966890409990659450e+00,3.996842435945552996e+00,3.993159880155630503e+00,3.898412076406332361e+00,3.833702328323587150e+00,3.928376084136313118e+00,3.916245785676219171e+00,3.767531260177386709e+00,3.905322962507172591e+00,3.921170635773421509e+00,3.957448770105532532e+00,3.902651644650589446e+00,3.841282376525903430e+00,3.970637283849243637e+00,3.905535101541873111e+00,3.881997906940566345e+00
3.992927178925477882e+00,3.996183870530409799e+00,3.966573397374607790e+00,3.999707452562315524e+00,3.972050257379949656e+00,3.993889320775734220e+00,3.999385800874030394e+00,3.995415919735995303e+00,3.998525832821242076e+00,3.982661156566711824e+00,3.999996314130352726e+00,3.996118937317140407e+00,3.999002125861478518e+00,3.996479655847530843e+00,3.999539162004330350e+00,3.999088379787023584e+00,3.998171812528095170e+00,3.956585024191424438e+00,3.966890409990659450e+00,3.932572528342094031e+00,3.996541487660761227e+00,3.958161999526415009e+00,1.174121737984241687e-01,3.516434364704945637e-02,0.000000000000000000e+00,3.957089919235434294e+00,3.984141782641050789e+00,3.728022605729325534e+00,3.768836243354821924e+00,3.833423502063240118e+00,3.999911174217899656e+00,3.995920854265323285e+00,3.676580267643102751e+00,3.889440481418862561e+00,3.945955491951363747e+00,3.958303929691670220e+00,3.993696971332861168e+00,3.988786895133221044e+00,3.940844526544993620e+00,3.851741169619989691e+00,3.893972433684808276e+00,3.879385241571816856e+00,3.691083007156575668e+00,3.918923353347445460e+00,3.954610221808837256e+00,3.983026137640003128e+00,3.936469961004888773e+00,3.858909765242633405e+00,3.978031726723833650e+00,3.919119997261925281e+00,3.839094740421149954e+00
3.967770075867083079e+00,3.999879098564202984e+00,2.019547376398498351e+00,2.430834241321552902e+00,1.631068021762284381e+00,3.999893963613161851e+00,3.995920854265323285e+00,3.977564929656328907e+00,2.179526945423011064e+00,3.938289853902032789e+00,3.983700056491217723e+00,1.768392024218025993e+00,3.975212592628687425e+00,3.972858514352990866e+00,3.975322045174274344e+00,1.981848824962649358e+00,3.969736615323731677e+00,3.986054736325945314e+00,3.984360379284358267e+00,3.996900983330728963e+00,3.970637283849243637e+00,3.999995613510758830e+00,3.824240232344545909e+00,3.946998268140593069e+00,3.957089919235434294e+00,0.000000000000000000e+00,1.476632277462621268e+00,3.999561366949690999e+00,3.999098887500412314e+00,3.999983885760132196e+00,3.993246141341712185e+00,3.999920769532240961e+00,3.999683084406432165e+00,3.999683084406432165e+00,3.999989003321222647e+00,3.986905529566655115e+00,1.312352815565192898e+00,3.930489860427540005e+00,3.970815796966980393e+00,4.786236637295382401e-02,3.998957537454049582e+00,3.998923456784145625e+00,3.999859146558429224e+00,3.152832981295561332e-01,3.998274773178396746e+00,3.999377120172570521e+00,3.999901030616566988e+00,1.818185115051331735e-01,3.964487115124919470e-01,1.761892880959603502e-01,3.999516408873968309e+00
3.940760227665407456e+00,3.940422440983396335e+00,2.359107089978165206e-01,2.277545893565398050e-01,9.531484744033447143e-02,3.837857891540115141e+00,3.999999878153033261e+00,3.903938401092461596e+00,6.101811498159572800e-01,3.866158281152250353e+00,3.765403314204322172e+00,1.607681119797828018e-01,3.901572971988206628e+00,3.799115557910360597e+00,3.887371045596738739e+00,8.335485106973350433e-02,3.841554821792254160e+00,3.997092187302004440e+00,3.996290876399069436e+00,3.999842088407632446e+00,3.881406554456281910e+00,3.998317986116342038e+00,3.884933162044255539e+00,3.977772997489009477e+00,3.984141782641050789e+00,1.476632277462621268e+00,0.000000000000000000e+00,3.989513005618816166e+00,3.987574718046706934e+00,3.993131004995523092e+00,3.987024892836986911e+00,3.976829102662844395e+00,3.995943106699201053e+00,3.999964786329606614e+00,3.992809371289184561e+00,3.939998877705700231e+00,8.395424619608138350e-02,3.960057918192912751e+00,3.983566360259155559e+00,1.253052909296500150e+00,3.999863258798465715e+00,3.999996953826575385e+00,3.995152419734814497e+00,1.509385228242394517e+00,3.999997532599406824e+00,3.999996953826575385e+00,3.998900431883514628e+00,1.315303725828525616e+00,1.372346509640008261e+00,1.207947308557612009e+00,3.995763384888043834e+00
3.999859146558429224e+00,3.777394537137027442e+00,3.949053745573154472e+00,3.965355093106190054e+00,3.943675494454698782e+00,3.977460534293211225e+00,3.946518231986312575e+00,3.999948794030239618e+00,3.963983402241993304e+00,3.990658085684771095e+00,3.947157805746320136e+00,3.916045753803918394e+00,3.932752158642658813e+00,3.971465722039725144e+00,3.957305408624101961e+00,3.960817853159191326e+00,3.965613374710689421e+00,3.918726475617975602e+00,3.995030215915647442e+00,3.998979953442586055e+00,3.918035562618383594e+00,3.999444860436001115e+00,3.866785315025991210e+00,3.799725009778134321e+00,3.728022605729325534e+00,3.999561366949690999e+00,3.989513005618816166e+00,0.000000000000000000e+00,1.610424631999476386e-01,3.901572971988207073e+00,7.448890311430915734e-01,7.256900178805427704e-01,1.139027810026569387e-01,3.943593207135079215e+00,3.981258058116851295e+00,3.988970694924709903e+00,3.905958683034437495e+00,3.889211464622937875e+00,3.926980790872264038e+00,3.974772375843515171e+00,2.203154403255149330e+00,2.214610562280572736e+00,2.076077996392390546e+00,3.996723698854364848e+00,3.999377120172570521e+00,3.995626040144614421e+00,3.913627168115215049e+00,3.977721070896498290e+00,3.993585721254452992e+00,3.998631083658015672e+00,3.881524939589400258e+00
3.998605136231583757e+00,3.785643550031712046e+00,3.997861205481793245e+00,3.999958298020153347e+00,3.996643324311904610e+00,3.986503718084678738e+00,3.996723698854364848e+00,3.999958298020153347e+00,3.989152980028491058e+00,3.988823776259833309e+00,3.984009899359429951e+00,3.978900137400550818e+00,3.992809371289184561e+00,3.968329371723013033e+00,3.983566360259155559e+00,3.963652919773131611e+00,3.993613624868318279e+00,3.999991196563026818e+00,3.999983885760132196e+00,3.999477268818148801e+00,3.977564929656328907e+00,3.998934877898600693e+00,3.947555611726371261e+00,3.820501119199592566e+00,3.768836243354821924e+00,3.999098887500412314e+00,3.987574718046706934e+00,1.610424631999476386e-01,0.000000000000000000e+00,3.999323756978486522e+00,4.864661545623745198e-01,4.703820630254182955e-01,2.154583418887612289e-01,3.997403272142861397e+00,3.976934943519538024e+00,3.919316407337454677e+00,3.939913987752594604e+00,3.979502644775487319e+00,3.946036061236126269e+00,3.977564929656328907e+00,2.206973890500845137e+00,2.372705126453806823e+00,2.250320149950590487e+00,3.997679995017091592e+00,3.996009499198710735e+00,3.999220230080708482e+00,3.934446897854820602e+00,3.999985256534996481e+00,3.992051070517219635e+00,3.997713490069387365e+00,3.887601903166459039e+00
3.999871300520460249e+00,3.940083708563060672e+00,3.999999969538258426e+00,3.999819395050052684e+00,3.999524054159818043e+00,3.998512402508797248e+00,3.944413415682720192e+00,3.999875230002173154e+00,3.999624692615637578e+00,3.993641467753239915e+00,3.990420706789586269e+00,3.996561976629743995e+00,3.997054433168509835e+00,3.997679995017091592e+00,3.997508868669560123e+00,3.997367586539820383e+00,3.988601580793997847e+00,3.914739857031995562e+00,3.992358942744360206e+00,3.997612274682867728e+00,3.992630838719545050e+00,3.999956013405818744e+00,3.870394061788015705e+00,3.804117284685103240e+00,3.833423502063240118e+00,3.999983885760132196e+00,3.993131004995523092e+00,3.901572971988207073e+00,3.999323756978486522e+00,0.000000000000000000e+00,3.811285643968563619e+00,3.898082310032678244e+00,3.856971653761827046e+00,1.165886955032766625e-01,7.912073312637368794e-02,3.995344785464854276e+00,3.999932710389296986e+00,3.937772540403128296e+00,3.988264198774309932e+00,3.969128669058410885e+00,3.998829895833264647e+00,3.997508868669560123e+00,3.982338627349680138e+00,3.999368378566599880e+00,2.221203327525348659e+00,2.541536926520198136e+00,2.232648096082026967e+00,3.996997345716541972e+00,3.996009499198710735e+00,3.996997345716541972e+00,3.916545395685680830e+00
3.987690993948593388e+00,3.539022058686835948e+00,3.962045792327189897e+00,3.999974381729687334e+00,3.967894783475686360e+00,3.995626040144613977e+00,3.998643966048752496e+00,3.915343803879213436e+00,3.999305482021135560e+00,3.985681942658644950e+00,3.999805048018608478e+00,3.994474471077973377e+00,3.998096443163715819e+00,3.997763276242821462e+00,3.999911174217899656e+00,3.999670534844763203e+00,3.999056491273861980e+00,3.835093107480793684e+00,3.918233258511218065e+00,3.938633548729291611e+00,3.994980908978087442e+00,3.962920594864620227e+00,3.977198491767705235e+00,3.995533261168132455e+00,3.999911174217899656e+00,3.993246141341712185e+00,3.987024892836986911e+00,7.448890311430915734e-01,4.864661545623745198e-01,3.811285643968563619e+00,0.000000000000000000e+00,5.133842284122325239e-02,9.377943083688864423e-01,3.877467715307747920e+00,3.932841885481812128e+00,3.090156174439057324e+00,3.991641764905540235e+00,3.986095855367868701e+00,3.981448277091518939e+00,3.972915796325568571e+00,1.989528072337160891e+00,1.760072863674324362e+00,2.862912091361917710e+00,3.998171812528095170e+00,3.995054778226659220e+00,3.973992733120463861e+00,3.849623691188829966e+00,3.992358942744360206e+00,3.981448277091518495e+00,3.968329371723012589e+00,3.692014211335684415e+00
