0.000000000000000000e+00,7.623996844327297628e-01,1.164145398746507798e+00,1.698480154287218546e+00,4.901600526078812581e-01,1.491912656707536922e+00,9.399184262516335764e-01,9.098320685179468459e-01,9.081593711458716411e-01,2.400753048419967950e+00,1.070819203098178907e+00,1.157582971568510644e+00,1.081745773043697900e+00,1.059601706901316165e+00,1.048273926362167652e+00,1.149223076254461740e+00,1.097667255097559691e+00,1.099097433995801509e+00,1.093472690850011864e+00,1.116422459212237817e+00,1.440923369924251629e+00,1.531621029817968660e+00,5.643284060083623155e-01,5.783968842162255930e-01,7.417669878485301238e-01,1.062908788521060632e+00,1.394496925952302124e+00,1.505679685464482942e+00,8.936573185026861488e-01,8.936573185026861488e-01,2.357309101622141245e+00,1.868230120839561526e+00,8.967030338982754367e-01,6.243606203367995100e-01,1.015671457199256666e+00,1.617647241252891721e+00,1.575297122762472357e+00,1.535943522194571198e+00,1.594657005857951004e+00,1.445261660041322171e+00,1.650030228859465042e+00,1.640816481438531760e+00,1.634988290753980555e+00,1.644174044047953087e+00,1.642288133162269848e+00,1.614222069798638248e+00,1.620519868927620566e+00,1.636578846642420926e+00,1.643383905219763630e+00,1.627170384903548372e+00,1.648535792459956628e+00,1.617641626537848820e+00,1.640346013782915335e+00,1.661763654171279470e+00,1.628869281387189449e+00,1.626884569348222564e+00,1.609407901648051364e+00,1.581110337858693260e+00,1.540915719930564309e+00,2.377771734465686126e+00,1.656350351259920251e+00,1.875864271760294022e+00,2.261599156282750211e+00,2.424493801823379702e+00,1.893116839777096105e+00,1.675659026182276357e+00,5.908329949937495273e-01,6.216962416378511991e-01,2.413644689533649856e+00,1.854338040501887885e+00,2.459524806518380569e+00,2.432965020202207729e+00,1.936298331720200938e+00,2.210493705327774006e+00,2.263335335348923838e+00,2.156159182492655368e+00,1.784069968155448160e+00,1.646439967644520941e+00,2.207812937713745427e+00,2.306561044867800003e+00,2.011616079644267252e+00,8.698249682166393493e-01,9.309781851564578048e-01,1.224021494123722187e+00,8.538227607378336970e-01,8.219993219621425373e-01,8.676435596109531856e-01,8.596273736991159042e-01,6.132424284125619351e-01,9.903214610638921833e-01,1.112897615930903861e+00,1.607378253147323521e+00,1.582215414030892831e+00,1.624995472660674789e+00,1.616745829902971998e+00,1.631221723807337654e+00,1.548180583763664631e+00,1.520266512496975642e+00,8.647503934921906277e-01,8.962690069171108664e-01,9.123748613862064927e-01,7.969399077608040338e-01,5.845831243723548232e-01,1.962289510910145029e+00,5.675684938734748552e-01,1.875500615212826405e+00,2.269163918796796242e+00,1.868850651348363145e+00,7.186106671164537163e-01,1.036563587709229628e+00,2.134879858440490441e+00,2.112972726219087161e+00,2.166146491911087768e+00,2.170283446326238153e+00,1.954479905787006588e+00,1.702150878704400405e+00,1.708467821593784075e+00,1.961496845470503514e+00,6.005275791006587927e-01,6.303455814344413044e-01,6.433992118809503946e-01,9.999296526915274486e-01,5.866022124017251649e-01
7.623996844327297628e-01,0.000000000000000000e+00,6.736016376611368983e-01,1.531197386672792815e+00,7.932155725211013086e-01,1.734039391998414947e+00,4.439450639248487263e-01,4.088843313977398308e-01,4.723515044191551882e-01,2.690755804669521467e+00,5.135201874784864895e-01,5.686482472726590576e-01,4.992020688708662113e-01,4.908365059274424902e-01,4.966067110510697935e-01,5.839305402690048163e-01,5.338717609479129989e-01,5.315409272457743972e-01,5.064679017180914178e-01,5.605314210540305320e-01,1.477380381398489373e+00,1.901892512576494498e+00,4.847220541374743230e-01,4.254482928950815701e-01,3.288605936941044749e-01,5.064149958845579613e-01,8.415621155258071751e-01,9.603755665123685503e-01,4.225518181464889556e-01,4.225518181464889556e-01,2.661312222613735123e+00,2.374907298179067094e+00,4.678903841767945160e-01,4.205229283954722286e-01,4.735649468514620541e-01,1.035408826862102227e+00,9.898513622179767601e-01,9.564971708864989930e-01,1.049712607568908940e+00,1.286251712677713099e+00,1.092629077573485930e+00,1.084241577165312664e+00,1.074153432470362990e+00,1.085055257843767551e+00,1.082198446339692754e+00,1.050745291693116812e+00,1.069261636327922149e+00,1.076587367668634387e+00,1.079498784726743432e+00,1.062048209596470505e+00,1.090004581760094515e+00,1.051827996405104937e+00,1.074486446961311570e+00,1.107682326651860505e+00,1.065122344172479529e+00,1.061714202348218006e+00,1.027557455804898767e+00,9.981941083972443174e-01,1.020188939166813080e+00,2.792797431683802234e+00,2.137179139375457559e+00,2.367632229263420651e+00,2.655404605490772951e+00,2.830253829548921907e+00,2.421298144386303530e+00,2.171611188317859487e+00,5.422835697198853389e-01,4.834698542197388149e-01,2.718327431497645996e+00,2.368303308452254008e+00,2.800680718749328779e+00,2.750904941701801221e+00,2.444982276857469383e+00,2.568534312177826795e+00,2.655524728102944820e+00,2.539474554476736756e+00,2.239706238408443628e+00,1.549183805538913106e+00,2.731532589394342736e+00,2.803805099991256267e+00,2.242428994611687987e+00,4.490824553849337430e-01,5.814443026175607487e-01,6.653331407542532050e-01,4.010810242958252059e-01,4.030178171190587633e-01,4.246343829823326366e-01,4.052448623747086365e-01,5.320665938193794853e-01,4.959457743180497591e-01,5.609005789516503526e-01,1.043131802466054969e+00,1.020439123734984799e+00,1.058995469786956578e+00,1.049919554381619324e+00,1.065384739358107513e+00,9.791818480392101565e-01,9.583432056874146010e-01,5.707076781993206671e-01,4.595262847408303486e-01,4.680973656521972837e-01,4.070637137629971036e-01,5.169975431323625692e-01,1.851459484212303108e+00,4.700501108172198128e-01,2.308670545515863370e+00,2.817260459465147360e+00,2.378270395268307524e+00,4.164305199419627290e-01,6.016276270633810208e-01,2.312692052458809044e+00,2.262885521146106527e+00,2.296436738815649026e+00,2.331264331101025711e+00,2.208684408380917397e+00,2.081052625306932136e+00,2.076092122832681408e+00,2.223832488580802291e+00,5.176584680103524239e-01,5.783401147961241273e-01,8.513695334486981459e-01,5.727019597131212114e-01,8.314755667399906791e-01
1.164145398746507798e+00,6.736016376611368983e-01,0.000000000000000000e+00,1.283092560649504943e+00,1.016417789892878343e+00,1.850525605346634128e+00,5.189961902476128985e-01,5.597590721957924620e-01,5.955709199023828671e-01,2.737301261573994893e+00,4.713452626114689736e-01,5.526624796808085049e-01,4.565163966237395510e-01,4.585726389849875129e-01,4.494885631467995801e-01,5.035703658402246319e-01,4.447093374803801624e-01,4.464993956561817967e-01,4.586244789610427475e-01,4.571703403022590595e-01,1.453773521798777946e+00,2.079614309805633887e+00,7.970430426700443327e-01,7.736011531989366308e-01,6.127095634136927593e-01,4.403196545188230449e-01,3.612650734030012356e-01,4.984736532950564403e-01,5.214546348891014871e-01,5.214546348891014871e-01,2.706693293856374360e+00,2.654855638926845174e+00,5.832076942966394340e-01,7.476890321787850180e-01,4.476938971615657126e-01,6.130771731300227456e-01,5.253971941525943379e-01,5.224546139261840860e-01,5.322833656273064928e-01,1.437565835586417595e+00,6.428049459913635078e-01,6.340172012973118720e-01,6.305451497032287245e-01,6.380182946453987203e-01,6.331496285392365087e-01,6.087005385363797316e-01,6.178483052544372356e-01,6.384802170060854820e-01,6.291964295035338273e-01,6.235961770404850890e-01,6.438194318585617193e-01,6.045971857073715316e-01,6.390670635856783299e-01,6.487684691019467431e-01,6.264159013521448660e-01,6.259422102949702138e-01,6.086911939910711888e-01,5.512808479564365038e-01,5.469253205484049252e-01,2.973764415301261455e+00,2.373477686925641095e+00,2.629892784805174077e+00,2.799129485705095899e+00,3.007100618253687685e+00,2.700958248759509850e+00,2.423202296261259381e+00,9.174351464090940711e-01,8.387461032009422279e-01,2.772954612975351285e+00,2.651455044982236942e+00,2.879326197402956033e+00,2.778332367287535298e+00,2.695837191208852790e+00,2.693174806827820511e+00,2.819034086904363967e+00,2.691554731459558703e+00,2.426530274091887041e+00,1.570614855915714259e+00,3.001200602237963366e+00,3.091872166015021683e+00,2.448065471667665527e+00,5.061998857186590373e-01,6.143184888636221697e-01,4.596182823718308330e-01,5.978113537722493653e-01,6.089639360173134675e-01,6.339088196366952088e-01,5.794823813546597924e-01,9.613018460187172654e-01,5.120033019348233516e-01,4.758877052799181384e-01,6.066355255214866959e-01,5.950894842371324822e-01,6.231495302452310092e-01,6.168406168755197205e-01,6.295911821427502275e-01,5.828294069527834020e-01,5.594573710997938765e-01,5.189154417478337722e-01,6.861789115106965431e-01,6.609268828345216118e-01,6.873441577334075125e-01,9.413192217355871305e-01,1.790622613981830868e+00,9.003564784578460545e-01,2.562758163579704540e+00,3.156481125142042821e+00,2.703049061992460089e+00,7.149821020243253278e-01,7.757132381722177117e-01,2.424774450076245813e+00,2.360682957116178926e+00,2.361593011711986545e+00,2.416361271145051948e+00,2.337987164273146679e+00,2.301005463951745877e+00,2.279377407009098189e+00,2.348999190637237611e+00,8.780832270047154164e-01,9.547526913696524620e-01,1.155134568829618846e+00,5.990547181603425031e-01,1.132108522856949406e+00
1.698480154287218546e+00,1.531197386672792815e+00,1.283092560649504943e+00,0.000000000000000000e+00,1.454108917384618227e+00,1.660442355423835226e+00,1.506416101498606386e+00,1.457102997463517902e+00,1.671599762300393088e+00,2.142589782505617713e+00,1.491973717078031170e+00,1.447364024713826858e+00,1.433268825900168242e+00,1.462554883412283235e+00,1.449927402426576029e+00,1.586817891431131278e+00,1.383349150557924068e+00,1.494690110114590853e+00,1.417084533440505334e+00,1.439030687270353104e+00,1.134762223314198959e+00,2.088273271584130342e+00,1.593231544260667709e+00,1.582722328482011775e+00,1.525219548760604837e+00,1.461894973478331972e+00,1.499095886477293860e+00,1.495615227055725249e+00,1.500738295256729415e+00,1.500738295256729415e+00,2.173272483390629173e+00,2.563816206595479930e+00,1.475902699255364547e+00,1.625577775014300119e+00,1.517196597027647309e+00,1.524311207316244365e+00,1.495698968995674782e+00,1.498958165289212552e+00,1.522035207211468455e+00,2.310448796058172771e+00,1.552554494578403776e+00,1.548685266898411239e+00,1.556614018301920366e+00,1.552348381567820290e+00,1.545823628470169853e+00,1.539099442276299357e+00,1.558676264375035592e+00,1.542142482860086261e+00,1.543794810238801274e+00,1.541456485594697723e+00,1.550221180406911703e+00,1.539140927513620749e+00,1.532191573723587830e+00,1.548480691793606923e+00,1.545135268357989533e+00,1.537322612103857011e+00,1.536868450612025372e+00,1.499306351874835741e+00,1.517354511203540701e+00,2.535351999193036665e+00,2.413634378814919934e+00,2.445844329242338411e+00,2.358069938009214717e+00,2.552658766516552991e+00,2.577236499134341940e+00,2.288521779520049204e+00,1.760947724848309415e+00,1.685710732099899190e+00,2.217656828887110798e+00,2.576868549804679276e+00,2.366110473200980557e+00,2.262131456377968863e+00,2.557797040625461094e+00,2.209037373777399615e+00,2.364387915450316235e+00,2.257763904671467259e+00,2.287490699385854587e+00,2.244557413234467447e+00,2.873164441981659767e+00,2.922162085821536692e+00,2.534311173718120092e+00,1.401672340184164200e+00,1.447604096964067777e+00,1.471885542117836509e+00,1.472869876825729563e+00,1.487366410294353791e+00,1.559443800054900464e+00,1.479086205323595360e+00,1.813400671160093180e+00,1.353761538313937196e+00,1.441255769100087791e+00,1.531336597481457229e+00,1.532644869173304336e+00,1.530082650633982189e+00,1.526308856836606553e+00,1.538800455846353943e+00,1.542519783799348287e+00,1.545556325161929090e+00,1.468208004278252821e+00,1.518803704725287362e+00,1.498824006747975446e+00,1.561844810084012547e+00,1.769891226491978831e+00,1.263373200034009658e+00,1.657138527862957122e+00,2.501945247434254949e+00,3.071049596106319779e+00,2.587124107336830736e+00,1.601960334589302537e+00,1.702766644068484991e+00,1.829737584330376254e+00,1.747120986752279892e+00,1.734974564813060782e+00,1.798126404140411694e+00,1.799915138141459314e+00,2.005685717128630419e+00,1.965300406083358542e+00,1.815491361055858288e+00,1.691851621141459372e+00,1.810134421367346702e+00,1.652530356016293611e+00,1.698485983045743275e+00,1.629673368473434580e+00
4.901600526078812581e-01,7.932155725211013086e-01,1.016417789892878343e+00,1.454108917384618227e+00,0.000000000000000000e+00,1.298865186993596321e+00,9.008460069990460450e-01,8.774069553304650881e-01,9.267331396230850116e-01,2.203400537639258250e+00,1.055207430128547452e+00,1.141331960589844208e+00,1.053796850293289733e+00,1.032571581559807328e+00,1.029495971429014167e+00,1.135442357670484403e+00,1.056967298739875272e+00,1.068679449461140907e+00,1.060661199359629991e+00,1.082486069355846237e+00,1.222834114660884319e+00,1.463212943900768614e+00,6.291163448154045712e-01,6.984724855910862118e-01,7.542248967107926250e-01,1.030276721354222547e+00,1.276628157440265143e+00,1.354357717821525364e+00,8.461232926146105005e-01,8.461232926146105005e-01,2.160509240135600528e+00,1.871422348649977918e+00,9.032319525236893742e-01,7.111535654754067570e-01,9.996454427772608620e-01,1.485915040506433638e+00,1.446929647497903648e+00,1.409336412828159579e+00,1.455588881474987550e+00,1.639018421324152763e+00,1.508261981853137090e+00,1.498014801547909114e+00,1.497549386375007563e+00,1.503366235375602100e+00,1.500584564139317179e+00,1.474692215723383049e+00,1.481044833104504743e+00,1.494725657718182443e+00,1.504199190219640325e+00,1.490946437882272102e+00,1.505830483768768824e+00,1.478272769830368372e+00,1.502694208076575499e+00,1.514559911355780830e+00,1.492274903557758936e+00,1.491895427855846723e+00,1.478471701457237497e+00,1.446686638130655345e+00,1.388265781197316917e+00,2.263651532364221453e+00,1.636843715041310210e+00,1.853192232046227961e+00,2.127058469353828585e+00,2.303910138648440409e+00,1.893274101952899580e+00,1.652467478463793382e+00,7.108421241746084585e-01,7.251082954892259513e-01,2.217595312276118946e+00,1.859469762053538533e+00,2.273747019359237065e+00,2.229606119935941599e+00,1.923080107857438881e+00,2.064556555234989155e+00,2.133000207050512742e+00,2.025870979208723277e+00,1.708961096780238220e+00,1.519112904716386048e+00,2.205532686959088551e+00,2.311359296009038111e+00,2.146434317072504872e+00,8.356600115381703775e-01,8.970383896081095543e-01,1.174569501152772144e+00,8.422590265637278639e-01,8.260901884290314801e-01,8.997303634485569468e-01,8.660978183087282289e-01,7.760200924189338823e-01,9.194188438162178567e-01,1.067358837457564213e+00,1.472347780844624809e+00,1.449787954977320714e+00,1.488522960409667251e+00,1.479787919941421004e+00,1.494807930467510149e+00,1.416334631554048151e+00,1.394441693073535937e+00,7.557228578113444062e-01,9.016235723774868038e-01,9.100065999013807749e-01,8.550706216088370670e-01,7.329441342359596101e-01,1.750856669936115662e+00,7.075915045042292517e-01,1.819203675033040479e+00,2.294493493136058770e+00,1.876774024347966474e+00,7.579905806808259205e-01,1.028355796352524054e+00,2.000038964028235444e+00,1.975115599189533500e+00,2.005047559456085260e+00,2.019594572208890160e+00,1.828042823022007157e+00,1.661323884727914146e+00,1.654934562099559026e+00,1.833891317162767987e+00,7.345230896270491527e-01,8.235104323203999988e-01,6.555660082763975494e-01,9.592754243108714274e-01,5.583783069925705167e-01
1.491912656707536922e+00,1.734039391998414947e+00,1.850525605346634128e+00,1.660442355423835226e+00,1.298865186993596321e+00,0.000000000000000000e+00,1.818905690414233556e+00,1.762993254173839119e+00,1.931545030571285571e+00,1.871694988338452381e+00,1.942701912670514508e+00,1.963324373496039499e+00,1.916538937184581570e+00,1.911060799252922937e+00,1.903584029811107969e+00,2.047268906203360661e+00,1.902617496285007093e+00,1.941509171364044661e+00,1.909603935420620457e+00,1.949758911134063633e+00,1.062494657273310050e+00,1.448577844901665967e+00,1.647591137931851746e+00,1.682627429998984958e+00,1.720585834267971848e+00,1.911170392333304102e+00,2.105392394007052026e+00,2.101362648711261549e+00,1.751322758883972819e+00,1.751322758883972819e+00,1.863898652640209486e+00,1.829619042843723786e+00,1.805691262386400764e+00,1.730731372163018644e+00,1.921712327217041993e+00,2.181413010824766463e+00,2.189979362614510094e+00,2.148776522223104113e+00,2.234586611040703108e+00,2.677414397767998278e+00,2.196832257197187666e+00,2.191748571376335608e+00,2.191729177356741776e+00,2.196327470024678874e+00,2.192543495626251726e+00,2.175299552747270937e+00,2.185003690971091039e+00,2.179123474265439508e+00,2.196337146754040681e+00,2.186024860028489059e+00,2.192347878025969088e+00,2.180681170446747696e+00,2.182911322412767419e+00,2.196675557343817253e+00,2.181361964034433498e+00,2.180256628794283280e+00,2.190843417106402846e+00,2.172516746625769990e+00,2.140610149545507213e+00,2.010073135733611682e+00,1.671855388232631023e+00,1.698120069342351712e+00,1.946811689983047655e+00,2.077724091688108565e+00,1.821126618988474721e+00,1.616764200121539874e+00,1.699948636515887346e+00,1.691915021290109955e+00,1.889250933431481982e+00,1.824460907884622562e+00,1.971245830798832088e+00,1.949323495372493387e+00,1.900738290168336952e+00,1.845906595061513888e+00,1.903370453452918110e+00,1.819695782031039100e+00,1.719181736478383460e+00,2.005601124224205556e+00,1.953970984937990041e+00,2.053284505382691361e+00,2.722886019716431072e+00,1.767194498046751772e+00,1.813981576607796686e+00,2.056854492240698828e+00,1.766993735199789750e+00,1.717688082986781106e+00,1.803289957128386245e+00,1.757156065427114777e+00,1.765783020741587439e+00,1.784590492855515187e+00,1.950926124577590848e+00,2.168037791157199745e+00,2.154252479588855351e+00,2.176889358330670543e+00,2.170906752793582584e+00,2.183019999266337496e+00,2.132868711648054472e+00,2.129095154626809094e+00,1.745124617030744840e+00,1.782414029707461323e+00,1.779094057376551241e+00,1.788038532281182924e+00,1.730261416184306844e+00,1.449466786428722287e+00,1.654217428220347008e+00,1.525580078625752734e+00,2.082617907526262968e+00,1.681780344165987096e+00,1.707696155631502455e+00,1.855642222467251301e+00,1.548253269682151601e+00,1.554745335540353546e+00,1.579486408975670164e+00,1.573843681317088850e+00,1.429639598590913829e+00,1.581130960307098654e+00,1.559646587745685320e+00,1.455781055243506206e+00,1.794451774107165498e+00,1.898586093201217073e+00,1.511962240161383253e+00,1.939790792444479273e+00,1.464643959589553512e+00
9.399184262516335764e-01,4.439450639248487263e-01,5.189961902476128985e-01,1.506416101498606386e+00,9.008460069990460450e-01,1.818905690414233556e+00,0.000000000000000000e+00,1.781463320267166195e-01,3.317347979575612782e-01,2.777814626297942180e+00,3.984730452666784828e-01,5.212010348127070758e-01,3.794685577237590368e-01,3.997988910562345621e-01,4.134173032034914597e-01,4.863170360614850196e-01,4.513893146070398488e-01,4.221254442997626755e-01,3.831629506747579739e-01,4.575421742146512094e-01,1.490316895690023458e+00,2.028301717941139337e+00,5.114866927920106443e-01,4.960953290847689434e-01,2.905271092811178568e-01,3.285857618060722962e-01,6.307203546559261298e-01,7.089932784064791882e-01,2.464026763294715483e-01,2.464026763294715483e-01,2.741152447828103522e+00,2.544057729399090029e+00,3.394394146396931267e-01,4.273926991241012163e-01,3.251442494799554606e-01,8.218505281075113578e-01,7.934173024051023315e-01,7.498927266742246855e-01,8.603489760649734031e-01,1.315828354722351934e+00,8.516427298532361911e-01,8.465597742757616784e-01,8.388801530142352414e-01,8.455320508486907638e-01,8.427491079556008735e-01,8.173502264316561128e-01,8.267210981728414509e-01,8.421699490417381417e-01,8.480348861009889827e-01,8.348383618865109490e-01,8.502527699905233494e-01,8.202016881025775419e-01,8.514515149081307577e-01,8.677455132851972230e-01,8.364511294672007935e-01,8.373466400087662409e-01,8.041886799827904220e-01,7.806707360034104148e-01,7.731659207372419962e-01,2.917858933676530153e+00,2.278771095621650922e+00,2.534314184157437477e+00,2.761504709620050679e+00,2.957948512550850229e+00,2.589856936330719783e+00,2.327975264964523561e+00,5.507245612739359863e-01,4.649711760900995250e-01,2.806587519846284628e+00,2.540766941650830280e+00,2.881063760153003361e+00,2.812776808261433725e+00,2.592507848990936559e+00,2.667027358230130929e+00,2.768591061282116073e+00,2.639719963028734906e+00,2.351377716794707418e+00,1.527250622275007297e+00,2.902383180250326600e+00,2.988236995859678835e+00,2.385564420728456980e+00,2.948596784101396584e-01,4.630520573420677799e-01,4.539045571604466978e-01,3.029103413743067241e-01,3.900102992205824459e-01,3.887487784071375629e-01,3.345214129337685249e-01,6.258203118614221738e-01,3.313237364375939964e-01,4.161511820142442808e-01,8.148678382302070311e-01,7.856142054641125361e-01,8.337569477039379340e-01,8.283528771013269898e-01,8.367863730590104909e-01,7.504325406582831315e-01,7.150110331423072951e-01,4.681072127005224126e-01,4.204005692901980895e-01,3.908547298102755252e-01,4.318795967711786532e-01,6.134846667855865521e-01,1.850412911345956424e+00,5.099673429731328422e-01,2.466375145690937742e+00,2.979244184168305054e+00,2.544843750228417800e+00,3.991051502041901289e-01,5.428909397599439579e-01,2.457814726110948200e+00,2.407582892301069144e+00,2.420616092256273166e+00,2.462821625565227546e+00,2.363596449980868819e+00,2.268576017111792797e+00,2.250544810058343170e+00,2.376064358420498124e+00,6.196804549818437646e-01,6.517128353096783844e-01,1.068017731784871138e+00,3.845510052502528198e-01,1.039708096407230498e+00
9.098320685179468459e-01,4.088843313977398308e-01,5.597590721957924620e-01,1.457102997463517902e+00,8.774069553304650881e-01,1.762993254173839119e+00,1.781463320267166195e-01,0.000000000000000000e+00,4.116977227496926850e-01,2.735646627145123855e+00,4.341499757256184755e-01,5.077374636926675899e-01,3.977583110496255014e-01,4.119192143977900566e-01,4.351205019777151795e-01,5.417293190965445371e-01,4.436680155801105974e-01,4.513738208160791854e-01,3.869419673874775478e-01,4.787871395865014312e-01,1.421118614430439298e+00,1.969061194727964592e+00,4.944886314550617223e-01,4.849940503092104449e-01,2.740875509913188179e-01,3.593226645451554346e-01,6.991735770045706122e-01,7.515267469653956756e-01,2.234510673598343045e-01,2.234510673598343045e-01,2.702195049314984221e+00,2.495008881446894478e+00,3.639585994210298714e-01,4.428080385059458002e-01,3.853886028269626340e-01,8.470312295836405214e-01,8.212076091339240991e-01,7.811761439699210774e-01,9.069556885285195991e-01,1.380493682949510914e+00,8.838660588253737238e-01,8.780936223422957099e-01,8.722031977789332924e-01,8.778082489157508217e-01,8.762466476829268158e-01,8.497339350485363374e-01,8.658527066246024528e-01,8.709316261637409795e-01,8.781658174110591464e-01,8.642368727706104536e-01,8.821983853850902113e-01,8.531892170434243194e-01,8.770283136714035477e-01,9.019834813258915673e-01,8.660913688899791740e-01,8.655115376832321905e-01,8.343709571050560436e-01,8.095776609466021068e-01,8.250448382634761879e-01,2.869540826583854010e+00,2.241739600817191924e+00,2.477001525464237019e+00,2.727204538569043990e+00,2.910263985102318873e+00,2.540129840909211456e+00,2.278539750932026653e+00,5.621310643904757764e-01,4.767580963566731000e-01,2.763059183777990757e+00,2.492286918173002075e+00,2.841224559095988589e+00,2.779571990376176416e+00,2.545564020429589291e+00,2.626330257023022252e+00,2.724151673932166506e+00,2.597843094336537817e+00,2.324974476351397090e+00,1.518836714571276225e+00,2.865878782431580341e+00,2.946164972313129127e+00,2.393701714732182850e+00,3.336509882656588100e-01,5.172458291449599788e-01,5.155482599750188522e-01,3.188954909072523880e-01,4.097640673246600307e-01,4.242261332466794599e-01,3.619761818073047865e-01,6.512425169163135186e-01,3.363784819009617011e-01,4.386362902909456407e-01,8.442075319754249740e-01,8.174188973462990226e-01,8.615101106201829007e-01,8.551585146486081479e-01,8.655700655669912313e-01,7.827108331118655116e-01,7.553747234984704573e-01,5.529114235692265122e-01,4.476478166910460299e-01,4.194211828477661386e-01,4.640372593143723412e-01,6.301530846072187497e-01,1.764280634487201516e+00,4.830548979941554633e-01,2.403304694932058894e+00,2.932129934271483052e+00,2.488501563609525569e+00,4.334099116798095230e-01,5.248672923132111645e-01,2.384715617589739711e+00,2.334695431448497782e+00,2.348088200472007614e+00,2.390306372591233686e+00,2.282279760727581763e+00,2.206738467595281250e+00,2.187594415612316379e+00,2.296934630593374660e+00,6.355680810894719368e-01,6.901937448881299009e-01,1.050511835303210129e+00,4.618555859759507776e-01,1.020382157727460104e+00
9.081593711458716411e-01,4.723515044191551882e-01,5.955709199023828671e-01,1.671599762300393088e+00,9.267331396230850116e-01,1.931545030571285571e+00,3.317347979575612782e-01,4.116977227496926850e-01,0.000000000000000000e+00,2.874200113356786268e+00,3.726131835132494574e-01,5.402197884031703090e-01,4.195096887783533735e-01,4.099491210541686970e-01,4.013867612681682462e-01,3.927649455855097838e-01,5.034559116738630546e-01,4.005496251014696307e-01,4.403946799880578133e-01,4.556114491087142615e-01,1.632850436197772925e+00,2.060594435314921036e+00,5.354596425921605007e-01,4.875899589361554765e-01,3.424605920294437333e-01,3.630920636338318963e-01,6.540532095592145323e-01,8.051673985443427162e-01,3.473337963011556839e-01,3.473337963011556839e-01,2.832814444249523333e+00,2.558887234394711552e+00,3.454987437748726631e-01,3.756495708157533975e-01,3.012454403131003544e-01,9.097589420445263420e-01,8.571572226879716760e-01,8.287343048338895457e-01,8.837836414181935440e-01,1.164167400057816160e+00,9.414206735304619933e-01,9.329370293063952158e-01,9.233180736574648773e-01,9.342043153771200092e-01,9.333234974608862755e-01,9.052449684018784026e-01,9.100770617662534701e-01,9.333286551273941578e-01,9.300113524541471222e-01,9.165964306102087900e-01,9.400156329400037869e-01,9.044392352171567451e-01,9.368974959712104145e-01,9.538692335221129470e-01,9.192325136870690416e-01,9.204824550536617744e-01,8.932417413625326486e-01,8.698142391133371065e-01,8.358352252239894531e-01,3.002919305598100941e+00,2.284729336648232412e+00,2.567858685410201236e+00,2.835268700654439478e+00,3.041778423050386593e+00,2.602317889135059570e+00,2.359597341502421841e+00,5.623302708235330405e-01,4.822486815128619875e-01,2.899884371652534210e+00,2.545153951029309525e+00,2.981782245832287348e+00,2.902762934983673659e+00,2.618803777531625965e+00,2.756284592302968406e+00,2.855981063782031981e+00,2.726713463935406256e+00,2.371731605361988127e+00,1.522083602160739124e+00,2.900671664724968402e+00,2.986712989123525119e+00,2.321689018199557086e+00,3.652674944349504904e-01,4.693659293164401114e-01,4.914849789987044693e-01,3.603606203845705069e-01,4.144321652586879789e-01,3.708652949961575573e-01,3.835528659278262253e-01,5.402003062085498630e-01,4.521508731244822665e-01,4.487249151774001521e-01,9.029228382686388388e-01,8.801166640395087226e-01,9.196124942615419018e-01,9.135431686002103424e-01,9.235974001341952233e-01,8.517979954126186914e-01,8.129123856881782517e-01,5.083851027798177435e-01,4.982734570814281172e-01,4.981225733570561198e-01,3.906681581906111256e-01,5.457193217429147092e-01,2.075356315970680932e+00,5.719430684921283925e-01,2.511911697395338816e+00,3.004607401606459227e+00,2.588649407235504629e+00,4.102821347217986969e-01,5.891290266452023916e-01,2.547990826997672986e+00,2.498637672897794815e+00,2.519183138557691048e+00,2.556514967957259632e+00,2.447562402137244852e+00,2.293843504555399537e+00,2.286440722514277990e+00,2.456038517724036918e+00,5.463284830322346908e-01,5.268403302837717517e-01,1.017310407583906562e+00,2.582605824965303887e-01,1.000163882314527353e+00
2.400753048419967950e+00,2.690755804669521467e+00,2.737301261573994893e+00,2.142589782505617713e+00,2.203400537639258250e+00,1.871694988338452381e+00,2.777814626297942180e+00,2.735646627145123855e+00,2.874200113356786268e+00,0.000000000000000000e+00,2.897541145011571562e+00,2.933276819122335510e+00,2.868635822283350567e+00,2.867644257158125765e+00,2.859706473313959663e+00,2.986720530809229501e+00,2.855792916506052492e+00,2.914190162210643642e+00,2.864830084407782085e+00,2.893817363246450114e+00,1.917324987732765607e+00,1.958293570411445472e+00,2.569372657090532641e+00,2.623336853331506013e+00,2.686303498663668243e+00,2.869182505863494992e+00,3.016403041401335194e+00,2.994722598841237815e+00,2.742819390718325590e+00,2.742819390718325590e+00,2.064071461198226931e-01,1.836164657932851663e+00,2.754093179023955784e+00,2.663519546289345730e+00,2.869288360740274602e+00,3.091785800045215638e+00,3.093290103052790840e+00,3.064315687692043877e+00,3.114518788399923910e+00,3.246032864665951756e+00,3.099191464695272735e+00,3.091415867886406765e+00,3.096784240439740099e+00,3.098955715097433394e+00,3.091561354747071722e+00,3.081031598059378318e+00,3.084428433200081532e+00,3.086222508877552340e+00,3.099733702769932542e+00,3.089826935983087886e+00,3.090008240346492574e+00,3.085691318729244959e+00,3.089447832040709496e+00,3.092998345437797614e+00,3.089218277514107935e+00,3.087499251622053631e+00,3.097450058441109100e+00,3.077409550004347683e+00,3.030089720447266544e+00,8.723649551577183914e-01,1.870280207930243632e+00,1.661543210030191453e+00,7.227578267274082924e-01,8.679273044363409184e-01,1.814255839539199000e+00,1.664382368251917432e+00,2.658684272794908932e+00,2.665713185193464341e+00,2.132712545003949134e-01,1.876966238696694544e+00,4.651344492469164926e-01,3.672957024196587539e-01,1.725131624937868313e+00,6.876577881573898710e-01,7.646818440807348072e-01,7.953887386148795757e-01,1.358959483181847228e+00,2.927602556725080518e+00,2.002470035255083047e+00,2.065188198708400868e+00,2.713188944106044165e+00,2.683925139395349824e+00,2.698398665561749787e+00,2.938777811852532285e+00,2.714830769282087886e+00,2.735854988506547514e+00,2.808176550451282338e+00,2.748640508792916215e+00,2.743461597536200003e+00,2.719881470606063889e+00,2.878978180434988765e+00,3.077193619288769444e+00,3.068077413700973199e+00,3.084663173067043296e+00,3.080298305921006286e+00,3.088068719497858883e+00,3.062046087823403706e+00,3.051866523361349337e+00,2.628470481687530391e+00,2.782027509909763108e+00,2.775445047020545619e+00,2.781611419593188916e+00,2.718126013463155299e+00,2.096975048315992574e+00,2.644305663164467912e+00,1.873966574087203574e+00,2.124589725499339554e+00,1.887966504247057253e+00,2.733273853536513087e+00,2.950033886878803191e+00,2.002887820779872818e+00,2.053150558782621093e+00,2.025857887894137122e+00,1.994179111420854689e+00,1.538731337214955364e+00,1.747692844985338612e+00,1.720993730865212346e+00,1.514729852998427884e+00,2.665916927845602302e+00,2.773203796323836734e+00,2.392108987351134530e+00,2.891562699822573190e+00,2.344808711154031666e+00
1.070819203098178907e+00,5.135201874784864895e-01,4.713452626114689736e-01,1.491973717078031170e+00,1.055207430128547452e+00,1.942701912670514508e+00,3.984730452666784828e-01,4.341499757256184755e-01,3.726131835132494574e-01,2.897541145011571562e+00,0.000000000000000000e+00,2.254011962204805763e-01,1.248252532750350613e-01,1.290478664702317813e-01,1.076337170469316706e-01,1.769763746399266591e-01,1.938540254132003204e-01,1.016579378696639280e-01,1.533587115227414144e-01,1.333764708225033124e-01,1.544340213744742174e+00,2.161866344433053921e+00,7.100287057969631999e-01,6.134557779380643838e-01,4.482087274104343821e-01,1.397326377861047852e-01,4.935117683739319028e-01,6.696234370246390011e-01,4.028991026865129665e-01,4.028991026865129665e-01,2.867837961039209294e+00,2.704983673623959639e+00,3.144678554114133662e-01,5.902401624532094271e-01,1.562573113320346041e-01,7.155094109697911486e-01,6.500429816934041316e-01,6.234520043309942361e-01,6.954246663202107159e-01,1.291482329216248726e+00,7.756241296612758074e-01,7.686141877343094508e-01,7.577612610968291751e-01,7.692952170988714977e-01,7.690553325371415339e-01,7.375606558104773613e-01,7.539866018970819983e-01,7.657016015171431711e-01,7.594332173895030902e-01,7.422790012028791518e-01,7.765415979408440972e-01,7.354748498966477976e-01,7.564392381519202679e-01,7.868468432646283928e-01,7.470575468680572540e-01,7.436386873829130550e-01,7.108790494884025257e-01,6.766252022767479390e-01,6.910169078395317355e-01,3.076076653146401441e+00,2.441951278448643681e+00,2.690239980739888459e+00,2.907046941743971047e+00,3.112625471465180649e+00,2.742947738150388393e+00,2.486485309588811532e+00,7.883660868656613419e-01,6.869121862471329054e-01,2.932023993891139657e+00,2.694927239115324280e+00,3.035512572353460392e+00,2.950273901636941254e+00,2.762203075164916477e+00,2.806968456690007052e+00,2.921970366846707634e+00,2.789978080594393006e+00,2.489155089702804968e+00,1.649277480164525134e+00,3.049582535749050471e+00,3.128254908314117788e+00,2.398129985036300926e+00,3.699745529339775185e-01,4.539265425727732062e-01,3.181484369450200966e-01,3.684579038730627087e-01,3.925226095928777692e-01,3.521532373585081199e-01,3.417385253925311339e-01,7.569816428005171627e-01,3.617457035218928918e-01,2.267819173643059183e-01,7.289761456561111297e-01,7.125270765062760026e-01,7.400777022857147891e-01,7.342077062765471895e-01,7.499550397203229579e-01,6.969771035675188520e-01,6.653620465956966434e-01,5.975036331251754040e-01,4.464086873303823588e-01,4.402420631911092563e-01,4.055799330941011749e-01,7.322685231323756705e-01,1.923535251985169614e+00,7.304397472338676200e-01,2.640564875645114551e+00,3.179032277538745621e+00,2.733160604054544862e+00,5.217041945673559500e-01,6.129561428281581348e-01,2.513951636078850083e+00,2.447094860707481168e+00,2.469261921145943450e+00,2.517640861747870495e+00,2.436402088736089766e+00,2.350687664181675185e+00,2.341328656861533908e+00,2.450855893774442684e+00,7.289465539572076436e-01,7.388574529111984202e-01,1.096076742970637063e+00,4.433885664359441536e-01,1.090473150216138221e+00
1.157582971568510644e+00,5.686482472726590576e-01,5.526624796808085049e-01,1.447364024713826858e+00,1.141331960589844208e+00,1.963324373496039499e+00,5.212010348127070758e-01,5.077374636926675899e-01,5.402197884031703090e-01,2.933276819122335510e+00,2.254011962204805763e-01,0.000000000000000000e+00,1.852178577268988602e-01,2.143266010635410668e-01,2.179389241756646833e-01,3.087527904013009361e-01,2.098712717006036843e-01,2.178394609358661194e-01,1.725574502519749143e-01,1.797775690447190045e-01,1.528804683841300971e+00,2.210884505690605017e+00,8.314448711749502507e-01,7.327510730918813664e-01,5.572735622641639130e-01,2.540452402066229465e-01,5.571433847492407443e-01,7.236490663941544943e-01,5.045985201209629567e-01,5.045985201209629567e-01,2.913297656313544870e+00,2.778082859300615048e+00,4.505318793347848350e-01,7.286154811160593381e-01,3.259690575744002006e-01,7.077136922437400335e-01,6.404852277131994898e-01,6.226291557379957098e-01,7.160934415866756497e-01,1.400021990129766580e+00,7.909413315713810233e-01,7.847526866959615433e-01,7.728911319118879630e-01,7.837402763119860616e-01,7.858232612505686721e-01,7.521338307624789721e-01,7.809025164268034169e-01,7.763537629398644668e-01,7.683695100759591057e-01,7.515086788540127349e-01,7.936962851853208711e-01,7.493672805243696278e-01,7.593120258046133220e-01,8.047942409537925945e-01,7.570736353884131020e-01,7.506174845625736003e-01,7.127274318368489459e-01,6.748949618415884810e-01,7.449236843951980713e-01,3.123284150403399906e+00,2.531178091598753621e+00,2.753135050114081661e+00,2.961618647309402164e+00,3.156792449739295847e+00,2.811697838442196673e+00,2.557084336439538585e+00,9.226713643278638965e-01,8.186817247494915240e-01,2.972078725929883536e+00,2.766031017370051082e+00,3.088102013646729649e+00,3.006182279882424702e+00,2.841626167195210328e+00,2.850254383382420098e+00,2.966963136084362684e+00,2.837647218048075626e+00,2.567717907457640614e+00,1.731295633591729333e+00,3.123269726527748702e+00,3.187552315418896054e+00,2.469797713419095597e+00,5.066617902243810700e-01,5.998180340539563948e-01,3.700267164975789003e-01,4.582315967816519842e-01,4.905311816423681415e-01,4.700175510287145086e-01,4.548510669711852139e-01,8.842241564577769664e-01,4.444412465964424630e-01,3.164088155473129826e-01,7.368892157122578501e-01,7.257920734995177980e-01,7.458116963082664919e-01,7.380653425101122433e-01,7.571498125070429408e-01,7.138135575663098198e-01,6.944768710361639563e-01,7.328105987297970358e-01,5.060144359669700442e-01,5.001055742248280422e-01,5.155814676775484218e-01,8.535091337131930356e-01,1.884858580470515355e+00,8.196036045946545334e-01,2.694535720969588599e+00,3.245412978009572402e+00,2.785213383505358298e+00,6.373087149899008264e-01,6.480762309155508882e-01,2.494398253477059679e+00,2.418994828182026158e+00,2.449116396813248553e+00,2.503307080686621333e+00,2.436603385894306584e+00,2.384963244939164895e+00,2.373784339713983726e+00,2.457820269207137365e+00,8.566484804256926378e-01,8.706326385310054761e-01,1.161686707224937498e+00,5.814268266092214033e-01,1.158038706095819936e+00
1.081745773043697900e+00,4.992020688708662113e-01,4.565163966237395510e-01,1.433268825900168242e+00,1.053796850293289733e+00,1.916538937184581570e+00,3.794685577237590368e-01,3.977583110496255014e-01,4.195096887783533735e-01,2.868635822283350567e+00,1.248252532750350613e-01,1.852178577268988602e-01,0.000000000000000000e+00,1.254725210440548744e-01,1.322245848637206012e-01,2.584115317279350177e-01,1.827894097644261473e-01,1.468751375918531388e-01,6.830733517731849003e-02,1.411582936585244474e-01,1.498218325966669484e+00,2.150032720813182419e+00,7.140679935881173446e-01,6.255988022716254537e-01,4.408469339803967602e-01,1.298810369395480835e-01,5.054519507902214270e-01,6.639243444346640821e-01,3.867133040638741637e-01,3.867133040638741637e-01,2.842267267207372772e+00,2.697987048631504070e+00,3.291775522852219971e-01,6.080273455276024031e-01,1.891716733085492264e-01,6.993794136130494499e-01,6.383972421877239789e-01,6.137467140314749603e-01,7.015948403138441147e-01,1.329385179893215474e+00,7.632636755280903795e-01,7.571924863386142457e-01,7.461678528298462121e-01,7.568237266200040780e-01,7.557094270812855230e-01,7.257401695398520980e-01,7.454144303321977860e-01,7.523610628636636655e-01,7.456671884659442640e-01,7.298333163241448318e-01,7.636446090214561444e-01,7.228294214166907095e-01,7.419605491333807201e-01,7.758184924639568436e-01,7.342966766486256347e-01,7.305438472028984442e-01,6.960415678948115303e-01,6.599798797248832560e-01,6.912840703689551169e-01,3.051647356632022579e+00,2.442603426712165238e+00,2.678021551941598855e+00,2.887203749772266015e+00,3.085580171634212832e+00,2.734819266630055257e+00,2.475545680454235509e+00,8.017061534492833097e-01,6.972336127626236335e-01,2.904122835446079076e+00,2.688378005802631421e+00,3.009126737267083129e+00,2.926864090895838100e+00,2.754494829031331360e+00,2.780903818660780846e+00,2.896310493177270740e+00,2.766629754683081810e+00,2.486179917460670463e+00,1.658847249608298657e+00,3.045371271177863548e+00,3.119301328390261308e+00,2.411806277045619673e+00,3.658941306993401255e-01,4.698718014218749572e-01,2.799201182676626654e-01,3.540396956970186526e-01,3.919072205746100823e-01,3.654085175936942487e-01,3.376074564384755061e-01,7.829462438044071382e-01,3.298108482468531943e-01,2.178676612363609211e-01,7.144575184880143093e-01,6.985246603330488302e-01,7.262402516681514264e-01,7.205800517374277847e-01,7.356175632890327165e-01,6.803589893187754756e-01,6.509651298947513043e-01,6.023821227803447531e-01,4.216182808997345210e-01,4.109061999179643987e-01,4.227228273909903744e-01,7.571842696388221272e-01,1.871324794364303878e+00,7.228534522699207043e-01,2.625950785993417913e+00,3.168829998784711499e+00,2.715022395843731395e+00,5.317217444662000192e-01,6.129189306990813213e-01,2.471690004120560058e+00,2.403176651612810133e+00,2.424679156180600259e+00,2.475180961595178086e+00,2.401729605369321785e+00,2.332616708958899832e+00,2.321833290899492308e+00,2.417729612208181944e+00,7.503810096431622334e-01,7.739835410721509490e-01,1.112254774274404001e+00,4.862478120240703583e-01,1.103531798040460643e+00
