0.000000000000000000e+00,4.921850202742437119e-01,4.860098886964876463e-01,3.686782891625771441e+00,2.689973394939622064e-01,3.991189507895456678e+00,2.516074040866294048e-01,2.716260095044531475e-01,2.192564689130587219e-01,3.903938401092462041e+00,1.339672961770823623e-01,2.435330049295429955e-01,1.551933467321799931e-01,2.985612312768968213e-01,2.357462679646644688e-01,2.039448484787687033e-01,1.969386922003861784e-01,1.714920895314726579e-01,2.093531963308439270e-01,2.116915263212637566e-01,3.947157805746320580e+00,3.990624356322530986e+00,1.650457189541627567e-01,3.064985424406287962e-01,3.150952059857048404e-01,2.402050229431420547e-01,2.733850384501517183e-01,6.995120252999422750e-01,1.993624571956129632e-01,1.993624571956129632e-01,3.914437096161769603e+00,3.797894023871079661e+00,2.524555539290695982e-01,1.899002681203252330e-01,1.896034591749808929e-01,5.318289629129571150e-01,4.701571981631360586e-01,5.060272125577647273e-01,3.122799860489950952e-01,2.265896713923608807e+00,5.330146999007090436e-01,5.478103672488159326e-01,5.576881110296847410e-01,5.487707842191698049e-01,5.661787846990347095e-01,5.744781031953247741e-01,5.509343077964283797e-01,5.406298327166823015e-01,5.747229621495892893e-01,5.712988910761849226e-01,5.482904872907927718e-01,5.325402709942472779e-01,5.637474044736223711e-01,5.468506580580483334e-01,5.917226710727536698e-01,5.579299563104227477e-01,5.588977766393392610e-01,4.487881535791560239e-01,5.394369614608558461e-01,3.992956479066706255e+00,3.957663365117487508e+00,3.744309345000314870e+00,3.953194524127649156e+00,3.995987429166570237e+00,3.666807697450552350e+00,3.337482809865899736e+00,2.200516803241536756e-01,1.703625035437807966e-01,3.998260247123300637e+00,3.763101516496820231e+00,3.978748154136466653e+00,3.951757347793689590e+00,3.748562066125267211e+00,3.999296253188829198e+00,3.965290373029794146e+00,3.996939710776425514e+00,3.956729577956227040e+00,3.808165099321556557e+00,3.987418835886574087e+00,3.999088379787023584e+00,3.987261985082644067e+00,2.251731058814334663e-01,2.218059159627934207e-01,1.907920181425331041e-01,2.014947708244798630e-01,1.769062665675926738e-01,2.772734082440151404e-01,1.747594984312332844e-01,2.295373773350894986e-01,2.206888254479466571e-01,2.402050229431422768e-01,5.540657081808637585e-01,5.710546407343932707e-01,5.212077515257589333e-01,5.174532696868774373e-01,5.584137786484268950e-01,6.250642995786552802e-01,5.708104339207662470e-01,2.574010465629616995e-01,4.384846467340617338e-01,4.096878459135901984e-01,2.677746858874516800e-01,2.107547226017951747e-01,3.931851652578136402e+00,2.141992543737063492e-01,3.985889655183937119e+00,3.905216805929021540e+00,3.882941089624075914e+00,2.123171516974724504e-01,7.416305121850632620e-01,3.942101913724451290e+00,3.996541487660761227e+00,3.939913987752595048e+00,3.999130045263100897e+00,3.944086042886608467e+00,3.927726591466561779e+00,3.928190808468220219e+00,3.942434969254560606e+00,1.566797549116512034e-01,2.113790404640527587e-01,2.021059761289207835e-01,2.143564499682881763e-01,1.912386372217345087e-01
4.921850202742437119e-01,0.000000000000000000e+00,4.166994669418200292e-01,3.679050099842218646e+00,1.092330034298745423e+00,3.715591797086907011e+00,4.769233849265264169e-01,4.937914515966246309e-01,3.667168896766419550e-01,3.875050220516887300e+00,3.815557583168185385e-01,3.916636022102624182e-01,4.536469787127854758e-01,3.985372581025330430e-01,2.804736960957523451e-01,3.869044100265350838e-01,3.527368156122561160e-01,2.871053268488132915e-01,3.653078772312601252e-01,2.772734082440149184e-01,3.895536820019171564e+00,3.556924603134046681e+00,2.945373108598210443e-01,6.121906023395082830e-01,4.670139863813003167e-01,2.954496324223105930e-01,4.819118039470526860e-01,8.640251983962887738e-01,7.045578565738404020e-01,7.045578565738404020e-01,3.980778286204294858e+00,3.020785675208306209e+00,4.605321847777406052e-01,4.942508450149656340e-01,2.445355747665591828e-01,9.054577914152757145e-01,7.927489619833500978e-01,7.678520152419805456e-01,4.103230895300689074e-01,2.280074439542082665e+00,1.029770218848610863e+00,1.060132382621681524e+00,1.074645529088665619e+00,1.056436994629398551e+00,1.118867991773373038e+00,9.897394707601101516e-01,1.009082663135184799e+00,1.025194937291960429e+00,9.212824072226328820e-01,1.095130581376434264e+00,1.043535836934723626e+00,9.690263679232542504e-01,1.009385887824450156e+00,1.063523443704771143e+00,1.029464992846937932e+00,1.043229290181396429e+00,9.428269996298555000e-01,8.123195067066995012e-01,8.660371050678565830e-01,3.994980908978087442e+00,3.410753768413166132e+00,2.919779701441522768e+00,3.956222596800736735e+00,3.991641764905540235e+00,2.785316341935350160e+00,2.300451178241513794e+00,3.673214985656318987e-01,3.480001438713609119e-01,3.987222621040016790e+00,2.954317520519216256e+00,3.999920769532240961e+00,3.995740646079493530e+00,2.935242586715407498e+00,3.977512762094011833e+00,3.939829038706329722e+00,3.997679995017091592e+00,3.909521599005595149e+00,3.591792693362031663e+00,3.897200389251008978e+00,3.995368557671210574e+00,3.990825822891796548e+00,5.803666859165481640e-01,5.959424593744682142e-01,3.774640833587727951e-01,3.622967838093205106e-01,4.465871528160818560e-01,3.667168896766417330e-01,4.523195805469875097e-01,5.188598471192542583e-01,6.124419742232316555e-01,4.905808395544559719e-01,1.000907036718513776e+00,1.014545316903416872e+00,1.030075474405172997e+00,9.789141641767884483e-01,1.015152879793065566e+00,1.090775142091112038e+00,1.063831893333156531e+00,5.013948696922945203e-01,7.747375996263934361e-01,7.381066793963007022e-01,3.438793307550112033e-01,3.351240032216700193e-01,3.979402829799528973e+00,3.444666575278341192e-01,3.789557109327180040e+00,3.926137274788947362e+00,3.202793552200888350e+00,3.390026131694214850e-01,6.367693386191206617e-01,3.972108380546804263e+00,3.995344785464853832e+00,3.983921674987463302e+00,3.999956013405818744e+00,3.991768797231940447e+00,3.982615262139013179e+00,3.985598434228341258e+00,3.993997898539963565e+00,3.766481191865869160e-01,5.618054499918638811e-01,7.283823325205116550e-01,6.622576817642318314e-01,5.353895244917366014e-01
4.860098886964876463e-01,4.166994669418200292e-01,0.000000000000000000e+00,3.785014223763164321e+00,8.943801485799749429e-01,3.797435044823134209e+00,9.484627836877737028e-01,8.383099263430486836e-01,6.508797679218092380e-01,3.962450802731753541e+00,8.213252615667585577e-01,7.040260446321817689e-01,9.684282034299047659e-01,8.349027421907972979e-01,7.791566240367948648e-01,8.349027421907966318e-01,6.367693386191206617e-01,9.413458282330720017e-01,7.662029606557452244e-01,6.329427864715553298e-01,3.974328309138546622e+00,3.690337116539258666e+00,8.064295960938145935e-01,7.125539408486718518e-01,8.204794058483591002e-01,6.664147002990612467e-01,4.940211253684259063e-01,7.275742310305011173e-01,7.659282497185033733e-01,7.659282497185033733e-01,3.833702328323586705e+00,3.210865814762002834e+00,8.357540596854218240e-01,8.292354663887322452e-01,5.798750178841507452e-01,7.297299429415158301e-01,7.003077861607922561e-01,5.877624301653372463e-01,6.737144871440807758e-01,2.068054701004335083e+00,7.908017702752507816e-01,7.541513520827243244e-01,8.131622267925973091e-01,8.081107950349646352e-01,8.151298386202843194e-01,7.454326532823973839e-01,8.095127926738714397e-01,7.824771419825591323e-01,8.577131156938182510e-01,7.955337895746996679e-01,7.689521357452395733e-01,7.844165780617107231e-01,7.750135090822096728e-01,7.552439274680555759e-01,7.994387102420266178e-01,7.620862475599314845e-01,7.675770789286593399e-01,7.195124389887967986e-01,5.793835228896748735e-01,3.735877754272887152e+00,3.563694055735430410e+00,3.116938437749040780e+00,3.958869264046252834e+00,3.798810503132742600e+00,2.990614112175549177e+00,2.524715203596571644e+00,9.066266682447690073e-01,1.010295742910282790e+00,3.678670687954408436e+00,3.149153582104153415e+00,3.696281143197502672e+00,3.770137778095489445e+00,3.124166755704261167e+00,3.995005592832540309e+00,3.921945044312779238e+00,3.976135266451831018e+00,3.961910310698383064e+00,3.498836268593417120e+00,3.948504294258906810e+00,3.812172760815315975e+00,3.971465722039725144e+00,6.805212257939483589e-01,6.852495084118090940e-01,7.593464840468884258e-01,7.852483205534268595e-01,7.530593839088897123e-01,7.913579267189323474e-01,7.264973050596965631e-01,9.180510572640121492e-01,8.405842143352653117e-01,7.774983723606170294e-01,7.822002279695030591e-01,7.133554941807556116e-01,7.958124742696148779e-01,7.711541762086007168e-01,7.846937885414206892e-01,7.640063262015828194e-01,7.750135090822096728e-01,2.560323084013307327e-01,7.574308977428785283e-01,7.637319162343538803e-01,7.916360601710228373e-01,7.722560950954551195e-01,3.800637542804386815e+00,5.976836140649157691e-01,3.879981463640159944e+00,3.975102899409437729e+00,3.377721629496277078e+00,6.408612921361171999e-01,9.124790344424151822e-01,3.991189507895456678e+00,3.999974381729687334e+00,3.997129698095873707e+00,3.998923456784145625e+00,3.999695390312782539e+00,3.996561976629743995e+00,3.997812514718122934e+00,3.999982454062275039e+00,7.997179077070089015e-01,9.759142702588565754e-01,5.979325213778978743e-01,5.009326387780350665e-01,9.413458282330726679e-01
3.686782891625771441e+00,3.679050099842218646e+00,3.785014223763164321e+00,0.000000000000000000e+00,3.844536902839052139e+00,3.991737130157047453e+00,3.708736287857644420e+00,3.668926703583878179e+00,3.609994712460604660e+00,3.709823741345893211e+00,3.765895185717853977e+00,3.700704449991125244e+00,3.749577768666905619e+00,3.682078025928785081e+00,3.731352253834528288e+00,3.813646872259090603e+00,3.709461465127782187e+00,3.683398620241191246e+00,3.710909319802766504e+00,3.677721263469497348e+00,3.997845036084911818e+00,3.403311587941214800e+00,3.758798832088317443e+00,3.918726475617975602e+00,3.777394537137026997e+00,3.689590402072166597e+00,3.810248163924002895e+00,3.892283757344150885e+00,3.705827254144520744e+00,3.705827254144520744e+00,3.446898593200764971e+00,3.636901354614012760e+00,3.715591797086907011e+00,3.746014423094820245e+00,3.851741169619989691e+00,3.844536902839052139e+00,3.822231526672527746e+00,3.820356558010407522e+00,3.806820284815782163e+00,3.618033988749894903e+00,3.836340029382534045e+00,3.846956561715364487e+00,3.830763515471989233e+00,3.838820277161105743e+00,3.859424443744508437e+00,3.837582420297796393e+00,3.825810860878239517e+00,3.825525792440893191e+00,3.827658381476926053e+00,3.850948806540609226e+00,3.830341676485095270e+00,3.842370811131442299e+00,3.848559542035411951e+00,3.863635938841544881e+00,3.853319802928344195e+00,3.828931923078798594e+00,3.842099039128179072e+00,3.814675463349908036e+00,3.791733825246639711e+00,3.179520594151640456e+00,3.807567954587144143e+00,3.717741031018754860e+00,3.700336979764244916e+00,3.281827785966110689e+00,3.417172380450171687e+00,3.473611012475486426e+00,3.827232865328498157e+00,3.722194390333652514e+00,3.146294901477217909e+00,3.732399767889619024e+00,3.228019440746067392e+00,3.341630049364552768e+00,3.854236918521507516e+00,3.824526301464477029e+00,3.614126759974758407e+00,3.769650106842634685e+00,3.729602178444194838e+00,3.556924603134046681e+00,3.870888061659734536e+00,3.389065622799634525e+00,3.949444429698318437e+00,3.719348012234982015e+00,3.726086227006037532e+00,3.804569021950992891e+00,3.786742776655675158e+00,3.841690960282052369e+00,3.709642629276183712e+00,3.729952615186541198e+00,3.765403314204321727e+00,3.733619466418113486e+00,3.769324723132688959e+00,3.836201706200806250e+00,3.850021817577183647e+00,3.822950171116767493e+00,3.804418497826564938e+00,3.843861543552484328e+00,3.859938215985498022e+00,3.802002639619431079e+00,3.952592014239866280e+00,3.991768797231940447e+00,3.993724632025870136e+00,3.781854548656064630e+00,3.784226342534053877e+00,3.940675869666883990e+00,3.714873712993122190e+00,3.457220198971687086e+00,3.689963862264198369e+00,3.208920169915815634e+00,3.840736812962409097e+00,3.646272737068883441e+00,3.998578945281178409e+00,3.997646256553548660e+00,3.999993146111969544e+00,3.998416685756093436e+00,3.998498911318183247e+00,3.999994029501542592e+00,3.999911174217899656e+00,3.997295485218570921e+00,3.755798829131447469e+00,3.657684653809523567e+00,3.045592320883052651e+00,3.546131623354134010e+00,3.489788113183244000e+00
2.689973394939622064e-01,1.092330034298745423e+00,8.943801485799749429e-01,3.844536902839052139e+00,0.000000000000000000e+00,3.992051070517219635e+00,6.367693386191208837e-01,6.301426016884399406e-01,4.885216323471048838e-01,3.957377119177375668e+00,6.192449670583677346e-01,5.396754467584954362e-01,5.353895244917366014e-01,8.123195067066995012e-01,6.388139885267283269e-01,8.752559016276042492e-01,5.796292487534291382e-01,6.099301586835643718e-01,6.061703772499988929e-01,5.389601243467234681e-01,3.978493643194683127e+00,3.825240501568766494e+00,4.944806105292482989e-01,8.151298386202836532e-01,6.255713769169233274e-01,5.818427276420794492e-01,5.160483180487673849e-01,1.061673345324104289e+00,7.045578565738408461e-01,7.045578565738408461e-01,3.969676090673956104e+00,3.995831236544357790e+00,6.182351778462833458e-01,4.823664075383091721e-01,8.201975257912790251e-01,1.106042758657757918e+00,9.849232740785915929e-01,9.579807363188472813e-01,5.610779397214513686e-01,1.988480890624007014e+00,1.238181986353336761e+00,1.270246431324761005e+00,1.285545802569370455e+00,1.266348037222472023e+00,1.332057247748757778e+00,1.195784832391909580e+00,1.216289109129843560e+00,1.233343342711134660e+00,1.122943981468881969e+00,1.307110946918607519e+00,1.252729112939339196e+00,1.173791140350916473e+00,1.216610271001606236e+00,1.273822771708323698e+00,1.237859247299451848e+00,1.252405339345351365e+00,1.145915493973113319e+00,1.006052077944889378e+00,1.063831893333156531e+00,3.996097171301316031e+00,3.903510409956671090e+00,3.999953667869340368e+00,3.978083291814218825e+00,3.998245660197716767e+00,3.995439509592981331e+00,3.898302212106256714e+00,7.500596067090754548e-01,6.928945708026117423e-01,3.999590120800780024e+00,3.999305482021135560e+00,3.984534168559695999e+00,3.985972316747292687e+00,3.999875230002173154e+00,3.912813509354575281e+00,3.891150767120612475e+00,3.962316038360339299e+00,3.975811602935940492e+00,3.685468762472128290e+00,3.796208691905416543e+00,3.959570561510596498e+00,3.999805048018608478e+00,9.145304968389160738e-01,9.083809824925568321e-01,7.275742310305011173e-01,6.742371145862096071e-01,7.522408065812276057e-01,7.459764282869276730e-01,7.835851688290835781e-01,9.224584299862739201e-01,8.402998046329015480e-01,8.752559016276042492e-01,1.207626794693716255e+00,1.222073665938317344e+00,1.238504748613525219e+00,1.184295108854710676e+00,1.222716869456954125e+00,1.302528742841416953e+00,1.274148026483227447e+00,9.720190732469227157e-01,5.468506580580481113e-01,5.547893967223931355e-01,9.900407450240742424e-01,6.222783705037222557e-01,3.899179507109387544e+00,6.162176202801101788e-01,3.607921329068394023e+00,3.354008865100887693e+00,3.969736615323731677e+00,8.908920262445854110e-01,1.044762315210284953e+00,3.978798875502669752e+00,3.993889320775734220e+00,3.994781250464647382e+00,3.999897527575045686e+00,3.970278636878694201e+00,3.954462212925357711e+00,3.959360798939580040e+00,3.974661720063564552e+00,7.552439274680549097e-01,6.884089086299374216e-01,6.997772393158685489e-01,3.525388766598729351e-01,4.166994669418200292e-01
3.991189507895456678e+00,3.715591797086907011e+00,3.797435044823134209e+00,3.991737130157047453e+00,3.992051070517219635e+00,0.000000000000000000e+00,3.649635138311584814e+00,3.626404696574172526e+00,3.687532692284911651e+00,3.936469961004888773e+00,3.790335735088606661e+00,3.659050489369968240e+00,3.764253732035335531e+00,3.595378392662801570e+00,3.668156867226342044e+00,3.787213057466399135e+00,3.713974932561078468e+00,3.744480092001686966e+00,3.699233326177407299e+00,3.696466042410475161e+00,3.779151752756676252e+00,3.374935700421344720e+00,3.752276925807379815e+00,3.586281588271588827e+00,3.576451223980879668e+00,3.759131094769438519e+00,3.704002351512846847e+00,3.772245410643459973e+00,3.711090067167241102e+00,3.711090067167241102e+00,3.909521599005595149e+00,3.966636919716055143e+00,3.648647702968251583e+00,3.722371843276011116e+00,3.722726591755984415e+00,3.523528995322001478e+00,3.577524675409617050e+00,3.604593730418832020e+00,3.579667973389533131e+00,3.972686307862006494e+00,3.609994712460604660e+00,3.628028308343226094e+00,3.561297221293795889e+00,3.604176900238018177e+00,3.589888706775020033e+00,3.591581333166041112e+00,3.594957274046520546e+00,3.605218609083789882e+00,3.603759874593114532e+00,3.591581333166041112e+00,3.585005151844649074e+00,3.590312154086409802e+00,3.541916121728672096e+00,3.566302210581888232e+00,3.575376572015958487e+00,3.634289796670256756e+00,3.542582855705975309e+00,3.559987430937116670e+00,3.692200297569090406e+00,3.906381335585893844e+00,3.968143479331696533e+00,3.702538691845736807e+00,3.989297717443043290e+00,3.945551756418793410e+00,3.643492817259180505e+00,3.509648145257479257e+00,3.686595312990844420e+00,3.745844154539619275e+00,3.870270419372022985e+00,3.809654104932038710e+00,3.775951942147124374e+00,3.810693129179036021e+00,3.981305703393001494e+00,3.998065869356249635e+00,3.980487526741257831e+00,3.996643324311905054e+00,3.998171812528095170e+00,3.759629086881998372e+00,3.646470926853470740e+00,3.547901487512299834e+00,3.996500327269028041e+00,3.845749009378308436e+00,3.851213153142504453e+00,3.721306338814410530e+00,3.708554863398590307e+00,3.737954396265474877e+00,3.619878573651996945e+00,3.763101516496820231e+00,3.740023414739801488e+00,3.929574647657625874e+00,3.882469957028815255e+00,3.626810896898859937e+00,3.634289796670256756e+00,3.602507625382121326e+00,3.615362541326649914e+00,3.620901616282047542e+00,3.558019538256176340e+00,3.594325231749316174e+00,3.970038338511673537e+00,3.692572315388129578e+00,3.676009080185687505e+00,3.749746865920759120e+00,3.697574352267763764e+00,3.949600287680721244e+00,3.693501457559371204e+00,3.653964919243519738e+00,3.935769824505237047e+00,3.499298408186309661e+00,3.853188560561685350e+00,3.906697715257947401e+00,3.897089889053875211e+00,3.999979407897758854e+00,3.921073571325083940e+00,3.992985718499008740e+00,3.939913987752594604e+00,3.918233258511218065e+00,3.924815692998247840e+00,3.946197021964253260e+00,3.762441925950187560e+00,3.847625455162519970e+00,3.864395027259162507e+00,3.693315732276496455e+00,3.791888895763909417e+00
2.516074040866294048e-01,4.769233849265264169e-01,9.484627836877737028e-01,3.708736287857644420e+00,6.367693386191208837e-01,3.649635138311584814e+00,0.000000000000000000e+00,1.715586968957194536e-02,5.542325329057451455e-02,3.852268283581324226e+00,5.493468193458683757e-02,4.305403844249711121e-02,4.590885112947273861e-02,8.934008327332110255e-02,8.088000273807471885e-02,7.461650714704237686e-02,8.226141941361109211e-02,6.017096129367005553e-02,3.701253113313418552e-02,1.227730052193622967e-01,3.926418974981102483e+00,3.881406554456281910e+00,9.681119224112366695e-02,8.176674148878193549e-02,1.029101109461247887e-01,6.475775455470000885e-02,3.091033882419491619e-01,5.865271119400978783e-01,4.127171156195585944e-02,4.127171156195585944e-02,3.812910506842310809e+00,3.526239376500395206e+00,8.255892720451440958e-02,4.710625490789821512e-02,1.353523975689756575e-01,5.245023839150246836e-01,4.800952398800282239e-01,4.391391853233403975e-01,1.723416185230739472e-01,2.224672231523071364e+00,5.139439423256479955e-01,5.313549811286288893e-01,5.287512815924253484e-01,5.466108414057382348e-01,5.769286455814293113e-01,5.334893075548796659e-01,5.320660208933021273e-01,5.242667606464630481e-01,5.162823636873321576e-01,5.820888858384529740e-01,5.466108414057382348e-01,4.908098703459280454e-01,5.516562771250650421e-01,5.574463096842792176e-01,5.627760769900027604e-01,5.686145325925284766e-01,5.454124223817289341e-01,4.365236002731625042e-01,4.649981822393758346e-01,3.844536902839052583e+00,3.796208691905416543e+00,3.449065692203571842e+00,3.943839891468209569e+00,3.861856786233871741e+00,3.342665225766271231e+00,2.929375016611998284e+00,2.760190476211943356e-02,2.248723790598816663e-02,3.875535548173291822e+00,3.475733239353536508e+00,3.793127494479570316e+00,3.722549243751922976e+00,3.455066635114073748e+00,3.968391215938483985e+00,3.925477920902003426e+00,3.994212138464919626e+00,3.925383492852957623e+00,3.506208548403375591e+00,3.981258058116851295e+00,3.952213512406437701e+00,3.973315087279476465e+00,1.606310204069221204e-01,1.808019273771535040e-01,1.115919067625747996e-01,1.133229068223862157e-01,1.135546841047980759e-01,1.418639512004891134e-01,9.951149319522811787e-02,5.477229879011291658e-02,2.298622219045112214e-01,1.863531277409093967e-01,5.193290672844432798e-01,5.351518411475759684e-01,5.308811782942410851e-01,5.099790187888078030e-01,5.526195205293591428e-01,6.362585912503626595e-01,5.596241028458994737e-01,2.709238718061841578e-01,3.924939355732854906e-01,3.788939232934787071e-01,1.305966725362406322e-01,4.993356376517699147e-02,3.999758717393384622e+00,8.913387291856778027e-02,3.983026137640003128e+00,3.996417276688078779e+00,3.658465434379215786e+00,1.580369310458407117e-01,7.348596761737511418e-01,3.994856578162023553e+00,3.999999725844328502e+00,3.996500327269028041e+00,3.995533261168132455e+00,3.999469258083339973e+00,3.995876167000568913e+00,3.997259069509147444e+00,3.999904472737619621e+00,2.167209084590928647e-01,2.074913680547945116e-01,2.477230741926197410e-01,2.502531340792408798e-01,4.417616170726892388e-01
2.716260095044531475e-01,4.937914515966246309e-01,8.383099263430486836e-01,3.668926703583878179e+00,6.301426016884399406e-01,3.626404696574172526e+00,1.715586968957194536e-02,0.000000000000000000e+00,7.980264172068052275e-02,3.879026821309570217e+00,5.575015226486268460e-02,3.235487150833482595e-02,4.824265220630996609e-02,1.019176899673222003e-01,9.288125833294014200e-02,8.137205091988497507e-02,8.216236698126611060e-02,6.214109309523419000e-02,3.368129102431693944e-02,8.127352438202439799e-02,3.929666433482613463e+00,3.845883406813670025e+00,1.386535853022243803e-01,8.790150116554173998e-02,7.070106247537366606e-02,2.800792585899025688e-02,3.266625341926601145e-01,5.671525601514679771e-01,4.247963859360948113e-02,4.247963859360948113e-02,3.843049258935314683e+00,3.461039875653276532e+00,7.125406945037759954e-02,2.696982002637504650e-02,1.491834513370389192e-01,4.190483571377279226e-01,3.788939232934784851e-01,3.916636022102624182e-01,1.613170384915096900e-01,2.298380386507034245e+00,4.158467715000657705e-01,4.291500576058362437e-01,4.380485254958541574e-01,4.391391853233403975e-01,4.667898212625991583e-01,4.532043241671872558e-01,4.319628357976093014e-01,4.226899187939832103e-01,4.534256278843118437e-01,4.715070861221821730e-01,4.391391853233403975e-01,4.154207132896186039e-01,4.437329271122247842e-01,4.490085136555315160e-01,4.688089878642986985e-01,4.591960408655140213e-01,4.391391853233403975e-01,3.407545933669973159e-01,4.216174283828229008e-01,3.891604654696477983e+00,3.750929054000035734e+00,3.379744570766318290e+00,3.959988474913119116e+00,3.904578647812746883e+00,3.268381777524378862e+00,2.841438339265509150e+00,4.900768262665811115e-02,2.589516766361299460e-02,3.917341786710631268e+00,3.407781526005597250e+00,3.847759065022573477e+00,3.785957886822274077e+00,3.386048907126396834e+00,3.980194595430817994e+00,3.944249847735137315e+00,3.998485359249810855e+00,3.903938401092462041e+00,3.588617202708654919e+00,3.965484353652592997e+00,3.928561124837629315e+00,3.990318063481430144e+00,2.051751407538915384e-01,2.149857762368350134e-01,9.896853674443262250e-02,1.030206689319219659e-01,8.345460431431939163e-02,6.110930020972227261e-02,4.190905503083230954e-02,3.721333251977343437e-02,1.615918378210134954e-01,1.763325726948483663e-01,4.347836862951721670e-01,4.501110225916409302e-01,4.248385023693657114e-01,4.058855461568242617e-01,4.446102977685484348e-01,5.212077515257589333e-01,4.509938796025321217e-01,2.303498931573646491e-01,4.378305362430734426e-01,4.235487760191198880e-01,6.051134835854043992e-02,4.219386970675875759e-02,3.997438714368372281e+00,8.627138682308777007e-02,3.967894783475686360e+00,3.999882906206431610e+00,3.601671816186557962e+00,8.820880799563046715e-02,7.582516363635083412e-01,3.999968807257296532e+00,3.997612274682868172e+00,3.999998903377389059e+00,3.999493107564841665e+00,3.992236522089902984e+00,3.983297336413930800e+00,3.986218849489001848e+00,3.994396409187143782e+00,1.769062665675926738e-01,2.210077232347626985e-01,2.271079220440197499e-01,2.998468330448345043e-01,3.764442517533246324e-01
2.192564689130587219e-01,3.667168896766419550e-01,6.508797679218092380e-01,3.609994712460604660e+00,4.885216323471048838e-01,3.687532692284911651e+00,5.542325329057451455e-02,7.980264172068052275e-02,0.000000000000000000e+00,3.911791192004369755e+00,3.516434364704967841e-02,4.763490844056228468e-02,4.169607030833000216e-02,4.862442438779002174e-02,9.842702801179337158e-02,6.697883747580402058e-02,9.037462666530182709e-02,3.707940513537977267e-02,3.458024668555381709e-02,6.136645127070816663e-02,3.925005194180215540e+00,3.914840660673545525e+00,1.062519733946680756e-01,1.206147584281831442e-01,8.485727839037116027e-02,5.814849910997788029e-02,2.146710043341002461e-01,4.343491844603803997e-01,8.861936573200823730e-02,8.861936573200823730e-02,3.880576254020837723e+00,3.592848766881595601e+00,7.699626228697020736e-02,5.890293155554027216e-02,9.047840099440507267e-02,4.424182934593918759e-01,4.012596608248237828e-01,3.634998753759495216e-01,1.710680769212014063e-01,2.399761988880691810e+00,4.326130853483203254e-01,4.487881535791560239e-01,4.463673128873444362e-01,4.629861655618465743e-01,4.912680698395754941e-01,4.507730945548606982e-01,4.494493755392745538e-01,4.421993538749471320e-01,4.347836862951721670e-01,4.960902528379091958e-01,4.629861655618465743e-01,4.111707589291637710e-01,4.676867618946300986e-01,4.730840738088302189e-01,4.780551473496266190e-01,4.835037254160672315e-01,4.618700169051823679e-01,3.610954881850694242e-01,3.873172220349496708e-01,3.958516377534043507e+00,3.840463694731740762e+00,3.520358438285549063e+00,3.977876669933219311e+00,3.966446172977896367e+00,3.419633314083451836e+00,3.022286167150880054e+00,5.348176801368764721e-02,5.212721134187403571e-02,3.973880393379513709e+00,3.545467146994702112e+00,3.929666433482613463e+00,3.885399474044450852e+00,3.526013766943822514e+00,3.992019949531554701e+00,3.965806457222877945e+00,3.999842088407632446e+00,3.869899150308952596e+00,3.706191611298986111e+00,3.992985718499008740e+00,3.972571203074462876e+00,3.999968807257296532e+00,3.842259251432056377e-01,3.972835443410129841e-01,7.386272521105263777e-02,7.042535234237412567e-02,1.037961926319359574e-01,7.931527163114338030e-02,7.480553919386112582e-02,8.226141941361109211e-02,2.093531963308441490e-01,1.603570053565246400e-01,4.376125945766955461e-01,4.523195805469875097e-01,4.483475751909615781e-01,4.289340248239883469e-01,4.685844493575190839e-01,5.468506580580481113e-01,4.751149779771037807e-01,2.627369711236171579e-01,5.041720878153237440e-01,4.889789118317007244e-01,1.062519733946680756e-01,6.724784135734140911e-02,3.968637993175304857e+00,7.452207909799657415e-02,3.994051822981484978e+00,3.987222621040016790e+00,3.715591797086907011e+00,1.176479694872587523e-01,9.013709272976198061e-01,3.985346457343400317e+00,3.999140309390449843e+00,3.984229402628955974e+00,3.989152980028491058e+00,3.963187732089357596e+00,3.945794175552713945e+00,3.951145798977121704e+00,3.968081395292581526e+00,1.337161983648482710e-01,3.293441392297664638e-01,3.906267878902163204e-01,2.011894968672578443e-01,3.040888102378433988e-01
3.903938401092462041e+00,3.875050220516887300e+00,3.962450802731753541e+00,3.709823741345893211e+00,3.957377119177375668e+00,3.936469961004888773e+00,3.852268283581324226e+00,3.879026821309570217e+00,3.911791192004369755e+00,0.000000000000000000e+00,3.805621151396587187e+00,3.858006897928849099e+00,3.820067269282748867e+00,3.870641175689851998e+00,3.835093107480794572e+00,3.756967557739564700e+00,3.851741169619989691e+00,3.869775280028796782e+00,3.850684234406216877e+00,3.873466595400863799e+00,3.622943997602722010e+00,3.980390124271674601e+00,3.812025045986113803e+00,3.595588879077141975e+00,3.821943680305747826e+00,3.865655630794589293e+00,3.775309382043257944e+00,3.656120669244988797e+00,3.854367709133574849e+00,3.854367709133574849e+00,2.229256606548890574e-01,3.897752023288993506e+00,3.847224287907308860e+00,3.823093733432407326e+00,3.709461465127782187e+00,3.783752961550476357e+00,3.747034917325151149e+00,3.770787251508831872e+00,3.811285643968563619e+00,3.754794975784153443e+00,3.729777423161385386e+00,3.720060864611729912e+00,3.736743947655532416e+00,3.726614961549848726e+00,3.702172258194494248e+00,3.729602178444195282e+00,3.742770231551098448e+00,3.743112628510551154e+00,3.740539477119357414e+00,3.710547668727489423e+00,3.737263028876382620e+00,3.722016884930253511e+00,3.738472365943986020e+00,3.755129807437418421e+00,3.707283435219292045e+00,3.738989859010438011e+00,3.755297143070134069e+00,3.755798829131447913e+00,3.954905525067811567e+00,4.235487760191196660e-01,3.763760247729192265e+00,3.845614555718217531e+00,4.360883358888201222e-01,3.628981051822506299e-01,3.977564929656328907e+00,3.963719135907543656e+00,3.741055062320144842e+00,3.842234953188653712e+00,2.154583418887605628e-01,3.834259310517134089e+00,1.790655299842704995e-01,1.394208435240706923e-01,3.706009458705763926e+00,2.420327621071829416e-01,2.847671404620246705e-01,4.545328530052978877e-01,3.084003180740592764e+00,3.999531638536682365e+00,3.681700252030617904e+00,3.983071488459781762e+00,3.957161808650944135e+00,3.844401943340903571e+00,3.839231888020217198e+00,3.767041002954791828e+00,3.785643550031712046e+00,3.722903887282793978e+00,3.851609250101462045e+00,3.836201706200806694e+00,3.806071239072174262e+00,3.833284005157032936e+00,3.802456683998822751e+00,3.729952615186541642e+00,3.729952615186541642e+00,3.746184638463380345e+00,3.767204475862775848e+00,3.720060864611729912e+00,3.722903887282793978e+00,3.769812717840149041e+00,3.912711539772585567e+00,3.819488026553679028e+00,3.821943680305747826e+00,3.790491296649623365e+00,3.788152149035264316e+00,3.903403267203963356e+00,3.847759065022573921e+00,3.995200875836953713e+00,3.999229946121359625e+00,3.999867310119183728e+00,3.724143486153916882e+00,3.892509663792051988e+00,3.998201534202490137e+00,3.998171812528095170e+00,3.999764108907313709e+00,3.998817926715343418e+00,3.999568646778199010e+00,3.999583023703962237e+00,3.999926861803279721e+00,3.998841804063345773e+00,3.814675463349908480e+00,3.885864867123846267e+00,3.992358942744360206e+00,3.996997345716541972e+00,3.959010000972183363e+00
1.339672961770823623e-01,3.815557583168185385e-01,8.213252615667585577e-01,3.765895185717853977e+00,6.192449670583677346e-01,3.790335735088606661e+00,5.493468193458683757e-02,5.575015226486268460e-02,3.516434364704967841e-02,3.805621151396587187e+00,0.000000000000000000e+00,1.701927358620536346e-02,4.042943848940350193e-02,4.650564880008656310e-02,2.467795482572565646e-02,2.708420367443165055e-02,2.069722636065951527e-02,2.841689040086836648e-02,1.038016843299072178e-02,7.546899851676802662e-02,3.974384027989638302e+00,3.851609250101462045e+00,7.537404271667336175e-02,1.031312847030134705e-01,6.555310214517939826e-02,4.613220388070260469e-02,2.860250674389215320e-01,4.803221484146922293e-01,1.462868087197581879e-01,1.462868087197581879e-01,3.761120168200465130e+00,3.471248718407574874e+00,5.991629143693932846e-02,5.591395711339131047e-02,1.013683684836774734e-01,3.659114410570194487e-01,3.281936576077275625e-01,3.184887117626216124e-01,1.228934512601576046e-01,2.109551819706867448e+00,3.569051155481197668e-01,3.717689632873617533e-01,3.695422260990870456e-01,3.848432992516916951e-01,4.109587689654887743e-01,3.748150932366640653e-01,3.723772971671552856e-01,3.657102033297430221e-01,3.750185648454793519e-01,4.154207132896186039e-01,3.848432992516916951e-01,3.401701448626683888e-01,3.891773070397934742e-01,3.941569523310377576e-01,3.987463811749685227e-01,4.037799533319774703e-01,3.838145884902308680e-01,2.916266131060210043e-01,3.458388514508763389e-01,3.898302212106257159e+00,3.758133663853679085e+00,3.390571696541730518e+00,3.913424103117661090e+00,3.910866127081432442e+00,3.279951197930905060e+00,2.855031298098746007e+00,3.595068073525653496e-02,2.567169086145315582e-02,3.923195466021754285e+00,3.418403387354752354e+00,3.855672507797839987e+00,3.795286629029376080e+00,3.396830570862012344e+00,3.944658323371229347e+00,3.891037151198633470e+00,3.982106437744860727e+00,3.953419483686404945e+00,3.771111664587698087e+00,3.968205503417732594e+00,3.932482624886155520e+00,3.994906492794184860e+00,1.925814692620031465e-01,2.021059761289207835e-01,6.292051639397611140e-02,6.805803195602710964e-02,8.627138682308777007e-02,8.245969952825515925e-02,5.086799884913895120e-02,3.714633893160579348e-02,1.115919067625745775e-01,1.366175448289019823e-01,3.614957204293072213e-01,3.750185648454793519e-01,3.713636553509722660e-01,3.535290731465297043e-01,3.900052875393953400e-01,4.625395655912136750e-01,3.960315881545972694e-01,2.349248690326577460e-01,4.413240701370517716e-01,4.124437148537283271e-01,7.386272521105241573e-02,3.179449658226762843e-02,3.996269596843734284e+00,4.377740319926326507e-02,3.970517974955842799e+00,3.999664168693661814e+00,3.610615771422243547e+00,9.499568133271196757e-02,7.689521357452389072e-01,3.999976118041817852e+00,3.998552510809990856e+00,3.999911174217899656e+00,3.999854973399199487e+00,3.933824994182248957e+00,3.911175006043390745e+00,3.918035562618383594e+00,3.940422440983396335e+00,8.285696067276249188e-02,2.272695078763857790e-01,2.903573707238162882e-01,2.919897222298017958e-01,3.497730034434096691e-01
2.435330049295429955e-01,3.916636022102624182e-01,7.040260446321817689e-01,3.700704449991125244e+00,5.396754467584954362e-01,3.659050489369968240e+00,4.305403844249711121e-02,3.235487150833482595e-02,4.763490844056228468e-02,3.858006897928849099e+00,1.701927358620536346e-02,0.000000000000000000e+00,4.502079798639613273e-02,5.356198158380931496e-02,2.657137056034941658e-02,5.149570574109318954e-02,1.337510303502287279e-02,3.856575743480283869e-02,1.990353091663110696e-02,2.611960662048629089e-02,3.937166322257262152e+00,3.895314028935902062e+00,1.132071043866216264e-01,1.256794844124897725e-01,6.769735862334291809e-02,1.784700357167823270e-02,2.826166516370978155e-01,4.605321847777406052e-01,1.068140005535815895e-01,1.068140005535815895e-01,3.837720183909035132e+00,3.553192959935519202e+00,8.728846022741421073e-02,5.039971231927897755e-02,9.016725252180068928e-02,3.626976148474891914e-01,3.251346730346069691e-01,3.020566247417169059e-01,1.255577241649650233e-01,2.239927136325675860e+00,3.537272629311161154e-01,3.685320590019451892e-01,3.663140658369932190e-01,3.815557583168183164e-01,4.075735170084122672e-01,3.703512538122131215e-01,3.691380102173864586e-01,3.624971743878107056e-01,3.573032485615477150e-01,4.120192027043292349e-01,3.815557583168183164e-01,3.341575185798009162e-01,3.858732400252413708e-01,3.908340527308620249e-01,3.954062695811675354e-01,4.004211211901207434e-01,3.805309888539234464e-01,2.887292375910677222e-01,3.287686693299731733e-01,3.961706640036302129e+00,3.814381856504881707e+00,3.477851825006517572e+00,3.947396667295209660e+00,3.969311682844901767e+00,3.373667693088816311e+00,2.966564766510003892e+00,5.444824358120681218e-02,5.583202507775553158e-02,3.976403330659177282e+00,3.503909747162090582e+00,3.933824994182249402e+00,3.890695957820836881e+00,3.483717636312667842e+00,3.971052973966125776e+00,3.929574647657625874e+00,3.995320952476819620e+00,3.921170635773421065e+00,3.741570170200811507e+00,3.986584564519294105e+00,3.960955246745888836e+00,3.998360651204078131e+00,2.448701925625815790e-01,2.555199079983125898e-01,5.550488918757312540e-02,5.856703684361841411e-02,9.907701223035481064e-02,6.423017549476273125e-02,8.068359266254532258e-02,6.502233995732109584e-02,1.635217033738540771e-01,1.151835595105437093e-01,3.582994566785100421e-01,3.717689632873613093e-01,3.681283400015065155e-01,3.503648616884154077e-01,3.866980777257369439e-01,4.589735144484212714e-01,3.927016413484398782e-01,2.553492141368420842e-01,4.683599575003243309e-01,4.387027787062036666e-01,8.657589688233913172e-02,3.849756843878049395e-02,3.965742156264758123e+00,5.024409188975753615e-02,3.988074644455894102e+00,3.993445292280786596e+00,3.681700252030617904e+00,1.042406198629708403e-01,7.974853524565466145e-01,3.983342324766180553e+00,3.999893963613161851e+00,3.982152996428321767e+00,3.990283727786876788e+00,3.948661577158777192e+00,3.928468633859227843e+00,3.934624054319365349e+00,3.954462212925357711e+00,1.413479137777637895e-01,2.442011708685520865e-01,3.064985424406287962e-01,2.301872821598514030e-01,3.594965566508578902e-01
1.551933467321799931e-01,4.536469787127854758e-01,9.684282034299047659e-01,3.749577768666905619e+00,5.353895244917366014e-01,3.764253732035335531e+00,4.590885112947273861e-02,4.824265220630996609e-02,4.169607030833000216e-02,3.820067269282748867e+00,4.042943848940350193e-02,4.502079798639613273e-02,0.000000000000000000e+00,5.558658431728025207e-02,2.274897926297803075e-02,5.016637076325403122e-02,4.414132033855633352e-02,3.044513862304332186e-02,1.661274729763140279e-02,1.309691376088026882e-01,3.968637993175304857e+00,3.893410983343196019e+00,5.991629143693932846e-02,9.940278610744779364e-02,7.844169168481163190e-02,4.219386970675875759e-02,2.751493269644607054e-01,4.618700169051823679e-01,1.340929303490219215e-01,1.340929303490219215e-01,3.777074339345110943e+00,3.549447643300660982e+00,7.584940793386119040e-02,4.839518273338305754e-02,1.487868468574957692e-01,4.701571981631362807e-01,4.278545789074037486e-01,3.889704345702957866e-01,1.156510198420805935e-01,2.143691224969716647e+00,4.600866158218006596e-01,4.766971716010335314e-01,4.742118890977877754e-01,4.912680698395750500e-01,5.202680488034132633e-01,4.787347611917454060e-01,4.773759507573207550e-01,4.699323799025314496e-01,4.623163358530808509e-01,5.252095233693587772e-01,4.912680698395750500e-01,4.380485254958541574e-01,4.960902528379091958e-01,5.016260536281296201e-01,5.067236354292172784e-01,5.123097403859500076e-01,4.901229159170974459e-01,3.864917945689252399e-01,4.135058414092824819e-01,3.835370592646083487e+00,3.811877275959471234e+00,3.473846995112783276e+00,3.923099631157874523e+00,3.851345241858698643e+00,3.369348649057433143e+00,2.961365408503085384e+00,6.379214784384235060e-02,3.748190475101820240e-02,3.867285918568345693e+00,3.499991275023752735e+00,3.782646504378946339e+00,3.710547668727489423e+00,3.479731951196586959e+00,3.958303929691670220e+00,3.901897182151477850e+00,3.986381994593119593e+00,3.945794175552713945e+00,3.713074846862563838e+00,3.985889655183937563e+00,3.959779786854229489e+00,3.999850739320903958e+00,1.907920181425333261e-01,2.002749902218656786e-01,8.606867158930220363e-02,1.212124117301434101e-01,1.194237459791620548e-01,1.076032606090482346e-01,7.106949875022539054e-02,6.353003899511122654e-02,1.105595185811369952e-01,2.087317137622661800e-01,4.652219735329778949e-01,4.803221484146922293e-01,4.762448841643096564e-01,4.563068608839302431e-01,4.970110564546079690e-01,5.771739383640406285e-01,5.037087621437272844e-01,3.401701448626683888e-01,5.092806870651378492e-01,4.785081768947809788e-01,9.777912910114938683e-02,6.042616296553360300e-02,3.999258728841977195e+00,8.810631414494873859e-02,3.987418835886574087e+00,3.993916556324875966e+00,3.678480905304763571e+00,1.250712541996981120e-01,8.787220108735163127e-01,3.993044015233274457e+00,3.999305482021135560e+00,3.993779771214071683e+00,3.989937036501823187e+00,3.960611314809932892e+00,3.942684139626522644e+00,3.948189016220346126e+00,3.965677795426708840e+00,1.059154493142941966e-01,2.941727458554790342e-01,3.232294386731380254e-01,2.329589970452086156e-01,2.323054284259409297e-01
