0.000000000000000000e+00,6.841464137649712063e-01,7.328043086383965177e-01,6.694743886080972706e-01,4.809530773004924709e-01,7.382627962073876615e-01,5.636799460928652028e-01,4.167432487591063994e-01,4.707717649487571099e-01,2.949427967476075385e-01,2.792611418434636783e-01,3.359730174741589193e-01,2.736334896302929920e-01,7.455706516125694128e-01,2.315722411213640974e-01,2.576644163917626296e-01,2.318438868457325108e-01,5.273044793578874900e-01,4.966202221224831348e-01,5.083418884867714205e-01,4.837702478597878386e-01,4.123779330944879473e-01,3.853653734950175380e-01,3.857815658584817231e-01,4.016238476900929055e-01,3.764504432338944828e-01,4.457185020992585622e-01,3.860280013367123342e-01,4.732775787224077213e-01,5.194503879684693182e-01,4.549241701153383111e-01,4.399957638904056223e-01,4.889610223550886481e-01,5.076492214752066356e-01,4.370757660610518069e-01,4.491818493837453907e-01,4.276462571166121385e-01,4.868648308375732037e-01,4.979918434378254322e-01,3.626471247530383413e-01,3.147315502322207692e-01,2.808123114516118402e-01,3.853023659045936578e-01,2.980174975977493146e-01,2.953273136097851470e-01,1.824320117697022292e+00,3.993188991383743724e-01,4.160873245548876165e-01,4.155496110297484114e-01,4.152721547621282538e-01,3.957247812290177191e-01,4.000636095604903630e-01,3.881839008450043149e-01
6.841464137649712063e-01,0.000000000000000000e+00,4.642398203709430793e-01,4.589395023816150165e-01,3.725169947286893213e-01,4.187450254100091307e-01,2.672391301419150267e-01,3.804210707194137231e-01,4.558732698934622740e-01,5.718615571783934870e-01,5.392338471867174077e-01,4.842144396771246306e-01,5.041825109977382535e-01,9.334880908157073831e-01,5.333194549208043478e-01,5.752462148213635107e-01,5.801280509206322433e-01,2.699615014093979526e-01,2.694244805126410069e-01,2.585397346992043266e-01,2.931573557398926000e-01,3.236969049073523119e-01,3.414199598556074133e-01,3.445871076993824444e-01,3.220450479000798727e-01,3.524870487553549148e-01,3.058685032257791869e-01,3.456007113274481291e-01,3.084390814858387064e-01,3.634068613242757428e-01,3.216349983391634249e-01,3.415485585550601666e-01,3.360989542772672145e-01,3.217231445181754634e-01,3.125327320213677207e-01,3.133202460009109069e-01,3.015279471976695103e-01,2.857332407817169684e-01,2.867051452600545836e-01,4.084900243049934265e-01,5.086162536209789531e-01,5.207882380263654243e-01,4.321495562307763327e-01,4.594635507683180187e-01,4.830387981334149927e-01,2.011540044218140366e+00,3.317699953935411283e-01,3.077381268252064594e-01,3.216364808770144079e-01,3.265427829216177025e-01,3.669567832670447838e-01,3.502130028953749363e-01,3.649600256313929036e-01
7.328043086383965177e-01,4.642398203709430793e-01,0.000000000000000000e+00,2.382402585793901295e-01,4.080630496886331615e-01,1.290405641587842045e-01,5.047398653214287823e-01,4.398354714837471868e-01,5.213847193533616142e-01,6.352167939322369561e-01,6.819227157760189284e-01,6.514295138445469480e-01,6.298480244292413710e-01,8.939986425177952611e-01,6.593143601406691312e-01,6.992341425754864392e-01,6.926074529904164834e-01,5.087364873210734606e-01,4.640115200736089629e-01,4.709684886085218625e-01,3.986040723512650485e-01,4.717092443662588286e-01,4.586050210896652768e-01,4.533151562703642834e-01,4.558026354470416375e-01,4.479503851246338098e-01,4.913663234658835477e-01,4.766203393313705461e-01,5.278651651937593670e-01,5.841890921886895294e-01,4.785540358657368598e-01,4.910590859715729950e-01,5.402205239630970546e-01,5.372688142683719192e-01,4.610294130326416662e-01,4.955523540071103961e-01,4.587413326012365067e-01,5.011919890364626706e-01,5.074821767198467448e-01,5.020186229733265559e-01,6.519016478788332014e-01,6.887111152193653441e-01,6.494474878392261230e-01,6.108223816514319893e-01,6.399292396415116047e-01,2.015734405195735768e+00,4.438701014259370803e-01,4.582407391307848910e-01,4.441863106996776778e-01,4.440813501998212010e-01,4.413343805896954297e-01,4.380909568071959526e-01,4.343156602192416171e-01
6.694743886080972706e-01,4.589395023816150165e-01,2.382402585793901295e-01,0.000000000000000000e+00,3.669990744048855502e-01,2.413117121204438054e-01,5.067523551726851316e-01,3.962993078051837981e-01,4.932923663986802931e-01,5.351555286942262235e-01,6.041734378729657351e-01,5.947484963811001668e-01,5.653580209884568886e-01,7.536385091593377217e-01,5.901818198345555322e-01,6.145239640471463760e-01,6.090683870180864101e-01,5.010754735402928040e-01,4.495028590526589651e-01,4.558517021435967709e-01,3.821404195146691496e-01,4.493928496900188030e-01,4.211867570049259157e-01,4.159373485421198335e-01,4.239085198422433698e-01,4.091448226557011791e-01,4.718864745083589662e-01,4.480291502042270113e-01,5.191111985243026528e-01,5.529888298478656816e-01,4.394751358575020306e-01,4.557258616217315650e-01,5.137290280450079738e-01,5.105373732897068306e-01,4.305491737521705553e-01,4.645741792730454511e-01,4.270953177831910419e-01,4.905872352419808902e-01,5.004899712333545914e-01,4.558701319240034411e-01,6.027360084788685457e-01,6.251450506556900377e-01,6.065956609744004302e-01,5.575083305914364518e-01,5.867608380183678696e-01,1.904028951314117091e+00,3.955608711332842531e-01,4.247875157953500680e-01,3.983461647528386274e-01,3.919184025528968385e-01,3.774933199741096757e-01,3.856326544966826586e-01,3.818674832926454155e-01
4.809530773004924709e-01,3.725169947286893213e-01,4.080630496886331615e-01,3.669990744048855502e-01,0.000000000000000000e+00,3.895978083203022191e-01,3.337421351404684655e-01,2.552437567709944788e-01,2.631819113549460076e-01,3.758619333074367241e-01,3.933168071187609360e-01,3.743216722230851556e-01,3.358126690373671730e-01,7.889338581377044468e-01,3.782639675597236351e-01,4.098965261502774404e-01,4.141888695540665855e-01,3.389653722838462668e-01,3.014604287971185403e-01,3.053492903330476405e-01,2.126806981494126225e-01,2.420909003350819322e-01,2.034007844712160673e-01,2.022505722221925872e-01,2.140862855766914319e-01,1.943256770718599369e-01,2.813864079445547173e-01,2.336758312177033836e-01,3.048162037120192847e-01,4.102469484557728641e-01,2.928040734941789736e-01,2.900252737266414971e-01,3.499272335730201910e-01,3.581196279732313803e-01,2.497455914613462835e-01,2.939760650398337005e-01,2.401741593317433254e-01,3.128681920251462079e-01,3.254074218824914433e-01,2.727619467508129447e-01,3.769230655306004540e-01,4.030404938379544832e-01,3.783284174233846331e-01,3.167926239056359505e-01,3.473475245285861934e-01,1.921070859582056700e+00,2.018890014836440816e-01,2.262787694385967052e-01,2.263327374679541260e-01,2.162093585144533592e-01,2.168639744855786200e-01,2.061457724288769389e-01,2.088800024513202402e-01
7.382627962073876615e-01,4.187450254100091307e-01,1.290405641587842045e-01,2.413117121204438054e-01,3.895978083203022191e-01,0.000000000000000000e+00,4.650716905856014938e-01,4.297130098243031604e-01,5.054471215205421641e-01,6.421616541214127949e-01,6.676000577725095253e-01,6.247274985487012433e-01,6.127616849732576698e-01,9.045670139294640366e-01,6.436025294513880723e-01,6.883947651721031846e-01,6.830630446854113469e-01,4.705405535870900158e-01,4.363197964331476109e-01,4.421921656781422905e-01,3.827727717034167809e-01,4.471975660668447983e-01,4.431823671608326465e-01,4.388486873279515144e-01,4.353009054192759075e-01,4.372594003117390993e-01,4.610822818153128000e-01,4.571705141386556148e-01,4.903668025920915330e-01,5.494491717038330059e-01,4.531978554871431419e-01,4.653929861695505488e-01,5.064492059659945200e-01,5.036324073436038162e-01,4.345693719893514717e-01,4.683090800482974103e-01,4.375344347215338603e-01,4.669450675526725103e-01,4.709486246719155611e-01,4.829583848101713928e-01,6.206590582807735013e-01,6.622334399014357942e-01,6.127827880337906041e-01,5.883799192807669387e-01,6.138850286705289649e-01,2.031834333162333639e+00,4.331735139831655035e-01,4.381531750632408628e-01,4.295325854571656610e-01,4.336658812183781797e-01,4.416928652853054360e-01,4.342321068708571707e-01,4.332120402500349576e-01
5.636799460928652028e-01,2.672391301419150267e-01,5.047398653214287823e-01,5.067523551726851316e-01,3.337421351404684655e-01,4.650716905856014938e-01,0.000000000000000000e+00,2.671382870415575650e-01,3.925204836840353040e-01,5.055492451299066214e-01,4.320031460045327676e-01,3.576329184175042752e-01,3.973473203171600243e-01,8.766338120243520882e-01,4.225626325147184836e-01,4.699926707383285662e-01,4.794179048436886803e-01,1.478913712827552573e-01,1.647698858710552883e-01,1.617816670149239966e-01,2.139020021771763369e-01,2.050127266822309169e-01,2.531666698390635517e-01,2.561320685895968619e-01,2.246285566586209981e-01,2.727621444616484814e-01,1.759003009009438567e-01,2.379126217424846201e-01,1.633397138274278459e-01,2.346264292847186073e-01,2.188542565226934966e-01,2.261074363082874183e-01,2.032262109814947648e-01,2.048903386179962427e-01,2.093428223046995273e-01,2.007308478262265217e-01,2.161725980259554536e-01,1.511649003314464168e-01,1.357148767998618000e-01,2.806602329359855208e-01,3.966089026701455911e-01,4.031374118678313634e-01,3.023302043529168537e-01,3.722283859890342383e-01,3.659170447705635265e-01,1.979648311587124843e+00,2.673259205523736415e-01,2.228091041114059478e-01,2.443594164717663442e-01,2.679094868937931806e-01,3.150575701697168052e-01,2.964179744566234898e-01,3.027852052361146851e-01
4.167432487591063994e-01,3.804210707194137231e-01,4.398354714837471868e-01,3.962993078051837981e-01,2.552437567709944788e-01,4.297130098243031604e-01,2.671382870415575650e-01,0.000000000000000000e+00,3.071000068763332091e-01,3.367106010910074221e-01,3.293193093015366335e-01,2.975386560947247405e-01,2.885058134985030720e-01,7.079493766935749388e-01,3.239027399372357841e-01,3.541308686786728277e-01,3.565297245175320096e-01,2.564959357150438102e-01,2.144682405815835358e-01,2.279203966774837886e-01,1.650945334298111744e-01,1.805986558499954320e-01,1.714443161239554425e-01,1.658705817729396181e-01,1.654757571892654100e-01,1.750998069670204327e-01,1.959785222750353162e-01,1.840612378795355442e-01,2.376724792826465926e-01,2.845861679932798483e-01,1.895812644825651538e-01,1.906209690641580690e-01,2.422717016900812204e-01,2.512447273841674211e-01,1.830606266395912174e-01,1.994183819693834125e-01,1.803630505951711871e-01,2.354022327472006793e-01,2.355628415410707943e-01,1.614369526197271532e-01,3.384024253361930801e-01,3.349724105232227966e-01,3.078223503736786659e-01,2.995405304081295017e-01,3.016655072814934391e-01,1.860449045318862016e+00,1.768607362056699717e-01,1.816881999398295700e-01,1.563378405026324136e-01,1.784310811147817588e-01,1.876282556055974549e-01,1.788099194989667962e-01,1.772435556045108274e-01
4.707717649487571099e-01,4.558732698934622740e-01,5.213847193533616142e-01,4.932923663986802931e-01,2.631819113549460076e-01,5.054471215205421641e-01,3.925204836840353040e-01,3.071000068763332091e-01,0.000000000000000000e+00,4.062802369878617537e-01,4.209009730374683733e-01,3.793995136790186407e-01,3.613149122574182970e-01,8.705217893648871108e-01,3.959129272593892024e-01,4.380951550683047646e-01,4.229627442319813246e-01,3.948879041727539341e-01,3.697828193286735732e-01,3.794024911353963136e-01,3.100198327442955093e-01,2.820456014709623038e-01,2.799833323908999527e-01,2.742555176768169400e-01,2.827394896546973069e-01,2.750610007299499338e-01,3.206076331212388553e-01,2.823373172133861186e-01,3.349191940715401938e-01,4.170582747541047297e-01,3.131018519631107444e-01,3.012616267708941309e-01,3.586837248838817827e-01,3.772756917392641185e-01,2.811666698229148831e-01,3.210887121380581188e-01,2.969347289000695000e-01,3.531930561289710613e-01,3.771449009934898511e-01,2.665312345065044553e-01,3.636727203941538256e-01,4.003823876502755064e-01,3.821404937888363551e-01,3.275959308139768100e-01,3.407984593979800358e-01,1.938646671591088388e+00,2.974745926649245975e-01,3.025102057869012429e-01,3.034569059460481277e-01,3.117054238152982548e-01,3.172135501896034548e-01,3.041160730536020540e-01,3.022788375090655344e-01
2.949427967476075385e-01,5.718615571783934870e-01,6.352167939322369561e-01,5.351555286942262235e-01,3.758619333074367241e-01,6.421616541214127949e-01,5.055492451299066214e-01,3.367106010910074221e-01,4.062802369878617537e-01,0.000000000000000000e+00,2.248317336564481239e-01,3.118884869984810404e-01,2.280806989261641438e-01,6.083098663959738417e-01,2.328127672359094624e-01,2.163346648125241689e-01,1.922099715803098074e-01,4.701269845143388193e-01,4.212371471471530460e-01,4.320454161468200160e-01,3.961807151208133759e-01,3.621717504607189775e-01,3.071912704640705760e-01,3.064123292523086017e-01,3.296808908911079694e-01,2.991168055163152539e-01,3.935637168204571545e-01,3.312801810033785821e-01,4.384745946636296465e-01,4.818036906502796701e-01,3.775327467752516153e-01,3.784669887124773591e-01,4.475767212231953063e-01,4.532355563587400771e-01,3.692706074593231635e-01,3.861155610864325238e-01,3.429441377610056296e-01,4.431983266341444350e-01,4.568786987528707932e-01,3.171876367313198330e-01,3.382726641582413651e-01,3.062507944495274081e-01,3.819161050915113043e-01,2.834096271578933623e-01,3.084471701087407869e-01,1.739399783085819440e+00,2.961224264691625363e-01,3.337045600591193040e-01,3.150134235558079698e-01,2.973326308492409975e-01,2.695398112135904412e-01,2.803274697222482015e-01,2.743498651619410422e-01
2.792611418434636783e-01,5.392338471867174077e-01,6.819227157760189284e-01,6.041734378729657351e-01,3.933168071187609360e-01,6.676000577725095253e-01,4.320031460045327676e-01,3.293193093015366335e-01,4.209009730374683733e-01,2.248317336564481239e-01,0.000000000000000000e+00,1.723938414033684419e-01,1.132654827401119724e-01,7.104538450619498624e-01,1.230746790698603599e-01,9.434836410247689209e-02,1.006818641097164124e-01,3.784571642287613003e-01,3.608284852664899733e-01,3.622518820919495286e-01,3.766654286402416063e-01,3.027429066758148823e-01,2.780231058542758649e-01,2.771273817321408539e-01,2.896754419900936517e-01,2.824382004174093019e-01,3.159620428782833890e-01,2.803313070720477307e-01,3.323392065002693241e-01,3.813561410136211971e-01,3.231660492271723473e-01,3.147566920081652508e-01,3.505639644790058407e-01,3.564663974724289752e-01,3.179098081560194911e-01,3.104523740318466674e-01,2.951276020132229672e-01,3.637999129660521858e-01,3.656439062500619896e-01,2.830602526646764927e-01,2.210831936340126036e-01,1.750131203151108483e-01,2.422534717999213494e-01,1.858203755654349865e-01,1.853368808946538882e-01,1.805236493845575829e+00,2.847454199679986808e-01,2.907389236356515139e-01,2.917660491977086545e-01,2.843322893503769100e-01,2.928259025973123930e-01,2.899284598393798706e-01,2.911350764617320896e-01
3.359730174741589193e-01,4.842144396771246306e-01,6.514295138445469480e-01,5.947484963811001668e-01,3.743216722230851556e-01,6.247274985487012433e-01,3.576329184175042752e-01,2.975386560947247405e-01,3.793995136790186407e-01,3.118884869984810404e-01,1.723938414033684419e-01,0.000000000000000000e+00,1.515805195811625039e-01,7.556892354674636936e-01,1.828384710114046852e-01,2.204590938088868968e-01,2.133662026846992188e-01,3.050659400539878496e-01,3.054771856096317739e-01,3.118549592468184417e-01,3.361783268072595643e-01,2.506783002894978907e-01,2.579503647199410943e-01,2.593659666920984930e-01,2.548142069226947970e-01,2.726677160237317432e-01,2.531103270066272226e-01,2.429384931451755991e-01,2.571996144321582745e-01,3.229132328348952585e-01,2.747955644032877842e-01,2.630174376733010466e-01,2.904770360699092668e-01,3.015537756715075401e-01,2.655568930454221266e-01,2.567810629884423879e-01,2.571610536393929558e-01,2.923180125703521703e-01,2.987044714061466433e-01,2.258632122068909842e-01,1.986737173038705950e-01,1.588477044797485249e-01,1.732583789014239539e-01,1.829497958660668555e-01,1.615436024087347489e-01,1.869078279844823998e+00,2.805329825717609027e-01,2.628177972459194711e-01,2.775019725891464395e-01,2.830043151272302882e-01,3.106395015491249523e-01,2.972792261219203147e-01,3.011133345940397721e-01
2.736334896302929920e-01,5.041825109977382535e-01,6.298480244292413710e-01,5.653580209884568886e-01,3.358126690373671730e-01,6.127616849732576698e-01,3.973473203171600243e-01,2.885058134985030720e-01,3.613149122574182970e-01,2.280806989261641438e-01,1.132654827401119724e-01,1.515805195811625039e-01,0.000000000000000000e+00,7.340613161924388619e-01,1.038684436105453690e-01,1.316479077062369663e-01,1.304715448041560977e-01,3.508479208017525885e-01,3.313406978624615640e-01,3.341540779466889988e-01,3.276775189327503779e-01,2.564653703298820364e-01,2.285999085218471116e-01,2.288739783497462377e-01,2.411038933613220137e-01,2.322038999932881931e-01,2.792633270226773101e-01,2.340149429845937434e-01,2.949239633919918946e-01,3.769797187043906761e-01,2.981464055288188808e-01,2.880923414403742111e-01,3.330556075837457497e-01,3.428551226321752687e-01,2.803959165099957351e-01,2.856512184586837977e-01,2.554603829714238716e-01,3.258733326736203417e-01,3.340467470716561582e-01,2.328809681978280255e-01,1.786796389551032760e-01,1.546573945401651939e-01,2.163968120088800018e-01,1.328463578009508317e-01,1.374966038866628215e-01,1.821504721309701758e+00,2.422567289117964207e-01,2.472888763131964041e-01,2.565165171590523263e-01,2.480791412067174240e-01,2.598513288714088820e-01,2.486543771830345972e-01,2.519197438355582630e-01
7.455706516125694128e-01,9.334880908157073831e-01,8.939986425177952611e-01,7.536385091593377217e-01,7.889338581377044468e-01,9.045670139294640366e-01,8.766338120243520882e-01,7.079493766935749388e-01,8.705217893648871108e-01,6.083098663959738417e-01,7.104538450619498624e-01,7.556892354674636936e-01,7.340613161924388619e-01,0.000000000000000000e+00,7.349652331118219362e-01,7.106950427296248041e-01,7.034301095825958861e-01,8.527522410730917768e-01,8.003036013763339396e-01,8.185246159106935870e-01,7.810849842002670629e-01,7.924296591097608200e-01,7.528368869316665046e-01,7.526519453490004841e-01,7.650707377673647835e-01,7.533631682888055625e-01,8.013577927783543942e-01,7.724032328527155045e-01,8.582798176174000204e-01,8.281428222931995764e-01,7.667266364168943138e-01,7.763751134385027397e-01,8.306975870469376355e-01,8.345317488554997443e-01,7.828764343404041037e-01,7.928131903040287476e-01,7.759034230862508208e-01,8.467088117004420988e-01,8.534729518658410452e-01,7.339194139765176095e-01,8.125411641519071360e-01,7.725534381980652121e-01,8.261017327817687939e-01,7.905313578169692601e-01,7.886865017663118316e-01,1.631936996942833229e+00,7.437890233750749092e-01,7.736123948294347796e-01,7.331251893519278306e-01,7.342371477877878139e-01,6.989170650551714825e-01,7.199216655725672043e-01,7.087287226723942846e-01
2.315722411213640974e-01,5.333194549208043478e-01,6.593143601406691312e-01,5.901818198345555322e-01,3.782639675597236351e-01,6.436025294513880723e-01,4.225626325147184836e-01,3.239027399372357841e-01,3.959129272593892024e-01,2.328127672359094624e-01,1.230746790698603599e-01,1.828384710114046852e-01,1.038684436105453690e-01,7.349652331118219362e-01,0.000000000000000000e+00,1.327203917402189071e-01,1.107467667079898022e-01,3.780604469896969300e-01,3.533294195367984170e-01,3.605448004977754861e-01,3.641496115568346736e-01,2.801497803575929146e-01,2.571837339129366962e-01,2.576586882397584599e-01,2.683384990392359559e-01,2.587175652653013747e-01,3.020287982842199681e-01,2.578447109869183018e-01,3.213712626033921049e-01,3.837399975405176855e-01,3.169241764063505107e-01,3.052253029016405717e-01,3.468841256962749142e-01,3.595233555733453601e-01,3.000871414447593422e-01,3.040165576196169339e-01,2.822082785144174322e-01,3.493086162320974686e-01,3.557498126144842399e-01,2.567550086870371562e-01,1.695372305228090293e-01,1.259877258739378891e-01,2.211823082124155515e-01,1.335447943530665704e-01,1.385858935693741190e-01,1.828873564531926066e+00,2.706104626133900570e-01,2.733969418295689735e-01,2.821958571994260256e-01,2.785912949717491149e-01,2.861701175966062105e-01,2.797295581626957350e-01,2.783313465401012765e-01
2.576644163917626296e-01,5.752462148213635107e-01,6.992341425754864392e-01,6.145239640471463760e-01,4.098965261502774404e-01,6.883947651721031846e-01,4.699926707383285662e-01,3.541308686786728277e-01,4.380951550683047646e-01,2.163346648125241689e-01,9.434836410247689209e-02,2.204590938088868968e-01,1.316479077062369663e-01,7.106950427296248041e-01,1.327203917402189071e-01,0.000000000000000000e+00,8.408580244337557352e-02,4.222279036369918637e-01,3.989146960842189227e-01,4.012117231736010980e-01,4.036381499559755226e-01,3.375984942979666781e-01,3.016704092368162615e-01,3.013338334062930501e-01,3.174866938797528682e-01,3.004363376059435708e-01,3.572858978106574490e-01,3.112548909739564218e-01,3.762244563883442861e-01,4.250086770120238833e-01,3.619564215220512637e-01,3.541461126523415825e-01,3.930477612915612706e-01,3.993941077904769599e-01,3.552517390702192301e-01,3.545641925438324793e-01,3.306000968667243689e-01,4.030788160013303867e-01,4.036842199024163191e-01,3.093562991612717195e-01,2.416337299295530927e-01,2.012543388018589452e-01,2.852225727309813386e-01,2.095148122675318247e-01,2.116996479013733834e-01,1.791808535682182457e+00,3.050920271975240405e-01,3.197248253804403917e-01,3.190458732155952437e-01,3.053022431429452954e-01,3.052626364497197375e-01,3.058417862876888771e-01,3.062088448440901667e-01
2.318438868457325108e-01,5.801280509206322433e-01,6.926074529904164834e-01,6.090683870180864101e-01,4.141888695540665855e-01,6.830630446854113469e-01,4.794179048436886803e-01,3.565297245175320096e-01,4.229627442319813246e-01,1.922099715803098074e-01,1.006818641097164124e-01,2.133662026846992188e-01,1.304715448041560977e-01,7.034301095825958861e-01,1.107467667079898022e-01,8.408580244337557352e-02,0.000000000000000000e+00,4.306915442493954860e-01,4.029426790454435081e-01,4.093221959704930191e-01,4.106065142748414609e-01,3.350305999846199811e-01,3.032561930756834112e-01,3.015812395298431148e-01,3.176217657310496656e-01,3.014625942900624467e-01,3.576305216179190283e-01,3.085918552922263247e-01,3.833442013149660488e-01,4.270360213777806280e-01,3.574272907768930030e-01,3.493104850981930687e-01,3.961088660451343446e-01,4.048132449802957500e-01,3.491947265372467579e-01,3.527065815532176574e-01,3.298099188092477041e-01,4.061037296325681889e-01,4.127360963239236624e-01,2.956574408972389434e-01,2.250059934352703350e-01,1.868467683665358814e-01,2.813469654031327538e-01,1.993584165553747012e-01,2.028150394321859840e-01,1.799390364653415730e+00,3.076961309353526408e-01,3.211605705677946232e-01,3.205949554771286847e-01,3.114201553452441429e-01,3.080481453671701231e-01,3.096740283027482610e-01,3.062498491173790693e-01
5.273044793578874900e-01,2.699615014093979526e-01,5.087364873210734606e-01,5.010754735402928040e-01,3.389653722838462668e-01,4.705405535870900158e-01,1.478913712827552573e-01,2.564959357150438102e-01,3.948879041727539341e-01,4.701269845143388193e-01,3.784571642287613003e-01,3.050659400539878496e-01,3.508479208017525885e-01,8.527522410730917768e-01,3.780604469896969300e-01,4.222279036369918637e-01,4.306915442493954860e-01,0.000000000000000000e+00,9.545077018068329200e-02,9.420792066824724975e-02,2.023113639318494528e-01,1.660219591999994304e-01,2.195114196602301060e-01,2.212433695319191707e-01,1.922860643430484573e-01,2.433411038881856392e-01,1.123353146319962387e-01,1.919677180662451021e-01,1.113780713518477128e-01,1.833701816081442504e-01,1.627275299271443709e-01,1.714188438637740952e-01,1.487748512110486643e-01,1.347362467860559188e-01,1.631843959313249437e-01,1.297827040171264101e-01,1.643577047736180796e-01,7.958103925821832791e-02,6.548568563331590153e-02,2.479333149180829587e-01,3.551221082593332135e-01,3.539654991224082115e-01,2.479502915762849258e-01,3.277695648892699487e-01,3.204604282455812969e-01,1.961739743823869286e+00,2.319416214932763787e-01,1.770561368344320263e-01,2.020332213429843760e-01,2.297137117891568658e-01,2.820342196212716201e-01,2.628023102214110396e-01,2.714701456364054244e-01
4.966202221224831348e-01,2.694244805126410069e-01,4.640115200736089629e-01,4.495028590526589651e-01,3.014604287971185403e-01,4.363197964331476109e-01,1.647698858710552883e-01,2.144682405815835358e-01,3.697828193286735732e-01,4.212371471471530460e-01,3.608284852664899733e-01,3.054771856096317739e-01,3.313406978624615640e-01,8.003036013763339396e-01,3.533294195367984170e-01,3.989146960842189227e-01,4.029426790454435081e-01,9.545077018068329200e-02,0.000000000000000000e+00,6.589306019308557860e-02,1.489994483299320049e-01,1.366845847278736481e-01,1.762699418540553120e-01,1.781246306400405544e-01,1.507012786484690503e-01,1.987784084502749737e-01,9.645612886784242501e-02,1.542933430879672163e-01,1.423923802934646543e-01,2.010123951815023513e-01,1.340587656773642999e-01,1.503184469126897516e-01,1.659959712001948806e-01,1.553579022452132863e-01,1.272572434474978087e-01,1.104687222716925626e-01,1.226344618277435822e-01,1.036411733919330169e-01,9.830173607860098750e-02,2.122717612032290757e-01,3.433285396027872527e-01,3.415213334505904919e-01,2.532106141497973417e-01,3.105913640475376214e-01,3.116728052574639918e-01,1.935713405739640125e+00,1.823257362551065630e-01,1.333429924128577415e-01,1.483899472966545008e-01,1.798017624258713976e-01,2.257417617587761105e-01,2.112260019553877377e-01,2.144095851862699575e-01
5.083418884867714205e-01,2.585397346992043266e-01,4.709684886085218625e-01,4.558517021435967709e-01,3.053492903330476405e-01,4.421921656781422905e-01,1.617816670149239966e-01,2.279203966774837886e-01,3.794024911353963136e-01,4.320454161468200160e-01,3.622518820919495286e-01,3.118549592468184417e-01,3.341540779466889988e-01,8.185246159106935870e-01,3.605448004977754861e-01,4.012117231736010980e-01,4.093221959704930191e-01,9.420792066824724975e-02,6.589306019308557860e-02,0.000000000000000000e+00,1.496489193106006199e-01,1.537783084731688399e-01,1.846978133305518521e-01,1.886147106440801968e-01,1.634245165096527008e-01,2.065153660699679539e-01,1.161703135668620407e-01,1.683161239019393962e-01,1.451280122990932508e-01,2.176398894782695381e-01,1.620530573969243271e-01,1.768386443233298522e-01,1.811979792314712956e-01,1.698553313114746777e-01,1.526334148979530403e-01,1.335716881590424399e-01,1.389958813473012034e-01,1.157817877286366620e-01,1.041686035157835810e-01,2.370966246443095282e-01,3.485973310078003817e-01,3.505459899447465055e-01,2.594065849958575587e-01,3.142983778759617652e-01,3.157488920154022383e-01,1.943774492409999111e+00,1.891131714853471202e-01,1.441819967870505148e-01,1.619582223851290803e-01,1.858509449959834525e-01,2.334176994442650199e-01,2.182476477650465430e-01,2.237971244196760578e-01
4.837702478597878386e-01,2.931573557398926000e-01,3.986040723512650485e-01,3.821404195146691496e-01,2.126806981494126225e-01,3.827727717034167809e-01,2.139020021771763369e-01,1.650945334298111744e-01,3.100198327442955093e-01,3.961807151208133759e-01,3.766654286402416063e-01,3.361783268072595643e-01,3.276775189327503779e-01,7.810849842002670629e-01,3.641496115568346736e-01,4.036381499559755226e-01,4.106065142748414609e-01,2.023113639318494528e-01,1.489994483299320049e-01,1.496489193106006199e-01,0.000000000000000000e+00,1.484151694344484906e-01,1.513553972237682566e-01,1.516692398537693998e-01,1.420680188343821371e-01,1.589306179116933282e-01,1.618898692581098864e-01,1.604036022709972586e-01,2.013213668758439823e-01,2.875090481141882592e-01,1.834928318305006356e-01,1.907849325093408932e-01,2.357888823430779046e-01,2.394561271920813972e-01,1.526588144322636453e-01,1.771275467800895453e-01,1.397831864059155826e-01,1.893104686556412453e-01,1.907789072101402084e-01,2.111230871421553301e-01,3.620284472666175368e-01,3.680600328564403445e-01,3.107080033016389464e-01,3.073106687518867286e-01,3.231150168845816628e-01,1.916276848682880285e+00,1.522881309695735541e-01,1.458077976031575129e-01,1.421159643160836705e-01,1.586601388610436314e-01,1.834809208770570021e-01,1.684762968705424691e-01,1.725962233056479167e-01
4.123779330944879473e-01,3.236969049073523119e-01,4.717092443662588286e-01,4.493928496900188030e-01,2.420909003350819322e-01,4.471975660668447983e-01,2.050127266822309169e-01,1.805986558499954320e-01,2.820456014709623038e-01,3.621717504607189775e-01,3.027429066758148823e-01,2.506783002894978907e-01,2.564653703298820364e-01,7.924296591097608200e-01,2.801497803575929146e-01,3.375984942979666781e-01,3.350305999846199811e-01,1.660219591999994304e-01,1.366845847278736481e-01,1.537783084731688399e-01,1.484151694344484906e-01,0.000000000000000000e+00,8.825946495664424574e-02,8.985757425229798367e-02,6.140284638960107760e-02,1.094120767252056564e-01,6.677164001039904984e-02,5.496972111364863134e-02,1.177536383311551527e-01,2.271051407221730822e-01,1.171636950822679824e-01,1.105793732667688239e-01,1.654150863897760892e-01,1.821857715721932058e-01,6.440664379584455645e-02,1.009286411733376354e-01,6.797443662593795344e-02,1.218577366900004677e-01,1.416786021859986200e-01,1.479303496931626549e-01,2.624050271328029482e-01,2.779820731656827415e-01,2.143231512473549316e-01,2.213703395374169713e-01,2.222522841094096979e-01,1.921605982248641098e+00,1.245575408250956945e-01,8.178682306886188302e-02,1.061897292547188121e-01,1.407586527270592025e-01,1.769812340346877122e-01,1.550085247643003816e-01,1.573780664615364866e-01
3.853653734950175380e-01,3.414199598556074133e-01,4.586050210896652768e-01,4.211867570049259157e-01,2.034007844712160673e-01,4.431823671608326465e-01,2.531666698390635517e-01,1.714443161239554425e-01,2.799833323908999527e-01,3.071912704640705760e-01,2.780231058542758649e-01,2.579503647199410943e-01,2.285999085218471116e-01,7.528368869316665046e-01,2.571837339129366962e-01,3.016704092368162615e-01,3.032561930756834112e-01,2.195114196602301060e-01,1.762699418540553120e-01,1.846978133305518521e-01,1.513553972237682566e-01,8.825946495664424574e-02,0.000000000000000000e+00,3.074781200091583969e-02,4.091274134005980223e-02,3.993123740383460601e-02,1.332202976484148926e-01,6.381458645602268442e-02,1.829895931712392509e-01,2.839107098806328833e-01,1.597457658436976513e-01,1.596001819612517525e-01,2.259899352268354700e-01,2.362117187902352811e-01,1.149287631753453526e-01,1.549815507389110669e-01,8.297602795623221228e-02,1.836595581595488746e-01,2.008621010624754011e-01,1.586473027799275015e-01,2.608535118022413113e-01,2.788941041709302460e-01,2.459204677136540285e-01,2.057415255466831239e-01,2.215691129245991597e-01,1.886144066697101884e+00,5.616141299346579657e-02,6.387560827655081042e-02,7.125562068851189201e-02,8.099858787803772275e-02,1.054497555375955714e-01,8.162140479856787312e-02,8.572883373695340536e-02
3.857815658584817231e-01,3.445871076993824444e-01,4.533151562703642834e-01,4.159373485421198335e-01,2.022505722221925872e-01,4.388486873279515144e-01,2.561320685895968619e-01,1.658705817729396181e-01,2.742555176768169400e-01,3.064123292523086017e-01,2.771273817321408539e-01,2.593659666920984930e-01,2.288739783497462377e-01,7.526519453490004841e-01,2.576586882397584599e-01,3.013338334062930501e-01,3.015812395298431148e-01,2.212433695319191707e-01,1.781246306400405544e-01,1.886147106440801968e-01,1.516692398537693998e-01,8.985757425229798367e-02,3.074781200091583969e-02,0.000000000000000000e+00,4.721160783515225556e-02,3.566296294376673087e-02,1.351919178056203430e-01,6.751772929868296580e-02,1.855526036499154374e-01,2.809084680536156342e-01,1.525258151262614270e-01,1.514115088481845506e-01,2.212803266018855408e-01,2.311034249869185486e-01,1.101675899276756410e-01,1.514806413079134995e-01,8.215150646911076326e-02,1.853028262780922197e-01,2.025019273436346190e-01,1.515677580860046170e-01,2.646148343923994672e-01,2.823843710433641685e-01,2.521845084960760985e-01,2.075010796900206289e-01,2.245445774035564057e-01,1.885627106582103307e+00,5.628961563279789165e-02,6.659694347177717855e-02,6.789203672223198538e-02,7.860357297373884999e-02,1.026037414427630468e-01,7.971365879519229369e-02,8.099869300263250194e-02
4.016238476900929055e-01,3.220450479000798727e-01,4.558026354470416375e-01,4.239085198422433698e-01,2.140862855766914319e-01,4.353009054192759075e-01,2.246285566586209981e-01,1.654757571892654100e-01,2.827394896546973069e-01,3.296808908911079694e-01,2.896754419900936517e-01,2.548142069226947970e-01,2.411038933613220137e-01,7.650707377673647835e-01,2.683384990392359559e-01,3.174866938797528682e-01,3.176217657310496656e-01,1.922860643430484573e-01,1.507012786484690503e-01,1.634245165096527008e-01,1.420680188343821371e-01,6.140284638960107760e-02,4.091274134005980223e-02,4.721160783515225556e-02,0.000000000000000000e+00,6.556418611347256120e-02,1.028828676516445328e-01,5.756283860747775372e-02,1.552583927658746088e-01,2.559968058579857875e-01,1.341170241530159624e-01,1.345311897277275126e-01,1.969699325101220977e-01,2.078821906049946322e-01,8.650677046935030534e-02,1.271990395985254652e-01,6.502918739580514085e-02,1.552704122179499047e-01,1.716575898898153041e-01,1.502062552675992313e-01,2.633257927542149712e-01,2.802636141817480553e-01,2.323558235726831955e-01,2.138013711491207614e-01,2.259205836880364970e-01,1.900165743757143977e+00,7.714158959604638932e-02,5.006024167379500428e-02,6.832840925290495360e-02,9.446732898174171889e-02,1.306216120807482395e-01,1.074736202175294586e-01,1.106768290198901078e-01
3.764504432338944828e-01,3.524870487553549148e-01,4.479503851246338098e-01,4.091448226557011791e-01,1.943256770718599369e-01,4.372594003117390993e-01,2.727621444616484814e-01,1.750998069670204327e-01,2.750610007299499338e-01,2.991168055163152539e-01,2.824382004174093019e-01,2.726677160237317432e-01,2.322038999932881931e-01,7.533631682888055625e-01,2.587175652653013747e-01,3.004363376059435708e-01,3.014625942900624467e-01,2.433411038881856392e-01,1.987784084502749737e-01,2.065153660699679539e-01,1.589306179116933282e-01,1.094120767252056564e-01,3.993123740383460601e-02,3.566296294376673087e-02,6.556418611347256120e-02,0.000000000000000000e+00,1.593009538078654641e-01,8.509203104641471782e-02,2.069743404675509768e-01,3.026026379074775452e-01,1.749988562358406330e-01,1.745212588207175897e-01,2.436409041220777005e-01,2.536483964448311701e-01,1.342254406248826470e-01,1.762194545369266396e-01,1.049655536182309001e-01,2.063359583731637914e-01,2.220023487569049714e-01,1.665540581571880729e-01,2.720648221389874166e-01,2.917837245397733037e-01,2.695661039174785389e-01,2.103520498739421263e-01,2.323546386770765915e-01,1.889144972708840742e+00,5.427639383180201532e-02,8.517360951946316427e-02,8.343384136861876910e-02,8.088538148951936180e-02,9.124557461368625055e-02,6.978162545507521353e-02,7.050514070203567352e-02
4.457185020992585622e-01,3.058685032257791869e-01,4.913663234658835477e-01,4.718864745083589662e-01,2.813864079445547173e-01,4.610822818153128000e-01,1.759003009009438567e-01,1.959785222750353162e-01,3.206076331212388553e-01,3.935637168204571545e-01,3.159620428782833890e-01,2.531103270066272226e-01,2.792633270226773101e-01,8.013577927783543942e-01,3.020287982842199681e-01,3.572858978106574490e-01,3.576305216179190283e-01,1.123353146319962387e-01,9.645612886784242501e-02,1.161703135668620407e-01,1.618898692581098864e-01,6.677164001039904984e-02,1.332202976484148926e-01,1.351919178056203430e-01,1.028828676516445328e-01,1.593009538078654641e-01,0.000000000000000000e+00,9.776442576286549502e-02,8.258632215192948656e-02,1.821490709685634202e-01,1.013036930676869951e-01,1.005590529012617002e-01,1.276354274141698886e-01,1.373823345693595543e-01,7.599269486934590034e-02,6.861180001891058200e-02,8.745631535276683632e-02,8.259073401007263615e-02,9.534817444152055010e-02,1.690536391134874472e-01,2.796448614443859393e-01,2.858866812944734770e-01,1.990035717742443810e-01,2.492358700511863034e-01,2.422405014991632355e-01,1.930875878170588589e+00,1.607589722627993101e-01,1.033601338505215628e-01,1.264067577989776980e-01,1.664715231877130497e-01,2.121460753480090833e-01,1.921341219746651452e-01,1.958708420904917979e-01
3.860280013367123342e-01,3.456007113274481291e-01,4.766203393313705461e-01,4.480291502042270113e-01,2.336758312177033836e-01,4.571705141386556148e-01,2.379126217424846201e-01,1.840612378795355442e-01,2.823373172133861186e-01,3.312801810033785821e-01,2.803313070720477307e-01,2.429384931451755991e-01,2.340149429845937434e-01,7.724032328527155045e-01,2.578447109869183018e-01,3.112548909739564218e-01,3.085918552922263247e-01,1.919677180662451021e-01,1.542933430879672163e-01,1.683161239019393962e-01,1.604036022709972586e-01,5.496972111364863134e-02,6.381458645602268442e-02,6.751772929868296580e-02,5.756283860747775372e-02,8.509203104641471782e-02,9.776442576286549502e-02,0.000000000000000000e+00,1.521545464894574207e-01,2.576182791189156607e-01,1.419250301480884380e-01,1.373034527759348644e-01,2.009399601044797035e-01,2.140894143982226827e-01,9.264368530034514104e-02,1.295757933160521513e-01,7.910132926713667190e-02,1.516147353096080896e-01,1.715145790817752258e-01,1.450702333342273054e-01,2.442835333229381178e-01,2.654534007343941626e-01,2.166510983347900710e-01,2.055017503176142235e-01,2.070847996419229176e-01,1.908759699211039385e+00,1.033331092287818193e-01,7.376417137412365210e-02,9.577488039650823570e-02,1.229753581974503268e-01,1.512058881156907175e-01,1.310270654336966045e-01,1.281541791114652606e-01
4.732775787224077213e-01,3.084390814858387064e-01,5.278651651937593670e-01,5.191111985243026528e-01,3.048162037120192847e-01,4.903668025920915330e-01,1.633397138274278459e-01,2.376724792826465926e-01,3.349191940715401938e-01,4.384745946636296465e-01,3.323392065002693241e-01,2.571996144321582745e-01,2.949239633919918946e-01,8.582798176174000204e-01,3.213712626033921049e-01,3.762244563883442861e-01,3.833442013149660488e-01,1.113780713518477128e-01,1.423923802934646543e-01,1.451280122990932508e-01,2.013213668758439823e-01,1.177536383311551527e-01,1.829895931712392509e-01,1.855526036499154374e-01,1.552583927658746088e-01,2.069743404675509768e-01,8.258632215192948656e-02,1.521545464894574207e-01,0.000000000000000000e+00,1.853460003739298423e-01,1.546635699604194114e-01,1.442613720886011808e-01,1.257613305354923772e-01,1.365927082797568082e-01,1.337590082731517083e-01,1.129207355333921997e-01,1.419093052973225411e-01,1.010804315925578206e-01,9.160335049843533473e-02,2.148827983825717380e-01,2.869633141523036945e-01,2.958295479064724232e-01,1.933427136514899725e-01,2.609145137777355017e-01,2.512959428475157742e-01,1.958889187632461004e+00,2.123613623894476943e-01,1.561341264769583459e-01,1.875938150551579864e-01,2.172008467177276025e-01,2.694862175410030480e-01,2.445177867020494888e-01,2.537999975319628621e-01
5.194503879684693182e-01,3.634068613242757428e-01,5.841890921886895294e-01,5.529888298478656816e-01,4.102469484557728641e-01,5.494491717038330059e-01,2.346264292847186073e-01,2.845861679932798483e-01,4.170582747541047297e-01,4.818036906502796701e-01,3.813561410136211971e-01,3.229132328348952585e-01,3.769797187043906761e-01,8.281428222931995764e-01,3.837399975405176855e-01,4.250086770120238833e-01,4.270360213777806280e-01,1.833701816081442504e-01,2.010123951815023513e-01,2.176398894782695381e-01,2.875090481141882592e-01,2.271051407221730822e-01,2.839107098806328833e-01,2.809084680536156342e-01,2.559968058579857875e-01,3.026026379074775452e-01,1.821490709685634202e-01,2.576182791189156607e-01,1.853460003739298423e-01,0.000000000000000000e+00,1.582184458405762328e-01,1.550133220965465575e-01,8.124520720853692368e-02,8.738188670362836974e-02,2.042994310361013754e-01,1.556268253974421867e-01,2.385473024206642978e-01,1.930658737701946293e-01,1.786191785639761609e-01,2.602467300351300472e-01,3.705784788857739986e-01,3.574165385530585493e-01,2.630226282672705751e-01,3.566683136970305590e-01,3.371360579229167875e-01,1.963550116128245593e+00,2.989798575273894254e-01,2.572452751183686992e-01,2.501371325451732242e-01,2.958784658696495540e-01,3.328896589786646265e-01,3.235804741777105753e-01,3.262101437298160489e-01
