0.000000000000000000e+00,3.164129284995294000e-01,5.202680488034130413e-01,6.383025771094872347e-01,3.661127285614802496e-01,6.506221011073400895e-01,3.111571358807627696e-01,2.253340433248354202e-01,4.800952398800286680e-01,5.181563552751460300e-01,2.669029447743622718e-01,3.784851505959030415e-01,3.324210436194445784e-01,6.347273463994438369e-01,3.117183295388814557e-01,4.050427259534794544e-01,3.107832639913306050e-01,1.287420368236500412e-01,2.104428906728197379e-01,1.351000495987682015e-01,1.707856804027727549e-01,1.961841482825770200e-01,1.842986541895486052e-01,2.070271392331188842e-01,2.248513931924871478e-01,1.945289878394342864e-01,2.154583418887610069e-01,1.793543750668578074e-01,2.218059159627936427e-01,2.362397522708077346e-01,1.984518987892038844e-01,1.958827153148967604e-01,2.224454451783770548e-01,2.551785734204741196e-01,2.465464885849844023e-01,2.120042300784374945e-01,1.937788417286900877e-01,1.486547581413015795e-01,1.250712541996981120e-01,1.569507410646857615e-01,3.349306048396902824e-01,2.173534956210536606e-01,2.991118926022655611e-01,2.146710043341002461e-01,2.364043545006238034e-01,4.419804617438236605e-01,1.984518987892038844e-01,2.237271023729108244e-01,2.170370934157623832e-01,1.931797151842178373e-01,1.716335384730438562e-01,1.964858010397472210e-01,1.878272391846840250e-01
3.164129284995294000e-01,0.000000000000000000e+00,1.160022178089854528e-01,2.321421708763251601e-01,7.255264341998057809e-02,1.275127374523012946e-01,1.844450429341824016e-01,6.706844655676480471e-02,2.296997726565859210e-01,1.233758071859745176e-01,8.985662764067581243e-02,7.882936422657893516e-02,5.364225444582348956e-02,5.739885155658941418e-01,5.204806544189666262e-02,1.238590777556256572e-01,8.882499395660903296e-02,9.777912910114938683e-02,6.231388512643687427e-02,7.283240672714752506e-02,9.875175950207992770e-02,6.458165903605750380e-02,6.136645127070816663e-02,6.537594568063465061e-02,6.599702447512978409e-02,7.106949875022516849e-02,6.671036354298154336e-02,7.527914554403780656e-02,7.414495346466565273e-02,9.457093895413315465e-02,7.162391586368688223e-02,6.231388512643687427e-02,6.860080740945506683e-02,8.009576570883591984e-02,5.412513661059192849e-02,6.145228640282951460e-02,8.667751681200952518e-02,4.801430232596137770e-02,8.127352438202439799e-02,7.738042181754645199e-02,4.363225345767385299e-02,5.236500504574226333e-02,7.718822490786725332e-02,9.745596185841742809e-02,9.277614695804814460e-02,3.661127285614802496e-01,6.205478562415400745e-02,8.759471854810096936e-02,6.951013957245955055e-02,7.190191747131358113e-02,8.515933932645469717e-02,7.070106247537344402e-02,9.734835534941077562e-02
5.202680488034130413e-01,1.160022178089854528e-01,0.000000000000000000e+00,8.226141941361109211e-02,2.847671404620242264e-01,7.153136614077193478e-02,5.712988910761844785e-01,3.515499347865280733e-01,3.215190946952364293e-01,1.763325726948483663e-01,1.577650468113462878e-01,1.803670796158596268e-01,1.222917929288873662e-01,1.860589682707063375e-01,1.565443460591890990e-01,2.095087033503766349e-01,2.045595570784000117e-01,2.129436483685842596e-01,2.674258311052248871e-01,2.030244270018219943e-01,3.742049754707821307e-01,1.759028855719009243e-01,1.706445657229902491e-01,1.633834920725703022e-01,1.782003261292022245e-01,1.863531277409089526e-01,1.878272391846838030e-01,1.930300711339303366e-01,2.186212761569863439e-01,1.776246334044098152e-01,1.754736985355229706e-01,1.669951561862039746e-01,1.643521458229675325e-01,1.572219517876813910e-01,1.368712555468489800e-01,1.707856804027727549e-01,1.557330723409411366e-01,2.695221249435482136e-01,3.236100771122114583e-01,3.421200752892408214e-01,1.754736985355229706e-01,2.354175471300934408e-01,1.786326783876455160e-01,1.375065254715879259e-01,1.642135989309283506e-01,4.958601664454831415e-01,1.717750431098423736e-01,1.784885054802882731e-01,1.747594984312332844e-01,1.876795795574202064e-01,2.084212998499632707e-01,1.747594984312332844e-01,2.269463902170345548e-01
6.383025771094872347e-01,2.321421708763251601e-01,8.226141941361109211e-02,0.000000000000000000e+00,4.505523566993390183e-01,9.788696740969293764e-02,7.874679280635754619e-01,5.315919496556598123e-01,4.954001311237981042e-01,2.544965421099565361e-01,2.295373773350897206e-01,3.186777267776241818e-01,1.653235395075574043e-01,2.126302911402397910e-01,2.263008030612883026e-01,2.905385348722180350e-01,2.847671404620246705e-01,3.606954556363752840e-01,4.291500576058364658e-01,3.480001438713609119e-01,5.586557556909550470e-01,2.797610532706416020e-01,2.568873714894488458e-01,2.679491924311228068e-01,2.833326446790502828e-01,2.634291852336057005e-01,3.283852772634596739e-01,2.712748353353600095e-01,3.679265550626931169e-01,3.150952059857052845e-01,2.505913818821345895e-01,2.405368568942283236e-01,2.976444990515276778e-01,2.854856425038914125e-01,1.848845409800388140e-01,2.450375816596079837e-01,2.347607505280371321e-01,4.317461814688572375e-01,4.979325926098594479e-01,5.202680488034130413e-01,2.101312767959497840e-01,3.891773070397936962e-01,3.164129284995294000e-01,2.039448484787689253e-01,1.978459573558166706e-01,4.724079427307157353e-01,2.462108019109894297e-01,2.541558454603807249e-01,2.497461621403003207e-01,2.649897610561804395e-01,2.892714796789868092e-01,2.497461621403003207e-01,3.107832639913308270e-01
3.661127285614802496e-01,7.255264341998057809e-02,2.847671404620242264e-01,4.505523566993390183e-01,0.000000000000000000e+00,3.022411103786302178e-01,1.767627597865639721e-01,2.558614551357589750e-01,5.172189981365158395e-01,1.129756719436127987e-01,1.727671346715013989e-01,8.944327575531274555e-02,1.647681219843815104e-01,8.775660938765239560e-01,1.498455863310839131e-01,3.535290731465294822e-01,1.098738496403903753e-01,1.515737300478936511e-01,1.854713124357525444e-01,1.942287643697562238e-01,2.171952673647392640e-01,1.438071552705302292e-01,1.362374044756970992e-01,1.299770363712771104e-01,1.444577177625208098e-01,1.452402579697749108e-01,1.521073814033324645e-01,1.271450597355514578e-01,1.259231761890320378e-01,1.863531277409091746e-01,1.580369310458404897e-01,1.489189919648672422e-01,1.502435436669007363e-01,1.328391470055965140e-01,1.007110913156050724e-01,1.344701738822011716e-01,1.358577750835781028e-01,1.322143879817716527e-01,1.557330723409413586e-01,1.221716328427682186e-01,1.509079327753735100e-01,1.190675591493113306e-01,1.165886955032764405e-01,9.788696740969293764e-02,1.118219592144316099e-01,5.415849299541601880e-01,1.479951605687572780e-01,1.297295806279765706e-01,1.335907347322029537e-01,1.315910513579410246e-01,1.259231761890320378e-01,1.408327822394863649e-01,1.375065254715879259e-01
6.506221011073400895e-01,1.275127374523012946e-01,7.153136614077193478e-02,9.788696740969293764e-02,3.022411103786302178e-01,0.000000000000000000e+00,5.949484546112366878e-01,3.707560655450616860e-01,5.195637450263355106e-01,2.598045114558806823e-01,2.373930958700154470e-01,2.591167463848598196e-01,1.679739795144445935e-01,2.202108852867386002e-01,2.341048142821460232e-01,2.992955500088740894e-01,2.934442394408205423e-01,2.282401567078244931e-01,2.844082029130927669e-01,2.179869516232642024e-01,3.939489039610803989e-01,2.592886081202006032e-01,2.529650826748492953e-01,2.442011708685520865e-01,2.620456037345249012e-01,2.718016755655980887e-01,2.560323084013305106e-01,2.797610532706413800e-01,2.405368568942281016e-01,2.132572233443248422e-01,2.587731820104210989e-01,2.485650939083732247e-01,2.364043545006235814e-01,2.367337201218260301e-01,1.873844259266999046e-01,2.531350320324623482e-01,2.349248690326575240e-01,2.865649622699006915e-01,3.421200752892414876e-01,3.610954881850694242e-01,1.832754818905375505e-01,2.514379338747330106e-01,1.927309481682668579e-01,2.010369420786743966e-01,1.717750431098421515e-01,4.931027055996171082e-01,2.543261671970356019e-01,2.623911815678892090e-01,2.579151993798609599e-01,2.733850384501517183e-01,2.980110364106163257e-01,2.579151993798609599e-01,3.198128922021163945e-01
3.111571358807627696e-01,1.844450429341824016e-01,5.712988910761844785e-01,7.874679280635754619e-01,1.767627597865639721e-01,5.949484546112366878e-01,0.000000000000000000e+00,8.975320238201933698e-02,2.287262097971185515e-01,3.171670411892018038e-01,3.169784361093874736e-01,1.193049597454260979e-01,2.544965421099560920e-01,1.293703418630304913e+00,2.326321050613662234e-01,3.297280402948055134e-01,2.344326748405798355e-01,9.499568133271174553e-02,6.318138637799264323e-02,1.019176899673222003e-01,4.590885112947273861e-02,1.457630814784922624e-01,1.633834920725705242e-01,1.546545202597702229e-01,1.431580063501374234e-01,1.651846012850233247e-01,1.133229068223859937e-01,1.525082109794235752e-01,9.120644980679482039e-02,1.215716905141630555e-01,1.942287643697560018e-01,1.837136523498372753e-01,1.330894487805862614e-01,1.416058192692792872e-01,2.316527213595334089e-01,1.774808489940755685e-01,1.821094626443025000e-01,9.172822909140188052e-02,6.564176876873428768e-02,9.467703749282740944e-02,2.679491924311225848e-01,8.068359266254510054e-02,1.207341746044348074e-01,2.113790404640525367e-01,2.271079220440197499e-01,8.680507043209844120e-01,1.783443880593436059e-01,1.756167053085417873e-01,1.813825001947613202e-01,1.992105603078397902e-01,1.972408942704173551e-01,2.202108852867386002e-01,1.912386372217342867e-01
2.253340433248354202e-01,6.706844655676480471e-02,3.515499347865280733e-01,5.315919496556598123e-01,2.558614551357589750e-01,3.707560655450616860e-01,8.975320238201933698e-02,0.000000000000000000e+00,3.968660302582467381e-01,2.184626136156269105e-01,1.560032722392661331e-01,1.287420368236500412e-01,1.123980968335409614e-01,9.819171684992571425e-01,9.777912910114938683e-02,1.651846012850235468e-01,9.896853674443240045e-02,5.149570574109318954e-02,7.960751818639777433e-02,8.882499395660903296e-02,9.183275934889389980e-02,4.436038558622024119e-02,5.444824358120681218e-02,4.939242663104614905e-02,4.568603410341398607e-02,5.550488918757312540e-02,4.141292583526512416e-02,4.816647612250513077e-02,4.428730426184213087e-02,5.102456937612465104e-02,7.311269837824019291e-02,6.662099001114762942e-02,4.457998698357612533e-02,6.025596943050648413e-02,9.713331620892362572e-02,6.283367774273784789e-02,6.564176876873428768e-02,5.848321100782216675e-02,4.355976797732807881e-02,6.431795793639261127e-02,1.215716905141632775e-01,4.985608023417564816e-02,8.315551973664803143e-02,8.395424619608138350e-02,9.414712525853130565e-02,6.009227382984696497e-01,6.335559469942864119e-02,6.171014609796698913e-02,6.519902494416296435e-02,7.623075515857813400e-02,7.499480581978468230e-02,8.964983531280790174e-02,7.125406945037737749e-02
4.800952398800286680e-01,2.296997726565859210e-01,3.215190946952364293e-01,4.954001311237981042e-01,5.172189981365158395e-01,5.195637450263355106e-01,2.287262097971185515e-01,3.968660302582467381e-01,0.000000000000000000e+00,2.377231059166595717e-01,3.581001150127167687e-01,2.965461317139048703e-01,2.705731189596898290e-01,9.357247391652332436e-01,3.226588641091518994e-01,4.708319325276097977e-01,2.662065021287944866e-01,2.963632520740548948e-01,2.263008030612883026e-01,3.061272466415487781e-01,3.258981956451925122e-01,3.024256477322364578e-01,2.854856425038909684e-01,3.000306976435402895e-01,3.046441278298335220e-01,3.077997024309093721e-01,3.059416761366535731e-01,3.198128922021161724e-01,3.147191756791354322e-01,3.649057503150539006e-01,3.100361377358020754e-01,3.243719667330355882e-01,3.395861514101081724e-01,3.076136677448719770e-01,3.100361377358020754e-01,3.150952059857048404e-01,2.854856425038909684e-01,3.194342989400840160e-01,2.625640498830907887e-01,3.100361377358020754e-01,2.509298428451618435e-01,2.725048661959561525e-01,2.116915263212635345e-01,2.682983637970013380e-01,3.156596363697432572e-01,5.984304641245326017e-01,2.658585976710199361e-01,2.941727458554792562e-01,2.788714288130551555e-01,2.781606729287804392e-01,2.592886081202006032e-01,2.914451366014096934e-01,3.126546807863666011e-01
5.181563552751460300e-01,1.233758071859745176e-01,1.763325726948483663e-01,2.544965421099565361e-01,1.129756719436127987e-01,2.598045114558806823e-01,3.171670411892018038e-01,2.184626136156269105e-01,2.377231059166595717e-01,0.000000000000000000e+00,4.748356717732593602e-02,6.671036354298154336e-02,5.284219425367941980e-02,3.945731958149416574e-01,6.458165903605750380e-02,1.041294264245471446e-01,6.042616296553360300e-02,1.979973603805686988e-01,1.403185568367253389e-01,1.963349471897721799e-01,1.717750431098423736e-01,8.335485106973350433e-02,9.151934296744612674e-02,7.642178039073077578e-02,7.395674262591289683e-02,8.445534723003489397e-02,7.134644293130065762e-02,9.510201200982204561e-02,7.125406945037737749e-02,1.963349471897724019e-01,8.903085505208707673e-02,1.071519089132451086e-01,1.584451782077456183e-01,1.366175448289019823e-01,5.477229879011291658e-02,1.006017475962459606e-01,8.495790703457006821e-02,1.870894931576891906e-01,1.457630814784922624e-01,2.259783336435565726e-01,9.006365271371974401e-02,1.085087307737662154e-01,6.353003899511122654e-02,8.465619612078678635e-02,6.405478751493731693e-02,2.991118926022655611e-01,8.186556022034086055e-02,6.662099001114762942e-02,7.042535234237390362e-02,8.536100493586551430e-02,1.009299523179363334e-01,8.315551973664803143e-02,8.903085505208707673e-02
2.669029447743622718e-01,8.985662764067581243e-02,1.577650468113462878e-01,2.295373773350897206e-01,1.727671346715013989e-01,2.373930958700154470e-01,3.169784361093874736e-01,1.560032722392661331e-01,3.581001150127167687e-01,4.748356717732593602e-02,0.000000000000000000e+00,4.977865610795495499e-02,1.845697556555414565e-02,3.947813909162098955e-01,1.701927358620536346e-02,5.957755901660344300e-02,2.668491272052331276e-02,6.787757757805690240e-02,1.007110913156050724e-01,1.359842614344028977e-01,1.716335384730436342e-01,4.816647612250513077e-02,7.134644293130065762e-02,5.078980264538790479e-02,5.364225444582348956e-02,5.706722259938978858e-02,5.380297803574674020e-02,4.063920106041996050e-02,7.116175472241481614e-02,7.757285299258942501e-02,3.883911088512981280e-02,4.219386970675875759e-02,6.214109309523419000e-02,5.173207524616030284e-02,5.773144018072762229e-02,5.165322606030131602e-02,3.529480139815177608e-02,1.020277277341266053e-01,1.371251932813819518e-01,1.495805632284354925e-01,8.216236698126588855e-02,8.107664665255454040e-02,4.885420102287851840e-02,3.575328864520876948e-02,4.583451925941450789e-02,4.917264531676313055e-01,5.086799884913895120e-02,4.370479853238884438e-02,6.932780260240867243e-02,5.316150670096808639e-02,6.617500581775082047e-02,7.143887516237068525e-02,4.870095716029609889e-02
3.784851505959030415e-01,7.882936422657893516e-02,1.803670796158596268e-01,3.186777267776241818e-01,8.944327575531274555e-02,2.591167463848598196e-01,1.193049597454260979e-01,1.287420368236500412e-01,2.965461317139048703e-01,6.671036354298154336e-02,4.977865610795495499e-02,0.000000000000000000e+00,3.904475325411116415e-02,6.992468508991449561e-01,4.049929965731435821e-02,1.291119383402654641e-01,3.516434364704967841e-02,1.129756719436127987e-01,6.171014609796698913e-02,9.467703749282740944e-02,7.518430700175215975e-02,3.952667604458048878e-02,4.939242663104614905e-02,5.071166581797492690e-02,5.517870102068611615e-02,4.502079798639613273e-02,4.056922051502986903e-02,3.931977934721375689e-02,4.120119392363963406e-02,5.558658431728025207e-02,3.323621532454223981e-02,4.443352648278753314e-02,4.428730426184235291e-02,4.900768262665811115e-02,5.881886917736345310e-02,4.212257657507256781e-02,5.125987042952950823e-02,1.046859710640979380e-01,7.414495346466565273e-02,1.345960353862794001e-01,6.068189638256504814e-02,3.815751976186065875e-02,3.987269823407157965e-02,4.568603410341398607e-02,7.116175472241503819e-02,3.746116711338118854e-01,4.190905503083230954e-02,4.385006745608555079e-02,4.831888774404347053e-02,4.962398607928797389e-02,4.710625490789843717e-02,4.385006745608555079e-02,4.635609229587034363e-02
3.324210436194445784e-01,5.364225444582348956e-02,1.222917929288873662e-01,1.653235395075574043e-01,1.647681219843815104e-01,1.679739795144445935e-01,2.544965421099560920e-01,1.123980968335409614e-01,2.705731189596898290e-01,5.284219425367941980e-02,1.845697556555414565e-02,3.904475325411116415e-02,0.000000000000000000e+00,4.701571981631365027e-01,3.002188611165967913e-02,3.822540998324375217e-02,4.247963859360948113e-02,8.769692116953664573e-02,7.255264341998057809e-02,6.733762707149226756e-02,1.258013017550823065e-01,3.361752907349280228e-02,2.812447254603678282e-02,3.432220457329115959e-02,2.930315174671460632e-02,2.359666934082249590e-02,4.538977819116252199e-02,3.674563310467204857e-02,4.502079798639613273e-02,5.039971231927897755e-02,2.876977371611033618e-02,3.185652066830346740e-02,3.966490577682191265e-02,3.038449397558373732e-02,2.954176952988118998e-02,2.522762415648505119e-02,2.668491272052331276e-02,8.038941604962612786e-02,9.638250527486436070e-02,1.069265790082991607e-01,4.771066828199543863e-02,5.039971231927897755e-02,2.578330898637526403e-02,1.850431905711280578e-02,2.748643945211814987e-02,3.850491890305201004e-01,2.640150817995223775e-02,3.136200682469514334e-02,2.685567678606104458e-02,2.181375877416824594e-02,2.800792585899003484e-02,2.818283599059334676e-02,3.279407526589817046e-02
6.347273463994438369e-01,5.739885155658941418e-01,1.860589682707063375e-01,2.126302911402397910e-01,8.775660938765239560e-01,2.202108852867386002e-01,1.293703418630304913e+00,9.819171684992571425e-01,9.357247391652332436e-01,3.945731958149416574e-01,3.947813909162098955e-01,6.992468508991449561e-01,4.701571981631365027e-01,0.000000000000000000e+00,5.000087249762468211e-01,3.809407486872311566e-01,4.974717329929778664e-01,7.574308977428780842e-01,8.494183897339548928e-01,7.400033217477350878e-01,1.016064449105589906e+00,6.439372145086077470e-01,6.106832590820052697e-01,6.268398028084543050e-01,6.490769636875808324e-01,6.074225775377057879e-01,7.128210860857011610e-01,6.309057881426227699e-01,7.673021801570860667e-01,6.942160748945904736e-01,5.579299563104225257e-01,5.752128102999216619e-01,6.695392906912782660e-01,6.521687182854141174e-01,5.013948696922949644e-01,5.857864376269046325e-01,5.779100767325420218e-01,8.528471272979074591e-01,9.389776313865318969e-01,9.675311923887048859e-01,4.527618580939503090e-01,7.960911956461793615e-01,6.960678510087063842e-01,5.311180573390839044e-01,5.078852498766006640e-01,5.798750178841505232e-01,5.843062523474795711e-01,5.889988238709191748e-01,5.791378403003730746e-01,5.499723000340066559e-01,5.531014067992350292e-01,5.179219482633312666e-01,5.627760769900027604e-01
3.117183295388814557e-01,5.204806544189666262e-02,1.565443460591890990e-01,2.263008030612883026e-01,1.498455863310839131e-01,2.341048142821460232e-01,2.326321050613662234e-01,9.777912910114938683e-02,3.226588641091518994e-01,6.458165903605750380e-02,1.701927358620536346e-02,4.049929965731435821e-02,3.002188611165967913e-02,5.000087249762468211e-01,0.000000000000000000e+00,9.875175950207992770e-02,3.241743510384287319e-02,7.690036884212569923e-02,8.038941604962634990e-02,8.964983531280790174e-02,1.103307320078035225e-01,2.859306182229293114e-02,2.311794679917333895e-02,2.104932207085585816e-02,1.729300940090272576e-02,1.936682202631434535e-02,2.679869532315515279e-02,4.509447493218843306e-02,3.374511287263404213e-02,5.356198158380931496e-02,3.647969194253852798e-02,3.241743510384309523e-02,4.028989523150650065e-02,3.093245550574441616e-02,3.130046243115214288e-02,2.456874296713817962e-02,2.685567678606126663e-02,7.005856173960345323e-02,8.285696067276249188e-02,9.499568133271174553e-02,3.681226791064262649e-02,4.070924129135300440e-02,3.050584326657457268e-02,2.413430266848526351e-02,4.457998698357612533e-02,3.927016413484403223e-01,1.761511588017006247e-02,1.946386251685949809e-02,2.201989862084330341e-02,1.594607910851153498e-02,2.201989862084330341e-02,2.317089733715560484e-02,2.322390809279539781e-02
4.050427259534794544e-01,1.238590777556256572e-01,2.095087033503766349e-01,2.905385348722180350e-01,3.535290731465294822e-01,2.992955500088740894e-01,3.297280402948055134e-01,1.651846012850235468e-01,4.708319325276097977e-01,1.041294264245471446e-01,5.957755901660344300e-02,1.291119383402654641e-01,3.822540998324375217e-02,3.809407486872311566e-01,9.875175950207992770e-02,0.000000000000000000e+00,9.298642780199117830e-02,1.473369733784626323e-01,2.124736941932736656e-01,1.369981960389754505e-01,2.256560803849836372e-01,1.416058192692795092e-01,1.245856980519250978e-01,1.430283462381729542e-01,1.327140814316538631e-01,1.194237459791622769e-01,1.644907486320377199e-01,1.478634102840632458e-01,1.637982937991937504e-01,1.162366367421365787e-01,1.015879235936676395e-01,1.187118879877571143e-01,1.270226145925066330e-01,1.236173281550316805e-01,1.110177823676732345e-01,1.180020930594336548e-01,1.271450597355514578e-01,2.156159724996307148e-01,2.159313967829035175e-01,2.497461621403003207e-01,1.051322460182579910e-01,1.656015836107131989e-01,1.175300429711847450e-01,9.319694100975350892e-02,7.651738090157733652e-02,3.539255028640380107e-01,1.265334045991366452e-01,1.369981960389754505e-01,1.184750604105997418e-01,1.148335671047409079e-01,1.113620844075160488e-01,9.520840071344327527e-02,1.123980968335411834e-01
3.107832639913306050e-01,8.882499395660903296e-02,2.045595570784000117e-01,2.847671404620246705e-01,1.098738496403903753e-01,2.934442394408205423e-01,2.344326748405798355e-01,9.896853674443240045e-02,2.662065021287944866e-01,6.042616296553360300e-02,2.668491272052331276e-02,3.516434364704967841e-02,4.247963859360948113e-02,4.974717329929778664e-01,3.241743510384287319e-02,9.298642780199117830e-02,0.000000000000000000e+00,7.642178039073077578e-02,8.769692116953664573e-02,9.734835534941077562e-02,1.115919067625745775e-01,4.673042985201081301e-02,5.228568114621046092e-02,5.881886917736367515e-02,4.900768262665811115e-02,5.268289390322422605e-02,4.786236637295382401e-02,5.063358836928011364e-02,4.854795105758324958e-02,5.591395711339131047e-02,4.148362246595671543e-02,5.204806544189688466e-02,4.916140195293361437e-02,5.698446170822979440e-02,6.751737511384470203e-02,4.954674018155325044e-02,5.940854744800705411e-02,7.097730153661885311e-02,8.395424619608138350e-02,9.446489845812688912e-02,6.318138637799286528e-02,4.524200747100959319e-02,4.710625490789843717e-02,5.340161373790186516e-02,8.068359266254510054e-02,3.306886832443940438e-01,4.931535898297467746e-02,4.893091210828681703e-02,5.599594836927468400e-02,5.764820587937413698e-02,5.420582444728605509e-02,4.809035949494955275e-02,5.412513661059215053e-02
1.287420368236500412e-01,9.777912910114938683e-02,2.129436483685842596e-01,3.606954556363752840e-01,1.515737300478936511e-01,2.282401567078244931e-01,9.499568133271174553e-02,5.149570574109318954e-02,2.963632520740548948e-01,1.979973603805686988e-01,6.787757757805690240e-02,1.129756719436127987e-01,8.769692116953664573e-02,7.574308977428780842e-01,7.690036884212569923e-02,1.473369733784626323e-01,7.642178039073077578e-02,0.000000000000000000e+00,3.062743253445399105e-02,3.241743510384287319e-02,5.865092181884468125e-02,2.522762415648505119e-02,3.694571692690629128e-02,3.509920454898063369e-02,3.945765075655627285e-02,3.074926176440717640e-02,3.260548549868835799e-02,2.435104136416077480e-02,3.516434364704967841e-02,4.494718059267555077e-02,3.160878406151623743e-02,3.279407526589817046e-02,3.542549854262255771e-02,4.954674018155325044e-02,4.568603410341398607e-02,3.123897800762653887e-02,4.113073595374716618e-02,1.038016843299072178e-02,1.234770413841124181e-02,2.754414206489808059e-02,8.903085505208707673e-02,3.911342018144958743e-02,7.051719694556646267e-02,3.477440691276956208e-02,4.127171156195585944e-02,4.196899752486191737e-01,3.355382702210385482e-02,3.918214684080867372e-02,4.406841774409553381e-02,4.226522247663000442e-02,3.406512050850674100e-02,4.141292583526512416e-02,3.522954259743538152e-02
2.104428906728197379e-01,6.231388512643687427e-02,2.674258311052248871e-01,4.291500576058364658e-01,1.854713124357525444e-01,2.844082029130927669e-01,6.318138637799264323e-02,7.960751818639777433e-02,2.263008030612883026e-01,1.403185568367253389e-01,1.007110913156050724e-01,6.171014609796698913e-02,7.255264341998057809e-02,8.494183897339548928e-01,8.038941604962634990e-02,2.124736941932736656e-01,8.769692116953664573e-02,3.062743253445399105e-02,0.000000000000000000e+00,1.907714860669762480e-02,2.445977180885727797e-02,1.956114432972522188e-02,6.231388512643709632e-02,5.991629143693932846e-02,6.555310214517939826e-02,5.420582444728605509e-02,3.393693778309314624e-02,3.400099920192301006e-02,2.948202504415720071e-02,4.946955369802208402e-02,5.806496900959690066e-02,6.493408587673998866e-02,4.348734209355997749e-02,5.452916849225508678e-02,5.452916849225508678e-02,4.428730426184213087e-02,3.160878406151623743e-02,3.191860470741825218e-02,1.733884343328839783e-02,6.941894168300333234e-02,7.329985296543028994e-02,5.212721134187403571e-02,5.715004267566636820e-02,4.576024691664071220e-02,5.228568114621046092e-02,4.926437711035385192e-01,4.816647612250513077e-02,6.519902494416296435e-02,5.731586037347713436e-02,6.196853718626105234e-02,5.856703684361841411e-02,5.739885798996002819e-02,5.165322606030131602e-02
1.351000495987682015e-01,7.283240672714752506e-02,2.030244270018219943e-01,3.480001438713609119e-01,1.942287643697562238e-01,2.179869516232642024e-01,1.019176899673222003e-01,8.882499395660903296e-02,3.061272466415487781e-01,1.963349471897721799e-01,1.359842614344028977e-01,9.467703749282740944e-02,6.733762707149226756e-02,7.400033217477350878e-01,8.964983531280790174e-02,1.369981960389754505e-01,9.734835534941077562e-02,3.241743510384287319e-02,1.907714860669762480e-02,0.000000000000000000e+00,3.966490577682191265e-02,4.392279130064213888e-02,7.051719694556668472e-02,6.796777534050857383e-02,7.738042181754645199e-02,6.188234778418211235e-02,6.440579934226908776e-02,6.449369970971652322e-02,5.823208836253801479e-02,7.680453397824549278e-02,8.739048807392890694e-02,9.574121451572259467e-02,6.932780260240867243e-02,8.305594165422047759e-02,7.853852202660993598e-02,7.033356651738631449e-02,4.457998698357612533e-02,2.634500762268432439e-02,2.561597201036169835e-02,1.011490447161922379e-01,8.728846022741421073e-02,8.009576570883591984e-02,9.372424045246807722e-02,7.218044767796483185e-02,7.999799922518646689e-02,4.060963726224673387e-01,5.542325329057451455e-02,7.358102501889751679e-02,6.923672233345223859e-02,7.015017121320776816e-02,6.778743867141989732e-02,6.528745584504180854e-02,6.231388512643709632e-02
1.707856804027727549e-01,9.875175950207992770e-02,3.742049754707821307e-01,5.586557556909550470e-01,2.171952673647392640e-01,3.939489039610803989e-01,4.590885112947273861e-02,9.183275934889389980e-02,3.258981956451925122e-01,1.717750431098423736e-01,1.716335384730436342e-01,7.518430700175215975e-02,1.258013017550823065e-01,1.016064449105589906e+00,1.103307320078035225e-01,2.256560803849836372e-01,1.115919067625745775e-01,5.865092181884468125e-02,2.445977180885727797e-02,3.966490577682191265e-02,0.000000000000000000e+00,5.300173185940715292e-02,8.415451153274511320e-02,8.137205091988497507e-02,9.162375696319169371e-02,7.348724231518888317e-02,4.847153717200480827e-02,5.715004267566636820e-02,4.312610670053396156e-02,4.190905503083230954e-02,8.405434968289227093e-02,7.709221430985824242e-02,4.538977819116252199e-02,5.047761161755626169e-02,1.096457539019801697e-01,7.301920912773574024e-02,7.603996433187232284e-02,3.748190475101820240e-02,4.598324252455121552e-02,6.697883747580402058e-02,1.354786567566224065e-01,4.141292583526512416e-02,7.433339896301394134e-02,9.563453572819402559e-02,1.064766112215971283e-01,6.293797907884317588e-01,7.358102501889751679e-02,7.690036884212547719e-02,8.275755777979343364e-02,8.739048807392890694e-02,8.606867158930220363e-02,1.016977878937430635e-01,8.206337296959587135e-02
1.961841482825770200e-01,6.458165903605750380e-02,1.759028855719009243e-01,2.797610532706416020e-01,1.438071552705302292e-01,2.592886081202006032e-01,1.457630814784922624e-01,4.436038558622024119e-02,3.024256477322364578e-01,8.335485106973350433e-02,4.816647612250513077e-02,3.952667604458048878e-02,3.361752907349280228e-02,6.439372145086077470e-01,2.859306182229293114e-02,1.416058192692795092e-01,4.673042985201081301e-02,2.522762415648505119e-02,1.956114432972522188e-02,4.392279130064213888e-02,5.300173185940715292e-02,0.000000000000000000e+00,1.822116355532266141e-02,1.692851154021823845e-02,2.000189853282896557e-02,1.394526367405490852e-02,2.336843788530273969e-03,4.123832999431087387e-03,6.554707719213626049e-03,6.353003899511122654e-02,2.269651052417187564e-02,2.708420367443165055e-02,4.255122989446724624e-02,3.148527551433155658e-02,1.826820522623551213e-02,1.546583144030400092e-02,3.751743521450690011e-03,2.456874296713817962e-02,3.445110588133726282e-02,4.091972007606514694e-02,4.748356717732593602e-02,2.402629444391535252e-02,2.212333006678068870e-02,1.621111481994064185e-02,2.125184586353356941e-02,3.705536348607498809e-01,1.095620926345342028e-02,1.980540456918200576e-02,1.555260517852508073e-02,1.803360057032743491e-02,1.621111481994064185e-02,1.559608272288337538e-02,1.503559010166122256e-02
1.842986541895486052e-01,6.136645127070816663e-02,1.706445657229902491e-01,2.568873714894488458e-01,1.362374044756970992e-01,2.529650826748492953e-01,1.633834920725705242e-01,5.444824358120681218e-02,2.854856425038909684e-01,9.151934296744612674e-02,7.134644293130065762e-02,4.939242663104614905e-02,2.812447254603678282e-02,6.106832590820052697e-01,2.311794679917333895e-02,1.245856980519250978e-01,5.228568114621046092e-02,3.694571692690629128e-02,6.231388512643709632e-02,7.051719694556668472e-02,8.415451153274511320e-02,1.822116355532266141e-02,0.000000000000000000e+00,4.101458967780802212e-03,2.122685979657479294e-03,2.439154502468232621e-03,2.634500762268432439e-02,3.179449658226762843e-02,2.181375877416824594e-02,8.934008327332110255e-02,5.212721134187403571e-02,5.865092181884445921e-02,6.414245202005353086e-02,5.039971231927897755e-02,4.531586305954427019e-02,3.911342018144936539e-02,1.812726132023434467e-02,3.966490577682191265e-02,4.341497580857534011e-02,6.292051639397611140e-02,4.472668574636173844e-02,4.650564880008656310e-02,5.125987042952950823e-02,4.049929965731435821e-02,4.643084079341863735e-02,3.519453609340474909e-01,1.934130643750586742e-03,5.577509428732252417e-03,2.203837250792872737e-03,1.858152617474129187e-03,4.631442328789425744e-03,4.443452904847378093e-03,5.682199478772131940e-03
2.070271392331188842e-01,6.537594568063465061e-02,1.633834920725703022e-01,2.679491924311228068e-01,1.299770363712771104e-01,2.442011708685520865e-01,1.546545202597702229e-01,4.939242663104614905e-02,3.000306976435402895e-01,7.642178039073077578e-02,5.078980264538790479e-02,5.071166581797492690e-02,3.432220457329115959e-02,6.268398028084543050e-01,2.104932207085585816e-02,1.430283462381729542e-01,5.881886917736367515e-02,3.509920454898063369e-02,5.991629143693932846e-02,6.796777534050857383e-02,8.137205091988497507e-02,1.692851154021823845e-02,4.101458967780802212e-03,0.000000000000000000e+00,3.216658885302425830e-03,1.739752876699363071e-03,2.478740737131235328e-02,3.008217074395780344e-02,1.285628864682508699e-02,8.435501030937020417e-02,3.400099920192278802e-02,3.931977934721375689e-02,5.991629143693932846e-02,4.665544333166415925e-02,2.853427796027507846e-02,2.657137056034941658e-02,1.683799112547657018e-02,3.761654956514459691e-02,3.890759860386228119e-02,4.576024691664071220e-02,4.169607030833000216e-02,3.074926176440695436e-02,3.329961784968360483e-02,2.473265101347688066e-02,2.966143857027825348e-02,3.679265550626928949e-01,4.896279470594899763e-03,1.653509618863457931e-03,2.187485281876844212e-03,5.243980297856332129e-03,5.867745925464129542e-03,6.056268864153668829e-03,7.043520933293745401e-03
2.248513931924871478e-01,6.599702447512978409e-02,1.782003261292022245e-01,2.833326446790502828e-01,1.444577177625208098e-01,2.620456037345249012e-01,1.431580063501374234e-01,4.568603410341398607e-02,3.046441278298335220e-01,7.395674262591289683e-02,5.364225444582348956e-02,5.517870102068611615e-02,2.930315174671460632e-02,6.490769636875808324e-01,1.729300940090272576e-02,1.327140814316538631e-01,4.900768262665811115e-02,3.945765075655627285e-02,6.555310214517939826e-02,7.738042181754645199e-02,9.162375696319169371e-02,2.000189853282896557e-02,2.122685979657479294e-03,3.216658885302425830e-03,0.000000000000000000e+00,5.448013827685782573e-03,3.062743253445399105e-02,3.412930170089145676e-02,1.555260517852508073e-02,7.873235830044578165e-02,3.966490577682191265e-02,4.269459137589803888e-02,5.517870102068611615e-02,4.247963859360948113e-02,3.142361118638037354e-02,2.628856718638550305e-02,2.171105039854848151e-02,3.536012004721089674e-02,3.329961784968382688e-02,4.923835075615512480e-02,4.870095716029609889e-02,3.400099920192301006e-02,3.641335617756857879e-02,2.742879692553712445e-02,3.368129102431693944e-02,3.729860772689437276e-01,4.012570833429762729e-03,7.825052363027662494e-03,3.924655519104369716e-03,4.823321825837556531e-03,7.489396985750795821e-03,8.647606862965950825e-03,8.810492104543543590e-03
1.945289878394342864e-01,7.106949875022516849e-02,1.863531277409089526e-01,2.634291852336057005e-01,1.452402579697749108e-01,2.718016755655980887e-01,1.651846012850233247e-01,5.550488918757312540e-02,3.077997024309093721e-01,8.445534723003489397e-02,5.706722259938978858e-02,4.502079798639613273e-02,2.359666934082249590e-02,6.074225775377057879e-01,1.936682202631434535e-02,1.194237459791622769e-01,5.268289390322422605e-02,3.074926176440717640e-02,5.420582444728605509e-02,6.188234778418211235e-02,7.348724231518888317e-02,1.394526367405490852e-02,2.439154502468232621e-03,1.739752876699363071e-03,5.448013827685782573e-03,0.000000000000000000e+00,2.049735522451268110e-02,2.606340668523765558e-02,2.094842186206102852e-02,1.099879838761352868e-01,4.001152508688088361e-02,4.613220388070260469e-02,8.186556022034108260e-02,6.626408485193380216e-02,3.406512050850674100e-02,4.183800047358521290e-02,1.333483110539424032e-02,3.273115208308752244e-02,4.436038558622024119e-02,5.165322606030131602e-02,5.308158962692433036e-02,4.703097091046282152e-02,3.925093323009520851e-02,3.173253245119966870e-02,3.503412530521243795e-02,3.764442517533246324e-01,1.813296200583680573e-03,2.187485281876844212e-03,5.708523869265125228e-03,4.726895841377309893e-03,2.236723757178316063e-03,4.146267828945893186e-03,2.106638299931296032e-03
2.154583418887610069e-01,6.671036354298154336e-02,1.878272391846838030e-01,3.283852772634596739e-01,1.521073814033324645e-01,2.560323084013305106e-01,1.133229068223859937e-01,4.141292583526512416e-02,3.059416761366535731e-01,7.134644293130065762e-02,5.380297803574674020e-02,4.056922051502986903e-02,4.538977819116252199e-02,7.128210860857011610e-01,2.679869532315515279e-02,1.644907486320377199e-01,4.786236637295382401e-02,3.260548549868835799e-02,3.393693778309314624e-02,6.440579934226908776e-02,4.847153717200480827e-02,2.336843788530273969e-03,2.634500762268432439e-02,2.478740737131235328e-02,3.062743253445399105e-02,2.049735522451268110e-02,0.000000000000000000e+00,5.294624113322266012e-03,4.631442328789425744e-03,6.537594568063487266e-02,1.219327508627987555e-02,1.912527666262819892e-02,4.406841774409553381e-02,3.279407526589817046e-02,2.181375877416824594e-02,1.638901390545877135e-02,8.422115274798747109e-03,2.882879777732338944e-02,1.990353091663110696e-02,4.480012447041858969e-02,4.605769344238375140e-02,2.301222638263289433e-02,2.274897926297803075e-02,1.936682202631434535e-02,2.544917632292698073e-02,3.850491890305201004e-01,1.625549895020506064e-02,2.233091594084135600e-02,2.556031330244667998e-02,2.274897926297825279e-02,2.467795482572565646e-02,2.029844887390774844e-02,2.140437161264663324e-02
1.793543750668578074e-01,7.527914554403780656e-02,1.930300711339303366e-01,2.712748353353600095e-01,1.271450597355514578e-01,2.797610532706413800e-01,1.525082109794235752e-01,4.816647612250513077e-02,3.198128922021161724e-01,9.510201200982204561e-02,4.063920106041996050e-02,3.931977934721375689e-02,3.674563310467204857e-02,6.309057881426227699e-01,4.509447493218843306e-02,1.478634102840632458e-01,5.063358836928011364e-02,2.435104136416077480e-02,3.400099920192301006e-02,6.449369970971652322e-02,5.715004267566636820e-02,4.123832999431087387e-03,3.179449658226762843e-02,3.008217074395780344e-02,3.412930170089145676e-02,2.606340668523765558e-02,5.294624113322266012e-03,0.000000000000000000e+00,1.652307267891450770e-02,9.962025817519859494e-02,2.871080970200390325e-02,3.945765075655627285e-02,7.292577857642301709e-02,5.823208836253801479e-02,1.052272424009337293e-02,3.549093688239590705e-02,5.019091021912558404e-03,2.924364737353157828e-02,3.781896511333182609e-02,4.457998698357590328e-02,5.673653417065205318e-02,4.028989523150627861e-02,2.725622988053788553e-02,2.696982002637504650e-02,2.760190476211943356e-02,3.895911991778806538e-01,2.191670818578139723e-02,3.387293625396914365e-02,2.824125950013534059e-02,3.154699980667019510e-02,2.912481872699013152e-02,2.829974307288307678e-02,2.429676641354783229e-02
2.218059159627936427e-01,7.414495346466565273e-02,2.186212761569863439e-01,3.679265550626931169e-01,1.259231761890320378e-01,2.405368568942281016e-01,9.120644980679482039e-02,4.428730426184213087e-02,3.147191756791354322e-01,7.125406945037737749e-02,7.116175472241481614e-02,4.120119392363963406e-02,4.502079798639613273e-02,7.673021801570860667e-01,3.374511287263404213e-02,1.637982937991937504e-01,4.854795105758324958e-02,3.516434364704967841e-02,2.948202504415720071e-02,5.823208836253801479e-02,4.312610670053396156e-02,6.554707719213626049e-03,2.181375877416824594e-02,1.285628864682508699e-02,1.555260517852508073e-02,2.094842186206102852e-02,4.631442328789425744e-03,1.652307267891450770e-02,0.000000000000000000e+00,3.536012004721067470e-02,1.990353091663110696e-02,1.656787977887419494e-02,2.019935752349710789e-02,1.281680353687320029e-02,3.336308028394463499e-02,1.469575048145799201e-02,1.607832501253647628e-02,3.056660790432830233e-02,1.652307267891450770e-02,4.778648759356274311e-02,4.877754937277001268e-02,1.840969243524770427e-02,1.572687804105110665e-02,2.578330898637526403e-02,3.160878406151623743e-02,4.274231357267619380e-01,1.524995503423354215e-02,1.537929951155181385e-02,2.243507034367109299e-02,2.155743980497315526e-02,3.222992413291669855e-02,2.900623022561110709e-02,3.490414638850647400e-02
2.362397522708077346e-01,9.457093895413315465e-02,1.776246334044098152e-01,3.150952059857052845e-01,1.863531277409091746e-01,2.132572233443248422e-01,1.215716905141630555e-01,5.102456937612465104e-02,3.649057503150539006e-01,1.963349471897724019e-01,7.757285299258942501e-02,5.558658431728025207e-02,5.039971231927897755e-02,6.942160748945904736e-01,5.356198158380931496e-02,1.162366367421365787e-01,5.591395711339131047e-02,4.494718059267555077e-02,4.946955369802208402e-02,7.680453397824549278e-02,4.190905503083230954e-02,6.353003899511122654e-02,8.934008327332110255e-02,8.435501030937020417e-02,7.873235830044578165e-02,1.099879838761352868e-01,6.537594568063487266e-02,9.962025817519859494e-02,3.536012004721067470e-02,0.000000000000000000e+00,2.165978660314782367e-02,1.390414463213152096e-02,4.896279470594899763e-03,1.365870092302801098e-02,4.755920807157032471e-02,1.643363974084466328e-02,6.025596943050648413e-02,5.616010853179065343e-02,3.393693778309314624e-02,5.477229879011291658e-02,7.143887516237068525e-02,3.425784373524143334e-02,3.754919726824623716e-02,4.443352648278775519e-02,3.714633893160579348e-02,4.387027787062036666e-01,9.648959004332935407e-02,8.495790703457006821e-02,1.133229068223862157e-01,1.056913884072567811e-01,1.339672961770823623e-01,1.061397410097886240e-01,1.392928254398200227e-01
