pdb_id	pdb_code	modelid	chainid	SW1	SW2	Y32	Y71	crystal_form	pocket_id	pocket	prot_name	swiss_id	uniprot_id	mutation_status	mutation_position	gene_class	nucleotide_class	mutation_class	pharmacological_class	match_class	protein_class	interface_class	pocket_class	space_group	length	range	deposit_data	pocket_site	pocket_volume	pocket_score	pocket_status	pocket_type	pocket_contacts	bound_ligand	bound_protein	bound_ligand_contacts	bound_protein_contacts	bound_protein_swiss_id	pharmacological_ligand_site	pharmarmacological_ligand_match	pharmacological_ligand_smiles	bound_protein_pfam	bound_protein_site	bound_protein_chainid	biological_ligand	ion_ligand	pharmacological_ligand	chemical_ligand	modification_ligand	membrane_ligand	pocket_ligand	method	resolution	r_factor	sequence	complete	length_a	length_b	length_c	angle_alpha	angle_beat	angle_gamma	core_path	rcsb_path	renum_path	rcsb_assembly_path	renum_assembly_path	sifts_path	pocket_path
121pA	121p	0	A	Y32in.3P-ON	Outlier	Y32in	Y71in	P 32 2 1 (CF1)	121pA2	2	GTPase HRas	RASH_HUMAN	P01112	WT	WT	HRAS	3P	WT	None	None	None	Homodimer	Other-Unbound	P 32 2 1	166	1-166	1991-06-06	Other	369.6011	0.0006	Unbound	Unbound	95,98,99,101,102	MG,GCP	None	None	None	None	None	None	None	None	None	None	GCP	MG	None	None	None	None	STP	XRAY	1.540	0.195	MTEYKLVVVGAGGVGKSALTIQLIQNHFVDEYDPTIEDSYRKQVVIDGETCLLDILDTAGQEEYSAMRDQYMRTGEGFLCVFAINNTKSFEDIHQYREQIKRVKDSDDVPMVLVGNKCDLAARTVESRQAQDLARSYGIPYIETSAKTRQGVEDAFYTLVREIRQH	True	40.200	40.200	161.400	90.00	90.00	120.00	/Users/mitchellparker/Desktop/rascore_build/core/121pA_core.cif	/Users/mitchellparker/Desktop/rascore_build/rcsb/121p.cif.gz	/Users/mitchellparker/Desktop/rascore_build/renum/121p_renum.cif	/Users/mitchellparker/Desktop/rascore_build/rcsb_assembly/121p-assembly-1.cif.gz	/Users/mitchellparker/Desktop/rascore_build/renum_assembly/121p-assembly-1_renum.cif	/Users/mitchellparker/Desktop/rascore_build/sifts/121p.xml.gz	/Users/mitchellparker/Desktop/rascore_build/pocket/121pA_2_pocket.pdb
121pA	121p	0	A	Y32in.3P-ON	Outlier	Y32in	Y71in	P 32 2 1 (CF1)	121pA3	3	GTPase HRas	RASH_HUMAN	P01112	WT	WT	HRAS	3P	WT	None	None	None	Homodimer	Other-Unbound	P 32 2 1	166	1-166	1991-06-06	Other	192.4763	0.0012	Unbound	Unbound	97,108,109,110,137,138,139,162,165,166	MG,GCP	None	None	None	None	None	None	None	None	None	None	GCP	MG	None	None	None	None	STP	XRAY	1.540	0.195	MTEYKLVVVGAGGVGKSALTIQLIQNHFVDEYDPTIEDSYRKQVVIDGETCLLDILDTAGQEEYSAMRDQYMRTGEGFLCVFAINNTKSFEDIHQYREQIKRVKDSDDVPMVLVGNKCDLAARTVESRQAQDLARSYGIPYIETSAKTRQGVEDAFYTLVREIRQH	True	40.200	40.200	161.400	90.00	90.00	120.00	/Users/mitchellparker/Desktop/rascore_build/core/121pA_core.cif	/Users/mitchellparker/Desktop/rascore_build/rcsb/121p.cif.gz	/Users/mitchellparker/Desktop/rascore_build/renum/121p_renum.cif	/Users/mitchellparker/Desktop/rascore_build/rcsb_assembly/121p-assembly-1.cif.gz	/Users/mitchellparker/Desktop/rascore_build/renum_assembly/121p-assembly-1_renum.cif	/Users/mitchellparker/Desktop/rascore_build/sifts/121p.xml.gz	/Users/mitchellparker/Desktop/rascore_build/pocket/121pA_3_pocket.pdb
121pA	121p	0	A	Y32in.3P-ON	Outlier	Y32in	Y71in	P 32 2 1 (CF1)	121pA4	4	GTPase HRas	RASH_HUMAN	P01112	WT	WT	HRAS	3P	WT	None	None	None	Homodimer	Other-Unbound	P 32 2 1	166	1-166	1991-06-06	Other	424.8677	0.0034	Unbound	Unbound	73,74,75,76,104,106,109,110,163,166	MG,GCP	None	None	None	None	None	None	None	None	None	None	GCP	MG	None	None	None	None	STP	XRAY	1.540	0.195	MTEYKLVVVGAGGVGKSALTIQLIQNHFVDEYDPTIEDSYRKQVVIDGETCLLDILDTAGQEEYSAMRDQYMRTGEGFLCVFAINNTKSFEDIHQYREQIKRVKDSDDVPMVLVGNKCDLAARTVESRQAQDLARSYGIPYIETSAKTRQGVEDAFYTLVREIRQH	True	40.200	40.200	161.400	90.00	90.00	120.00	/Users/mitchellparker/Desktop/rascore_build/core/121pA_core.cif	/Users/mitchellparker/Desktop/rascore_build/rcsb/121p.cif.gz	/Users/mitchellparker/Desktop/rascore_build/renum/121p_renum.cif	/Users/mitchellparker/Desktop/rascore_build/rcsb_assembly/121p-assembly-1.cif.gz	/Users/mitchellparker/Desktop/rascore_build/renum_assembly/121p-assembly-1_renum.cif	/Users/mitchellparker/Desktop/rascore_build/sifts/121p.xml.gz	/Users/mitchellparker/Desktop/rascore_build/pocket/121pA_4_pocket.pdb
1aa9A	1aa9	0	A	Outlier	Outlier	Y32out	Y71out	None	1aa9A10	10	GTPase HRas	RASH_HUMAN	P01112	WT	WT	HRAS	2P	WT	None	None	None	None	Other-Unbound	None	171	1-171	1997-01-27	Other	317.8177	0.0012	Unbound	Unbound	11,63,64,88,91,92,95	MG,GDP	None	None	None	None	None	None	None	None	None	None	GDP	MG	None	None	None	None	STP	NMR	None	None	MTEYKLVVVGAGGVGKSALTIQLIQNHFVDEYDPTIEDSYRKQVVIDGETCLLDILDTAGQEEYSAMRDQYMRTGEGFLCVFAINNTKSFEDIHQYREQIKRVKDSDDVPMVLVGNKCDLAARTVESRQAQDLARSYGIPYIETSAKTRQGVEDAFYTLVREIRQHKLRKL	True	999.0	999.0	999.0	999.0	999.0	999.0	/Users/mitchellparker/Desktop/rascore_build/core/1aa9A_core.cif	/Users/mitchellparker/Desktop/rascore_build/rcsb/1aa9.cif.gz	/Users/mitchellparker/Desktop/rascore_build/renum/1aa9_renum.cif	/Users/mitchellparker/Desktop/rascore_build/rcsb_assembly/1aa9-assembly-1.cif.gz	/Users/mitchellparker/Desktop/rascore_build/renum_assembly/1aa9-assembly-1_renum.cif	/Users/mitchellparker/Desktop/rascore_build/sifts/1aa9.xml.gz	/Users/mitchellparker/Desktop/rascore_build/pocket/1aa9A_10_pocket.pdb
1aa9A	1aa9	0	A	Outlier	Outlier	Y32out	Y71out	None	1aa9A11	11	GTPase HRas	RASH_HUMAN	P01112	WT	WT	HRAS	2P	WT	None	None	None	None	Other-Unbound	None	171	1-171	1997-01-27	Other	192.8455	0.0009	Unbound	Unbound	104,105,106,108,109,110	MG,GDP	None	None	None	None	None	None	None	None	None	None	GDP	MG	None	None	None	None	STP	NMR	None	None	MTEYKLVVVGAGGVGKSALTIQLIQNHFVDEYDPTIEDSYRKQVVIDGETCLLDILDTAGQEEYSAMRDQYMRTGEGFLCVFAINNTKSFEDIHQYREQIKRVKDSDDVPMVLVGNKCDLAARTVESRQAQDLARSYGIPYIETSAKTRQGVEDAFYTLVREIRQHKLRKL	True	999.0	999.0	999.0	999.0	999.0	999.0	/Users/mitchellparker/Desktop/rascore_build/core/1aa9A_core.cif	/Users/mitchellparker/Desktop/rascore_build/rcsb/1aa9.cif.gz	/Users/mitchellparker/Desktop/rascore_build/renum/1aa9_renum.cif	/Users/mitchellparker/Desktop/rascore_build/rcsb_assembly/1aa9-assembly-1.cif.gz	/Users/mitchellparker/Desktop/rascore_build/renum_assembly/1aa9-assembly-1_renum.cif	/Users/mitchellparker/Desktop/rascore_build/sifts/1aa9.xml.gz	/Users/mitchellparker/Desktop/rascore_build/pocket/1aa9A_11_pocket.pdb
1aa9A	1aa9	0	A	Outlier	Outlier	Y32out	Y71out	None	1aa9A12	12	GTPase HRas	RASH_HUMAN	P01112	WT	WT	HRAS	2P	WT	None	None	None	None	Other-Unbound	None	171	1-171	1997-01-27	Other	164.5386	0.0002	Unbound	Unbound	108,109,110,162,166	MG,GDP	None	None	None	None	None	None	None	None	None	None	GDP	MG	None	None	None	None	STP	NMR	None	None	MTEYKLVVVGAGGVGKSALTIQLIQNHFVDEYDPTIEDSYRKQVVIDGETCLLDILDTAGQEEYSAMRDQYMRTGEGFLCVFAINNTKSFEDIHQYREQIKRVKDSDDVPMVLVGNKCDLAARTVESRQAQDLARSYGIPYIETSAKTRQGVEDAFYTLVREIRQHKLRKL	True	999.0	999.0	999.0	999.0	999.0	999.0	/Users/mitchellparker/Desktop/rascore_build/core/1aa9A_core.cif	/Users/mitchellparker/Desktop/rascore_build/rcsb/1aa9.cif.gz	/Users/mitchellparker/Desktop/rascore_build/renum/1aa9_renum.cif	/Users/mitchellparker/Desktop/rascore_build/rcsb_assembly/1aa9-assembly-1.cif.gz	/Users/mitchellparker/Desktop/rascore_build/renum_assembly/1aa9-assembly-1_renum.cif	/Users/mitchellparker/Desktop/rascore_build/sifts/1aa9.xml.gz	/Users/mitchellparker/Desktop/rascore_build/pocket/1aa9A_12_pocket.pdb
1aa9A	1aa9	0	A	Outlier	Outlier	Y32out	Y71out	None	1aa9A13	13	GTPase HRas	RASH_HUMAN	P01112	WT	WT	HRAS	2P	WT	None	None	None	None	Other-Unbound	None	171	1-171	1997-01-27	Other	215.4606	0.0001	Unbound	Unbound	24,25,32,38,39,40,41	MG,GDP	None	None	None	None	None	None	None	None	None	None	GDP	MG	None	None	None	None	STP	NMR	None	None	MTEYKLVVVGAGGVGKSALTIQLIQNHFVDEYDPTIEDSYRKQVVIDGETCLLDILDTAGQEEYSAMRDQYMRTGEGFLCVFAINNTKSFEDIHQYREQIKRVKDSDDVPMVLVGNKCDLAARTVESRQAQDLARSYGIPYIETSAKTRQGVEDAFYTLVREIRQHKLRKL	True	999.0	999.0	999.0	999.0	999.0	999.0	/Users/mitchellparker/Desktop/rascore_build/core/1aa9A_core.cif	/Users/mitchellparker/Desktop/rascore_build/rcsb/1aa9.cif.gz	/Users/mitchellparker/Desktop/rascore_build/renum/1aa9_renum.cif	/Users/mitchellparker/Desktop/rascore_build/rcsb_assembly/1aa9-assembly-1.cif.gz	/Users/mitchellparker/Desktop/rascore_build/renum_assembly/1aa9-assembly-1_renum.cif	/Users/mitchellparker/Desktop/rascore_build/sifts/1aa9.xml.gz	/Users/mitchellparker/Desktop/rascore_build/pocket/1aa9A_13_pocket.pdb
1aa9A	1aa9	0	A	Outlier	Outlier	Y32out	Y71out	None	1aa9A14	14	GTPase HRas	RASH_HUMAN	P01112	WT	WT	HRAS	2P	WT	None	None	None	None	Other-Unbound	None	171	1-171	1997-01-27	Other	189.4417	0.0002	Unbound	Unbound	90,91,94,129,133,137	MG,GDP	None	None	None	None	None	None	None	None	None	None	GDP	MG	None	None	None	None	STP	NMR	None	None	MTEYKLVVVGAGGVGKSALTIQLIQNHFVDEYDPTIEDSYRKQVVIDGETCLLDILDTAGQEEYSAMRDQYMRTGEGFLCVFAINNTKSFEDIHQYREQIKRVKDSDDVPMVLVGNKCDLAARTVESRQAQDLARSYGIPYIETSAKTRQGVEDAFYTLVREIRQHKLRKL	True	999.0	999.0	999.0	999.0	999.0	999.0	/Users/mitchellparker/Desktop/rascore_build/core/1aa9A_core.cif	/Users/mitchellparker/Desktop/rascore_build/rcsb/1aa9.cif.gz	/Users/mitchellparker/Desktop/rascore_build/renum/1aa9_renum.cif	/Users/mitchellparker/Desktop/rascore_build/rcsb_assembly/1aa9-assembly-1.cif.gz	/Users/mitchellparker/Desktop/rascore_build/renum_assembly/1aa9-assembly-1_renum.cif	/Users/mitchellparker/Desktop/rascore_build/sifts/1aa9.xml.gz	/Users/mitchellparker/Desktop/rascore_build/pocket/1aa9A_14_pocket.pdb
1aa9A	1aa9	0	A	Outlier	Outlier	Y32out	Y71out	None	1aa9A1	1	GTPase HRas	RASH_HUMAN	P01112	WT	WT	HRAS	2P	WT	None	None	None	None	Other-Unbound	None	171	1-171	1997-01-27	Other	283.2981	0.0058	Unbound	Unbound	91,94,95,98,99,101,102	MG,GDP	None	None	None	None	None	None	None	None	None	None	GDP	MG	None	None	None	None	STP	NMR	None	None	MTEYKLVVVGAGGVGKSALTIQLIQNHFVDEYDPTIEDSYRKQVVIDGETCLLDILDTAGQEEYSAMRDQYMRTGEGFLCVFAINNTKSFEDIHQYREQIKRVKDSDDVPMVLVGNKCDLAARTVESRQAQDLARSYGIPYIETSAKTRQGVEDAFYTLVREIRQHKLRKL	True	999.0	999.0	999.0	999.0	999.0	999.0	/Users/mitchellparker/Desktop/rascore_build/core/1aa9A_core.cif	/Users/mitchellparker/Desktop/rascore_build/rcsb/1aa9.cif.gz	/Users/mitchellparker/Desktop/rascore_build/renum/1aa9_renum.cif	/Users/mitchellparker/Desktop/rascore_build/rcsb_assembly/1aa9-assembly-1.cif.gz	/Users/mitchellparker/Desktop/rascore_build/renum_assembly/1aa9-assembly-1_renum.cif	/Users/mitchellparker/Desktop/rascore_build/sifts/1aa9.xml.gz	/Users/mitchellparker/Desktop/rascore_build/pocket/1aa9A_1_pocket.pdb
1aa9A	1aa9	0	A	Outlier	Outlier	Y32out	Y71out	None	1aa9A2	2	GTPase HRas	RASH_HUMAN	P01112	WT	WT	HRAS	2P	WT	None	None	None	None	Other-Unbound	None	171	1-171	1997-01-27	Other	312.6660	0.0004	Unbound	Unbound	22,23,24,26,42,43,44,45,149,152,153,157	MG,GDP	None	None	None	None	None	None	None	None	None	None	GDP	MG	None	None	None	None	STP	NMR	None	None	MTEYKLVVVGAGGVGKSALTIQLIQNHFVDEYDPTIEDSYRKQVVIDGETCLLDILDTAGQEEYSAMRDQYMRTGEGFLCVFAINNTKSFEDIHQYREQIKRVKDSDDVPMVLVGNKCDLAARTVESRQAQDLARSYGIPYIETSAKTRQGVEDAFYTLVREIRQHKLRKL	True	999.0	999.0	999.0	999.0	999.0	999.0	/Users/mitchellparker/Desktop/rascore_build/core/1aa9A_core.cif	/Users/mitchellparker/Desktop/rascore_build/rcsb/1aa9.cif.gz	/Users/mitchellparker/Desktop/rascore_build/renum/1aa9_renum.cif	/Users/mitchellparker/Desktop/rascore_build/rcsb_assembly/1aa9-assembly-1.cif.gz	/Users/mitchellparker/Desktop/rascore_build/renum_assembly/1aa9-assembly-1_renum.cif	/Users/mitchellparker/Desktop/rascore_build/sifts/1aa9.xml.gz	/Users/mitchellparker/Desktop/rascore_build/pocket/1aa9A_2_pocket.pdb
1aa9A	1aa9	0	A	Outlier	Outlier	Y32out	Y71out	None	1aa9A3	3	GTPase HRas	RASH_HUMAN	P01112	WT	WT	HRAS	2P	WT	None	None	None	None	Other-Unbound	None	171	1-171	1997-01-27	Other	343.2563	0.3704	Unbound	Unbound	22,27,28,30,147,149	MG,GDP	None	None	None	None	None	None	None	None	None	None	GDP	MG	None	None	None	None	STP	NMR	None	None	MTEYKLVVVGAGGVGKSALTIQLIQNHFVDEYDPTIEDSYRKQVVIDGETCLLDILDTAGQEEYSAMRDQYMRTGEGFLCVFAINNTKSFEDIHQYREQIKRVKDSDDVPMVLVGNKCDLAARTVESRQAQDLARSYGIPYIETSAKTRQGVEDAFYTLVREIRQHKLRKL	True	999.0	999.0	999.0	999.0	999.0	999.0	/Users/mitchellparker/Desktop/rascore_build/core/1aa9A_core.cif	/Users/mitchellparker/Desktop/rascore_build/rcsb/1aa9.cif.gz	/Users/mitchellparker/Desktop/rascore_build/renum/1aa9_renum.cif	/Users/mitchellparker/Desktop/rascore_build/rcsb_assembly/1aa9-assembly-1.cif.gz	/Users/mitchellparker/Desktop/rascore_build/renum_assembly/1aa9-assembly-1_renum.cif	/Users/mitchellparker/Desktop/rascore_build/sifts/1aa9.xml.gz	/Users/mitchellparker/Desktop/rascore_build/pocket/1aa9A_3_pocket.pdb
1aa9A	1aa9	0	A	Outlier	Outlier	Y32out	Y71out	None	1aa9A4	4	GTPase HRas	RASH_HUMAN	P01112	WT	WT	HRAS	2P	WT	None	None	None	None	Other-Unbound	None	171	1-171	1997-01-27	Other	304.5363	0.0012	Unbound	Unbound	131,134,135,138,139,140,141,162	MG,GDP	None	None	None	None	None	None	None	None	None	None	GDP	MG	None	None	None	None	STP	NMR	None	None	MTEYKLVVVGAGGVGKSALTIQLIQNHFVDEYDPTIEDSYRKQVVIDGETCLLDILDTAGQEEYSAMRDQYMRTGEGFLCVFAINNTKSFEDIHQYREQIKRVKDSDDVPMVLVGNKCDLAARTVESRQAQDLARSYGIPYIETSAKTRQGVEDAFYTLVREIRQHKLRKL	True	999.0	999.0	999.0	999.0	999.0	999.0	/Users/mitchellparker/Desktop/rascore_build/core/1aa9A_core.cif	/Users/mitchellparker/Desktop/rascore_build/rcsb/1aa9.cif.gz	/Users/mitchellparker/Desktop/rascore_build/renum/1aa9_renum.cif	/Users/mitchellparker/Desktop/rascore_build/rcsb_assembly/1aa9-assembly-1.cif.gz	/Users/mitchellparker/Desktop/rascore_build/renum_assembly/1aa9-assembly-1_renum.cif	/Users/mitchellparker/Desktop/rascore_build/sifts/1aa9.xml.gz	/Users/mitchellparker/Desktop/rascore_build/pocket/1aa9A_4_pocket.pdb
1aa9A	1aa9	0	A	Outlier	Outlier	Y32out	Y71out	None	1aa9A5	5	GTPase HRas	RASH_HUMAN	P01112	WT	WT	HRAS	2P	WT	None	None	None	None	Other-Unbound	None	171	1-171	1997-01-27	Other	289.6283	0.0247	Unbound	Unbound	11,12,13,16,59,60,67,86,88,89,92,96	MG,GDP	None	None	None	None	None	None	None	None	None	None	GDP	MG	None	None	None	None	STP	NMR	None	None	MTEYKLVVVGAGGVGKSALTIQLIQNHFVDEYDPTIEDSYRKQVVIDGETCLLDILDTAGQEEYSAMRDQYMRTGEGFLCVFAINNTKSFEDIHQYREQIKRVKDSDDVPMVLVGNKCDLAARTVESRQAQDLARSYGIPYIETSAKTRQGVEDAFYTLVREIRQHKLRKL	True	999.0	999.0	999.0	999.0	999.0	999.0	/Users/mitchellparker/Desktop/rascore_build/core/1aa9A_core.cif	/Users/mitchellparker/Desktop/rascore_build/rcsb/1aa9.cif.gz	/Users/mitchellparker/Desktop/rascore_build/renum/1aa9_renum.cif	/Users/mitchellparker/Desktop/rascore_build/rcsb_assembly/1aa9-assembly-1.cif.gz	/Users/mitchellparker/Desktop/rascore_build/renum_assembly/1aa9-assembly-1_renum.cif	/Users/mitchellparker/Desktop/rascore_build/sifts/1aa9.xml.gz	/Users/mitchellparker/Desktop/rascore_build/pocket/1aa9A_5_pocket.pdb
1aa9A	1aa9	0	A	Outlier	Outlier	Y32out	Y71out	None	1aa9A6	6	GTPase HRas	RASH_HUMAN	P01112	WT	WT	HRAS	2P	WT	None	None	None	None	Other-Unbound	None	171	1-171	1997-01-27	Other	92.7453	0.1519	Unbound	Unbound	7,8,9,58,64,65,67,68,72,96,100	MG,GDP	None	None	None	None	None	None	None	None	None	None	GDP	MG	None	None	None	None	STP	NMR	None	None	MTEYKLVVVGAGGVGKSALTIQLIQNHFVDEYDPTIEDSYRKQVVIDGETCLLDILDTAGQEEYSAMRDQYMRTGEGFLCVFAINNTKSFEDIHQYREQIKRVKDSDDVPMVLVGNKCDLAARTVESRQAQDLARSYGIPYIETSAKTRQGVEDAFYTLVREIRQHKLRKL	True	999.0	999.0	999.0	999.0	999.0	999.0	/Users/mitchellparker/Desktop/rascore_build/core/1aa9A_core.cif	/Users/mitchellparker/Desktop/rascore_build/rcsb/1aa9.cif.gz	/Users/mitchellparker/Desktop/rascore_build/renum/1aa9_renum.cif	/Users/mitchellparker/Desktop/rascore_build/rcsb_assembly/1aa9-assembly-1.cif.gz	/Users/mitchellparker/Desktop/rascore_build/renum_assembly/1aa9-assembly-1_renum.cif	/Users/mitchellparker/Desktop/rascore_build/sifts/1aa9.xml.gz	/Users/mitchellparker/Desktop/rascore_build/pocket/1aa9A_6_pocket.pdb
1aa9A	1aa9	0	A	Outlier	Outlier	Y32out	Y71out	None	1aa9A7	7	GTPase HRas	RASH_HUMAN	P01112	WT	WT	HRAS	2P	WT	None	None	None	None	Other-Unbound	None	171	1-171	1997-01-27	Other	60.5557	0.0002	Unbound	Unbound	18,29,30,32	MG,GDP	None	None	None	None	None	None	None	None	None	None	GDP	MG	None	None	None	None	STP	NMR	None	None	MTEYKLVVVGAGGVGKSALTIQLIQNHFVDEYDPTIEDSYRKQVVIDGETCLLDILDTAGQEEYSAMRDQYMRTGEGFLCVFAINNTKSFEDIHQYREQIKRVKDSDDVPMVLVGNKCDLAARTVESRQAQDLARSYGIPYIETSAKTRQGVEDAFYTLVREIRQHKLRKL	True	999.0	999.0	999.0	999.0	999.0	999.0	/Users/mitchellparker/Desktop/rascore_build/core/1aa9A_core.cif	/Users/mitchellparker/Desktop/rascore_build/rcsb/1aa9.cif.gz	/Users/mitchellparker/Desktop/rascore_build/renum/1aa9_renum.cif	/Users/mitchellparker/Desktop/rascore_build/rcsb_assembly/1aa9-assembly-1.cif.gz	/Users/mitchellparker/Desktop/rascore_build/renum_assembly/1aa9-assembly-1_renum.cif	/Users/mitchellparker/Desktop/rascore_build/sifts/1aa9.xml.gz	/Users/mitchellparker/Desktop/rascore_build/pocket/1aa9A_7_pocket.pdb
1aa9A	1aa9	0	A	Outlier	Outlier	Y32out	Y71out	None	1aa9A8	8	GTPase HRas	RASH_HUMAN	P01112	WT	WT	HRAS	2P	WT	None	None	None	None	Other-Unbound	None	171	1-171	1997-01-27	Other	107.2053	0.0198	Unbound	Unbound	97,100,107,109,111,137	MG,GDP	None	None	None	None	None	None	None	None	None	None	GDP	MG	None	None	None	None	STP	NMR	None	None	MTEYKLVVVGAGGVGKSALTIQLIQNHFVDEYDPTIEDSYRKQVVIDGETCLLDILDTAGQEEYSAMRDQYMRTGEGFLCVFAINNTKSFEDIHQYREQIKRVKDSDDVPMVLVGNKCDLAARTVESRQAQDLARSYGIPYIETSAKTRQGVEDAFYTLVREIRQHKLRKL	True	999.0	999.0	999.0	999.0	999.0	999.0	/Users/mitchellparker/Desktop/rascore_build/core/1aa9A_core.cif	/Users/mitchellparker/Desktop/rascore_build/rcsb/1aa9.cif.gz	/Users/mitchellparker/Desktop/rascore_build/renum/1aa9_renum.cif	/Users/mitchellparker/Desktop/rascore_build/rcsb_assembly/1aa9-assembly-1.cif.gz	/Users/mitchellparker/Desktop/rascore_build/renum_assembly/1aa9-assembly-1_renum.cif	/Users/mitchellparker/Desktop/rascore_build/sifts/1aa9.xml.gz	/Users/mitchellparker/Desktop/rascore_build/pocket/1aa9A_8_pocket.pdb
1aa9A	1aa9	0	A	Outlier	Outlier	Y32out	Y71out	None	1aa9A9	9	GTPase HRas	RASH_HUMAN	P01112	WT	WT	HRAS	2P	WT	None	None	None	None	Other-Unbound	None	171	1-171	1997-01-27	Other	244.5412	0.0323	Unbound	Unbound	29,31,32,33,36	MG,GDP	None	None	None	None	None	None	None	None	None	None	GDP	MG	None	None	None	None	STP	NMR	None	None	MTEYKLVVVGAGGVGKSALTIQLIQNHFVDEYDPTIEDSYRKQVVIDGETCLLDILDTAGQEEYSAMRDQYMRTGEGFLCVFAINNTKSFEDIHQYREQIKRVKDSDDVPMVLVGNKCDLAARTVESRQAQDLARSYGIPYIETSAKTRQGVEDAFYTLVREIRQHKLRKL	True	999.0	999.0	999.0	999.0	999.0	999.0	/Users/mitchellparker/Desktop/rascore_build/core/1aa9A_core.cif	/Users/mitchellparker/Desktop/rascore_build/rcsb/1aa9.cif.gz	/Users/mitchellparker/Desktop/rascore_build/renum/1aa9_renum.cif	/Users/mitchellparker/Desktop/rascore_build/rcsb_assembly/1aa9-assembly-1.cif.gz	/Users/mitchellparker/Desktop/rascore_build/renum_assembly/1aa9-assembly-1_renum.cif	/Users/mitchellparker/Desktop/rascore_build/sifts/1aa9.xml.gz	/Users/mitchellparker/Desktop/rascore_build/pocket/1aa9A_9_pocket.pdb
1agpA	1agp	0	A	Y32in.3P-ON	Y71in.3P-R	Y32in	Y71in	C 1 2 1 (CF1)	1agpA2	2	GTPase HRas	RASH_HUMAN	P01112	G12D	G12	HRAS	3P	G12D	None	None	None	Homodimer	Multiple-Unbound	C 1 2 1	166	1-166	1993-03-29	SP2	297.7686	0.0108	Unbound	Unbound	11,12,60,62,68,86,88,89,92,95,96,99	MG,GNP	None	None	None	None	None	None	None	None	None	None	GNP	MG	None	None	None	None	STP	XRAY	2.300	0.177	MTEYKLVVVGADGVGKSALTIQLIQNHFVDEYDPTIEDSYRKQVVIDGETCLLDILDTAGQEEYSAMRDQYMRTGEGFLCVFAINNTKSFEDIHQYREQIKRVKDSDDVPMVLVGNKCDLAARTVESRQAQDLARSYGIPYIETSAKTRQGVEDAFYTLVREIRQH	True	69.910	39.810	56.100	90.00	107.40	90.00	/Users/mitchellparker/Desktop/rascore_build/core/1agpA_core.cif	/Users/mitchellparker/Desktop/rascore_build/rcsb/1agp.cif.gz	/Users/mitchellparker/Desktop/rascore_build/renum/1agp_renum.cif	/Users/mitchellparker/Desktop/rascore_build/rcsb_assembly/1agp-assembly-1.cif.gz	/Users/mitchellparker/Desktop/rascore_build/renum_assembly/1agp-assembly-1_renum.cif	/Users/mitchellparker/Desktop/rascore_build/sifts/1agp.xml.gz	/Users/mitchellparker/Desktop/rascore_build/pocket/1agpA_2_pocket.pdb
1agpA	1agp	0	A	Y32in.3P-ON	Y71in.3P-R	Y32in	Y71in	C 1 2 1 (CF1)	1agpA3	3	GTPase HRas	RASH_HUMAN	P01112	G12D	G12	HRAS	3P	G12D	None	None	None	Homodimer	Multiple-Unbound	C 1 2 1	166	1-166	1993-03-29	Other	336.7325	0.0000	Unbound	Unbound	12,13,14,83,85,86,87,88,117	MG,GNP	None	None	None	None	None	None	None	None	None	None	GNP	MG	None	None	None	None	STP	XRAY	2.300	0.177	MTEYKLVVVGADGVGKSALTIQLIQNHFVDEYDPTIEDSYRKQVVIDGETCLLDILDTAGQEEYSAMRDQYMRTGEGFLCVFAINNTKSFEDIHQYREQIKRVKDSDDVPMVLVGNKCDLAARTVESRQAQDLARSYGIPYIETSAKTRQGVEDAFYTLVREIRQH	True	69.910	39.810	56.100	90.00	107.40	90.00	/Users/mitchellparker/Desktop/rascore_build/core/1agpA_core.cif	/Users/mitchellparker/Desktop/rascore_build/rcsb/1agp.cif.gz	/Users/mitchellparker/Desktop/rascore_build/renum/1agp_renum.cif	/Users/mitchellparker/Desktop/rascore_build/rcsb_assembly/1agp-assembly-1.cif.gz	/Users/mitchellparker/Desktop/rascore_build/renum_assembly/1agp-assembly-1_renum.cif	/Users/mitchellparker/Desktop/rascore_build/sifts/1agp.xml.gz	/Users/mitchellparker/Desktop/rascore_build/pocket/1agpA_3_pocket.pdb
1agpA	1agp	0	A	Y32in.3P-ON	Y71in.3P-R	Y32in	Y71in	C 1 2 1 (CF1)	1agpA4	4	GTPase HRas	RASH_HUMAN	P01112	G12D	G12	HRAS	3P	G12D	None	None	None	Homodimer	Multiple-Unbound	C 1 2 1	166	1-166	1993-03-29	Other	286.3094	0.0257	Unbound	Unbound	90,91,93,94,129,132,133,136,137	MG,GNP	None	None	None	None	None	None	None	None	None	None	GNP	MG	None	None	None	None	STP	XRAY	2.300	0.177	MTEYKLVVVGADGVGKSALTIQLIQNHFVDEYDPTIEDSYRKQVVIDGETCLLDILDTAGQEEYSAMRDQYMRTGEGFLCVFAINNTKSFEDIHQYREQIKRVKDSDDVPMVLVGNKCDLAARTVESRQAQDLARSYGIPYIETSAKTRQGVEDAFYTLVREIRQH	True	69.910	39.810	56.100	90.00	107.40	90.00	/Users/mitchellparker/Desktop/rascore_build/core/1agpA_core.cif	/Users/mitchellparker/Desktop/rascore_build/rcsb/1agp.cif.gz	/Users/mitchellparker/Desktop/rascore_build/renum/1agp_renum.cif	/Users/mitchellparker/Desktop/rascore_build/rcsb_assembly/1agp-assembly-1.cif.gz	/Users/mitchellparker/Desktop/rascore_build/renum_assembly/1agp-assembly-1_renum.cif	/Users/mitchellparker/Desktop/rascore_build/sifts/1agp.xml.gz	/Users/mitchellparker/Desktop/rascore_build/pocket/1agpA_4_pocket.pdb
1agpA	1agp	0	A	Y32in.3P-ON	Y71in.3P-R	Y32in	Y71in	C 1 2 1 (CF1)	1agpA5	5	GTPase HRas	RASH_HUMAN	P01112	G12D	G12	HRAS	3P	G12D	None	None	None	Homodimer	Multiple-Unbound	C 1 2 1	166	1-166	1993-03-29	Other	132.3258	0.0217	Unbound	Unbound	23,24,42,44,53,55,157	MG,GNP	None	None	None	None	None	None	None	None	None	None	GNP	MG	None	None	None	None	STP	XRAY	2.300	0.177	MTEYKLVVVGADGVGKSALTIQLIQNHFVDEYDPTIEDSYRKQVVIDGETCLLDILDTAGQEEYSAMRDQYMRTGEGFLCVFAINNTKSFEDIHQYREQIKRVKDSDDVPMVLVGNKCDLAARTVESRQAQDLARSYGIPYIETSAKTRQGVEDAFYTLVREIRQH	True	69.910	39.810	56.100	90.00	107.40	90.00	/Users/mitchellparker/Desktop/rascore_build/core/1agpA_core.cif	/Users/mitchellparker/Desktop/rascore_build/rcsb/1agp.cif.gz	/Users/mitchellparker/Desktop/rascore_build/renum/1agp_renum.cif	/Users/mitchellparker/Desktop/rascore_build/rcsb_assembly/1agp-assembly-1.cif.gz	/Users/mitchellparker/Desktop/rascore_build/renum_assembly/1agp-assembly-1_renum.cif	/Users/mitchellparker/Desktop/rascore_build/sifts/1agp.xml.gz	/Users/mitchellparker/Desktop/rascore_build/pocket/1agpA_5_pocket.pdb
1agpA	1agp	0	A	Y32in.3P-ON	Y71in.3P-R	Y32in	Y71in	C 1 2 1 (CF1)	1agpA6	6	GTPase HRas	RASH_HUMAN	P01112	G12D	G12	HRAS	3P	G12D	None	None	None	Homodimer	Multiple-Unbound	C 1 2 1	166	1-166	1993-03-29	SP12	191.1160	0.0018	Unbound	Unbound	5,6,7,54,56,71,74,75	MG,GNP	None	None	None	None	None	None	None	None	None	None	GNP	MG	None	None	None	None	STP	XRAY	2.300	0.177	MTEYKLVVVGADGVGKSALTIQLIQNHFVDEYDPTIEDSYRKQVVIDGETCLLDILDTAGQEEYSAMRDQYMRTGEGFLCVFAINNTKSFEDIHQYREQIKRVKDSDDVPMVLVGNKCDLAARTVESRQAQDLARSYGIPYIETSAKTRQGVEDAFYTLVREIRQH	True	69.910	39.810	56.100	90.00	107.40	90.00	/Users/mitchellparker/Desktop/rascore_build/core/1agpA_core.cif	/Users/mitchellparker/Desktop/rascore_build/rcsb/1agp.cif.gz	/Users/mitchellparker/Desktop/rascore_build/renum/1agp_renum.cif	/Users/mitchellparker/Desktop/rascore_build/rcsb_assembly/1agp-assembly-1.cif.gz	/Users/mitchellparker/Desktop/rascore_build/renum_assembly/1agp-assembly-1_renum.cif	/Users/mitchellparker/Desktop/rascore_build/sifts/1agp.xml.gz	/Users/mitchellparker/Desktop/rascore_build/pocket/1agpA_6_pocket.pdb
1agpA	1agp	0	A	Y32in.3P-ON	Y71in.3P-R	Y32in	Y71in	C 1 2 1 (CF1)	1agpA7	7	GTPase HRas	RASH_HUMAN	P01112	G12D	G12	HRAS	3P	G12D	None	None	None	Homodimer	Multiple-Unbound	C 1 2 1	166	1-166	1993-03-29	Other	197.9439	0.0001	Unbound	Unbound	97,108,109,110,111,137,138,139,162	MG,GNP	None	None	None	None	None	None	None	None	None	None	GNP	MG	None	None	None	None	STP	XRAY	2.300	0.177	MTEYKLVVVGADGVGKSALTIQLIQNHFVDEYDPTIEDSYRKQVVIDGETCLLDILDTAGQEEYSAMRDQYMRTGEGFLCVFAINNTKSFEDIHQYREQIKRVKDSDDVPMVLVGNKCDLAARTVESRQAQDLARSYGIPYIETSAKTRQGVEDAFYTLVREIRQH	True	69.910	39.810	56.100	90.00	107.40	90.00	/Users/mitchellparker/Desktop/rascore_build/core/1agpA_core.cif	/Users/mitchellparker/Desktop/rascore_build/rcsb/1agp.cif.gz	/Users/mitchellparker/Desktop/rascore_build/renum/1agp_renum.cif	/Users/mitchellparker/Desktop/rascore_build/rcsb_assembly/1agp-assembly-1.cif.gz	/Users/mitchellparker/Desktop/rascore_build/renum_assembly/1agp-assembly-1_renum.cif	/Users/mitchellparker/Desktop/rascore_build/sifts/1agp.xml.gz	/Users/mitchellparker/Desktop/rascore_build/pocket/1agpA_7_pocket.pdb
1bkdR	1bkd	0	R	Outlier	Y71out.0P-GEF	Y32out	Y71out	I 4 2 2 (CF1)	1bkdR1	1	GTPase HRas	RASH_HUMAN	P01112	WT	WT	HRAS	0P	WT	None	None	GEF.CDC25	None	SP2-Unbound	I 4 2 2	166	1-166	1998-07-06	SP2	274.6801	0.0444	Unbound	Unbound	7,8,9,10,16,58,61,62,64,68,71,72,96	None	Son of sevenless homolog 1	None	S:60,13,63,64,65,66,70,67,73,69,102,103,40,54,55,56,71,37,61,59,58,57,34,32,17,21,30,25,31,68,95	SOS1_HUMAN	None	None	None	RasGEF	None	S	None	None	None	None	None	None	STP	XRAY	2.800	0.222	MTEYKLVVVGAGGVGKSALTIQLIQNHFVDEYDPTIEDSYRKQVVIDGETCLLDILDTAGQEEYSAMRDQYMRTGEGFLCVFAINNTKSFEDIHQYREQIKRVKDSDDVPMVLVGNKCDLAARTVESRQAQDLARSYGIPYIETSAKTRQGVEDAFYTLVREIRQH	True	142.700	142.700	207.900	90.00	90.00	90.00	/Users/mitchellparker/Desktop/rascore_build/core/1bkdR_core.cif	/Users/mitchellparker/Desktop/rascore_build/rcsb/1bkd.cif.gz	/Users/mitchellparker/Desktop/rascore_build/renum/1bkd_renum.cif	/Users/mitchellparker/Desktop/rascore_build/rcsb_assembly/1bkd-assembly-1.cif.gz	/Users/mitchellparker/Desktop/rascore_build/renum_assembly/1bkd-assembly-1_renum.cif	/Users/mitchellparker/Desktop/rascore_build/sifts/1bkd.xml.gz	/Users/mitchellparker/Desktop/rascore_build/pocket/1bkdR_1_pocket.pdb
1bkdR	1bkd	0	R	Outlier	Y71out.0P-GEF	Y32out	Y71out	I 4 2 2 (CF1)	1bkdR2	2	GTPase HRas	RASH_HUMAN	P01112	WT	WT	HRAS	0P	WT	None	None	GEF.CDC25	None	SP2-Unbound	I 4 2 2	166	1-166	1998-07-06	Other	262.3219	0.0001	Unbound	Unbound	131,134,135,138,139,140,141,162	None	Son of sevenless homolog 1	None	S:60,13,63,64,65,66,70,67,73,69,102,103,40,54,55,56,71,37,61,59,58,57,34,32,17,21,30,25,31,68,95	SOS1_HUMAN	None	None	None	RasGEF	None	S	None	None	None	None	None	None	STP	XRAY	2.800	0.222	MTEYKLVVVGAGGVGKSALTIQLIQNHFVDEYDPTIEDSYRKQVVIDGETCLLDILDTAGQEEYSAMRDQYMRTGEGFLCVFAINNTKSFEDIHQYREQIKRVKDSDDVPMVLVGNKCDLAARTVESRQAQDLARSYGIPYIETSAKTRQGVEDAFYTLVREIRQH	True	142.700	142.700	207.900	90.00	90.00	90.00	/Users/mitchellparker/Desktop/rascore_build/core/1bkdR_core.cif	/Users/mitchellparker/Desktop/rascore_build/rcsb/1bkd.cif.gz	/Users/mitchellparker/Desktop/rascore_build/renum/1bkd_renum.cif	/Users/mitchellparker/Desktop/rascore_build/rcsb_assembly/1bkd-assembly-1.cif.gz	/Users/mitchellparker/Desktop/rascore_build/renum_assembly/1bkd-assembly-1_renum.cif	/Users/mitchellparker/Desktop/rascore_build/sifts/1bkd.xml.gz	/Users/mitchellparker/Desktop/rascore_build/pocket/1bkdR_2_pocket.pdb
1bkdR	1bkd	0	R	Outlier	Y71out.0P-GEF	Y32out	Y71out	I 4 2 2 (CF1)	1bkdR3	3	GTPase HRas	RASH_HUMAN	P01112	WT	WT	HRAS	0P	WT	None	None	GEF.CDC25	None	SP2-Unbound	I 4 2 2	166	1-166	1998-07-06	Other	412.9389	0.0005	Unbound	Unbound	1,24,26,37,38,41,42,43,52	None	Son of sevenless homolog 1	None	S:60,13,63,64,65,66,70,67,73,69,102,103,40,54,55,56,71,37,61,59,58,57,34,32,17,21,30,25,31,68,95	SOS1_HUMAN	None	None	None	RasGEF	None	S	None	None	None	None	None	None	STP	XRAY	2.800	0.222	MTEYKLVVVGAGGVGKSALTIQLIQNHFVDEYDPTIEDSYRKQVVIDGETCLLDILDTAGQEEYSAMRDQYMRTGEGFLCVFAINNTKSFEDIHQYREQIKRVKDSDDVPMVLVGNKCDLAARTVESRQAQDLARSYGIPYIETSAKTRQGVEDAFYTLVREIRQH	True	142.700	142.700	207.900	90.00	90.00	90.00	/Users/mitchellparker/Desktop/rascore_build/core/1bkdR_core.cif	/Users/mitchellparker/Desktop/rascore_build/rcsb/1bkd.cif.gz	/Users/mitchellparker/Desktop/rascore_build/renum/1bkd_renum.cif	/Users/mitchellparker/Desktop/rascore_build/rcsb_assembly/1bkd-assembly-1.cif.gz	/Users/mitchellparker/Desktop/rascore_build/renum_assembly/1bkd-assembly-1_renum.cif	/Users/mitchellparker/Desktop/rascore_build/sifts/1bkd.xml.gz	/Users/mitchellparker/Desktop/rascore_build/pocket/1bkdR_3_pocket.pdb
1bkdR	1bkd	0	R	Outlier	Y71out.0P-GEF	Y32out	Y71out	I 4 2 2 (CF1)	1bkdR4	4	GTPase HRas	RASH_HUMAN	P01112	WT	WT	HRAS	0P	WT	None	None	GEF.CDC25	None	SP2-Unbound	I 4 2 2	166	1-166	1998-07-06	Other	142.2041	0.0002	Unbound	Unbound	24,31,32,33,36,38,39	None	Son of sevenless homolog 1	None	S:60,13,63,64,65,66,70,67,73,69,102,103,40,54,55,56,71,37,61,59,58,57,34,32,17,21,30,25,31,68,95	SOS1_HUMAN	None	None	None	RasGEF	None	S	None	None	None	None	None	None	STP	XRAY	2.800	0.222	MTEYKLVVVGAGGVGKSALTIQLIQNHFVDEYDPTIEDSYRKQVVIDGETCLLDILDTAGQEEYSAMRDQYMRTGEGFLCVFAINNTKSFEDIHQYREQIKRVKDSDDVPMVLVGNKCDLAARTVESRQAQDLARSYGIPYIETSAKTRQGVEDAFYTLVREIRQH	True	142.700	142.700	207.900	90.00	90.00	90.00	/Users/mitchellparker/Desktop/rascore_build/core/1bkdR_core.cif	/Users/mitchellparker/Desktop/rascore_build/rcsb/1bkd.cif.gz	/Users/mitchellparker/Desktop/rascore_build/renum/1bkd_renum.cif	/Users/mitchellparker/Desktop/rascore_build/rcsb_assembly/1bkd-assembly-1.cif.gz	/Users/mitchellparker/Desktop/rascore_build/renum_assembly/1bkd-assembly-1_renum.cif	/Users/mitchellparker/Desktop/rascore_build/sifts/1bkd.xml.gz	/Users/mitchellparker/Desktop/rascore_build/pocket/1bkdR_4_pocket.pdb
1bkdR	1bkd	0	R	Outlier	Y71out.0P-GEF	Y32out	Y71out	I 4 2 2 (CF1)	1bkdR5	5	GTPase HRas	RASH_HUMAN	P01112	WT	WT	HRAS	0P	WT	None	None	GEF.CDC25	None	SP2-Unbound	I 4 2 2	166	1-166	1998-07-06	Other	401.3639	0.0003	Unbound	Unbound	117,119,143,144,145,148,150,151	None	Son of sevenless homolog 1	None	S:60,13,63,64,65,66,70,67,73,69,102,103,40,54,55,56,71,37,61,59,58,57,34,32,17,21,30,25,31,68,95	SOS1_HUMAN	None	None	None	RasGEF	None	S	None	None	None	None	None	None	STP	XRAY	2.800	0.222	MTEYKLVVVGAGGVGKSALTIQLIQNHFVDEYDPTIEDSYRKQVVIDGETCLLDILDTAGQEEYSAMRDQYMRTGEGFLCVFAINNTKSFEDIHQYREQIKRVKDSDDVPMVLVGNKCDLAARTVESRQAQDLARSYGIPYIETSAKTRQGVEDAFYTLVREIRQH	True	142.700	142.700	207.900	90.00	90.00	90.00	/Users/mitchellparker/Desktop/rascore_build/core/1bkdR_core.cif	/Users/mitchellparker/Desktop/rascore_build/rcsb/1bkd.cif.gz	/Users/mitchellparker/Desktop/rascore_build/renum/1bkd_renum.cif	/Users/mitchellparker/Desktop/rascore_build/rcsb_assembly/1bkd-assembly-1.cif.gz	/Users/mitchellparker/Desktop/rascore_build/renum_assembly/1bkd-assembly-1_renum.cif	/Users/mitchellparker/Desktop/rascore_build/sifts/1bkd.xml.gz	/Users/mitchellparker/Desktop/rascore_build/pocket/1bkdR_5_pocket.pdb
1bkdR	1bkd	0	R	Outlier	Y71out.0P-GEF	Y32out	Y71out	I 4 2 2 (CF1)	1bkdR6	6	GTPase HRas	RASH_HUMAN	P01112	WT	WT	HRAS	0P	WT	None	None	GEF.CDC25	None	SP2-Unbound	I 4 2 2	166	1-166	1998-07-06	Other	194.9803	0.0001	Unbound	Unbound	22,25,30,147,148,149	None	Son of sevenless homolog 1	None	S:60,13,63,64,65,66,70,67,73,69,102,103,40,54,55,56,71,37,61,59,58,57,34,32,17,21,30,25,31,68,95	SOS1_HUMAN	None	None	None	RasGEF	None	S	None	None	None	None	None	None	STP	XRAY	2.800	0.222	MTEYKLVVVGAGGVGKSALTIQLIQNHFVDEYDPTIEDSYRKQVVIDGETCLLDILDTAGQEEYSAMRDQYMRTGEGFLCVFAINNTKSFEDIHQYREQIKRVKDSDDVPMVLVGNKCDLAARTVESRQAQDLARSYGIPYIETSAKTRQGVEDAFYTLVREIRQH	True	142.700	142.700	207.900	90.00	90.00	90.00	/Users/mitchellparker/Desktop/rascore_build/core/1bkdR_core.cif	/Users/mitchellparker/Desktop/rascore_build/rcsb/1bkd.cif.gz	/Users/mitchellparker/Desktop/rascore_build/renum/1bkd_renum.cif	/Users/mitchellparker/Desktop/rascore_build/rcsb_assembly/1bkd-assembly-1.cif.gz	/Users/mitchellparker/Desktop/rascore_build/renum_assembly/1bkd-assembly-1_renum.cif	/Users/mitchellparker/Desktop/rascore_build/sifts/1bkd.xml.gz	/Users/mitchellparker/Desktop/rascore_build/pocket/1bkdR_6_pocket.pdb
1bkdR	1bkd	0	R	Outlier	Y71out.0P-GEF	Y32out	Y71out	I 4 2 2 (CF1)	1bkdR7	7	GTPase HRas	RASH_HUMAN	P01112	WT	WT	HRAS	0P	WT	None	None	GEF.CDC25	None	SP2-Unbound	I 4 2 2	166	1-166	1998-07-06	Other	279.5667	0.0016	Unbound	Unbound	76,104,106,108,109,110,163,166	None	Son of sevenless homolog 1	None	S:60,13,63,64,65,66,70,67,73,69,102,103,40,54,55,56,71,37,61,59,58,57,34,32,17,21,30,25,31,68,95	SOS1_HUMAN	None	None	None	RasGEF	None	S	None	None	None	None	None	None	STP	XRAY	2.800	0.222	MTEYKLVVVGAGGVGKSALTIQLIQNHFVDEYDPTIEDSYRKQVVIDGETCLLDILDTAGQEEYSAMRDQYMRTGEGFLCVFAINNTKSFEDIHQYREQIKRVKDSDDVPMVLVGNKCDLAARTVESRQAQDLARSYGIPYIETSAKTRQGVEDAFYTLVREIRQH	True	142.700	142.700	207.900	90.00	90.00	90.00	/Users/mitchellparker/Desktop/rascore_build/core/1bkdR_core.cif	/Users/mitchellparker/Desktop/rascore_build/rcsb/1bkd.cif.gz	/Users/mitchellparker/Desktop/rascore_build/renum/1bkd_renum.cif	/Users/mitchellparker/Desktop/rascore_build/rcsb_assembly/1bkd-assembly-1.cif.gz	/Users/mitchellparker/Desktop/rascore_build/renum_assembly/1bkd-assembly-1_renum.cif	/Users/mitchellparker/Desktop/rascore_build/sifts/1bkd.xml.gz	/Users/mitchellparker/Desktop/rascore_build/pocket/1bkdR_7_pocket.pdb
1bkdR	1bkd	0	R	Outlier	Y71out.0P-GEF	Y32out	Y71out	I 4 2 2 (CF1)	1bkdR8	8	GTPase HRas	RASH_HUMAN	P01112	WT	WT	HRAS	0P	WT	None	None	GEF.CDC25	None	SP2-Unbound	I 4 2 2	166	1-166	1998-07-06	Other	247.6945	0.0003	Unbound	Unbound	97,107,108,109,110,137,138,139,162,165,166	None	Son of sevenless homolog 1	None	S:60,13,63,64,65,66,70,67,73,69,102,103,40,54,55,56,71,37,61,59,58,57,34,32,17,21,30,25,31,68,95	SOS1_HUMAN	None	None	None	RasGEF	None	S	None	None	None	None	None	None	STP	XRAY	2.800	0.222	MTEYKLVVVGAGGVGKSALTIQLIQNHFVDEYDPTIEDSYRKQVVIDGETCLLDILDTAGQEEYSAMRDQYMRTGEGFLCVFAINNTKSFEDIHQYREQIKRVKDSDDVPMVLVGNKCDLAARTVESRQAQDLARSYGIPYIETSAKTRQGVEDAFYTLVREIRQH	True	142.700	142.700	207.900	90.00	90.00	90.00	/Users/mitchellparker/Desktop/rascore_build/core/1bkdR_core.cif	/Users/mitchellparker/Desktop/rascore_build/rcsb/1bkd.cif.gz	/Users/mitchellparker/Desktop/rascore_build/renum/1bkd_renum.cif	/Users/mitchellparker/Desktop/rascore_build/rcsb_assembly/1bkd-assembly-1.cif.gz	/Users/mitchellparker/Desktop/rascore_build/renum_assembly/1bkd-assembly-1_renum.cif	/Users/mitchellparker/Desktop/rascore_build/sifts/1bkd.xml.gz	/Users/mitchellparker/Desktop/rascore_build/pocket/1bkdR_8_pocket.pdb
1cluA	1clu	0	A	Disordered	Outlier	Disordered	Y71in	P 32 2 1 (CF1)	1cluA2	2	GTPase HRas	RASH_HUMAN	P01112	G12P	G12	HRAS	3P	Other	None	None	None	Homodimer	SP12-Unbound	P 32 2 1	166	1-31:38-166	1999-05-03	Other	282.7047	0.0244	Unbound	Unbound	76,104,106,108,109,110,163,166	MG,DBG	None	None	None	None	None	None	None	None	None	None	DBG	MG	None	None	None	None	STP	XRAY	1.700	0.203	MTEYKLVVVGAPGVGKSALTIQLIQNHFVDEYDPTIEDSYRKQVVIDGETCLLDILDTAGQEEYSAMRDQYMRTGEGFLCVFAINNTKSFEDIHQYREQIKRVKDSDDVPMVLVGNKCDLAARTVESRQAQDLARSYGIPYIETSAKTRQGVEDAFYTLVREIRQH	True	40.200	40.200	161.970	90.00	90.00	120.00	/Users/mitchellparker/Desktop/rascore_build/core/1cluA_core.cif	/Users/mitchellparker/Desktop/rascore_build/rcsb/1clu.cif.gz	/Users/mitchellparker/Desktop/rascore_build/renum/1clu_renum.cif	/Users/mitchellparker/Desktop/rascore_build/rcsb_assembly/1clu-assembly-1.cif.gz	/Users/mitchellparker/Desktop/rascore_build/renum_assembly/1clu-assembly-1_renum.cif	/Users/mitchellparker/Desktop/rascore_build/sifts/1clu.xml.gz	/Users/mitchellparker/Desktop/rascore_build/pocket/1cluA_2_pocket.pdb
1cluA	1clu	0	A	Disordered	Outlier	Disordered	Y71in	P 32 2 1 (CF1)	1cluA3	3	GTPase HRas	RASH_HUMAN	P01112	G12P	G12	HRAS	3P	Other	None	None	None	Homodimer	SP12-Unbound	P 32 2 1	166	1-31:38-166	1999-05-03	Other	358.5231	0.0003	Unbound	Unbound	94,95,98,99,101,102,107	MG,DBG	None	None	None	None	None	None	None	None	None	None	DBG	MG	None	None	None	None	STP	XRAY	1.700	0.203	MTEYKLVVVGAPGVGKSALTIQLIQNHFVDEYDPTIEDSYRKQVVIDGETCLLDILDTAGQEEYSAMRDQYMRTGEGFLCVFAINNTKSFEDIHQYREQIKRVKDSDDVPMVLVGNKCDLAARTVESRQAQDLARSYGIPYIETSAKTRQGVEDAFYTLVREIRQH	True	40.200	40.200	161.970	90.00	90.00	120.00	/Users/mitchellparker/Desktop/rascore_build/core/1cluA_core.cif	/Users/mitchellparker/Desktop/rascore_build/rcsb/1clu.cif.gz	/Users/mitchellparker/Desktop/rascore_build/renum/1clu_renum.cif	/Users/mitchellparker/Desktop/rascore_build/rcsb_assembly/1clu-assembly-1.cif.gz	/Users/mitchellparker/Desktop/rascore_build/renum_assembly/1clu-assembly-1_renum.cif	/Users/mitchellparker/Desktop/rascore_build/sifts/1clu.xml.gz	/Users/mitchellparker/Desktop/rascore_build/pocket/1cluA_3_pocket.pdb
1cluA	1clu	0	A	Disordered	Outlier	Disordered	Y71in	P 32 2 1 (CF1)	1cluA4	4	GTPase HRas	RASH_HUMAN	P01112	G12P	G12	HRAS	3P	Other	None	None	None	Homodimer	SP12-Unbound	P 32 2 1	166	1-31:38-166	1999-05-03	Other	307.3144	0.0005	Unbound	Unbound	97,107,108,109,110,137,138,139,162,165,166	MG,DBG	None	None	None	None	None	None	None	None	None	None	DBG	MG	None	None	None	None	STP	XRAY	1.700	0.203	MTEYKLVVVGAPGVGKSALTIQLIQNHFVDEYDPTIEDSYRKQVVIDGETCLLDILDTAGQEEYSAMRDQYMRTGEGFLCVFAINNTKSFEDIHQYREQIKRVKDSDDVPMVLVGNKCDLAARTVESRQAQDLARSYGIPYIETSAKTRQGVEDAFYTLVREIRQH	True	40.200	40.200	161.970	90.00	90.00	120.00	/Users/mitchellparker/Desktop/rascore_build/core/1cluA_core.cif	/Users/mitchellparker/Desktop/rascore_build/rcsb/1clu.cif.gz	/Users/mitchellparker/Desktop/rascore_build/renum/1clu_renum.cif	/Users/mitchellparker/Desktop/rascore_build/rcsb_assembly/1clu-assembly-1.cif.gz	/Users/mitchellparker/Desktop/rascore_build/renum_assembly/1clu-assembly-1_renum.cif	/Users/mitchellparker/Desktop/rascore_build/sifts/1clu.xml.gz	/Users/mitchellparker/Desktop/rascore_build/pocket/1cluA_4_pocket.pdb
1cluA	1clu	0	A	Disordered	Outlier	Disordered	Y71in	P 32 2 1 (CF1)	1cluA5	5	GTPase HRas	RASH_HUMAN	P01112	G12P	G12	HRAS	3P	Other	None	None	None	Homodimer	SP12-Unbound	P 32 2 1	166	1-31:38-166	1999-05-03	SP12	207.9566	0.0016	Unbound	Unbound	5,6,7,39,54,56,71,74,75	MG,DBG	None	None	None	None	None	None	None	None	None	None	DBG	MG	None	None	None	None	STP	XRAY	1.700	0.203	MTEYKLVVVGAPGVGKSALTIQLIQNHFVDEYDPTIEDSYRKQVVIDGETCLLDILDTAGQEEYSAMRDQYMRTGEGFLCVFAINNTKSFEDIHQYREQIKRVKDSDDVPMVLVGNKCDLAARTVESRQAQDLARSYGIPYIETSAKTRQGVEDAFYTLVREIRQH	True	40.200	40.200	161.970	90.00	90.00	120.00	/Users/mitchellparker/Desktop/rascore_build/core/1cluA_core.cif	/Users/mitchellparker/Desktop/rascore_build/rcsb/1clu.cif.gz	/Users/mitchellparker/Desktop/rascore_build/renum/1clu_renum.cif	/Users/mitchellparker/Desktop/rascore_build/rcsb_assembly/1clu-assembly-1.cif.gz	/Users/mitchellparker/Desktop/rascore_build/renum_assembly/1clu-assembly-1_renum.cif	/Users/mitchellparker/Desktop/rascore_build/sifts/1clu.xml.gz	/Users/mitchellparker/Desktop/rascore_build/pocket/1cluA_5_pocket.pdb
1crpA	1crp	0	A	Outlier	Outlier	Y32out	Y71out	None	1crpA1	1	GTPase HRas	RASH_HUMAN	P01112	WT	WT	HRAS	2P	WT	None	None	None	None	Other-Unbound	None	166	1-166	1993-11-24	Other	199.1168	0.4235	Unbound	Unbound	90,91,94,133	MG,GDP	None	None	None	None	None	None	None	None	None	None	GDP	MG	None	None	None	None	STP	NMR	None	None	MTEYKLVVVGAGGVGKSALTIQLIQNHFVDEYDPTIEDSYRKQVVIDGETCLLDILDTAGQEEYSAMRDQYMRTGEGFLCVFAINNTKSFEDIHQYREQIKRVKDSDDVPMVLVGNKCDLAARTVESRQAQDLARSYGIPYIETSAKTRQGVEDAFYTLVREIRQH	True	999.0	999.0	999.0	999.0	999.0	999.0	/Users/mitchellparker/Desktop/rascore_build/core/1crpA_core.cif	/Users/mitchellparker/Desktop/rascore_build/rcsb/1crp.cif.gz	/Users/mitchellparker/Desktop/rascore_build/renum/1crp_renum.cif	/Users/mitchellparker/Desktop/rascore_build/rcsb_assembly/1crp-assembly-1.cif.gz	/Users/mitchellparker/Desktop/rascore_build/renum_assembly/1crp-assembly-1_renum.cif	/Users/mitchellparker/Desktop/rascore_build/sifts/1crp.xml.gz	/Users/mitchellparker/Desktop/rascore_build/pocket/1crpA_1_pocket.pdb
1crpA	1crp	0	A	Outlier	Outlier	Y32out	Y71out	None	1crpA2	2	GTPase HRas	RASH_HUMAN	P01112	WT	WT	HRAS	2P	WT	None	None	None	None	Other-Unbound	None	166	1-166	1993-11-24	Other	176.2341	0.0002	Unbound	Unbound	101,107,108,109,111,137,138,139	MG,GDP	None	None	None	None	None	None	None	None	None	None	GDP	MG	None	None	None	None	STP	NMR	None	None	MTEYKLVVVGAGGVGKSALTIQLIQNHFVDEYDPTIEDSYRKQVVIDGETCLLDILDTAGQEEYSAMRDQYMRTGEGFLCVFAINNTKSFEDIHQYREQIKRVKDSDDVPMVLVGNKCDLAARTVESRQAQDLARSYGIPYIETSAKTRQGVEDAFYTLVREIRQH	True	999.0	999.0	999.0	999.0	999.0	999.0	/Users/mitchellparker/Desktop/rascore_build/core/1crpA_core.cif	/Users/mitchellparker/Desktop/rascore_build/rcsb/1crp.cif.gz	/Users/mitchellparker/Desktop/rascore_build/renum/1crp_renum.cif	/Users/mitchellparker/Desktop/rascore_build/rcsb_assembly/1crp-assembly-1.cif.gz	/Users/mitchellparker/Desktop/rascore_build/renum_assembly/1crp-assembly-1_renum.cif	/Users/mitchellparker/Desktop/rascore_build/sifts/1crp.xml.gz	/Users/mitchellparker/Desktop/rascore_build/pocket/1crpA_2_pocket.pdb
1crpA	1crp	0	A	Outlier	Outlier	Y32out	Y71out	None	1crpA3	3	GTPase HRas	RASH_HUMAN	P01112	WT	WT	HRAS	2P	WT	None	None	None	None	Other-Unbound	None	166	1-166	1993-11-24	Other	160.9085	0.0007	Unbound	Unbound	153,154,157,158,161	MG,GDP	None	None	None	None	None	None	None	None	None	None	GDP	MG	None	None	None	None	STP	NMR	None	None	MTEYKLVVVGAGGVGKSALTIQLIQNHFVDEYDPTIEDSYRKQVVIDGETCLLDILDTAGQEEYSAMRDQYMRTGEGFLCVFAINNTKSFEDIHQYREQIKRVKDSDDVPMVLVGNKCDLAARTVESRQAQDLARSYGIPYIETSAKTRQGVEDAFYTLVREIRQH	True	999.0	999.0	999.0	999.0	999.0	999.0	/Users/mitchellparker/Desktop/rascore_build/core/1crpA_core.cif	/Users/mitchellparker/Desktop/rascore_build/rcsb/1crp.cif.gz	/Users/mitchellparker/Desktop/rascore_build/renum/1crp_renum.cif	/Users/mitchellparker/Desktop/rascore_build/rcsb_assembly/1crp-assembly-1.cif.gz	/Users/mitchellparker/Desktop/rascore_build/renum_assembly/1crp-assembly-1_renum.cif	/Users/mitchellparker/Desktop/rascore_build/sifts/1crp.xml.gz	/Users/mitchellparker/Desktop/rascore_build/pocket/1crpA_3_pocket.pdb
1crpA	1crp	0	A	Outlier	Outlier	Y32out	Y71out	None	1crpA4	4	GTPase HRas	RASH_HUMAN	P01112	WT	WT	HRAS	2P	WT	None	None	None	None	Other-Unbound	None	166	1-166	1993-11-24	Other	205.3574	0.0004	Unbound	Unbound	11,12,13,86,88,89,92	MG,GDP	None	None	None	None	None	None	None	None	None	None	GDP	MG	None	None	None	None	STP	NMR	None	None	MTEYKLVVVGAGGVGKSALTIQLIQNHFVDEYDPTIEDSYRKQVVIDGETCLLDILDTAGQEEYSAMRDQYMRTGEGFLCVFAINNTKSFEDIHQYREQIKRVKDSDDVPMVLVGNKCDLAARTVESRQAQDLARSYGIPYIETSAKTRQGVEDAFYTLVREIRQH	True	999.0	999.0	999.0	999.0	999.0	999.0	/Users/mitchellparker/Desktop/rascore_build/core/1crpA_core.cif	/Users/mitchellparker/Desktop/rascore_build/rcsb/1crp.cif.gz	/Users/mitchellparker/Desktop/rascore_build/renum/1crp_renum.cif	/Users/mitchellparker/Desktop/rascore_build/rcsb_assembly/1crp-assembly-1.cif.gz	/Users/mitchellparker/Desktop/rascore_build/renum_assembly/1crp-assembly-1_renum.cif	/Users/mitchellparker/Desktop/rascore_build/sifts/1crp.xml.gz	/Users/mitchellparker/Desktop/rascore_build/pocket/1crpA_4_pocket.pdb
1crpA	1crp	0	A	Outlier	Outlier	Y32out	Y71out	None	1crpA5	5	GTPase HRas	RASH_HUMAN	P01112	WT	WT	HRAS	2P	WT	None	None	None	None	Other-Unbound	None	166	1-166	1993-11-24	Other	290.6659	0.0001	Unbound	Unbound	95,98,99,102	MG,GDP	None	None	None	None	None	None	None	None	None	None	GDP	MG	None	None	None	None	STP	NMR	None	None	MTEYKLVVVGAGGVGKSALTIQLIQNHFVDEYDPTIEDSYRKQVVIDGETCLLDILDTAGQEEYSAMRDQYMRTGEGFLCVFAINNTKSFEDIHQYREQIKRVKDSDDVPMVLVGNKCDLAARTVESRQAQDLARSYGIPYIETSAKTRQGVEDAFYTLVREIRQH	True	999.0	999.0	999.0	999.0	999.0	999.0	/Users/mitchellparker/Desktop/rascore_build/core/1crpA_core.cif	/Users/mitchellparker/Desktop/rascore_build/rcsb/1crp.cif.gz	/Users/mitchellparker/Desktop/rascore_build/renum/1crp_renum.cif	/Users/mitchellparker/Desktop/rascore_build/rcsb_assembly/1crp-assembly-1.cif.gz	/Users/mitchellparker/Desktop/rascore_build/renum_assembly/1crp-assembly-1_renum.cif	/Users/mitchellparker/Desktop/rascore_build/sifts/1crp.xml.gz	/Users/mitchellparker/Desktop/rascore_build/pocket/1crpA_5_pocket.pdb
1crpA	1crp	0	A	Outlier	Outlier	Y32out	Y71out	None	1crpA6	6	GTPase HRas	RASH_HUMAN	P01112	WT	WT	HRAS	2P	WT	None	None	None	None	Other-Unbound	None	166	1-166	1993-11-24	Other	94.6026	0.0372	Unbound	Unbound	46,47,160,161,164	MG,GDP	None	None	None	None	None	None	None	None	None	None	GDP	MG	None	None	None	None	STP	NMR	None	None	MTEYKLVVVGAGGVGKSALTIQLIQNHFVDEYDPTIEDSYRKQVVIDGETCLLDILDTAGQEEYSAMRDQYMRTGEGFLCVFAINNTKSFEDIHQYREQIKRVKDSDDVPMVLVGNKCDLAARTVESRQAQDLARSYGIPYIETSAKTRQGVEDAFYTLVREIRQH	True	999.0	999.0	999.0	999.0	999.0	999.0	/Users/mitchellparker/Desktop/rascore_build/core/1crpA_core.cif	/Users/mitchellparker/Desktop/rascore_build/rcsb/1crp.cif.gz	/Users/mitchellparker/Desktop/rascore_build/renum/1crp_renum.cif	/Users/mitchellparker/Desktop/rascore_build/rcsb_assembly/1crp-assembly-1.cif.gz	/Users/mitchellparker/Desktop/rascore_build/renum_assembly/1crp-assembly-1_renum.cif	/Users/mitchellparker/Desktop/rascore_build/sifts/1crp.xml.gz	/Users/mitchellparker/Desktop/rascore_build/pocket/1crpA_6_pocket.pdb
1crpA	1crp	0	A	Outlier	Outlier	Y32out	Y71out	None	1crpA7	7	GTPase HRas	RASH_HUMAN	P01112	WT	WT	HRAS	2P	WT	None	None	None	None	Other-Unbound	None	166	1-166	1993-11-24	Other	94.7020	0.0002	Unbound	Unbound	3,4,5,54	MG,GDP	None	None	None	None	None	None	None	None	None	None	GDP	MG	None	None	None	None	STP	NMR	None	None	MTEYKLVVVGAGGVGKSALTIQLIQNHFVDEYDPTIEDSYRKQVVIDGETCLLDILDTAGQEEYSAMRDQYMRTGEGFLCVFAINNTKSFEDIHQYREQIKRVKDSDDVPMVLVGNKCDLAARTVESRQAQDLARSYGIPYIETSAKTRQGVEDAFYTLVREIRQH	True	999.0	999.0	999.0	999.0	999.0	999.0	/Users/mitchellparker/Desktop/rascore_build/core/1crpA_core.cif	/Users/mitchellparker/Desktop/rascore_build/rcsb/1crp.cif.gz	/Users/mitchellparker/Desktop/rascore_build/renum/1crp_renum.cif	/Users/mitchellparker/Desktop/rascore_build/rcsb_assembly/1crp-assembly-1.cif.gz	/Users/mitchellparker/Desktop/rascore_build/renum_assembly/1crp-assembly-1_renum.cif	/Users/mitchellparker/Desktop/rascore_build/sifts/1crp.xml.gz	/Users/mitchellparker/Desktop/rascore_build/pocket/1crpA_7_pocket.pdb
1crqA	1crq	0	A	Outlier	Outlier	Y32out	Y71out	None	1crqA2	2	GTPase HRas	RASH_HUMAN	P01112	WT	WT	HRAS	2P	WT	None	None	None	None	Other-Unbound	None	166	1-166	1993-11-24	Other	426.5187	0.0034	Unbound	Unbound	118,127,141,142,143,150,151,154	MG,GDP	None	None	None	None	None	None	None	None	None	None	GDP	MG	None	None	None	None	STP	NMR	None	None	MTEYKLVVVGAGGVGKSALTIQLIQNHFVDEYDPTIEDSYRKQVVIDGETCLLDILDTAGQEEYSAMRDQYMRTGEGFLCVFAINNTKSFEDIHQYREQIKRVKDSDDVPMVLVGNKCDLAARTVESRQAQDLARSYGIPYIETSAKTRQGVEDAFYTLVREIRQH	True	999.0	999.0	999.0	999.0	999.0	999.0	/Users/mitchellparker/Desktop/rascore_build/core/1crqA_core.cif	/Users/mitchellparker/Desktop/rascore_build/rcsb/1crq.cif.gz	/Users/mitchellparker/Desktop/rascore_build/renum/1crq_renum.cif	/Users/mitchellparker/Desktop/rascore_build/rcsb_assembly/1crq-assembly-1.cif.gz	/Users/mitchellparker/Desktop/rascore_build/renum_assembly/1crq-assembly-1_renum.cif	/Users/mitchellparker/Desktop/rascore_build/sifts/1crq.xml.gz	/Users/mitchellparker/Desktop/rascore_build/pocket/1crqA_2_pocket.pdb
1crqA	1crq	0	A	Outlier	Outlier	Y32out	Y71out	None	1crqA3	3	GTPase HRas	RASH_HUMAN	P01112	WT	WT	HRAS	2P	WT	None	None	None	None	Other-Unbound	None	166	1-166	1993-11-24	Other	179.0127	0.3068	Unbound	Unbound	2,4,46,47,49,51,160,161,164	MG,GDP	None	None	None	None	None	None	None	None	None	None	GDP	MG	None	None	None	None	STP	NMR	None	None	MTEYKLVVVGAGGVGKSALTIQLIQNHFVDEYDPTIEDSYRKQVVIDGETCLLDILDTAGQEEYSAMRDQYMRTGEGFLCVFAINNTKSFEDIHQYREQIKRVKDSDDVPMVLVGNKCDLAARTVESRQAQDLARSYGIPYIETSAKTRQGVEDAFYTLVREIRQH	True	999.0	999.0	999.0	999.0	999.0	999.0	/Users/mitchellparker/Desktop/rascore_build/core/1crqA_core.cif	/Users/mitchellparker/Desktop/rascore_build/rcsb/1crq.cif.gz	/Users/mitchellparker/Desktop/rascore_build/renum/1crq_renum.cif	/Users/mitchellparker/Desktop/rascore_build/rcsb_assembly/1crq-assembly-1.cif.gz	/Users/mitchellparker/Desktop/rascore_build/renum_assembly/1crq-assembly-1_renum.cif	/Users/mitchellparker/Desktop/rascore_build/sifts/1crq.xml.gz	/Users/mitchellparker/Desktop/rascore_build/pocket/1crqA_3_pocket.pdb
1crqA	1crq	0	A	Outlier	Outlier	Y32out	Y71out	None	1crqA4	4	GTPase HRas	RASH_HUMAN	P01112	WT	WT	HRAS	2P	WT	None	None	None	None	Other-Unbound	None	166	1-166	1993-11-24	Other	245.3714	0.3933	Unbound	Unbound	23,44,46,53,149,152,153,156,157	MG,GDP	None	None	None	None	None	None	None	None	None	None	GDP	MG	None	None	None	None	STP	NMR	None	None	MTEYKLVVVGAGGVGKSALTIQLIQNHFVDEYDPTIEDSYRKQVVIDGETCLLDILDTAGQEEYSAMRDQYMRTGEGFLCVFAINNTKSFEDIHQYREQIKRVKDSDDVPMVLVGNKCDLAARTVESRQAQDLARSYGIPYIETSAKTRQGVEDAFYTLVREIRQH	True	999.0	999.0	999.0	999.0	999.0	999.0	/Users/mitchellparker/Desktop/rascore_build/core/1crqA_core.cif	/Users/mitchellparker/Desktop/rascore_build/rcsb/1crq.cif.gz	/Users/mitchellparker/Desktop/rascore_build/renum/1crq_renum.cif	/Users/mitchellparker/Desktop/rascore_build/rcsb_assembly/1crq-assembly-1.cif.gz	/Users/mitchellparker/Desktop/rascore_build/renum_assembly/1crq-assembly-1_renum.cif	/Users/mitchellparker/Desktop/rascore_build/sifts/1crq.xml.gz	/Users/mitchellparker/Desktop/rascore_build/pocket/1crqA_4_pocket.pdb
1crqA	1crq	0	A	Outlier	Outlier	Y32out	Y71out	None	1crqA5	5	GTPase HRas	RASH_HUMAN	P01112	WT	WT	HRAS	2P	WT	None	None	None	None	Other-Unbound	None	166	1-166	1993-11-24	Other	283.1256	0.0913	Unbound	Unbound	90,91,94,95,133	MG,GDP	None	None	None	None	None	None	None	None	None	None	GDP	MG	None	None	None	None	STP	NMR	None	None	MTEYKLVVVGAGGVGKSALTIQLIQNHFVDEYDPTIEDSYRKQVVIDGETCLLDILDTAGQEEYSAMRDQYMRTGEGFLCVFAINNTKSFEDIHQYREQIKRVKDSDDVPMVLVGNKCDLAARTVESRQAQDLARSYGIPYIETSAKTRQGVEDAFYTLVREIRQH	True	999.0	999.0	999.0	999.0	999.0	999.0	/Users/mitchellparker/Desktop/rascore_build/core/1crqA_core.cif	/Users/mitchellparker/Desktop/rascore_build/rcsb/1crq.cif.gz	/Users/mitchellparker/Desktop/rascore_build/renum/1crq_renum.cif	/Users/mitchellparker/Desktop/rascore_build/rcsb_assembly/1crq-assembly-1.cif.gz	/Users/mitchellparker/Desktop/rascore_build/renum_assembly/1crq-assembly-1_renum.cif	/Users/mitchellparker/Desktop/rascore_build/sifts/1crq.xml.gz	/Users/mitchellparker/Desktop/rascore_build/pocket/1crqA_5_pocket.pdb
1crqA	1crq	0	A	Outlier	Outlier	Y32out	Y71out	None	1crqA6	6	GTPase HRas	RASH_HUMAN	P01112	WT	WT	HRAS	2P	WT	None	None	None	None	Other-Unbound	None	166	1-166	1993-11-24	Other	253.9710	0.0012	Unbound	Unbound	66,69,70,73,103	MG,GDP	None	None	None	None	None	None	None	None	None	None	GDP	MG	None	None	None	None	STP	NMR	None	None	MTEYKLVVVGAGGVGKSALTIQLIQNHFVDEYDPTIEDSYRKQVVIDGETCLLDILDTAGQEEYSAMRDQYMRTGEGFLCVFAINNTKSFEDIHQYREQIKRVKDSDDVPMVLVGNKCDLAARTVESRQAQDLARSYGIPYIETSAKTRQGVEDAFYTLVREIRQH	True	999.0	999.0	999.0	999.0	999.0	999.0	/Users/mitchellparker/Desktop/rascore_build/core/1crqA_core.cif	/Users/mitchellparker/Desktop/rascore_build/rcsb/1crq.cif.gz	/Users/mitchellparker/Desktop/rascore_build/renum/1crq_renum.cif	/Users/mitchellparker/Desktop/rascore_build/rcsb_assembly/1crq-assembly-1.cif.gz	/Users/mitchellparker/Desktop/rascore_build/renum_assembly/1crq-assembly-1_renum.cif	/Users/mitchellparker/Desktop/rascore_build/sifts/1crq.xml.gz	/Users/mitchellparker/Desktop/rascore_build/pocket/1crqA_6_pocket.pdb
1crqA	1crq	0	A	Outlier	Outlier	Y32out	Y71out	None	1crqA7	7	GTPase HRas	RASH_HUMAN	P01112	WT	WT	HRAS	2P	WT	None	None	None	None	Other-Unbound	None	166	1-166	1993-11-24	Other	184.9965	0.0082	Unbound	Unbound	37,38,39,56,57,58,67,71	MG,GDP	None	None	None	None	None	None	None	None	None	None	GDP	MG	None	None	None	None	STP	NMR	None	None	MTEYKLVVVGAGGVGKSALTIQLIQNHFVDEYDPTIEDSYRKQVVIDGETCLLDILDTAGQEEYSAMRDQYMRTGEGFLCVFAINNTKSFEDIHQYREQIKRVKDSDDVPMVLVGNKCDLAARTVESRQAQDLARSYGIPYIETSAKTRQGVEDAFYTLVREIRQH	True	999.0	999.0	999.0	999.0	999.0	999.0	/Users/mitchellparker/Desktop/rascore_build/core/1crqA_core.cif	/Users/mitchellparker/Desktop/rascore_build/rcsb/1crq.cif.gz	/Users/mitchellparker/Desktop/rascore_build/renum/1crq_renum.cif	/Users/mitchellparker/Desktop/rascore_build/rcsb_assembly/1crq-assembly-1.cif.gz	/Users/mitchellparker/Desktop/rascore_build/renum_assembly/1crq-assembly-1_renum.cif	/Users/mitchellparker/Desktop/rascore_build/sifts/1crq.xml.gz	/Users/mitchellparker/Desktop/rascore_build/pocket/1crqA_7_pocket.pdb
1crqA	1crq	0	A	Outlier	Outlier	Y32out	Y71out	None	1crqA8	8	GTPase HRas	RASH_HUMAN	P01112	WT	WT	HRAS	2P	WT	None	None	None	None	Other-Unbound	None	166	1-166	1993-11-24	Other	168.7074	0.0046	Unbound	Unbound	104,106,108,109	MG,GDP	None	None	None	None	None	None	None	None	None	None	GDP	MG	None	None	None	None	STP	NMR	None	None	MTEYKLVVVGAGGVGKSALTIQLIQNHFVDEYDPTIEDSYRKQVVIDGETCLLDILDTAGQEEYSAMRDQYMRTGEGFLCVFAINNTKSFEDIHQYREQIKRVKDSDDVPMVLVGNKCDLAARTVESRQAQDLARSYGIPYIETSAKTRQGVEDAFYTLVREIRQH	True	999.0	999.0	999.0	999.0	999.0	999.0	/Users/mitchellparker/Desktop/rascore_build/core/1crqA_core.cif	/Users/mitchellparker/Desktop/rascore_build/rcsb/1crq.cif.gz	/Users/mitchellparker/Desktop/rascore_build/renum/1crq_renum.cif	/Users/mitchellparker/Desktop/rascore_build/rcsb_assembly/1crq-assembly-1.cif.gz	/Users/mitchellparker/Desktop/rascore_build/renum_assembly/1crq-assembly-1_renum.cif	/Users/mitchellparker/Desktop/rascore_build/sifts/1crq.xml.gz	/Users/mitchellparker/Desktop/rascore_build/pocket/1crqA_8_pocket.pdb
1crqA	1crq	0	A	Outlier	Outlier	Y32out	Y71out	None	1crqA9	9	GTPase HRas	RASH_HUMAN	P01112	WT	WT	HRAS	2P	WT	None	None	None	None	Other-Unbound	None	166	1-166	1993-11-24	Other	172.9442	0.0042	Unbound	Unbound	86,87,88,91	MG,GDP	None	None	None	None	None	None	None	None	None	None	GDP	MG	None	None	None	None	STP	NMR	None	None	MTEYKLVVVGAGGVGKSALTIQLIQNHFVDEYDPTIEDSYRKQVVIDGETCLLDILDTAGQEEYSAMRDQYMRTGEGFLCVFAINNTKSFEDIHQYREQIKRVKDSDDVPMVLVGNKCDLAARTVESRQAQDLARSYGIPYIETSAKTRQGVEDAFYTLVREIRQH	True	999.0	999.0	999.0	999.0	999.0	999.0	/Users/mitchellparker/Desktop/rascore_build/core/1crqA_core.cif	/Users/mitchellparker/Desktop/rascore_build/rcsb/1crq.cif.gz	/Users/mitchellparker/Desktop/rascore_build/renum/1crq_renum.cif	/Users/mitchellparker/Desktop/rascore_build/rcsb_assembly/1crq-assembly-1.cif.gz	/Users/mitchellparker/Desktop/rascore_build/renum_assembly/1crq-assembly-1_renum.cif	/Users/mitchellparker/Desktop/rascore_build/sifts/1crq.xml.gz	/Users/mitchellparker/Desktop/rascore_build/pocket/1crqA_9_pocket.pdb
1crrA	1crr	0	A	Outlier	Outlier	Y32out	Y71out	None	1crrA1	1	GTPase HRas	RASH_HUMAN	P01112	WT	WT	HRAS	2P	WT	None	None	None	None	SP2-Unbound	None	166	1-166	1993-11-24	Other	512.7940	0.6365	Unbound	Unbound	46,47,153,154,157,158,160,161,164	MG,GDP	None	None	None	None	None	None	None	None	None	None	GDP	MG	None	None	None	None	STP	NMR	None	None	MTEYKLVVVGAGGVGKSALTIQLIQNHFVDEYDPTIEDSYRKQVVIDGETCLLDILDTAGQEEYSAMRDQYMRTGEGFLCVFAINNTKSFEDIHQYREQIKRVKDSDDVPMVLVGNKCDLAARTVESRQAQDLARSYGIPYIETSAKTRQGVEDAFYTLVREIRQH	True	999.0	999.0	999.0	999.0	999.0	999.0	/Users/mitchellparker/Desktop/rascore_build/core/1crrA_core.cif	/Users/mitchellparker/Desktop/rascore_build/rcsb/1crr.cif.gz	/Users/mitchellparker/Desktop/rascore_build/renum/1crr_renum.cif	/Users/mitchellparker/Desktop/rascore_build/rcsb_assembly/1crr-assembly-1.cif.gz	/Users/mitchellparker/Desktop/rascore_build/renum_assembly/1crr-assembly-1_renum.cif	/Users/mitchellparker/Desktop/rascore_build/sifts/1crr.xml.gz	/Users/mitchellparker/Desktop/rascore_build/pocket/1crrA_1_pocket.pdb
1crrA	1crr	0	A	Outlier	Outlier	Y32out	Y71out	None	1crrA2	2	GTPase HRas	RASH_HUMAN	P01112	WT	WT	HRAS	2P	WT	None	None	None	None	SP2-Unbound	None	166	1-166	1993-11-24	Other	294.3444	0.0023	Unbound	Unbound	158,161,162,164,165	MG,GDP	None	None	None	None	None	None	None	None	None	None	GDP	MG	None	None	None	None	STP	NMR	None	None	MTEYKLVVVGAGGVGKSALTIQLIQNHFVDEYDPTIEDSYRKQVVIDGETCLLDILDTAGQEEYSAMRDQYMRTGEGFLCVFAINNTKSFEDIHQYREQIKRVKDSDDVPMVLVGNKCDLAARTVESRQAQDLARSYGIPYIETSAKTRQGVEDAFYTLVREIRQH	True	999.0	999.0	999.0	999.0	999.0	999.0	/Users/mitchellparker/Desktop/rascore_build/core/1crrA_core.cif	/Users/mitchellparker/Desktop/rascore_build/rcsb/1crr.cif.gz	/Users/mitchellparker/Desktop/rascore_build/renum/1crr_renum.cif	/Users/mitchellparker/Desktop/rascore_build/rcsb_assembly/1crr-assembly-1.cif.gz	/Users/mitchellparker/Desktop/rascore_build/renum_assembly/1crr-assembly-1_renum.cif	/Users/mitchellparker/Desktop/rascore_build/sifts/1crr.xml.gz	/Users/mitchellparker/Desktop/rascore_build/pocket/1crrA_2_pocket.pdb
1crrA	1crr	0	A	Outlier	Outlier	Y32out	Y71out	None	1crrA3	3	GTPase HRas	RASH_HUMAN	P01112	WT	WT	HRAS	2P	WT	None	None	None	None	SP2-Unbound	None	166	1-166	1993-11-24	Other	382.5873	0.0077	Unbound	Unbound	97,101,107,108,109,111,136,137,138,139,162	MG,GDP	None	None	None	None	None	None	None	None	None	None	GDP	MG	None	None	None	None	STP	NMR	None	None	MTEYKLVVVGAGGVGKSALTIQLIQNHFVDEYDPTIEDSYRKQVVIDGETCLLDILDTAGQEEYSAMRDQYMRTGEGFLCVFAINNTKSFEDIHQYREQIKRVKDSDDVPMVLVGNKCDLAARTVESRQAQDLARSYGIPYIETSAKTRQGVEDAFYTLVREIRQH	True	999.0	999.0	999.0	999.0	999.0	999.0	/Users/mitchellparker/Desktop/rascore_build/core/1crrA_core.cif	/Users/mitchellparker/Desktop/rascore_build/rcsb/1crr.cif.gz	/Users/mitchellparker/Desktop/rascore_build/renum/1crr_renum.cif	/Users/mitchellparker/Desktop/rascore_build/rcsb_assembly/1crr-assembly-1.cif.gz	/Users/mitchellparker/Desktop/rascore_build/renum_assembly/1crr-assembly-1_renum.cif	/Users/mitchellparker/Desktop/rascore_build/sifts/1crr.xml.gz	/Users/mitchellparker/Desktop/rascore_build/pocket/1crrA_3_pocket.pdb
1crrA	1crr	0	A	Outlier	Outlier	Y32out	Y71out	None	1crrA4	4	GTPase HRas	RASH_HUMAN	P01112	WT	WT	HRAS	2P	WT	None	None	None	None	SP2-Unbound	None	166	1-166	1993-11-24	SP2	150.9209	0.0027	Unbound	Unbound	68,69,72,96,99	MG,GDP	None	None	None	None	None	None	None	None	None	None	GDP	MG	None	None	None	None	STP	NMR	None	None	MTEYKLVVVGAGGVGKSALTIQLIQNHFVDEYDPTIEDSYRKQVVIDGETCLLDILDTAGQEEYSAMRDQYMRTGEGFLCVFAINNTKSFEDIHQYREQIKRVKDSDDVPMVLVGNKCDLAARTVESRQAQDLARSYGIPYIETSAKTRQGVEDAFYTLVREIRQH	True	999.0	999.0	999.0	999.0	999.0	999.0	/Users/mitchellparker/Desktop/rascore_build/core/1crrA_core.cif	/Users/mitchellparker/Desktop/rascore_build/rcsb/1crr.cif.gz	/Users/mitchellparker/Desktop/rascore_build/renum/1crr_renum.cif	/Users/mitchellparker/Desktop/rascore_build/rcsb_assembly/1crr-assembly-1.cif.gz	/Users/mitchellparker/Desktop/rascore_build/renum_assembly/1crr-assembly-1_renum.cif	/Users/mitchellparker/Desktop/rascore_build/sifts/1crr.xml.gz	/Users/mitchellparker/Desktop/rascore_build/pocket/1crrA_4_pocket.pdb
1crrA	1crr	0	A	Outlier	Outlier	Y32out	Y71out	None	1crrA5	5	GTPase HRas	RASH_HUMAN	P01112	WT	WT	HRAS	2P	WT	None	None	None	None	SP2-Unbound	None	166	1-166	1993-11-24	Other	152.6206	0.0000	Unbound	Unbound	22,26,27,28,147,149	MG,GDP	None	None	None	None	None	None	None	None	None	None	GDP	MG	None	None	None	None	STP	NMR	None	None	MTEYKLVVVGAGGVGKSALTIQLIQNHFVDEYDPTIEDSYRKQVVIDGETCLLDILDTAGQEEYSAMRDQYMRTGEGFLCVFAINNTKSFEDIHQYREQIKRVKDSDDVPMVLVGNKCDLAARTVESRQAQDLARSYGIPYIETSAKTRQGVEDAFYTLVREIRQH	True	999.0	999.0	999.0	999.0	999.0	999.0	/Users/mitchellparker/Desktop/rascore_build/core/1crrA_core.cif	/Users/mitchellparker/Desktop/rascore_build/rcsb/1crr.cif.gz	/Users/mitchellparker/Desktop/rascore_build/renum/1crr_renum.cif	/Users/mitchellparker/Desktop/rascore_build/rcsb_assembly/1crr-assembly-1.cif.gz	/Users/mitchellparker/Desktop/rascore_build/renum_assembly/1crr-assembly-1_renum.cif	/Users/mitchellparker/Desktop/rascore_build/sifts/1crr.xml.gz	/Users/mitchellparker/Desktop/rascore_build/pocket/1crrA_5_pocket.pdb
1crrA	1crr	0	A	Outlier	Outlier	Y32out	Y71out	None	1crrA6	6	GTPase HRas	RASH_HUMAN	P01112	WT	WT	HRAS	2P	WT	None	None	None	None	SP2-Unbound	None	166	1-166	1993-11-24	Other	193.7639	0.0274	Unbound	Unbound	22,23,26,149,152,153	MG,GDP	None	None	None	None	None	None	None	None	None	None	GDP	MG	None	None	None	None	STP	NMR	None	None	MTEYKLVVVGAGGVGKSALTIQLIQNHFVDEYDPTIEDSYRKQVVIDGETCLLDILDTAGQEEYSAMRDQYMRTGEGFLCVFAINNTKSFEDIHQYREQIKRVKDSDDVPMVLVGNKCDLAARTVESRQAQDLARSYGIPYIETSAKTRQGVEDAFYTLVREIRQH	True	999.0	999.0	999.0	999.0	999.0	999.0	/Users/mitchellparker/Desktop/rascore_build/core/1crrA_core.cif	/Users/mitchellparker/Desktop/rascore_build/rcsb/1crr.cif.gz	/Users/mitchellparker/Desktop/rascore_build/renum/1crr_renum.cif	/Users/mitchellparker/Desktop/rascore_build/rcsb_assembly/1crr-assembly-1.cif.gz	/Users/mitchellparker/Desktop/rascore_build/renum_assembly/1crr-assembly-1_renum.cif	/Users/mitchellparker/Desktop/rascore_build/sifts/1crr.xml.gz	/Users/mitchellparker/Desktop/rascore_build/pocket/1crrA_6_pocket.pdb
1crrA	1crr	0	A	Outlier	Outlier	Y32out	Y71out	None	1crrA7	7	GTPase HRas	RASH_HUMAN	P01112	WT	WT	HRAS	2P	WT	None	None	None	None	SP2-Unbound	None	166	1-166	1993-11-24	Other	398.0806	0.0005	Unbound	Unbound	11,12,37,58,59,60,61,65,66,67,68,71,96	MG,GDP	None	None	None	None	None	None	None	None	None	None	GDP	MG	None	None	None	None	STP	NMR	None	None	MTEYKLVVVGAGGVGKSALTIQLIQNHFVDEYDPTIEDSYRKQVVIDGETCLLDILDTAGQEEYSAMRDQYMRTGEGFLCVFAINNTKSFEDIHQYREQIKRVKDSDDVPMVLVGNKCDLAARTVESRQAQDLARSYGIPYIETSAKTRQGVEDAFYTLVREIRQH	True	999.0	999.0	999.0	999.0	999.0	999.0	/Users/mitchellparker/Desktop/rascore_build/core/1crrA_core.cif	/Users/mitchellparker/Desktop/rascore_build/rcsb/1crr.cif.gz	/Users/mitchellparker/Desktop/rascore_build/renum/1crr_renum.cif	/Users/mitchellparker/Desktop/rascore_build/rcsb_assembly/1crr-assembly-1.cif.gz	/Users/mitchellparker/Desktop/rascore_build/renum_assembly/1crr-assembly-1_renum.cif	/Users/mitchellparker/Desktop/rascore_build/sifts/1crr.xml.gz	/Users/mitchellparker/Desktop/rascore_build/pocket/1crrA_7_pocket.pdb
1crrA	1crr	0	A	Outlier	Outlier	Y32out	Y71out	None	1crrA8	8	GTPase HRas	RASH_HUMAN	P01112	WT	WT	HRAS	2P	WT	None	None	None	None	SP2-Unbound	None	166	1-166	1993-11-24	Other	223.0080	0.0900	Unbound	Unbound	76,104,108,110,163,166	MG,GDP	None	None	None	None	None	None	None	None	None	None	GDP	MG	None	None	None	None	STP	NMR	None	None	MTEYKLVVVGAGGVGKSALTIQLIQNHFVDEYDPTIEDSYRKQVVIDGETCLLDILDTAGQEEYSAMRDQYMRTGEGFLCVFAINNTKSFEDIHQYREQIKRVKDSDDVPMVLVGNKCDLAARTVESRQAQDLARSYGIPYIETSAKTRQGVEDAFYTLVREIRQH	True	999.0	999.0	999.0	999.0	999.0	999.0	/Users/mitchellparker/Desktop/rascore_build/core/1crrA_core.cif	/Users/mitchellparker/Desktop/rascore_build/rcsb/1crr.cif.gz	/Users/mitchellparker/Desktop/rascore_build/renum/1crr_renum.cif	/Users/mitchellparker/Desktop/rascore_build/rcsb_assembly/1crr-assembly-1.cif.gz	/Users/mitchellparker/Desktop/rascore_build/renum_assembly/1crr-assembly-1_renum.cif	/Users/mitchellparker/Desktop/rascore_build/sifts/1crr.xml.gz	/Users/mitchellparker/Desktop/rascore_build/pocket/1crrA_8_pocket.pdb
1crrA	1crr	0	A	Outlier	Outlier	Y32out	Y71out	None	1crrA9	9	GTPase HRas	RASH_HUMAN	P01112	WT	WT	HRAS	2P	WT	None	None	None	None	SP2-Unbound	None	166	1-166	1993-11-24	Other	268.8390	0.0001	Unbound	Unbound	95,98,99,102	MG,GDP	None	None	None	None	None	None	None	None	None	None	GDP	MG	None	None	None	None	STP	NMR	None	None	MTEYKLVVVGAGGVGKSALTIQLIQNHFVDEYDPTIEDSYRKQVVIDGETCLLDILDTAGQEEYSAMRDQYMRTGEGFLCVFAINNTKSFEDIHQYREQIKRVKDSDDVPMVLVGNKCDLAARTVESRQAQDLARSYGIPYIETSAKTRQGVEDAFYTLVREIRQH	True	999.0	999.0	999.0	999.0	999.0	999.0	/Users/mitchellparker/Desktop/rascore_build/core/1crrA_core.cif	/Users/mitchellparker/Desktop/rascore_build/rcsb/1crr.cif.gz	/Users/mitchellparker/Desktop/rascore_build/renum/1crr_renum.cif	/Users/mitchellparker/Desktop/rascore_build/rcsb_assembly/1crr-assembly-1.cif.gz	/Users/mitchellparker/Desktop/rascore_build/renum_assembly/1crr-assembly-1_renum.cif	/Users/mitchellparker/Desktop/rascore_build/sifts/1crr.xml.gz	/Users/mitchellparker/Desktop/rascore_build/pocket/1crrA_9_pocket.pdb
1ctqA	1ctq	0	A	Y32in.3P-ON	Y71in.3P-R	Y32in	Y71in	P 32 2 1 (CF1)	1ctqA3	3	GTPase HRas	RASH_HUMAN	P01112	WT	WT	HRAS	3P	WT	None	None	None	Homodimer	Other-Unbound	P 32 2 1	166	1-166	1999-08-20	Other	280.4087	0.0013	Unbound	Unbound	76,104,106,109,110,163,166	MG,GNP	None	None	None	None	None	None	None	None	None	None	GNP	MG	None	None	None	None	STP	XRAY	1.260	0.177	MTEYKLVVVGAGGVGKSALTIQLIQNHFVDEYDPTIEDSYRKQVVIDGETCLLDILDTAGQEEYSAMRDQYMRTGEGFLCVFAINNTKSFEDIHQYREQIKRVKDSDDVPMVLVGNKCDLAARTVESRQAQDLARSYGIPYIETSAKTRQGVEDAFYTLVREIRQH	True	39.670	39.670	158.409	90.00	90.00	120.00	/Users/mitchellparker/Desktop/rascore_build/core/1ctqA_core.cif	/Users/mitchellparker/Desktop/rascore_build/rcsb/1ctq.cif.gz	/Users/mitchellparker/Desktop/rascore_build/renum/1ctq_renum.cif	/Users/mitchellparker/Desktop/rascore_build/rcsb_assembly/1ctq-assembly-1.cif.gz	/Users/mitchellparker/Desktop/rascore_build/renum_assembly/1ctq-assembly-1_renum.cif	/Users/mitchellparker/Desktop/rascore_build/sifts/1ctq.xml.gz	/Users/mitchellparker/Desktop/rascore_build/pocket/1ctqA_3_pocket.pdb
1ctqA	1ctq	0	A	Y32in.3P-ON	Y71in.3P-R	Y32in	Y71in	P 32 2 1 (CF1)	1ctqA4	4	GTPase HRas	RASH_HUMAN	P01112	WT	WT	HRAS	3P	WT	None	None	None	Homodimer	Other-Unbound	P 32 2 1	166	1-166	1999-08-20	Other	298.9536	0.0001	Unbound	Unbound	97,107,108,109,110,137,138,139,162,165,166	MG,GNP	None	None	None	None	None	None	None	None	None	None	GNP	MG	None	None	None	None	STP	XRAY	1.260	0.177	MTEYKLVVVGAGGVGKSALTIQLIQNHFVDEYDPTIEDSYRKQVVIDGETCLLDILDTAGQEEYSAMRDQYMRTGEGFLCVFAINNTKSFEDIHQYREQIKRVKDSDDVPMVLVGNKCDLAARTVESRQAQDLARSYGIPYIETSAKTRQGVEDAFYTLVREIRQH	True	39.670	39.670	158.409	90.00	90.00	120.00	/Users/mitchellparker/Desktop/rascore_build/core/1ctqA_core.cif	/Users/mitchellparker/Desktop/rascore_build/rcsb/1ctq.cif.gz	/Users/mitchellparker/Desktop/rascore_build/renum/1ctq_renum.cif	/Users/mitchellparker/Desktop/rascore_build/rcsb_assembly/1ctq-assembly-1.cif.gz	/Users/mitchellparker/Desktop/rascore_build/renum_assembly/1ctq-assembly-1_renum.cif	/Users/mitchellparker/Desktop/rascore_build/sifts/1ctq.xml.gz	/Users/mitchellparker/Desktop/rascore_build/pocket/1ctqA_4_pocket.pdb
1gnpA	1gnp	0	A	Y32in.3P-ON	Outlier	Y32in	Y71in	P 32 2 1 (CF1)	1gnpA2	2	GTPase HRas	RASH_HUMAN	P01112	WT	WT	HRAS	3P	WT	None	None	None	Homodimer	SP12-Unbound	P 32 2 1	166	1-166	1995-05-11	Other	247.3012	0.0157	Unbound	Unbound	76,104,106,109,110,163,166	MG,AGN	None	None	None	None	None	None	None	None	None	None	AGN	MG	None	None	None	None	STP	XRAY	2.700	0.193	MTEYKLVVVGAGGVGKSALTIQLIQNHFVDEYDPTIEDSYRKQVVIDGETCLLDILDTAGQEEYSAMRDQYMRTGEGFLCVFAINNTKSFEDIHQYREQIKRVKDSDDVPMVLVGNKCDLAARTVESRQAQDLARSYGIPYIETSAKTRQGVEDAFYTLVREIRQH	True	40.080	40.080	160.190	90.00	90.00	120.00	/Users/mitchellparker/Desktop/rascore_build/core/1gnpA_core.cif	/Users/mitchellparker/Desktop/rascore_build/rcsb/1gnp.cif.gz	/Users/mitchellparker/Desktop/rascore_build/renum/1gnp_renum.cif	/Users/mitchellparker/Desktop/rascore_build/rcsb_assembly/1gnp-assembly-1.cif.gz	/Users/mitchellparker/Desktop/rascore_build/renum_assembly/1gnp-assembly-1_renum.cif	/Users/mitchellparker/Desktop/rascore_build/sifts/1gnp.xml.gz	/Users/mitchellparker/Desktop/rascore_build/pocket/1gnpA_2_pocket.pdb
1gnpA	1gnp	0	A	Y32in.3P-ON	Outlier	Y32in	Y71in	P 32 2 1 (CF1)	1gnpA3	3	GTPase HRas	RASH_HUMAN	P01112	WT	WT	HRAS	3P	WT	None	None	None	Homodimer	SP12-Unbound	P 32 2 1	166	1-166	1995-05-11	SP12	205.2079	0.0067	Unbound	Unbound	5,6,7,54,56,71,74,75	MG,AGN	None	None	None	None	None	None	None	None	None	None	AGN	MG	None	None	None	None	STP	XRAY	2.700	0.193	MTEYKLVVVGAGGVGKSALTIQLIQNHFVDEYDPTIEDSYRKQVVIDGETCLLDILDTAGQEEYSAMRDQYMRTGEGFLCVFAINNTKSFEDIHQYREQIKRVKDSDDVPMVLVGNKCDLAARTVESRQAQDLARSYGIPYIETSAKTRQGVEDAFYTLVREIRQH	True	40.080	40.080	160.190	90.00	90.00	120.00	/Users/mitchellparker/Desktop/rascore_build/core/1gnpA_core.cif	/Users/mitchellparker/Desktop/rascore_build/rcsb/1gnp.cif.gz	/Users/mitchellparker/Desktop/rascore_build/renum/1gnp_renum.cif	/Users/mitchellparker/Desktop/rascore_build/rcsb_assembly/1gnp-assembly-1.cif.gz	/Users/mitchellparker/Desktop/rascore_build/renum_assembly/1gnp-assembly-1_renum.cif	/Users/mitchellparker/Desktop/rascore_build/sifts/1gnp.xml.gz	/Users/mitchellparker/Desktop/rascore_build/pocket/1gnpA_3_pocket.pdb
1gnpA	1gnp	0	A	Y32in.3P-ON	Outlier	Y32in	Y71in	P 32 2 1 (CF1)	1gnpA4	4	GTPase HRas	RASH_HUMAN	P01112	WT	WT	HRAS	3P	WT	None	None	None	Homodimer	SP12-Unbound	P 32 2 1	166	1-166	1995-05-11	SP12	322.2726	0.0003	Unbound	Unbound	37,39,54,56,70,71,73,74	MG,AGN	None	None	None	None	None	None	None	None	None	None	AGN	MG	None	None	None	None	STP	XRAY	2.700	0.193	MTEYKLVVVGAGGVGKSALTIQLIQNHFVDEYDPTIEDSYRKQVVIDGETCLLDILDTAGQEEYSAMRDQYMRTGEGFLCVFAINNTKSFEDIHQYREQIKRVKDSDDVPMVLVGNKCDLAARTVESRQAQDLARSYGIPYIETSAKTRQGVEDAFYTLVREIRQH	True	40.080	40.080	160.190	90.00	90.00	120.00	/Users/mitchellparker/Desktop/rascore_build/core/1gnpA_core.cif	/Users/mitchellparker/Desktop/rascore_build/rcsb/1gnp.cif.gz	/Users/mitchellparker/Desktop/rascore_build/renum/1gnp_renum.cif	/Users/mitchellparker/Desktop/rascore_build/rcsb_assembly/1gnp-assembly-1.cif.gz	/Users/mitchellparker/Desktop/rascore_build/renum_assembly/1gnp-assembly-1_renum.cif	/Users/mitchellparker/Desktop/rascore_build/sifts/1gnp.xml.gz	/Users/mitchellparker/Desktop/rascore_build/pocket/1gnpA_4_pocket.pdb
1gnqA	1gnq	0	A	Outlier	Outlier	Y32out	Y71in	P 32 2 1 (CF1)	1gnqA2	2	GTPase HRas	RASH_HUMAN	P01112	WT	WT	HRAS	3P	WT	None	None	None	Homodimer	Multiple-Unbound	P 32 2 1	166	1-166	1995-05-11	Other	267.9642	0.1272	Unbound	Unbound	23,24,26,40,41,42,44,53,55,149,153,157	MG,CAG	None	None	None	None	None	None	None	None	None	None	CAG	MG	None	None	None	None	STP	XRAY	2.500	0.207	MTEYKLVVVGAGGVGKSALTIQLIQNHFVDEYDPTIEDSYRKQVVIDGETCLLDILDTAGQEEYSAMRDQYMRTGEGFLCVFAINNTKSFEDIHQYREQIKRVKDSDDVPMVLVGNKCDLAARTVESRQAQDLARSYGIPYIETSAKTRQGVEDAFYTLVREIRQH	True	40.800	40.800	158.200	90.00	90.00	120.00	/Users/mitchellparker/Desktop/rascore_build/core/1gnqA_core.cif	/Users/mitchellparker/Desktop/rascore_build/rcsb/1gnq.cif.gz	/Users/mitchellparker/Desktop/rascore_build/renum/1gnq_renum.cif	/Users/mitchellparker/Desktop/rascore_build/rcsb_assembly/1gnq-assembly-1.cif.gz	/Users/mitchellparker/Desktop/rascore_build/renum_assembly/1gnq-assembly-1_renum.cif	/Users/mitchellparker/Desktop/rascore_build/sifts/1gnq.xml.gz	/Users/mitchellparker/Desktop/rascore_build/pocket/1gnqA_2_pocket.pdb
1gnqA	1gnq	0	A	Outlier	Outlier	Y32out	Y71in	P 32 2 1 (CF1)	1gnqA3	3	GTPase HRas	RASH_HUMAN	P01112	WT	WT	HRAS	3P	WT	None	None	None	Homodimer	Multiple-Unbound	P 32 2 1	166	1-166	1995-05-11	Other	507.4612	0.0760	Unbound	Unbound	3,5,73,74,75,76,104,106,109,110,163,166	MG,CAG	None	None	None	None	None	None	None	None	None	None	CAG	MG	None	None	None	None	STP	XRAY	2.500	0.207	MTEYKLVVVGAGGVGKSALTIQLIQNHFVDEYDPTIEDSYRKQVVIDGETCLLDILDTAGQEEYSAMRDQYMRTGEGFLCVFAINNTKSFEDIHQYREQIKRVKDSDDVPMVLVGNKCDLAARTVESRQAQDLARSYGIPYIETSAKTRQGVEDAFYTLVREIRQH	True	40.800	40.800	158.200	90.00	90.00	120.00	/Users/mitchellparker/Desktop/rascore_build/core/1gnqA_core.cif	/Users/mitchellparker/Desktop/rascore_build/rcsb/1gnq.cif.gz	/Users/mitchellparker/Desktop/rascore_build/renum/1gnq_renum.cif	/Users/mitchellparker/Desktop/rascore_build/rcsb_assembly/1gnq-assembly-1.cif.gz	/Users/mitchellparker/Desktop/rascore_build/renum_assembly/1gnq-assembly-1_renum.cif	/Users/mitchellparker/Desktop/rascore_build/sifts/1gnq.xml.gz	/Users/mitchellparker/Desktop/rascore_build/pocket/1gnqA_3_pocket.pdb
1gnqA	1gnq	0	A	Outlier	Outlier	Y32out	Y71in	P 32 2 1 (CF1)	1gnqA5	5	GTPase HRas	RASH_HUMAN	P01112	WT	WT	HRAS	3P	WT	None	None	None	Homodimer	Multiple-Unbound	P 32 2 1	166	1-166	1995-05-11	SP2	156.8464	0.0270	Unbound	Unbound	62,92,95,96,99	MG,CAG	None	None	None	None	None	None	None	None	None	None	CAG	MG	None	None	None	None	STP	XRAY	2.500	0.207	MTEYKLVVVGAGGVGKSALTIQLIQNHFVDEYDPTIEDSYRKQVVIDGETCLLDILDTAGQEEYSAMRDQYMRTGEGFLCVFAINNTKSFEDIHQYREQIKRVKDSDDVPMVLVGNKCDLAARTVESRQAQDLARSYGIPYIETSAKTRQGVEDAFYTLVREIRQH	True	40.800	40.800	158.200	90.00	90.00	120.00	/Users/mitchellparker/Desktop/rascore_build/core/1gnqA_core.cif	/Users/mitchellparker/Desktop/rascore_build/rcsb/1gnq.cif.gz	/Users/mitchellparker/Desktop/rascore_build/renum/1gnq_renum.cif	/Users/mitchellparker/Desktop/rascore_build/rcsb_assembly/1gnq-assembly-1.cif.gz	/Users/mitchellparker/Desktop/rascore_build/renum_assembly/1gnq-assembly-1_renum.cif	/Users/mitchellparker/Desktop/rascore_build/sifts/1gnq.xml.gz	/Users/mitchellparker/Desktop/rascore_build/pocket/1gnqA_5_pocket.pdb
1gnqA	1gnq	0	A	Outlier	Outlier	Y32out	Y71in	P 32 2 1 (CF1)	1gnqA6	6	GTPase HRas	RASH_HUMAN	P01112	WT	WT	HRAS	3P	WT	None	None	None	Homodimer	Multiple-Unbound	P 32 2 1	166	1-166	1995-05-11	SP12	177.0028	0.0001	Unbound	Unbound	5,6,7,39,54,56,74	MG,CAG	None	None	None	None	None	None	None	None	None	None	CAG	MG	None	None	None	None	STP	XRAY	2.500	0.207	MTEYKLVVVGAGGVGKSALTIQLIQNHFVDEYDPTIEDSYRKQVVIDGETCLLDILDTAGQEEYSAMRDQYMRTGEGFLCVFAINNTKSFEDIHQYREQIKRVKDSDDVPMVLVGNKCDLAARTVESRQAQDLARSYGIPYIETSAKTRQGVEDAFYTLVREIRQH	True	40.800	40.800	158.200	90.00	90.00	120.00	/Users/mitchellparker/Desktop/rascore_build/core/1gnqA_core.cif	/Users/mitchellparker/Desktop/rascore_build/rcsb/1gnq.cif.gz	/Users/mitchellparker/Desktop/rascore_build/renum/1gnq_renum.cif	/Users/mitchellparker/Desktop/rascore_build/rcsb_assembly/1gnq-assembly-1.cif.gz	/Users/mitchellparker/Desktop/rascore_build/renum_assembly/1gnq-assembly-1_renum.cif	/Users/mitchellparker/Desktop/rascore_build/sifts/1gnq.xml.gz	/Users/mitchellparker/Desktop/rascore_build/pocket/1gnqA_6_pocket.pdb
1gnqA	1gnq	0	A	Outlier	Outlier	Y32out	Y71in	P 32 2 1 (CF1)	1gnqA7	7	GTPase HRas	RASH_HUMAN	P01112	WT	WT	HRAS	3P	WT	None	None	None	Homodimer	Multiple-Unbound	P 32 2 1	166	1-166	1995-05-11	Other	237.9941	0.0001	Unbound	Unbound	108,109,110,111,138,139,162,165,166	MG,CAG	None	None	None	None	None	None	None	None	None	None	CAG	MG	None	None	None	None	STP	XRAY	2.500	0.207	MTEYKLVVVGAGGVGKSALTIQLIQNHFVDEYDPTIEDSYRKQVVIDGETCLLDILDTAGQEEYSAMRDQYMRTGEGFLCVFAINNTKSFEDIHQYREQIKRVKDSDDVPMVLVGNKCDLAARTVESRQAQDLARSYGIPYIETSAKTRQGVEDAFYTLVREIRQH	True	40.800	40.800	158.200	90.00	90.00	120.00	/Users/mitchellparker/Desktop/rascore_build/core/1gnqA_core.cif	/Users/mitchellparker/Desktop/rascore_build/rcsb/1gnq.cif.gz	/Users/mitchellparker/Desktop/rascore_build/renum/1gnq_renum.cif	/Users/mitchellparker/Desktop/rascore_build/rcsb_assembly/1gnq-assembly-1.cif.gz	/Users/mitchellparker/Desktop/rascore_build/renum_assembly/1gnq-assembly-1_renum.cif	/Users/mitchellparker/Desktop/rascore_build/sifts/1gnq.xml.gz	/Users/mitchellparker/Desktop/rascore_build/pocket/1gnqA_7_pocket.pdb
1gnrA	1gnr	0	A	Outlier	Outlier	Y32in	Y71in	P 32 2 1 (CF1)	1gnrA2	2	GTPase HRas	RASH_HUMAN	P01112	WT	WT	HRAS	3P	WT	None	None	None	Homodimer	SP12-Unbound	P 32 2 1	166	1-166	1995-05-11	Other	375.3608	0.0027	Unbound	Unbound	74,75,76,104,106,108,109,110,163,166	MG,CAG	None	None	None	None	None	None	None	None	None	None	CAG	MG	None	None	None	None	STP	XRAY	1.850	0.206	MTEYKLVVVGAGGVGKSALTIQLIQNHFVDEYDPTIEDSYRKQVVIDGETCLLDILDTAGQEEYSAMRDQYMRTGEGFLCVFAINNTKSFEDIHQYREQIKRVKDSDDVPMVLVGNKCDLAARTVESRQAQDLARSYGIPYIETSAKTRQGVEDAFYTLVREIRQH	True	40.400	40.400	158.800	90.00	90.00	120.00	/Users/mitchellparker/Desktop/rascore_build/core/1gnrA_core.cif	/Users/mitchellparker/Desktop/rascore_build/rcsb/1gnr.cif.gz	/Users/mitchellparker/Desktop/rascore_build/renum/1gnr_renum.cif	/Users/mitchellparker/Desktop/rascore_build/rcsb_assembly/1gnr-assembly-1.cif.gz	/Users/mitchellparker/Desktop/rascore_build/renum_assembly/1gnr-assembly-1_renum.cif	/Users/mitchellparker/Desktop/rascore_build/sifts/1gnr.xml.gz	/Users/mitchellparker/Desktop/rascore_build/pocket/1gnrA_2_pocket.pdb
1gnrA	1gnr	0	A	Outlier	Outlier	Y32in	Y71in	P 32 2 1 (CF1)	1gnrA3	3	GTPase HRas	RASH_HUMAN	P01112	WT	WT	HRAS	3P	WT	None	None	None	Homodimer	SP12-Unbound	P 32 2 1	166	1-166	1995-05-11	SP12	255.6683	0.0005	Unbound	Unbound	37,39,54,56,70,71,74	MG,CAG	None	None	None	None	None	None	None	None	None	None	CAG	MG	None	None	None	None	STP	XRAY	1.850	0.206	MTEYKLVVVGAGGVGKSALTIQLIQNHFVDEYDPTIEDSYRKQVVIDGETCLLDILDTAGQEEYSAMRDQYMRTGEGFLCVFAINNTKSFEDIHQYREQIKRVKDSDDVPMVLVGNKCDLAARTVESRQAQDLARSYGIPYIETSAKTRQGVEDAFYTLVREIRQH	True	40.400	40.400	158.800	90.00	90.00	120.00	/Users/mitchellparker/Desktop/rascore_build/core/1gnrA_core.cif	/Users/mitchellparker/Desktop/rascore_build/rcsb/1gnr.cif.gz	/Users/mitchellparker/Desktop/rascore_build/renum/1gnr_renum.cif	/Users/mitchellparker/Desktop/rascore_build/rcsb_assembly/1gnr-assembly-1.cif.gz	/Users/mitchellparker/Desktop/rascore_build/renum_assembly/1gnr-assembly-1_renum.cif	/Users/mitchellparker/Desktop/rascore_build/sifts/1gnr.xml.gz	/Users/mitchellparker/Desktop/rascore_build/pocket/1gnrA_3_pocket.pdb
1he8B	1he8	0	B	Y32in.3P-ON	Y71in.3P-R	Y32in	Y71in	P 31 2 1 (CF1)	1he8B1	1	GTPase HRas	RASH_HUMAN	P01112	G12V	G12	HRAS	3P	G12V	None	None	Effector	None	SP2-Unbound	P 31 2 1	166	1-166	2000-11-20	SP2	432.8163	0.0019	Unbound	Unbound	11,12,60,62,68,86,88,89,92,95,96	MG,GNP	Phosphatidylinositol 4,5-bisphosphate 3-kinase catalytic subunit gamma isoform	None	A:64,37,41,39,40,38,36,33,25,21,73,29	PK3CG_HUMAN	None	None	None	PI3K_RBD	None	A	GNP	MG	None	None	None	None	STP	XRAY	3.000	0.212	MTEYKLVVVGAVGVGKSALTIQLIQNHFVDEYDPTIEDSYRKQVVIDGETCLLDILDTAGQEEYSAMRDQYMRTGEGFLCVFAINNTKSFEDIHQYREQIKRVKDSDDVPMVLVGNKCDLAARTVESRQAQDLARSYGIPYIETSAKTRQGVEDAFYTLVREIRQH	True	113.635	113.635	183.881	90.00	90.00	120.00	/Users/mitchellparker/Desktop/rascore_build/core/1he8B_core.cif	/Users/mitchellparker/Desktop/rascore_build/rcsb/1he8.cif.gz	/Users/mitchellparker/Desktop/rascore_build/renum/1he8_renum.cif	/Users/mitchellparker/Desktop/rascore_build/rcsb_assembly/1he8-assembly-1.cif.gz	/Users/mitchellparker/Desktop/rascore_build/renum_assembly/1he8-assembly-1_renum.cif	/Users/mitchellparker/Desktop/rascore_build/sifts/1he8.xml.gz	/Users/mitchellparker/Desktop/rascore_build/pocket/1he8B_1_pocket.pdb
1he8B	1he8	0	B	Y32in.3P-ON	Y71in.3P-R	Y32in	Y71in	P 31 2 1 (CF1)	1he8B2	2	GTPase HRas	RASH_HUMAN	P01112	G12V	G12	HRAS	3P	G12V	None	None	Effector	None	SP2-Unbound	P 31 2 1	166	1-166	2000-11-20	Other	370.2864	0.0016	Unbound	Unbound	75,76,104,106,109,110,163,166	MG,GNP	Phosphatidylinositol 4,5-bisphosphate 3-kinase catalytic subunit gamma isoform	None	A:64,37,41,39,40,38,36,33,25,21,73,29	PK3CG_HUMAN	None	None	None	PI3K_RBD	None	A	GNP	MG	None	None	None	None	STP	XRAY	3.000	0.212	MTEYKLVVVGAVGVGKSALTIQLIQNHFVDEYDPTIEDSYRKQVVIDGETCLLDILDTAGQEEYSAMRDQYMRTGEGFLCVFAINNTKSFEDIHQYREQIKRVKDSDDVPMVLVGNKCDLAARTVESRQAQDLARSYGIPYIETSAKTRQGVEDAFYTLVREIRQH	True	113.635	113.635	183.881	90.00	90.00	120.00	/Users/mitchellparker/Desktop/rascore_build/core/1he8B_core.cif	/Users/mitchellparker/Desktop/rascore_build/rcsb/1he8.cif.gz	/Users/mitchellparker/Desktop/rascore_build/renum/1he8_renum.cif	/Users/mitchellparker/Desktop/rascore_build/rcsb_assembly/1he8-assembly-1.cif.gz	/Users/mitchellparker/Desktop/rascore_build/renum_assembly/1he8-assembly-1_renum.cif	/Users/mitchellparker/Desktop/rascore_build/sifts/1he8.xml.gz	/Users/mitchellparker/Desktop/rascore_build/pocket/1he8B_2_pocket.pdb
1he8B	1he8	0	B	Y32in.3P-ON	Y71in.3P-R	Y32in	Y71in	P 31 2 1 (CF1)	1he8B3	3	GTPase HRas	RASH_HUMAN	P01112	G12V	G12	HRAS	3P	G12V	None	None	Effector	None	SP2-Unbound	P 31 2 1	166	1-166	2000-11-20	Other	331.7754	0.0014	Unbound	Unbound	22,23,24,26,42,149,152,153,157	MG,GNP	Phosphatidylinositol 4,5-bisphosphate 3-kinase catalytic subunit gamma isoform	None	A:64,37,41,39,40,38,36,33,25,21,73,29	PK3CG_HUMAN	None	None	None	PI3K_RBD	None	A	GNP	MG	None	None	None	None	STP	XRAY	3.000	0.212	MTEYKLVVVGAVGVGKSALTIQLIQNHFVDEYDPTIEDSYRKQVVIDGETCLLDILDTAGQEEYSAMRDQYMRTGEGFLCVFAINNTKSFEDIHQYREQIKRVKDSDDVPMVLVGNKCDLAARTVESRQAQDLARSYGIPYIETSAKTRQGVEDAFYTLVREIRQH	True	113.635	113.635	183.881	90.00	90.00	120.00	/Users/mitchellparker/Desktop/rascore_build/core/1he8B_core.cif	/Users/mitchellparker/Desktop/rascore_build/rcsb/1he8.cif.gz	/Users/mitchellparker/Desktop/rascore_build/renum/1he8_renum.cif	/Users/mitchellparker/Desktop/rascore_build/rcsb_assembly/1he8-assembly-1.cif.gz	/Users/mitchellparker/Desktop/rascore_build/renum_assembly/1he8-assembly-1_renum.cif	/Users/mitchellparker/Desktop/rascore_build/sifts/1he8.xml.gz	/Users/mitchellparker/Desktop/rascore_build/pocket/1he8B_3_pocket.pdb
1he8B	1he8	0	B	Y32in.3P-ON	Y71in.3P-R	Y32in	Y71in	P 31 2 1 (CF1)	1he8B4	4	GTPase HRas	RASH_HUMAN	P01112	G12V	G12	HRAS	3P	G12V	None	None	Effector	None	SP2-Unbound	P 31 2 1	166	1-166	2000-11-20	Other	265.3865	0.0001	Unbound	Unbound	97,107,108,109,137,138,139,162,165,166	MG,GNP	Phosphatidylinositol 4,5-bisphosphate 3-kinase catalytic subunit gamma isoform	None	A:64,37,41,39,40,38,36,33,25,21,73,29	PK3CG_HUMAN	None	None	None	PI3K_RBD	None	A	GNP	MG	None	None	None	None	STP	XRAY	3.000	0.212	MTEYKLVVVGAVGVGKSALTIQLIQNHFVDEYDPTIEDSYRKQVVIDGETCLLDILDTAGQEEYSAMRDQYMRTGEGFLCVFAINNTKSFEDIHQYREQIKRVKDSDDVPMVLVGNKCDLAARTVESRQAQDLARSYGIPYIETSAKTRQGVEDAFYTLVREIRQH	True	113.635	113.635	183.881	90.00	90.00	120.00	/Users/mitchellparker/Desktop/rascore_build/core/1he8B_core.cif	/Users/mitchellparker/Desktop/rascore_build/rcsb/1he8.cif.gz	/Users/mitchellparker/Desktop/rascore_build/renum/1he8_renum.cif	/Users/mitchellparker/Desktop/rascore_build/rcsb_assembly/1he8-assembly-1.cif.gz	/Users/mitchellparker/Desktop/rascore_build/renum_assembly/1he8-assembly-1_renum.cif	/Users/mitchellparker/Desktop/rascore_build/sifts/1he8.xml.gz	/Users/mitchellparker/Desktop/rascore_build/pocket/1he8B_4_pocket.pdb
1iaqA	1iaq	0	A	Disordered	Disordered	Disordered	Y71out	P 21 21 21 (CF1)	1iaqA2	2	GTPase HRas	RASH_HUMAN	P01112	WT	WT	HRAS	3P	WT	None	None	None	Homodimer	SP2-Unbound	P 21 21 21	166	1-29:38-60:70-166	2001-03-23	Other	190.8203	0.0009	Unbound	Unbound	97,108,109,110,137,138,139,162,165,166	MG,GNP	None	None	None	None	None	None	None	None	None	None	GNP	MG	None	None	None	None	STP	XRAY	2.900	0.242	MTEYKLVVVGAGGVGKSALTIQLIQNHFVDEYDPSIEDSYRKQVVIDGETCLLDILDTAGQEEYSAMRDQYMRTGEGFLCVFAINNTKSFEDIHQYREQIKRVKDSDDVPMVLVGNKCDLAARTVESRQAQDLARSYGIPYIETSAKTRQGVEDAFYTLVREIRQH	True	63.890	79.060	94.040	90.00	90.00	90.00	/Users/mitchellparker/Desktop/rascore_build/core/1iaqA_core.cif	/Users/mitchellparker/Desktop/rascore_build/rcsb/1iaq.cif.gz	/Users/mitchellparker/Desktop/rascore_build/renum/1iaq_renum.cif	/Users/mitchellparker/Desktop/rascore_build/rcsb_assembly/1iaq-assembly-1.cif.gz	/Users/mitchellparker/Desktop/rascore_build/renum_assembly/1iaq-assembly-1_renum.cif	/Users/mitchellparker/Desktop/rascore_build/sifts/1iaq.xml.gz	/Users/mitchellparker/Desktop/rascore_build/pocket/1iaqA_2_pocket.pdb
1iaqA	1iaq	0	A	Disordered	Disordered	Disordered	Y71out	P 21 21 21 (CF1)	1iaqA3	3	GTPase HRas	RASH_HUMAN	P01112	WT	WT	HRAS	3P	WT	None	None	None	Homodimer	SP2-Unbound	P 21 21 21	166	1-29:38-60:70-166	2001-03-23	Other	283.6653	0.0000	Unbound	Unbound	11,12,60,86,88,89,92,95,96	MG,GNP	None	None	None	None	None	None	None	None	None	None	GNP	MG	None	None	None	None	STP	XRAY	2.900	0.242	MTEYKLVVVGAGGVGKSALTIQLIQNHFVDEYDPSIEDSYRKQVVIDGETCLLDILDTAGQEEYSAMRDQYMRTGEGFLCVFAINNTKSFEDIHQYREQIKRVKDSDDVPMVLVGNKCDLAARTVESRQAQDLARSYGIPYIETSAKTRQGVEDAFYTLVREIRQH	True	63.890	79.060	94.040	90.00	90.00	90.00	/Users/mitchellparker/Desktop/rascore_build/core/1iaqA_core.cif	/Users/mitchellparker/Desktop/rascore_build/rcsb/1iaq.cif.gz	/Users/mitchellparker/Desktop/rascore_build/renum/1iaq_renum.cif	/Users/mitchellparker/Desktop/rascore_build/rcsb_assembly/1iaq-assembly-1.cif.gz	/Users/mitchellparker/Desktop/rascore_build/renum_assembly/1iaq-assembly-1_renum.cif	/Users/mitchellparker/Desktop/rascore_build/sifts/1iaq.xml.gz	/Users/mitchellparker/Desktop/rascore_build/pocket/1iaqA_3_pocket.pdb
1iaqA	1iaq	0	A	Disordered	Disordered	Disordered	Y71out	P 21 21 21 (CF1)	1iaqA4	4	GTPase HRas	RASH_HUMAN	P01112	WT	WT	HRAS	3P	WT	None	None	None	Homodimer	SP2-Unbound	P 21 21 21	166	1-29:38-60:70-166	2001-03-23	SP2	191.1799	0.1192	Unbound	Unbound	9,58,59,71,72,96,99,100	MG,GNP	None	None	None	None	None	None	None	None	None	None	GNP	MG	None	None	None	None	STP	XRAY	2.900	0.242	MTEYKLVVVGAGGVGKSALTIQLIQNHFVDEYDPSIEDSYRKQVVIDGETCLLDILDTAGQEEYSAMRDQYMRTGEGFLCVFAINNTKSFEDIHQYREQIKRVKDSDDVPMVLVGNKCDLAARTVESRQAQDLARSYGIPYIETSAKTRQGVEDAFYTLVREIRQH	True	63.890	79.060	94.040	90.00	90.00	90.00	/Users/mitchellparker/Desktop/rascore_build/core/1iaqA_core.cif	/Users/mitchellparker/Desktop/rascore_build/rcsb/1iaq.cif.gz	/Users/mitchellparker/Desktop/rascore_build/renum/1iaq_renum.cif	/Users/mitchellparker/Desktop/rascore_build/rcsb_assembly/1iaq-assembly-1.cif.gz	/Users/mitchellparker/Desktop/rascore_build/renum_assembly/1iaq-assembly-1_renum.cif	/Users/mitchellparker/Desktop/rascore_build/sifts/1iaq.xml.gz	/Users/mitchellparker/Desktop/rascore_build/pocket/1iaqA_4_pocket.pdb
1iaqA	1iaq	0	A	Disordered	Disordered	Disordered	Y71out	P 21 21 21 (CF1)	1iaqA5	5	GTPase HRas	RASH_HUMAN	P01112	WT	WT	HRAS	3P	WT	None	None	None	Homodimer	SP2-Unbound	P 21 21 21	166	1-29:38-60:70-166	2001-03-23	Other	327.7012	0.0080	Unbound	Unbound	131,134,135,138,139,141	MG,GNP	None	None	None	None	None	None	None	None	None	None	GNP	MG	None	None	None	None	STP	XRAY	2.900	0.242	MTEYKLVVVGAGGVGKSALTIQLIQNHFVDEYDPSIEDSYRKQVVIDGETCLLDILDTAGQEEYSAMRDQYMRTGEGFLCVFAINNTKSFEDIHQYREQIKRVKDSDDVPMVLVGNKCDLAARTVESRQAQDLARSYGIPYIETSAKTRQGVEDAFYTLVREIRQH	True	63.890	79.060	94.040	90.00	90.00	90.00	/Users/mitchellparker/Desktop/rascore_build/core/1iaqA_core.cif	/Users/mitchellparker/Desktop/rascore_build/rcsb/1iaq.cif.gz	/Users/mitchellparker/Desktop/rascore_build/renum/1iaq_renum.cif	/Users/mitchellparker/Desktop/rascore_build/rcsb_assembly/1iaq-assembly-1.cif.gz	/Users/mitchellparker/Desktop/rascore_build/renum_assembly/1iaq-assembly-1_renum.cif	/Users/mitchellparker/Desktop/rascore_build/sifts/1iaq.xml.gz	/Users/mitchellparker/Desktop/rascore_build/pocket/1iaqA_5_pocket.pdb
1iaqB	1iaq	0	B	Disordered	Disordered	Disordered	Y71out	P 21 21 21 (CF1)	1iaqB3	3	GTPase HRas	RASH_HUMAN	P01112	WT	WT	HRAS	3P	WT	None	None	None	Homodimer	Other-Unbound	P 21 21 21	166	1-29:39-61:68-166	2001-03-23	Other	214.8154	0.0004	Unbound	Unbound	97,108,109,110,137,138,139,162,165,166	MG,GNP	None	None	None	None	None	None	None	None	None	None	GNP	MG	None	None	None	None	STP	XRAY	2.900	0.242	MTEYKLVVVGAGGVGKSALTIQLIQNHFVDEYDPSIEDSYRKQVVIDGETCLLDILDTAGQEEYSAMRDQYMRTGEGFLCVFAINNTKSFEDIHQYREQIKRVKDSDDVPMVLVGNKCDLAARTVESRQAQDLARSYGIPYIETSAKTRQGVEDAFYTLVREIRQH	True	63.890	79.060	94.040	90.00	90.00	90.00	/Users/mitchellparker/Desktop/rascore_build/core/1iaqB_core.cif	/Users/mitchellparker/Desktop/rascore_build/rcsb/1iaq.cif.gz	/Users/mitchellparker/Desktop/rascore_build/renum/1iaq_renum.cif	/Users/mitchellparker/Desktop/rascore_build/rcsb_assembly/1iaq-assembly-1.cif.gz	/Users/mitchellparker/Desktop/rascore_build/renum_assembly/1iaq-assembly-1_renum.cif	/Users/mitchellparker/Desktop/rascore_build/sifts/1iaq.xml.gz	/Users/mitchellparker/Desktop/rascore_build/pocket/1iaqB_3_pocket.pdb
1iaqB	1iaq	0	B	Disordered	Disordered	Disordered	Y71out	P 21 21 21 (CF1)	1iaqB4	4	GTPase HRas	RASH_HUMAN	P01112	WT	WT	HRAS	3P	WT	None	None	None	Homodimer	Other-Unbound	P 21 21 21	166	1-29:39-61:68-166	2001-03-23	Other	61.2861	0.0034	Unbound	Unbound	97,100,101,106,107,109,111	MG,GNP	None	None	None	None	None	None	None	None	None	None	GNP	MG	None	None	None	None	STP	XRAY	2.900	0.242	MTEYKLVVVGAGGVGKSALTIQLIQNHFVDEYDPSIEDSYRKQVVIDGETCLLDILDTAGQEEYSAMRDQYMRTGEGFLCVFAINNTKSFEDIHQYREQIKRVKDSDDVPMVLVGNKCDLAARTVESRQAQDLARSYGIPYIETSAKTRQGVEDAFYTLVREIRQH	True	63.890	79.060	94.040	90.00	90.00	90.00	/Users/mitchellparker/Desktop/rascore_build/core/1iaqB_core.cif	/Users/mitchellparker/Desktop/rascore_build/rcsb/1iaq.cif.gz	/Users/mitchellparker/Desktop/rascore_build/renum/1iaq_renum.cif	/Users/mitchellparker/Desktop/rascore_build/rcsb_assembly/1iaq-assembly-1.cif.gz	/Users/mitchellparker/Desktop/rascore_build/renum_assembly/1iaq-assembly-1_renum.cif	/Users/mitchellparker/Desktop/rascore_build/sifts/1iaq.xml.gz	/Users/mitchellparker/Desktop/rascore_build/pocket/1iaqB_4_pocket.pdb
1iaqB	1iaq	0	B	Disordered	Disordered	Disordered	Y71out	P 21 21 21 (CF1)	1iaqB5	5	GTPase HRas	RASH_HUMAN	P01112	WT	WT	HRAS	3P	WT	None	None	None	Homodimer	Other-Unbound	P 21 21 21	166	1-29:39-61:68-166	2001-03-23	Other	364.7465	0.0075	Unbound	Unbound	131,134,135,138,139,141	MG,GNP	None	None	None	None	None	None	None	None	None	None	GNP	MG	None	None	None	None	STP	XRAY	2.900	0.242	MTEYKLVVVGAGGVGKSALTIQLIQNHFVDEYDPSIEDSYRKQVVIDGETCLLDILDTAGQEEYSAMRDQYMRTGEGFLCVFAINNTKSFEDIHQYREQIKRVKDSDDVPMVLVGNKCDLAARTVESRQAQDLARSYGIPYIETSAKTRQGVEDAFYTLVREIRQH	True	63.890	79.060	94.040	90.00	90.00	90.00	/Users/mitchellparker/Desktop/rascore_build/core/1iaqB_core.cif	/Users/mitchellparker/Desktop/rascore_build/rcsb/1iaq.cif.gz	/Users/mitchellparker/Desktop/rascore_build/renum/1iaq_renum.cif	/Users/mitchellparker/Desktop/rascore_build/rcsb_assembly/1iaq-assembly-1.cif.gz	/Users/mitchellparker/Desktop/rascore_build/renum_assembly/1iaq-assembly-1_renum.cif	/Users/mitchellparker/Desktop/rascore_build/sifts/1iaq.xml.gz	/Users/mitchellparker/Desktop/rascore_build/pocket/1iaqB_5_pocket.pdb
1iaqC	1iaq	0	C	Disordered	Disordered	Disordered	Y71out	P 21 21 21 (CF1)	1iaqC3	3	GTPase HRas	RASH_HUMAN	P01112	WT	WT	HRAS	3P	WT	None	None	None	None	SP2-Unbound	P 21 21 21	166	1-31:38-63:71-166	2001-03-23	SP2	244.6527	0.3929	Unbound	Unbound	9,58,59,60,61,63,71,72,96,99,100	MG,GNP	None	None	None	None	None	None	None	None	None	None	GNP	MG	None	None	None	None	STP	XRAY	2.900	0.242	MTEYKLVVVGAGGVGKSALTIQLIQNHFVDEYDPSIEDSYRKQVVIDGETCLLDILDTAGQEEYSAMRDQYMRTGEGFLCVFAINNTKSFEDIHQYREQIKRVKDSDDVPMVLVGNKCDLAARTVESRQAQDLARSYGIPYIETSAKTRQGVEDAFYTLVREIRQH	True	63.890	79.060	94.040	90.00	90.00	90.00	/Users/mitchellparker/Desktop/rascore_build/core/1iaqC_core.cif	/Users/mitchellparker/Desktop/rascore_build/rcsb/1iaq.cif.gz	/Users/mitchellparker/Desktop/rascore_build/renum/1iaq_renum.cif	/Users/mitchellparker/Desktop/rascore_build/rcsb_assembly/1iaq-assembly-1.cif.gz	/Users/mitchellparker/Desktop/rascore_build/renum_assembly/1iaq-assembly-1_renum.cif	/Users/mitchellparker/Desktop/rascore_build/sifts/1iaq.xml.gz	/Users/mitchellparker/Desktop/rascore_build/pocket/1iaqC_3_pocket.pdb
1iaqC	1iaq	0	C	Disordered	Disordered	Disordered	Y71out	P 21 21 21 (CF1)	1iaqC4	4	GTPase HRas	RASH_HUMAN	P01112	WT	WT	HRAS	3P	WT	None	None	None	None	SP2-Unbound	P 21 21 21	166	1-31:38-63:71-166	2001-03-23	Other	301.3778	0.0001	Unbound	Unbound	11,12,61,62,86,88,89,92,95,96	MG,GNP	None	None	None	None	None	None	None	None	None	None	GNP	MG	None	None	None	None	STP	XRAY	2.900	0.242	MTEYKLVVVGAGGVGKSALTIQLIQNHFVDEYDPSIEDSYRKQVVIDGETCLLDILDTAGQEEYSAMRDQYMRTGEGFLCVFAINNTKSFEDIHQYREQIKRVKDSDDVPMVLVGNKCDLAARTVESRQAQDLARSYGIPYIETSAKTRQGVEDAFYTLVREIRQH	True	63.890	79.060	94.040	90.00	90.00	90.00	/Users/mitchellparker/Desktop/rascore_build/core/1iaqC_core.cif	/Users/mitchellparker/Desktop/rascore_build/rcsb/1iaq.cif.gz	/Users/mitchellparker/Desktop/rascore_build/renum/1iaq_renum.cif	/Users/mitchellparker/Desktop/rascore_build/rcsb_assembly/1iaq-assembly-1.cif.gz	/Users/mitchellparker/Desktop/rascore_build/renum_assembly/1iaq-assembly-1_renum.cif	/Users/mitchellparker/Desktop/rascore_build/sifts/1iaq.xml.gz	/Users/mitchellparker/Desktop/rascore_build/pocket/1iaqC_4_pocket.pdb
1iaqC	1iaq	0	C	Disordered	Disordered	Disordered	Y71out	P 21 21 21 (CF1)	1iaqC5	5	GTPase HRas	RASH_HUMAN	P01112	WT	WT	HRAS	3P	WT	None	None	None	None	SP2-Unbound	P 21 21 21	166	1-31:38-63:71-166	2001-03-23	Other	215.1955	0.0008	Unbound	Unbound	97,108,109,110,137,138,139,162,165,166	MG,GNP	None	None	None	None	None	None	None	None	None	None	GNP	MG	None	None	None	None	STP	XRAY	2.900	0.242	MTEYKLVVVGAGGVGKSALTIQLIQNHFVDEYDPSIEDSYRKQVVIDGETCLLDILDTAGQEEYSAMRDQYMRTGEGFLCVFAINNTKSFEDIHQYREQIKRVKDSDDVPMVLVGNKCDLAARTVESRQAQDLARSYGIPYIETSAKTRQGVEDAFYTLVREIRQH	True	63.890	79.060	94.040	90.00	90.00	90.00	/Users/mitchellparker/Desktop/rascore_build/core/1iaqC_core.cif	/Users/mitchellparker/Desktop/rascore_build/rcsb/1iaq.cif.gz	/Users/mitchellparker/Desktop/rascore_build/renum/1iaq_renum.cif	/Users/mitchellparker/Desktop/rascore_build/rcsb_assembly/1iaq-assembly-1.cif.gz	/Users/mitchellparker/Desktop/rascore_build/renum_assembly/1iaq-assembly-1_renum.cif	/Users/mitchellparker/Desktop/rascore_build/sifts/1iaq.xml.gz	/Users/mitchellparker/Desktop/rascore_build/pocket/1iaqC_5_pocket.pdb
1iozA	1ioz	0	A	Y32out.2P-OFF	Disordered	Y32out	Y71in	P 65 2 2 (CF1)	1iozA1	1	GTPase HRas	RASH_HUMAN	P01112	WT	WT	HRAS	2P	WT	None	None	None	None	Multiple-Unbound	P 65 2 2	171	1-60:68-169	2001-04-18	Other	227.8941	0.0009	Unbound	Unbound	97,101,107,108,109,110,111,137,138,139,162,166,169	GDP	None	None	None	None	None	None	None	None	None	None	GDP	None	None	None	None	None	STP	XRAY	2.000	0.285	MTEYKLVVVGAGGVGKSALTIQLIQNHFVDEYDPTIEDSYRKQVVIDGETCLLDILDTAGQEEYSAMRDQYMRTGEGFLCVFAINNTKSFEDIHQYREQIKRVKDSDDVPMVLVGNKCDLAARTVESRQAQDLARSYGIPYIETSAKTRQGVEDAFYTLVREIRQHKLRKL	True	82.645	82.645	102.794	90.00	90.00	120.00	/Users/mitchellparker/Desktop/rascore_build/core/1iozA_core.cif	/Users/mitchellparker/Desktop/rascore_build/rcsb/1ioz.cif.gz	/Users/mitchellparker/Desktop/rascore_build/renum/1ioz_renum.cif	/Users/mitchellparker/Desktop/rascore_build/rcsb_assembly/1ioz-assembly-1.cif.gz	/Users/mitchellparker/Desktop/rascore_build/renum_assembly/1ioz-assembly-1_renum.cif	/Users/mitchellparker/Desktop/rascore_build/sifts/1ioz.xml.gz	/Users/mitchellparker/Desktop/rascore_build/pocket/1iozA_1_pocket.pdb
1iozA	1ioz	0	A	Y32out.2P-OFF	Disordered	Y32out	Y71in	P 65 2 2 (CF1)	1iozA2	2	GTPase HRas	RASH_HUMAN	P01112	WT	WT	HRAS	2P	WT	None	None	None	None	Multiple-Unbound	P 65 2 2	171	1-60:68-169	2001-04-18	SP2	228.0584	0.1569	Unbound	Unbound	9,10,58,60,68,71,72,96,99,100	GDP	None	None	None	None	None	None	None	None	None	None	GDP	None	None	None	None	None	STP	XRAY	2.000	0.285	MTEYKLVVVGAGGVGKSALTIQLIQNHFVDEYDPTIEDSYRKQVVIDGETCLLDILDTAGQEEYSAMRDQYMRTGEGFLCVFAINNTKSFEDIHQYREQIKRVKDSDDVPMVLVGNKCDLAARTVESRQAQDLARSYGIPYIETSAKTRQGVEDAFYTLVREIRQHKLRKL	True	82.645	82.645	102.794	90.00	90.00	120.00	/Users/mitchellparker/Desktop/rascore_build/core/1iozA_core.cif	/Users/mitchellparker/Desktop/rascore_build/rcsb/1ioz.cif.gz	/Users/mitchellparker/Desktop/rascore_build/renum/1ioz_renum.cif	/Users/mitchellparker/Desktop/rascore_build/rcsb_assembly/1ioz-assembly-1.cif.gz	/Users/mitchellparker/Desktop/rascore_build/renum_assembly/1ioz-assembly-1_renum.cif	/Users/mitchellparker/Desktop/rascore_build/sifts/1ioz.xml.gz	/Users/mitchellparker/Desktop/rascore_build/pocket/1iozA_2_pocket.pdb
1iozA	1ioz	0	A	Y32out.2P-OFF	Disordered	Y32out	Y71in	P 65 2 2 (CF1)	1iozA3	3	GTPase HRas	RASH_HUMAN	P01112	WT	WT	HRAS	2P	WT	None	None	None	None	Multiple-Unbound	P 65 2 2	171	1-60:68-169	2001-04-18	Other	385.3023	0.0021	Unbound	Unbound	90,91,94,129,132,133,137	GDP	None	None	None	None	None	None	None	None	None	None	GDP	None	None	None	None	None	STP	XRAY	2.000	0.285	MTEYKLVVVGAGGVGKSALTIQLIQNHFVDEYDPTIEDSYRKQVVIDGETCLLDILDTAGQEEYSAMRDQYMRTGEGFLCVFAINNTKSFEDIHQYREQIKRVKDSDDVPMVLVGNKCDLAARTVESRQAQDLARSYGIPYIETSAKTRQGVEDAFYTLVREIRQHKLRKL	True	82.645	82.645	102.794	90.00	90.00	120.00	/Users/mitchellparker/Desktop/rascore_build/core/1iozA_core.cif	/Users/mitchellparker/Desktop/rascore_build/rcsb/1ioz.cif.gz	/Users/mitchellparker/Desktop/rascore_build/renum/1ioz_renum.cif	/Users/mitchellparker/Desktop/rascore_build/rcsb_assembly/1ioz-assembly-1.cif.gz	/Users/mitchellparker/Desktop/rascore_build/renum_assembly/1ioz-assembly-1_renum.cif	/Users/mitchellparker/Desktop/rascore_build/sifts/1ioz.xml.gz	/Users/mitchellparker/Desktop/rascore_build/pocket/1iozA_3_pocket.pdb
1iozA	1ioz	0	A	Y32out.2P-OFF	Disordered	Y32out	Y71in	P 65 2 2 (CF1)	1iozA4	4	GTPase HRas	RASH_HUMAN	P01112	WT	WT	HRAS	2P	WT	None	None	None	None	Multiple-Unbound	P 65 2 2	171	1-60:68-169	2001-04-18	SP12	300.1175	0.1527	Unbound	Unbound	5,6,7,39,54,56,71,74,75	GDP	None	None	None	None	None	None	None	None	None	None	GDP	None	None	None	None	None	STP	XRAY	2.000	0.285	MTEYKLVVVGAGGVGKSALTIQLIQNHFVDEYDPTIEDSYRKQVVIDGETCLLDILDTAGQEEYSAMRDQYMRTGEGFLCVFAINNTKSFEDIHQYREQIKRVKDSDDVPMVLVGNKCDLAARTVESRQAQDLARSYGIPYIETSAKTRQGVEDAFYTLVREIRQHKLRKL	True	82.645	82.645	102.794	90.00	90.00	120.00	/Users/mitchellparker/Desktop/rascore_build/core/1iozA_core.cif	/Users/mitchellparker/Desktop/rascore_build/rcsb/1ioz.cif.gz	/Users/mitchellparker/Desktop/rascore_build/renum/1ioz_renum.cif	/Users/mitchellparker/Desktop/rascore_build/rcsb_assembly/1ioz-assembly-1.cif.gz	/Users/mitchellparker/Desktop/rascore_build/renum_assembly/1ioz-assembly-1_renum.cif	/Users/mitchellparker/Desktop/rascore_build/sifts/1ioz.xml.gz	/Users/mitchellparker/Desktop/rascore_build/pocket/1iozA_4_pocket.pdb
1iozA	1ioz	0	A	Y32out.2P-OFF	Disordered	Y32out	Y71in	P 65 2 2 (CF1)	1iozA5	5	GTPase HRas	RASH_HUMAN	P01112	WT	WT	HRAS	2P	WT	None	None	None	None	Multiple-Unbound	P 65 2 2	171	1-60:68-169	2001-04-18	Other	260.0019	0.0305	Unbound	Unbound	76,104,106,109,110,163,166,167	GDP	None	None	None	None	None	None	None	None	None	None	GDP	None	None	None	None	None	STP	XRAY	2.000	0.285	MTEYKLVVVGAGGVGKSALTIQLIQNHFVDEYDPTIEDSYRKQVVIDGETCLLDILDTAGQEEYSAMRDQYMRTGEGFLCVFAINNTKSFEDIHQYREQIKRVKDSDDVPMVLVGNKCDLAARTVESRQAQDLARSYGIPYIETSAKTRQGVEDAFYTLVREIRQHKLRKL	True	82.645	82.645	102.794	90.00	90.00	120.00	/Users/mitchellparker/Desktop/rascore_build/core/1iozA_core.cif	/Users/mitchellparker/Desktop/rascore_build/rcsb/1ioz.cif.gz	/Users/mitchellparker/Desktop/rascore_build/renum/1ioz_renum.cif	/Users/mitchellparker/Desktop/rascore_build/rcsb_assembly/1ioz-assembly-1.cif.gz	/Users/mitchellparker/Desktop/rascore_build/renum_assembly/1ioz-assembly-1_renum.cif	/Users/mitchellparker/Desktop/rascore_build/sifts/1ioz.xml.gz	/Users/mitchellparker/Desktop/rascore_build/pocket/1iozA_5_pocket.pdb
1iozA	1ioz	0	A	Y32out.2P-OFF	Disordered	Y32out	Y71in	P 65 2 2 (CF1)	1iozA6	6	GTPase HRas	RASH_HUMAN	P01112	WT	WT	HRAS	2P	WT	None	None	None	None	Multiple-Unbound	P 65 2 2	171	1-60:68-169	2001-04-18	Other	194.1472	0.0001	Unbound	Unbound	131,134,135,139,141	GDP	None	None	None	None	None	None	None	None	None	None	GDP	None	None	None	None	None	STP	XRAY	2.000	0.285	MTEYKLVVVGAGGVGKSALTIQLIQNHFVDEYDPTIEDSYRKQVVIDGETCLLDILDTAGQEEYSAMRDQYMRTGEGFLCVFAINNTKSFEDIHQYREQIKRVKDSDDVPMVLVGNKCDLAARTVESRQAQDLARSYGIPYIETSAKTRQGVEDAFYTLVREIRQHKLRKL	True	82.645	82.645	102.794	90.00	90.00	120.00	/Users/mitchellparker/Desktop/rascore_build/core/1iozA_core.cif	/Users/mitchellparker/Desktop/rascore_build/rcsb/1ioz.cif.gz	/Users/mitchellparker/Desktop/rascore_build/renum/1ioz_renum.cif	/Users/mitchellparker/Desktop/rascore_build/rcsb_assembly/1ioz-assembly-1.cif.gz	/Users/mitchellparker/Desktop/rascore_build/renum_assembly/1ioz-assembly-1_renum.cif	/Users/mitchellparker/Desktop/rascore_build/sifts/1ioz.xml.gz	/Users/mitchellparker/Desktop/rascore_build/pocket/1iozA_6_pocket.pdb
1iozA	1ioz	0	A	Y32out.2P-OFF	Disordered	Y32out	Y71in	P 65 2 2 (CF1)	1iozA7	7	GTPase HRas	RASH_HUMAN	P01112	WT	WT	HRAS	2P	WT	None	None	None	None	Multiple-Unbound	P 65 2 2	171	1-60:68-169	2001-04-18	Other	140.3992	0.0002	Unbound	Unbound	12,13,14,83,85,86,117	GDP	None	None	None	None	None	None	None	None	None	None	GDP	None	None	None	None	None	STP	XRAY	2.000	0.285	MTEYKLVVVGAGGVGKSALTIQLIQNHFVDEYDPTIEDSYRKQVVIDGETCLLDILDTAGQEEYSAMRDQYMRTGEGFLCVFAINNTKSFEDIHQYREQIKRVKDSDDVPMVLVGNKCDLAARTVESRQAQDLARSYGIPYIETSAKTRQGVEDAFYTLVREIRQHKLRKL	True	82.645	82.645	102.794	90.00	90.00	120.00	/Users/mitchellparker/Desktop/rascore_build/core/1iozA_core.cif	/Users/mitchellparker/Desktop/rascore_build/rcsb/1ioz.cif.gz	/Users/mitchellparker/Desktop/rascore_build/renum/1ioz_renum.cif	/Users/mitchellparker/Desktop/rascore_build/rcsb_assembly/1ioz-assembly-1.cif.gz	/Users/mitchellparker/Desktop/rascore_build/renum_assembly/1ioz-assembly-1_renum.cif	/Users/mitchellparker/Desktop/rascore_build/sifts/1ioz.xml.gz	/Users/mitchellparker/Desktop/rascore_build/pocket/1iozA_7_pocket.pdb
1jahA	1jah	0	A	Y32in.3P-ON	Y71in.3P-R	Y32in	Y71in	P 32 2 1 (CF1)	1jahA2	2	GTPase HRas	RASH_HUMAN	P01112	G12P,A122G	G12,A122	HRAS	3P	Other	None	None	None	Homodimer	Other-Unbound	P 32 2 1	166	1-166	1996-12-15	Other	338.1756	0.0034	Unbound	Unbound	76,104,106,108,109,110,163,166	MG,GCP	None	None	None	None	None	None	None	None	None	None	GCP	MG	None	None	None	None	STP	XRAY	1.800	0.220	MTEYKLVVVGAPGVGKSALTIQLIQNHFVDEYDPTIEDSYRKQVVIDGETCLLDILDTAGQEEYSAMRDQYMRTGEGFLCVFAINNTKSFEDIHQYREQIKRVKDSDDVPMVLVGNKCDLAGRTVESRQAQDLARSYGIPYIETSAKTRQGVEDAFYTLVREIRQH	True	40.100	40.100	160.640	90.00	90.00	120.00	/Users/mitchellparker/Desktop/rascore_build/core/1jahA_core.cif	/Users/mitchellparker/Desktop/rascore_build/rcsb/1jah.cif.gz	/Users/mitchellparker/Desktop/rascore_build/renum/1jah_renum.cif	/Users/mitchellparker/Desktop/rascore_build/rcsb_assembly/1jah-assembly-1.cif.gz	/Users/mitchellparker/Desktop/rascore_build/renum_assembly/1jah-assembly-1_renum.cif	/Users/mitchellparker/Desktop/rascore_build/sifts/1jah.xml.gz	/Users/mitchellparker/Desktop/rascore_build/pocket/1jahA_2_pocket.pdb
1jahA	1jah	0	A	Y32in.3P-ON	Y71in.3P-R	Y32in	Y71in	P 32 2 1 (CF1)	1jahA3	3	GTPase HRas	RASH_HUMAN	P01112	G12P,A122G	G12,A122	HRAS	3P	Other	None	None	None	Homodimer	Other-Unbound	P 32 2 1	166	1-166	1996-12-15	Other	199.4403	0.0003	Unbound	Unbound	108,109,110,138,139,162,165,166	MG,GCP	None	None	None	None	None	None	None	None	None	None	GCP	MG	None	None	None	None	STP	XRAY	1.800	0.220	MTEYKLVVVGAPGVGKSALTIQLIQNHFVDEYDPTIEDSYRKQVVIDGETCLLDILDTAGQEEYSAMRDQYMRTGEGFLCVFAINNTKSFEDIHQYREQIKRVKDSDDVPMVLVGNKCDLAGRTVESRQAQDLARSYGIPYIETSAKTRQGVEDAFYTLVREIRQH	True	40.100	40.100	160.640	90.00	90.00	120.00	/Users/mitchellparker/Desktop/rascore_build/core/1jahA_core.cif	/Users/mitchellparker/Desktop/rascore_build/rcsb/1jah.cif.gz	/Users/mitchellparker/Desktop/rascore_build/renum/1jah_renum.cif	/Users/mitchellparker/Desktop/rascore_build/rcsb_assembly/1jah-assembly-1.cif.gz	/Users/mitchellparker/Desktop/rascore_build/renum_assembly/1jah-assembly-1_renum.cif	/Users/mitchellparker/Desktop/rascore_build/sifts/1jah.xml.gz	/Users/mitchellparker/Desktop/rascore_build/pocket/1jahA_3_pocket.pdb
1jaiA	1jai	0	A	Y32in.3P-ON	Outlier	Y32in	Y71in	P 32 2 1 (CF1)	1jaiA2	2	GTPase HRas	RASH_HUMAN	P01112	G12P	G12	HRAS	3P	Other	None	None	None	Homodimer	SP12-Unbound	P 32 2 1	166	1-166	1996-12-15	SP12	159.0689	0.0021	Unbound	Unbound	5,6,7,54,56,71,74,75	MN,GCP	None	None	None	None	None	None	None	None	None	None	GCP	MN	None	None	None	None	STP	XRAY	1.800	0.200	MTEYKLVVVGAPGVGKSALTIQLIQNHFVDEYDPTIEDSYRKQVVIDGETCLLDILDTAGQEEYSAMRDQYMRTGEGFLCVFAINNTKSFEDIHQYREQIKRVKDSDDVPMVLVGNKCDLAARTVESRQAQDLARSYGIPYIETSAKTRQGVEDAFYTLVREIRQH	True	40.000	40.000	160.400	90.00	90.00	120.00	/Users/mitchellparker/Desktop/rascore_build/core/1jaiA_core.cif	/Users/mitchellparker/Desktop/rascore_build/rcsb/1jai.cif.gz	/Users/mitchellparker/Desktop/rascore_build/renum/1jai_renum.cif	/Users/mitchellparker/Desktop/rascore_build/rcsb_assembly/1jai-assembly-1.cif.gz	/Users/mitchellparker/Desktop/rascore_build/renum_assembly/1jai-assembly-1_renum.cif	/Users/mitchellparker/Desktop/rascore_build/sifts/1jai.xml.gz	/Users/mitchellparker/Desktop/rascore_build/pocket/1jaiA_2_pocket.pdb
1jaiA	1jai	0	A	Y32in.3P-ON	Outlier	Y32in	Y71in	P 32 2 1 (CF1)	1jaiA3	3	GTPase HRas	RASH_HUMAN	P01112	G12P	G12	HRAS	3P	Other	None	None	None	Homodimer	SP12-Unbound	P 32 2 1	166	1-166	1996-12-15	Other	316.7460	0.0003	Unbound	Unbound	76,104,106,108,109,110,163,166	MN,GCP	None	None	None	None	None	None	None	None	None	None	GCP	MN	None	None	None	None	STP	XRAY	1.800	0.200	MTEYKLVVVGAPGVGKSALTIQLIQNHFVDEYDPTIEDSYRKQVVIDGETCLLDILDTAGQEEYSAMRDQYMRTGEGFLCVFAINNTKSFEDIHQYREQIKRVKDSDDVPMVLVGNKCDLAARTVESRQAQDLARSYGIPYIETSAKTRQGVEDAFYTLVREIRQH	True	40.000	40.000	160.400	90.00	90.00	120.00	/Users/mitchellparker/Desktop/rascore_build/core/1jaiA_core.cif	/Users/mitchellparker/Desktop/rascore_build/rcsb/1jai.cif.gz	/Users/mitchellparker/Desktop/rascore_build/renum/1jai_renum.cif	/Users/mitchellparker/Desktop/rascore_build/rcsb_assembly/1jai-assembly-1.cif.gz	/Users/mitchellparker/Desktop/rascore_build/renum_assembly/1jai-assembly-1_renum.cif	/Users/mitchellparker/Desktop/rascore_build/sifts/1jai.xml.gz	/Users/mitchellparker/Desktop/rascore_build/pocket/1jaiA_3_pocket.pdb
1k8rA	1k8r	0	A	Y32in.3P-ON	Outlier	Y32in	Y71in	H 3 2 (CF1)	1k8rA2	2	GTPase HRas	RASH_HUMAN	P01112	WT	WT	HRAS	3P	WT	None	None	Other	None	SP2-Unbound	H 3 2	166	1-166	2001-10-25	Other	247.1740	0.0005	Unbound	Unbound	76,104,106,108,109,110,163,166	MG,GNP	Protein kinase byr2	None	B:36,37,41,39,40,38,64,33,54,70	BYR2_SCHPO	None	None	None	Other	None	B	GNP	MG	None	None	None	None	STP	XRAY	3.000	0.240	MTEYKLVVVGAGGVGKSALTIQLIQNHFVDEYDPTIEDSYRKQVVIDGETCLLDILDTAGQEEYSAMRDQYMRTGEGFLCVFAINNTKSFEDIHQYREQIKRVKDSDDVPMVLVGNKCDLAARTVESRQAQDLARSYGIPYIETSAKTRQGVEDAFYTLVREIRQH	True	139.030	139.030	112.800	90.0	90.0	120.0	/Users/mitchellparker/Desktop/rascore_build/core/1k8rA_core.cif	/Users/mitchellparker/Desktop/rascore_build/rcsb/1k8r.cif.gz	/Users/mitchellparker/Desktop/rascore_build/renum/1k8r_renum.cif	/Users/mitchellparker/Desktop/rascore_build/rcsb_assembly/1k8r-assembly-1.cif.gz	/Users/mitchellparker/Desktop/rascore_build/renum_assembly/1k8r-assembly-1_renum.cif	/Users/mitchellparker/Desktop/rascore_build/sifts/1k8r.xml.gz	/Users/mitchellparker/Desktop/rascore_build/pocket/1k8rA_2_pocket.pdb
1k8rA	1k8r	0	A	Y32in.3P-ON	Outlier	Y32in	Y71in	H 3 2 (CF1)	1k8rA3	3	GTPase HRas	RASH_HUMAN	P01112	WT	WT	HRAS	3P	WT	None	None	Other	None	SP2-Unbound	H 3 2	166	1-166	2001-10-25	SP2	258.0828	0.0014	Unbound	Unbound	9,59,60,61,62,64,65,68,71,72,95,96,99	MG,GNP	Protein kinase byr2	None	B:36,37,41,39,40,38,64,33,54,70	BYR2_SCHPO	None	None	None	Other	None	B	GNP	MG	None	None	None	None	STP	XRAY	3.000	0.240	MTEYKLVVVGAGGVGKSALTIQLIQNHFVDEYDPTIEDSYRKQVVIDGETCLLDILDTAGQEEYSAMRDQYMRTGEGFLCVFAINNTKSFEDIHQYREQIKRVKDSDDVPMVLVGNKCDLAARTVESRQAQDLARSYGIPYIETSAKTRQGVEDAFYTLVREIRQH	True	139.030	139.030	112.800	90.0	90.0	120.0	/Users/mitchellparker/Desktop/rascore_build/core/1k8rA_core.cif	/Users/mitchellparker/Desktop/rascore_build/rcsb/1k8r.cif.gz	/Users/mitchellparker/Desktop/rascore_build/renum/1k8r_renum.cif	/Users/mitchellparker/Desktop/rascore_build/rcsb_assembly/1k8r-assembly-1.cif.gz	/Users/mitchellparker/Desktop/rascore_build/renum_assembly/1k8r-assembly-1_renum.cif	/Users/mitchellparker/Desktop/rascore_build/sifts/1k8r.xml.gz	/Users/mitchellparker/Desktop/rascore_build/pocket/1k8rA_3_pocket.pdb
1k8rA	1k8r	0	A	Y32in.3P-ON	Outlier	Y32in	Y71in	H 3 2 (CF1)	1k8rA4	4	GTPase HRas	RASH_HUMAN	P01112	WT	WT	HRAS	3P	WT	None	None	Other	None	SP2-Unbound	H 3 2	166	1-166	2001-10-25	Other	377.1412	0.0000	Unbound	Unbound	97,107,108,109,110,111,137,138,139,162,165,166	MG,GNP	Protein kinase byr2	None	B:36,37,41,39,40,38,64,33,54,70	BYR2_SCHPO	None	None	None	Other	None	B	GNP	MG	None	None	None	None	STP	XRAY	3.000	0.240	MTEYKLVVVGAGGVGKSALTIQLIQNHFVDEYDPTIEDSYRKQVVIDGETCLLDILDTAGQEEYSAMRDQYMRTGEGFLCVFAINNTKSFEDIHQYREQIKRVKDSDDVPMVLVGNKCDLAARTVESRQAQDLARSYGIPYIETSAKTRQGVEDAFYTLVREIRQH	True	139.030	139.030	112.800	90.0	90.0	120.0	/Users/mitchellparker/Desktop/rascore_build/core/1k8rA_core.cif	/Users/mitchellparker/Desktop/rascore_build/rcsb/1k8r.cif.gz	/Users/mitchellparker/Desktop/rascore_build/renum/1k8r_renum.cif	/Users/mitchellparker/Desktop/rascore_build/rcsb_assembly/1k8r-assembly-1.cif.gz	/Users/mitchellparker/Desktop/rascore_build/renum_assembly/1k8r-assembly-1_renum.cif	/Users/mitchellparker/Desktop/rascore_build/sifts/1k8r.xml.gz	/Users/mitchellparker/Desktop/rascore_build/pocket/1k8rA_4_pocket.pdb
1k8rA	1k8r	0	A	Y32in.3P-ON	Outlier	Y32in	Y71in	H 3 2 (CF1)	1k8rA5	5	GTPase HRas	RASH_HUMAN	P01112	WT	WT	HRAS	3P	WT	None	None	Other	None	SP2-Unbound	H 3 2	166	1-166	2001-10-25	Other	201.5753	0.0000	Unbound	Unbound	149,151,152,153,154	MG,GNP	Protein kinase byr2	None	B:36,37,41,39,40,38,64,33,54,70	BYR2_SCHPO	None	None	None	Other	None	B	GNP	MG	None	None	None	None	STP	XRAY	3.000	0.240	MTEYKLVVVGAGGVGKSALTIQLIQNHFVDEYDPTIEDSYRKQVVIDGETCLLDILDTAGQEEYSAMRDQYMRTGEGFLCVFAINNTKSFEDIHQYREQIKRVKDSDDVPMVLVGNKCDLAARTVESRQAQDLARSYGIPYIETSAKTRQGVEDAFYTLVREIRQH	True	139.030	139.030	112.800	90.0	90.0	120.0	/Users/mitchellparker/Desktop/rascore_build/core/1k8rA_core.cif	/Users/mitchellparker/Desktop/rascore_build/rcsb/1k8r.cif.gz	/Users/mitchellparker/Desktop/rascore_build/renum/1k8r_renum.cif	/Users/mitchellparker/Desktop/rascore_build/rcsb_assembly/1k8r-assembly-1.cif.gz	/Users/mitchellparker/Desktop/rascore_build/renum_assembly/1k8r-assembly-1_renum.cif	/Users/mitchellparker/Desktop/rascore_build/sifts/1k8r.xml.gz	/Users/mitchellparker/Desktop/rascore_build/pocket/1k8rA_5_pocket.pdb
1lf0A	1lf0	0	A	Y32in.3P-ON	Outlier	Y32in	Y71out	H 3 2 (CF2)	1lf0A2	2	GTPase HRas	RASH_HUMAN	P01112	A59G	A59	HRAS	3P	Other	None	None	None	Homodimer	Other-Unbound	H 3 2	166	1-166	2002-04-10	Other	324.1623	0.0005	Unbound	Unbound	127,131,134,135,139,141,143	MG,CA,CA,GNP	None	None	None	None	None	None	None	None	None	None	GNP	MG	None	CA	None	None	STP	XRAY	1.700	0.185	MTEYKLVVVGAGGVGKSALTIQLIQNHFVDEYDPTIEDSYRKQVVIDGETCLLDILDTGGQEEYSAMRDQYMRTGEGFLCVFAINNTKSFEDIHQYREQIKRVKDSDDVPMVLVGNKCDLAARTVESRQAQDLARSYGIPYIETSAKTRQGVEDAFYTLVREIRQH	True	89.129	89.129	134.654	90.00	90.00	120.00	/Users/mitchellparker/Desktop/rascore_build/core/1lf0A_core.cif	/Users/mitchellparker/Desktop/rascore_build/rcsb/1lf0.cif.gz	/Users/mitchellparker/Desktop/rascore_build/renum/1lf0_renum.cif	/Users/mitchellparker/Desktop/rascore_build/rcsb_assembly/1lf0-assembly-1.cif.gz	/Users/mitchellparker/Desktop/rascore_build/renum_assembly/1lf0-assembly-1_renum.cif	/Users/mitchellparker/Desktop/rascore_build/sifts/1lf0.xml.gz	/Users/mitchellparker/Desktop/rascore_build/pocket/1lf0A_2_pocket.pdb
1lf0A	1lf0	0	A	Y32in.3P-ON	Outlier	Y32in	Y71out	H 3 2 (CF2)	1lf0A3	3	GTPase HRas	RASH_HUMAN	P01112	A59G	A59	HRAS	3P	Other	None	None	None	Homodimer	Other-Unbound	H 3 2	166	1-166	2002-04-10	Other	199.2755	0.0001	Unbound	Unbound	97,107,108,109,110,111,137,138,139,162,165,166	MG,CA,CA,GNP	None	None	None	None	None	None	None	None	None	None	GNP	MG	None	CA	None	None	STP	XRAY	1.700	0.185	MTEYKLVVVGAGGVGKSALTIQLIQNHFVDEYDPTIEDSYRKQVVIDGETCLLDILDTGGQEEYSAMRDQYMRTGEGFLCVFAINNTKSFEDIHQYREQIKRVKDSDDVPMVLVGNKCDLAARTVESRQAQDLARSYGIPYIETSAKTRQGVEDAFYTLVREIRQH	True	89.129	89.129	134.654	90.00	90.00	120.00	/Users/mitchellparker/Desktop/rascore_build/core/1lf0A_core.cif	/Users/mitchellparker/Desktop/rascore_build/rcsb/1lf0.cif.gz	/Users/mitchellparker/Desktop/rascore_build/renum/1lf0_renum.cif	/Users/mitchellparker/Desktop/rascore_build/rcsb_assembly/1lf0-assembly-1.cif.gz	/Users/mitchellparker/Desktop/rascore_build/renum_assembly/1lf0-assembly-1_renum.cif	/Users/mitchellparker/Desktop/rascore_build/sifts/1lf0.xml.gz	/Users/mitchellparker/Desktop/rascore_build/pocket/1lf0A_3_pocket.pdb
1lf0A	1lf0	0	A	Y32in.3P-ON	Outlier	Y32in	Y71out	H 3 2 (CF2)	1lf0A4	4	GTPase HRas	RASH_HUMAN	P01112	A59G	A59	HRAS	3P	Other	None	None	None	Homodimer	Other-Unbound	H 3 2	166	1-166	2002-04-10	Other	280.0249	0.0215	Unbound	Unbound	76,104,106,108,109,110,163,166	MG,CA,CA,GNP	None	None	None	None	None	None	None	None	None	None	GNP	MG	None	CA	None	None	STP	XRAY	1.700	0.185	MTEYKLVVVGAGGVGKSALTIQLIQNHFVDEYDPTIEDSYRKQVVIDGETCLLDILDTGGQEEYSAMRDQYMRTGEGFLCVFAINNTKSFEDIHQYREQIKRVKDSDDVPMVLVGNKCDLAARTVESRQAQDLARSYGIPYIETSAKTRQGVEDAFYTLVREIRQH	True	89.129	89.129	134.654	90.00	90.00	120.00	/Users/mitchellparker/Desktop/rascore_build/core/1lf0A_core.cif	/Users/mitchellparker/Desktop/rascore_build/rcsb/1lf0.cif.gz	/Users/mitchellparker/Desktop/rascore_build/renum/1lf0_renum.cif	/Users/mitchellparker/Desktop/rascore_build/rcsb_assembly/1lf0-assembly-1.cif.gz	/Users/mitchellparker/Desktop/rascore_build/renum_assembly/1lf0-assembly-1_renum.cif	/Users/mitchellparker/Desktop/rascore_build/sifts/1lf0.xml.gz	/Users/mitchellparker/Desktop/rascore_build/pocket/1lf0A_4_pocket.pdb
1lf5A	1lf5	0	A	Y32out.2P-OFF	Outlier	Y32out	Y71out	H 3 2 (CF3)	1lf5A1	1	GTPase HRas	RASH_HUMAN	P01112	A59G	A59	HRAS	2P	Other	None	None	None	Homodimer	Other-Unbound	H 3 2	166	1-166	2002-04-10	Other	339.3876	0.1817	Unbound	Unbound	75,76,104,106,108,109,110,163,166	MG,GDP	None	None	None	None	None	None	None	None	None	None	GDP	MG	None	None	None	None	STP	XRAY	1.700	0.222	MTEYKLVVVGAGGVGKSALTIQLIQNHFVDEYDPTIEDSYRKQVVIDGETCLLDILDTGGQEEYSAMRDQYMRTGEGFLCVFAINNTKSFEDIHQYREQIKRVKDSDDVPMVLVGNKCDLAARTVESRQAQDLARSYGIPYIETSAKTRQGVEDAFYTLVREIRQH	True	93.112	93.112	120.301	90.00	90.00	120.00	/Users/mitchellparker/Desktop/rascore_build/core/1lf5A_core.cif	/Users/mitchellparker/Desktop/rascore_build/rcsb/1lf5.cif.gz	/Users/mitchellparker/Desktop/rascore_build/renum/1lf5_renum.cif	/Users/mitchellparker/Desktop/rascore_build/rcsb_assembly/1lf5-assembly-1.cif.gz	/Users/mitchellparker/Desktop/rascore_build/renum_assembly/1lf5-assembly-1_renum.cif	/Users/mitchellparker/Desktop/rascore_build/sifts/1lf5.xml.gz	/Users/mitchellparker/Desktop/rascore_build/pocket/1lf5A_1_pocket.pdb
1lf5A	1lf5	0	A	Y32out.2P-OFF	Outlier	Y32out	Y71out	H 3 2 (CF3)	1lf5A3	3	GTPase HRas	RASH_HUMAN	P01112	A59G	A59	HRAS	2P	Other	None	None	None	Homodimer	Other-Unbound	H 3 2	166	1-166	2002-04-10	Other	263.7094	0.0001	Unbound	Unbound	107,108,109,110,137,138,139,162,165,166	MG,GDP	None	None	None	None	None	None	None	None	None	None	GDP	MG	None	None	None	None	STP	XRAY	1.700	0.222	MTEYKLVVVGAGGVGKSALTIQLIQNHFVDEYDPTIEDSYRKQVVIDGETCLLDILDTGGQEEYSAMRDQYMRTGEGFLCVFAINNTKSFEDIHQYREQIKRVKDSDDVPMVLVGNKCDLAARTVESRQAQDLARSYGIPYIETSAKTRQGVEDAFYTLVREIRQH	True	93.112	93.112	120.301	90.00	90.00	120.00	/Users/mitchellparker/Desktop/rascore_build/core/1lf5A_core.cif	/Users/mitchellparker/Desktop/rascore_build/rcsb/1lf5.cif.gz	/Users/mitchellparker/Desktop/rascore_build/renum/1lf5_renum.cif	/Users/mitchellparker/Desktop/rascore_build/rcsb_assembly/1lf5-assembly-1.cif.gz	/Users/mitchellparker/Desktop/rascore_build/renum_assembly/1lf5-assembly-1_renum.cif	/Users/mitchellparker/Desktop/rascore_build/sifts/1lf5.xml.gz	/Users/mitchellparker/Desktop/rascore_build/pocket/1lf5A_3_pocket.pdb
1lf5A	1lf5	0	A	Y32out.2P-OFF	Outlier	Y32out	Y71out	H 3 2 (CF3)	1lf5A4	4	GTPase HRas	RASH_HUMAN	P01112	A59G	A59	HRAS	2P	Other	None	None	None	Homodimer	Other-Unbound	H 3 2	166	1-166	2002-04-10	Other	135.4442	0.2897	Unbound	Unbound	20,21,24,25,32,40	MG,GDP	None	None	None	None	None	None	None	None	None	None	GDP	MG	None	None	None	None	STP	XRAY	1.700	0.222	MTEYKLVVVGAGGVGKSALTIQLIQNHFVDEYDPTIEDSYRKQVVIDGETCLLDILDTGGQEEYSAMRDQYMRTGEGFLCVFAINNTKSFEDIHQYREQIKRVKDSDDVPMVLVGNKCDLAARTVESRQAQDLARSYGIPYIETSAKTRQGVEDAFYTLVREIRQH	True	93.112	93.112	120.301	90.00	90.00	120.00	/Users/mitchellparker/Desktop/rascore_build/core/1lf5A_core.cif	/Users/mitchellparker/Desktop/rascore_build/rcsb/1lf5.cif.gz	/Users/mitchellparker/Desktop/rascore_build/renum/1lf5_renum.cif	/Users/mitchellparker/Desktop/rascore_build/rcsb_assembly/1lf5-assembly-1.cif.gz	/Users/mitchellparker/Desktop/rascore_build/renum_assembly/1lf5-assembly-1_renum.cif	/Users/mitchellparker/Desktop/rascore_build/sifts/1lf5.xml.gz	/Users/mitchellparker/Desktop/rascore_build/pocket/1lf5A_4_pocket.pdb
1lf5A	1lf5	0	A	Y32out.2P-OFF	Outlier	Y32out	Y71out	H 3 2 (CF3)	1lf5A5	5	GTPase HRas	RASH_HUMAN	P01112	A59G	A59	HRAS	2P	Other	None	None	None	Homodimer	Other-Unbound	H 3 2	166	1-166	2002-04-10	Other	172.8068	0.0001	Unbound	Unbound	149,151,153,154	MG,GDP	None	None	None	None	None	None	None	None	None	None	GDP	MG	None	None	None	None	STP	XRAY	1.700	0.222	MTEYKLVVVGAGGVGKSALTIQLIQNHFVDEYDPTIEDSYRKQVVIDGETCLLDILDTGGQEEYSAMRDQYMRTGEGFLCVFAINNTKSFEDIHQYREQIKRVKDSDDVPMVLVGNKCDLAARTVESRQAQDLARSYGIPYIETSAKTRQGVEDAFYTLVREIRQH	True	93.112	93.112	120.301	90.00	90.00	120.00	/Users/mitchellparker/Desktop/rascore_build/core/1lf5A_core.cif	/Users/mitchellparker/Desktop/rascore_build/rcsb/1lf5.cif.gz	/Users/mitchellparker/Desktop/rascore_build/renum/1lf5_renum.cif	/Users/mitchellparker/Desktop/rascore_build/rcsb_assembly/1lf5-assembly-1.cif.gz	/Users/mitchellparker/Desktop/rascore_build/renum_assembly/1lf5-assembly-1_renum.cif	/Users/mitchellparker/Desktop/rascore_build/sifts/1lf5.xml.gz	/Users/mitchellparker/Desktop/rascore_build/pocket/1lf5A_5_pocket.pdb
1lf5A	1lf5	0	A	Y32out.2P-OFF	Outlier	Y32out	Y71out	H 3 2 (CF3)	1lf5A6	6	GTPase HRas	RASH_HUMAN	P01112	A59G	A59	HRAS	2P	Other	None	None	None	Homodimer	Other-Unbound	H 3 2	166	1-166	2002-04-10	Other	245.7042	0.0001	Unbound	Unbound	11,12,61,86,88,89,92	MG,GDP	None	None	None	None	None	None	None	None	None	None	GDP	MG	None	None	None	None	STP	XRAY	1.700	0.222	MTEYKLVVVGAGGVGKSALTIQLIQNHFVDEYDPTIEDSYRKQVVIDGETCLLDILDTGGQEEYSAMRDQYMRTGEGFLCVFAINNTKSFEDIHQYREQIKRVKDSDDVPMVLVGNKCDLAARTVESRQAQDLARSYGIPYIETSAKTRQGVEDAFYTLVREIRQH	True	93.112	93.112	120.301	90.00	90.00	120.00	/Users/mitchellparker/Desktop/rascore_build/core/1lf5A_core.cif	/Users/mitchellparker/Desktop/rascore_build/rcsb/1lf5.cif.gz	/Users/mitchellparker/Desktop/rascore_build/renum/1lf5_renum.cif	/Users/mitchellparker/Desktop/rascore_build/rcsb_assembly/1lf5-assembly-1.cif.gz	/Users/mitchellparker/Desktop/rascore_build/renum_assembly/1lf5-assembly-1_renum.cif	/Users/mitchellparker/Desktop/rascore_build/sifts/1lf5.xml.gz	/Users/mitchellparker/Desktop/rascore_build/pocket/1lf5A_6_pocket.pdb
1lfdB	1lfd	0	B	Y32in.3P-ON	Y71in.3P-R	Y32in	Y71in	P 21 21 21 (CF2)	1lfdB3	3	GTPase HRas	RASH_HUMAN	P01112	E31K	E31	HRAS	3P	Other	None	None	Effector	None	Multiple-Unbound	P 21 21 21	167	1-167	1998-04-29	Other	252.3591	0.0006	Unbound	Unbound	97,101,107,108,109,110,111,137,138,139,162,165,166	MG,GNP	Ral guanine nucleotide dissociation stimulator	None	A:36,37,25,24,41,40,39,38,56,31,33,34	GNDS_RAT	None	None	None	RA-RasGEF	None	A	GNP	MG	None	None	None	None	STP	XRAY	2.100	0.206	MTEYKLVVVGAGGVGKSALTIQLIQNHFVDKYDPTIEDSYRKQVVIDGETCLLDILDTAGQEEYSAMRDQYMRTGEGFLCVFAINNTKSFEDIHQYREQIKRVKDSDDVPMVLVGNKCDLAARTVESRQAQDLARSYGIPYIETSAKTRQGVEDAFYTLVREIRQHK	True	75.648	78.256	87.313	90.00	90.00	90.00	/Users/mitchellparker/Desktop/rascore_build/core/1lfdB_core.cif	/Users/mitchellparker/Desktop/rascore_build/rcsb/1lfd.cif.gz	/Users/mitchellparker/Desktop/rascore_build/renum/1lfd_renum.cif	/Users/mitchellparker/Desktop/rascore_build/rcsb_assembly/1lfd-assembly-2.cif.gz	/Users/mitchellparker/Desktop/rascore_build/renum_assembly/1lfd-assembly-2_renum.cif	/Users/mitchellparker/Desktop/rascore_build/sifts/1lfd.xml.gz	/Users/mitchellparker/Desktop/rascore_build/pocket/1lfdB_3_pocket.pdb
1lfdB	1lfd	0	B	Y32in.3P-ON	Y71in.3P-R	Y32in	Y71in	P 21 21 21 (CF2)	1lfdB4	4	GTPase HRas	RASH_HUMAN	P01112	E31K	E31	HRAS	3P	Other	None	None	Effector	None	Multiple-Unbound	P 21 21 21	167	1-167	1998-04-29	Other	269.3711	0.3142	Unbound	Unbound	73,74,75,76,104,106,108,109,110,163,166,167	MG,GNP	Ral guanine nucleotide dissociation stimulator	None	A:36,37,25,24,41,40,39,38,56,31,33,34	GNDS_RAT	None	None	None	RA-RasGEF	None	A	GNP	MG	None	None	None	None	STP	XRAY	2.100	0.206	MTEYKLVVVGAGGVGKSALTIQLIQNHFVDKYDPTIEDSYRKQVVIDGETCLLDILDTAGQEEYSAMRDQYMRTGEGFLCVFAINNTKSFEDIHQYREQIKRVKDSDDVPMVLVGNKCDLAARTVESRQAQDLARSYGIPYIETSAKTRQGVEDAFYTLVREIRQHK	True	75.648	78.256	87.313	90.00	90.00	90.00	/Users/mitchellparker/Desktop/rascore_build/core/1lfdB_core.cif	/Users/mitchellparker/Desktop/rascore_build/rcsb/1lfd.cif.gz	/Users/mitchellparker/Desktop/rascore_build/renum/1lfd_renum.cif	/Users/mitchellparker/Desktop/rascore_build/rcsb_assembly/1lfd-assembly-2.cif.gz	/Users/mitchellparker/Desktop/rascore_build/renum_assembly/1lfd-assembly-2_renum.cif	/Users/mitchellparker/Desktop/rascore_build/sifts/1lfd.xml.gz	/Users/mitchellparker/Desktop/rascore_build/pocket/1lfdB_4_pocket.pdb
1lfdB	1lfd	0	B	Y32in.3P-ON	Y71in.3P-R	Y32in	Y71in	P 21 21 21 (CF2)	1lfdB5	5	GTPase HRas	RASH_HUMAN	P01112	E31K	E31	HRAS	3P	Other	None	None	Effector	None	Multiple-Unbound	P 21 21 21	167	1-167	1998-04-29	SP12	208.3428	0.0277	Unbound	Unbound	5,6,7,39,54,55,56,74,75	MG,GNP	Ral guanine nucleotide dissociation stimulator	None	A:36,37,25,24,41,40,39,38,56,31,33,34	GNDS_RAT	None	None	None	RA-RasGEF	None	A	GNP	MG	None	None	None	None	STP	XRAY	2.100	0.206	MTEYKLVVVGAGGVGKSALTIQLIQNHFVDKYDPTIEDSYRKQVVIDGETCLLDILDTAGQEEYSAMRDQYMRTGEGFLCVFAINNTKSFEDIHQYREQIKRVKDSDDVPMVLVGNKCDLAARTVESRQAQDLARSYGIPYIETSAKTRQGVEDAFYTLVREIRQHK	True	75.648	78.256	87.313	90.00	90.00	90.00	/Users/mitchellparker/Desktop/rascore_build/core/1lfdB_core.cif	/Users/mitchellparker/Desktop/rascore_build/rcsb/1lfd.cif.gz	/Users/mitchellparker/Desktop/rascore_build/renum/1lfd_renum.cif	/Users/mitchellparker/Desktop/rascore_build/rcsb_assembly/1lfd-assembly-2.cif.gz	/Users/mitchellparker/Desktop/rascore_build/renum_assembly/1lfd-assembly-2_renum.cif	/Users/mitchellparker/Desktop/rascore_build/sifts/1lfd.xml.gz	/Users/mitchellparker/Desktop/rascore_build/pocket/1lfdB_5_pocket.pdb
1lfdB	1lfd	0	B	Y32in.3P-ON	Y71in.3P-R	Y32in	Y71in	P 21 21 21 (CF2)	1lfdB6	6	GTPase HRas	RASH_HUMAN	P01112	E31K	E31	HRAS	3P	Other	None	None	Effector	None	Multiple-Unbound	P 21 21 21	167	1-167	1998-04-29	SP2	419.1387	0.0016	Unbound	Unbound	11,12,60,62,68,88,92,95,96	MG,GNP	Ral guanine nucleotide dissociation stimulator	None	A:36,37,25,24,41,40,39,38,56,31,33,34	GNDS_RAT	None	None	None	RA-RasGEF	None	A	GNP	MG	None	None	None	None	STP	XRAY	2.100	0.206	MTEYKLVVVGAGGVGKSALTIQLIQNHFVDKYDPTIEDSYRKQVVIDGETCLLDILDTAGQEEYSAMRDQYMRTGEGFLCVFAINNTKSFEDIHQYREQIKRVKDSDDVPMVLVGNKCDLAARTVESRQAQDLARSYGIPYIETSAKTRQGVEDAFYTLVREIRQHK	True	75.648	78.256	87.313	90.00	90.00	90.00	/Users/mitchellparker/Desktop/rascore_build/core/1lfdB_core.cif	/Users/mitchellparker/Desktop/rascore_build/rcsb/1lfd.cif.gz	/Users/mitchellparker/Desktop/rascore_build/renum/1lfd_renum.cif	/Users/mitchellparker/Desktop/rascore_build/rcsb_assembly/1lfd-assembly-2.cif.gz	/Users/mitchellparker/Desktop/rascore_build/renum_assembly/1lfd-assembly-2_renum.cif	/Users/mitchellparker/Desktop/rascore_build/sifts/1lfd.xml.gz	/Users/mitchellparker/Desktop/rascore_build/pocket/1lfdB_6_pocket.pdb
1lfdD	1lfd	0	D	Y32in.3P-ON	Y71in.3P-R	Y32in	Y71in	P 21 21 21 (CF2)	1lfdD3	3	GTPase HRas	RASH_HUMAN	P01112	E31K	E31	HRAS	3P	Other	None	None	Effector	None	Multiple-Unbound	P 21 21 21	167	1-167	1998-04-29	Other	94.2776	0.0064	Unbound	Unbound	36,37,58,59,64,67,68,71	MG,GNP	Ral guanine nucleotide dissociation stimulator	None	C:36,64,37,67,24,25,41,40,39,38,56,31,33,35,34	GNDS_RAT	None	None	None	RA-RasGEF	None	C	GNP	MG	None	None	None	None	STP	XRAY	2.100	0.206	MTEYKLVVVGAGGVGKSALTIQLIQNHFVDKYDPTIEDSYRKQVVIDGETCLLDILDTAGQEEYSAMRDQYMRTGEGFLCVFAINNTKSFEDIHQYREQIKRVKDSDDVPMVLVGNKCDLAARTVESRQAQDLARSYGIPYIETSAKTRQGVEDAFYTLVREIRQHK	True	75.648	78.256	87.313	90.00	90.00	90.00	/Users/mitchellparker/Desktop/rascore_build/core/1lfdD_core.cif	/Users/mitchellparker/Desktop/rascore_build/rcsb/1lfd.cif.gz	/Users/mitchellparker/Desktop/rascore_build/renum/1lfd_renum.cif	/Users/mitchellparker/Desktop/rascore_build/rcsb_assembly/1lfd-assembly-2.cif.gz	/Users/mitchellparker/Desktop/rascore_build/renum_assembly/1lfd-assembly-2_renum.cif	/Users/mitchellparker/Desktop/rascore_build/sifts/1lfd.xml.gz	/Users/mitchellparker/Desktop/rascore_build/pocket/1lfdD_3_pocket.pdb
1lfdD	1lfd	0	D	Y32in.3P-ON	Y71in.3P-R	Y32in	Y71in	P 21 21 21 (CF2)	1lfdD4	4	GTPase HRas	RASH_HUMAN	P01112	E31K	E31	HRAS	3P	Other	None	None	Effector	None	Multiple-Unbound	P 21 21 21	167	1-167	1998-04-29	SP2	285.6455	0.0018	Unbound	Unbound	11,12,60,62,68,86,88,89,92,95,96	MG,GNP	Ral guanine nucleotide dissociation stimulator	None	C:36,64,37,67,24,25,41,40,39,38,56,31,33,35,34	GNDS_RAT	None	None	None	RA-RasGEF	None	C	GNP	MG	None	None	None	None	STP	XRAY	2.100	0.206	MTEYKLVVVGAGGVGKSALTIQLIQNHFVDKYDPTIEDSYRKQVVIDGETCLLDILDTAGQEEYSAMRDQYMRTGEGFLCVFAINNTKSFEDIHQYREQIKRVKDSDDVPMVLVGNKCDLAARTVESRQAQDLARSYGIPYIETSAKTRQGVEDAFYTLVREIRQHK	True	75.648	78.256	87.313	90.00	90.00	90.00	/Users/mitchellparker/Desktop/rascore_build/core/1lfdD_core.cif	/Users/mitchellparker/Desktop/rascore_build/rcsb/1lfd.cif.gz	/Users/mitchellparker/Desktop/rascore_build/renum/1lfd_renum.cif	/Users/mitchellparker/Desktop/rascore_build/rcsb_assembly/1lfd-assembly-2.cif.gz	/Users/mitchellparker/Desktop/rascore_build/renum_assembly/1lfd-assembly-2_renum.cif	/Users/mitchellparker/Desktop/rascore_build/sifts/1lfd.xml.gz	/Users/mitchellparker/Desktop/rascore_build/pocket/1lfdD_4_pocket.pdb
1lfdD	1lfd	0	D	Y32in.3P-ON	Y71in.3P-R	Y32in	Y71in	P 21 21 21 (CF2)	1lfdD6	6	GTPase HRas	RASH_HUMAN	P01112	E31K	E31	HRAS	3P	Other	None	None	Effector	None	Multiple-Unbound	P 21 21 21	167	1-167	1998-04-29	SP12	217.9428	0.0301	Unbound	Unbound	5,6,7,39,54,55,56,74,75	MG,GNP	Ral guanine nucleotide dissociation stimulator	None	C:36,64,37,67,24,25,41,40,39,38,56,31,33,35,34	GNDS_RAT	None	None	None	RA-RasGEF	None	C	GNP	MG	None	None	None	None	STP	XRAY	2.100	0.206	MTEYKLVVVGAGGVGKSALTIQLIQNHFVDKYDPTIEDSYRKQVVIDGETCLLDILDTAGQEEYSAMRDQYMRTGEGFLCVFAINNTKSFEDIHQYREQIKRVKDSDDVPMVLVGNKCDLAARTVESRQAQDLARSYGIPYIETSAKTRQGVEDAFYTLVREIRQHK	True	75.648	78.256	87.313	90.00	90.00	90.00	/Users/mitchellparker/Desktop/rascore_build/core/1lfdD_core.cif	/Users/mitchellparker/Desktop/rascore_build/rcsb/1lfd.cif.gz	/Users/mitchellparker/Desktop/rascore_build/renum/1lfd_renum.cif	/Users/mitchellparker/Desktop/rascore_build/rcsb_assembly/1lfd-assembly-2.cif.gz	/Users/mitchellparker/Desktop/rascore_build/renum_assembly/1lfd-assembly-2_renum.cif	/Users/mitchellparker/Desktop/rascore_build/sifts/1lfd.xml.gz	/Users/mitchellparker/Desktop/rascore_build/pocket/1lfdD_6_pocket.pdb
1lfdD	1lfd	0	D	Y32in.3P-ON	Y71in.3P-R	Y32in	Y71in	P 21 21 21 (CF2)	1lfdD7	7	GTPase HRas	RASH_HUMAN	P01112	E31K	E31	HRAS	3P	Other	None	None	Effector	None	Multiple-Unbound	P 21 21 21	167	1-167	1998-04-29	Other	253.0253	0.0006	Unbound	Unbound	90,94,129,132,133,136	MG,GNP	Ral guanine nucleotide dissociation stimulator	None	C:36,64,37,67,24,25,41,40,39,38,56,31,33,35,34	GNDS_RAT	None	None	None	RA-RasGEF	None	C	GNP	MG	None	None	None	None	STP	XRAY	2.100	0.206	MTEYKLVVVGAGGVGKSALTIQLIQNHFVDKYDPTIEDSYRKQVVIDGETCLLDILDTAGQEEYSAMRDQYMRTGEGFLCVFAINNTKSFEDIHQYREQIKRVKDSDDVPMVLVGNKCDLAARTVESRQAQDLARSYGIPYIETSAKTRQGVEDAFYTLVREIRQHK	True	75.648	78.256	87.313	90.00	90.00	90.00	/Users/mitchellparker/Desktop/rascore_build/core/1lfdD_core.cif	/Users/mitchellparker/Desktop/rascore_build/rcsb/1lfd.cif.gz	/Users/mitchellparker/Desktop/rascore_build/renum/1lfd_renum.cif	/Users/mitchellparker/Desktop/rascore_build/rcsb_assembly/1lfd-assembly-2.cif.gz	/Users/mitchellparker/Desktop/rascore_build/renum_assembly/1lfd-assembly-2_renum.cif	/Users/mitchellparker/Desktop/rascore_build/sifts/1lfd.xml.gz	/Users/mitchellparker/Desktop/rascore_build/pocket/1lfdD_7_pocket.pdb
1lfdD	1lfd	0	D	Y32in.3P-ON	Y71in.3P-R	Y32in	Y71in	P 21 21 21 (CF2)	1lfdD8	8	GTPase HRas	RASH_HUMAN	P01112	E31K	E31	HRAS	3P	Other	None	None	Effector	None	Multiple-Unbound	P 21 21 21	167	1-167	1998-04-29	Other	175.2164	0.0040	Unbound	Unbound	76,104,109,110,163,166,167	MG,GNP	Ral guanine nucleotide dissociation stimulator	None	C:36,64,37,67,24,25,41,40,39,38,56,31,33,35,34	GNDS_RAT	None	None	None	RA-RasGEF	None	C	GNP	MG	None	None	None	None	STP	XRAY	2.100	0.206	MTEYKLVVVGAGGVGKSALTIQLIQNHFVDKYDPTIEDSYRKQVVIDGETCLLDILDTAGQEEYSAMRDQYMRTGEGFLCVFAINNTKSFEDIHQYREQIKRVKDSDDVPMVLVGNKCDLAARTVESRQAQDLARSYGIPYIETSAKTRQGVEDAFYTLVREIRQHK	True	75.648	78.256	87.313	90.00	90.00	90.00	/Users/mitchellparker/Desktop/rascore_build/core/1lfdD_core.cif	/Users/mitchellparker/Desktop/rascore_build/rcsb/1lfd.cif.gz	/Users/mitchellparker/Desktop/rascore_build/renum/1lfd_renum.cif	/Users/mitchellparker/Desktop/rascore_build/rcsb_assembly/1lfd-assembly-2.cif.gz	/Users/mitchellparker/Desktop/rascore_build/renum_assembly/1lfd-assembly-2_renum.cif	/Users/mitchellparker/Desktop/rascore_build/sifts/1lfd.xml.gz	/Users/mitchellparker/Desktop/rascore_build/pocket/1lfdD_8_pocket.pdb
1lfdD	1lfd	0	D	Y32in.3P-ON	Y71in.3P-R	Y32in	Y71in	P 21 21 21 (CF2)	1lfdD9	9	GTPase HRas	RASH_HUMAN	P01112	E31K	E31	HRAS	3P	Other	None	None	Effector	None	Multiple-Unbound	P 21 21 21	167	1-167	1998-04-29	Other	214.2531	0.0001	Unbound	Unbound	123,124,125,126,127	MG,GNP	Ral guanine nucleotide dissociation stimulator	None	C:36,64,37,67,24,25,41,40,39,38,56,31,33,35,34	GNDS_RAT	None	None	None	RA-RasGEF	None	C	GNP	MG	None	None	None	None	STP	XRAY	2.100	0.206	MTEYKLVVVGAGGVGKSALTIQLIQNHFVDKYDPTIEDSYRKQVVIDGETCLLDILDTAGQEEYSAMRDQYMRTGEGFLCVFAINNTKSFEDIHQYREQIKRVKDSDDVPMVLVGNKCDLAARTVESRQAQDLARSYGIPYIETSAKTRQGVEDAFYTLVREIRQHK	True	75.648	78.256	87.313	90.00	90.00	90.00	/Users/mitchellparker/Desktop/rascore_build/core/1lfdD_core.cif	/Users/mitchellparker/Desktop/rascore_build/rcsb/1lfd.cif.gz	/Users/mitchellparker/Desktop/rascore_build/renum/1lfd_renum.cif	/Users/mitchellparker/Desktop/rascore_build/rcsb_assembly/1lfd-assembly-2.cif.gz	/Users/mitchellparker/Desktop/rascore_build/renum_assembly/1lfd-assembly-2_renum.cif	/Users/mitchellparker/Desktop/rascore_build/sifts/1lfd.xml.gz	/Users/mitchellparker/Desktop/rascore_build/pocket/1lfdD_9_pocket.pdb
1nvuQ	1nvu	0	Q	Y32in.3P-ON	Outlier	Y32in	Y71out	I 4 2 2 (CF2)	1nvuQ1	1	GTPase HRas	RASH_HUMAN	P01112	A59G	A59	HRAS	3P	Other	None	None	GEF.REM	None	Other-Unbound	I 4 2 2	166	1-166	2003-02-04	Other	403.0166	0.0067	Unbound	Unbound	97,100,101,106,107,108,109,110,111,137,138,139,162,166	MG,PO4,GTP	Son of sevenless homolog 1	None	S:70,37,71,39,56,66,64,67,36,34,38,33,62,35,31,27,26,25,22,148,149,153,43,50,1,45,44,41,42,24,152,17	SOS1_HUMAN	None	None	None	RasGEF	None	S	GTP	MG	None	PO4	None	None	STP	XRAY	2.200	0.186	MTEYKLVVVGAGGVGKSALTIQLIQNHFVDEYDPTIEDSYRKQVVIDGETCLLDILDTGGQEEYSAMRDQYMRTGEGFLCVFAINNTKSFEDIHQYREQIKRVKDSDDVPMVLVGNKCDLAARTVESRQAQDLARSYGIPYIETSAKTRQGVEDAFYTLVREIRQH	True	183.312	183.312	178.509	90.00	90.00	90.00	/Users/mitchellparker/Desktop/rascore_build/core/1nvuQ_core.cif	/Users/mitchellparker/Desktop/rascore_build/rcsb/1nvu.cif.gz	/Users/mitchellparker/Desktop/rascore_build/renum/1nvu_renum.cif	/Users/mitchellparker/Desktop/rascore_build/rcsb_assembly/1nvu-assembly-1.cif.gz	/Users/mitchellparker/Desktop/rascore_build/renum_assembly/1nvu-assembly-1_renum.cif	/Users/mitchellparker/Desktop/rascore_build/sifts/1nvu.xml.gz	/Users/mitchellparker/Desktop/rascore_build/pocket/1nvuQ_1_pocket.pdb
1nvuQ	1nvu	0	Q	Y32in.3P-ON	Outlier	Y32in	Y71out	I 4 2 2 (CF2)	1nvuQ2	2	GTPase HRas	RASH_HUMAN	P01112	A59G	A59	HRAS	3P	Other	None	None	GEF.REM	None	Other-Unbound	I 4 2 2	166	1-166	2003-02-04	Other	296.0546	0.0162	Unbound	Unbound	74,75,76,104,106,109,110,163,166	MG,PO4,GTP	Son of sevenless homolog 1	None	S:70,37,71,39,56,66,64,67,36,34,38,33,62,35,31,27,26,25,22,148,149,153,43,50,1,45,44,41,42,24,152,17	SOS1_HUMAN	None	None	None	RasGEF	None	S	GTP	MG	None	PO4	None	None	STP	XRAY	2.200	0.186	MTEYKLVVVGAGGVGKSALTIQLIQNHFVDEYDPTIEDSYRKQVVIDGETCLLDILDTGGQEEYSAMRDQYMRTGEGFLCVFAINNTKSFEDIHQYREQIKRVKDSDDVPMVLVGNKCDLAARTVESRQAQDLARSYGIPYIETSAKTRQGVEDAFYTLVREIRQH	True	183.312	183.312	178.509	90.00	90.00	90.00	/Users/mitchellparker/Desktop/rascore_build/core/1nvuQ_core.cif	/Users/mitchellparker/Desktop/rascore_build/rcsb/1nvu.cif.gz	/Users/mitchellparker/Desktop/rascore_build/renum/1nvu_renum.cif	/Users/mitchellparker/Desktop/rascore_build/rcsb_assembly/1nvu-assembly-1.cif.gz	/Users/mitchellparker/Desktop/rascore_build/renum_assembly/1nvu-assembly-1_renum.cif	/Users/mitchellparker/Desktop/rascore_build/sifts/1nvu.xml.gz	/Users/mitchellparker/Desktop/rascore_build/pocket/1nvuQ_2_pocket.pdb
1nvuR	1nvu	0	R	Outlier	Y71out.0P-GEF	Y32out	Y71out	I 4 2 2 (CF2)	1nvuR1	1	GTPase HRas	RASH_HUMAN	P01112	A59G	A59	HRAS	0P	Other	None	None	GEF.CDC25	None	SP2-Unbound	I 4 2 2	166	1-166	2003-02-04	SP2	194.9443	0.0202	Unbound	Unbound	7,9,10,16,58,61,62,64,68,71,72,96	PO4	Son of sevenless homolog 1	None	S:31,30,60,63,64,65,66,70,67,73,69,102,103,40,41,54,55,56,71,37,61,59,57,34,35,17,21,32,18,25,33,95,12,13	SOS1_HUMAN	None	None	None	RasGEF	None	S	None	None	None	PO4	None	None	STP	XRAY	2.200	0.186	MTEYKLVVVGAGGVGKSALTIQLIQNHFVDEYDPTIEDSYRKQVVIDGETCLLDILDTGGQEEYSAMRDQYMRTGEGFLCVFAINNTKSFEDIHQYREQIKRVKDSDDVPMVLVGNKCDLAARTVESRQAQDLARSYGIPYIETSAKTRQGVEDAFYTLVREIRQH	True	183.312	183.312	178.509	90.00	90.00	90.00	/Users/mitchellparker/Desktop/rascore_build/core/1nvuR_core.cif	/Users/mitchellparker/Desktop/rascore_build/rcsb/1nvu.cif.gz	/Users/mitchellparker/Desktop/rascore_build/renum/1nvu_renum.cif	/Users/mitchellparker/Desktop/rascore_build/rcsb_assembly/1nvu-assembly-1.cif.gz	/Users/mitchellparker/Desktop/rascore_build/renum_assembly/1nvu-assembly-1_renum.cif	/Users/mitchellparker/Desktop/rascore_build/sifts/1nvu.xml.gz	/Users/mitchellparker/Desktop/rascore_build/pocket/1nvuR_1_pocket.pdb
1nvuR	1nvu	0	R	Outlier	Y71out.0P-GEF	Y32out	Y71out	I 4 2 2 (CF2)	1nvuR2	2	GTPase HRas	RASH_HUMAN	P01112	A59G	A59	HRAS	0P	Other	None	None	GEF.CDC25	None	SP2-Unbound	I 4 2 2	166	1-166	2003-02-04	Other	287.7238	0.0001	Unbound	Unbound	149,151,153,154,157,161	PO4	Son of sevenless homolog 1	None	S:31,30,60,63,64,65,66,70,67,73,69,102,103,40,41,54,55,56,71,37,61,59,57,34,35,17,21,32,18,25,33,95,12,13	SOS1_HUMAN	None	None	None	RasGEF	None	S	None	None	None	PO4	None	None	STP	XRAY	2.200	0.186	MTEYKLVVVGAGGVGKSALTIQLIQNHFVDEYDPTIEDSYRKQVVIDGETCLLDILDTGGQEEYSAMRDQYMRTGEGFLCVFAINNTKSFEDIHQYREQIKRVKDSDDVPMVLVGNKCDLAARTVESRQAQDLARSYGIPYIETSAKTRQGVEDAFYTLVREIRQH	True	183.312	183.312	178.509	90.00	90.00	90.00	/Users/mitchellparker/Desktop/rascore_build/core/1nvuR_core.cif	/Users/mitchellparker/Desktop/rascore_build/rcsb/1nvu.cif.gz	/Users/mitchellparker/Desktop/rascore_build/renum/1nvu_renum.cif	/Users/mitchellparker/Desktop/rascore_build/rcsb_assembly/1nvu-assembly-1.cif.gz	/Users/mitchellparker/Desktop/rascore_build/renum_assembly/1nvu-assembly-1_renum.cif	/Users/mitchellparker/Desktop/rascore_build/sifts/1nvu.xml.gz	/Users/mitchellparker/Desktop/rascore_build/pocket/1nvuR_2_pocket.pdb
1nvuR	1nvu	0	R	Outlier	Y71out.0P-GEF	Y32out	Y71out	I 4 2 2 (CF2)	1nvuR3	3	GTPase HRas	RASH_HUMAN	P01112	A59G	A59	HRAS	0P	Other	None	None	GEF.CDC25	None	SP2-Unbound	I 4 2 2	166	1-166	2003-02-04	Other	172.0281	0.0002	Unbound	Unbound	117,123,143,144,145,150	PO4	Son of sevenless homolog 1	None	S:31,30,60,63,64,65,66,70,67,73,69,102,103,40,41,54,55,56,71,37,61,59,57,34,35,17,21,32,18,25,33,95,12,13	SOS1_HUMAN	None	None	None	RasGEF	None	S	None	None	None	PO4	None	None	STP	XRAY	2.200	0.186	MTEYKLVVVGAGGVGKSALTIQLIQNHFVDEYDPTIEDSYRKQVVIDGETCLLDILDTGGQEEYSAMRDQYMRTGEGFLCVFAINNTKSFEDIHQYREQIKRVKDSDDVPMVLVGNKCDLAARTVESRQAQDLARSYGIPYIETSAKTRQGVEDAFYTLVREIRQH	True	183.312	183.312	178.509	90.00	90.00	90.00	/Users/mitchellparker/Desktop/rascore_build/core/1nvuR_core.cif	/Users/mitchellparker/Desktop/rascore_build/rcsb/1nvu.cif.gz	/Users/mitchellparker/Desktop/rascore_build/renum/1nvu_renum.cif	/Users/mitchellparker/Desktop/rascore_build/rcsb_assembly/1nvu-assembly-1.cif.gz	/Users/mitchellparker/Desktop/rascore_build/renum_assembly/1nvu-assembly-1_renum.cif	/Users/mitchellparker/Desktop/rascore_build/sifts/1nvu.xml.gz	/Users/mitchellparker/Desktop/rascore_build/pocket/1nvuR_3_pocket.pdb
1nvuR	1nvu	0	R	Outlier	Y71out.0P-GEF	Y32out	Y71out	I 4 2 2 (CF2)	1nvuR4	4	GTPase HRas	RASH_HUMAN	P01112	A59G	A59	HRAS	0P	Other	None	None	GEF.CDC25	None	SP2-Unbound	I 4 2 2	166	1-166	2003-02-04	Other	224.1966	0.0002	Unbound	Unbound	97,107,108,109,110,111,137,138,139,162,165,166	PO4	Son of sevenless homolog 1	None	S:31,30,60,63,64,65,66,70,67,73,69,102,103,40,41,54,55,56,71,37,61,59,57,34,35,17,21,32,18,25,33,95,12,13	SOS1_HUMAN	None	None	None	RasGEF	None	S	None	None	None	PO4	None	None	STP	XRAY	2.200	0.186	MTEYKLVVVGAGGVGKSALTIQLIQNHFVDEYDPTIEDSYRKQVVIDGETCLLDILDTGGQEEYSAMRDQYMRTGEGFLCVFAINNTKSFEDIHQYREQIKRVKDSDDVPMVLVGNKCDLAARTVESRQAQDLARSYGIPYIETSAKTRQGVEDAFYTLVREIRQH	True	183.312	183.312	178.509	90.00	90.00	90.00	/Users/mitchellparker/Desktop/rascore_build/core/1nvuR_core.cif	/Users/mitchellparker/Desktop/rascore_build/rcsb/1nvu.cif.gz	/Users/mitchellparker/Desktop/rascore_build/renum/1nvu_renum.cif	/Users/mitchellparker/Desktop/rascore_build/rcsb_assembly/1nvu-assembly-1.cif.gz	/Users/mitchellparker/Desktop/rascore_build/renum_assembly/1nvu-assembly-1_renum.cif	/Users/mitchellparker/Desktop/rascore_build/sifts/1nvu.xml.gz	/Users/mitchellparker/Desktop/rascore_build/pocket/1nvuR_4_pocket.pdb
1nvuR	1nvu	0	R	Outlier	Y71out.0P-GEF	Y32out	Y71out	I 4 2 2 (CF2)	1nvuR5	5	GTPase HRas	RASH_HUMAN	P01112	A59G	A59	HRAS	0P	Other	None	None	GEF.CDC25	None	SP2-Unbound	I 4 2 2	166	1-166	2003-02-04	Other	551.0635	0.0001	Unbound	Unbound	128,131,132,134,135,138,139,140,141,162	PO4	Son of sevenless homolog 1	None	S:31,30,60,63,64,65,66,70,67,73,69,102,103,40,41,54,55,56,71,37,61,59,57,34,35,17,21,32,18,25,33,95,12,13	SOS1_HUMAN	None	None	None	RasGEF	None	S	None	None	None	PO4	None	None	STP	XRAY	2.200	0.186	MTEYKLVVVGAGGVGKSALTIQLIQNHFVDEYDPTIEDSYRKQVVIDGETCLLDILDTGGQEEYSAMRDQYMRTGEGFLCVFAINNTKSFEDIHQYREQIKRVKDSDDVPMVLVGNKCDLAARTVESRQAQDLARSYGIPYIETSAKTRQGVEDAFYTLVREIRQH	True	183.312	183.312	178.509	90.00	90.00	90.00	/Users/mitchellparker/Desktop/rascore_build/core/1nvuR_core.cif	/Users/mitchellparker/Desktop/rascore_build/rcsb/1nvu.cif.gz	/Users/mitchellparker/Desktop/rascore_build/renum/1nvu_renum.cif	/Users/mitchellparker/Desktop/rascore_build/rcsb_assembly/1nvu-assembly-1.cif.gz	/Users/mitchellparker/Desktop/rascore_build/renum_assembly/1nvu-assembly-1_renum.cif	/Users/mitchellparker/Desktop/rascore_build/sifts/1nvu.xml.gz	/Users/mitchellparker/Desktop/rascore_build/pocket/1nvuR_5_pocket.pdb
1nvuR	1nvu	0	R	Outlier	Y71out.0P-GEF	Y32out	Y71out	I 4 2 2 (CF2)	1nvuR6	6	GTPase HRas	RASH_HUMAN	P01112	A59G	A59	HRAS	0P	Other	None	None	GEF.CDC25	None	SP2-Unbound	I 4 2 2	166	1-166	2003-02-04	Other	252.1712	0.0056	Unbound	Unbound	47,49,158,161,162,164,165	PO4	Son of sevenless homolog 1	None	S:31,30,60,63,64,65,66,70,67,73,69,102,103,40,41,54,55,56,71,37,61,59,57,34,35,17,21,32,18,25,33,95,12,13	SOS1_HUMAN	None	None	None	RasGEF	None	S	None	None	None	PO4	None	None	STP	XRAY	2.200	0.186	MTEYKLVVVGAGGVGKSALTIQLIQNHFVDEYDPTIEDSYRKQVVIDGETCLLDILDTGGQEEYSAMRDQYMRTGEGFLCVFAINNTKSFEDIHQYREQIKRVKDSDDVPMVLVGNKCDLAARTVESRQAQDLARSYGIPYIETSAKTRQGVEDAFYTLVREIRQH	True	183.312	183.312	178.509	90.00	90.00	90.00	/Users/mitchellparker/Desktop/rascore_build/core/1nvuR_core.cif	/Users/mitchellparker/Desktop/rascore_build/rcsb/1nvu.cif.gz	/Users/mitchellparker/Desktop/rascore_build/renum/1nvu_renum.cif	/Users/mitchellparker/Desktop/rascore_build/rcsb_assembly/1nvu-assembly-1.cif.gz	/Users/mitchellparker/Desktop/rascore_build/renum_assembly/1nvu-assembly-1_renum.cif	/Users/mitchellparker/Desktop/rascore_build/sifts/1nvu.xml.gz	/Users/mitchellparker/Desktop/rascore_build/pocket/1nvuR_6_pocket.pdb
1nvvQ	1nvv	0	Q	Y32in.3P-ON	Y71in.3P-R	Y32in	Y71in	I 4 2 2 (CF2)	1nvvQ1	1	GTPase HRas	RASH_HUMAN	P01112	Y64A	Y64	HRAS	3P	Other	None	None	GEF.REM	None	Other-Unbound	I 4 2 2	166	1-166	2003-02-04	Other	355.4130	0.0081	Unbound	Unbound	97,101,106,107,108,109,110,111,137,138,139,162,166	MG,PO4,GNP	Son of sevenless homolog 1	None	S:70,37,39,66,63,64,67,36,34,35,33,38,61,31,27,26,25,149,148,153,43,50,1,45,44,41,42,24	SOS1_HUMAN	None	None	None	RasGEF	None	S	GNP	MG	None	PO4	None	None	STP	XRAY	2.180	0.208	MTEYKLVVVGAGGVGKSALTIQLIQNHFVDEYDPTIEDSYRKQVVIDGETCLLDILDTAGQEEASAMRDQYMRTGEGFLCVFAINNTKSFEDIHQYREQIKRVKDSDDVPMVLVGNKCDLAARTVESRQAQDLARSYGIPYIETSAKTRQGVEDAFYTLVREIRQH	True	184.163	184.163	179.076	90.00	90.00	90.00	/Users/mitchellparker/Desktop/rascore_build/core/1nvvQ_core.cif	/Users/mitchellparker/Desktop/rascore_build/rcsb/1nvv.cif.gz	/Users/mitchellparker/Desktop/rascore_build/renum/1nvv_renum.cif	/Users/mitchellparker/Desktop/rascore_build/rcsb_assembly/1nvv-assembly-4.cif.gz	/Users/mitchellparker/Desktop/rascore_build/renum_assembly/1nvv-assembly-4_renum.cif	/Users/mitchellparker/Desktop/rascore_build/sifts/1nvv.xml.gz	/Users/mitchellparker/Desktop/rascore_build/pocket/1nvvQ_1_pocket.pdb
1nvvQ	1nvv	0	Q	Y32in.3P-ON	Y71in.3P-R	Y32in	Y71in	I 4 2 2 (CF2)	1nvvQ2	2	GTPase HRas	RASH_HUMAN	P01112	Y64A	Y64	HRAS	3P	Other	None	None	GEF.REM	None	Other-Unbound	I 4 2 2	166	1-166	2003-02-04	Other	282.5606	0.0006	Unbound	Unbound	90,94,129,132,133	MG,PO4,GNP	Son of sevenless homolog 1	None	S:70,37,39,66,63,64,67,36,34,35,33,38,61,31,27,26,25,149,148,153,43,50,1,45,44,41,42,24	SOS1_HUMAN	None	None	None	RasGEF	None	S	GNP	MG	None	PO4	None	None	STP	XRAY	2.180	0.208	MTEYKLVVVGAGGVGKSALTIQLIQNHFVDEYDPTIEDSYRKQVVIDGETCLLDILDTAGQEEASAMRDQYMRTGEGFLCVFAINNTKSFEDIHQYREQIKRVKDSDDVPMVLVGNKCDLAARTVESRQAQDLARSYGIPYIETSAKTRQGVEDAFYTLVREIRQH	True	184.163	184.163	179.076	90.00	90.00	90.00	/Users/mitchellparker/Desktop/rascore_build/core/1nvvQ_core.cif	/Users/mitchellparker/Desktop/rascore_build/rcsb/1nvv.cif.gz	/Users/mitchellparker/Desktop/rascore_build/renum/1nvv_renum.cif	/Users/mitchellparker/Desktop/rascore_build/rcsb_assembly/1nvv-assembly-4.cif.gz	/Users/mitchellparker/Desktop/rascore_build/renum_assembly/1nvv-assembly-4_renum.cif	/Users/mitchellparker/Desktop/rascore_build/sifts/1nvv.xml.gz	/Users/mitchellparker/Desktop/rascore_build/pocket/1nvvQ_2_pocket.pdb
1nvvQ	1nvv	0	Q	Y32in.3P-ON	Y71in.3P-R	Y32in	Y71in	I 4 2 2 (CF2)	1nvvQ3	3	GTPase HRas	RASH_HUMAN	P01112	Y64A	Y64	HRAS	3P	Other	None	None	GEF.REM	None	Other-Unbound	I 4 2 2	166	1-166	2003-02-04	Other	431.0898	0.0019	Unbound	Unbound	73,74,75,76,104,106,109,110,163,166	MG,PO4,GNP	Son of sevenless homolog 1	None	S:70,37,39,66,63,64,67,36,34,35,33,38,61,31,27,26,25,149,148,153,43,50,1,45,44,41,42,24	SOS1_HUMAN	None	None	None	RasGEF	None	S	GNP	MG	None	PO4	None	None	STP	XRAY	2.180	0.208	MTEYKLVVVGAGGVGKSALTIQLIQNHFVDEYDPTIEDSYRKQVVIDGETCLLDILDTAGQEEASAMRDQYMRTGEGFLCVFAINNTKSFEDIHQYREQIKRVKDSDDVPMVLVGNKCDLAARTVESRQAQDLARSYGIPYIETSAKTRQGVEDAFYTLVREIRQH	True	184.163	184.163	179.076	90.00	90.00	90.00	/Users/mitchellparker/Desktop/rascore_build/core/1nvvQ_core.cif	/Users/mitchellparker/Desktop/rascore_build/rcsb/1nvv.cif.gz	/Users/mitchellparker/Desktop/rascore_build/renum/1nvv_renum.cif	/Users/mitchellparker/Desktop/rascore_build/rcsb_assembly/1nvv-assembly-4.cif.gz	/Users/mitchellparker/Desktop/rascore_build/renum_assembly/1nvv-assembly-4_renum.cif	/Users/mitchellparker/Desktop/rascore_build/sifts/1nvv.xml.gz	/Users/mitchellparker/Desktop/rascore_build/pocket/1nvvQ_3_pocket.pdb
1nvvR	1nvv	0	R	Outlier	Y71out.0P-GEF	Y32out	Y71out	I 4 2 2 (CF2)	1nvvR1	1	GTPase HRas	RASH_HUMAN	P01112	WT	WT	HRAS	0P	WT	None	None	GEF.CDC25	None	SP2-Unbound	I 4 2 2	166	1-166	2003-02-04	SP2	233.6138	0.0136	Unbound	Unbound	7,8,9,10,16,58,61,62,64,68,71,72,96	PO4	Son of sevenless homolog 1	None	S:31,30,60,63,64,65,66,70,67,73,69,102,103,41,40,55,56,54,71,61,59,58,34,21,32,17,57,18,25,33,95,35	SOS1_HUMAN	None	None	None	RasGEF	None	S	None	None	None	PO4	None	None	STP	XRAY	2.180	0.208	MTEYKLVVVGAGGVGKSALTIQLIQNHFVDEYDPTIEDSYRKQVVIDGETCLLDILDTAGQEEYSAMRDQYMRTGEGFLCVFAINNTKSFEDIHQYREQIKRVKDSDDVPMVLVGNKCDLAARTVESRQAQDLARSYGIPYIETSAKTRQGVEDAFYTLVREIRQH	True	184.163	184.163	179.076	90.00	90.00	90.00	/Users/mitchellparker/Desktop/rascore_build/core/1nvvR_core.cif	/Users/mitchellparker/Desktop/rascore_build/rcsb/1nvv.cif.gz	/Users/mitchellparker/Desktop/rascore_build/renum/1nvv_renum.cif	/Users/mitchellparker/Desktop/rascore_build/rcsb_assembly/1nvv-assembly-4.cif.gz	/Users/mitchellparker/Desktop/rascore_build/renum_assembly/1nvv-assembly-4_renum.cif	/Users/mitchellparker/Desktop/rascore_build/sifts/1nvv.xml.gz	/Users/mitchellparker/Desktop/rascore_build/pocket/1nvvR_1_pocket.pdb
1nvvR	1nvv	0	R	Outlier	Y71out.0P-GEF	Y32out	Y71out	I 4 2 2 (CF2)	1nvvR2	2	GTPase HRas	RASH_HUMAN	P01112	WT	WT	HRAS	0P	WT	None	None	GEF.CDC25	None	SP2-Unbound	I 4 2 2	166	1-166	2003-02-04	Other	241.9349	0.0004	Unbound	Unbound	22,23,27,149,151,152,153,154	PO4	Son of sevenless homolog 1	None	S:31,30,60,63,64,65,66,70,67,73,69,102,103,41,40,55,56,54,71,61,59,58,34,21,32,17,57,18,25,33,95,35	SOS1_HUMAN	None	None	None	RasGEF	None	S	None	None	None	PO4	None	None	STP	XRAY	2.180	0.208	MTEYKLVVVGAGGVGKSALTIQLIQNHFVDEYDPTIEDSYRKQVVIDGETCLLDILDTAGQEEYSAMRDQYMRTGEGFLCVFAINNTKSFEDIHQYREQIKRVKDSDDVPMVLVGNKCDLAARTVESRQAQDLARSYGIPYIETSAKTRQGVEDAFYTLVREIRQH	True	184.163	184.163	179.076	90.00	90.00	90.00	/Users/mitchellparker/Desktop/rascore_build/core/1nvvR_core.cif	/Users/mitchellparker/Desktop/rascore_build/rcsb/1nvv.cif.gz	/Users/mitchellparker/Desktop/rascore_build/renum/1nvv_renum.cif	/Users/mitchellparker/Desktop/rascore_build/rcsb_assembly/1nvv-assembly-4.cif.gz	/Users/mitchellparker/Desktop/rascore_build/renum_assembly/1nvv-assembly-4_renum.cif	/Users/mitchellparker/Desktop/rascore_build/sifts/1nvv.xml.gz	/Users/mitchellparker/Desktop/rascore_build/pocket/1nvvR_2_pocket.pdb
1nvvR	1nvv	0	R	Outlier	Y71out.0P-GEF	Y32out	Y71out	I 4 2 2 (CF2)	1nvvR3	3	GTPase HRas	RASH_HUMAN	P01112	WT	WT	HRAS	0P	WT	None	None	GEF.CDC25	None	SP2-Unbound	I 4 2 2	166	1-166	2003-02-04	Other	218.1568	0.0002	Unbound	Unbound	97,107,108,109,110,137,138,139,162,166	PO4	Son of sevenless homolog 1	None	S:31,30,60,63,64,65,66,70,67,73,69,102,103,41,40,55,56,54,71,61,59,58,34,21,32,17,57,18,25,33,95,35	SOS1_HUMAN	None	None	None	RasGEF	None	S	None	None	None	PO4	None	None	STP	XRAY	2.180	0.208	MTEYKLVVVGAGGVGKSALTIQLIQNHFVDEYDPTIEDSYRKQVVIDGETCLLDILDTAGQEEYSAMRDQYMRTGEGFLCVFAINNTKSFEDIHQYREQIKRVKDSDDVPMVLVGNKCDLAARTVESRQAQDLARSYGIPYIETSAKTRQGVEDAFYTLVREIRQH	True	184.163	184.163	179.076	90.00	90.00	90.00	/Users/mitchellparker/Desktop/rascore_build/core/1nvvR_core.cif	/Users/mitchellparker/Desktop/rascore_build/rcsb/1nvv.cif.gz	/Users/mitchellparker/Desktop/rascore_build/renum/1nvv_renum.cif	/Users/mitchellparker/Desktop/rascore_build/rcsb_assembly/1nvv-assembly-4.cif.gz	/Users/mitchellparker/Desktop/rascore_build/renum_assembly/1nvv-assembly-4_renum.cif	/Users/mitchellparker/Desktop/rascore_build/sifts/1nvv.xml.gz	/Users/mitchellparker/Desktop/rascore_build/pocket/1nvvR_3_pocket.pdb
1nvvR	1nvv	0	R	Outlier	Y71out.0P-GEF	Y32out	Y71out	I 4 2 2 (CF2)	1nvvR4	4	GTPase HRas	RASH_HUMAN	P01112	WT	WT	HRAS	0P	WT	None	None	GEF.CDC25	None	SP2-Unbound	I 4 2 2	166	1-166	2003-02-04	Other	543.0118	0.0000	Unbound	Unbound	128,131,132,134,135,138,139,140,141	PO4	Son of sevenless homolog 1	None	S:31,30,60,63,64,65,66,70,67,73,69,102,103,41,40,55,56,54,71,61,59,58,34,21,32,17,57,18,25,33,95,35	SOS1_HUMAN	None	None	None	RasGEF	None	S	None	None	None	PO4	None	None	STP	XRAY	2.180	0.208	MTEYKLVVVGAGGVGKSALTIQLIQNHFVDEYDPTIEDSYRKQVVIDGETCLLDILDTAGQEEYSAMRDQYMRTGEGFLCVFAINNTKSFEDIHQYREQIKRVKDSDDVPMVLVGNKCDLAARTVESRQAQDLARSYGIPYIETSAKTRQGVEDAFYTLVREIRQH	True	184.163	184.163	179.076	90.00	90.00	90.00	/Users/mitchellparker/Desktop/rascore_build/core/1nvvR_core.cif	/Users/mitchellparker/Desktop/rascore_build/rcsb/1nvv.cif.gz	/Users/mitchellparker/Desktop/rascore_build/renum/1nvv_renum.cif	/Users/mitchellparker/Desktop/rascore_build/rcsb_assembly/1nvv-assembly-4.cif.gz	/Users/mitchellparker/Desktop/rascore_build/renum_assembly/1nvv-assembly-4_renum.cif	/Users/mitchellparker/Desktop/rascore_build/sifts/1nvv.xml.gz	/Users/mitchellparker/Desktop/rascore_build/pocket/1nvvR_4_pocket.pdb
1nvwQ	1nvw	0	Q	Y32in.3P-ON	Outlier	Y32in	Y71in	I 4 2 2 (CF2)	1nvwQ2	2	GTPase HRas	RASH_HUMAN	P01112	WT	WT	HRAS	3P	WT	None	None	GEF.REM	None	Other-Unbound	I 4 2 2	166	1-166	2003-02-04	Other	285.6894	0.0025	Unbound	Unbound	97,101,106,107,108,109,110,111,137,138,139,162,166	MG,PO4,PO4,GNP	Son of sevenless homolog 1	None	S:70,37,39,56,65,64,36,67,34,33,38,35,61,31,27,25,26,149,22,153,43,50,1,45,44,41,42,24	SOS1_HUMAN	None	None	None	RasGEF	None	S	GNP	MG	None	PO4	None	None	STP	XRAY	2.700	0.209	MTEYKLVVVGAGGVGKSALTIQLIQNHFVDEYDPTIEDSYRKQVVIDGETCLLDILDTAGQEEYSAMRDQYMRTGEGFLCVFAINNTKSFEDIHQYREQIKRVKDSDDVPMVLVGNKCDLAARTVESRQAQDLARSYGIPYIETSAKTRQGVEDAFYTLVREIRQH	True	184.046	184.046	178.943	90.00	90.00	90.00	/Users/mitchellparker/Desktop/rascore_build/core/1nvwQ_core.cif	/Users/mitchellparker/Desktop/rascore_build/rcsb/1nvw.cif.gz	/Users/mitchellparker/Desktop/rascore_build/renum/1nvw_renum.cif	/Users/mitchellparker/Desktop/rascore_build/rcsb_assembly/1nvw-assembly-3.cif.gz	/Users/mitchellparker/Desktop/rascore_build/renum_assembly/1nvw-assembly-3_renum.cif	/Users/mitchellparker/Desktop/rascore_build/sifts/1nvw.xml.gz	/Users/mitchellparker/Desktop/rascore_build/pocket/1nvwQ_2_pocket.pdb
1nvwQ	1nvw	0	Q	Y32in.3P-ON	Outlier	Y32in	Y71in	I 4 2 2 (CF2)	1nvwQ3	3	GTPase HRas	RASH_HUMAN	P01112	WT	WT	HRAS	3P	WT	None	None	GEF.REM	None	Other-Unbound	I 4 2 2	166	1-166	2003-02-04	Other	193.0926	0.0065	Unbound	Unbound	76,104,106,108,109,110,163,166	MG,PO4,PO4,GNP	Son of sevenless homolog 1	None	S:70,37,39,56,65,64,36,67,34,33,38,35,61,31,27,25,26,149,22,153,43,50,1,45,44,41,42,24	SOS1_HUMAN	None	None	None	RasGEF	None	S	GNP	MG	None	PO4	None	None	STP	XRAY	2.700	0.209	MTEYKLVVVGAGGVGKSALTIQLIQNHFVDEYDPTIEDSYRKQVVIDGETCLLDILDTAGQEEYSAMRDQYMRTGEGFLCVFAINNTKSFEDIHQYREQIKRVKDSDDVPMVLVGNKCDLAARTVESRQAQDLARSYGIPYIETSAKTRQGVEDAFYTLVREIRQH	True	184.046	184.046	178.943	90.00	90.00	90.00	/Users/mitchellparker/Desktop/rascore_build/core/1nvwQ_core.cif	/Users/mitchellparker/Desktop/rascore_build/rcsb/1nvw.cif.gz	/Users/mitchellparker/Desktop/rascore_build/renum/1nvw_renum.cif	/Users/mitchellparker/Desktop/rascore_build/rcsb_assembly/1nvw-assembly-3.cif.gz	/Users/mitchellparker/Desktop/rascore_build/renum_assembly/1nvw-assembly-3_renum.cif	/Users/mitchellparker/Desktop/rascore_build/sifts/1nvw.xml.gz	/Users/mitchellparker/Desktop/rascore_build/pocket/1nvwQ_3_pocket.pdb
1nvwR	1nvw	0	R	Outlier	Y71out.0P-GEF	Y32out	Y71out	I 4 2 2 (CF2)	1nvwR1	1	GTPase HRas	RASH_HUMAN	P01112	WT	WT	HRAS	0P	WT	None	None	GEF.CDC25	None	SP2-Unbound	I 4 2 2	166	1-166	2003-02-04	SP2	242.5388	0.0406	Unbound	Unbound	7,8,9,10,16,58,61,62,64,68,71,72,96	PO4	Son of sevenless homolog 1	None	S:31,30,60,63,64,65,66,70,67,73,69,102,103,41,40,55,54,71,37,61,59,58,34,35,21,32,57,17,18,25,33,95	SOS1_HUMAN	None	None	None	RasGEF	None	S	None	None	None	PO4	None	None	STP	XRAY	2.700	0.209	MTEYKLVVVGAGGVGKSALTIQLIQNHFVDEYDPTIEDSYRKQVVIDGETCLLDILDTAGQEEYSAMRDQYMRTGEGFLCVFAINNTKSFEDIHQYREQIKRVKDSDDVPMVLVGNKCDLAARTVESRQAQDLARSYGIPYIETSAKTRQGVEDAFYTLVREIRQH	True	184.046	184.046	178.943	90.00	90.00	90.00	/Users/mitchellparker/Desktop/rascore_build/core/1nvwR_core.cif	/Users/mitchellparker/Desktop/rascore_build/rcsb/1nvw.cif.gz	/Users/mitchellparker/Desktop/rascore_build/renum/1nvw_renum.cif	/Users/mitchellparker/Desktop/rascore_build/rcsb_assembly/1nvw-assembly-3.cif.gz	/Users/mitchellparker/Desktop/rascore_build/renum_assembly/1nvw-assembly-3_renum.cif	/Users/mitchellparker/Desktop/rascore_build/sifts/1nvw.xml.gz	/Users/mitchellparker/Desktop/rascore_build/pocket/1nvwR_1_pocket.pdb
1nvwR	1nvw	0	R	Outlier	Y71out.0P-GEF	Y32out	Y71out	I 4 2 2 (CF2)	1nvwR2	2	GTPase HRas	RASH_HUMAN	P01112	WT	WT	HRAS	0P	WT	None	None	GEF.CDC25	None	SP2-Unbound	I 4 2 2	166	1-166	2003-02-04	Other	258.5782	0.0008	Unbound	Unbound	22,23,42,149,151,152,153,154,157	PO4	Son of sevenless homolog 1	None	S:31,30,60,63,64,65,66,70,67,73,69,102,103,41,40,55,54,71,37,61,59,58,34,35,21,32,57,17,18,25,33,95	SOS1_HUMAN	None	None	None	RasGEF	None	S	None	None	None	PO4	None	None	STP	XRAY	2.700	0.209	MTEYKLVVVGAGGVGKSALTIQLIQNHFVDEYDPTIEDSYRKQVVIDGETCLLDILDTAGQEEYSAMRDQYMRTGEGFLCVFAINNTKSFEDIHQYREQIKRVKDSDDVPMVLVGNKCDLAARTVESRQAQDLARSYGIPYIETSAKTRQGVEDAFYTLVREIRQH	True	184.046	184.046	178.943	90.00	90.00	90.00	/Users/mitchellparker/Desktop/rascore_build/core/1nvwR_core.cif	/Users/mitchellparker/Desktop/rascore_build/rcsb/1nvw.cif.gz	/Users/mitchellparker/Desktop/rascore_build/renum/1nvw_renum.cif	/Users/mitchellparker/Desktop/rascore_build/rcsb_assembly/1nvw-assembly-3.cif.gz	/Users/mitchellparker/Desktop/rascore_build/renum_assembly/1nvw-assembly-3_renum.cif	/Users/mitchellparker/Desktop/rascore_build/sifts/1nvw.xml.gz	/Users/mitchellparker/Desktop/rascore_build/pocket/1nvwR_2_pocket.pdb
1nvwR	1nvw	0	R	Outlier	Y71out.0P-GEF	Y32out	Y71out	I 4 2 2 (CF2)	1nvwR3	3	GTPase HRas	RASH_HUMAN	P01112	WT	WT	HRAS	0P	WT	None	None	GEF.CDC25	None	SP2-Unbound	I 4 2 2	166	1-166	2003-02-04	Other	486.0691	0.0000	Unbound	Unbound	128,131,132,134,135,138,139,140,141,162	PO4	Son of sevenless homolog 1	None	S:31,30,60,63,64,65,66,70,67,73,69,102,103,41,40,55,54,71,37,61,59,58,34,35,21,32,57,17,18,25,33,95	SOS1_HUMAN	None	None	None	RasGEF	None	S	None	None	None	PO4	None	None	STP	XRAY	2.700	0.209	MTEYKLVVVGAGGVGKSALTIQLIQNHFVDEYDPTIEDSYRKQVVIDGETCLLDILDTAGQEEYSAMRDQYMRTGEGFLCVFAINNTKSFEDIHQYREQIKRVKDSDDVPMVLVGNKCDLAARTVESRQAQDLARSYGIPYIETSAKTRQGVEDAFYTLVREIRQH	True	184.046	184.046	178.943	90.00	90.00	90.00	/Users/mitchellparker/Desktop/rascore_build/core/1nvwR_core.cif	/Users/mitchellparker/Desktop/rascore_build/rcsb/1nvw.cif.gz	/Users/mitchellparker/Desktop/rascore_build/renum/1nvw_renum.cif	/Users/mitchellparker/Desktop/rascore_build/rcsb_assembly/1nvw-assembly-3.cif.gz	/Users/mitchellparker/Desktop/rascore_build/renum_assembly/1nvw-assembly-3_renum.cif	/Users/mitchellparker/Desktop/rascore_build/sifts/1nvw.xml.gz	/Users/mitchellparker/Desktop/rascore_build/pocket/1nvwR_3_pocket.pdb
1nvwR	1nvw	0	R	Outlier	Y71out.0P-GEF	Y32out	Y71out	I 4 2 2 (CF2)	1nvwR4	4	GTPase HRas	RASH_HUMAN	P01112	WT	WT	HRAS	0P	WT	None	None	GEF.CDC25	None	SP2-Unbound	I 4 2 2	166	1-166	2003-02-04	Other	280.9536	0.0007	Unbound	Unbound	117,123,143,144,145,148,150,151	PO4	Son of sevenless homolog 1	None	S:31,30,60,63,64,65,66,70,67,73,69,102,103,41,40,55,54,71,37,61,59,58,34,35,21,32,57,17,18,25,33,95	SOS1_HUMAN	None	None	None	RasGEF	None	S	None	None	None	PO4	None	None	STP	XRAY	2.700	0.209	MTEYKLVVVGAGGVGKSALTIQLIQNHFVDEYDPTIEDSYRKQVVIDGETCLLDILDTAGQEEYSAMRDQYMRTGEGFLCVFAINNTKSFEDIHQYREQIKRVKDSDDVPMVLVGNKCDLAARTVESRQAQDLARSYGIPYIETSAKTRQGVEDAFYTLVREIRQH	True	184.046	184.046	178.943	90.00	90.00	90.00	/Users/mitchellparker/Desktop/rascore_build/core/1nvwR_core.cif	/Users/mitchellparker/Desktop/rascore_build/rcsb/1nvw.cif.gz	/Users/mitchellparker/Desktop/rascore_build/renum/1nvw_renum.cif	/Users/mitchellparker/Desktop/rascore_build/rcsb_assembly/1nvw-assembly-3.cif.gz	/Users/mitchellparker/Desktop/rascore_build/renum_assembly/1nvw-assembly-3_renum.cif	/Users/mitchellparker/Desktop/rascore_build/sifts/1nvw.xml.gz	/Users/mitchellparker/Desktop/rascore_build/pocket/1nvwR_4_pocket.pdb
1nvwR	1nvw	0	R	Outlier	Y71out.0P-GEF	Y32out	Y71out	I 4 2 2 (CF2)	1nvwR5	5	GTPase HRas	RASH_HUMAN	P01112	WT	WT	HRAS	0P	WT	None	None	GEF.CDC25	None	SP2-Unbound	I 4 2 2	166	1-166	2003-02-04	Other	454.0323	0.0002	Unbound	Unbound	97,107,108,109,110,111,137,138,139,162,165,166	PO4	Son of sevenless homolog 1	None	S:31,30,60,63,64,65,66,70,67,73,69,102,103,41,40,55,54,71,37,61,59,58,34,35,21,32,57,17,18,25,33,95	SOS1_HUMAN	None	None	None	RasGEF	None	S	None	None	None	PO4	None	None	STP	XRAY	2.700	0.209	MTEYKLVVVGAGGVGKSALTIQLIQNHFVDEYDPTIEDSYRKQVVIDGETCLLDILDTAGQEEYSAMRDQYMRTGEGFLCVFAINNTKSFEDIHQYREQIKRVKDSDDVPMVLVGNKCDLAARTVESRQAQDLARSYGIPYIETSAKTRQGVEDAFYTLVREIRQH	True	184.046	184.046	178.943	90.00	90.00	90.00	/Users/mitchellparker/Desktop/rascore_build/core/1nvwR_core.cif	/Users/mitchellparker/Desktop/rascore_build/rcsb/1nvw.cif.gz	/Users/mitchellparker/Desktop/rascore_build/renum/1nvw_renum.cif	/Users/mitchellparker/Desktop/rascore_build/rcsb_assembly/1nvw-assembly-3.cif.gz	/Users/mitchellparker/Desktop/rascore_build/renum_assembly/1nvw-assembly-3_renum.cif	/Users/mitchellparker/Desktop/rascore_build/sifts/1nvw.xml.gz	/Users/mitchellparker/Desktop/rascore_build/pocket/1nvwR_5_pocket.pdb
1nvwR	1nvw	0	R	Outlier	Y71out.0P-GEF	Y32out	Y71out	I 4 2 2 (CF2)	1nvwR6	6	GTPase HRas	RASH_HUMAN	P01112	WT	WT	HRAS	0P	WT	None	None	GEF.CDC25	None	SP2-Unbound	I 4 2 2	166	1-166	2003-02-04	Other	220.4199	0.0013	Unbound	Unbound	47,49,161,164,165	PO4	Son of sevenless homolog 1	None	S:31,30,60,63,64,65,66,70,67,73,69,102,103,41,40,55,54,71,37,61,59,58,34,35,21,32,57,17,18,25,33,95	SOS1_HUMAN	None	None	None	RasGEF	None	S	None	None	None	PO4	None	None	STP	XRAY	2.700	0.209	MTEYKLVVVGAGGVGKSALTIQLIQNHFVDEYDPTIEDSYRKQVVIDGETCLLDILDTAGQEEYSAMRDQYMRTGEGFLCVFAINNTKSFEDIHQYREQIKRVKDSDDVPMVLVGNKCDLAARTVESRQAQDLARSYGIPYIETSAKTRQGVEDAFYTLVREIRQH	True	184.046	184.046	178.943	90.00	90.00	90.00	/Users/mitchellparker/Desktop/rascore_build/core/1nvwR_core.cif	/Users/mitchellparker/Desktop/rascore_build/rcsb/1nvw.cif.gz	/Users/mitchellparker/Desktop/rascore_build/renum/1nvw_renum.cif	/Users/mitchellparker/Desktop/rascore_build/rcsb_assembly/1nvw-assembly-3.cif.gz	/Users/mitchellparker/Desktop/rascore_build/renum_assembly/1nvw-assembly-3_renum.cif	/Users/mitchellparker/Desktop/rascore_build/sifts/1nvw.xml.gz	/Users/mitchellparker/Desktop/rascore_build/pocket/1nvwR_6_pocket.pdb
1nvxQ	1nvx	0	Q	Y32in.3P-ON	Outlier	Y32in	Y71out	I 4 2 2 (CF3)	1nvxQ1	1	GTPase HRas	RASH_HUMAN	P01112	A59G	A59	HRAS	3P	Other	None	None	GEF.REM	None	Other-Unbound	I 4 2 2	166	1-166	2003-02-04	Other	435.3849	0.0042	Unbound	Unbound	97,101,106,107,108,109,110,111,137,138,139,162,165,166	MG,GTP	Son of sevenless homolog 1	None	S:70,37,71,39,38,66,64,67,36,34,33,62,35,31,27,25,26,149,22,148,153,43,1,50,45,44,41,42,24	SOS1_HUMAN	None	None	None	RasGEF	None	S	GTP	MG	None	None	None	None	STP	XRAY	3.200	0.223	MTEYKLVVVGAGGVGKSALTIQLIQNHFVDEYDPTIEDSYRKQVVIDGETCLLDILDTGGQEEYSAMRDQYMRTGEGFLCVFAINNTKSFEDIHQYREQIKRVKDSDDVPMVLVGNKCDLAARTVESRQAQDLARSYGIPYIETSAKTRQGVEDAFYTLVREIRQH	True	175.206	175.206	234.128	90.00	90.00	90.00	/Users/mitchellparker/Desktop/rascore_build/core/1nvxQ_core.cif	/Users/mitchellparker/Desktop/rascore_build/rcsb/1nvx.cif.gz	/Users/mitchellparker/Desktop/rascore_build/renum/1nvx_renum.cif	/Users/mitchellparker/Desktop/rascore_build/rcsb_assembly/1nvx-assembly-1.cif.gz	/Users/mitchellparker/Desktop/rascore_build/renum_assembly/1nvx-assembly-1_renum.cif	/Users/mitchellparker/Desktop/rascore_build/sifts/1nvx.xml.gz	/Users/mitchellparker/Desktop/rascore_build/pocket/1nvxQ_1_pocket.pdb
1nvxQ	1nvx	0	Q	Y32in.3P-ON	Outlier	Y32in	Y71out	I 4 2 2 (CF3)	1nvxQ2	2	GTPase HRas	RASH_HUMAN	P01112	A59G	A59	HRAS	3P	Other	None	None	GEF.REM	None	Other-Unbound	I 4 2 2	166	1-166	2003-02-04	Other	332.6575	0.0276	Unbound	Unbound	74,75,76,104,106,109,110,163,166	MG,GTP	Son of sevenless homolog 1	None	S:70,37,71,39,38,66,64,67,36,34,33,62,35,31,27,25,26,149,22,148,153,43,1,50,45,44,41,42,24	SOS1_HUMAN	None	None	None	RasGEF	None	S	GTP	MG	None	None	None	None	STP	XRAY	3.200	0.223	MTEYKLVVVGAGGVGKSALTIQLIQNHFVDEYDPTIEDSYRKQVVIDGETCLLDILDTGGQEEYSAMRDQYMRTGEGFLCVFAINNTKSFEDIHQYREQIKRVKDSDDVPMVLVGNKCDLAARTVESRQAQDLARSYGIPYIETSAKTRQGVEDAFYTLVREIRQH	True	175.206	175.206	234.128	90.00	90.00	90.00	/Users/mitchellparker/Desktop/rascore_build/core/1nvxQ_core.cif	/Users/mitchellparker/Desktop/rascore_build/rcsb/1nvx.cif.gz	/Users/mitchellparker/Desktop/rascore_build/renum/1nvx_renum.cif	/Users/mitchellparker/Desktop/rascore_build/rcsb_assembly/1nvx-assembly-1.cif.gz	/Users/mitchellparker/Desktop/rascore_build/renum_assembly/1nvx-assembly-1_renum.cif	/Users/mitchellparker/Desktop/rascore_build/sifts/1nvx.xml.gz	/Users/mitchellparker/Desktop/rascore_build/pocket/1nvxQ_2_pocket.pdb
1nvxQ	1nvx	0	Q	Y32in.3P-ON	Outlier	Y32in	Y71out	I 4 2 2 (CF3)	1nvxQ3	3	GTPase HRas	RASH_HUMAN	P01112	A59G	A59	HRAS	3P	Other	None	None	GEF.REM	None	Other-Unbound	I 4 2 2	166	1-166	2003-02-04	Other	222.1482	0.0003	Unbound	Unbound	12,13,14,83,85,86,117	MG,GTP	Son of sevenless homolog 1	None	S:70,37,71,39,38,66,64,67,36,34,33,62,35,31,27,25,26,149,22,148,153,43,1,50,45,44,41,42,24	SOS1_HUMAN	None	None	None	RasGEF	None	S	GTP	MG	None	None	None	None	STP	XRAY	3.200	0.223	MTEYKLVVVGAGGVGKSALTIQLIQNHFVDEYDPTIEDSYRKQVVIDGETCLLDILDTGGQEEYSAMRDQYMRTGEGFLCVFAINNTKSFEDIHQYREQIKRVKDSDDVPMVLVGNKCDLAARTVESRQAQDLARSYGIPYIETSAKTRQGVEDAFYTLVREIRQH	True	175.206	175.206	234.128	90.00	90.00	90.00	/Users/mitchellparker/Desktop/rascore_build/core/1nvxQ_core.cif	/Users/mitchellparker/Desktop/rascore_build/rcsb/1nvx.cif.gz	/Users/mitchellparker/Desktop/rascore_build/renum/1nvx_renum.cif	/Users/mitchellparker/Desktop/rascore_build/rcsb_assembly/1nvx-assembly-1.cif.gz	/Users/mitchellparker/Desktop/rascore_build/renum_assembly/1nvx-assembly-1_renum.cif	/Users/mitchellparker/Desktop/rascore_build/sifts/1nvx.xml.gz	/Users/mitchellparker/Desktop/rascore_build/pocket/1nvxQ_3_pocket.pdb
1nvxR	1nvx	0	R	Outlier	Y71out.0P-GEF	Y32out	Y71out	I 4 2 2 (CF3)	1nvxR1	1	GTPase HRas	RASH_HUMAN	P01112	A59G	A59	HRAS	0P	Other	None	None	GEF.CDC25	None	SP2-Unbound	I 4 2 2	166	1-166	2003-02-04	SP2	274.0608	0.1203	Unbound	Unbound	7,8,9,10,16,58,61,62,64,68,71,72,96	PO4	Son of sevenless homolog 1	None	S:31,30,60,63,64,65,66,70,67,73,69,102,103,40,41,54,55,71,37,61,59,58,57,34,35,17,32,21,147,18,25,33,95	SOS1_HUMAN	None	None	None	RasGEF	None	S	None	None	None	PO4	None	None	STP	XRAY	3.200	0.223	MTEYKLVVVGAGGVGKSALTIQLIQNHFVDEYDPTIEDSYRKQVVIDGETCLLDILDTGGQEEYSAMRDQYMRTGEGFLCVFAINNTKSFEDIHQYREQIKRVKDSDDVPMVLVGNKCDLAARTVESRQAQDLARSYGIPYIETSAKTRQGVEDAFYTLVREIRQH	True	175.206	175.206	234.128	90.00	90.00	90.00	/Users/mitchellparker/Desktop/rascore_build/core/1nvxR_core.cif	/Users/mitchellparker/Desktop/rascore_build/rcsb/1nvx.cif.gz	/Users/mitchellparker/Desktop/rascore_build/renum/1nvx_renum.cif	/Users/mitchellparker/Desktop/rascore_build/rcsb_assembly/1nvx-assembly-1.cif.gz	/Users/mitchellparker/Desktop/rascore_build/renum_assembly/1nvx-assembly-1_renum.cif	/Users/mitchellparker/Desktop/rascore_build/sifts/1nvx.xml.gz	/Users/mitchellparker/Desktop/rascore_build/pocket/1nvxR_1_pocket.pdb
1nvxR	1nvx	0	R	Outlier	Y71out.0P-GEF	Y32out	Y71out	I 4 2 2 (CF3)	1nvxR2	2	GTPase HRas	RASH_HUMAN	P01112	A59G	A59	HRAS	0P	Other	None	None	GEF.CDC25	None	SP2-Unbound	I 4 2 2	166	1-166	2003-02-04	Other	180.4912	0.0001	Unbound	Unbound	22,23,27,42,149,152,153,157	PO4	Son of sevenless homolog 1	None	S:31,30,60,63,64,65,66,70,67,73,69,102,103,40,41,54,55,71,37,61,59,58,57,34,35,17,32,21,147,18,25,33,95	SOS1_HUMAN	None	None	None	RasGEF	None	S	None	None	None	PO4	None	None	STP	XRAY	3.200	0.223	MTEYKLVVVGAGGVGKSALTIQLIQNHFVDEYDPTIEDSYRKQVVIDGETCLLDILDTGGQEEYSAMRDQYMRTGEGFLCVFAINNTKSFEDIHQYREQIKRVKDSDDVPMVLVGNKCDLAARTVESRQAQDLARSYGIPYIETSAKTRQGVEDAFYTLVREIRQH	True	175.206	175.206	234.128	90.00	90.00	90.00	/Users/mitchellparker/Desktop/rascore_build/core/1nvxR_core.cif	/Users/mitchellparker/Desktop/rascore_build/rcsb/1nvx.cif.gz	/Users/mitchellparker/Desktop/rascore_build/renum/1nvx_renum.cif	/Users/mitchellparker/Desktop/rascore_build/rcsb_assembly/1nvx-assembly-1.cif.gz	/Users/mitchellparker/Desktop/rascore_build/renum_assembly/1nvx-assembly-1_renum.cif	/Users/mitchellparker/Desktop/rascore_build/sifts/1nvx.xml.gz	/Users/mitchellparker/Desktop/rascore_build/pocket/1nvxR_2_pocket.pdb
1nvxR	1nvx	0	R	Outlier	Y71out.0P-GEF	Y32out	Y71out	I 4 2 2 (CF3)	1nvxR3	3	GTPase HRas	RASH_HUMAN	P01112	A59G	A59	HRAS	0P	Other	None	None	GEF.CDC25	None	SP2-Unbound	I 4 2 2	166	1-166	2003-02-04	Other	165.3451	0.0002	Unbound	Unbound	108,109,110,111,138,139,162,165,166	PO4	Son of sevenless homolog 1	None	S:31,30,60,63,64,65,66,70,67,73,69,102,103,40,41,54,55,71,37,61,59,58,57,34,35,17,32,21,147,18,25,33,95	SOS1_HUMAN	None	None	None	RasGEF	None	S	None	None	None	PO4	None	None	STP	XRAY	3.200	0.223	MTEYKLVVVGAGGVGKSALTIQLIQNHFVDEYDPTIEDSYRKQVVIDGETCLLDILDTGGQEEYSAMRDQYMRTGEGFLCVFAINNTKSFEDIHQYREQIKRVKDSDDVPMVLVGNKCDLAARTVESRQAQDLARSYGIPYIETSAKTRQGVEDAFYTLVREIRQH	True	175.206	175.206	234.128	90.00	90.00	90.00	/Users/mitchellparker/Desktop/rascore_build/core/1nvxR_core.cif	/Users/mitchellparker/Desktop/rascore_build/rcsb/1nvx.cif.gz	/Users/mitchellparker/Desktop/rascore_build/renum/1nvx_renum.cif	/Users/mitchellparker/Desktop/rascore_build/rcsb_assembly/1nvx-assembly-1.cif.gz	/Users/mitchellparker/Desktop/rascore_build/renum_assembly/1nvx-assembly-1_renum.cif	/Users/mitchellparker/Desktop/rascore_build/sifts/1nvx.xml.gz	/Users/mitchellparker/Desktop/rascore_build/pocket/1nvxR_3_pocket.pdb
1nvxR	1nvx	0	R	Outlier	Y71out.0P-GEF	Y32out	Y71out	I 4 2 2 (CF3)	1nvxR4	4	GTPase HRas	RASH_HUMAN	P01112	A59G	A59	HRAS	0P	Other	None	None	GEF.CDC25	None	SP2-Unbound	I 4 2 2	166	1-166	2003-02-04	Other	193.8887	0.0001	Unbound	Unbound	117,123,143,144,145,150,151	PO4	Son of sevenless homolog 1	None	S:31,30,60,63,64,65,66,70,67,73,69,102,103,40,41,54,55,71,37,61,59,58,57,34,35,17,32,21,147,18,25,33,95	SOS1_HUMAN	None	None	None	RasGEF	None	S	None	None	None	PO4	None	None	STP	XRAY	3.200	0.223	MTEYKLVVVGAGGVGKSALTIQLIQNHFVDEYDPTIEDSYRKQVVIDGETCLLDILDTGGQEEYSAMRDQYMRTGEGFLCVFAINNTKSFEDIHQYREQIKRVKDSDDVPMVLVGNKCDLAARTVESRQAQDLARSYGIPYIETSAKTRQGVEDAFYTLVREIRQH	True	175.206	175.206	234.128	90.00	90.00	90.00	/Users/mitchellparker/Desktop/rascore_build/core/1nvxR_core.cif	/Users/mitchellparker/Desktop/rascore_build/rcsb/1nvx.cif.gz	/Users/mitchellparker/Desktop/rascore_build/renum/1nvx_renum.cif	/Users/mitchellparker/Desktop/rascore_build/rcsb_assembly/1nvx-assembly-1.cif.gz	/Users/mitchellparker/Desktop/rascore_build/renum_assembly/1nvx-assembly-1_renum.cif	/Users/mitchellparker/Desktop/rascore_build/sifts/1nvx.xml.gz	/Users/mitchellparker/Desktop/rascore_build/pocket/1nvxR_4_pocket.pdb
1nvxR	1nvx	0	R	Outlier	Y71out.0P-GEF	Y32out	Y71out	I 4 2 2 (CF3)	1nvxR5	5	GTPase HRas	RASH_HUMAN	P01112	A59G	A59	HRAS	0P	Other	None	None	GEF.CDC25	None	SP2-Unbound	I 4 2 2	166	1-166	2003-02-04	Other	118.1147	0.0005	Unbound	Unbound	117,118,119,120,145,147,148	PO4	Son of sevenless homolog 1	None	S:31,30,60,63,64,65,66,70,67,73,69,102,103,40,41,54,55,71,37,61,59,58,57,34,35,17,32,21,147,18,25,33,95	SOS1_HUMAN	None	None	None	RasGEF	None	S	None	None	None	PO4	None	None	STP	XRAY	3.200	0.223	MTEYKLVVVGAGGVGKSALTIQLIQNHFVDEYDPTIEDSYRKQVVIDGETCLLDILDTGGQEEYSAMRDQYMRTGEGFLCVFAINNTKSFEDIHQYREQIKRVKDSDDVPMVLVGNKCDLAARTVESRQAQDLARSYGIPYIETSAKTRQGVEDAFYTLVREIRQH	True	175.206	175.206	234.128	90.00	90.00	90.00	/Users/mitchellparker/Desktop/rascore_build/core/1nvxR_core.cif	/Users/mitchellparker/Desktop/rascore_build/rcsb/1nvx.cif.gz	/Users/mitchellparker/Desktop/rascore_build/renum/1nvx_renum.cif	/Users/mitchellparker/Desktop/rascore_build/rcsb_assembly/1nvx-assembly-1.cif.gz	/Users/mitchellparker/Desktop/rascore_build/renum_assembly/1nvx-assembly-1_renum.cif	/Users/mitchellparker/Desktop/rascore_build/sifts/1nvx.xml.gz	/Users/mitchellparker/Desktop/rascore_build/pocket/1nvxR_5_pocket.pdb
1nvxR	1nvx	0	R	Outlier	Y71out.0P-GEF	Y32out	Y71out	I 4 2 2 (CF3)	1nvxR6	6	GTPase HRas	RASH_HUMAN	P01112	A59G	A59	HRAS	0P	Other	None	None	GEF.CDC25	None	SP2-Unbound	I 4 2 2	166	1-166	2003-02-04	Other	558.2003	0.0003	Unbound	Unbound	128,131,132,134,135,138,139,140,141,162	PO4	Son of sevenless homolog 1	None	S:31,30,60,63,64,65,66,70,67,73,69,102,103,40,41,54,55,71,37,61,59,58,57,34,35,17,32,21,147,18,25,33,95	SOS1_HUMAN	None	None	None	RasGEF	None	S	None	None	None	PO4	None	None	STP	XRAY	3.200	0.223	MTEYKLVVVGAGGVGKSALTIQLIQNHFVDEYDPTIEDSYRKQVVIDGETCLLDILDTGGQEEYSAMRDQYMRTGEGFLCVFAINNTKSFEDIHQYREQIKRVKDSDDVPMVLVGNKCDLAARTVESRQAQDLARSYGIPYIETSAKTRQGVEDAFYTLVREIRQH	True	175.206	175.206	234.128	90.00	90.00	90.00	/Users/mitchellparker/Desktop/rascore_build/core/1nvxR_core.cif	/Users/mitchellparker/Desktop/rascore_build/rcsb/1nvx.cif.gz	/Users/mitchellparker/Desktop/rascore_build/renum/1nvx_renum.cif	/Users/mitchellparker/Desktop/rascore_build/rcsb_assembly/1nvx-assembly-1.cif.gz	/Users/mitchellparker/Desktop/rascore_build/renum_assembly/1nvx-assembly-1_renum.cif	/Users/mitchellparker/Desktop/rascore_build/sifts/1nvx.xml.gz	/Users/mitchellparker/Desktop/rascore_build/pocket/1nvxR_6_pocket.pdb
1p2sA	1p2s	0	A	Y32in.3P-ON	Y71in.3P-R	Y32in	Y71in	P 32 2 1 (CF1)	1p2sA2	2	GTPase HRas	RASH_HUMAN	P01112	WT	WT	HRAS	3P	WT	None	None	None	Homodimer	SP12-Unbound	P 32 2 1	166	1-166	2003-04-16	Other	190.9895	0.0016	Unbound	Unbound	23,24,42,44,53,149,153,157	MG,GNP,ETF	None	None	None	None	None	None	None	None	None	None	GNP	MG	None	ETF	None	None	STP	XRAY	2.450	0.190	MTEYKLVVVGAGGVGKSALTIQLIQNHFVDEYDPTIEDSYRKQVVIDGETCLLDILDTAGQEEYSAMRDQYMRTGEGFLCVFAINNTKSFEDIHQYREQIKRVKDSDDVPMVLVGNKCDLAARTVESRQAQDLARSYGIPYIETSAKTRQGVEDAFYTLVREIRQH	True	40.330	40.330	161.330	90.00	90.00	120.00	/Users/mitchellparker/Desktop/rascore_build/core/1p2sA_core.cif	/Users/mitchellparker/Desktop/rascore_build/rcsb/1p2s.cif.gz	/Users/mitchellparker/Desktop/rascore_build/renum/1p2s_renum.cif	/Users/mitchellparker/Desktop/rascore_build/rcsb_assembly/1p2s-assembly-1.cif.gz	/Users/mitchellparker/Desktop/rascore_build/renum_assembly/1p2s-assembly-1_renum.cif	/Users/mitchellparker/Desktop/rascore_build/sifts/1p2s.xml.gz	/Users/mitchellparker/Desktop/rascore_build/pocket/1p2sA_2_pocket.pdb
1p2sA	1p2s	0	A	Y32in.3P-ON	Y71in.3P-R	Y32in	Y71in	P 32 2 1 (CF1)	1p2sA3	3	GTPase HRas	RASH_HUMAN	P01112	WT	WT	HRAS	3P	WT	None	None	None	Homodimer	SP12-Unbound	P 32 2 1	166	1-166	2003-04-16	Other	112.5326	0.0021	Unbound	Unbound	1,43,44,45,50,51	MG,GNP,ETF	None	None	None	None	None	None	None	None	None	None	GNP	MG	None	ETF	None	None	STP	XRAY	2.450	0.190	MTEYKLVVVGAGGVGKSALTIQLIQNHFVDEYDPTIEDSYRKQVVIDGETCLLDILDTAGQEEYSAMRDQYMRTGEGFLCVFAINNTKSFEDIHQYREQIKRVKDSDDVPMVLVGNKCDLAARTVESRQAQDLARSYGIPYIETSAKTRQGVEDAFYTLVREIRQH	True	40.330	40.330	161.330	90.00	90.00	120.00	/Users/mitchellparker/Desktop/rascore_build/core/1p2sA_core.cif	/Users/mitchellparker/Desktop/rascore_build/rcsb/1p2s.cif.gz	/Users/mitchellparker/Desktop/rascore_build/renum/1p2s_renum.cif	/Users/mitchellparker/Desktop/rascore_build/rcsb_assembly/1p2s-assembly-1.cif.gz	/Users/mitchellparker/Desktop/rascore_build/renum_assembly/1p2s-assembly-1_renum.cif	/Users/mitchellparker/Desktop/rascore_build/sifts/1p2s.xml.gz	/Users/mitchellparker/Desktop/rascore_build/pocket/1p2sA_3_pocket.pdb
1p2sA	1p2s	0	A	Y32in.3P-ON	Y71in.3P-R	Y32in	Y71in	P 32 2 1 (CF1)	1p2sA4	4	GTPase HRas	RASH_HUMAN	P01112	WT	WT	HRAS	3P	WT	None	None	None	Homodimer	SP12-Unbound	P 32 2 1	166	1-166	2003-04-16	Other	389.6334	0.0011	Unbound	Unbound	74,75,76,104,106,108,109,110,163,166	MG,GNP,ETF	None	None	None	None	None	None	None	None	None	None	GNP	MG	None	ETF	None	None	STP	XRAY	2.450	0.190	MTEYKLVVVGAGGVGKSALTIQLIQNHFVDEYDPTIEDSYRKQVVIDGETCLLDILDTAGQEEYSAMRDQYMRTGEGFLCVFAINNTKSFEDIHQYREQIKRVKDSDDVPMVLVGNKCDLAARTVESRQAQDLARSYGIPYIETSAKTRQGVEDAFYTLVREIRQH	True	40.330	40.330	161.330	90.00	90.00	120.00	/Users/mitchellparker/Desktop/rascore_build/core/1p2sA_core.cif	/Users/mitchellparker/Desktop/rascore_build/rcsb/1p2s.cif.gz	/Users/mitchellparker/Desktop/rascore_build/renum/1p2s_renum.cif	/Users/mitchellparker/Desktop/rascore_build/rcsb_assembly/1p2s-assembly-1.cif.gz	/Users/mitchellparker/Desktop/rascore_build/renum_assembly/1p2s-assembly-1_renum.cif	/Users/mitchellparker/Desktop/rascore_build/sifts/1p2s.xml.gz	/Users/mitchellparker/Desktop/rascore_build/pocket/1p2sA_4_pocket.pdb
1p2sA	1p2s	0	A	Y32in.3P-ON	Y71in.3P-R	Y32in	Y71in	P 32 2 1 (CF1)	1p2sA5	5	GTPase HRas	RASH_HUMAN	P01112	WT	WT	HRAS	3P	WT	None	None	None	Homodimer	SP12-Unbound	P 32 2 1	166	1-166	2003-04-16	SP12	183.8045	0.0004	Unbound	Unbound	5,6,7,39,54,56,71,74,75	MG,GNP,ETF	None	None	None	None	None	None	None	None	None	None	GNP	MG	None	ETF	None	None	STP	XRAY	2.450	0.190	MTEYKLVVVGAGGVGKSALTIQLIQNHFVDEYDPTIEDSYRKQVVIDGETCLLDILDTAGQEEYSAMRDQYMRTGEGFLCVFAINNTKSFEDIHQYREQIKRVKDSDDVPMVLVGNKCDLAARTVESRQAQDLARSYGIPYIETSAKTRQGVEDAFYTLVREIRQH	True	40.330	40.330	161.330	90.00	90.00	120.00	/Users/mitchellparker/Desktop/rascore_build/core/1p2sA_core.cif	/Users/mitchellparker/Desktop/rascore_build/rcsb/1p2s.cif.gz	/Users/mitchellparker/Desktop/rascore_build/renum/1p2s_renum.cif	/Users/mitchellparker/Desktop/rascore_build/rcsb_assembly/1p2s-assembly-1.cif.gz	/Users/mitchellparker/Desktop/rascore_build/renum_assembly/1p2s-assembly-1_renum.cif	/Users/mitchellparker/Desktop/rascore_build/sifts/1p2s.xml.gz	/Users/mitchellparker/Desktop/rascore_build/pocket/1p2sA_5_pocket.pdb
1p2sA	1p2s	0	A	Y32in.3P-ON	Y71in.3P-R	Y32in	Y71in	P 32 2 1 (CF1)	1p2sA6	6	GTPase HRas	RASH_HUMAN	P01112	WT	WT	HRAS	3P	WT	None	None	None	Homodimer	SP12-Unbound	P 32 2 1	166	1-166	2003-04-16	Other	207.8675	0.0004	Unbound	Unbound	97,107,108,109,110,111,137,138,139,162,166	MG,GNP,ETF	None	None	None	None	None	None	None	None	None	None	GNP	MG	None	ETF	None	None	STP	XRAY	2.450	0.190	MTEYKLVVVGAGGVGKSALTIQLIQNHFVDEYDPTIEDSYRKQVVIDGETCLLDILDTAGQEEYSAMRDQYMRTGEGFLCVFAINNTKSFEDIHQYREQIKRVKDSDDVPMVLVGNKCDLAARTVESRQAQDLARSYGIPYIETSAKTRQGVEDAFYTLVREIRQH	True	40.330	40.330	161.330	90.00	90.00	120.00	/Users/mitchellparker/Desktop/rascore_build/core/1p2sA_core.cif	/Users/mitchellparker/Desktop/rascore_build/rcsb/1p2s.cif.gz	/Users/mitchellparker/Desktop/rascore_build/renum/1p2s_renum.cif	/Users/mitchellparker/Desktop/rascore_build/rcsb_assembly/1p2s-assembly-1.cif.gz	/Users/mitchellparker/Desktop/rascore_build/renum_assembly/1p2s-assembly-1_renum.cif	/Users/mitchellparker/Desktop/rascore_build/sifts/1p2s.xml.gz	/Users/mitchellparker/Desktop/rascore_build/pocket/1p2sA_6_pocket.pdb
1p2tA	1p2t	0	A	Y32in.3P-ON	Disordered	Y32in	Y71in	P 32 2 1 (CF1)	1p2tA10	10	GTPase HRas	RASH_HUMAN	P01112	WT	WT	HRAS	3P	WT	None	None	None	Homodimer	SP2-Unbound	P 32 2 1	166	1-62:67-166	2003-04-16	SP2	208.8752	0.0033	Unbound	Unbound	92,95,96,99	MG,GNP	None	None	None	None	None	None	None	None	None	None	GNP	MG	None	None	None	None	STP	XRAY	2.000	0.200	MTEYKLVVVGAGGVGKSALTIQLIQNHFVDEYDPTIEDSYRKQVVIDGETCLLDILDTAGQEEYSAMRDQYMRTGEGFLCVFAINNTKSFEDIHQYREQIKRVKDSDDVPMVLVGNKCDLAARTVESRQAQDLARSYGIPYIETSAKTRQGVEDAFYTLVREIRQH	True	40.170	40.170	161.400	90.00	90.00	120.00	/Users/mitchellparker/Desktop/rascore_build/core/1p2tA_core.cif	/Users/mitchellparker/Desktop/rascore_build/rcsb/1p2t.cif.gz	/Users/mitchellparker/Desktop/rascore_build/renum/1p2t_renum.cif	/Users/mitchellparker/Desktop/rascore_build/rcsb_assembly/1p2t-assembly-1.cif.gz	/Users/mitchellparker/Desktop/rascore_build/renum_assembly/1p2t-assembly-1_renum.cif	/Users/mitchellparker/Desktop/rascore_build/sifts/1p2t.xml.gz	/Users/mitchellparker/Desktop/rascore_build/pocket/1p2tA_10_pocket.pdb
1p2tA	1p2t	0	A	Y32in.3P-ON	Disordered	Y32in	Y71in	P 32 2 1 (CF1)	1p2tA3	3	GTPase HRas	RASH_HUMAN	P01112	WT	WT	HRAS	3P	WT	None	None	None	Homodimer	SP2-Unbound	P 32 2 1	166	1-62:67-166	2003-04-16	Other	361.8412	0.0000	Unbound	Unbound	118,123,141,142,143,150,151,154	MG,GNP	None	None	None	None	None	None	None	None	None	None	GNP	MG	None	None	None	None	STP	XRAY	2.000	0.200	MTEYKLVVVGAGGVGKSALTIQLIQNHFVDEYDPTIEDSYRKQVVIDGETCLLDILDTAGQEEYSAMRDQYMRTGEGFLCVFAINNTKSFEDIHQYREQIKRVKDSDDVPMVLVGNKCDLAARTVESRQAQDLARSYGIPYIETSAKTRQGVEDAFYTLVREIRQH	True	40.170	40.170	161.400	90.00	90.00	120.00	/Users/mitchellparker/Desktop/rascore_build/core/1p2tA_core.cif	/Users/mitchellparker/Desktop/rascore_build/rcsb/1p2t.cif.gz	/Users/mitchellparker/Desktop/rascore_build/renum/1p2t_renum.cif	/Users/mitchellparker/Desktop/rascore_build/rcsb_assembly/1p2t-assembly-1.cif.gz	/Users/mitchellparker/Desktop/rascore_build/renum_assembly/1p2t-assembly-1_renum.cif	/Users/mitchellparker/Desktop/rascore_build/sifts/1p2t.xml.gz	/Users/mitchellparker/Desktop/rascore_build/pocket/1p2tA_3_pocket.pdb
1p2tA	1p2t	0	A	Y32in.3P-ON	Disordered	Y32in	Y71in	P 32 2 1 (CF1)	1p2tA4	4	GTPase HRas	RASH_HUMAN	P01112	WT	WT	HRAS	3P	WT	None	None	None	Homodimer	SP2-Unbound	P 32 2 1	166	1-62:67-166	2003-04-16	Other	274.9608	0.0016	Unbound	Unbound	97,108,109,110,137,138,139,162,165,166	MG,GNP	None	None	None	None	None	None	None	None	None	None	GNP	MG	None	None	None	None	STP	XRAY	2.000	0.200	MTEYKLVVVGAGGVGKSALTIQLIQNHFVDEYDPTIEDSYRKQVVIDGETCLLDILDTAGQEEYSAMRDQYMRTGEGFLCVFAINNTKSFEDIHQYREQIKRVKDSDDVPMVLVGNKCDLAARTVESRQAQDLARSYGIPYIETSAKTRQGVEDAFYTLVREIRQH	True	40.170	40.170	161.400	90.00	90.00	120.00	/Users/mitchellparker/Desktop/rascore_build/core/1p2tA_core.cif	/Users/mitchellparker/Desktop/rascore_build/rcsb/1p2t.cif.gz	/Users/mitchellparker/Desktop/rascore_build/renum/1p2t_renum.cif	/Users/mitchellparker/Desktop/rascore_build/rcsb_assembly/1p2t-assembly-1.cif.gz	/Users/mitchellparker/Desktop/rascore_build/renum_assembly/1p2t-assembly-1_renum.cif	/Users/mitchellparker/Desktop/rascore_build/sifts/1p2t.xml.gz	/Users/mitchellparker/Desktop/rascore_build/pocket/1p2tA_4_pocket.pdb
1p2tA	1p2t	0	A	Y32in.3P-ON	Disordered	Y32in	Y71in	P 32 2 1 (CF1)	1p2tA5	5	GTPase HRas	RASH_HUMAN	P01112	WT	WT	HRAS	3P	WT	None	None	None	Homodimer	SP2-Unbound	P 32 2 1	166	1-62:67-166	2003-04-16	Other	374.9075	0.0056	Unbound	Unbound	74,75,76,104,106,109,110,163,166	MG,GNP	None	None	None	None	None	None	None	None	None	None	GNP	MG	None	None	None	None	STP	XRAY	2.000	0.200	MTEYKLVVVGAGGVGKSALTIQLIQNHFVDEYDPTIEDSYRKQVVIDGETCLLDILDTAGQEEYSAMRDQYMRTGEGFLCVFAINNTKSFEDIHQYREQIKRVKDSDDVPMVLVGNKCDLAARTVESRQAQDLARSYGIPYIETSAKTRQGVEDAFYTLVREIRQH	True	40.170	40.170	161.400	90.00	90.00	120.00	/Users/mitchellparker/Desktop/rascore_build/core/1p2tA_core.cif	/Users/mitchellparker/Desktop/rascore_build/rcsb/1p2t.cif.gz	/Users/mitchellparker/Desktop/rascore_build/renum/1p2t_renum.cif	/Users/mitchellparker/Desktop/rascore_build/rcsb_assembly/1p2t-assembly-1.cif.gz	/Users/mitchellparker/Desktop/rascore_build/renum_assembly/1p2t-assembly-1_renum.cif	/Users/mitchellparker/Desktop/rascore_build/sifts/1p2t.xml.gz	/Users/mitchellparker/Desktop/rascore_build/pocket/1p2tA_5_pocket.pdb
1p2tA	1p2t	0	A	Y32in.3P-ON	Disordered	Y32in	Y71in	P 32 2 1 (CF1)	1p2tA6	6	GTPase HRas	RASH_HUMAN	P01112	WT	WT	HRAS	3P	WT	None	None	None	Homodimer	SP2-Unbound	P 32 2 1	166	1-62:67-166	2003-04-16	Other	469.8960	0.0008	Unbound	Unbound	1,3,41,42,43,52	MG,GNP	None	None	None	None	None	None	None	None	None	None	GNP	MG	None	None	None	None	STP	XRAY	2.000	0.200	MTEYKLVVVGAGGVGKSALTIQLIQNHFVDEYDPTIEDSYRKQVVIDGETCLLDILDTAGQEEYSAMRDQYMRTGEGFLCVFAINNTKSFEDIHQYREQIKRVKDSDDVPMVLVGNKCDLAARTVESRQAQDLARSYGIPYIETSAKTRQGVEDAFYTLVREIRQH	True	40.170	40.170	161.400	90.00	90.00	120.00	/Users/mitchellparker/Desktop/rascore_build/core/1p2tA_core.cif	/Users/mitchellparker/Desktop/rascore_build/rcsb/1p2t.cif.gz	/Users/mitchellparker/Desktop/rascore_build/renum/1p2t_renum.cif	/Users/mitchellparker/Desktop/rascore_build/rcsb_assembly/1p2t-assembly-1.cif.gz	/Users/mitchellparker/Desktop/rascore_build/renum_assembly/1p2t-assembly-1_renum.cif	/Users/mitchellparker/Desktop/rascore_build/sifts/1p2t.xml.gz	/Users/mitchellparker/Desktop/rascore_build/pocket/1p2tA_6_pocket.pdb
1p2tA	1p2t	0	A	Y32in.3P-ON	Disordered	Y32in	Y71in	P 32 2 1 (CF1)	1p2tA7	7	GTPase HRas	RASH_HUMAN	P01112	WT	WT	HRAS	3P	WT	None	None	None	Homodimer	SP2-Unbound	P 32 2 1	166	1-62:67-166	2003-04-16	Other	129.9553	0.0096	Unbound	Unbound	23,24,42,44,53,149,153,157	MG,GNP	None	None	None	None	None	None	None	None	None	None	GNP	MG	None	None	None	None	STP	XRAY	2.000	0.200	MTEYKLVVVGAGGVGKSALTIQLIQNHFVDEYDPTIEDSYRKQVVIDGETCLLDILDTAGQEEYSAMRDQYMRTGEGFLCVFAINNTKSFEDIHQYREQIKRVKDSDDVPMVLVGNKCDLAARTVESRQAQDLARSYGIPYIETSAKTRQGVEDAFYTLVREIRQH	True	40.170	40.170	161.400	90.00	90.00	120.00	/Users/mitchellparker/Desktop/rascore_build/core/1p2tA_core.cif	/Users/mitchellparker/Desktop/rascore_build/rcsb/1p2t.cif.gz	/Users/mitchellparker/Desktop/rascore_build/renum/1p2t_renum.cif	/Users/mitchellparker/Desktop/rascore_build/rcsb_assembly/1p2t-assembly-1.cif.gz	/Users/mitchellparker/Desktop/rascore_build/renum_assembly/1p2t-assembly-1_renum.cif	/Users/mitchellparker/Desktop/rascore_build/sifts/1p2t.xml.gz	/Users/mitchellparker/Desktop/rascore_build/pocket/1p2tA_7_pocket.pdb
1p2tA	1p2t	0	A	Y32in.3P-ON	Disordered	Y32in	Y71in	P 32 2 1 (CF1)	1p2tA8	8	GTPase HRas	RASH_HUMAN	P01112	WT	WT	HRAS	3P	WT	None	None	None	Homodimer	SP2-Unbound	P 32 2 1	166	1-62:67-166	2003-04-16	Other	221.0586	0.0071	Unbound	Unbound	87,90,91,94,129,133,137	MG,GNP	None	None	None	None	None	None	None	None	None	None	GNP	MG	None	None	None	None	STP	XRAY	2.000	0.200	MTEYKLVVVGAGGVGKSALTIQLIQNHFVDEYDPTIEDSYRKQVVIDGETCLLDILDTAGQEEYSAMRDQYMRTGEGFLCVFAINNTKSFEDIHQYREQIKRVKDSDDVPMVLVGNKCDLAARTVESRQAQDLARSYGIPYIETSAKTRQGVEDAFYTLVREIRQH	True	40.170	40.170	161.400	90.00	90.00	120.00	/Users/mitchellparker/Desktop/rascore_build/core/1p2tA_core.cif	/Users/mitchellparker/Desktop/rascore_build/rcsb/1p2t.cif.gz	/Users/mitchellparker/Desktop/rascore_build/renum/1p2t_renum.cif	/Users/mitchellparker/Desktop/rascore_build/rcsb_assembly/1p2t-assembly-1.cif.gz	/Users/mitchellparker/Desktop/rascore_build/renum_assembly/1p2t-assembly-1_renum.cif	/Users/mitchellparker/Desktop/rascore_build/sifts/1p2t.xml.gz	/Users/mitchellparker/Desktop/rascore_build/pocket/1p2tA_8_pocket.pdb
1p2tA	1p2t	0	A	Y32in.3P-ON	Disordered	Y32in	Y71in	P 32 2 1 (CF1)	1p2tA9	9	GTPase HRas	RASH_HUMAN	P01112	WT	WT	HRAS	3P	WT	None	None	None	Homodimer	SP2-Unbound	P 32 2 1	166	1-62:67-166	2003-04-16	Other	111.6569	0.0030	Unbound	Unbound	1,43,44,45,50	MG,GNP	None	None	None	None	None	None	None	None	None	None	GNP	MG	None	None	None	None	STP	XRAY	2.000	0.200	MTEYKLVVVGAGGVGKSALTIQLIQNHFVDEYDPTIEDSYRKQVVIDGETCLLDILDTAGQEEYSAMRDQYMRTGEGFLCVFAINNTKSFEDIHQYREQIKRVKDSDDVPMVLVGNKCDLAARTVESRQAQDLARSYGIPYIETSAKTRQGVEDAFYTLVREIRQH	True	40.170	40.170	161.400	90.00	90.00	120.00	/Users/mitchellparker/Desktop/rascore_build/core/1p2tA_core.cif	/Users/mitchellparker/Desktop/rascore_build/rcsb/1p2t.cif.gz	/Users/mitchellparker/Desktop/rascore_build/renum/1p2t_renum.cif	/Users/mitchellparker/Desktop/rascore_build/rcsb_assembly/1p2t-assembly-1.cif.gz	/Users/mitchellparker/Desktop/rascore_build/renum_assembly/1p2t-assembly-1_renum.cif	/Users/mitchellparker/Desktop/rascore_build/sifts/1p2t.xml.gz	/Users/mitchellparker/Desktop/rascore_build/pocket/1p2tA_9_pocket.pdb
1p2uA	1p2u	0	A	Y32in.3P-ON	Disordered	Y32in	Y71in	P 32 2 1 (CF1)	1p2uA2	2	GTPase HRas	RASH_HUMAN	P01112	WT	WT	HRAS	3P	WT	None	None	None	Homodimer	SP2-Unbound	P 32 2 1	166	1-62:67-166	2003-04-16	Other	345.8596	0.0327	Unbound	Unbound	97,100,101,106,107,108,109,110,111,137,138,139,162,165,166	MG,GNP,IPA,IPA,IPA	None	None	None	None	None	None	None	None	None	None	GNP	MG	None	IPA	None	None	STP	XRAY	2.000	0.220	MTEYKLVVVGAGGVGKSALTIQLIQNHFVDEYDPTIEDSYRKQVVIDGETCLLDILDTAGQEEYSAMRDQYMRTGEGFLCVFAINNTKSFEDIHQYREQIKRVKDSDDVPMVLVGNKCDLAARTVESRQAQDLARSYGIPYIETSAKTRQGVEDAFYTLVREIRQH	True	40.077	40.077	161.856	90.00	90.00	120.00	/Users/mitchellparker/Desktop/rascore_build/core/1p2uA_core.cif	/Users/mitchellparker/Desktop/rascore_build/rcsb/1p2u.cif.gz	/Users/mitchellparker/Desktop/rascore_build/renum/1p2u_renum.cif	/Users/mitchellparker/Desktop/rascore_build/rcsb_assembly/1p2u-assembly-1.cif.gz	/Users/mitchellparker/Desktop/rascore_build/renum_assembly/1p2u-assembly-1_renum.cif	/Users/mitchellparker/Desktop/rascore_build/sifts/1p2u.xml.gz	/Users/mitchellparker/Desktop/rascore_build/pocket/1p2uA_2_pocket.pdb
1p2uA	1p2u	0	A	Y32in.3P-ON	Disordered	Y32in	Y71in	P 32 2 1 (CF1)	1p2uA4	4	GTPase HRas	RASH_HUMAN	P01112	WT	WT	HRAS	3P	WT	None	None	None	Homodimer	SP2-Unbound	P 32 2 1	166	1-62:67-166	2003-04-16	Other	135.3661	0.0023	Unbound	Unbound	23,24,42,44,53,149,153,157	MG,GNP,IPA,IPA,IPA	None	None	None	None	None	None	None	None	None	None	GNP	MG	None	IPA	None	None	STP	XRAY	2.000	0.220	MTEYKLVVVGAGGVGKSALTIQLIQNHFVDEYDPTIEDSYRKQVVIDGETCLLDILDTAGQEEYSAMRDQYMRTGEGFLCVFAINNTKSFEDIHQYREQIKRVKDSDDVPMVLVGNKCDLAARTVESRQAQDLARSYGIPYIETSAKTRQGVEDAFYTLVREIRQH	True	40.077	40.077	161.856	90.00	90.00	120.00	/Users/mitchellparker/Desktop/rascore_build/core/1p2uA_core.cif	/Users/mitchellparker/Desktop/rascore_build/rcsb/1p2u.cif.gz	/Users/mitchellparker/Desktop/rascore_build/renum/1p2u_renum.cif	/Users/mitchellparker/Desktop/rascore_build/rcsb_assembly/1p2u-assembly-1.cif.gz	/Users/mitchellparker/Desktop/rascore_build/renum_assembly/1p2u-assembly-1_renum.cif	/Users/mitchellparker/Desktop/rascore_build/sifts/1p2u.xml.gz	/Users/mitchellparker/Desktop/rascore_build/pocket/1p2uA_4_pocket.pdb
1p2uA	1p2u	0	A	Y32in.3P-ON	Disordered	Y32in	Y71in	P 32 2 1 (CF1)	1p2uA5	5	GTPase HRas	RASH_HUMAN	P01112	WT	WT	HRAS	3P	WT	None	None	None	Homodimer	SP2-Unbound	P 32 2 1	166	1-62:67-166	2003-04-16	Other	356.9944	0.0242	Unbound	Unbound	90,91,94,129,132,133,137	MG,GNP,IPA,IPA,IPA	None	None	None	None	None	None	None	None	None	None	GNP	MG	None	IPA	None	None	STP	XRAY	2.000	0.220	MTEYKLVVVGAGGVGKSALTIQLIQNHFVDEYDPTIEDSYRKQVVIDGETCLLDILDTAGQEEYSAMRDQYMRTGEGFLCVFAINNTKSFEDIHQYREQIKRVKDSDDVPMVLVGNKCDLAARTVESRQAQDLARSYGIPYIETSAKTRQGVEDAFYTLVREIRQH	True	40.077	40.077	161.856	90.00	90.00	120.00	/Users/mitchellparker/Desktop/rascore_build/core/1p2uA_core.cif	/Users/mitchellparker/Desktop/rascore_build/rcsb/1p2u.cif.gz	/Users/mitchellparker/Desktop/rascore_build/renum/1p2u_renum.cif	/Users/mitchellparker/Desktop/rascore_build/rcsb_assembly/1p2u-assembly-1.cif.gz	/Users/mitchellparker/Desktop/rascore_build/renum_assembly/1p2u-assembly-1_renum.cif	/Users/mitchellparker/Desktop/rascore_build/sifts/1p2u.xml.gz	/Users/mitchellparker/Desktop/rascore_build/pocket/1p2uA_5_pocket.pdb
1p2uA	1p2u	0	A	Y32in.3P-ON	Disordered	Y32in	Y71in	P 32 2 1 (CF1)	1p2uA6	6	GTPase HRas	RASH_HUMAN	P01112	WT	WT	HRAS	3P	WT	None	None	None	Homodimer	SP2-Unbound	P 32 2 1	166	1-62:67-166	2003-04-16	Other	376.4553	0.0013	Unbound	Unbound	76,104,106,108,109,110,163,166	MG,GNP,IPA,IPA,IPA	None	None	None	None	None	None	None	None	None	None	GNP	MG	None	IPA	None	None	STP	XRAY	2.000	0.220	MTEYKLVVVGAGGVGKSALTIQLIQNHFVDEYDPTIEDSYRKQVVIDGETCLLDILDTAGQEEYSAMRDQYMRTGEGFLCVFAINNTKSFEDIHQYREQIKRVKDSDDVPMVLVGNKCDLAARTVESRQAQDLARSYGIPYIETSAKTRQGVEDAFYTLVREIRQH	True	40.077	40.077	161.856	90.00	90.00	120.00	/Users/mitchellparker/Desktop/rascore_build/core/1p2uA_core.cif	/Users/mitchellparker/Desktop/rascore_build/rcsb/1p2u.cif.gz	/Users/mitchellparker/Desktop/rascore_build/renum/1p2u_renum.cif	/Users/mitchellparker/Desktop/rascore_build/rcsb_assembly/1p2u-assembly-1.cif.gz	/Users/mitchellparker/Desktop/rascore_build/renum_assembly/1p2u-assembly-1_renum.cif	/Users/mitchellparker/Desktop/rascore_build/sifts/1p2u.xml.gz	/Users/mitchellparker/Desktop/rascore_build/pocket/1p2uA_6_pocket.pdb
1p2uA	1p2u	0	A	Y32in.3P-ON	Disordered	Y32in	Y71in	P 32 2 1 (CF1)	1p2uA7	7	GTPase HRas	RASH_HUMAN	P01112	WT	WT	HRAS	3P	WT	None	None	None	Homodimer	SP2-Unbound	P 32 2 1	166	1-62:67-166	2003-04-16	SP2	290.6266	0.0041	Unbound	Unbound	62,92,95,96,99,102	MG,GNP,IPA,IPA,IPA	None	None	None	None	None	None	None	None	None	None	GNP	MG	None	IPA	None	None	STP	XRAY	2.000	0.220	MTEYKLVVVGAGGVGKSALTIQLIQNHFVDEYDPTIEDSYRKQVVIDGETCLLDILDTAGQEEYSAMRDQYMRTGEGFLCVFAINNTKSFEDIHQYREQIKRVKDSDDVPMVLVGNKCDLAARTVESRQAQDLARSYGIPYIETSAKTRQGVEDAFYTLVREIRQH	True	40.077	40.077	161.856	90.00	90.00	120.00	/Users/mitchellparker/Desktop/rascore_build/core/1p2uA_core.cif	/Users/mitchellparker/Desktop/rascore_build/rcsb/1p2u.cif.gz	/Users/mitchellparker/Desktop/rascore_build/renum/1p2u_renum.cif	/Users/mitchellparker/Desktop/rascore_build/rcsb_assembly/1p2u-assembly-1.cif.gz	/Users/mitchellparker/Desktop/rascore_build/renum_assembly/1p2u-assembly-1_renum.cif	/Users/mitchellparker/Desktop/rascore_build/sifts/1p2u.xml.gz	/Users/mitchellparker/Desktop/rascore_build/pocket/1p2uA_7_pocket.pdb
1p2uA	1p2u	0	A	Y32in.3P-ON	Disordered	Y32in	Y71in	P 32 2 1 (CF1)	1p2uA8	8	GTPase HRas	RASH_HUMAN	P01112	WT	WT	HRAS	3P	WT	None	None	None	Homodimer	SP2-Unbound	P 32 2 1	166	1-62:67-166	2003-04-16	Other	150.9030	0.0013	Unbound	Unbound	1,43,44,45,50,51	MG,GNP,IPA,IPA,IPA	None	None	None	None	None	None	None	None	None	None	GNP	MG	None	IPA	None	None	STP	XRAY	2.000	0.220	MTEYKLVVVGAGGVGKSALTIQLIQNHFVDEYDPTIEDSYRKQVVIDGETCLLDILDTAGQEEYSAMRDQYMRTGEGFLCVFAINNTKSFEDIHQYREQIKRVKDSDDVPMVLVGNKCDLAARTVESRQAQDLARSYGIPYIETSAKTRQGVEDAFYTLVREIRQH	True	40.077	40.077	161.856	90.00	90.00	120.00	/Users/mitchellparker/Desktop/rascore_build/core/1p2uA_core.cif	/Users/mitchellparker/Desktop/rascore_build/rcsb/1p2u.cif.gz	/Users/mitchellparker/Desktop/rascore_build/renum/1p2u_renum.cif	/Users/mitchellparker/Desktop/rascore_build/rcsb_assembly/1p2u-assembly-1.cif.gz	/Users/mitchellparker/Desktop/rascore_build/renum_assembly/1p2u-assembly-1_renum.cif	/Users/mitchellparker/Desktop/rascore_build/sifts/1p2u.xml.gz	/Users/mitchellparker/Desktop/rascore_build/pocket/1p2uA_8_pocket.pdb
1p2vA	1p2v	0	A	Y32in.3P-ON	Y71in.3P-R	Y32in	Y71in	P 32 2 1 (CF1)	1p2vA2	2	GTPase HRas	RASH_HUMAN	P01112	WT	WT	HRAS	3P	WT	None	None	None	Homodimer	SP2-Unbound	P 32 2 1	166	1-166	2003-04-16	SP2	282.3568	0.0076	Unbound	Unbound	11,12,60,62,68,92,95,96,99	MG,HEZ,GNP	None	None	None	None	None	None	None	None	None	None	GNP	MG	None	HEZ	None	None	STP	XRAY	2.300	0.220	MTEYKLVVVGAGGVGKSALTIQLIQNHFVDEYDPTIEDSYRKQVVIDGETCLLDILDTAGQEEYSAMRDQYMRTGEGFLCVFAINNTKSFEDIHQYREQIKRVKDSDDVPMVLVGNKCDLAARTVESRQAQDLARSYGIPYIETSAKTRQGVEDAFYTLVREIRQH	True	40.360	40.360	161.640	90.00	90.00	120.00	/Users/mitchellparker/Desktop/rascore_build/core/1p2vA_core.cif	/Users/mitchellparker/Desktop/rascore_build/rcsb/1p2v.cif.gz	/Users/mitchellparker/Desktop/rascore_build/renum/1p2v_renum.cif	/Users/mitchellparker/Desktop/rascore_build/rcsb_assembly/1p2v-assembly-1.cif.gz	/Users/mitchellparker/Desktop/rascore_build/renum_assembly/1p2v-assembly-1_renum.cif	/Users/mitchellparker/Desktop/rascore_build/sifts/1p2v.xml.gz	/Users/mitchellparker/Desktop/rascore_build/pocket/1p2vA_2_pocket.pdb
1p2vA	1p2v	0	A	Y32in.3P-ON	Y71in.3P-R	Y32in	Y71in	P 32 2 1 (CF1)	1p2vA3	3	GTPase HRas	RASH_HUMAN	P01112	WT	WT	HRAS	3P	WT	None	None	None	Homodimer	SP2-Unbound	P 32 2 1	166	1-166	2003-04-16	Other	324.0877	0.0024	Unbound	Unbound	90,91,94,129,133,137	MG,HEZ,GNP	None	None	None	None	None	None	None	None	None	None	GNP	MG	None	HEZ	None	None	STP	XRAY	2.300	0.220	MTEYKLVVVGAGGVGKSALTIQLIQNHFVDEYDPTIEDSYRKQVVIDGETCLLDILDTAGQEEYSAMRDQYMRTGEGFLCVFAINNTKSFEDIHQYREQIKRVKDSDDVPMVLVGNKCDLAARTVESRQAQDLARSYGIPYIETSAKTRQGVEDAFYTLVREIRQH	True	40.360	40.360	161.640	90.00	90.00	120.00	/Users/mitchellparker/Desktop/rascore_build/core/1p2vA_core.cif	/Users/mitchellparker/Desktop/rascore_build/rcsb/1p2v.cif.gz	/Users/mitchellparker/Desktop/rascore_build/renum/1p2v_renum.cif	/Users/mitchellparker/Desktop/rascore_build/rcsb_assembly/1p2v-assembly-1.cif.gz	/Users/mitchellparker/Desktop/rascore_build/renum_assembly/1p2v-assembly-1_renum.cif	/Users/mitchellparker/Desktop/rascore_build/sifts/1p2v.xml.gz	/Users/mitchellparker/Desktop/rascore_build/pocket/1p2vA_3_pocket.pdb
1pljA	1plj	0	A	Disordered	Disordered	Y32in	Y71in	P 32 2 1 (CF1)	1pljA10	10	GTPase HRas	RASH_HUMAN	P01112	G12P	G12	HRAS	3P	Other	None	None	None	Homodimer	Multiple-Unbound	P 32 2 1	166	1-43:45-55:57-60:65-67:69-72:74-75:77-80:82-87:89:91-123:125-163:165-166	1994-03-13	Other	306.5430	0.0003	Unbound	Unbound	36,37,67,70,71,74	MG,CAG	None	None	None	None	None	None	None	None	None	None	CAG	MG	None	None	None	None	STP	XRAY	2.800	0.199	MTEYKLVVVGAPGVGKSALTIQLIQNHFVDEYDPTIEDSYRKQVVIDGETCLLDILDTAGQEEYSAMRDQYMRTGEGFLCVFAINNTKSFEDIHQYREQIKRVKDSDDVPMVLVGNKCDLAARTVESRQAQDLARSYGIPYIETSAKTRQGVEDAFYTLVREIRQH	True	40.400	40.400	158.800	90.00	90.00	120.00	/Users/mitchellparker/Desktop/rascore_build/core/1pljA_core.cif	/Users/mitchellparker/Desktop/rascore_build/rcsb/1plj.cif.gz	/Users/mitchellparker/Desktop/rascore_build/renum/1plj_renum.cif	/Users/mitchellparker/Desktop/rascore_build/rcsb_assembly/1plj-assembly-1.cif.gz	/Users/mitchellparker/Desktop/rascore_build/renum_assembly/1plj-assembly-1_renum.cif	/Users/mitchellparker/Desktop/rascore_build/sifts/1plj.xml.gz	/Users/mitchellparker/Desktop/rascore_build/pocket/1pljA_10_pocket.pdb
1pljA	1plj	0	A	Disordered	Disordered	Y32in	Y71in	P 32 2 1 (CF1)	1pljA11	11	GTPase HRas	RASH_HUMAN	P01112	G12P	G12	HRAS	3P	Other	None	None	None	Homodimer	Multiple-Unbound	P 32 2 1	166	1-43:45-55:57-60:65-67:69-72:74-75:77-80:82-87:89:91-123:125-163:165-166	1994-03-13	Other	227.3977	0.0001	Unbound	Unbound	4,46,47,49,160,161	MG,CAG	None	None	None	None	None	None	None	None	None	None	CAG	MG	None	None	None	None	STP	XRAY	2.800	0.199	MTEYKLVVVGAPGVGKSALTIQLIQNHFVDEYDPTIEDSYRKQVVIDGETCLLDILDTAGQEEYSAMRDQYMRTGEGFLCVFAINNTKSFEDIHQYREQIKRVKDSDDVPMVLVGNKCDLAARTVESRQAQDLARSYGIPYIETSAKTRQGVEDAFYTLVREIRQH	True	40.400	40.400	158.800	90.00	90.00	120.00	/Users/mitchellparker/Desktop/rascore_build/core/1pljA_core.cif	/Users/mitchellparker/Desktop/rascore_build/rcsb/1plj.cif.gz	/Users/mitchellparker/Desktop/rascore_build/renum/1plj_renum.cif	/Users/mitchellparker/Desktop/rascore_build/rcsb_assembly/1plj-assembly-1.cif.gz	/Users/mitchellparker/Desktop/rascore_build/renum_assembly/1plj-assembly-1_renum.cif	/Users/mitchellparker/Desktop/rascore_build/sifts/1plj.xml.gz	/Users/mitchellparker/Desktop/rascore_build/pocket/1pljA_11_pocket.pdb
1pljA	1plj	0	A	Disordered	Disordered	Y32in	Y71in	P 32 2 1 (CF1)	1pljA3	3	GTPase HRas	RASH_HUMAN	P01112	G12P	G12	HRAS	3P	Other	None	None	None	Homodimer	Multiple-Unbound	P 32 2 1	166	1-43:45-55:57-60:65-67:69-72:74-75:77-80:82-87:89:91-123:125-163:165-166	1994-03-13	SP12	366.5659	0.0325	Unbound	Unbound	5,6,7,37,38,39,54,55,57,58,71,74,75	MG,CAG	None	None	None	None	None	None	None	None	None	None	CAG	MG	None	None	None	None	STP	XRAY	2.800	0.199	MTEYKLVVVGAPGVGKSALTIQLIQNHFVDEYDPTIEDSYRKQVVIDGETCLLDILDTAGQEEYSAMRDQYMRTGEGFLCVFAINNTKSFEDIHQYREQIKRVKDSDDVPMVLVGNKCDLAARTVESRQAQDLARSYGIPYIETSAKTRQGVEDAFYTLVREIRQH	True	40.400	40.400	158.800	90.00	90.00	120.00	/Users/mitchellparker/Desktop/rascore_build/core/1pljA_core.cif	/Users/mitchellparker/Desktop/rascore_build/rcsb/1plj.cif.gz	/Users/mitchellparker/Desktop/rascore_build/renum/1plj_renum.cif	/Users/mitchellparker/Desktop/rascore_build/rcsb_assembly/1plj-assembly-1.cif.gz	/Users/mitchellparker/Desktop/rascore_build/renum_assembly/1plj-assembly-1_renum.cif	/Users/mitchellparker/Desktop/rascore_build/sifts/1plj.xml.gz	/Users/mitchellparker/Desktop/rascore_build/pocket/1pljA_3_pocket.pdb
1pljA	1plj	0	A	Disordered	Disordered	Y32in	Y71in	P 32 2 1 (CF1)	1pljA4	4	GTPase HRas	RASH_HUMAN	P01112	G12P	G12	HRAS	3P	Other	None	None	None	Homodimer	Multiple-Unbound	P 32 2 1	166	1-43:45-55:57-60:65-67:69-72:74-75:77-80:82-87:89:91-123:125-163:165-166	1994-03-13	Other	257.6189	0.0002	Unbound	Unbound	149,150,151,152,153,154,157,161	MG,CAG	None	None	None	None	None	None	None	None	None	None	CAG	MG	None	None	None	None	STP	XRAY	2.800	0.199	MTEYKLVVVGAPGVGKSALTIQLIQNHFVDEYDPTIEDSYRKQVVIDGETCLLDILDTAGQEEYSAMRDQYMRTGEGFLCVFAINNTKSFEDIHQYREQIKRVKDSDDVPMVLVGNKCDLAARTVESRQAQDLARSYGIPYIETSAKTRQGVEDAFYTLVREIRQH	True	40.400	40.400	158.800	90.00	90.00	120.00	/Users/mitchellparker/Desktop/rascore_build/core/1pljA_core.cif	/Users/mitchellparker/Desktop/rascore_build/rcsb/1plj.cif.gz	/Users/mitchellparker/Desktop/rascore_build/renum/1plj_renum.cif	/Users/mitchellparker/Desktop/rascore_build/rcsb_assembly/1plj-assembly-1.cif.gz	/Users/mitchellparker/Desktop/rascore_build/renum_assembly/1plj-assembly-1_renum.cif	/Users/mitchellparker/Desktop/rascore_build/sifts/1plj.xml.gz	/Users/mitchellparker/Desktop/rascore_build/pocket/1pljA_4_pocket.pdb
1pljA	1plj	0	A	Disordered	Disordered	Y32in	Y71in	P 32 2 1 (CF1)	1pljA5	5	GTPase HRas	RASH_HUMAN	P01112	G12P	G12	HRAS	3P	Other	None	None	None	Homodimer	Multiple-Unbound	P 32 2 1	166	1-43:45-55:57-60:65-67:69-72:74-75:77-80:82-87:89:91-123:125-163:165-166	1994-03-13	Other	167.3221	0.3487	Unbound	Unbound	8,9,14,16,19,79,80,82,114,116	MG,CAG	None	None	None	None	None	None	None	None	None	None	CAG	MG	None	None	None	None	STP	XRAY	2.800	0.199	MTEYKLVVVGAPGVGKSALTIQLIQNHFVDEYDPTIEDSYRKQVVIDGETCLLDILDTAGQEEYSAMRDQYMRTGEGFLCVFAINNTKSFEDIHQYREQIKRVKDSDDVPMVLVGNKCDLAARTVESRQAQDLARSYGIPYIETSAKTRQGVEDAFYTLVREIRQH	True	40.400	40.400	158.800	90.00	90.00	120.00	/Users/mitchellparker/Desktop/rascore_build/core/1pljA_core.cif	/Users/mitchellparker/Desktop/rascore_build/rcsb/1plj.cif.gz	/Users/mitchellparker/Desktop/rascore_build/renum/1plj_renum.cif	/Users/mitchellparker/Desktop/rascore_build/rcsb_assembly/1plj-assembly-1.cif.gz	/Users/mitchellparker/Desktop/rascore_build/renum_assembly/1plj-assembly-1_renum.cif	/Users/mitchellparker/Desktop/rascore_build/sifts/1plj.xml.gz	/Users/mitchellparker/Desktop/rascore_build/pocket/1pljA_5_pocket.pdb
1pljA	1plj	0	A	Disordered	Disordered	Y32in	Y71in	P 32 2 1 (CF1)	1pljA6	6	GTPase HRas	RASH_HUMAN	P01112	G12P	G12	HRAS	3P	Other	None	None	None	Homodimer	Multiple-Unbound	P 32 2 1	166	1-43:45-55:57-60:65-67:69-72:74-75:77-80:82-87:89:91-123:125-163:165-166	1994-03-13	Other	127.1574	0.0412	Unbound	Unbound	23,42,43,45,46,51,53,157	MG,CAG	None	None	None	None	None	None	None	None	None	None	CAG	MG	None	None	None	None	STP	XRAY	2.800	0.199	MTEYKLVVVGAPGVGKSALTIQLIQNHFVDEYDPTIEDSYRKQVVIDGETCLLDILDTAGQEEYSAMRDQYMRTGEGFLCVFAINNTKSFEDIHQYREQIKRVKDSDDVPMVLVGNKCDLAARTVESRQAQDLARSYGIPYIETSAKTRQGVEDAFYTLVREIRQH	True	40.400	40.400	158.800	90.00	90.00	120.00	/Users/mitchellparker/Desktop/rascore_build/core/1pljA_core.cif	/Users/mitchellparker/Desktop/rascore_build/rcsb/1plj.cif.gz	/Users/mitchellparker/Desktop/rascore_build/renum/1plj_renum.cif	/Users/mitchellparker/Desktop/rascore_build/rcsb_assembly/1plj-assembly-1.cif.gz	/Users/mitchellparker/Desktop/rascore_build/renum_assembly/1plj-assembly-1_renum.cif	/Users/mitchellparker/Desktop/rascore_build/sifts/1plj.xml.gz	/Users/mitchellparker/Desktop/rascore_build/pocket/1pljA_6_pocket.pdb
1pljA	1plj	0	A	Disordered	Disordered	Y32in	Y71in	P 32 2 1 (CF1)	1pljA7	7	GTPase HRas	RASH_HUMAN	P01112	G12P	G12	HRAS	3P	Other	None	None	None	Homodimer	Multiple-Unbound	P 32 2 1	166	1-43:45-55:57-60:65-67:69-72:74-75:77-80:82-87:89:91-123:125-163:165-166	1994-03-13	Other	428.0981	0.3638	Unbound	Unbound	82,87,89,91,93,94,125,129,130,133	MG,CAG	None	None	None	None	None	None	None	None	None	None	CAG	MG	None	None	None	None	STP	XRAY	2.800	0.199	MTEYKLVVVGAPGVGKSALTIQLIQNHFVDEYDPTIEDSYRKQVVIDGETCLLDILDTAGQEEYSAMRDQYMRTGEGFLCVFAINNTKSFEDIHQYREQIKRVKDSDDVPMVLVGNKCDLAARTVESRQAQDLARSYGIPYIETSAKTRQGVEDAFYTLVREIRQH	True	40.400	40.400	158.800	90.00	90.00	120.00	/Users/mitchellparker/Desktop/rascore_build/core/1pljA_core.cif	/Users/mitchellparker/Desktop/rascore_build/rcsb/1plj.cif.gz	/Users/mitchellparker/Desktop/rascore_build/renum/1plj_renum.cif	/Users/mitchellparker/Desktop/rascore_build/rcsb_assembly/1plj-assembly-1.cif.gz	/Users/mitchellparker/Desktop/rascore_build/renum_assembly/1plj-assembly-1_renum.cif	/Users/mitchellparker/Desktop/rascore_build/sifts/1plj.xml.gz	/Users/mitchellparker/Desktop/rascore_build/pocket/1pljA_7_pocket.pdb
1pljA	1plj	0	A	Disordered	Disordered	Y32in	Y71in	P 32 2 1 (CF1)	1pljA8	8	GTPase HRas	RASH_HUMAN	P01112	G12P	G12	HRAS	3P	Other	None	None	None	Homodimer	Multiple-Unbound	P 32 2 1	166	1-43:45-55:57-60:65-67:69-72:74-75:77-80:82-87:89:91-123:125-163:165-166	1994-03-13	SP2	546.7057	0.0001	Unbound	Unbound	12,59,60,65,67,69,71,72,92,95,96,99	MG,CAG	None	None	None	None	None	None	None	None	None	None	CAG	MG	None	None	None	None	STP	XRAY	2.800	0.199	MTEYKLVVVGAPGVGKSALTIQLIQNHFVDEYDPTIEDSYRKQVVIDGETCLLDILDTAGQEEYSAMRDQYMRTGEGFLCVFAINNTKSFEDIHQYREQIKRVKDSDDVPMVLVGNKCDLAARTVESRQAQDLARSYGIPYIETSAKTRQGVEDAFYTLVREIRQH	True	40.400	40.400	158.800	90.00	90.00	120.00	/Users/mitchellparker/Desktop/rascore_build/core/1pljA_core.cif	/Users/mitchellparker/Desktop/rascore_build/rcsb/1plj.cif.gz	/Users/mitchellparker/Desktop/rascore_build/renum/1plj_renum.cif	/Users/mitchellparker/Desktop/rascore_build/rcsb_assembly/1plj-assembly-1.cif.gz	/Users/mitchellparker/Desktop/rascore_build/renum_assembly/1plj-assembly-1_renum.cif	/Users/mitchellparker/Desktop/rascore_build/sifts/1plj.xml.gz	/Users/mitchellparker/Desktop/rascore_build/pocket/1pljA_8_pocket.pdb
1pljA	1plj	0	A	Disordered	Disordered	Y32in	Y71in	P 32 2 1 (CF1)	1pljA9	9	GTPase HRas	RASH_HUMAN	P01112	G12P	G12	HRAS	3P	Other	None	None	None	Homodimer	Multiple-Unbound	P 32 2 1	166	1-43:45-55:57-60:65-67:69-72:74-75:77-80:82-87:89:91-123:125-163:165-166	1994-03-13	Other	197.0811	0.0000	Unbound	Unbound	84,85,86,87,122,123,125	MG,CAG	None	None	None	None	None	None	None	None	None	None	CAG	MG	None	None	None	None	STP	XRAY	2.800	0.199	MTEYKLVVVGAPGVGKSALTIQLIQNHFVDEYDPTIEDSYRKQVVIDGETCLLDILDTAGQEEYSAMRDQYMRTGEGFLCVFAINNTKSFEDIHQYREQIKRVKDSDDVPMVLVGNKCDLAARTVESRQAQDLARSYGIPYIETSAKTRQGVEDAFYTLVREIRQH	True	40.400	40.400	158.800	90.00	90.00	120.00	/Users/mitchellparker/Desktop/rascore_build/core/1pljA_core.cif	/Users/mitchellparker/Desktop/rascore_build/rcsb/1plj.cif.gz	/Users/mitchellparker/Desktop/rascore_build/renum/1plj_renum.cif	/Users/mitchellparker/Desktop/rascore_build/rcsb_assembly/1plj-assembly-1.cif.gz	/Users/mitchellparker/Desktop/rascore_build/renum_assembly/1plj-assembly-1_renum.cif	/Users/mitchellparker/Desktop/rascore_build/sifts/1plj.xml.gz	/Users/mitchellparker/Desktop/rascore_build/pocket/1pljA_9_pocket.pdb
1plkA	1plk	0	A	Disordered	Disordered	Disordered	Disordered	P 32 2 1 (CF1)	1plkA10	10	GTPase HRas	RASH_HUMAN	P01112	A122G	A122	HRAS	3P	Other	None	None	None	Homodimer	SP2-Unbound	P 32 2 1	166	1-8:10:13:15-20:22:24-29:32-33:36-48:50-54:57-69:71-78:81-102:104-111:113-130:132:134-138:142-150:152-157:159-166	1994-03-13	SP2	374.8073	0.0000	Unbound	Unbound	10,60,62,65,68,88,92,95,96	MG,GTP	None	None	None	None	None	None	None	None	None	None	GTP	MG	None	None	None	None	STP	XRAY	2.800	0.228	MTEYKLVVVGAPGVGKSALTIQLIQNHFVDEYDPTIEDSYRKQVVIDGETCLLDILDTAGQEEYSAMRDQYMRTGEGFLCVFAINNTKSFEDIHQYREQIKRVKDSDDVPMVLVGNKCDLAGRTVESRQAQDLARSYGIPYIETSAKTRQGVEDAFYTLVREIRQH	True	40.300	40.300	158.600	90.00	90.00	120.00	/Users/mitchellparker/Desktop/rascore_build/core/1plkA_core.cif	/Users/mitchellparker/Desktop/rascore_build/rcsb/1plk.cif.gz	/Users/mitchellparker/Desktop/rascore_build/renum/1plk_renum.cif	/Users/mitchellparker/Desktop/rascore_build/rcsb_assembly/1plk-assembly-1.cif.gz	/Users/mitchellparker/Desktop/rascore_build/renum_assembly/1plk-assembly-1_renum.cif	/Users/mitchellparker/Desktop/rascore_build/sifts/1plk.xml.gz	/Users/mitchellparker/Desktop/rascore_build/pocket/1plkA_10_pocket.pdb
1plkA	1plk	0	A	Disordered	Disordered	Disordered	Disordered	P 32 2 1 (CF1)	1plkA11	11	GTPase HRas	RASH_HUMAN	P01112	A122G	A122	HRAS	3P	Other	None	None	None	Homodimer	SP2-Unbound	P 32 2 1	166	1-8:10:13:15-20:22:24-29:32-33:36-48:50-54:57-69:71-78:81-102:104-111:113-130:132:134-138:142-150:152-157:159-166	1994-03-13	Other	197.1690	0.0010	Unbound	Unbound	17,29,33,38,40,57	MG,GTP	None	None	None	None	None	None	None	None	None	None	GTP	MG	None	None	None	None	STP	XRAY	2.800	0.228	MTEYKLVVVGAPGVGKSALTIQLIQNHFVDEYDPTIEDSYRKQVVIDGETCLLDILDTAGQEEYSAMRDQYMRTGEGFLCVFAINNTKSFEDIHQYREQIKRVKDSDDVPMVLVGNKCDLAGRTVESRQAQDLARSYGIPYIETSAKTRQGVEDAFYTLVREIRQH	True	40.300	40.300	158.600	90.00	90.00	120.00	/Users/mitchellparker/Desktop/rascore_build/core/1plkA_core.cif	/Users/mitchellparker/Desktop/rascore_build/rcsb/1plk.cif.gz	/Users/mitchellparker/Desktop/rascore_build/renum/1plk_renum.cif	/Users/mitchellparker/Desktop/rascore_build/rcsb_assembly/1plk-assembly-1.cif.gz	/Users/mitchellparker/Desktop/rascore_build/renum_assembly/1plk-assembly-1_renum.cif	/Users/mitchellparker/Desktop/rascore_build/sifts/1plk.xml.gz	/Users/mitchellparker/Desktop/rascore_build/pocket/1plkA_11_pocket.pdb
1plkA	1plk	0	A	Disordered	Disordered	Disordered	Disordered	P 32 2 1 (CF1)	1plkA12	12	GTPase HRas	RASH_HUMAN	P01112	A122G	A122	HRAS	3P	Other	None	None	None	Homodimer	SP2-Unbound	P 32 2 1	166	1-8:10:13:15-20:22:24-29:32-33:36-48:50-54:57-69:71-78:81-102:104-111:113-130:132:134-138:142-150:152-157:159-166	1994-03-13	Other	172.4491	0.0001	Unbound	Unbound	90,113,129,130,132,134,136,137	MG,GTP	None	None	None	None	None	None	None	None	None	None	GTP	MG	None	None	None	None	STP	XRAY	2.800	0.228	MTEYKLVVVGAPGVGKSALTIQLIQNHFVDEYDPTIEDSYRKQVVIDGETCLLDILDTAGQEEYSAMRDQYMRTGEGFLCVFAINNTKSFEDIHQYREQIKRVKDSDDVPMVLVGNKCDLAGRTVESRQAQDLARSYGIPYIETSAKTRQGVEDAFYTLVREIRQH	True	40.300	40.300	158.600	90.00	90.00	120.00	/Users/mitchellparker/Desktop/rascore_build/core/1plkA_core.cif	/Users/mitchellparker/Desktop/rascore_build/rcsb/1plk.cif.gz	/Users/mitchellparker/Desktop/rascore_build/renum/1plk_renum.cif	/Users/mitchellparker/Desktop/rascore_build/rcsb_assembly/1plk-assembly-1.cif.gz	/Users/mitchellparker/Desktop/rascore_build/renum_assembly/1plk-assembly-1_renum.cif	/Users/mitchellparker/Desktop/rascore_build/sifts/1plk.xml.gz	/Users/mitchellparker/Desktop/rascore_build/pocket/1plkA_12_pocket.pdb
1plkA	1plk	0	A	Disordered	Disordered	Disordered	Disordered	P 32 2 1 (CF1)	1plkA13	13	GTPase HRas	RASH_HUMAN	P01112	A122G	A122	HRAS	3P	Other	None	None	None	Homodimer	SP2-Unbound	P 32 2 1	166	1-8:10:13:15-20:22:24-29:32-33:36-48:50-54:57-69:71-78:81-102:104-111:113-130:132:134-138:142-150:152-157:159-166	1994-03-13	Other	334.1025	0.0002	Unbound	Unbound	10,13,15,16,60,61,81,82,83,86,88,89,92	MG,GTP	None	None	None	None	None	None	None	None	None	None	GTP	MG	None	None	None	None	STP	XRAY	2.800	0.228	MTEYKLVVVGAPGVGKSALTIQLIQNHFVDEYDPTIEDSYRKQVVIDGETCLLDILDTAGQEEYSAMRDQYMRTGEGFLCVFAINNTKSFEDIHQYREQIKRVKDSDDVPMVLVGNKCDLAGRTVESRQAQDLARSYGIPYIETSAKTRQGVEDAFYTLVREIRQH	True	40.300	40.300	158.600	90.00	90.00	120.00	/Users/mitchellparker/Desktop/rascore_build/core/1plkA_core.cif	/Users/mitchellparker/Desktop/rascore_build/rcsb/1plk.cif.gz	/Users/mitchellparker/Desktop/rascore_build/renum/1plk_renum.cif	/Users/mitchellparker/Desktop/rascore_build/rcsb_assembly/1plk-assembly-1.cif.gz	/Users/mitchellparker/Desktop/rascore_build/renum_assembly/1plk-assembly-1_renum.cif	/Users/mitchellparker/Desktop/rascore_build/sifts/1plk.xml.gz	/Users/mitchellparker/Desktop/rascore_build/pocket/1plkA_13_pocket.pdb
1plkA	1plk	0	A	Disordered	Disordered	Disordered	Disordered	P 32 2 1 (CF1)	1plkA2	2	GTPase HRas	RASH_HUMAN	P01112	A122G	A122	HRAS	3P	Other	None	None	None	Homodimer	SP2-Unbound	P 32 2 1	166	1-8:10:13:15-20:22:24-29:32-33:36-48:50-54:57-69:71-78:81-102:104-111:113-130:132:134-138:142-150:152-157:159-166	1994-03-13	Other	587.9786	0.9101	Unbound	Unbound	7,8,10,19,58,71,72,78,81,93,96,97,100,111,113,114,155,156,159	MG,GTP	None	None	None	None	None	None	None	None	None	None	GTP	MG	None	None	None	None	STP	XRAY	2.800	0.228	MTEYKLVVVGAPGVGKSALTIQLIQNHFVDEYDPTIEDSYRKQVVIDGETCLLDILDTAGQEEYSAMRDQYMRTGEGFLCVFAINNTKSFEDIHQYREQIKRVKDSDDVPMVLVGNKCDLAGRTVESRQAQDLARSYGIPYIETSAKTRQGVEDAFYTLVREIRQH	True	40.300	40.300	158.600	90.00	90.00	120.00	/Users/mitchellparker/Desktop/rascore_build/core/1plkA_core.cif	/Users/mitchellparker/Desktop/rascore_build/rcsb/1plk.cif.gz	/Users/mitchellparker/Desktop/rascore_build/renum/1plk_renum.cif	/Users/mitchellparker/Desktop/rascore_build/rcsb_assembly/1plk-assembly-1.cif.gz	/Users/mitchellparker/Desktop/rascore_build/renum_assembly/1plk-assembly-1_renum.cif	/Users/mitchellparker/Desktop/rascore_build/sifts/1plk.xml.gz	/Users/mitchellparker/Desktop/rascore_build/pocket/1plkA_2_pocket.pdb
1plkA	1plk	0	A	Disordered	Disordered	Disordered	Disordered	P 32 2 1 (CF1)	1plkA3	3	GTPase HRas	RASH_HUMAN	P01112	A122G	A122	HRAS	3P	Other	None	None	None	Homodimer	SP2-Unbound	P 32 2 1	166	1-8:10:13:15-20:22:24-29:32-33:36-48:50-54:57-69:71-78:81-102:104-111:113-130:132:134-138:142-150:152-157:159-166	1994-03-13	Other	623.8295	0.7929	Unbound	Unbound	6,8,20,22,24,26,40,42,44,53,54,57,149,152,153,156,157	MG,GTP	None	None	None	None	None	None	None	None	None	None	GTP	MG	None	None	None	None	STP	XRAY	2.800	0.228	MTEYKLVVVGAPGVGKSALTIQLIQNHFVDEYDPTIEDSYRKQVVIDGETCLLDILDTAGQEEYSAMRDQYMRTGEGFLCVFAINNTKSFEDIHQYREQIKRVKDSDDVPMVLVGNKCDLAGRTVESRQAQDLARSYGIPYIETSAKTRQGVEDAFYTLVREIRQH	True	40.300	40.300	158.600	90.00	90.00	120.00	/Users/mitchellparker/Desktop/rascore_build/core/1plkA_core.cif	/Users/mitchellparker/Desktop/rascore_build/rcsb/1plk.cif.gz	/Users/mitchellparker/Desktop/rascore_build/renum/1plk_renum.cif	/Users/mitchellparker/Desktop/rascore_build/rcsb_assembly/1plk-assembly-1.cif.gz	/Users/mitchellparker/Desktop/rascore_build/renum_assembly/1plk-assembly-1_renum.cif	/Users/mitchellparker/Desktop/rascore_build/sifts/1plk.xml.gz	/Users/mitchellparker/Desktop/rascore_build/pocket/1plkA_3_pocket.pdb
1plkA	1plk	0	A	Disordered	Disordered	Disordered	Disordered	P 32 2 1 (CF1)	1plkA4	4	GTPase HRas	RASH_HUMAN	P01112	A122G	A122	HRAS	3P	Other	None	None	None	Homodimer	SP2-Unbound	P 32 2 1	166	1-8:10:13:15-20:22:24-29:32-33:36-48:50-54:57-69:71-78:81-102:104-111:113-130:132:134-138:142-150:152-157:159-166	1994-03-13	Other	409.1103	0.0286	Unbound	Unbound	5,6,7,36,37,38,39,57,58,59,64,67,71,74	MG,GTP	None	None	None	None	None	None	None	None	None	None	GTP	MG	None	None	None	None	STP	XRAY	2.800	0.228	MTEYKLVVVGAPGVGKSALTIQLIQNHFVDEYDPTIEDSYRKQVVIDGETCLLDILDTAGQEEYSAMRDQYMRTGEGFLCVFAINNTKSFEDIHQYREQIKRVKDSDDVPMVLVGNKCDLAGRTVESRQAQDLARSYGIPYIETSAKTRQGVEDAFYTLVREIRQH	True	40.300	40.300	158.600	90.00	90.00	120.00	/Users/mitchellparker/Desktop/rascore_build/core/1plkA_core.cif	/Users/mitchellparker/Desktop/rascore_build/rcsb/1plk.cif.gz	/Users/mitchellparker/Desktop/rascore_build/renum/1plk_renum.cif	/Users/mitchellparker/Desktop/rascore_build/rcsb_assembly/1plk-assembly-1.cif.gz	/Users/mitchellparker/Desktop/rascore_build/renum_assembly/1plk-assembly-1_renum.cif	/Users/mitchellparker/Desktop/rascore_build/sifts/1plk.xml.gz	/Users/mitchellparker/Desktop/rascore_build/pocket/1plkA_4_pocket.pdb
1plkA	1plk	0	A	Disordered	Disordered	Disordered	Disordered	P 32 2 1 (CF1)	1plkA5	5	GTPase HRas	RASH_HUMAN	P01112	A122G	A122	HRAS	3P	Other	None	None	None	Homodimer	SP2-Unbound	P 32 2 1	166	1-8:10:13:15-20:22:24-29:32-33:36-48:50-54:57-69:71-78:81-102:104-111:113-130:132:134-138:142-150:152-157:159-166	1994-03-13	SP2	268.6526	0.0001	Unbound	Unbound	65,68,72,95,96,99,102	MG,GTP	None	None	None	None	None	None	None	None	None	None	GTP	MG	None	None	None	None	STP	XRAY	2.800	0.228	MTEYKLVVVGAPGVGKSALTIQLIQNHFVDEYDPTIEDSYRKQVVIDGETCLLDILDTAGQEEYSAMRDQYMRTGEGFLCVFAINNTKSFEDIHQYREQIKRVKDSDDVPMVLVGNKCDLAGRTVESRQAQDLARSYGIPYIETSAKTRQGVEDAFYTLVREIRQH	True	40.300	40.300	158.600	90.00	90.00	120.00	/Users/mitchellparker/Desktop/rascore_build/core/1plkA_core.cif	/Users/mitchellparker/Desktop/rascore_build/rcsb/1plk.cif.gz	/Users/mitchellparker/Desktop/rascore_build/renum/1plk_renum.cif	/Users/mitchellparker/Desktop/rascore_build/rcsb_assembly/1plk-assembly-1.cif.gz	/Users/mitchellparker/Desktop/rascore_build/renum_assembly/1plk-assembly-1_renum.cif	/Users/mitchellparker/Desktop/rascore_build/sifts/1plk.xml.gz	/Users/mitchellparker/Desktop/rascore_build/pocket/1plkA_5_pocket.pdb
1plkA	1plk	0	A	Disordered	Disordered	Disordered	Disordered	P 32 2 1 (CF1)	1plkA6	6	GTPase HRas	RASH_HUMAN	P01112	A122G	A122	HRAS	3P	Other	None	None	None	Homodimer	SP2-Unbound	P 32 2 1	166	1-8:10:13:15-20:22:24-29:32-33:36-48:50-54:57-69:71-78:81-102:104-111:113-130:132:134-138:142-150:152-157:159-166	1994-03-13	Other	115.1876	0.0004	Unbound	Unbound	17,18,20,22,24,25,27,29,40	MG,GTP	None	None	None	None	None	None	None	None	None	None	GTP	MG	None	None	None	None	STP	XRAY	2.800	0.228	MTEYKLVVVGAPGVGKSALTIQLIQNHFVDEYDPTIEDSYRKQVVIDGETCLLDILDTAGQEEYSAMRDQYMRTGEGFLCVFAINNTKSFEDIHQYREQIKRVKDSDDVPMVLVGNKCDLAGRTVESRQAQDLARSYGIPYIETSAKTRQGVEDAFYTLVREIRQH	True	40.300	40.300	158.600	90.00	90.00	120.00	/Users/mitchellparker/Desktop/rascore_build/core/1plkA_core.cif	/Users/mitchellparker/Desktop/rascore_build/rcsb/1plk.cif.gz	/Users/mitchellparker/Desktop/rascore_build/renum/1plk_renum.cif	/Users/mitchellparker/Desktop/rascore_build/rcsb_assembly/1plk-assembly-1.cif.gz	/Users/mitchellparker/Desktop/rascore_build/renum_assembly/1plk-assembly-1_renum.cif	/Users/mitchellparker/Desktop/rascore_build/sifts/1plk.xml.gz	/Users/mitchellparker/Desktop/rascore_build/pocket/1plkA_6_pocket.pdb
1plkA	1plk	0	A	Disordered	Disordered	Disordered	Disordered	P 32 2 1 (CF1)	1plkA7	7	GTPase HRas	RASH_HUMAN	P01112	A122G	A122	HRAS	3P	Other	None	None	None	Homodimer	SP2-Unbound	P 32 2 1	166	1-8:10:13:15-20:22:24-29:32-33:36-48:50-54:57-69:71-78:81-102:104-111:113-130:132:134-138:142-150:152-157:159-166	1994-03-13	Other	209.3921	0.0002	Unbound	Unbound	108,109,110,162,165,166	MG,GTP	None	None	None	None	None	None	None	None	None	None	GTP	MG	None	None	None	None	STP	XRAY	2.800	0.228	MTEYKLVVVGAPGVGKSALTIQLIQNHFVDEYDPTIEDSYRKQVVIDGETCLLDILDTAGQEEYSAMRDQYMRTGEGFLCVFAINNTKSFEDIHQYREQIKRVKDSDDVPMVLVGNKCDLAGRTVESRQAQDLARSYGIPYIETSAKTRQGVEDAFYTLVREIRQH	True	40.300	40.300	158.600	90.00	90.00	120.00	/Users/mitchellparker/Desktop/rascore_build/core/1plkA_core.cif	/Users/mitchellparker/Desktop/rascore_build/rcsb/1plk.cif.gz	/Users/mitchellparker/Desktop/rascore_build/renum/1plk_renum.cif	/Users/mitchellparker/Desktop/rascore_build/rcsb_assembly/1plk-assembly-1.cif.gz	/Users/mitchellparker/Desktop/rascore_build/renum_assembly/1plk-assembly-1_renum.cif	/Users/mitchellparker/Desktop/rascore_build/sifts/1plk.xml.gz	/Users/mitchellparker/Desktop/rascore_build/pocket/1plkA_7_pocket.pdb
1plkA	1plk	0	A	Disordered	Disordered	Disordered	Disordered	P 32 2 1 (CF1)	1plkA8	8	GTPase HRas	RASH_HUMAN	P01112	A122G	A122	HRAS	3P	Other	None	None	None	Homodimer	SP2-Unbound	P 32 2 1	166	1-8:10:13:15-20:22:24-29:32-33:36-48:50-54:57-69:71-78:81-102:104-111:113-130:132:134-138:142-150:152-157:159-166	1994-03-13	Other	275.9977	0.0003	Unbound	Unbound	123,126,127,128	MG,GTP	None	None	None	None	None	None	None	None	None	None	GTP	MG	None	None	None	None	STP	XRAY	2.800	0.228	MTEYKLVVVGAPGVGKSALTIQLIQNHFVDEYDPTIEDSYRKQVVIDGETCLLDILDTAGQEEYSAMRDQYMRTGEGFLCVFAINNTKSFEDIHQYREQIKRVKDSDDVPMVLVGNKCDLAGRTVESRQAQDLARSYGIPYIETSAKTRQGVEDAFYTLVREIRQH	True	40.300	40.300	158.600	90.00	90.00	120.00	/Users/mitchellparker/Desktop/rascore_build/core/1plkA_core.cif	/Users/mitchellparker/Desktop/rascore_build/rcsb/1plk.cif.gz	/Users/mitchellparker/Desktop/rascore_build/renum/1plk_renum.cif	/Users/mitchellparker/Desktop/rascore_build/rcsb_assembly/1plk-assembly-1.cif.gz	/Users/mitchellparker/Desktop/rascore_build/renum_assembly/1plk-assembly-1_renum.cif	/Users/mitchellparker/Desktop/rascore_build/sifts/1plk.xml.gz	/Users/mitchellparker/Desktop/rascore_build/pocket/1plkA_8_pocket.pdb
1plkA	1plk	0	A	Disordered	Disordered	Disordered	Disordered	P 32 2 1 (CF1)	1plkA9	9	GTPase HRas	RASH_HUMAN	P01112	A122G	A122	HRAS	3P	Other	None	None	None	Homodimer	SP2-Unbound	P 32 2 1	166	1-8:10:13:15-20:22:24-29:32-33:36-48:50-54:57-69:71-78:81-102:104-111:113-130:132:134-138:142-150:152-157:159-166	1994-03-13	Other	270.1861	0.0253	Unbound	Unbound	93,97,108,109,111,113,134,137,138	MG,GTP	None	None	None	None	None	None	None	None	None	None	GTP	MG	None	None	None	None	STP	XRAY	2.800	0.228	MTEYKLVVVGAPGVGKSALTIQLIQNHFVDEYDPTIEDSYRKQVVIDGETCLLDILDTAGQEEYSAMRDQYMRTGEGFLCVFAINNTKSFEDIHQYREQIKRVKDSDDVPMVLVGNKCDLAGRTVESRQAQDLARSYGIPYIETSAKTRQGVEDAFYTLVREIRQH	True	40.300	40.300	158.600	90.00	90.00	120.00	/Users/mitchellparker/Desktop/rascore_build/core/1plkA_core.cif	/Users/mitchellparker/Desktop/rascore_build/rcsb/1plk.cif.gz	/Users/mitchellparker/Desktop/rascore_build/renum/1plk_renum.cif	/Users/mitchellparker/Desktop/rascore_build/rcsb_assembly/1plk-assembly-1.cif.gz	/Users/mitchellparker/Desktop/rascore_build/renum_assembly/1plk-assembly-1_renum.cif	/Users/mitchellparker/Desktop/rascore_build/sifts/1plk.xml.gz	/Users/mitchellparker/Desktop/rascore_build/pocket/1plkA_9_pocket.pdb
1pllA	1pll	0	A	Disordered	Disordered	Y32out	Y71in	P 32 2 1 (CF1)	1pllA10	10	GTPase HRas	RASH_HUMAN	P01112	G12P	G12	HRAS	2P	Other	None	None	None	Homodimer	Multiple-Unbound	P 32 2 1	166	1-60:64-139:141-166	1994-03-13	SP2	208.5703	0.0006	Unbound	Unbound	10,12,59,60,64,68,96	GDP	None	None	None	None	None	None	None	None	None	None	GDP	None	None	None	None	None	STP	XRAY	2.800	0.206	MTEYKLVVVGAPGVGKSALTIQLIQNHFVDEYDPTIEDSYRKQVVIDGETCLLDILDTAGQEEYSAMRDQYMRTGEGFLCVFAINNTKSFEDIHQYREQIKRVKDSDDVPMVLVGNKCDLAARTVESRQAQDLARSYGIPYIETSAKTRQGVEDAFYTLVREIRQH	True	39.900	39.900	158.400	90.00	90.00	120.00	/Users/mitchellparker/Desktop/rascore_build/core/1pllA_core.cif	/Users/mitchellparker/Desktop/rascore_build/rcsb/1pll.cif.gz	/Users/mitchellparker/Desktop/rascore_build/renum/1pll_renum.cif	/Users/mitchellparker/Desktop/rascore_build/rcsb_assembly/1pll-assembly-1.cif.gz	/Users/mitchellparker/Desktop/rascore_build/renum_assembly/1pll-assembly-1_renum.cif	/Users/mitchellparker/Desktop/rascore_build/sifts/1pll.xml.gz	/Users/mitchellparker/Desktop/rascore_build/pocket/1pllA_10_pocket.pdb
1pllA	1pll	0	A	Disordered	Disordered	Y32out	Y71in	P 32 2 1 (CF1)	1pllA11	11	GTPase HRas	RASH_HUMAN	P01112	G12P	G12	HRAS	2P	Other	None	None	None	Homodimer	Multiple-Unbound	P 32 2 1	166	1-60:64-139:141-166	1994-03-13	Other	240.2621	0.0001	Unbound	Unbound	98,101,102,105,107	GDP	None	None	None	None	None	None	None	None	None	None	GDP	None	None	None	None	None	STP	XRAY	2.800	0.206	MTEYKLVVVGAPGVGKSALTIQLIQNHFVDEYDPTIEDSYRKQVVIDGETCLLDILDTAGQEEYSAMRDQYMRTGEGFLCVFAINNTKSFEDIHQYREQIKRVKDSDDVPMVLVGNKCDLAARTVESRQAQDLARSYGIPYIETSAKTRQGVEDAFYTLVREIRQH	True	39.900	39.900	158.400	90.00	90.00	120.00	/Users/mitchellparker/Desktop/rascore_build/core/1pllA_core.cif	/Users/mitchellparker/Desktop/rascore_build/rcsb/1pll.cif.gz	/Users/mitchellparker/Desktop/rascore_build/renum/1pll_renum.cif	/Users/mitchellparker/Desktop/rascore_build/rcsb_assembly/1pll-assembly-1.cif.gz	/Users/mitchellparker/Desktop/rascore_build/renum_assembly/1pll-assembly-1_renum.cif	/Users/mitchellparker/Desktop/rascore_build/sifts/1pll.xml.gz	/Users/mitchellparker/Desktop/rascore_build/pocket/1pllA_11_pocket.pdb
1pllA	1pll	0	A	Disordered	Disordered	Y32out	Y71in	P 32 2 1 (CF1)	1pllA12	12	GTPase HRas	RASH_HUMAN	P01112	G12P	G12	HRAS	2P	Other	None	None	None	Homodimer	Multiple-Unbound	P 32 2 1	166	1-60:64-139:141-166	1994-03-13	Other	158.5171	0.0035	Unbound	Unbound	118,143,144,145,148,150,151	GDP	None	None	None	None	None	None	None	None	None	None	GDP	None	None	None	None	None	STP	XRAY	2.800	0.206	MTEYKLVVVGAPGVGKSALTIQLIQNHFVDEYDPTIEDSYRKQVVIDGETCLLDILDTAGQEEYSAMRDQYMRTGEGFLCVFAINNTKSFEDIHQYREQIKRVKDSDDVPMVLVGNKCDLAARTVESRQAQDLARSYGIPYIETSAKTRQGVEDAFYTLVREIRQH	True	39.900	39.900	158.400	90.00	90.00	120.00	/Users/mitchellparker/Desktop/rascore_build/core/1pllA_core.cif	/Users/mitchellparker/Desktop/rascore_build/rcsb/1pll.cif.gz	/Users/mitchellparker/Desktop/rascore_build/renum/1pll_renum.cif	/Users/mitchellparker/Desktop/rascore_build/rcsb_assembly/1pll-assembly-1.cif.gz	/Users/mitchellparker/Desktop/rascore_build/renum_assembly/1pll-assembly-1_renum.cif	/Users/mitchellparker/Desktop/rascore_build/sifts/1pll.xml.gz	/Users/mitchellparker/Desktop/rascore_build/pocket/1pllA_12_pocket.pdb
1pllA	1pll	0	A	Disordered	Disordered	Y32out	Y71in	P 32 2 1 (CF1)	1pllA13	13	GTPase HRas	RASH_HUMAN	P01112	G12P	G12	HRAS	2P	Other	None	None	None	Homodimer	Multiple-Unbound	P 32 2 1	166	1-60:64-139:141-166	1994-03-13	Other	142.0832	0.0151	Unbound	Unbound	6,7,8,16,19,20,54,55,156,159	GDP	None	None	None	None	None	None	None	None	None	None	GDP	None	None	None	None	None	STP	XRAY	2.800	0.206	MTEYKLVVVGAPGVGKSALTIQLIQNHFVDEYDPTIEDSYRKQVVIDGETCLLDILDTAGQEEYSAMRDQYMRTGEGFLCVFAINNTKSFEDIHQYREQIKRVKDSDDVPMVLVGNKCDLAARTVESRQAQDLARSYGIPYIETSAKTRQGVEDAFYTLVREIRQH	True	39.900	39.900	158.400	90.00	90.00	120.00	/Users/mitchellparker/Desktop/rascore_build/core/1pllA_core.cif	/Users/mitchellparker/Desktop/rascore_build/rcsb/1pll.cif.gz	/Users/mitchellparker/Desktop/rascore_build/renum/1pll_renum.cif	/Users/mitchellparker/Desktop/rascore_build/rcsb_assembly/1pll-assembly-1.cif.gz	/Users/mitchellparker/Desktop/rascore_build/renum_assembly/1pll-assembly-1_renum.cif	/Users/mitchellparker/Desktop/rascore_build/sifts/1pll.xml.gz	/Users/mitchellparker/Desktop/rascore_build/pocket/1pllA_13_pocket.pdb
1pllA	1pll	0	A	Disordered	Disordered	Y32out	Y71in	P 32 2 1 (CF1)	1pllA1	1	GTPase HRas	RASH_HUMAN	P01112	G12P	G12	HRAS	2P	Other	None	None	None	Homodimer	Multiple-Unbound	P 32 2 1	166	1-60:64-139:141-166	1994-03-13	Other	195.5945	0.5208	Unbound	Unbound	8,19,79,81,114,144,152,155,156,159	GDP	None	None	None	None	None	None	None	None	None	None	GDP	None	None	None	None	None	STP	XRAY	2.800	0.206	MTEYKLVVVGAPGVGKSALTIQLIQNHFVDEYDPTIEDSYRKQVVIDGETCLLDILDTAGQEEYSAMRDQYMRTGEGFLCVFAINNTKSFEDIHQYREQIKRVKDSDDVPMVLVGNKCDLAARTVESRQAQDLARSYGIPYIETSAKTRQGVEDAFYTLVREIRQH	True	39.900	39.900	158.400	90.00	90.00	120.00	/Users/mitchellparker/Desktop/rascore_build/core/1pllA_core.cif	/Users/mitchellparker/Desktop/rascore_build/rcsb/1pll.cif.gz	/Users/mitchellparker/Desktop/rascore_build/renum/1pll_renum.cif	/Users/mitchellparker/Desktop/rascore_build/rcsb_assembly/1pll-assembly-1.cif.gz	/Users/mitchellparker/Desktop/rascore_build/renum_assembly/1pll-assembly-1_renum.cif	/Users/mitchellparker/Desktop/rascore_build/sifts/1pll.xml.gz	/Users/mitchellparker/Desktop/rascore_build/pocket/1pllA_1_pocket.pdb
1pllA	1pll	0	A	Disordered	Disordered	Y32out	Y71in	P 32 2 1 (CF1)	1pllA2	2	GTPase HRas	RASH_HUMAN	P01112	G12P	G12	HRAS	2P	Other	None	None	None	Homodimer	Multiple-Unbound	P 32 2 1	166	1-60:64-139:141-166	1994-03-13	Other	315.4238	0.1511	Unbound	Unbound	23,24,26,42,43,44,53,55,149,153,156,157	GDP	None	None	None	None	None	None	None	None	None	None	GDP	None	None	None	None	None	STP	XRAY	2.800	0.206	MTEYKLVVVGAPGVGKSALTIQLIQNHFVDEYDPTIEDSYRKQVVIDGETCLLDILDTAGQEEYSAMRDQYMRTGEGFLCVFAINNTKSFEDIHQYREQIKRVKDSDDVPMVLVGNKCDLAARTVESRQAQDLARSYGIPYIETSAKTRQGVEDAFYTLVREIRQH	True	39.900	39.900	158.400	90.00	90.00	120.00	/Users/mitchellparker/Desktop/rascore_build/core/1pllA_core.cif	/Users/mitchellparker/Desktop/rascore_build/rcsb/1pll.cif.gz	/Users/mitchellparker/Desktop/rascore_build/renum/1pll_renum.cif	/Users/mitchellparker/Desktop/rascore_build/rcsb_assembly/1pll-assembly-1.cif.gz	/Users/mitchellparker/Desktop/rascore_build/renum_assembly/1pll-assembly-1_renum.cif	/Users/mitchellparker/Desktop/rascore_build/sifts/1pll.xml.gz	/Users/mitchellparker/Desktop/rascore_build/pocket/1pllA_2_pocket.pdb
1pllA	1pll	0	A	Disordered	Disordered	Y32out	Y71in	P 32 2 1 (CF1)	1pllA3	3	GTPase HRas	RASH_HUMAN	P01112	G12P	G12	HRAS	2P	Other	None	None	None	Homodimer	Multiple-Unbound	P 32 2 1	166	1-60:64-139:141-166	1994-03-13	Other	417.9597	0.0022	Unbound	Unbound	128,131,132,134,135,138,139,141	GDP	None	None	None	None	None	None	None	None	None	None	GDP	None	None	None	None	None	STP	XRAY	2.800	0.206	MTEYKLVVVGAPGVGKSALTIQLIQNHFVDEYDPTIEDSYRKQVVIDGETCLLDILDTAGQEEYSAMRDQYMRTGEGFLCVFAINNTKSFEDIHQYREQIKRVKDSDDVPMVLVGNKCDLAARTVESRQAQDLARSYGIPYIETSAKTRQGVEDAFYTLVREIRQH	True	39.900	39.900	158.400	90.00	90.00	120.00	/Users/mitchellparker/Desktop/rascore_build/core/1pllA_core.cif	/Users/mitchellparker/Desktop/rascore_build/rcsb/1pll.cif.gz	/Users/mitchellparker/Desktop/rascore_build/renum/1pll_renum.cif	/Users/mitchellparker/Desktop/rascore_build/rcsb_assembly/1pll-assembly-1.cif.gz	/Users/mitchellparker/Desktop/rascore_build/renum_assembly/1pll-assembly-1_renum.cif	/Users/mitchellparker/Desktop/rascore_build/sifts/1pll.xml.gz	/Users/mitchellparker/Desktop/rascore_build/pocket/1pllA_3_pocket.pdb
1pllA	1pll	0	A	Disordered	Disordered	Y32out	Y71in	P 32 2 1 (CF1)	1pllA4	4	GTPase HRas	RASH_HUMAN	P01112	G12P	G12	HRAS	2P	Other	None	None	None	Homodimer	Multiple-Unbound	P 32 2 1	166	1-60:64-139:141-166	1994-03-13	Other	137.1988	0.0080	Unbound	Unbound	78,80,93,94,97,100,111,112,113,133,137,139	GDP	None	None	None	None	None	None	None	None	None	None	GDP	None	None	None	None	None	STP	XRAY	2.800	0.206	MTEYKLVVVGAPGVGKSALTIQLIQNHFVDEYDPTIEDSYRKQVVIDGETCLLDILDTAGQEEYSAMRDQYMRTGEGFLCVFAINNTKSFEDIHQYREQIKRVKDSDDVPMVLVGNKCDLAARTVESRQAQDLARSYGIPYIETSAKTRQGVEDAFYTLVREIRQH	True	39.900	39.900	158.400	90.00	90.00	120.00	/Users/mitchellparker/Desktop/rascore_build/core/1pllA_core.cif	/Users/mitchellparker/Desktop/rascore_build/rcsb/1pll.cif.gz	/Users/mitchellparker/Desktop/rascore_build/renum/1pll_renum.cif	/Users/mitchellparker/Desktop/rascore_build/rcsb_assembly/1pll-assembly-1.cif.gz	/Users/mitchellparker/Desktop/rascore_build/renum_assembly/1pll-assembly-1_renum.cif	/Users/mitchellparker/Desktop/rascore_build/sifts/1pll.xml.gz	/Users/mitchellparker/Desktop/rascore_build/pocket/1pllA_4_pocket.pdb
1pllA	1pll	0	A	Disordered	Disordered	Y32out	Y71in	P 32 2 1 (CF1)	1pllA5	5	GTPase HRas	RASH_HUMAN	P01112	G12P	G12	HRAS	2P	Other	None	None	None	Homodimer	Multiple-Unbound	P 32 2 1	166	1-60:64-139:141-166	1994-03-13	Other	139.2845	0.0346	Unbound	Unbound	4,6,51,52,53,54,55,156,159,160	GDP	None	None	None	None	None	None	None	None	None	None	GDP	None	None	None	None	None	STP	XRAY	2.800	0.206	MTEYKLVVVGAPGVGKSALTIQLIQNHFVDEYDPTIEDSYRKQVVIDGETCLLDILDTAGQEEYSAMRDQYMRTGEGFLCVFAINNTKSFEDIHQYREQIKRVKDSDDVPMVLVGNKCDLAARTVESRQAQDLARSYGIPYIETSAKTRQGVEDAFYTLVREIRQH	True	39.900	39.900	158.400	90.00	90.00	120.00	/Users/mitchellparker/Desktop/rascore_build/core/1pllA_core.cif	/Users/mitchellparker/Desktop/rascore_build/rcsb/1pll.cif.gz	/Users/mitchellparker/Desktop/rascore_build/renum/1pll_renum.cif	/Users/mitchellparker/Desktop/rascore_build/rcsb_assembly/1pll-assembly-1.cif.gz	/Users/mitchellparker/Desktop/rascore_build/renum_assembly/1pll-assembly-1_renum.cif	/Users/mitchellparker/Desktop/rascore_build/sifts/1pll.xml.gz	/Users/mitchellparker/Desktop/rascore_build/pocket/1pllA_5_pocket.pdb
1pllA	1pll	0	A	Disordered	Disordered	Y32out	Y71in	P 32 2 1 (CF1)	1pllA6	6	GTPase HRas	RASH_HUMAN	P01112	G12P	G12	HRAS	2P	Other	None	None	None	Homodimer	Multiple-Unbound	P 32 2 1	166	1-60:64-139:141-166	1994-03-13	Other	248.5193	0.0040	Unbound	Unbound	17,18,21,29,31,32,33,34	GDP	None	None	None	None	None	None	None	None	None	None	GDP	None	None	None	None	None	STP	XRAY	2.800	0.206	MTEYKLVVVGAPGVGKSALTIQLIQNHFVDEYDPTIEDSYRKQVVIDGETCLLDILDTAGQEEYSAMRDQYMRTGEGFLCVFAINNTKSFEDIHQYREQIKRVKDSDDVPMVLVGNKCDLAARTVESRQAQDLARSYGIPYIETSAKTRQGVEDAFYTLVREIRQH	True	39.900	39.900	158.400	90.00	90.00	120.00	/Users/mitchellparker/Desktop/rascore_build/core/1pllA_core.cif	/Users/mitchellparker/Desktop/rascore_build/rcsb/1pll.cif.gz	/Users/mitchellparker/Desktop/rascore_build/renum/1pll_renum.cif	/Users/mitchellparker/Desktop/rascore_build/rcsb_assembly/1pll-assembly-1.cif.gz	/Users/mitchellparker/Desktop/rascore_build/renum_assembly/1pll-assembly-1_renum.cif	/Users/mitchellparker/Desktop/rascore_build/sifts/1pll.xml.gz	/Users/mitchellparker/Desktop/rascore_build/pocket/1pllA_6_pocket.pdb
1pllA	1pll	0	A	Disordered	Disordered	Y32out	Y71in	P 32 2 1 (CF1)	1pllA7	7	GTPase HRas	RASH_HUMAN	P01112	G12P	G12	HRAS	2P	Other	None	None	None	Homodimer	Multiple-Unbound	P 32 2 1	166	1-60:64-139:141-166	1994-03-13	SP12	249.6804	0.0019	Unbound	Unbound	5,6,7,39,40,41,54,56,71,74	GDP	None	None	None	None	None	None	None	None	None	None	GDP	None	None	None	None	None	STP	XRAY	2.800	0.206	MTEYKLVVVGAPGVGKSALTIQLIQNHFVDEYDPTIEDSYRKQVVIDGETCLLDILDTAGQEEYSAMRDQYMRTGEGFLCVFAINNTKSFEDIHQYREQIKRVKDSDDVPMVLVGNKCDLAARTVESRQAQDLARSYGIPYIETSAKTRQGVEDAFYTLVREIRQH	True	39.900	39.900	158.400	90.00	90.00	120.00	/Users/mitchellparker/Desktop/rascore_build/core/1pllA_core.cif	/Users/mitchellparker/Desktop/rascore_build/rcsb/1pll.cif.gz	/Users/mitchellparker/Desktop/rascore_build/renum/1pll_renum.cif	/Users/mitchellparker/Desktop/rascore_build/rcsb_assembly/1pll-assembly-1.cif.gz	/Users/mitchellparker/Desktop/rascore_build/renum_assembly/1pll-assembly-1_renum.cif	/Users/mitchellparker/Desktop/rascore_build/sifts/1pll.xml.gz	/Users/mitchellparker/Desktop/rascore_build/pocket/1pllA_7_pocket.pdb
1pllA	1pll	0	A	Disordered	Disordered	Y32out	Y71in	P 32 2 1 (CF1)	1pllA8	8	GTPase HRas	RASH_HUMAN	P01112	G12P	G12	HRAS	2P	Other	None	None	None	Homodimer	Multiple-Unbound	P 32 2 1	166	1-60:64-139:141-166	1994-03-13	Other	291.7654	0.0001	Unbound	Unbound	3,5,73,74,75,76,104	GDP	None	None	None	None	None	None	None	None	None	None	GDP	None	None	None	None	None	STP	XRAY	2.800	0.206	MTEYKLVVVGAPGVGKSALTIQLIQNHFVDEYDPTIEDSYRKQVVIDGETCLLDILDTAGQEEYSAMRDQYMRTGEGFLCVFAINNTKSFEDIHQYREQIKRVKDSDDVPMVLVGNKCDLAARTVESRQAQDLARSYGIPYIETSAKTRQGVEDAFYTLVREIRQH	True	39.900	39.900	158.400	90.00	90.00	120.00	/Users/mitchellparker/Desktop/rascore_build/core/1pllA_core.cif	/Users/mitchellparker/Desktop/rascore_build/rcsb/1pll.cif.gz	/Users/mitchellparker/Desktop/rascore_build/renum/1pll_renum.cif	/Users/mitchellparker/Desktop/rascore_build/rcsb_assembly/1pll-assembly-1.cif.gz	/Users/mitchellparker/Desktop/rascore_build/renum_assembly/1pll-assembly-1_renum.cif	/Users/mitchellparker/Desktop/rascore_build/sifts/1pll.xml.gz	/Users/mitchellparker/Desktop/rascore_build/pocket/1pllA_8_pocket.pdb
1pllA	1pll	0	A	Disordered	Disordered	Y32out	Y71in	P 32 2 1 (CF1)	1pllA9	9	GTPase HRas	RASH_HUMAN	P01112	G12P	G12	HRAS	2P	Other	None	None	None	Homodimer	Multiple-Unbound	P 32 2 1	166	1-60:64-139:141-166	1994-03-13	Other	149.7598	0.0083	Unbound	Unbound	72,75,78,100,103,104,106,109,110,111,166	GDP	None	None	None	None	None	None	None	None	None	None	GDP	None	None	None	None	None	STP	XRAY	2.800	0.206	MTEYKLVVVGAPGVGKSALTIQLIQNHFVDEYDPTIEDSYRKQVVIDGETCLLDILDTAGQEEYSAMRDQYMRTGEGFLCVFAINNTKSFEDIHQYREQIKRVKDSDDVPMVLVGNKCDLAARTVESRQAQDLARSYGIPYIETSAKTRQGVEDAFYTLVREIRQH	True	39.900	39.900	158.400	90.00	90.00	120.00	/Users/mitchellparker/Desktop/rascore_build/core/1pllA_core.cif	/Users/mitchellparker/Desktop/rascore_build/rcsb/1pll.cif.gz	/Users/mitchellparker/Desktop/rascore_build/renum/1pll_renum.cif	/Users/mitchellparker/Desktop/rascore_build/rcsb_assembly/1pll-assembly-1.cif.gz	/Users/mitchellparker/Desktop/rascore_build/renum_assembly/1pll-assembly-1_renum.cif	/Users/mitchellparker/Desktop/rascore_build/sifts/1pll.xml.gz	/Users/mitchellparker/Desktop/rascore_build/pocket/1pllA_9_pocket.pdb
1q21A	1q21	0	A	Y32out.2P-OFF	Outlier	Y32out	Y71out	P 65 2 2 (CF1)	1q21A1	1	GTPase HRas	RASH_HUMAN	P01112	WT	WT	HRAS	2P	WT	None	None	None	None	SP2-Unbound	P 65 2 2	171	1-171	1991-09-25	Other	319.5641	0.1269	Unbound	Unbound	75,76,104,106,108,109,110,163,166,167	MG,GDP	None	None	None	None	None	None	None	None	None	None	GDP	MG	None	None	None	None	STP	XRAY	2.200	0.188	MTEYKLVVVGAGGVGKSALTIQLIQNHFVDEYDPTIEDSYRKQVVIDGETCLLDILDTAGQEEYSAMRDQYMRTGEGFLCVFAINNTKSFEDIHQYREQIKRVKDSDDVPMVLVGNKCDLAARTVESRQAQDLARSYGIPYIETSAKTRQGVEDAFYTLVREIRQHKLRKL	True	83.200	83.200	105.100	90.00	90.00	120.00	/Users/mitchellparker/Desktop/rascore_build/core/1q21A_core.cif	/Users/mitchellparker/Desktop/rascore_build/rcsb/1q21.cif.gz	/Users/mitchellparker/Desktop/rascore_build/renum/1q21_renum.cif	/Users/mitchellparker/Desktop/rascore_build/rcsb_assembly/1q21-assembly-1.cif.gz	/Users/mitchellparker/Desktop/rascore_build/renum_assembly/1q21-assembly-1_renum.cif	/Users/mitchellparker/Desktop/rascore_build/sifts/1q21.xml.gz	/Users/mitchellparker/Desktop/rascore_build/pocket/1q21A_1_pocket.pdb
1q21A	1q21	0	A	Y32out.2P-OFF	Outlier	Y32out	Y71out	P 65 2 2 (CF1)	1q21A2	2	GTPase HRas	RASH_HUMAN	P01112	WT	WT	HRAS	2P	WT	None	None	None	None	SP2-Unbound	P 65 2 2	171	1-171	1991-09-25	Other	320.9412	0.0006	Unbound	Unbound	97,101,107,108,109,110,111,137,138,139,162,166,169	MG,GDP	None	None	None	None	None	None	None	None	None	None	GDP	MG	None	None	None	None	STP	XRAY	2.200	0.188	MTEYKLVVVGAGGVGKSALTIQLIQNHFVDEYDPTIEDSYRKQVVIDGETCLLDILDTAGQEEYSAMRDQYMRTGEGFLCVFAINNTKSFEDIHQYREQIKRVKDSDDVPMVLVGNKCDLAARTVESRQAQDLARSYGIPYIETSAKTRQGVEDAFYTLVREIRQHKLRKL	True	83.200	83.200	105.100	90.00	90.00	120.00	/Users/mitchellparker/Desktop/rascore_build/core/1q21A_core.cif	/Users/mitchellparker/Desktop/rascore_build/rcsb/1q21.cif.gz	/Users/mitchellparker/Desktop/rascore_build/renum/1q21_renum.cif	/Users/mitchellparker/Desktop/rascore_build/rcsb_assembly/1q21-assembly-1.cif.gz	/Users/mitchellparker/Desktop/rascore_build/renum_assembly/1q21-assembly-1_renum.cif	/Users/mitchellparker/Desktop/rascore_build/sifts/1q21.xml.gz	/Users/mitchellparker/Desktop/rascore_build/pocket/1q21A_2_pocket.pdb
1q21A	1q21	0	A	Y32out.2P-OFF	Outlier	Y32out	Y71out	P 65 2 2 (CF1)	1q21A3	3	GTPase HRas	RASH_HUMAN	P01112	WT	WT	HRAS	2P	WT	None	None	None	None	SP2-Unbound	P 65 2 2	171	1-171	1991-09-25	Other	466.2767	0.0047	Unbound	Unbound	90,91,94,129,132,133,136,137	MG,GDP	None	None	None	None	None	None	None	None	None	None	GDP	MG	None	None	None	None	STP	XRAY	2.200	0.188	MTEYKLVVVGAGGVGKSALTIQLIQNHFVDEYDPTIEDSYRKQVVIDGETCLLDILDTAGQEEYSAMRDQYMRTGEGFLCVFAINNTKSFEDIHQYREQIKRVKDSDDVPMVLVGNKCDLAARTVESRQAQDLARSYGIPYIETSAKTRQGVEDAFYTLVREIRQHKLRKL	True	83.200	83.200	105.100	90.00	90.00	120.00	/Users/mitchellparker/Desktop/rascore_build/core/1q21A_core.cif	/Users/mitchellparker/Desktop/rascore_build/rcsb/1q21.cif.gz	/Users/mitchellparker/Desktop/rascore_build/renum/1q21_renum.cif	/Users/mitchellparker/Desktop/rascore_build/rcsb_assembly/1q21-assembly-1.cif.gz	/Users/mitchellparker/Desktop/rascore_build/renum_assembly/1q21-assembly-1_renum.cif	/Users/mitchellparker/Desktop/rascore_build/sifts/1q21.xml.gz	/Users/mitchellparker/Desktop/rascore_build/pocket/1q21A_3_pocket.pdb
1q21A	1q21	0	A	Y32out.2P-OFF	Outlier	Y32out	Y71out	P 65 2 2 (CF1)	1q21A4	4	GTPase HRas	RASH_HUMAN	P01112	WT	WT	HRAS	2P	WT	None	None	None	None	SP2-Unbound	P 65 2 2	171	1-171	1991-09-25	SP2	316.5309	0.0003	Unbound	Unbound	10,12,13,16,34,58,59,60,67,96	MG,GDP	None	None	None	None	None	None	None	None	None	None	GDP	MG	None	None	None	None	STP	XRAY	2.200	0.188	MTEYKLVVVGAGGVGKSALTIQLIQNHFVDEYDPTIEDSYRKQVVIDGETCLLDILDTAGQEEYSAMRDQYMRTGEGFLCVFAINNTKSFEDIHQYREQIKRVKDSDDVPMVLVGNKCDLAARTVESRQAQDLARSYGIPYIETSAKTRQGVEDAFYTLVREIRQHKLRKL	True	83.200	83.200	105.100	90.00	90.00	120.00	/Users/mitchellparker/Desktop/rascore_build/core/1q21A_core.cif	/Users/mitchellparker/Desktop/rascore_build/rcsb/1q21.cif.gz	/Users/mitchellparker/Desktop/rascore_build/renum/1q21_renum.cif	/Users/mitchellparker/Desktop/rascore_build/rcsb_assembly/1q21-assembly-1.cif.gz	/Users/mitchellparker/Desktop/rascore_build/renum_assembly/1q21-assembly-1_renum.cif	/Users/mitchellparker/Desktop/rascore_build/sifts/1q21.xml.gz	/Users/mitchellparker/Desktop/rascore_build/pocket/1q21A_4_pocket.pdb
1q21A	1q21	0	A	Y32out.2P-OFF	Outlier	Y32out	Y71out	P 65 2 2 (CF1)	1q21A5	5	GTPase HRas	RASH_HUMAN	P01112	WT	WT	HRAS	2P	WT	None	None	None	None	SP2-Unbound	P 65 2 2	171	1-171	1991-09-25	Other	201.8743	0.0001	Unbound	Unbound	131,134,135,139,140,141	MG,GDP	None	None	None	None	None	None	None	None	None	None	GDP	MG	None	None	None	None	STP	XRAY	2.200	0.188	MTEYKLVVVGAGGVGKSALTIQLIQNHFVDEYDPTIEDSYRKQVVIDGETCLLDILDTAGQEEYSAMRDQYMRTGEGFLCVFAINNTKSFEDIHQYREQIKRVKDSDDVPMVLVGNKCDLAARTVESRQAQDLARSYGIPYIETSAKTRQGVEDAFYTLVREIRQHKLRKL	True	83.200	83.200	105.100	90.00	90.00	120.00	/Users/mitchellparker/Desktop/rascore_build/core/1q21A_core.cif	/Users/mitchellparker/Desktop/rascore_build/rcsb/1q21.cif.gz	/Users/mitchellparker/Desktop/rascore_build/renum/1q21_renum.cif	/Users/mitchellparker/Desktop/rascore_build/rcsb_assembly/1q21-assembly-1.cif.gz	/Users/mitchellparker/Desktop/rascore_build/renum_assembly/1q21-assembly-1_renum.cif	/Users/mitchellparker/Desktop/rascore_build/sifts/1q21.xml.gz	/Users/mitchellparker/Desktop/rascore_build/pocket/1q21A_5_pocket.pdb
1qraA	1qra	0	A	Y32in.3P-ON	Y71in.3P-R	Y32in	Y71in	P 32 2 1 (CF1)	1qraA3	3	GTPase HRas	RASH_HUMAN	P01112	WT	WT	HRAS	3P	WT	None	None	None	Homodimer	SP12-Unbound	P 32 2 1	166	1-166	1999-06-12	Other	250.8925	0.0001	Unbound	Unbound	97,107,108,109,110,137,138,139,162,165,166	MG,GTP	None	None	None	None	None	None	None	None	None	None	GTP	MG	None	None	None	None	STP	XRAY	1.600	0.167	MTEYKLVVVGAGGVGKSALTIQLIQNHFVDEYDPTIEDSYRKQVVIDGETCLLDILDTAGQEEYSAMRDQYMRTGEGFLCVFAINNTKSFEDIHQYREQIKRVKDSDDVPMVLVGNKCDLAARTVESRQAQDLARSYGIPYIETSAKTRQGVEDAFYTLVREIRQH	True	39.567	39.567	159.255	90.00	90.00	120.00	/Users/mitchellparker/Desktop/rascore_build/core/1qraA_core.cif	/Users/mitchellparker/Desktop/rascore_build/rcsb/1qra.cif.gz	/Users/mitchellparker/Desktop/rascore_build/renum/1qra_renum.cif	/Users/mitchellparker/Desktop/rascore_build/rcsb_assembly/1qra-assembly-1.cif.gz	/Users/mitchellparker/Desktop/rascore_build/renum_assembly/1qra-assembly-1_renum.cif	/Users/mitchellparker/Desktop/rascore_build/sifts/1qra.xml.gz	/Users/mitchellparker/Desktop/rascore_build/pocket/1qraA_3_pocket.pdb
1qraA	1qra	0	A	Y32in.3P-ON	Y71in.3P-R	Y32in	Y71in	P 32 2 1 (CF1)	1qraA4	4	GTPase HRas	RASH_HUMAN	P01112	WT	WT	HRAS	3P	WT	None	None	None	Homodimer	SP12-Unbound	P 32 2 1	166	1-166	1999-06-12	Other	360.4180	0.0196	Unbound	Unbound	90,91,94,129,132,133,137	MG,GTP	None	None	None	None	None	None	None	None	None	None	GTP	MG	None	None	None	None	STP	XRAY	1.600	0.167	MTEYKLVVVGAGGVGKSALTIQLIQNHFVDEYDPTIEDSYRKQVVIDGETCLLDILDTAGQEEYSAMRDQYMRTGEGFLCVFAINNTKSFEDIHQYREQIKRVKDSDDVPMVLVGNKCDLAARTVESRQAQDLARSYGIPYIETSAKTRQGVEDAFYTLVREIRQH	True	39.567	39.567	159.255	90.00	90.00	120.00	/Users/mitchellparker/Desktop/rascore_build/core/1qraA_core.cif	/Users/mitchellparker/Desktop/rascore_build/rcsb/1qra.cif.gz	/Users/mitchellparker/Desktop/rascore_build/renum/1qra_renum.cif	/Users/mitchellparker/Desktop/rascore_build/rcsb_assembly/1qra-assembly-1.cif.gz	/Users/mitchellparker/Desktop/rascore_build/renum_assembly/1qra-assembly-1_renum.cif	/Users/mitchellparker/Desktop/rascore_build/sifts/1qra.xml.gz	/Users/mitchellparker/Desktop/rascore_build/pocket/1qraA_4_pocket.pdb
1qraA	1qra	0	A	Y32in.3P-ON	Y71in.3P-R	Y32in	Y71in	P 32 2 1 (CF1)	1qraA5	5	GTPase HRas	RASH_HUMAN	P01112	WT	WT	HRAS	3P	WT	None	None	None	Homodimer	SP12-Unbound	P 32 2 1	166	1-166	1999-06-12	Other	323.9154	0.0002	Unbound	Unbound	127,128,131,141,143	MG,GTP	None	None	None	None	None	None	None	None	None	None	GTP	MG	None	None	None	None	STP	XRAY	1.600	0.167	MTEYKLVVVGAGGVGKSALTIQLIQNHFVDEYDPTIEDSYRKQVVIDGETCLLDILDTAGQEEYSAMRDQYMRTGEGFLCVFAINNTKSFEDIHQYREQIKRVKDSDDVPMVLVGNKCDLAARTVESRQAQDLARSYGIPYIETSAKTRQGVEDAFYTLVREIRQH	True	39.567	39.567	159.255	90.00	90.00	120.00	/Users/mitchellparker/Desktop/rascore_build/core/1qraA_core.cif	/Users/mitchellparker/Desktop/rascore_build/rcsb/1qra.cif.gz	/Users/mitchellparker/Desktop/rascore_build/renum/1qra_renum.cif	/Users/mitchellparker/Desktop/rascore_build/rcsb_assembly/1qra-assembly-1.cif.gz	/Users/mitchellparker/Desktop/rascore_build/renum_assembly/1qra-assembly-1_renum.cif	/Users/mitchellparker/Desktop/rascore_build/sifts/1qra.xml.gz	/Users/mitchellparker/Desktop/rascore_build/pocket/1qraA_5_pocket.pdb
1qraA	1qra	0	A	Y32in.3P-ON	Y71in.3P-R	Y32in	Y71in	P 32 2 1 (CF1)	1qraA6	6	GTPase HRas	RASH_HUMAN	P01112	WT	WT	HRAS	3P	WT	None	None	None	Homodimer	SP12-Unbound	P 32 2 1	166	1-166	1999-06-12	SP12	188.8792	0.0061	Unbound	Unbound	5,6,7,54,56,74,75	MG,GTP	None	None	None	None	None	None	None	None	None	None	GTP	MG	None	None	None	None	STP	XRAY	1.600	0.167	MTEYKLVVVGAGGVGKSALTIQLIQNHFVDEYDPTIEDSYRKQVVIDGETCLLDILDTAGQEEYSAMRDQYMRTGEGFLCVFAINNTKSFEDIHQYREQIKRVKDSDDVPMVLVGNKCDLAARTVESRQAQDLARSYGIPYIETSAKTRQGVEDAFYTLVREIRQH	True	39.567	39.567	159.255	90.00	90.00	120.00	/Users/mitchellparker/Desktop/rascore_build/core/1qraA_core.cif	/Users/mitchellparker/Desktop/rascore_build/rcsb/1qra.cif.gz	/Users/mitchellparker/Desktop/rascore_build/renum/1qra_renum.cif	/Users/mitchellparker/Desktop/rascore_build/rcsb_assembly/1qra-assembly-1.cif.gz	/Users/mitchellparker/Desktop/rascore_build/renum_assembly/1qra-assembly-1_renum.cif	/Users/mitchellparker/Desktop/rascore_build/sifts/1qra.xml.gz	/Users/mitchellparker/Desktop/rascore_build/pocket/1qraA_6_pocket.pdb
1qraA	1qra	0	A	Y32in.3P-ON	Y71in.3P-R	Y32in	Y71in	P 32 2 1 (CF1)	1qraA7	7	GTPase HRas	RASH_HUMAN	P01112	WT	WT	HRAS	3P	WT	None	None	None	Homodimer	SP12-Unbound	P 32 2 1	166	1-166	1999-06-12	Other	329.8030	0.0003	Unbound	Unbound	76,104,106,109,110,163,166	MG,GTP	None	None	None	None	None	None	None	None	None	None	GTP	MG	None	None	None	None	STP	XRAY	1.600	0.167	MTEYKLVVVGAGGVGKSALTIQLIQNHFVDEYDPTIEDSYRKQVVIDGETCLLDILDTAGQEEYSAMRDQYMRTGEGFLCVFAINNTKSFEDIHQYREQIKRVKDSDDVPMVLVGNKCDLAARTVESRQAQDLARSYGIPYIETSAKTRQGVEDAFYTLVREIRQH	True	39.567	39.567	159.255	90.00	90.00	120.00	/Users/mitchellparker/Desktop/rascore_build/core/1qraA_core.cif	/Users/mitchellparker/Desktop/rascore_build/rcsb/1qra.cif.gz	/Users/mitchellparker/Desktop/rascore_build/renum/1qra_renum.cif	/Users/mitchellparker/Desktop/rascore_build/rcsb_assembly/1qra-assembly-1.cif.gz	/Users/mitchellparker/Desktop/rascore_build/renum_assembly/1qra-assembly-1_renum.cif	/Users/mitchellparker/Desktop/rascore_build/sifts/1qra.xml.gz	/Users/mitchellparker/Desktop/rascore_build/pocket/1qraA_7_pocket.pdb
1rvdA	1rvd	0	A	Disordered	Outlier	Disordered	Y71in	P 32 2 1 (CF1)	1rvdA3	3	GTPase HRas	RASH_HUMAN	P01112	G12V	G12	HRAS	3P	G12V	None	None	None	Homodimer	Other-Unbound	P 32 2 1	166	1-31:38-166	1999-05-03	Other	283.2401	0.0004	Unbound	Unbound	97,107,108,109,110,137,138,139,162,165,166	MG,DBG	None	None	None	None	None	None	None	None	None	None	DBG	MG	None	None	None	None	STP	XRAY	1.900	0.218	MTEYKLVVVGAVGVGKSALTIQLIQNHFVDEYDPTIEDSYRKQVVIDGETCLLDILDTAGQEEYSAMRDQYMRTGEGFLCVFAINNTKSFEDIHQYREQIKRVKDSDDVPMVLVGNKCDLAARTVESRQAQDLARSYGIPYIETSAKTRQGVEDAFYTLVREIRQH	True	40.220	40.220	162.870	90.00	90.00	120.00	/Users/mitchellparker/Desktop/rascore_build/core/1rvdA_core.cif	/Users/mitchellparker/Desktop/rascore_build/rcsb/1rvd.cif.gz	/Users/mitchellparker/Desktop/rascore_build/renum/1rvd_renum.cif	/Users/mitchellparker/Desktop/rascore_build/rcsb_assembly/1rvd-assembly-1.cif.gz	/Users/mitchellparker/Desktop/rascore_build/renum_assembly/1rvd-assembly-1_renum.cif	/Users/mitchellparker/Desktop/rascore_build/sifts/1rvd.xml.gz	/Users/mitchellparker/Desktop/rascore_build/pocket/1rvdA_3_pocket.pdb
1rvdA	1rvd	0	A	Disordered	Outlier	Disordered	Y71in	P 32 2 1 (CF1)	1rvdA4	4	GTPase HRas	RASH_HUMAN	P01112	G12V	G12	HRAS	3P	G12V	None	None	None	Homodimer	Other-Unbound	P 32 2 1	166	1-31:38-166	1999-05-03	Other	302.4378	0.0022	Unbound	Unbound	74,75,76,104,106,108,109,110,163,166	MG,DBG	None	None	None	None	None	None	None	None	None	None	DBG	MG	None	None	None	None	STP	XRAY	1.900	0.218	MTEYKLVVVGAVGVGKSALTIQLIQNHFVDEYDPTIEDSYRKQVVIDGETCLLDILDTAGQEEYSAMRDQYMRTGEGFLCVFAINNTKSFEDIHQYREQIKRVKDSDDVPMVLVGNKCDLAARTVESRQAQDLARSYGIPYIETSAKTRQGVEDAFYTLVREIRQH	True	40.220	40.220	162.870	90.00	90.00	120.00	/Users/mitchellparker/Desktop/rascore_build/core/1rvdA_core.cif	/Users/mitchellparker/Desktop/rascore_build/rcsb/1rvd.cif.gz	/Users/mitchellparker/Desktop/rascore_build/renum/1rvd_renum.cif	/Users/mitchellparker/Desktop/rascore_build/rcsb_assembly/1rvd-assembly-1.cif.gz	/Users/mitchellparker/Desktop/rascore_build/renum_assembly/1rvd-assembly-1_renum.cif	/Users/mitchellparker/Desktop/rascore_build/sifts/1rvd.xml.gz	/Users/mitchellparker/Desktop/rascore_build/pocket/1rvdA_4_pocket.pdb
1rvdA	1rvd	0	A	Disordered	Outlier	Disordered	Y71in	P 32 2 1 (CF1)	1rvdA5	5	GTPase HRas	RASH_HUMAN	P01112	G12V	G12	HRAS	3P	G12V	None	None	None	Homodimer	Other-Unbound	P 32 2 1	166	1-31:38-166	1999-05-03	Other	195.0027	0.0004	Unbound	Unbound	11,12,60,62,86,88,89,92,96	MG,DBG	None	None	None	None	None	None	None	None	None	None	DBG	MG	None	None	None	None	STP	XRAY	1.900	0.218	MTEYKLVVVGAVGVGKSALTIQLIQNHFVDEYDPTIEDSYRKQVVIDGETCLLDILDTAGQEEYSAMRDQYMRTGEGFLCVFAINNTKSFEDIHQYREQIKRVKDSDDVPMVLVGNKCDLAARTVESRQAQDLARSYGIPYIETSAKTRQGVEDAFYTLVREIRQH	True	40.220	40.220	162.870	90.00	90.00	120.00	/Users/mitchellparker/Desktop/rascore_build/core/1rvdA_core.cif	/Users/mitchellparker/Desktop/rascore_build/rcsb/1rvd.cif.gz	/Users/mitchellparker/Desktop/rascore_build/renum/1rvd_renum.cif	/Users/mitchellparker/Desktop/rascore_build/rcsb_assembly/1rvd-assembly-1.cif.gz	/Users/mitchellparker/Desktop/rascore_build/renum_assembly/1rvd-assembly-1_renum.cif	/Users/mitchellparker/Desktop/rascore_build/sifts/1rvd.xml.gz	/Users/mitchellparker/Desktop/rascore_build/pocket/1rvdA_5_pocket.pdb
1wq1R	1wq1	0	R	Outlier	Outlier	Y32in	Y71in	P 1 21 1 (CF1)	1wq1R1	1	GTPase HRas	RASH_HUMAN	P01112	WT	WT	HRAS	2P	WT	None	None	GAP	None	Other-Unbound	P 1 21 1	166	1-166	1997-07-03	Other	234.5654	0.0003	Unbound	Unbound	97,108,109,110,137,138,139,162,165,166	MG,GDP,AF3	Ras GTPase-activating protein 1	None	G:88,32,61,12,13,34,62,63,41,64,67,36,37,38,33,31,25,40,21,39,60,17,35	RASA1_HUMAN	None	None	None	RasGAP	None	G	GDP	MG	None	AF3	None	None	STP	XRAY	2.500	0.233	MTEYKLVVVGAGGVGKSALTIQLIQNHFVDEYDPTIEDSYRKQVVIDGETCLLDILDTAGQEEYSAMRDQYMRTGEGFLCVFAINNTKSFEDIHQYREQIKRVKDSDDVPMVLVGNKCDLAARTVESRQAQDLARSYGIPYIETSAKTRQGVEDAFYTLVREIRQH	True	71.900	41.100	89.000	90.00	108.40	90.00	/Users/mitchellparker/Desktop/rascore_build/core/1wq1R_core.cif	/Users/mitchellparker/Desktop/rascore_build/rcsb/1wq1.cif.gz	/Users/mitchellparker/Desktop/rascore_build/renum/1wq1_renum.cif	/Users/mitchellparker/Desktop/rascore_build/rcsb_assembly/1wq1-assembly-1.cif.gz	/Users/mitchellparker/Desktop/rascore_build/renum_assembly/1wq1-assembly-1_renum.cif	/Users/mitchellparker/Desktop/rascore_build/sifts/1wq1.xml.gz	/Users/mitchellparker/Desktop/rascore_build/pocket/1wq1R_1_pocket.pdb
1wq1R	1wq1	0	R	Outlier	Outlier	Y32in	Y71in	P 1 21 1 (CF1)	1wq1R2	2	GTPase HRas	RASH_HUMAN	P01112	WT	WT	HRAS	2P	WT	None	None	GAP	None	Other-Unbound	P 1 21 1	166	1-166	1997-07-03	Other	181.9988	0.0001	Unbound	Unbound	75,76,104,110,163,166	MG,GDP,AF3	Ras GTPase-activating protein 1	None	G:88,32,61,12,13,34,62,63,41,64,67,36,37,38,33,31,25,40,21,39,60,17,35	RASA1_HUMAN	None	None	None	RasGAP	None	G	GDP	MG	None	AF3	None	None	STP	XRAY	2.500	0.233	MTEYKLVVVGAGGVGKSALTIQLIQNHFVDEYDPTIEDSYRKQVVIDGETCLLDILDTAGQEEYSAMRDQYMRTGEGFLCVFAINNTKSFEDIHQYREQIKRVKDSDDVPMVLVGNKCDLAARTVESRQAQDLARSYGIPYIETSAKTRQGVEDAFYTLVREIRQH	True	71.900	41.100	89.000	90.00	108.40	90.00	/Users/mitchellparker/Desktop/rascore_build/core/1wq1R_core.cif	/Users/mitchellparker/Desktop/rascore_build/rcsb/1wq1.cif.gz	/Users/mitchellparker/Desktop/rascore_build/renum/1wq1_renum.cif	/Users/mitchellparker/Desktop/rascore_build/rcsb_assembly/1wq1-assembly-1.cif.gz	/Users/mitchellparker/Desktop/rascore_build/renum_assembly/1wq1-assembly-1_renum.cif	/Users/mitchellparker/Desktop/rascore_build/sifts/1wq1.xml.gz	/Users/mitchellparker/Desktop/rascore_build/pocket/1wq1R_2_pocket.pdb
1xcmA	1xcm	0	A	Outlier	Outlier	Y32out	Y71in	I 2 2 2 (CF1)	1xcmA1	1	GTPase HRas	RASH_HUMAN	P01112	G60A	G60	HRAS	3P	Other	None	None	None	None	SP12-Unbound	I 2 2 2	167	1-117:119-167	2004-09-02	Other	386.4732	0.0258	Unbound	Unbound	94,95,97,98,100,101,106,107,109,111,137	CSO,MG,MG,GNP	None	None	None	None	None	None	None	None	None	None	GNP	MG	None	None	CSO	None	STP	XRAY	1.840	0.186	MTEYKLVVVGAGGVGKSALTIQLIQNHFVDEYDPTIEDSYRKQVVIDGETCLLDILDTAAQEEYSAMRDQYMRTGEGFLCVFAINNTKSFEDIHQYREQIKRVKDSDDVPMVLVGNKCDLAARTVESRQAQDLARSYGIPYIETSAKTRQGVEDAFYTLVREIRQHK	True	34.292	81.419	121.302	90.00	90.00	90.00	/Users/mitchellparker/Desktop/rascore_build/core/1xcmA_core.cif	/Users/mitchellparker/Desktop/rascore_build/rcsb/1xcm.cif.gz	/Users/mitchellparker/Desktop/rascore_build/renum/1xcm_renum.cif	/Users/mitchellparker/Desktop/rascore_build/rcsb_assembly/1xcm-assembly-1.cif.gz	/Users/mitchellparker/Desktop/rascore_build/renum_assembly/1xcm-assembly-1_renum.cif	/Users/mitchellparker/Desktop/rascore_build/sifts/1xcm.xml.gz	/Users/mitchellparker/Desktop/rascore_build/pocket/1xcmA_1_pocket.pdb
1xcmA	1xcm	0	A	Outlier	Outlier	Y32out	Y71in	I 2 2 2 (CF1)	1xcmA3	3	GTPase HRas	RASH_HUMAN	P01112	G60A	G60	HRAS	3P	Other	None	None	None	None	SP12-Unbound	I 2 2 2	167	1-117:119-167	2004-09-02	SP12	326.2127	0.6071	Unbound	Unbound	5,6,7,39,54,56,67,70,71,74,75	CSO,MG,MG,GNP	None	None	None	None	None	None	None	None	None	None	GNP	MG	None	None	CSO	None	STP	XRAY	1.840	0.186	MTEYKLVVVGAGGVGKSALTIQLIQNHFVDEYDPTIEDSYRKQVVIDGETCLLDILDTAAQEEYSAMRDQYMRTGEGFLCVFAINNTKSFEDIHQYREQIKRVKDSDDVPMVLVGNKCDLAARTVESRQAQDLARSYGIPYIETSAKTRQGVEDAFYTLVREIRQHK	True	34.292	81.419	121.302	90.00	90.00	90.00	/Users/mitchellparker/Desktop/rascore_build/core/1xcmA_core.cif	/Users/mitchellparker/Desktop/rascore_build/rcsb/1xcm.cif.gz	/Users/mitchellparker/Desktop/rascore_build/renum/1xcm_renum.cif	/Users/mitchellparker/Desktop/rascore_build/rcsb_assembly/1xcm-assembly-1.cif.gz	/Users/mitchellparker/Desktop/rascore_build/renum_assembly/1xcm-assembly-1_renum.cif	/Users/mitchellparker/Desktop/rascore_build/sifts/1xcm.xml.gz	/Users/mitchellparker/Desktop/rascore_build/pocket/1xcmA_3_pocket.pdb
1xcmA	1xcm	0	A	Outlier	Outlier	Y32out	Y71in	I 2 2 2 (CF1)	1xcmA4	4	GTPase HRas	RASH_HUMAN	P01112	G60A	G60	HRAS	3P	Other	None	None	None	None	SP12-Unbound	I 2 2 2	167	1-117:119-167	2004-09-02	Other	269.6986	0.0260	Unbound	Unbound	73,74,75,76,104,106,109,110,163,166	CSO,MG,MG,GNP	None	None	None	None	None	None	None	None	None	None	GNP	MG	None	None	CSO	None	STP	XRAY	1.840	0.186	MTEYKLVVVGAGGVGKSALTIQLIQNHFVDEYDPTIEDSYRKQVVIDGETCLLDILDTAAQEEYSAMRDQYMRTGEGFLCVFAINNTKSFEDIHQYREQIKRVKDSDDVPMVLVGNKCDLAARTVESRQAQDLARSYGIPYIETSAKTRQGVEDAFYTLVREIRQHK	True	34.292	81.419	121.302	90.00	90.00	90.00	/Users/mitchellparker/Desktop/rascore_build/core/1xcmA_core.cif	/Users/mitchellparker/Desktop/rascore_build/rcsb/1xcm.cif.gz	/Users/mitchellparker/Desktop/rascore_build/renum/1xcm_renum.cif	/Users/mitchellparker/Desktop/rascore_build/rcsb_assembly/1xcm-assembly-1.cif.gz	/Users/mitchellparker/Desktop/rascore_build/renum_assembly/1xcm-assembly-1_renum.cif	/Users/mitchellparker/Desktop/rascore_build/sifts/1xcm.xml.gz	/Users/mitchellparker/Desktop/rascore_build/pocket/1xcmA_4_pocket.pdb
1xcmA	1xcm	0	A	Outlier	Outlier	Y32out	Y71in	I 2 2 2 (CF1)	1xcmA5	5	GTPase HRas	RASH_HUMAN	P01112	G60A	G60	HRAS	3P	Other	None	None	None	None	SP12-Unbound	I 2 2 2	167	1-117:119-167	2004-09-02	Other	283.6598	0.0000	Unbound	Unbound	148,149,150,151,153,154	CSO,MG,MG,GNP	None	None	None	None	None	None	None	None	None	None	GNP	MG	None	None	CSO	None	STP	XRAY	1.840	0.186	MTEYKLVVVGAGGVGKSALTIQLIQNHFVDEYDPTIEDSYRKQVVIDGETCLLDILDTAAQEEYSAMRDQYMRTGEGFLCVFAINNTKSFEDIHQYREQIKRVKDSDDVPMVLVGNKCDLAARTVESRQAQDLARSYGIPYIETSAKTRQGVEDAFYTLVREIRQHK	True	34.292	81.419	121.302	90.00	90.00	90.00	/Users/mitchellparker/Desktop/rascore_build/core/1xcmA_core.cif	/Users/mitchellparker/Desktop/rascore_build/rcsb/1xcm.cif.gz	/Users/mitchellparker/Desktop/rascore_build/renum/1xcm_renum.cif	/Users/mitchellparker/Desktop/rascore_build/rcsb_assembly/1xcm-assembly-1.cif.gz	/Users/mitchellparker/Desktop/rascore_build/renum_assembly/1xcm-assembly-1_renum.cif	/Users/mitchellparker/Desktop/rascore_build/sifts/1xcm.xml.gz	/Users/mitchellparker/Desktop/rascore_build/pocket/1xcmA_5_pocket.pdb
1xcmA	1xcm	0	A	Outlier	Outlier	Y32out	Y71in	I 2 2 2 (CF1)	1xcmA6	6	GTPase HRas	RASH_HUMAN	P01112	G60A	G60	HRAS	3P	Other	None	None	None	None	SP12-Unbound	I 2 2 2	167	1-117:119-167	2004-09-02	Other	172.1853	0.0006	Unbound	Unbound	61,95,98,99,102	CSO,MG,MG,GNP	None	None	None	None	None	None	None	None	None	None	GNP	MG	None	None	CSO	None	STP	XRAY	1.840	0.186	MTEYKLVVVGAGGVGKSALTIQLIQNHFVDEYDPTIEDSYRKQVVIDGETCLLDILDTAAQEEYSAMRDQYMRTGEGFLCVFAINNTKSFEDIHQYREQIKRVKDSDDVPMVLVGNKCDLAARTVESRQAQDLARSYGIPYIETSAKTRQGVEDAFYTLVREIRQHK	True	34.292	81.419	121.302	90.00	90.00	90.00	/Users/mitchellparker/Desktop/rascore_build/core/1xcmA_core.cif	/Users/mitchellparker/Desktop/rascore_build/rcsb/1xcm.cif.gz	/Users/mitchellparker/Desktop/rascore_build/renum/1xcm_renum.cif	/Users/mitchellparker/Desktop/rascore_build/rcsb_assembly/1xcm-assembly-1.cif.gz	/Users/mitchellparker/Desktop/rascore_build/renum_assembly/1xcm-assembly-1_renum.cif	/Users/mitchellparker/Desktop/rascore_build/sifts/1xcm.xml.gz	/Users/mitchellparker/Desktop/rascore_build/pocket/1xcmA_6_pocket.pdb
1xcmA	1xcm	0	A	Outlier	Outlier	Y32out	Y71in	I 2 2 2 (CF1)	1xcmA7	7	GTPase HRas	RASH_HUMAN	P01112	G60A	G60	HRAS	3P	Other	None	None	None	None	SP12-Unbound	I 2 2 2	167	1-117:119-167	2004-09-02	Other	170.9685	0.0001	Unbound	Unbound	97,107,108,109,110,111,137,138,139,162,166	CSO,MG,MG,GNP	None	None	None	None	None	None	None	None	None	None	GNP	MG	None	None	CSO	None	STP	XRAY	1.840	0.186	MTEYKLVVVGAGGVGKSALTIQLIQNHFVDEYDPTIEDSYRKQVVIDGETCLLDILDTAAQEEYSAMRDQYMRTGEGFLCVFAINNTKSFEDIHQYREQIKRVKDSDDVPMVLVGNKCDLAARTVESRQAQDLARSYGIPYIETSAKTRQGVEDAFYTLVREIRQHK	True	34.292	81.419	121.302	90.00	90.00	90.00	/Users/mitchellparker/Desktop/rascore_build/core/1xcmA_core.cif	/Users/mitchellparker/Desktop/rascore_build/rcsb/1xcm.cif.gz	/Users/mitchellparker/Desktop/rascore_build/renum/1xcm_renum.cif	/Users/mitchellparker/Desktop/rascore_build/rcsb_assembly/1xcm-assembly-1.cif.gz	/Users/mitchellparker/Desktop/rascore_build/renum_assembly/1xcm-assembly-1_renum.cif	/Users/mitchellparker/Desktop/rascore_build/sifts/1xcm.xml.gz	/Users/mitchellparker/Desktop/rascore_build/pocket/1xcmA_7_pocket.pdb
1xcmA	1xcm	0	A	Outlier	Outlier	Y32out	Y71in	I 2 2 2 (CF1)	1xcmA8	8	GTPase HRas	RASH_HUMAN	P01112	G60A	G60	HRAS	3P	Other	None	None	None	None	SP12-Unbound	I 2 2 2	167	1-117:119-167	2004-09-02	Other	275.8322	0.0001	Unbound	Unbound	61,63,64,65,66,68,69	CSO,MG,MG,GNP	None	None	None	None	None	None	None	None	None	None	GNP	MG	None	None	CSO	None	STP	XRAY	1.840	0.186	MTEYKLVVVGAGGVGKSALTIQLIQNHFVDEYDPTIEDSYRKQVVIDGETCLLDILDTAAQEEYSAMRDQYMRTGEGFLCVFAINNTKSFEDIHQYREQIKRVKDSDDVPMVLVGNKCDLAARTVESRQAQDLARSYGIPYIETSAKTRQGVEDAFYTLVREIRQHK	True	34.292	81.419	121.302	90.00	90.00	90.00	/Users/mitchellparker/Desktop/rascore_build/core/1xcmA_core.cif	/Users/mitchellparker/Desktop/rascore_build/rcsb/1xcm.cif.gz	/Users/mitchellparker/Desktop/rascore_build/renum/1xcm_renum.cif	/Users/mitchellparker/Desktop/rascore_build/rcsb_assembly/1xcm-assembly-1.cif.gz	/Users/mitchellparker/Desktop/rascore_build/renum_assembly/1xcm-assembly-1_renum.cif	/Users/mitchellparker/Desktop/rascore_build/sifts/1xcm.xml.gz	/Users/mitchellparker/Desktop/rascore_build/pocket/1xcmA_8_pocket.pdb
1xd2A	1xd2	0	A	Outlier	Outlier	Y32in	Y71out	I 4 2 2 (CF2)	1xd2A1	1	GTPase HRas	RASH_HUMAN	P01112	Y64A	Y64	HRAS	2P	Other	None	None	GEF.CDC25	None	Other-Unbound	I 4 2 2	166	1-166	2004-09-03	Other	350.0070	0.0073	Unbound	Unbound	74,75,76,104,106,109,110,163,166	MG,PO4,GDP	Son of sevenless homolog 1	None	C:70,71,37,39,66,63,36,67,34,35,33,38,61,31,27,25,26,149,148,153,43,50,1,45,44,41,42,24	SOS1_HUMAN	None	None	None	RasGEF	None	C	GDP	MG	None	PO4	None	None	STP	XRAY	2.700	0.212	MTEYKLVVVGAGGVGKSALTIQLIQNHFVDEYDPTIEDSYRKQVVIDGETCLLDILDTAGQEEASAMRDQYMRTGEGFLCVFAINNTKSFEDIHQYREQIKRVKDSDDVPMVLVGNKCDLAARTVESRQAQDLARSYGIPYIETSAKTRQGVEDAFYTLVREIRQH	True	183.703	183.703	177.804	90.00	90.00	90.00	/Users/mitchellparker/Desktop/rascore_build/core/1xd2A_core.cif	/Users/mitchellparker/Desktop/rascore_build/rcsb/1xd2.cif.gz	/Users/mitchellparker/Desktop/rascore_build/renum/1xd2_renum.cif	/Users/mitchellparker/Desktop/rascore_build/rcsb_assembly/1xd2-assembly-1.cif.gz	/Users/mitchellparker/Desktop/rascore_build/renum_assembly/1xd2-assembly-1_renum.cif	/Users/mitchellparker/Desktop/rascore_build/sifts/1xd2.xml.gz	/Users/mitchellparker/Desktop/rascore_build/pocket/1xd2A_1_pocket.pdb
1xd2A	1xd2	0	A	Outlier	Outlier	Y32in	Y71out	I 4 2 2 (CF2)	1xd2A2	2	GTPase HRas	RASH_HUMAN	P01112	Y64A	Y64	HRAS	2P	Other	None	None	GEF.CDC25	None	Other-Unbound	I 4 2 2	166	1-166	2004-09-03	Other	181.8147	0.0016	Unbound	Unbound	11,12,13,14,83,85,86,89,117	MG,PO4,GDP	Son of sevenless homolog 1	None	C:70,71,37,39,66,63,36,67,34,35,33,38,61,31,27,25,26,149,148,153,43,50,1,45,44,41,42,24	SOS1_HUMAN	None	None	None	RasGEF	None	C	GDP	MG	None	PO4	None	None	STP	XRAY	2.700	0.212	MTEYKLVVVGAGGVGKSALTIQLIQNHFVDEYDPTIEDSYRKQVVIDGETCLLDILDTAGQEEASAMRDQYMRTGEGFLCVFAINNTKSFEDIHQYREQIKRVKDSDDVPMVLVGNKCDLAARTVESRQAQDLARSYGIPYIETSAKTRQGVEDAFYTLVREIRQH	True	183.703	183.703	177.804	90.00	90.00	90.00	/Users/mitchellparker/Desktop/rascore_build/core/1xd2A_core.cif	/Users/mitchellparker/Desktop/rascore_build/rcsb/1xd2.cif.gz	/Users/mitchellparker/Desktop/rascore_build/renum/1xd2_renum.cif	/Users/mitchellparker/Desktop/rascore_build/rcsb_assembly/1xd2-assembly-1.cif.gz	/Users/mitchellparker/Desktop/rascore_build/renum_assembly/1xd2-assembly-1_renum.cif	/Users/mitchellparker/Desktop/rascore_build/sifts/1xd2.xml.gz	/Users/mitchellparker/Desktop/rascore_build/pocket/1xd2A_2_pocket.pdb
1xd2A	1xd2	0	A	Outlier	Outlier	Y32in	Y71out	I 4 2 2 (CF2)	1xd2A3	3	GTPase HRas	RASH_HUMAN	P01112	Y64A	Y64	HRAS	2P	Other	None	None	GEF.CDC25	None	Other-Unbound	I 4 2 2	166	1-166	2004-09-03	Other	259.0706	0.0007	Unbound	Unbound	97,107,108,109,110,111,137,138,139,162,165,166	MG,PO4,GDP	Son of sevenless homolog 1	None	C:70,71,37,39,66,63,36,67,34,35,33,38,61,31,27,25,26,149,148,153,43,50,1,45,44,41,42,24	SOS1_HUMAN	None	None	None	RasGEF	None	C	GDP	MG	None	PO4	None	None	STP	XRAY	2.700	0.212	MTEYKLVVVGAGGVGKSALTIQLIQNHFVDEYDPTIEDSYRKQVVIDGETCLLDILDTAGQEEASAMRDQYMRTGEGFLCVFAINNTKSFEDIHQYREQIKRVKDSDDVPMVLVGNKCDLAARTVESRQAQDLARSYGIPYIETSAKTRQGVEDAFYTLVREIRQH	True	183.703	183.703	177.804	90.00	90.00	90.00	/Users/mitchellparker/Desktop/rascore_build/core/1xd2A_core.cif	/Users/mitchellparker/Desktop/rascore_build/rcsb/1xd2.cif.gz	/Users/mitchellparker/Desktop/rascore_build/renum/1xd2_renum.cif	/Users/mitchellparker/Desktop/rascore_build/rcsb_assembly/1xd2-assembly-1.cif.gz	/Users/mitchellparker/Desktop/rascore_build/renum_assembly/1xd2-assembly-1_renum.cif	/Users/mitchellparker/Desktop/rascore_build/sifts/1xd2.xml.gz	/Users/mitchellparker/Desktop/rascore_build/pocket/1xd2A_3_pocket.pdb
1xd2B	1xd2	0	B	Outlier	Y71out.0P-GEF	Y32out	Y71out	I 4 2 2 (CF2)	1xd2B1	1	GTPase HRas	RASH_HUMAN	P01112	WT	WT	HRAS	0P	WT	None	None	GEF.CDC25	None	SP2-Unbound	I 4 2 2	166	1-166	2004-09-03	SP2	251.5038	0.0248	Unbound	Unbound	7,8,9,10,16,58,61,62,64,68,71,72,96	PO4	Son of sevenless homolog 1	None	C:31,30,60,63,64,65,66,70,67,73,69,102,103,41,40,54,55,56,71,37,61,59,58,34,35,17,32,21,57,18,25,33,95,105	SOS1_HUMAN	None	None	None	RasGEF	None	C	None	None	None	PO4	None	None	STP	XRAY	2.700	0.212	MTEYKLVVVGAGGVGKSALTIQLIQNHFVDEYDPTIEDSYRKQVVIDGETCLLDILDTAGQEEYSAMRDQYMRTGEGFLCVFAINNTKSFEDIHQYREQIKRVKDSDDVPMVLVGNKCDLAARTVESRQAQDLARSYGIPYIETSAKTRQGVEDAFYTLVREIRQH	True	183.703	183.703	177.804	90.00	90.00	90.00	/Users/mitchellparker/Desktop/rascore_build/core/1xd2B_core.cif	/Users/mitchellparker/Desktop/rascore_build/rcsb/1xd2.cif.gz	/Users/mitchellparker/Desktop/rascore_build/renum/1xd2_renum.cif	/Users/mitchellparker/Desktop/rascore_build/rcsb_assembly/1xd2-assembly-1.cif.gz	/Users/mitchellparker/Desktop/rascore_build/renum_assembly/1xd2-assembly-1_renum.cif	/Users/mitchellparker/Desktop/rascore_build/sifts/1xd2.xml.gz	/Users/mitchellparker/Desktop/rascore_build/pocket/1xd2B_1_pocket.pdb
1xd2B	1xd2	0	B	Outlier	Y71out.0P-GEF	Y32out	Y71out	I 4 2 2 (CF2)	1xd2B2	2	GTPase HRas	RASH_HUMAN	P01112	WT	WT	HRAS	0P	WT	None	None	GEF.CDC25	None	SP2-Unbound	I 4 2 2	166	1-166	2004-09-03	Other	235.0691	0.0002	Unbound	Unbound	22,149,151,152,153,154	PO4	Son of sevenless homolog 1	None	C:31,30,60,63,64,65,66,70,67,73,69,102,103,41,40,54,55,56,71,37,61,59,58,34,35,17,32,21,57,18,25,33,95,105	SOS1_HUMAN	None	None	None	RasGEF	None	C	None	None	None	PO4	None	None	STP	XRAY	2.700	0.212	MTEYKLVVVGAGGVGKSALTIQLIQNHFVDEYDPTIEDSYRKQVVIDGETCLLDILDTAGQEEYSAMRDQYMRTGEGFLCVFAINNTKSFEDIHQYREQIKRVKDSDDVPMVLVGNKCDLAARTVESRQAQDLARSYGIPYIETSAKTRQGVEDAFYTLVREIRQH	True	183.703	183.703	177.804	90.00	90.00	90.00	/Users/mitchellparker/Desktop/rascore_build/core/1xd2B_core.cif	/Users/mitchellparker/Desktop/rascore_build/rcsb/1xd2.cif.gz	/Users/mitchellparker/Desktop/rascore_build/renum/1xd2_renum.cif	/Users/mitchellparker/Desktop/rascore_build/rcsb_assembly/1xd2-assembly-1.cif.gz	/Users/mitchellparker/Desktop/rascore_build/renum_assembly/1xd2-assembly-1_renum.cif	/Users/mitchellparker/Desktop/rascore_build/sifts/1xd2.xml.gz	/Users/mitchellparker/Desktop/rascore_build/pocket/1xd2B_2_pocket.pdb
1xd2B	1xd2	0	B	Outlier	Y71out.0P-GEF	Y32out	Y71out	I 4 2 2 (CF2)	1xd2B3	3	GTPase HRas	RASH_HUMAN	P01112	WT	WT	HRAS	0P	WT	None	None	GEF.CDC25	None	SP2-Unbound	I 4 2 2	166	1-166	2004-09-03	Other	152.5794	0.0001	Unbound	Unbound	117,123,143,144,145,150	PO4	Son of sevenless homolog 1	None	C:31,30,60,63,64,65,66,70,67,73,69,102,103,41,40,54,55,56,71,37,61,59,58,34,35,17,32,21,57,18,25,33,95,105	SOS1_HUMAN	None	None	None	RasGEF	None	C	None	None	None	PO4	None	None	STP	XRAY	2.700	0.212	MTEYKLVVVGAGGVGKSALTIQLIQNHFVDEYDPTIEDSYRKQVVIDGETCLLDILDTAGQEEYSAMRDQYMRTGEGFLCVFAINNTKSFEDIHQYREQIKRVKDSDDVPMVLVGNKCDLAARTVESRQAQDLARSYGIPYIETSAKTRQGVEDAFYTLVREIRQH	True	183.703	183.703	177.804	90.00	90.00	90.00	/Users/mitchellparker/Desktop/rascore_build/core/1xd2B_core.cif	/Users/mitchellparker/Desktop/rascore_build/rcsb/1xd2.cif.gz	/Users/mitchellparker/Desktop/rascore_build/renum/1xd2_renum.cif	/Users/mitchellparker/Desktop/rascore_build/rcsb_assembly/1xd2-assembly-1.cif.gz	/Users/mitchellparker/Desktop/rascore_build/renum_assembly/1xd2-assembly-1_renum.cif	/Users/mitchellparker/Desktop/rascore_build/sifts/1xd2.xml.gz	/Users/mitchellparker/Desktop/rascore_build/pocket/1xd2B_3_pocket.pdb
1xd2B	1xd2	0	B	Outlier	Y71out.0P-GEF	Y32out	Y71out	I 4 2 2 (CF2)	1xd2B4	4	GTPase HRas	RASH_HUMAN	P01112	WT	WT	HRAS	0P	WT	None	None	GEF.CDC25	None	SP2-Unbound	I 4 2 2	166	1-166	2004-09-03	Other	204.7720	0.0002	Unbound	Unbound	97,107,108,109,110,137,138,139,162,166	PO4	Son of sevenless homolog 1	None	C:31,30,60,63,64,65,66,70,67,73,69,102,103,41,40,54,55,56,71,37,61,59,58,34,35,17,32,21,57,18,25,33,95,105	SOS1_HUMAN	None	None	None	RasGEF	None	C	None	None	None	PO4	None	None	STP	XRAY	2.700	0.212	MTEYKLVVVGAGGVGKSALTIQLIQNHFVDEYDPTIEDSYRKQVVIDGETCLLDILDTAGQEEYSAMRDQYMRTGEGFLCVFAINNTKSFEDIHQYREQIKRVKDSDDVPMVLVGNKCDLAARTVESRQAQDLARSYGIPYIETSAKTRQGVEDAFYTLVREIRQH	True	183.703	183.703	177.804	90.00	90.00	90.00	/Users/mitchellparker/Desktop/rascore_build/core/1xd2B_core.cif	/Users/mitchellparker/Desktop/rascore_build/rcsb/1xd2.cif.gz	/Users/mitchellparker/Desktop/rascore_build/renum/1xd2_renum.cif	/Users/mitchellparker/Desktop/rascore_build/rcsb_assembly/1xd2-assembly-1.cif.gz	/Users/mitchellparker/Desktop/rascore_build/renum_assembly/1xd2-assembly-1_renum.cif	/Users/mitchellparker/Desktop/rascore_build/sifts/1xd2.xml.gz	/Users/mitchellparker/Desktop/rascore_build/pocket/1xd2B_4_pocket.pdb
1xd2B	1xd2	0	B	Outlier	Y71out.0P-GEF	Y32out	Y71out	I 4 2 2 (CF2)	1xd2B5	5	GTPase HRas	RASH_HUMAN	P01112	WT	WT	HRAS	0P	WT	None	None	GEF.CDC25	None	SP2-Unbound	I 4 2 2	166	1-166	2004-09-03	Other	155.5172	0.0000	Unbound	Unbound	131,134,135,139,140,141	PO4	Son of sevenless homolog 1	None	C:31,30,60,63,64,65,66,70,67,73,69,102,103,41,40,54,55,56,71,37,61,59,58,34,35,17,32,21,57,18,25,33,95,105	SOS1_HUMAN	None	None	None	RasGEF	None	C	None	None	None	PO4	None	None	STP	XRAY	2.700	0.212	MTEYKLVVVGAGGVGKSALTIQLIQNHFVDEYDPTIEDSYRKQVVIDGETCLLDILDTAGQEEYSAMRDQYMRTGEGFLCVFAINNTKSFEDIHQYREQIKRVKDSDDVPMVLVGNKCDLAARTVESRQAQDLARSYGIPYIETSAKTRQGVEDAFYTLVREIRQH	True	183.703	183.703	177.804	90.00	90.00	90.00	/Users/mitchellparker/Desktop/rascore_build/core/1xd2B_core.cif	/Users/mitchellparker/Desktop/rascore_build/rcsb/1xd2.cif.gz	/Users/mitchellparker/Desktop/rascore_build/renum/1xd2_renum.cif	/Users/mitchellparker/Desktop/rascore_build/rcsb_assembly/1xd2-assembly-1.cif.gz	/Users/mitchellparker/Desktop/rascore_build/renum_assembly/1xd2-assembly-1_renum.cif	/Users/mitchellparker/Desktop/rascore_build/sifts/1xd2.xml.gz	/Users/mitchellparker/Desktop/rascore_build/pocket/1xd2B_5_pocket.pdb
1xj0A	1xj0	0	A	Y32out.2P-OFF	Outlier	Y32out	Y71out	H 3 2 (CF3)	1xj0A1	1	GTPase HRas	RASH_HUMAN	P01112	G60A	G60	HRAS	2P	Other	None	None	None	Homodimer	Other-Unbound	H 3 2	166	1-117:119-166	2004-09-22	Other	334.6829	0.0134	Unbound	Unbound	75,76,104,106,108,109,110,163,166	CSX,MG,MG,GDP	None	None	None	None	None	None	None	None	None	None	GDP	MG	None	None	CSX	None	STP	XRAY	1.700	0.228	MTEYKLVVVGAGGVGKSALTIQLIQNHFVDEYDPTIEDSYRKQVVIDGETCLLDILDTAAQEEYSAMRDQYMRTGEGFLCVFAINNTKSFEDIHQYREQIKRVKDSDDVPMVLVGNKCDLAARTVESRQAQDLARSYGIPYIETSAKTRQGVEDAFYTLVREIRQH	True	93.640	93.640	121.560	90.00	90.00	120.00	/Users/mitchellparker/Desktop/rascore_build/core/1xj0A_core.cif	/Users/mitchellparker/Desktop/rascore_build/rcsb/1xj0.cif.gz	/Users/mitchellparker/Desktop/rascore_build/renum/1xj0_renum.cif	/Users/mitchellparker/Desktop/rascore_build/rcsb_assembly/1xj0-assembly-1.cif.gz	/Users/mitchellparker/Desktop/rascore_build/renum_assembly/1xj0-assembly-1_renum.cif	/Users/mitchellparker/Desktop/rascore_build/sifts/1xj0.xml.gz	/Users/mitchellparker/Desktop/rascore_build/pocket/1xj0A_1_pocket.pdb
1xj0A	1xj0	0	A	Y32out.2P-OFF	Outlier	Y32out	Y71out	H 3 2 (CF3)	1xj0A2	2	GTPase HRas	RASH_HUMAN	P01112	G60A	G60	HRAS	2P	Other	None	None	None	Homodimer	Other-Unbound	H 3 2	166	1-117:119-166	2004-09-22	Other	153.8418	0.2490	Unbound	Unbound	20,21,24,25,32,40	CSX,MG,MG,GDP	None	None	None	None	None	None	None	None	None	None	GDP	MG	None	None	CSX	None	STP	XRAY	1.700	0.228	MTEYKLVVVGAGGVGKSALTIQLIQNHFVDEYDPTIEDSYRKQVVIDGETCLLDILDTAAQEEYSAMRDQYMRTGEGFLCVFAINNTKSFEDIHQYREQIKRVKDSDDVPMVLVGNKCDLAARTVESRQAQDLARSYGIPYIETSAKTRQGVEDAFYTLVREIRQH	True	93.640	93.640	121.560	90.00	90.00	120.00	/Users/mitchellparker/Desktop/rascore_build/core/1xj0A_core.cif	/Users/mitchellparker/Desktop/rascore_build/rcsb/1xj0.cif.gz	/Users/mitchellparker/Desktop/rascore_build/renum/1xj0_renum.cif	/Users/mitchellparker/Desktop/rascore_build/rcsb_assembly/1xj0-assembly-1.cif.gz	/Users/mitchellparker/Desktop/rascore_build/renum_assembly/1xj0-assembly-1_renum.cif	/Users/mitchellparker/Desktop/rascore_build/sifts/1xj0.xml.gz	/Users/mitchellparker/Desktop/rascore_build/pocket/1xj0A_2_pocket.pdb
1xj0A	1xj0	0	A	Y32out.2P-OFF	Outlier	Y32out	Y71out	H 3 2 (CF3)	1xj0A3	3	GTPase HRas	RASH_HUMAN	P01112	G60A	G60	HRAS	2P	Other	None	None	None	Homodimer	Other-Unbound	H 3 2	166	1-117:119-166	2004-09-22	Other	276.8043	0.0001	Unbound	Unbound	108,109,110,138,139,162,165,166	CSX,MG,MG,GDP	None	None	None	None	None	None	None	None	None	None	GDP	MG	None	None	CSX	None	STP	XRAY	1.700	0.228	MTEYKLVVVGAGGVGKSALTIQLIQNHFVDEYDPTIEDSYRKQVVIDGETCLLDILDTAAQEEYSAMRDQYMRTGEGFLCVFAINNTKSFEDIHQYREQIKRVKDSDDVPMVLVGNKCDLAARTVESRQAQDLARSYGIPYIETSAKTRQGVEDAFYTLVREIRQH	True	93.640	93.640	121.560	90.00	90.00	120.00	/Users/mitchellparker/Desktop/rascore_build/core/1xj0A_core.cif	/Users/mitchellparker/Desktop/rascore_build/rcsb/1xj0.cif.gz	/Users/mitchellparker/Desktop/rascore_build/renum/1xj0_renum.cif	/Users/mitchellparker/Desktop/rascore_build/rcsb_assembly/1xj0-assembly-1.cif.gz	/Users/mitchellparker/Desktop/rascore_build/renum_assembly/1xj0-assembly-1_renum.cif	/Users/mitchellparker/Desktop/rascore_build/sifts/1xj0.xml.gz	/Users/mitchellparker/Desktop/rascore_build/pocket/1xj0A_3_pocket.pdb
1xj0A	1xj0	0	A	Y32out.2P-OFF	Outlier	Y32out	Y71out	H 3 2 (CF3)	1xj0A4	4	GTPase HRas	RASH_HUMAN	P01112	G60A	G60	HRAS	2P	Other	None	None	None	Homodimer	Other-Unbound	H 3 2	166	1-117:119-166	2004-09-22	Other	248.4001	0.0051	Unbound	Unbound	30,31,32,33,34	CSX,MG,MG,GDP	None	None	None	None	None	None	None	None	None	None	GDP	MG	None	None	CSX	None	STP	XRAY	1.700	0.228	MTEYKLVVVGAGGVGKSALTIQLIQNHFVDEYDPTIEDSYRKQVVIDGETCLLDILDTAAQEEYSAMRDQYMRTGEGFLCVFAINNTKSFEDIHQYREQIKRVKDSDDVPMVLVGNKCDLAARTVESRQAQDLARSYGIPYIETSAKTRQGVEDAFYTLVREIRQH	True	93.640	93.640	121.560	90.00	90.00	120.00	/Users/mitchellparker/Desktop/rascore_build/core/1xj0A_core.cif	/Users/mitchellparker/Desktop/rascore_build/rcsb/1xj0.cif.gz	/Users/mitchellparker/Desktop/rascore_build/renum/1xj0_renum.cif	/Users/mitchellparker/Desktop/rascore_build/rcsb_assembly/1xj0-assembly-1.cif.gz	/Users/mitchellparker/Desktop/rascore_build/renum_assembly/1xj0-assembly-1_renum.cif	/Users/mitchellparker/Desktop/rascore_build/sifts/1xj0.xml.gz	/Users/mitchellparker/Desktop/rascore_build/pocket/1xj0A_4_pocket.pdb
1zvqA	1zvq	0	A	Y32out.2P-OFF	Outlier	Y32out	Y71out	H 3 2 (CF3)	1zvqA1	1	GTPase HRas	RASH_HUMAN	P01112	Q61G	Q61	HRAS	2P	Other	None	None	None	Homodimer	SP2-Unbound	H 3 2	166	1-166	2005-06-02	Other	391.8555	0.0961	Unbound	Unbound	73,74,75,76,104,106,108,109,110,163,166	MG,MG,GDP	None	None	None	None	None	None	None	None	None	None	GDP	MG	None	None	None	None	STP	XRAY	2.000	0.188	MTEYKLVVVGAGGVGKSALTIQLIQNHFVDEYDPTIEDSYRKQVVIDGETCLLDILDTAGGEEYSAMRDQYMRTGEGFLCVFAINNTKSFEDIHQYREQIKRVKDSDDVPMVLVGNKCDLAARTVESRQAQDLARSYGIPYIETSAKTRQGVEDAFYTLVREIRQH	True	92.992	92.992	121.015	90.00	90.00	120.00	/Users/mitchellparker/Desktop/rascore_build/core/1zvqA_core.cif	/Users/mitchellparker/Desktop/rascore_build/rcsb/1zvq.cif.gz	/Users/mitchellparker/Desktop/rascore_build/renum/1zvq_renum.cif	/Users/mitchellparker/Desktop/rascore_build/rcsb_assembly/1zvq-assembly-1.cif.gz	/Users/mitchellparker/Desktop/rascore_build/renum_assembly/1zvq-assembly-1_renum.cif	/Users/mitchellparker/Desktop/rascore_build/sifts/1zvq.xml.gz	/Users/mitchellparker/Desktop/rascore_build/pocket/1zvqA_1_pocket.pdb
1zvqA	1zvq	0	A	Y32out.2P-OFF	Outlier	Y32out	Y71out	H 3 2 (CF3)	1zvqA2	2	GTPase HRas	RASH_HUMAN	P01112	Q61G	Q61	HRAS	2P	Other	None	None	None	Homodimer	SP2-Unbound	H 3 2	166	1-166	2005-06-02	Other	350.3342	0.0016	Unbound	Unbound	127,131,134,135,139,141,143	MG,MG,GDP	None	None	None	None	None	None	None	None	None	None	GDP	MG	None	None	None	None	STP	XRAY	2.000	0.188	MTEYKLVVVGAGGVGKSALTIQLIQNHFVDEYDPTIEDSYRKQVVIDGETCLLDILDTAGGEEYSAMRDQYMRTGEGFLCVFAINNTKSFEDIHQYREQIKRVKDSDDVPMVLVGNKCDLAARTVESRQAQDLARSYGIPYIETSAKTRQGVEDAFYTLVREIRQH	True	92.992	92.992	121.015	90.00	90.00	120.00	/Users/mitchellparker/Desktop/rascore_build/core/1zvqA_core.cif	/Users/mitchellparker/Desktop/rascore_build/rcsb/1zvq.cif.gz	/Users/mitchellparker/Desktop/rascore_build/renum/1zvq_renum.cif	/Users/mitchellparker/Desktop/rascore_build/rcsb_assembly/1zvq-assembly-1.cif.gz	/Users/mitchellparker/Desktop/rascore_build/renum_assembly/1zvq-assembly-1_renum.cif	/Users/mitchellparker/Desktop/rascore_build/sifts/1zvq.xml.gz	/Users/mitchellparker/Desktop/rascore_build/pocket/1zvqA_2_pocket.pdb
1zvqA	1zvq	0	A	Y32out.2P-OFF	Outlier	Y32out	Y71out	H 3 2 (CF3)	1zvqA3	3	GTPase HRas	RASH_HUMAN	P01112	Q61G	Q61	HRAS	2P	Other	None	None	None	Homodimer	SP2-Unbound	H 3 2	166	1-166	2005-06-02	Other	179.2182	0.0471	Unbound	Unbound	20,21,24,25,32,40	MG,MG,GDP	None	None	None	None	None	None	None	None	None	None	GDP	MG	None	None	None	None	STP	XRAY	2.000	0.188	MTEYKLVVVGAGGVGKSALTIQLIQNHFVDEYDPTIEDSYRKQVVIDGETCLLDILDTAGGEEYSAMRDQYMRTGEGFLCVFAINNTKSFEDIHQYREQIKRVKDSDDVPMVLVGNKCDLAARTVESRQAQDLARSYGIPYIETSAKTRQGVEDAFYTLVREIRQH	True	92.992	92.992	121.015	90.00	90.00	120.00	/Users/mitchellparker/Desktop/rascore_build/core/1zvqA_core.cif	/Users/mitchellparker/Desktop/rascore_build/rcsb/1zvq.cif.gz	/Users/mitchellparker/Desktop/rascore_build/renum/1zvq_renum.cif	/Users/mitchellparker/Desktop/rascore_build/rcsb_assembly/1zvq-assembly-1.cif.gz	/Users/mitchellparker/Desktop/rascore_build/renum_assembly/1zvq-assembly-1_renum.cif	/Users/mitchellparker/Desktop/rascore_build/sifts/1zvq.xml.gz	/Users/mitchellparker/Desktop/rascore_build/pocket/1zvqA_3_pocket.pdb
1zvqA	1zvq	0	A	Y32out.2P-OFF	Outlier	Y32out	Y71out	H 3 2 (CF3)	1zvqA4	4	GTPase HRas	RASH_HUMAN	P01112	Q61G	Q61	HRAS	2P	Other	None	None	None	Homodimer	SP2-Unbound	H 3 2	166	1-166	2005-06-02	Other	286.8163	0.0077	Unbound	Unbound	13,31,32,33,34	MG,MG,GDP	None	None	None	None	None	None	None	None	None	None	GDP	MG	None	None	None	None	STP	XRAY	2.000	0.188	MTEYKLVVVGAGGVGKSALTIQLIQNHFVDEYDPTIEDSYRKQVVIDGETCLLDILDTAGGEEYSAMRDQYMRTGEGFLCVFAINNTKSFEDIHQYREQIKRVKDSDDVPMVLVGNKCDLAARTVESRQAQDLARSYGIPYIETSAKTRQGVEDAFYTLVREIRQH	True	92.992	92.992	121.015	90.00	90.00	120.00	/Users/mitchellparker/Desktop/rascore_build/core/1zvqA_core.cif	/Users/mitchellparker/Desktop/rascore_build/rcsb/1zvq.cif.gz	/Users/mitchellparker/Desktop/rascore_build/renum/1zvq_renum.cif	/Users/mitchellparker/Desktop/rascore_build/rcsb_assembly/1zvq-assembly-1.cif.gz	/Users/mitchellparker/Desktop/rascore_build/renum_assembly/1zvq-assembly-1_renum.cif	/Users/mitchellparker/Desktop/rascore_build/sifts/1zvq.xml.gz	/Users/mitchellparker/Desktop/rascore_build/pocket/1zvqA_4_pocket.pdb
1zvqA	1zvq	0	A	Y32out.2P-OFF	Outlier	Y32out	Y71out	H 3 2 (CF3)	1zvqA5	5	GTPase HRas	RASH_HUMAN	P01112	Q61G	Q61	HRAS	2P	Other	None	None	None	Homodimer	SP2-Unbound	H 3 2	166	1-166	2005-06-02	Other	377.1744	0.0001	Unbound	Unbound	97,107,108,109,110,137,138,139,162,165,166	MG,MG,GDP	None	None	None	None	None	None	None	None	None	None	GDP	MG	None	None	None	None	STP	XRAY	2.000	0.188	MTEYKLVVVGAGGVGKSALTIQLIQNHFVDEYDPTIEDSYRKQVVIDGETCLLDILDTAGGEEYSAMRDQYMRTGEGFLCVFAINNTKSFEDIHQYREQIKRVKDSDDVPMVLVGNKCDLAARTVESRQAQDLARSYGIPYIETSAKTRQGVEDAFYTLVREIRQH	True	92.992	92.992	121.015	90.00	90.00	120.00	/Users/mitchellparker/Desktop/rascore_build/core/1zvqA_core.cif	/Users/mitchellparker/Desktop/rascore_build/rcsb/1zvq.cif.gz	/Users/mitchellparker/Desktop/rascore_build/renum/1zvq_renum.cif	/Users/mitchellparker/Desktop/rascore_build/rcsb_assembly/1zvq-assembly-1.cif.gz	/Users/mitchellparker/Desktop/rascore_build/renum_assembly/1zvq-assembly-1_renum.cif	/Users/mitchellparker/Desktop/rascore_build/sifts/1zvq.xml.gz	/Users/mitchellparker/Desktop/rascore_build/pocket/1zvqA_5_pocket.pdb
1zvqA	1zvq	0	A	Y32out.2P-OFF	Outlier	Y32out	Y71out	H 3 2 (CF3)	1zvqA6	6	GTPase HRas	RASH_HUMAN	P01112	Q61G	Q61	HRAS	2P	Other	None	None	None	Homodimer	SP2-Unbound	H 3 2	166	1-166	2005-06-02	SP2	227.7861	0.0008	Unbound	Unbound	10,12,16,34,59,60,61,68,96	MG,MG,GDP	None	None	None	None	None	None	None	None	None	None	GDP	MG	None	None	None	None	STP	XRAY	2.000	0.188	MTEYKLVVVGAGGVGKSALTIQLIQNHFVDEYDPTIEDSYRKQVVIDGETCLLDILDTAGGEEYSAMRDQYMRTGEGFLCVFAINNTKSFEDIHQYREQIKRVKDSDDVPMVLVGNKCDLAARTVESRQAQDLARSYGIPYIETSAKTRQGVEDAFYTLVREIRQH	True	92.992	92.992	121.015	90.00	90.00	120.00	/Users/mitchellparker/Desktop/rascore_build/core/1zvqA_core.cif	/Users/mitchellparker/Desktop/rascore_build/rcsb/1zvq.cif.gz	/Users/mitchellparker/Desktop/rascore_build/renum/1zvq_renum.cif	/Users/mitchellparker/Desktop/rascore_build/rcsb_assembly/1zvq-assembly-1.cif.gz	/Users/mitchellparker/Desktop/rascore_build/renum_assembly/1zvq-assembly-1_renum.cif	/Users/mitchellparker/Desktop/rascore_build/sifts/1zvq.xml.gz	/Users/mitchellparker/Desktop/rascore_build/pocket/1zvqA_6_pocket.pdb
1zw6A	1zw6	0	A	Y32in.3P-ON	Outlier	Y32in	Y71out	H 3 2 (CF2)	1zw6A2	2	GTPase HRas	RASH_HUMAN	P01112	Q61G	Q61	HRAS	3P	Other	None	None	None	Homodimer	Other-Unbound	H 3 2	166	1-50:52-166	2005-06-03	Other	227.0344	0.0002	Unbound	Unbound	107,108,109,110,111,137,138,139,162,165,166	CSO,MG,CA,CA,MG,MG,GNP	None	None	None	None	None	None	None	None	None	None	GNP	MG	None	CA	CSO	None	STP	XRAY	1.500	0.146	MTEYKLVVVGAGGVGKSALTIQLIQNHFVDEYDPTIEDSYRKQVVIDGETCLLDILDTAGGEEYSAMRDQYMRTGEGFLCVFAINNTKSFEDIHQYREQIKRVKDSDDVPMVLVGNKCDLAARTVESRQAQDLARSYGIPYIETSAKTRQGVEDAFYTLVREIRQH	True	88.776	88.776	134.392	90.00	90.00	120.00	/Users/mitchellparker/Desktop/rascore_build/core/1zw6A_core.cif	/Users/mitchellparker/Desktop/rascore_build/rcsb/1zw6.cif.gz	/Users/mitchellparker/Desktop/rascore_build/renum/1zw6_renum.cif	/Users/mitchellparker/Desktop/rascore_build/rcsb_assembly/1zw6-assembly-1.cif.gz	/Users/mitchellparker/Desktop/rascore_build/renum_assembly/1zw6-assembly-1_renum.cif	/Users/mitchellparker/Desktop/rascore_build/sifts/1zw6.xml.gz	/Users/mitchellparker/Desktop/rascore_build/pocket/1zw6A_2_pocket.pdb
1zw6A	1zw6	0	A	Y32in.3P-ON	Outlier	Y32in	Y71out	H 3 2 (CF2)	1zw6A3	3	GTPase HRas	RASH_HUMAN	P01112	Q61G	Q61	HRAS	3P	Other	None	None	None	Homodimer	Other-Unbound	H 3 2	166	1-50:52-166	2005-06-03	Other	415.9592	0.1914	Unbound	Unbound	2,3,4,75,76,104,106,108,109,110,163,166	CSO,MG,CA,CA,MG,MG,GNP	None	None	None	None	None	None	None	None	None	None	GNP	MG	None	CA	CSO	None	STP	XRAY	1.500	0.146	MTEYKLVVVGAGGVGKSALTIQLIQNHFVDEYDPTIEDSYRKQVVIDGETCLLDILDTAGGEEYSAMRDQYMRTGEGFLCVFAINNTKSFEDIHQYREQIKRVKDSDDVPMVLVGNKCDLAARTVESRQAQDLARSYGIPYIETSAKTRQGVEDAFYTLVREIRQH	True	88.776	88.776	134.392	90.00	90.00	120.00	/Users/mitchellparker/Desktop/rascore_build/core/1zw6A_core.cif	/Users/mitchellparker/Desktop/rascore_build/rcsb/1zw6.cif.gz	/Users/mitchellparker/Desktop/rascore_build/renum/1zw6_renum.cif	/Users/mitchellparker/Desktop/rascore_build/rcsb_assembly/1zw6-assembly-1.cif.gz	/Users/mitchellparker/Desktop/rascore_build/renum_assembly/1zw6-assembly-1_renum.cif	/Users/mitchellparker/Desktop/rascore_build/sifts/1zw6.xml.gz	/Users/mitchellparker/Desktop/rascore_build/pocket/1zw6A_3_pocket.pdb
221pA	221p	0	A	Y32in.3P-ON	Outlier	Y32in	Y71in	P 32 2 1 (CF1)	221pA2	2	GTPase HRas	RASH_HUMAN	P01112	D38E	D38	HRAS	3P	Other	None	None	None	Homodimer	SP2-Unbound	P 32 2 1	166	1-166	1991-06-06	Other	60.0242	0.0550	Unbound	Unbound	80,93,97,111,113,137,139	MG,GNP	None	None	None	None	None	None	None	None	None	None	GNP	MG	None	None	None	None	STP	XRAY	2.300	0.183	MTEYKLVVVGAGGVGKSALTIQLIQNHFVDEYDPTIEESYRKQVVIDGETCLLDILDTAGQEEYSAMRDQYMRTGEGFLCVFAINNTKSFEDIHQYREQIKRVKDSDDVPMVLVGNKCDLAARTVESRQAQDLARSYGIPYIETSAKTRQGVEDAFYTLVREIRQH	True	40.300	40.300	162.200	90.00	90.00	120.00	/Users/mitchellparker/Desktop/rascore_build/core/221pA_core.cif	/Users/mitchellparker/Desktop/rascore_build/rcsb/221p.cif.gz	/Users/mitchellparker/Desktop/rascore_build/renum/221p_renum.cif	/Users/mitchellparker/Desktop/rascore_build/rcsb_assembly/221p-assembly-1.cif.gz	/Users/mitchellparker/Desktop/rascore_build/renum_assembly/221p-assembly-1_renum.cif	/Users/mitchellparker/Desktop/rascore_build/sifts/221p.xml.gz	/Users/mitchellparker/Desktop/rascore_build/pocket/221pA_2_pocket.pdb
221pA	221p	0	A	Y32in.3P-ON	Outlier	Y32in	Y71in	P 32 2 1 (CF1)	221pA3	3	GTPase HRas	RASH_HUMAN	P01112	D38E	D38	HRAS	3P	Other	None	None	None	Homodimer	SP2-Unbound	P 32 2 1	166	1-166	1991-06-06	Other	192.7118	0.0002	Unbound	Unbound	108,109,110,111,138,139,162,165,166	MG,GNP	None	None	None	None	None	None	None	None	None	None	GNP	MG	None	None	None	None	STP	XRAY	2.300	0.183	MTEYKLVVVGAGGVGKSALTIQLIQNHFVDEYDPTIEESYRKQVVIDGETCLLDILDTAGQEEYSAMRDQYMRTGEGFLCVFAINNTKSFEDIHQYREQIKRVKDSDDVPMVLVGNKCDLAARTVESRQAQDLARSYGIPYIETSAKTRQGVEDAFYTLVREIRQH	True	40.300	40.300	162.200	90.00	90.00	120.00	/Users/mitchellparker/Desktop/rascore_build/core/221pA_core.cif	/Users/mitchellparker/Desktop/rascore_build/rcsb/221p.cif.gz	/Users/mitchellparker/Desktop/rascore_build/renum/221p_renum.cif	/Users/mitchellparker/Desktop/rascore_build/rcsb_assembly/221p-assembly-1.cif.gz	/Users/mitchellparker/Desktop/rascore_build/renum_assembly/221p-assembly-1_renum.cif	/Users/mitchellparker/Desktop/rascore_build/sifts/221p.xml.gz	/Users/mitchellparker/Desktop/rascore_build/pocket/221pA_3_pocket.pdb
221pA	221p	0	A	Y32in.3P-ON	Outlier	Y32in	Y71in	P 32 2 1 (CF1)	221pA4	4	GTPase HRas	RASH_HUMAN	P01112	D38E	D38	HRAS	3P	Other	None	None	None	Homodimer	SP2-Unbound	P 32 2 1	166	1-166	1991-06-06	Other	344.6099	0.0012	Unbound	Unbound	76,104,106,108,109,110,163,166	MG,GNP	None	None	None	None	None	None	None	None	None	None	GNP	MG	None	None	None	None	STP	XRAY	2.300	0.183	MTEYKLVVVGAGGVGKSALTIQLIQNHFVDEYDPTIEESYRKQVVIDGETCLLDILDTAGQEEYSAMRDQYMRTGEGFLCVFAINNTKSFEDIHQYREQIKRVKDSDDVPMVLVGNKCDLAARTVESRQAQDLARSYGIPYIETSAKTRQGVEDAFYTLVREIRQH	True	40.300	40.300	162.200	90.00	90.00	120.00	/Users/mitchellparker/Desktop/rascore_build/core/221pA_core.cif	/Users/mitchellparker/Desktop/rascore_build/rcsb/221p.cif.gz	/Users/mitchellparker/Desktop/rascore_build/renum/221p_renum.cif	/Users/mitchellparker/Desktop/rascore_build/rcsb_assembly/221p-assembly-1.cif.gz	/Users/mitchellparker/Desktop/rascore_build/renum_assembly/221p-assembly-1_renum.cif	/Users/mitchellparker/Desktop/rascore_build/sifts/221p.xml.gz	/Users/mitchellparker/Desktop/rascore_build/pocket/221pA_4_pocket.pdb
221pA	221p	0	A	Y32in.3P-ON	Outlier	Y32in	Y71in	P 32 2 1 (CF1)	221pA5	5	GTPase HRas	RASH_HUMAN	P01112	D38E	D38	HRAS	3P	Other	None	None	None	Homodimer	SP2-Unbound	P 32 2 1	166	1-166	1991-06-06	SP2	198.7430	0.0048	Unbound	Unbound	68,92,95,96,99	MG,GNP	None	None	None	None	None	None	None	None	None	None	GNP	MG	None	None	None	None	STP	XRAY	2.300	0.183	MTEYKLVVVGAGGVGKSALTIQLIQNHFVDEYDPTIEESYRKQVVIDGETCLLDILDTAGQEEYSAMRDQYMRTGEGFLCVFAINNTKSFEDIHQYREQIKRVKDSDDVPMVLVGNKCDLAARTVESRQAQDLARSYGIPYIETSAKTRQGVEDAFYTLVREIRQH	True	40.300	40.300	162.200	90.00	90.00	120.00	/Users/mitchellparker/Desktop/rascore_build/core/221pA_core.cif	/Users/mitchellparker/Desktop/rascore_build/rcsb/221p.cif.gz	/Users/mitchellparker/Desktop/rascore_build/renum/221p_renum.cif	/Users/mitchellparker/Desktop/rascore_build/rcsb_assembly/221p-assembly-1.cif.gz	/Users/mitchellparker/Desktop/rascore_build/renum_assembly/221p-assembly-1_renum.cif	/Users/mitchellparker/Desktop/rascore_build/sifts/221p.xml.gz	/Users/mitchellparker/Desktop/rascore_build/pocket/221pA_5_pocket.pdb
2c5lA	2c5l	0	A	Y32in.3P-ON	Y71in.3P-R	Y32in	Y71in	P 21 21 21 (CF3)	2c5lA3	3	GTPase HRas	RASH_HUMAN	P01112	G12V	G12	HRAS	3P	G12V	None	None	Effector	Homodimer	Other-Unbound	P 21 21 21	173	1-166	2005-10-27	Other	375.6240	0.0011	Unbound	Unbound	127,131,134,135,139,141,143	GTP,MG,GOL,GOL	1-phosphatidylinositol 4,5-bisphosphate phosphodiesterase epsilon-1	None	C:36,64,41,40,24,25,39,38,37,63,27,31,29,74,71,33,21,35	PLCE1_HUMAN	None	None	None	RA-RasGEF	None	C	GTP	MG	None	GOL	None	None	STP	XRAY	1.900	0.187	GGGSGGSMTEYKLVVVGAVGVGKSALTIQLIQNHFVDEYDPTIEDSYRKQVVIDGETCLLDILDTAGQEEYSAMRDQYMRTGEGFLCVFAINNTKSFEDIHQYREQIKRVKDSDDVPMVLVGNKCDLAARTVESRQAQDLARSYGIPYIETSAKTRQGVEDAFYTLVREIRQH	True	72.416	93.618	111.494	90.00	90.00	90.00	/Users/mitchellparker/Desktop/rascore_build/core/2c5lA_core.cif	/Users/mitchellparker/Desktop/rascore_build/rcsb/2c5l.cif.gz	/Users/mitchellparker/Desktop/rascore_build/renum/2c5l_renum.cif	/Users/mitchellparker/Desktop/rascore_build/rcsb_assembly/2c5l-assembly-1.cif.gz	/Users/mitchellparker/Desktop/rascore_build/renum_assembly/2c5l-assembly-1_renum.cif	/Users/mitchellparker/Desktop/rascore_build/sifts/2c5l.xml.gz	/Users/mitchellparker/Desktop/rascore_build/pocket/2c5lA_3_pocket.pdb
2c5lA	2c5l	0	A	Y32in.3P-ON	Y71in.3P-R	Y32in	Y71in	P 21 21 21 (CF3)	2c5lA4	4	GTPase HRas	RASH_HUMAN	P01112	G12V	G12	HRAS	3P	G12V	None	None	Effector	Homodimer	Other-Unbound	P 21 21 21	173	1-166	2005-10-27	Other	127.1391	0.0061	Unbound	Unbound	97,100,101,106,107,109,111,137,139	GTP,MG,GOL,GOL	1-phosphatidylinositol 4,5-bisphosphate phosphodiesterase epsilon-1	None	C:36,64,41,40,24,25,39,38,37,63,27,31,29,74,71,33,21,35	PLCE1_HUMAN	None	None	None	RA-RasGEF	None	C	GTP	MG	None	GOL	None	None	STP	XRAY	1.900	0.187	GGGSGGSMTEYKLVVVGAVGVGKSALTIQLIQNHFVDEYDPTIEDSYRKQVVIDGETCLLDILDTAGQEEYSAMRDQYMRTGEGFLCVFAINNTKSFEDIHQYREQIKRVKDSDDVPMVLVGNKCDLAARTVESRQAQDLARSYGIPYIETSAKTRQGVEDAFYTLVREIRQH	True	72.416	93.618	111.494	90.00	90.00	90.00	/Users/mitchellparker/Desktop/rascore_build/core/2c5lA_core.cif	/Users/mitchellparker/Desktop/rascore_build/rcsb/2c5l.cif.gz	/Users/mitchellparker/Desktop/rascore_build/renum/2c5l_renum.cif	/Users/mitchellparker/Desktop/rascore_build/rcsb_assembly/2c5l-assembly-1.cif.gz	/Users/mitchellparker/Desktop/rascore_build/renum_assembly/2c5l-assembly-1_renum.cif	/Users/mitchellparker/Desktop/rascore_build/sifts/2c5l.xml.gz	/Users/mitchellparker/Desktop/rascore_build/pocket/2c5lA_4_pocket.pdb
2c5lA	2c5l	0	A	Y32in.3P-ON	Y71in.3P-R	Y32in	Y71in	P 21 21 21 (CF3)	2c5lA5	5	GTPase HRas	RASH_HUMAN	P01112	G12V	G12	HRAS	3P	G12V	None	None	Effector	Homodimer	Other-Unbound	P 21 21 21	173	1-166	2005-10-27	Other	254.5702	0.0014	Unbound	Unbound	1,2,4,49,50,51	GTP,MG,GOL,GOL	1-phosphatidylinositol 4,5-bisphosphate phosphodiesterase epsilon-1	None	C:36,64,41,40,24,25,39,38,37,63,27,31,29,74,71,33,21,35	PLCE1_HUMAN	None	None	None	RA-RasGEF	None	C	GTP	MG	None	GOL	None	None	STP	XRAY	1.900	0.187	GGGSGGSMTEYKLVVVGAVGVGKSALTIQLIQNHFVDEYDPTIEDSYRKQVVIDGETCLLDILDTAGQEEYSAMRDQYMRTGEGFLCVFAINNTKSFEDIHQYREQIKRVKDSDDVPMVLVGNKCDLAARTVESRQAQDLARSYGIPYIETSAKTRQGVEDAFYTLVREIRQH	True	72.416	93.618	111.494	90.00	90.00	90.00	/Users/mitchellparker/Desktop/rascore_build/core/2c5lA_core.cif	/Users/mitchellparker/Desktop/rascore_build/rcsb/2c5l.cif.gz	/Users/mitchellparker/Desktop/rascore_build/renum/2c5l_renum.cif	/Users/mitchellparker/Desktop/rascore_build/rcsb_assembly/2c5l-assembly-1.cif.gz	/Users/mitchellparker/Desktop/rascore_build/renum_assembly/2c5l-assembly-1_renum.cif	/Users/mitchellparker/Desktop/rascore_build/sifts/2c5l.xml.gz	/Users/mitchellparker/Desktop/rascore_build/pocket/2c5lA_5_pocket.pdb
2c5lA	2c5l	0	A	Y32in.3P-ON	Y71in.3P-R	Y32in	Y71in	P 21 21 21 (CF3)	2c5lA6	6	GTPase HRas	RASH_HUMAN	P01112	G12V	G12	HRAS	3P	G12V	None	None	Effector	Homodimer	Other-Unbound	P 21 21 21	173	1-166	2005-10-27	Other	339.4252	0.0192	Unbound	Unbound	73,74,75,76,104,106,108,109,110,163,166	GTP,MG,GOL,GOL	1-phosphatidylinositol 4,5-bisphosphate phosphodiesterase epsilon-1	None	C:36,64,41,40,24,25,39,38,37,63,27,31,29,74,71,33,21,35	PLCE1_HUMAN	None	None	None	RA-RasGEF	None	C	GTP	MG	None	GOL	None	None	STP	XRAY	1.900	0.187	GGGSGGSMTEYKLVVVGAVGVGKSALTIQLIQNHFVDEYDPTIEDSYRKQVVIDGETCLLDILDTAGQEEYSAMRDQYMRTGEGFLCVFAINNTKSFEDIHQYREQIKRVKDSDDVPMVLVGNKCDLAARTVESRQAQDLARSYGIPYIETSAKTRQGVEDAFYTLVREIRQH	True	72.416	93.618	111.494	90.00	90.00	90.00	/Users/mitchellparker/Desktop/rascore_build/core/2c5lA_core.cif	/Users/mitchellparker/Desktop/rascore_build/rcsb/2c5l.cif.gz	/Users/mitchellparker/Desktop/rascore_build/renum/2c5l_renum.cif	/Users/mitchellparker/Desktop/rascore_build/rcsb_assembly/2c5l-assembly-1.cif.gz	/Users/mitchellparker/Desktop/rascore_build/renum_assembly/2c5l-assembly-1_renum.cif	/Users/mitchellparker/Desktop/rascore_build/sifts/2c5l.xml.gz	/Users/mitchellparker/Desktop/rascore_build/pocket/2c5lA_6_pocket.pdb
2c5lB	2c5l	0	B	Y32in.3P-ON	Y71in.3P-R	Y32in	Y71in	P 21 21 21 (CF3)	2c5lB2	2	GTPase HRas	RASH_HUMAN	P01112	G12V	G12	HRAS	3P	G12V	None	None	Effector	Homodimer	Other-Unbound	P 21 21 21	173	1-166	2005-10-27	Other	576.7086	0.0670	Unbound	Unbound	11,12,60,61,62,63,86,88,89,92,95,96	GTP,MG,GOL	1-phosphatidylinositol 4,5-bisphosphate phosphodiesterase epsilon-1	None	D:36,64,41,40,24,39,38,37,63,31,25,27,43,52,74,71,56	PLCE1_HUMAN	None	None	None	RA-RasGEF	None	D	GTP	MG	None	GOL	None	None	STP	XRAY	1.900	0.187	GGGSGGSMTEYKLVVVGAVGVGKSALTIQLIQNHFVDEYDPTIEDSYRKQVVIDGETCLLDILDTAGQEEYSAMRDQYMRTGEGFLCVFAINNTKSFEDIHQYREQIKRVKDSDDVPMVLVGNKCDLAARTVESRQAQDLARSYGIPYIETSAKTRQGVEDAFYTLVREIRQH	True	72.416	93.618	111.494	90.00	90.00	90.00	/Users/mitchellparker/Desktop/rascore_build/core/2c5lB_core.cif	/Users/mitchellparker/Desktop/rascore_build/rcsb/2c5l.cif.gz	/Users/mitchellparker/Desktop/rascore_build/renum/2c5l_renum.cif	/Users/mitchellparker/Desktop/rascore_build/rcsb_assembly/2c5l-assembly-1.cif.gz	/Users/mitchellparker/Desktop/rascore_build/renum_assembly/2c5l-assembly-1_renum.cif	/Users/mitchellparker/Desktop/rascore_build/sifts/2c5l.xml.gz	/Users/mitchellparker/Desktop/rascore_build/pocket/2c5lB_2_pocket.pdb
2c5lB	2c5l	0	B	Y32in.3P-ON	Y71in.3P-R	Y32in	Y71in	P 21 21 21 (CF3)	2c5lB3	3	GTPase HRas	RASH_HUMAN	P01112	G12V	G12	HRAS	3P	G12V	None	None	Effector	Homodimer	Other-Unbound	P 21 21 21	173	1-166	2005-10-27	Other	337.4200	0.0002	Unbound	Unbound	97,107,108,109,110,111,137,138,139,162,165,166	GTP,MG,GOL	1-phosphatidylinositol 4,5-bisphosphate phosphodiesterase epsilon-1	None	D:36,64,41,40,24,39,38,37,63,31,25,27,43,52,74,71,56	PLCE1_HUMAN	None	None	None	RA-RasGEF	None	D	GTP	MG	None	GOL	None	None	STP	XRAY	1.900	0.187	GGGSGGSMTEYKLVVVGAVGVGKSALTIQLIQNHFVDEYDPTIEDSYRKQVVIDGETCLLDILDTAGQEEYSAMRDQYMRTGEGFLCVFAINNTKSFEDIHQYREQIKRVKDSDDVPMVLVGNKCDLAARTVESRQAQDLARSYGIPYIETSAKTRQGVEDAFYTLVREIRQH	True	72.416	93.618	111.494	90.00	90.00	90.00	/Users/mitchellparker/Desktop/rascore_build/core/2c5lB_core.cif	/Users/mitchellparker/Desktop/rascore_build/rcsb/2c5l.cif.gz	/Users/mitchellparker/Desktop/rascore_build/renum/2c5l_renum.cif	/Users/mitchellparker/Desktop/rascore_build/rcsb_assembly/2c5l-assembly-1.cif.gz	/Users/mitchellparker/Desktop/rascore_build/renum_assembly/2c5l-assembly-1_renum.cif	/Users/mitchellparker/Desktop/rascore_build/sifts/2c5l.xml.gz	/Users/mitchellparker/Desktop/rascore_build/pocket/2c5lB_3_pocket.pdb
2c5lB	2c5l	0	B	Y32in.3P-ON	Y71in.3P-R	Y32in	Y71in	P 21 21 21 (CF3)	2c5lB4	4	GTPase HRas	RASH_HUMAN	P01112	G12V	G12	HRAS	3P	G12V	None	None	Effector	Homodimer	Other-Unbound	P 21 21 21	173	1-166	2005-10-27	Other	316.3283	0.0006	Unbound	Unbound	1,2,4,49,50,51	GTP,MG,GOL	1-phosphatidylinositol 4,5-bisphosphate phosphodiesterase epsilon-1	None	D:36,64,41,40,24,39,38,37,63,31,25,27,43,52,74,71,56	PLCE1_HUMAN	None	None	None	RA-RasGEF	None	D	GTP	MG	None	GOL	None	None	STP	XRAY	1.900	0.187	GGGSGGSMTEYKLVVVGAVGVGKSALTIQLIQNHFVDEYDPTIEDSYRKQVVIDGETCLLDILDTAGQEEYSAMRDQYMRTGEGFLCVFAINNTKSFEDIHQYREQIKRVKDSDDVPMVLVGNKCDLAARTVESRQAQDLARSYGIPYIETSAKTRQGVEDAFYTLVREIRQH	True	72.416	93.618	111.494	90.00	90.00	90.00	/Users/mitchellparker/Desktop/rascore_build/core/2c5lB_core.cif	/Users/mitchellparker/Desktop/rascore_build/rcsb/2c5l.cif.gz	/Users/mitchellparker/Desktop/rascore_build/renum/2c5l_renum.cif	/Users/mitchellparker/Desktop/rascore_build/rcsb_assembly/2c5l-assembly-1.cif.gz	/Users/mitchellparker/Desktop/rascore_build/renum_assembly/2c5l-assembly-1_renum.cif	/Users/mitchellparker/Desktop/rascore_build/sifts/2c5l.xml.gz	/Users/mitchellparker/Desktop/rascore_build/pocket/2c5lB_4_pocket.pdb
2c5lB	2c5l	0	B	Y32in.3P-ON	Y71in.3P-R	Y32in	Y71in	P 21 21 21 (CF3)	2c5lB5	5	GTPase HRas	RASH_HUMAN	P01112	G12V	G12	HRAS	3P	G12V	None	None	Effector	Homodimer	Other-Unbound	P 21 21 21	173	1-166	2005-10-27	Other	216.7831	0.0003	Unbound	Unbound	98,101,102,105,106,107	GTP,MG,GOL	1-phosphatidylinositol 4,5-bisphosphate phosphodiesterase epsilon-1	None	D:36,64,41,40,24,39,38,37,63,31,25,27,43,52,74,71,56	PLCE1_HUMAN	None	None	None	RA-RasGEF	None	D	GTP	MG	None	GOL	None	None	STP	XRAY	1.900	0.187	GGGSGGSMTEYKLVVVGAVGVGKSALTIQLIQNHFVDEYDPTIEDSYRKQVVIDGETCLLDILDTAGQEEYSAMRDQYMRTGEGFLCVFAINNTKSFEDIHQYREQIKRVKDSDDVPMVLVGNKCDLAARTVESRQAQDLARSYGIPYIETSAKTRQGVEDAFYTLVREIRQH	True	72.416	93.618	111.494	90.00	90.00	90.00	/Users/mitchellparker/Desktop/rascore_build/core/2c5lB_core.cif	/Users/mitchellparker/Desktop/rascore_build/rcsb/2c5l.cif.gz	/Users/mitchellparker/Desktop/rascore_build/renum/2c5l_renum.cif	/Users/mitchellparker/Desktop/rascore_build/rcsb_assembly/2c5l-assembly-1.cif.gz	/Users/mitchellparker/Desktop/rascore_build/renum_assembly/2c5l-assembly-1_renum.cif	/Users/mitchellparker/Desktop/rascore_build/sifts/2c5l.xml.gz	/Users/mitchellparker/Desktop/rascore_build/pocket/2c5lB_5_pocket.pdb
2c5lB	2c5l	0	B	Y32in.3P-ON	Y71in.3P-R	Y32in	Y71in	P 21 21 21 (CF3)	2c5lB6	6	GTPase HRas	RASH_HUMAN	P01112	G12V	G12	HRAS	3P	G12V	None	None	Effector	Homodimer	Other-Unbound	P 21 21 21	173	1-166	2005-10-27	Other	487.2988	0.0208	Unbound	Unbound	73,74,75,76,104,106,108,109,110,163,166	GTP,MG,GOL	1-phosphatidylinositol 4,5-bisphosphate phosphodiesterase epsilon-1	None	D:36,64,41,40,24,39,38,37,63,31,25,27,43,52,74,71,56	PLCE1_HUMAN	None	None	None	RA-RasGEF	None	D	GTP	MG	None	GOL	None	None	STP	XRAY	1.900	0.187	GGGSGGSMTEYKLVVVGAVGVGKSALTIQLIQNHFVDEYDPTIEDSYRKQVVIDGETCLLDILDTAGQEEYSAMRDQYMRTGEGFLCVFAINNTKSFEDIHQYREQIKRVKDSDDVPMVLVGNKCDLAARTVESRQAQDLARSYGIPYIETSAKTRQGVEDAFYTLVREIRQH	True	72.416	93.618	111.494	90.00	90.00	90.00	/Users/mitchellparker/Desktop/rascore_build/core/2c5lB_core.cif	/Users/mitchellparker/Desktop/rascore_build/rcsb/2c5l.cif.gz	/Users/mitchellparker/Desktop/rascore_build/renum/2c5l_renum.cif	/Users/mitchellparker/Desktop/rascore_build/rcsb_assembly/2c5l-assembly-1.cif.gz	/Users/mitchellparker/Desktop/rascore_build/renum_assembly/2c5l-assembly-1_renum.cif	/Users/mitchellparker/Desktop/rascore_build/sifts/2c5l.xml.gz	/Users/mitchellparker/Desktop/rascore_build/pocket/2c5lB_6_pocket.pdb
2c5lB	2c5l	0	B	Y32in.3P-ON	Y71in.3P-R	Y32in	Y71in	P 21 21 21 (CF3)	2c5lB7	7	GTPase HRas	RASH_HUMAN	P01112	G12V	G12	HRAS	3P	G12V	None	None	Effector	Homodimer	Other-Unbound	P 21 21 21	173	1-166	2005-10-27	Other	234.9702	0.0006	Unbound	Unbound	2,3,4,76,163,164	GTP,MG,GOL	1-phosphatidylinositol 4,5-bisphosphate phosphodiesterase epsilon-1	None	D:36,64,41,40,24,39,38,37,63,31,25,27,43,52,74,71,56	PLCE1_HUMAN	None	None	None	RA-RasGEF	None	D	GTP	MG	None	GOL	None	None	STP	XRAY	1.900	0.187	GGGSGGSMTEYKLVVVGAVGVGKSALTIQLIQNHFVDEYDPTIEDSYRKQVVIDGETCLLDILDTAGQEEYSAMRDQYMRTGEGFLCVFAINNTKSFEDIHQYREQIKRVKDSDDVPMVLVGNKCDLAARTVESRQAQDLARSYGIPYIETSAKTRQGVEDAFYTLVREIRQH	True	72.416	93.618	111.494	90.00	90.00	90.00	/Users/mitchellparker/Desktop/rascore_build/core/2c5lB_core.cif	/Users/mitchellparker/Desktop/rascore_build/rcsb/2c5l.cif.gz	/Users/mitchellparker/Desktop/rascore_build/renum/2c5l_renum.cif	/Users/mitchellparker/Desktop/rascore_build/rcsb_assembly/2c5l-assembly-1.cif.gz	/Users/mitchellparker/Desktop/rascore_build/renum_assembly/2c5l-assembly-1_renum.cif	/Users/mitchellparker/Desktop/rascore_build/sifts/2c5l.xml.gz	/Users/mitchellparker/Desktop/rascore_build/pocket/2c5lB_7_pocket.pdb
2c5lB	2c5l	0	B	Y32in.3P-ON	Y71in.3P-R	Y32in	Y71in	P 21 21 21 (CF3)	2c5lB8	8	GTPase HRas	RASH_HUMAN	P01112	G12V	G12	HRAS	3P	G12V	None	None	Effector	Homodimer	Other-Unbound	P 21 21 21	173	1-166	2005-10-27	Other	122.2406	0.0000	Unbound	Unbound	149,151,152,153,154	GTP,MG,GOL	1-phosphatidylinositol 4,5-bisphosphate phosphodiesterase epsilon-1	None	D:36,64,41,40,24,39,38,37,63,31,25,27,43,52,74,71,56	PLCE1_HUMAN	None	None	None	RA-RasGEF	None	D	GTP	MG	None	GOL	None	None	STP	XRAY	1.900	0.187	GGGSGGSMTEYKLVVVGAVGVGKSALTIQLIQNHFVDEYDPTIEDSYRKQVVIDGETCLLDILDTAGQEEYSAMRDQYMRTGEGFLCVFAINNTKSFEDIHQYREQIKRVKDSDDVPMVLVGNKCDLAARTVESRQAQDLARSYGIPYIETSAKTRQGVEDAFYTLVREIRQH	True	72.416	93.618	111.494	90.00	90.00	90.00	/Users/mitchellparker/Desktop/rascore_build/core/2c5lB_core.cif	/Users/mitchellparker/Desktop/rascore_build/rcsb/2c5l.cif.gz	/Users/mitchellparker/Desktop/rascore_build/renum/2c5l_renum.cif	/Users/mitchellparker/Desktop/rascore_build/rcsb_assembly/2c5l-assembly-1.cif.gz	/Users/mitchellparker/Desktop/rascore_build/renum_assembly/2c5l-assembly-1_renum.cif	/Users/mitchellparker/Desktop/rascore_build/sifts/2c5l.xml.gz	/Users/mitchellparker/Desktop/rascore_build/pocket/2c5lB_8_pocket.pdb
2ce2X	2ce2	0	X	Outlier	Outlier	Disordered	Y71out	C 2 2 21 (CF1)	2ce2X2	2	GTPase HRas	RASH_HUMAN	P01112	Y32C,C118S	Y32,C118	HRAS	2P	Other	None	None	None	None	Other-Unbound	C 2 2 21	166	1-166	2006-02-02	Other	299.8123	0.0038	Unbound	Unbound	76,104,106,108,109,110,163,166	MG,GDP,XY2	None	None	None	None	None	None	None	None	None	None	GDP	MG	None	XY2	None	None	STP	XRAY	1.000	0.145	MTEYKLVVVGAGGVGKSALTIQLIQNHFVDECDPTIEDSYRKQVVIDGETCLLDILDTAGQEEYSAMRDQYMRTGEGFLCVFAINNTKSFEDIHQYREQIKRVKDSDDVPMVLVGNKSDLAARTVESRQAQDLARSYGIPYIETSAKTRQGVEDAFYTLVREIRQH	True	49.000	53.900	116.200	90.00	90.00	90.00	/Users/mitchellparker/Desktop/rascore_build/core/2ce2X_core.cif	/Users/mitchellparker/Desktop/rascore_build/rcsb/2ce2.cif.gz	/Users/mitchellparker/Desktop/rascore_build/renum/2ce2_renum.cif	/Users/mitchellparker/Desktop/rascore_build/rcsb_assembly/2ce2-assembly-1.cif.gz	/Users/mitchellparker/Desktop/rascore_build/renum_assembly/2ce2-assembly-1_renum.cif	/Users/mitchellparker/Desktop/rascore_build/sifts/2ce2.xml.gz	/Users/mitchellparker/Desktop/rascore_build/pocket/2ce2X_2_pocket.pdb
2ce2X	2ce2	0	X	Outlier	Outlier	Disordered	Y71out	C 2 2 21 (CF1)	2ce2X3	3	GTPase HRas	RASH_HUMAN	P01112	Y32C,C118S	Y32,C118	HRAS	2P	Other	None	None	None	None	Other-Unbound	C 2 2 21	166	1-166	2006-02-02	Other	309.4805	0.0006	Unbound	Unbound	98,101,102,105,106,107	MG,GDP,XY2	None	None	None	None	None	None	None	None	None	None	GDP	MG	None	XY2	None	None	STP	XRAY	1.000	0.145	MTEYKLVVVGAGGVGKSALTIQLIQNHFVDECDPTIEDSYRKQVVIDGETCLLDILDTAGQEEYSAMRDQYMRTGEGFLCVFAINNTKSFEDIHQYREQIKRVKDSDDVPMVLVGNKSDLAARTVESRQAQDLARSYGIPYIETSAKTRQGVEDAFYTLVREIRQH	True	49.000	53.900	116.200	90.00	90.00	90.00	/Users/mitchellparker/Desktop/rascore_build/core/2ce2X_core.cif	/Users/mitchellparker/Desktop/rascore_build/rcsb/2ce2.cif.gz	/Users/mitchellparker/Desktop/rascore_build/renum/2ce2_renum.cif	/Users/mitchellparker/Desktop/rascore_build/rcsb_assembly/2ce2-assembly-1.cif.gz	/Users/mitchellparker/Desktop/rascore_build/renum_assembly/2ce2-assembly-1_renum.cif	/Users/mitchellparker/Desktop/rascore_build/sifts/2ce2.xml.gz	/Users/mitchellparker/Desktop/rascore_build/pocket/2ce2X_3_pocket.pdb
2ce2X	2ce2	0	X	Outlier	Outlier	Disordered	Y71out	C 2 2 21 (CF1)	2ce2X4	4	GTPase HRas	RASH_HUMAN	P01112	Y32C,C118S	Y32,C118	HRAS	2P	Other	None	None	None	None	Other-Unbound	C 2 2 21	166	1-166	2006-02-02	Other	192.2321	0.0032	Unbound	Unbound	90,91,94,133,137	MG,GDP,XY2	None	None	None	None	None	None	None	None	None	None	GDP	MG	None	XY2	None	None	STP	XRAY	1.000	0.145	MTEYKLVVVGAGGVGKSALTIQLIQNHFVDECDPTIEDSYRKQVVIDGETCLLDILDTAGQEEYSAMRDQYMRTGEGFLCVFAINNTKSFEDIHQYREQIKRVKDSDDVPMVLVGNKSDLAARTVESRQAQDLARSYGIPYIETSAKTRQGVEDAFYTLVREIRQH	True	49.000	53.900	116.200	90.00	90.00	90.00	/Users/mitchellparker/Desktop/rascore_build/core/2ce2X_core.cif	/Users/mitchellparker/Desktop/rascore_build/rcsb/2ce2.cif.gz	/Users/mitchellparker/Desktop/rascore_build/renum/2ce2_renum.cif	/Users/mitchellparker/Desktop/rascore_build/rcsb_assembly/2ce2-assembly-1.cif.gz	/Users/mitchellparker/Desktop/rascore_build/renum_assembly/2ce2-assembly-1_renum.cif	/Users/mitchellparker/Desktop/rascore_build/sifts/2ce2.xml.gz	/Users/mitchellparker/Desktop/rascore_build/pocket/2ce2X_4_pocket.pdb
2cl0X	2cl0	0	X	Outlier	Outlier	Disordered	Y71out	H 3 2 (CF4)	2cl0X3	3	GTPase HRas	RASH_HUMAN	P01112	Y32C,C118S	Y32,C118	HRAS	3P	Other	None	None	None	Homodimer	SP12-Unbound	H 3 2	166	1-166	2006-04-25	Other	327.9594	0.0018	Unbound	Unbound	127,131,134,135,139,141,143	MG,MG,MG,MG,MG,TRS,GNP,XY2	None	None	None	None	None	None	None	None	None	None	GNP	MG	None	TRS,XY2	None	None	STP	XRAY	1.800	0.148	MTEYKLVVVGAGGVGKSALTIQLIQNHFVDECDPTIEDSYRKQVVIDGETCLLDILDTAGQEEYSAMRDQYMRTGEGFLCVFAINNTKSFEDIHQYREQIKRVKDSDDVPMVLVGNKSDLAARTVESRQAQDLARSYGIPYIETSAKTRQGVEDAFYTLVREIRQH	True	88.540	88.540	144.100	90.00	90.00	120.00	/Users/mitchellparker/Desktop/rascore_build/core/2cl0X_core.cif	/Users/mitchellparker/Desktop/rascore_build/rcsb/2cl0.cif.gz	/Users/mitchellparker/Desktop/rascore_build/renum/2cl0_renum.cif	/Users/mitchellparker/Desktop/rascore_build/rcsb_assembly/2cl0-assembly-1.cif.gz	/Users/mitchellparker/Desktop/rascore_build/renum_assembly/2cl0-assembly-1_renum.cif	/Users/mitchellparker/Desktop/rascore_build/sifts/2cl0.xml.gz	/Users/mitchellparker/Desktop/rascore_build/pocket/2cl0X_3_pocket.pdb
2cl0X	2cl0	0	X	Outlier	Outlier	Disordered	Y71out	H 3 2 (CF4)	2cl0X4	4	GTPase HRas	RASH_HUMAN	P01112	Y32C,C118S	Y32,C118	HRAS	3P	Other	None	None	None	Homodimer	SP12-Unbound	H 3 2	166	1-166	2006-04-25	Other	169.2887	0.0008	Unbound	Unbound	97,101,107,108,109,111,137,138,139,162,166	MG,MG,MG,MG,MG,TRS,GNP,XY2	None	None	None	None	None	None	None	None	None	None	GNP	MG	None	TRS,XY2	None	None	STP	XRAY	1.800	0.148	MTEYKLVVVGAGGVGKSALTIQLIQNHFVDECDPTIEDSYRKQVVIDGETCLLDILDTAGQEEYSAMRDQYMRTGEGFLCVFAINNTKSFEDIHQYREQIKRVKDSDDVPMVLVGNKSDLAARTVESRQAQDLARSYGIPYIETSAKTRQGVEDAFYTLVREIRQH	True	88.540	88.540	144.100	90.00	90.00	120.00	/Users/mitchellparker/Desktop/rascore_build/core/2cl0X_core.cif	/Users/mitchellparker/Desktop/rascore_build/rcsb/2cl0.cif.gz	/Users/mitchellparker/Desktop/rascore_build/renum/2cl0_renum.cif	/Users/mitchellparker/Desktop/rascore_build/rcsb_assembly/2cl0-assembly-1.cif.gz	/Users/mitchellparker/Desktop/rascore_build/renum_assembly/2cl0-assembly-1_renum.cif	/Users/mitchellparker/Desktop/rascore_build/sifts/2cl0.xml.gz	/Users/mitchellparker/Desktop/rascore_build/pocket/2cl0X_4_pocket.pdb
2cl0X	2cl0	0	X	Outlier	Outlier	Disordered	Y71out	H 3 2 (CF4)	2cl0X5	5	GTPase HRas	RASH_HUMAN	P01112	Y32C,C118S	Y32,C118	HRAS	3P	Other	None	None	None	Homodimer	SP12-Unbound	H 3 2	166	1-166	2006-04-25	SP12	251.0018	0.0031	Unbound	Unbound	5,6,7,39,54,55,56,71,74,75	MG,MG,MG,MG,MG,TRS,GNP,XY2	None	None	None	None	None	None	None	None	None	None	GNP	MG	None	TRS,XY2	None	None	STP	XRAY	1.800	0.148	MTEYKLVVVGAGGVGKSALTIQLIQNHFVDECDPTIEDSYRKQVVIDGETCLLDILDTAGQEEYSAMRDQYMRTGEGFLCVFAINNTKSFEDIHQYREQIKRVKDSDDVPMVLVGNKSDLAARTVESRQAQDLARSYGIPYIETSAKTRQGVEDAFYTLVREIRQH	True	88.540	88.540	144.100	90.00	90.00	120.00	/Users/mitchellparker/Desktop/rascore_build/core/2cl0X_core.cif	/Users/mitchellparker/Desktop/rascore_build/rcsb/2cl0.cif.gz	/Users/mitchellparker/Desktop/rascore_build/renum/2cl0_renum.cif	/Users/mitchellparker/Desktop/rascore_build/rcsb_assembly/2cl0-assembly-1.cif.gz	/Users/mitchellparker/Desktop/rascore_build/renum_assembly/2cl0-assembly-1_renum.cif	/Users/mitchellparker/Desktop/rascore_build/sifts/2cl0.xml.gz	/Users/mitchellparker/Desktop/rascore_build/pocket/2cl0X_5_pocket.pdb
2cl0X	2cl0	0	X	Outlier	Outlier	Disordered	Y71out	H 3 2 (CF4)	2cl0X6	6	GTPase HRas	RASH_HUMAN	P01112	Y32C,C118S	Y32,C118	HRAS	3P	Other	None	None	None	Homodimer	SP12-Unbound	H 3 2	166	1-166	2006-04-25	Other	225.1412	0.0011	Unbound	Unbound	98,101,102,105,106,107	MG,MG,MG,MG,MG,TRS,GNP,XY2	None	None	None	None	None	None	None	None	None	None	GNP	MG	None	TRS,XY2	None	None	STP	XRAY	1.800	0.148	MTEYKLVVVGAGGVGKSALTIQLIQNHFVDECDPTIEDSYRKQVVIDGETCLLDILDTAGQEEYSAMRDQYMRTGEGFLCVFAINNTKSFEDIHQYREQIKRVKDSDDVPMVLVGNKSDLAARTVESRQAQDLARSYGIPYIETSAKTRQGVEDAFYTLVREIRQH	True	88.540	88.540	144.100	90.00	90.00	120.00	/Users/mitchellparker/Desktop/rascore_build/core/2cl0X_core.cif	/Users/mitchellparker/Desktop/rascore_build/rcsb/2cl0.cif.gz	/Users/mitchellparker/Desktop/rascore_build/renum/2cl0_renum.cif	/Users/mitchellparker/Desktop/rascore_build/rcsb_assembly/2cl0-assembly-1.cif.gz	/Users/mitchellparker/Desktop/rascore_build/renum_assembly/2cl0-assembly-1_renum.cif	/Users/mitchellparker/Desktop/rascore_build/sifts/2cl0.xml.gz	/Users/mitchellparker/Desktop/rascore_build/pocket/2cl0X_6_pocket.pdb
2cl0X	2cl0	0	X	Outlier	Outlier	Disordered	Y71out	H 3 2 (CF4)	2cl0X7	7	GTPase HRas	RASH_HUMAN	P01112	Y32C,C118S	Y32,C118	HRAS	3P	Other	None	None	None	Homodimer	SP12-Unbound	H 3 2	166	1-166	2006-04-25	SP12	162.2019	0.0003	Unbound	Unbound	39,40,41,54	MG,MG,MG,MG,MG,TRS,GNP,XY2	None	None	None	None	None	None	None	None	None	None	GNP	MG	None	TRS,XY2	None	None	STP	XRAY	1.800	0.148	MTEYKLVVVGAGGVGKSALTIQLIQNHFVDECDPTIEDSYRKQVVIDGETCLLDILDTAGQEEYSAMRDQYMRTGEGFLCVFAINNTKSFEDIHQYREQIKRVKDSDDVPMVLVGNKSDLAARTVESRQAQDLARSYGIPYIETSAKTRQGVEDAFYTLVREIRQH	True	88.540	88.540	144.100	90.00	90.00	120.00	/Users/mitchellparker/Desktop/rascore_build/core/2cl0X_core.cif	/Users/mitchellparker/Desktop/rascore_build/rcsb/2cl0.cif.gz	/Users/mitchellparker/Desktop/rascore_build/renum/2cl0_renum.cif	/Users/mitchellparker/Desktop/rascore_build/rcsb_assembly/2cl0-assembly-1.cif.gz	/Users/mitchellparker/Desktop/rascore_build/renum_assembly/2cl0-assembly-1_renum.cif	/Users/mitchellparker/Desktop/rascore_build/sifts/2cl0.xml.gz	/Users/mitchellparker/Desktop/rascore_build/pocket/2cl0X_7_pocket.pdb
2cl6X	2cl6	0	X	Outlier	Outlier	Disordered	Y71out	P 41 (CF1)	2cl6X2	2	GTPase HRas	RASH_HUMAN	P01112	Y32C,C118S	Y32,C118	HRAS	3P	Other	None	None	None	None	SP2-Unbound	P 41	166	1-166	2006-04-26	Other	449.0859	0.0693	Unbound	Unbound	64,69,95,98,99,102,103	CAG,MG,XY2	None	None	None	None	None	None	None	None	None	None	CAG	MG	None	XY2	None	None	STP	XRAY	1.240	0.148	MTEYKLVVVGAGGVGKSALTIQLIQNHFVDECDPTIEDSYRKQVVIDGETCLLDILDTAGQEEYSAMRDQYMRTGEGFLCVFAINNTKSFEDIHQYREQIKRVKDSDDVPMVLVGNKSDLAARTVESRQAQDLARSYGIPYIETSAKTRQGVEDAFYTLVREIRQH	True	69.097	69.097	35.465	90.00	90.00	90.00	/Users/mitchellparker/Desktop/rascore_build/core/2cl6X_core.cif	/Users/mitchellparker/Desktop/rascore_build/rcsb/2cl6.cif.gz	/Users/mitchellparker/Desktop/rascore_build/renum/2cl6_renum.cif	/Users/mitchellparker/Desktop/rascore_build/rcsb_assembly/2cl6-assembly-1.cif.gz	/Users/mitchellparker/Desktop/rascore_build/renum_assembly/2cl6-assembly-1_renum.cif	/Users/mitchellparker/Desktop/rascore_build/sifts/2cl6.xml.gz	/Users/mitchellparker/Desktop/rascore_build/pocket/2cl6X_2_pocket.pdb
2cl6X	2cl6	0	X	Outlier	Outlier	Disordered	Y71out	P 41 (CF1)	2cl6X3	3	GTPase HRas	RASH_HUMAN	P01112	Y32C,C118S	Y32,C118	HRAS	3P	Other	None	None	None	None	SP2-Unbound	P 41	166	1-166	2006-04-26	Other	201.9592	0.2264	Unbound	Unbound	36,56,57,58,59,62,67,68,71,72	CAG,MG,XY2	None	None	None	None	None	None	None	None	None	None	CAG	MG	None	XY2	None	None	STP	XRAY	1.240	0.148	MTEYKLVVVGAGGVGKSALTIQLIQNHFVDECDPTIEDSYRKQVVIDGETCLLDILDTAGQEEYSAMRDQYMRTGEGFLCVFAINNTKSFEDIHQYREQIKRVKDSDDVPMVLVGNKSDLAARTVESRQAQDLARSYGIPYIETSAKTRQGVEDAFYTLVREIRQH	True	69.097	69.097	35.465	90.00	90.00	90.00	/Users/mitchellparker/Desktop/rascore_build/core/2cl6X_core.cif	/Users/mitchellparker/Desktop/rascore_build/rcsb/2cl6.cif.gz	/Users/mitchellparker/Desktop/rascore_build/renum/2cl6_renum.cif	/Users/mitchellparker/Desktop/rascore_build/rcsb_assembly/2cl6-assembly-1.cif.gz	/Users/mitchellparker/Desktop/rascore_build/renum_assembly/2cl6-assembly-1_renum.cif	/Users/mitchellparker/Desktop/rascore_build/sifts/2cl6.xml.gz	/Users/mitchellparker/Desktop/rascore_build/pocket/2cl6X_3_pocket.pdb
2cl6X	2cl6	0	X	Outlier	Outlier	Disordered	Y71out	P 41 (CF1)	2cl6X4	4	GTPase HRas	RASH_HUMAN	P01112	Y32C,C118S	Y32,C118	HRAS	3P	Other	None	None	None	None	SP2-Unbound	P 41	166	1-166	2006-04-26	Other	157.0341	0.0003	Unbound	Unbound	97,101,107,108,109,111,137,138,139,162,166	CAG,MG,XY2	None	None	None	None	None	None	None	None	None	None	CAG	MG	None	XY2	None	None	STP	XRAY	1.240	0.148	MTEYKLVVVGAGGVGKSALTIQLIQNHFVDECDPTIEDSYRKQVVIDGETCLLDILDTAGQEEYSAMRDQYMRTGEGFLCVFAINNTKSFEDIHQYREQIKRVKDSDDVPMVLVGNKSDLAARTVESRQAQDLARSYGIPYIETSAKTRQGVEDAFYTLVREIRQH	True	69.097	69.097	35.465	90.00	90.00	90.00	/Users/mitchellparker/Desktop/rascore_build/core/2cl6X_core.cif	/Users/mitchellparker/Desktop/rascore_build/rcsb/2cl6.cif.gz	/Users/mitchellparker/Desktop/rascore_build/renum/2cl6_renum.cif	/Users/mitchellparker/Desktop/rascore_build/rcsb_assembly/2cl6-assembly-1.cif.gz	/Users/mitchellparker/Desktop/rascore_build/renum_assembly/2cl6-assembly-1_renum.cif	/Users/mitchellparker/Desktop/rascore_build/sifts/2cl6.xml.gz	/Users/mitchellparker/Desktop/rascore_build/pocket/2cl6X_4_pocket.pdb
2cl6X	2cl6	0	X	Outlier	Outlier	Disordered	Y71out	P 41 (CF1)	2cl6X5	5	GTPase HRas	RASH_HUMAN	P01112	Y32C,C118S	Y32,C118	HRAS	3P	Other	None	None	None	None	SP2-Unbound	P 41	166	1-166	2006-04-26	Other	369.1614	0.0045	Unbound	Unbound	87,90,91,94,129,132,133,136	CAG,MG,XY2	None	None	None	None	None	None	None	None	None	None	CAG	MG	None	XY2	None	None	STP	XRAY	1.240	0.148	MTEYKLVVVGAGGVGKSALTIQLIQNHFVDECDPTIEDSYRKQVVIDGETCLLDILDTAGQEEYSAMRDQYMRTGEGFLCVFAINNTKSFEDIHQYREQIKRVKDSDDVPMVLVGNKSDLAARTVESRQAQDLARSYGIPYIETSAKTRQGVEDAFYTLVREIRQH	True	69.097	69.097	35.465	90.00	90.00	90.00	/Users/mitchellparker/Desktop/rascore_build/core/2cl6X_core.cif	/Users/mitchellparker/Desktop/rascore_build/rcsb/2cl6.cif.gz	/Users/mitchellparker/Desktop/rascore_build/renum/2cl6_renum.cif	/Users/mitchellparker/Desktop/rascore_build/rcsb_assembly/2cl6-assembly-1.cif.gz	/Users/mitchellparker/Desktop/rascore_build/renum_assembly/2cl6-assembly-1_renum.cif	/Users/mitchellparker/Desktop/rascore_build/sifts/2cl6.xml.gz	/Users/mitchellparker/Desktop/rascore_build/pocket/2cl6X_5_pocket.pdb
2cl6X	2cl6	0	X	Outlier	Outlier	Disordered	Y71out	P 41 (CF1)	2cl6X6	6	GTPase HRas	RASH_HUMAN	P01112	Y32C,C118S	Y32,C118	HRAS	3P	Other	None	None	None	None	SP2-Unbound	P 41	166	1-166	2006-04-26	SP2	237.0912	0.0005	Unbound	Unbound	62,64,88,92,95,96,99	CAG,MG,XY2	None	None	None	None	None	None	None	None	None	None	CAG	MG	None	XY2	None	None	STP	XRAY	1.240	0.148	MTEYKLVVVGAGGVGKSALTIQLIQNHFVDECDPTIEDSYRKQVVIDGETCLLDILDTAGQEEYSAMRDQYMRTGEGFLCVFAINNTKSFEDIHQYREQIKRVKDSDDVPMVLVGNKSDLAARTVESRQAQDLARSYGIPYIETSAKTRQGVEDAFYTLVREIRQH	True	69.097	69.097	35.465	90.00	90.00	90.00	/Users/mitchellparker/Desktop/rascore_build/core/2cl6X_core.cif	/Users/mitchellparker/Desktop/rascore_build/rcsb/2cl6.cif.gz	/Users/mitchellparker/Desktop/rascore_build/renum/2cl6_renum.cif	/Users/mitchellparker/Desktop/rascore_build/rcsb_assembly/2cl6-assembly-1.cif.gz	/Users/mitchellparker/Desktop/rascore_build/renum_assembly/2cl6-assembly-1_renum.cif	/Users/mitchellparker/Desktop/rascore_build/sifts/2cl6.xml.gz	/Users/mitchellparker/Desktop/rascore_build/pocket/2cl6X_6_pocket.pdb
2cl7X	2cl7	0	X	Outlier	Outlier	Disordered	Y71out	P 41 (CF1)	2cl7X3	3	GTPase HRas	RASH_HUMAN	P01112	Y32C,C118S	Y32,C118	HRAS	3P	Other	None	None	None	None	SP12-Unbound	P 41	166	1-166	2006-04-26	Other	390.0512	0.0017	Unbound	Unbound	64,69,95,98,99,102,103	MG,MG,XY2,GTP	None	None	None	None	None	None	None	None	None	None	GTP	MG	None	XY2	None	None	STP	XRAY	1.250	0.149	MTEYKLVVVGAGGVGKSALTIQLIQNHFVDECDPTIEDSYRKQVVIDGETCLLDILDTAGQEEYSAMRDQYMRTGEGFLCVFAINNTKSFEDIHQYREQIKRVKDSDDVPMVLVGNKSDLAARTVESRQAQDLARSYGIPYIETSAKTRQGVEDAFYTLVREIRQH	True	69.280	69.280	35.020	90.00	90.00	90.00	/Users/mitchellparker/Desktop/rascore_build/core/2cl7X_core.cif	/Users/mitchellparker/Desktop/rascore_build/rcsb/2cl7.cif.gz	/Users/mitchellparker/Desktop/rascore_build/renum/2cl7_renum.cif	/Users/mitchellparker/Desktop/rascore_build/rcsb_assembly/2cl7-assembly-1.cif.gz	/Users/mitchellparker/Desktop/rascore_build/renum_assembly/2cl7-assembly-1_renum.cif	/Users/mitchellparker/Desktop/rascore_build/sifts/2cl7.xml.gz	/Users/mitchellparker/Desktop/rascore_build/pocket/2cl7X_3_pocket.pdb
2cl7X	2cl7	0	X	Outlier	Outlier	Disordered	Y71out	P 41 (CF1)	2cl7X4	4	GTPase HRas	RASH_HUMAN	P01112	Y32C,C118S	Y32,C118	HRAS	3P	Other	None	None	None	None	SP12-Unbound	P 41	166	1-166	2006-04-26	Other	275.6031	0.0009	Unbound	Unbound	131,134,135,138,139,140,141,162	MG,MG,XY2,GTP	None	None	None	None	None	None	None	None	None	None	GTP	MG	None	XY2	None	None	STP	XRAY	1.250	0.149	MTEYKLVVVGAGGVGKSALTIQLIQNHFVDECDPTIEDSYRKQVVIDGETCLLDILDTAGQEEYSAMRDQYMRTGEGFLCVFAINNTKSFEDIHQYREQIKRVKDSDDVPMVLVGNKSDLAARTVESRQAQDLARSYGIPYIETSAKTRQGVEDAFYTLVREIRQH	True	69.280	69.280	35.020	90.00	90.00	90.00	/Users/mitchellparker/Desktop/rascore_build/core/2cl7X_core.cif	/Users/mitchellparker/Desktop/rascore_build/rcsb/2cl7.cif.gz	/Users/mitchellparker/Desktop/rascore_build/renum/2cl7_renum.cif	/Users/mitchellparker/Desktop/rascore_build/rcsb_assembly/2cl7-assembly-1.cif.gz	/Users/mitchellparker/Desktop/rascore_build/renum_assembly/2cl7-assembly-1_renum.cif	/Users/mitchellparker/Desktop/rascore_build/sifts/2cl7.xml.gz	/Users/mitchellparker/Desktop/rascore_build/pocket/2cl7X_4_pocket.pdb
2cl7X	2cl7	0	X	Outlier	Outlier	Disordered	Y71out	P 41 (CF1)	2cl7X5	5	GTPase HRas	RASH_HUMAN	P01112	Y32C,C118S	Y32,C118	HRAS	3P	Other	None	None	None	None	SP12-Unbound	P 41	166	1-166	2006-04-26	Other	126.7707	0.0010	Unbound	Unbound	97,101,107,108,109,111,137,139	MG,MG,XY2,GTP	None	None	None	None	None	None	None	None	None	None	GTP	MG	None	XY2	None	None	STP	XRAY	1.250	0.149	MTEYKLVVVGAGGVGKSALTIQLIQNHFVDECDPTIEDSYRKQVVIDGETCLLDILDTAGQEEYSAMRDQYMRTGEGFLCVFAINNTKSFEDIHQYREQIKRVKDSDDVPMVLVGNKSDLAARTVESRQAQDLARSYGIPYIETSAKTRQGVEDAFYTLVREIRQH	True	69.280	69.280	35.020	90.00	90.00	90.00	/Users/mitchellparker/Desktop/rascore_build/core/2cl7X_core.cif	/Users/mitchellparker/Desktop/rascore_build/rcsb/2cl7.cif.gz	/Users/mitchellparker/Desktop/rascore_build/renum/2cl7_renum.cif	/Users/mitchellparker/Desktop/rascore_build/rcsb_assembly/2cl7-assembly-1.cif.gz	/Users/mitchellparker/Desktop/rascore_build/renum_assembly/2cl7-assembly-1_renum.cif	/Users/mitchellparker/Desktop/rascore_build/sifts/2cl7.xml.gz	/Users/mitchellparker/Desktop/rascore_build/pocket/2cl7X_5_pocket.pdb
2cl7X	2cl7	0	X	Outlier	Outlier	Disordered	Y71out	P 41 (CF1)	2cl7X6	6	GTPase HRas	RASH_HUMAN	P01112	Y32C,C118S	Y32,C118	HRAS	3P	Other	None	None	None	None	SP12-Unbound	P 41	166	1-166	2006-04-26	SP12	245.3739	0.0130	Unbound	Unbound	56,67,70,71,74	MG,MG,XY2,GTP	None	None	None	None	None	None	None	None	None	None	GTP	MG	None	XY2	None	None	STP	XRAY	1.250	0.149	MTEYKLVVVGAGGVGKSALTIQLIQNHFVDECDPTIEDSYRKQVVIDGETCLLDILDTAGQEEYSAMRDQYMRTGEGFLCVFAINNTKSFEDIHQYREQIKRVKDSDDVPMVLVGNKSDLAARTVESRQAQDLARSYGIPYIETSAKTRQGVEDAFYTLVREIRQH	True	69.280	69.280	35.020	90.00	90.00	90.00	/Users/mitchellparker/Desktop/rascore_build/core/2cl7X_core.cif	/Users/mitchellparker/Desktop/rascore_build/rcsb/2cl7.cif.gz	/Users/mitchellparker/Desktop/rascore_build/renum/2cl7_renum.cif	/Users/mitchellparker/Desktop/rascore_build/rcsb_assembly/2cl7-assembly-1.cif.gz	/Users/mitchellparker/Desktop/rascore_build/renum_assembly/2cl7-assembly-1_renum.cif	/Users/mitchellparker/Desktop/rascore_build/sifts/2cl7.xml.gz	/Users/mitchellparker/Desktop/rascore_build/pocket/2cl7X_6_pocket.pdb
2cl7X	2cl7	0	X	Outlier	Outlier	Disordered	Y71out	P 41 (CF1)	2cl7X7	7	GTPase HRas	RASH_HUMAN	P01112	Y32C,C118S	Y32,C118	HRAS	3P	Other	None	None	None	None	SP12-Unbound	P 41	166	1-166	2006-04-26	Other	225.5696	0.0062	Unbound	Unbound	90,94,129,132,133,136	MG,MG,XY2,GTP	None	None	None	None	None	None	None	None	None	None	GTP	MG	None	XY2	None	None	STP	XRAY	1.250	0.149	MTEYKLVVVGAGGVGKSALTIQLIQNHFVDECDPTIEDSYRKQVVIDGETCLLDILDTAGQEEYSAMRDQYMRTGEGFLCVFAINNTKSFEDIHQYREQIKRVKDSDDVPMVLVGNKSDLAARTVESRQAQDLARSYGIPYIETSAKTRQGVEDAFYTLVREIRQH	True	69.280	69.280	35.020	90.00	90.00	90.00	/Users/mitchellparker/Desktop/rascore_build/core/2cl7X_core.cif	/Users/mitchellparker/Desktop/rascore_build/rcsb/2cl7.cif.gz	/Users/mitchellparker/Desktop/rascore_build/renum/2cl7_renum.cif	/Users/mitchellparker/Desktop/rascore_build/rcsb_assembly/2cl7-assembly-1.cif.gz	/Users/mitchellparker/Desktop/rascore_build/renum_assembly/2cl7-assembly-1_renum.cif	/Users/mitchellparker/Desktop/rascore_build/sifts/2cl7.xml.gz	/Users/mitchellparker/Desktop/rascore_build/pocket/2cl7X_7_pocket.pdb
2clcX	2clc	0	X	Outlier	Outlier	Disordered	Y71out	P 41 (CF1)	2clcX3	3	GTPase HRas	RASH_HUMAN	P01112	Y32C,C118S	Y32,C118	HRAS	3P	Other	None	None	None	None	SP2-Unbound	P 41	166	1-166	2006-04-27	Other	500.2544	0.0271	Unbound	Unbound	64,69,95,98,99,102,103	MG,MG,XY2,GTP	None	None	None	None	None	None	None	None	None	None	GTP	MG	None	XY2	None	None	STP	XRAY	1.300	0.150	MTEYKLVVVGAGGVGKSALTIQLIQNHFVDECDPTIEDSYRKQVVIDGETCLLDILDTAGQEEYSAMRDQYMRTGEGFLCVFAINNTKSFEDIHQYREQIKRVKDSDDVPMVLVGNKSDLAARTVESRQAQDLARSYGIPYIETSAKTRQGVEDAFYTLVREIRQH	True	69.320	69.320	35.010	90.00	90.00	90.00	/Users/mitchellparker/Desktop/rascore_build/core/2clcX_core.cif	/Users/mitchellparker/Desktop/rascore_build/rcsb/2clc.cif.gz	/Users/mitchellparker/Desktop/rascore_build/renum/2clc_renum.cif	/Users/mitchellparker/Desktop/rascore_build/rcsb_assembly/2clc-assembly-1.cif.gz	/Users/mitchellparker/Desktop/rascore_build/renum_assembly/2clc-assembly-1_renum.cif	/Users/mitchellparker/Desktop/rascore_build/sifts/2clc.xml.gz	/Users/mitchellparker/Desktop/rascore_build/pocket/2clcX_3_pocket.pdb
2clcX	2clc	0	X	Outlier	Outlier	Disordered	Y71out	P 41 (CF1)	2clcX4	4	GTPase HRas	RASH_HUMAN	P01112	Y32C,C118S	Y32,C118	HRAS	3P	Other	None	None	None	None	SP2-Unbound	P 41	166	1-166	2006-04-27	Other	239.6903	0.0001	Unbound	Unbound	148,149,150,151,153,154	MG,MG,XY2,GTP	None	None	None	None	None	None	None	None	None	None	GTP	MG	None	XY2	None	None	STP	XRAY	1.300	0.150	MTEYKLVVVGAGGVGKSALTIQLIQNHFVDECDPTIEDSYRKQVVIDGETCLLDILDTAGQEEYSAMRDQYMRTGEGFLCVFAINNTKSFEDIHQYREQIKRVKDSDDVPMVLVGNKSDLAARTVESRQAQDLARSYGIPYIETSAKTRQGVEDAFYTLVREIRQH	True	69.320	69.320	35.010	90.00	90.00	90.00	/Users/mitchellparker/Desktop/rascore_build/core/2clcX_core.cif	/Users/mitchellparker/Desktop/rascore_build/rcsb/2clc.cif.gz	/Users/mitchellparker/Desktop/rascore_build/renum/2clc_renum.cif	/Users/mitchellparker/Desktop/rascore_build/rcsb_assembly/2clc-assembly-1.cif.gz	/Users/mitchellparker/Desktop/rascore_build/renum_assembly/2clc-assembly-1_renum.cif	/Users/mitchellparker/Desktop/rascore_build/sifts/2clc.xml.gz	/Users/mitchellparker/Desktop/rascore_build/pocket/2clcX_4_pocket.pdb
2clcX	2clc	0	X	Outlier	Outlier	Disordered	Y71out	P 41 (CF1)	2clcX5	5	GTPase HRas	RASH_HUMAN	P01112	Y32C,C118S	Y32,C118	HRAS	3P	Other	None	None	None	None	SP2-Unbound	P 41	166	1-166	2006-04-27	Other	123.8227	0.0004	Unbound	Unbound	97,101,107,108,109,111,137,139	MG,MG,XY2,GTP	None	None	None	None	None	None	None	None	None	None	GTP	MG	None	XY2	None	None	STP	XRAY	1.300	0.150	MTEYKLVVVGAGGVGKSALTIQLIQNHFVDECDPTIEDSYRKQVVIDGETCLLDILDTAGQEEYSAMRDQYMRTGEGFLCVFAINNTKSFEDIHQYREQIKRVKDSDDVPMVLVGNKSDLAARTVESRQAQDLARSYGIPYIETSAKTRQGVEDAFYTLVREIRQH	True	69.320	69.320	35.010	90.00	90.00	90.00	/Users/mitchellparker/Desktop/rascore_build/core/2clcX_core.cif	/Users/mitchellparker/Desktop/rascore_build/rcsb/2clc.cif.gz	/Users/mitchellparker/Desktop/rascore_build/renum/2clc_renum.cif	/Users/mitchellparker/Desktop/rascore_build/rcsb_assembly/2clc-assembly-1.cif.gz	/Users/mitchellparker/Desktop/rascore_build/renum_assembly/2clc-assembly-1_renum.cif	/Users/mitchellparker/Desktop/rascore_build/sifts/2clc.xml.gz	/Users/mitchellparker/Desktop/rascore_build/pocket/2clcX_5_pocket.pdb
2clcX	2clc	0	X	Outlier	Outlier	Disordered	Y71out	P 41 (CF1)	2clcX6	6	GTPase HRas	RASH_HUMAN	P01112	Y32C,C118S	Y32,C118	HRAS	3P	Other	None	None	None	None	SP2-Unbound	P 41	166	1-166	2006-04-27	SP2	178.3305	0.0015	Unbound	Unbound	61,62,88,92,95,96,99	MG,MG,XY2,GTP	None	None	None	None	None	None	None	None	None	None	GTP	MG	None	XY2	None	None	STP	XRAY	1.300	0.150	MTEYKLVVVGAGGVGKSALTIQLIQNHFVDECDPTIEDSYRKQVVIDGETCLLDILDTAGQEEYSAMRDQYMRTGEGFLCVFAINNTKSFEDIHQYREQIKRVKDSDDVPMVLVGNKSDLAARTVESRQAQDLARSYGIPYIETSAKTRQGVEDAFYTLVREIRQH	True	69.320	69.320	35.010	90.00	90.00	90.00	/Users/mitchellparker/Desktop/rascore_build/core/2clcX_core.cif	/Users/mitchellparker/Desktop/rascore_build/rcsb/2clc.cif.gz	/Users/mitchellparker/Desktop/rascore_build/renum/2clc_renum.cif	/Users/mitchellparker/Desktop/rascore_build/rcsb_assembly/2clc-assembly-1.cif.gz	/Users/mitchellparker/Desktop/rascore_build/renum_assembly/2clc-assembly-1_renum.cif	/Users/mitchellparker/Desktop/rascore_build/sifts/2clc.xml.gz	/Users/mitchellparker/Desktop/rascore_build/pocket/2clcX_6_pocket.pdb
2clcX	2clc	0	X	Outlier	Outlier	Disordered	Y71out	P 41 (CF1)	2clcX7	7	GTPase HRas	RASH_HUMAN	P01112	Y32C,C118S	Y32,C118	HRAS	3P	Other	None	None	None	None	SP2-Unbound	P 41	166	1-166	2006-04-27	Other	242.5180	0.0003	Unbound	Unbound	101,102,105,106,107	MG,MG,XY2,GTP	None	None	None	None	None	None	None	None	None	None	GTP	MG	None	XY2	None	None	STP	XRAY	1.300	0.150	MTEYKLVVVGAGGVGKSALTIQLIQNHFVDECDPTIEDSYRKQVVIDGETCLLDILDTAGQEEYSAMRDQYMRTGEGFLCVFAINNTKSFEDIHQYREQIKRVKDSDDVPMVLVGNKSDLAARTVESRQAQDLARSYGIPYIETSAKTRQGVEDAFYTLVREIRQH	True	69.320	69.320	35.010	90.00	90.00	90.00	/Users/mitchellparker/Desktop/rascore_build/core/2clcX_core.cif	/Users/mitchellparker/Desktop/rascore_build/rcsb/2clc.cif.gz	/Users/mitchellparker/Desktop/rascore_build/renum/2clc_renum.cif	/Users/mitchellparker/Desktop/rascore_build/rcsb_assembly/2clc-assembly-1.cif.gz	/Users/mitchellparker/Desktop/rascore_build/renum_assembly/2clc-assembly-1_renum.cif	/Users/mitchellparker/Desktop/rascore_build/sifts/2clc.xml.gz	/Users/mitchellparker/Desktop/rascore_build/pocket/2clcX_7_pocket.pdb
2clcX	2clc	0	X	Outlier	Outlier	Disordered	Y71out	P 41 (CF1)	2clcX8	8	GTPase HRas	RASH_HUMAN	P01112	Y32C,C118S	Y32,C118	HRAS	3P	Other	None	None	None	None	SP2-Unbound	P 41	166	1-166	2006-04-27	Other	289.2475	0.0025	Unbound	Unbound	90,94,129,132,133,136	MG,MG,XY2,GTP	None	None	None	None	None	None	None	None	None	None	GTP	MG	None	XY2	None	None	STP	XRAY	1.300	0.150	MTEYKLVVVGAGGVGKSALTIQLIQNHFVDECDPTIEDSYRKQVVIDGETCLLDILDTAGQEEYSAMRDQYMRTGEGFLCVFAINNTKSFEDIHQYREQIKRVKDSDDVPMVLVGNKSDLAARTVESRQAQDLARSYGIPYIETSAKTRQGVEDAFYTLVREIRQH	True	69.320	69.320	35.010	90.00	90.00	90.00	/Users/mitchellparker/Desktop/rascore_build/core/2clcX_core.cif	/Users/mitchellparker/Desktop/rascore_build/rcsb/2clc.cif.gz	/Users/mitchellparker/Desktop/rascore_build/renum/2clc_renum.cif	/Users/mitchellparker/Desktop/rascore_build/rcsb_assembly/2clc-assembly-1.cif.gz	/Users/mitchellparker/Desktop/rascore_build/renum_assembly/2clc-assembly-1_renum.cif	/Users/mitchellparker/Desktop/rascore_build/sifts/2clc.xml.gz	/Users/mitchellparker/Desktop/rascore_build/pocket/2clcX_8_pocket.pdb
2clcX	2clc	0	X	Outlier	Outlier	Disordered	Y71out	P 41 (CF1)	2clcX9	9	GTPase HRas	RASH_HUMAN	P01112	Y32C,C118S	Y32,C118	HRAS	3P	Other	None	None	None	None	SP2-Unbound	P 41	166	1-166	2006-04-27	Other	168.4929	0.0013	Unbound	Unbound	67,70,71	MG,MG,XY2,GTP	None	None	None	None	None	None	None	None	None	None	GTP	MG	None	XY2	None	None	STP	XRAY	1.300	0.150	MTEYKLVVVGAGGVGKSALTIQLIQNHFVDECDPTIEDSYRKQVVIDGETCLLDILDTAGQEEYSAMRDQYMRTGEGFLCVFAINNTKSFEDIHQYREQIKRVKDSDDVPMVLVGNKSDLAARTVESRQAQDLARSYGIPYIETSAKTRQGVEDAFYTLVREIRQH	True	69.320	69.320	35.010	90.00	90.00	90.00	/Users/mitchellparker/Desktop/rascore_build/core/2clcX_core.cif	/Users/mitchellparker/Desktop/rascore_build/rcsb/2clc.cif.gz	/Users/mitchellparker/Desktop/rascore_build/renum/2clc_renum.cif	/Users/mitchellparker/Desktop/rascore_build/rcsb_assembly/2clc-assembly-1.cif.gz	/Users/mitchellparker/Desktop/rascore_build/renum_assembly/2clc-assembly-1_renum.cif	/Users/mitchellparker/Desktop/rascore_build/sifts/2clc.xml.gz	/Users/mitchellparker/Desktop/rascore_build/pocket/2clcX_9_pocket.pdb
2cldX	2cld	0	X	Disordered	Outlier	Disordered	Y71out	P 41 (CF1)	2cldX1	1	GTPase HRas	RASH_HUMAN	P01112	C118S	C118	HRAS	2P	Other	None	None	None	None	SP12-Unbound	P 41	166	1-29:33-166	2006-04-27	Other	417.4375	0.0020	Unbound	Unbound	131,134,135,138,139,140,141,162	MG,GDP	None	None	None	None	None	None	None	None	None	None	GDP	MG	None	None	None	None	STP	XRAY	1.220	0.150	MTEYKLVVVGAGGVGKSALTIQLIQNHFVDEYDPTIEDSYRKQVVIDGETCLLDILDTAGQEEYSAMRDQYMRTGEGFLCVFAINNTKSFEDIHQYREQIKRVKDSDDVPMVLVGNKSDLAARTVESRQAQDLARSYGIPYIETSAKTRQGVEDAFYTLVREIRQH	True	69.410	69.410	34.760	90.00	90.00	90.00	/Users/mitchellparker/Desktop/rascore_build/core/2cldX_core.cif	/Users/mitchellparker/Desktop/rascore_build/rcsb/2cld.cif.gz	/Users/mitchellparker/Desktop/rascore_build/renum/2cld_renum.cif	/Users/mitchellparker/Desktop/rascore_build/rcsb_assembly/2cld-assembly-1.cif.gz	/Users/mitchellparker/Desktop/rascore_build/renum_assembly/2cld-assembly-1_renum.cif	/Users/mitchellparker/Desktop/rascore_build/sifts/2cld.xml.gz	/Users/mitchellparker/Desktop/rascore_build/pocket/2cldX_1_pocket.pdb
2cldX	2cld	0	X	Disordered	Outlier	Disordered	Y71out	P 41 (CF1)	2cldX2	2	GTPase HRas	RASH_HUMAN	P01112	C118S	C118	HRAS	2P	Other	None	None	None	None	SP12-Unbound	P 41	166	1-29:33-166	2006-04-27	SP12	270.2327	0.0025	Unbound	Unbound	5,6,7,38,39,54,56,70,71,74	MG,GDP	None	None	None	None	None	None	None	None	None	None	GDP	MG	None	None	None	None	STP	XRAY	1.220	0.150	MTEYKLVVVGAGGVGKSALTIQLIQNHFVDEYDPTIEDSYRKQVVIDGETCLLDILDTAGQEEYSAMRDQYMRTGEGFLCVFAINNTKSFEDIHQYREQIKRVKDSDDVPMVLVGNKSDLAARTVESRQAQDLARSYGIPYIETSAKTRQGVEDAFYTLVREIRQH	True	69.410	69.410	34.760	90.00	90.00	90.00	/Users/mitchellparker/Desktop/rascore_build/core/2cldX_core.cif	/Users/mitchellparker/Desktop/rascore_build/rcsb/2cld.cif.gz	/Users/mitchellparker/Desktop/rascore_build/renum/2cld_renum.cif	/Users/mitchellparker/Desktop/rascore_build/rcsb_assembly/2cld-assembly-1.cif.gz	/Users/mitchellparker/Desktop/rascore_build/renum_assembly/2cld-assembly-1_renum.cif	/Users/mitchellparker/Desktop/rascore_build/sifts/2cld.xml.gz	/Users/mitchellparker/Desktop/rascore_build/pocket/2cldX_2_pocket.pdb
2cldX	2cld	0	X	Disordered	Outlier	Disordered	Y71out	P 41 (CF1)	2cldX3	3	GTPase HRas	RASH_HUMAN	P01112	C118S	C118	HRAS	2P	Other	None	None	None	None	SP12-Unbound	P 41	166	1-29:33-166	2006-04-27	Other	268.2263	0.1829	Unbound	Unbound	90,94,129,132,133,136	MG,GDP	None	None	None	None	None	None	None	None	None	None	GDP	MG	None	None	None	None	STP	XRAY	1.220	0.150	MTEYKLVVVGAGGVGKSALTIQLIQNHFVDEYDPTIEDSYRKQVVIDGETCLLDILDTAGQEEYSAMRDQYMRTGEGFLCVFAINNTKSFEDIHQYREQIKRVKDSDDVPMVLVGNKSDLAARTVESRQAQDLARSYGIPYIETSAKTRQGVEDAFYTLVREIRQH	True	69.410	69.410	34.760	90.00	90.00	90.00	/Users/mitchellparker/Desktop/rascore_build/core/2cldX_core.cif	/Users/mitchellparker/Desktop/rascore_build/rcsb/2cld.cif.gz	/Users/mitchellparker/Desktop/rascore_build/renum/2cld_renum.cif	/Users/mitchellparker/Desktop/rascore_build/rcsb_assembly/2cld-assembly-1.cif.gz	/Users/mitchellparker/Desktop/rascore_build/renum_assembly/2cld-assembly-1_renum.cif	/Users/mitchellparker/Desktop/rascore_build/sifts/2cld.xml.gz	/Users/mitchellparker/Desktop/rascore_build/pocket/2cldX_3_pocket.pdb
2cldX	2cld	0	X	Disordered	Outlier	Disordered	Y71out	P 41 (CF1)	2cldX4	4	GTPase HRas	RASH_HUMAN	P01112	C118S	C118	HRAS	2P	Other	None	None	None	None	SP12-Unbound	P 41	166	1-29:33-166	2006-04-27	Other	118.9263	0.0005	Unbound	Unbound	97,101,107,108,109,111,137,139	MG,GDP	None	None	None	None	None	None	None	None	None	None	GDP	MG	None	None	None	None	STP	XRAY	1.220	0.150	MTEYKLVVVGAGGVGKSALTIQLIQNHFVDEYDPTIEDSYRKQVVIDGETCLLDILDTAGQEEYSAMRDQYMRTGEGFLCVFAINNTKSFEDIHQYREQIKRVKDSDDVPMVLVGNKSDLAARTVESRQAQDLARSYGIPYIETSAKTRQGVEDAFYTLVREIRQH	True	69.410	69.410	34.760	90.00	90.00	90.00	/Users/mitchellparker/Desktop/rascore_build/core/2cldX_core.cif	/Users/mitchellparker/Desktop/rascore_build/rcsb/2cld.cif.gz	/Users/mitchellparker/Desktop/rascore_build/renum/2cld_renum.cif	/Users/mitchellparker/Desktop/rascore_build/rcsb_assembly/2cld-assembly-1.cif.gz	/Users/mitchellparker/Desktop/rascore_build/renum_assembly/2cld-assembly-1_renum.cif	/Users/mitchellparker/Desktop/rascore_build/sifts/2cld.xml.gz	/Users/mitchellparker/Desktop/rascore_build/pocket/2cldX_4_pocket.pdb
2cldX	2cld	0	X	Disordered	Outlier	Disordered	Y71out	P 41 (CF1)	2cldX5	5	GTPase HRas	RASH_HUMAN	P01112	C118S	C118	HRAS	2P	Other	None	None	None	None	SP12-Unbound	P 41	166	1-29:33-166	2006-04-27	Other	301.7311	0.0896	Unbound	Unbound	126,128,129,132	MG,GDP	None	None	None	None	None	None	None	None	None	None	GDP	MG	None	None	None	None	STP	XRAY	1.220	0.150	MTEYKLVVVGAGGVGKSALTIQLIQNHFVDEYDPTIEDSYRKQVVIDGETCLLDILDTAGQEEYSAMRDQYMRTGEGFLCVFAINNTKSFEDIHQYREQIKRVKDSDDVPMVLVGNKSDLAARTVESRQAQDLARSYGIPYIETSAKTRQGVEDAFYTLVREIRQH	True	69.410	69.410	34.760	90.00	90.00	90.00	/Users/mitchellparker/Desktop/rascore_build/core/2cldX_core.cif	/Users/mitchellparker/Desktop/rascore_build/rcsb/2cld.cif.gz	/Users/mitchellparker/Desktop/rascore_build/renum/2cld_renum.cif	/Users/mitchellparker/Desktop/rascore_build/rcsb_assembly/2cld-assembly-1.cif.gz	/Users/mitchellparker/Desktop/rascore_build/renum_assembly/2cld-assembly-1_renum.cif	/Users/mitchellparker/Desktop/rascore_build/sifts/2cld.xml.gz	/Users/mitchellparker/Desktop/rascore_build/pocket/2cldX_5_pocket.pdb
2evwX	2evw	0	X	Outlier	Outlier	Disordered	Y71out	P 41 (CF1)	2evwX2	2	GTPase HRas	RASH_HUMAN	P01112	Y32C,C118S	Y32,C118	HRAS	3P	Other	None	None	None	None	SP2-Unbound	P 41	166	1-166	2005-11-01	SP2	166.3089	0.1681	Unbound	Unbound	64,69,99,102,103	MG,CAG,XY2	None	None	None	None	None	None	None	None	None	None	CAG	MG	None	XY2	None	None	STP	XRAY	1.050	0.157	MTEYKLVVVGAGGVGKSALTIQLIQNHFVDECDPTIEDSYRKQVVIDGETCLLDILDTAGQEEYSAMRDQYMRTGEGFLCVFAINNTKSFEDIHQYREQIKRVKDSDDVPMVLVGNKSDLAARTVESRQAQDLARSYGIPYIETSAKTRQGVEDAFYTLVREIRQH	True	69.300	69.300	35.510	90.00	90.00	90.00	/Users/mitchellparker/Desktop/rascore_build/core/2evwX_core.cif	/Users/mitchellparker/Desktop/rascore_build/rcsb/2evw.cif.gz	/Users/mitchellparker/Desktop/rascore_build/renum/2evw_renum.cif	/Users/mitchellparker/Desktop/rascore_build/rcsb_assembly/2evw-assembly-1.cif.gz	/Users/mitchellparker/Desktop/rascore_build/renum_assembly/2evw-assembly-1_renum.cif	/Users/mitchellparker/Desktop/rascore_build/sifts/2evw.xml.gz	/Users/mitchellparker/Desktop/rascore_build/pocket/2evwX_2_pocket.pdb
2evwX	2evw	0	X	Outlier	Outlier	Disordered	Y71out	P 41 (CF1)	2evwX3	3	GTPase HRas	RASH_HUMAN	P01112	Y32C,C118S	Y32,C118	HRAS	3P	Other	None	None	None	None	SP2-Unbound	P 41	166	1-166	2005-11-01	Other	272.1715	0.0000	Unbound	Unbound	46,47,153,154,157,158,161	MG,CAG,XY2	None	None	None	None	None	None	None	None	None	None	CAG	MG	None	XY2	None	None	STP	XRAY	1.050	0.157	MTEYKLVVVGAGGVGKSALTIQLIQNHFVDECDPTIEDSYRKQVVIDGETCLLDILDTAGQEEYSAMRDQYMRTGEGFLCVFAINNTKSFEDIHQYREQIKRVKDSDDVPMVLVGNKSDLAARTVESRQAQDLARSYGIPYIETSAKTRQGVEDAFYTLVREIRQH	True	69.300	69.300	35.510	90.00	90.00	90.00	/Users/mitchellparker/Desktop/rascore_build/core/2evwX_core.cif	/Users/mitchellparker/Desktop/rascore_build/rcsb/2evw.cif.gz	/Users/mitchellparker/Desktop/rascore_build/renum/2evw_renum.cif	/Users/mitchellparker/Desktop/rascore_build/rcsb_assembly/2evw-assembly-1.cif.gz	/Users/mitchellparker/Desktop/rascore_build/renum_assembly/2evw-assembly-1_renum.cif	/Users/mitchellparker/Desktop/rascore_build/sifts/2evw.xml.gz	/Users/mitchellparker/Desktop/rascore_build/pocket/2evwX_3_pocket.pdb
2lcfA	2lcf	0	A	Outlier	Outlier	Y32in	Y71out	None	2lcfA2	2	GTPase HRas	RASH_HUMAN	P01112	T35S	T35	HRAS	3P	Other	None	None	None	None	SP2-Unbound	None	172	1-166	2011-04-28	Other	314.3235	0.0094	Unbound	Unbound	35,36,37,58,59,62,64,67,68,71	GNP,MG	None	None	None	None	None	None	None	None	None	None	GNP	MG	None	None	None	None	STP	NMR	None	None	GPLGSDMTEYKLVVVGAGGVGKSALTIQLIQNHFVDEYDPSIEDSYRKQVVIDGETCLLDILDTAGQEEYSAMRDQYMRTGEGFLCVFAINNTKSFEDIHQYREQIKRVKDSDDVPMVLVGNKCDLAARTVESRQAQDLARSYGIPYIETSAKTRQGVEDAFYTLVREIRQH	True	999.0	999.0	999.0	999.0	999.0	999.0	/Users/mitchellparker/Desktop/rascore_build/core/2lcfA_core.cif	/Users/mitchellparker/Desktop/rascore_build/rcsb/2lcf.cif.gz	/Users/mitchellparker/Desktop/rascore_build/renum/2lcf_renum.cif	/Users/mitchellparker/Desktop/rascore_build/rcsb_assembly/2lcf-assembly-1.cif.gz	/Users/mitchellparker/Desktop/rascore_build/renum_assembly/2lcf-assembly-1_renum.cif	/Users/mitchellparker/Desktop/rascore_build/sifts/2lcf.xml.gz	/Users/mitchellparker/Desktop/rascore_build/pocket/2lcfA_2_pocket.pdb
2lcfA	2lcf	0	A	Outlier	Outlier	Y32in	Y71out	None	2lcfA3	3	GTPase HRas	RASH_HUMAN	P01112	T35S	T35	HRAS	3P	Other	None	None	None	None	SP2-Unbound	None	172	1-166	2011-04-28	Other	320.1651	0.0005	Unbound	Unbound	107,108,109,110,137,138,139,162,165,166	GNP,MG	None	None	None	None	None	None	None	None	None	None	GNP	MG	None	None	None	None	STP	NMR	None	None	GPLGSDMTEYKLVVVGAGGVGKSALTIQLIQNHFVDEYDPSIEDSYRKQVVIDGETCLLDILDTAGQEEYSAMRDQYMRTGEGFLCVFAINNTKSFEDIHQYREQIKRVKDSDDVPMVLVGNKCDLAARTVESRQAQDLARSYGIPYIETSAKTRQGVEDAFYTLVREIRQH	True	999.0	999.0	999.0	999.0	999.0	999.0	/Users/mitchellparker/Desktop/rascore_build/core/2lcfA_core.cif	/Users/mitchellparker/Desktop/rascore_build/rcsb/2lcf.cif.gz	/Users/mitchellparker/Desktop/rascore_build/renum/2lcf_renum.cif	/Users/mitchellparker/Desktop/rascore_build/rcsb_assembly/2lcf-assembly-1.cif.gz	/Users/mitchellparker/Desktop/rascore_build/renum_assembly/2lcf-assembly-1_renum.cif	/Users/mitchellparker/Desktop/rascore_build/sifts/2lcf.xml.gz	/Users/mitchellparker/Desktop/rascore_build/pocket/2lcfA_3_pocket.pdb
2lcfA	2lcf	0	A	Outlier	Outlier	Y32in	Y71out	None	2lcfA4	4	GTPase HRas	RASH_HUMAN	P01112	T35S	T35	HRAS	3P	Other	None	None	None	None	SP2-Unbound	None	172	1-166	2011-04-28	Other	233.7626	0.0001	Unbound	Unbound	76,104,106,108,109,110,163,166	GNP,MG	None	None	None	None	None	None	None	None	None	None	GNP	MG	None	None	None	None	STP	NMR	None	None	GPLGSDMTEYKLVVVGAGGVGKSALTIQLIQNHFVDEYDPSIEDSYRKQVVIDGETCLLDILDTAGQEEYSAMRDQYMRTGEGFLCVFAINNTKSFEDIHQYREQIKRVKDSDDVPMVLVGNKCDLAARTVESRQAQDLARSYGIPYIETSAKTRQGVEDAFYTLVREIRQH	True	999.0	999.0	999.0	999.0	999.0	999.0	/Users/mitchellparker/Desktop/rascore_build/core/2lcfA_core.cif	/Users/mitchellparker/Desktop/rascore_build/rcsb/2lcf.cif.gz	/Users/mitchellparker/Desktop/rascore_build/renum/2lcf_renum.cif	/Users/mitchellparker/Desktop/rascore_build/rcsb_assembly/2lcf-assembly-1.cif.gz	/Users/mitchellparker/Desktop/rascore_build/renum_assembly/2lcf-assembly-1_renum.cif	/Users/mitchellparker/Desktop/rascore_build/sifts/2lcf.xml.gz	/Users/mitchellparker/Desktop/rascore_build/pocket/2lcfA_4_pocket.pdb
2lcfA	2lcf	0	A	Outlier	Outlier	Y32in	Y71out	None	2lcfA5	5	GTPase HRas	RASH_HUMAN	P01112	T35S	T35	HRAS	3P	Other	None	None	None	None	SP2-Unbound	None	172	1-166	2011-04-28	SP2	171.2180	0.0090	Unbound	Unbound	7,9,10,16,58,59,68,71,72,96,99	GNP,MG	None	None	None	None	None	None	None	None	None	None	GNP	MG	None	None	None	None	STP	NMR	None	None	GPLGSDMTEYKLVVVGAGGVGKSALTIQLIQNHFVDEYDPSIEDSYRKQVVIDGETCLLDILDTAGQEEYSAMRDQYMRTGEGFLCVFAINNTKSFEDIHQYREQIKRVKDSDDVPMVLVGNKCDLAARTVESRQAQDLARSYGIPYIETSAKTRQGVEDAFYTLVREIRQH	True	999.0	999.0	999.0	999.0	999.0	999.0	/Users/mitchellparker/Desktop/rascore_build/core/2lcfA_core.cif	/Users/mitchellparker/Desktop/rascore_build/rcsb/2lcf.cif.gz	/Users/mitchellparker/Desktop/rascore_build/renum/2lcf_renum.cif	/Users/mitchellparker/Desktop/rascore_build/rcsb_assembly/2lcf-assembly-1.cif.gz	/Users/mitchellparker/Desktop/rascore_build/renum_assembly/2lcf-assembly-1_renum.cif	/Users/mitchellparker/Desktop/rascore_build/sifts/2lcf.xml.gz	/Users/mitchellparker/Desktop/rascore_build/pocket/2lcfA_5_pocket.pdb
2lcfA	2lcf	0	A	Outlier	Outlier	Y32in	Y71out	None	2lcfA6	6	GTPase HRas	RASH_HUMAN	P01112	T35S	T35	HRAS	3P	Other	None	None	None	None	SP2-Unbound	None	172	1-166	2011-04-28	Other	181.9405	0.0022	Unbound	Unbound	45,46,47,157,161	GNP,MG	None	None	None	None	None	None	None	None	None	None	GNP	MG	None	None	None	None	STP	NMR	None	None	GPLGSDMTEYKLVVVGAGGVGKSALTIQLIQNHFVDEYDPSIEDSYRKQVVIDGETCLLDILDTAGQEEYSAMRDQYMRTGEGFLCVFAINNTKSFEDIHQYREQIKRVKDSDDVPMVLVGNKCDLAARTVESRQAQDLARSYGIPYIETSAKTRQGVEDAFYTLVREIRQH	True	999.0	999.0	999.0	999.0	999.0	999.0	/Users/mitchellparker/Desktop/rascore_build/core/2lcfA_core.cif	/Users/mitchellparker/Desktop/rascore_build/rcsb/2lcf.cif.gz	/Users/mitchellparker/Desktop/rascore_build/renum/2lcf_renum.cif	/Users/mitchellparker/Desktop/rascore_build/rcsb_assembly/2lcf-assembly-1.cif.gz	/Users/mitchellparker/Desktop/rascore_build/renum_assembly/2lcf-assembly-1_renum.cif	/Users/mitchellparker/Desktop/rascore_build/sifts/2lcf.xml.gz	/Users/mitchellparker/Desktop/rascore_build/pocket/2lcfA_6_pocket.pdb
2lcfA	2lcf	0	A	Outlier	Outlier	Y32in	Y71out	None	2lcfA7	7	GTPase HRas	RASH_HUMAN	P01112	T35S	T35	HRAS	3P	Other	None	None	None	None	SP2-Unbound	None	172	1-166	2011-04-28	Other	210.2450	0.0003	Unbound	Unbound	128,131,132,135	GNP,MG	None	None	None	None	None	None	None	None	None	None	GNP	MG	None	None	None	None	STP	NMR	None	None	GPLGSDMTEYKLVVVGAGGVGKSALTIQLIQNHFVDEYDPSIEDSYRKQVVIDGETCLLDILDTAGQEEYSAMRDQYMRTGEGFLCVFAINNTKSFEDIHQYREQIKRVKDSDDVPMVLVGNKCDLAARTVESRQAQDLARSYGIPYIETSAKTRQGVEDAFYTLVREIRQH	True	999.0	999.0	999.0	999.0	999.0	999.0	/Users/mitchellparker/Desktop/rascore_build/core/2lcfA_core.cif	/Users/mitchellparker/Desktop/rascore_build/rcsb/2lcf.cif.gz	/Users/mitchellparker/Desktop/rascore_build/renum/2lcf_renum.cif	/Users/mitchellparker/Desktop/rascore_build/rcsb_assembly/2lcf-assembly-1.cif.gz	/Users/mitchellparker/Desktop/rascore_build/renum_assembly/2lcf-assembly-1_renum.cif	/Users/mitchellparker/Desktop/rascore_build/sifts/2lcf.xml.gz	/Users/mitchellparker/Desktop/rascore_build/pocket/2lcfA_7_pocket.pdb
2lcfA	2lcf	0	A	Outlier	Outlier	Y32in	Y71out	None	2lcfA8	8	GTPase HRas	RASH_HUMAN	P01112	T35S	T35	HRAS	3P	Other	None	None	None	None	SP2-Unbound	None	172	1-166	2011-04-28	Other	201.4353	0.0000	Unbound	Unbound	95,98,99,102	GNP,MG	None	None	None	None	None	None	None	None	None	None	GNP	MG	None	None	None	None	STP	NMR	None	None	GPLGSDMTEYKLVVVGAGGVGKSALTIQLIQNHFVDEYDPSIEDSYRKQVVIDGETCLLDILDTAGQEEYSAMRDQYMRTGEGFLCVFAINNTKSFEDIHQYREQIKRVKDSDDVPMVLVGNKCDLAARTVESRQAQDLARSYGIPYIETSAKTRQGVEDAFYTLVREIRQH	True	999.0	999.0	999.0	999.0	999.0	999.0	/Users/mitchellparker/Desktop/rascore_build/core/2lcfA_core.cif	/Users/mitchellparker/Desktop/rascore_build/rcsb/2lcf.cif.gz	/Users/mitchellparker/Desktop/rascore_build/renum/2lcf_renum.cif	/Users/mitchellparker/Desktop/rascore_build/rcsb_assembly/2lcf-assembly-1.cif.gz	/Users/mitchellparker/Desktop/rascore_build/renum_assembly/2lcf-assembly-1_renum.cif	/Users/mitchellparker/Desktop/rascore_build/sifts/2lcf.xml.gz	/Users/mitchellparker/Desktop/rascore_build/pocket/2lcfA_8_pocket.pdb
2n42A	2n42	0	A	Outlier	Outlier	Y32in	Y71out	None	2n42A10	10	GTPase HRas	RASH_HUMAN	P01112	T35S	T35	HRAS	0P	Other	None	None	None	None	Multiple-Unbound	None	172	1-166	2015-06-16	Other	246.3902	0.0118	Unbound	Unbound	21,24,25,29,31,33,40	None	None	None	None	None	None	None	None	None	None	None	None	None	None	None	None	None	STP	NMR	None	None	GPLGSDMTEYKLVVVGAGGVGKSALTIQLIQNHFVDEYDPSIEDSYRKQVVIDGETCLLDILDTAGQEEYSAMRDQYMRTGEGFLCVFAINNTKSFEDIHQYREQIKRVKDSDDVPMVLVGNKCDLAARTVESRQAQDLARSYGIPYIETSAKTRQGVEDAFYTLVREIRQH	True	999.0	999.0	999.0	999.0	999.0	999.0	/Users/mitchellparker/Desktop/rascore_build/core/2n42A_core.cif	/Users/mitchellparker/Desktop/rascore_build/rcsb/2n42.cif.gz	/Users/mitchellparker/Desktop/rascore_build/renum/2n42_renum.cif	/Users/mitchellparker/Desktop/rascore_build/rcsb_assembly/2n42-assembly-1.cif.gz	/Users/mitchellparker/Desktop/rascore_build/renum_assembly/2n42-assembly-1_renum.cif	/Users/mitchellparker/Desktop/rascore_build/sifts/2n42.xml.gz	/Users/mitchellparker/Desktop/rascore_build/pocket/2n42A_10_pocket.pdb
2n42A	2n42	0	A	Outlier	Outlier	Y32in	Y71out	None	2n42A11	11	GTPase HRas	RASH_HUMAN	P01112	T35S	T35	HRAS	0P	Other	None	None	None	None	Multiple-Unbound	None	172	1-166	2015-06-16	Other	160.6187	0.2338	Unbound	Unbound	13,15,16,17,32	None	None	None	None	None	None	None	None	None	None	None	None	None	None	None	None	None	STP	NMR	None	None	GPLGSDMTEYKLVVVGAGGVGKSALTIQLIQNHFVDEYDPSIEDSYRKQVVIDGETCLLDILDTAGQEEYSAMRDQYMRTGEGFLCVFAINNTKSFEDIHQYREQIKRVKDSDDVPMVLVGNKCDLAARTVESRQAQDLARSYGIPYIETSAKTRQGVEDAFYTLVREIRQH	True	999.0	999.0	999.0	999.0	999.0	999.0	/Users/mitchellparker/Desktop/rascore_build/core/2n42A_core.cif	/Users/mitchellparker/Desktop/rascore_build/rcsb/2n42.cif.gz	/Users/mitchellparker/Desktop/rascore_build/renum/2n42_renum.cif	/Users/mitchellparker/Desktop/rascore_build/rcsb_assembly/2n42-assembly-1.cif.gz	/Users/mitchellparker/Desktop/rascore_build/renum_assembly/2n42-assembly-1_renum.cif	/Users/mitchellparker/Desktop/rascore_build/sifts/2n42.xml.gz	/Users/mitchellparker/Desktop/rascore_build/pocket/2n42A_11_pocket.pdb
2n42A	2n42	0	A	Outlier	Outlier	Y32in	Y71out	None	2n42A12	12	GTPase HRas	RASH_HUMAN	P01112	T35S	T35	HRAS	0P	Other	None	None	None	None	Multiple-Unbound	None	172	1-166	2015-06-16	Other	309.1402	0.0472	Unbound	Unbound	87,90,124,125,129,133	None	None	None	None	None	None	None	None	None	None	None	None	None	None	None	None	None	STP	NMR	None	None	GPLGSDMTEYKLVVVGAGGVGKSALTIQLIQNHFVDEYDPSIEDSYRKQVVIDGETCLLDILDTAGQEEYSAMRDQYMRTGEGFLCVFAINNTKSFEDIHQYREQIKRVKDSDDVPMVLVGNKCDLAARTVESRQAQDLARSYGIPYIETSAKTRQGVEDAFYTLVREIRQH	True	999.0	999.0	999.0	999.0	999.0	999.0	/Users/mitchellparker/Desktop/rascore_build/core/2n42A_core.cif	/Users/mitchellparker/Desktop/rascore_build/rcsb/2n42.cif.gz	/Users/mitchellparker/Desktop/rascore_build/renum/2n42_renum.cif	/Users/mitchellparker/Desktop/rascore_build/rcsb_assembly/2n42-assembly-1.cif.gz	/Users/mitchellparker/Desktop/rascore_build/renum_assembly/2n42-assembly-1_renum.cif	/Users/mitchellparker/Desktop/rascore_build/sifts/2n42.xml.gz	/Users/mitchellparker/Desktop/rascore_build/pocket/2n42A_12_pocket.pdb
2n42A	2n42	0	A	Outlier	Outlier	Y32in	Y71out	None	2n42A13	13	GTPase HRas	RASH_HUMAN	P01112	T35S	T35	HRAS	0P	Other	None	None	None	None	Multiple-Unbound	None	172	1-166	2015-06-16	SP12	218.7877	0.0009	Unbound	Unbound	39,40,41,54,56,67,71	None	None	None	None	None	None	None	None	None	None	None	None	None	None	None	None	None	STP	NMR	None	None	GPLGSDMTEYKLVVVGAGGVGKSALTIQLIQNHFVDEYDPSIEDSYRKQVVIDGETCLLDILDTAGQEEYSAMRDQYMRTGEGFLCVFAINNTKSFEDIHQYREQIKRVKDSDDVPMVLVGNKCDLAARTVESRQAQDLARSYGIPYIETSAKTRQGVEDAFYTLVREIRQH	True	999.0	999.0	999.0	999.0	999.0	999.0	/Users/mitchellparker/Desktop/rascore_build/core/2n42A_core.cif	/Users/mitchellparker/Desktop/rascore_build/rcsb/2n42.cif.gz	/Users/mitchellparker/Desktop/rascore_build/renum/2n42_renum.cif	/Users/mitchellparker/Desktop/rascore_build/rcsb_assembly/2n42-assembly-1.cif.gz	/Users/mitchellparker/Desktop/rascore_build/renum_assembly/2n42-assembly-1_renum.cif	/Users/mitchellparker/Desktop/rascore_build/sifts/2n42.xml.gz	/Users/mitchellparker/Desktop/rascore_build/pocket/2n42A_13_pocket.pdb
2n42A	2n42	0	A	Outlier	Outlier	Y32in	Y71out	None	2n42A14	14	GTPase HRas	RASH_HUMAN	P01112	T35S	T35	HRAS	0P	Other	None	None	None	None	Multiple-Unbound	None	172	1-166	2015-06-16	Other	259.4295	0.2479	Unbound	Unbound	117,119,120,145,146,147	None	None	None	None	None	None	None	None	None	None	None	None	None	None	None	None	None	STP	NMR	None	None	GPLGSDMTEYKLVVVGAGGVGKSALTIQLIQNHFVDEYDPSIEDSYRKQVVIDGETCLLDILDTAGQEEYSAMRDQYMRTGEGFLCVFAINNTKSFEDIHQYREQIKRVKDSDDVPMVLVGNKCDLAARTVESRQAQDLARSYGIPYIETSAKTRQGVEDAFYTLVREIRQH	True	999.0	999.0	999.0	999.0	999.0	999.0	/Users/mitchellparker/Desktop/rascore_build/core/2n42A_core.cif	/Users/mitchellparker/Desktop/rascore_build/rcsb/2n42.cif.gz	/Users/mitchellparker/Desktop/rascore_build/renum/2n42_renum.cif	/Users/mitchellparker/Desktop/rascore_build/rcsb_assembly/2n42-assembly-1.cif.gz	/Users/mitchellparker/Desktop/rascore_build/renum_assembly/2n42-assembly-1_renum.cif	/Users/mitchellparker/Desktop/rascore_build/sifts/2n42.xml.gz	/Users/mitchellparker/Desktop/rascore_build/pocket/2n42A_14_pocket.pdb
2n42A	2n42	0	A	Outlier	Outlier	Y32in	Y71out	None	2n42A15	15	GTPase HRas	RASH_HUMAN	P01112	T35S	T35	HRAS	0P	Other	None	None	None	None	Multiple-Unbound	None	172	1-166	2015-06-16	Other	261.9708	0.0002	Unbound	Unbound	95,98,99,102	None	None	None	None	None	None	None	None	None	None	None	None	None	None	None	None	None	STP	NMR	None	None	GPLGSDMTEYKLVVVGAGGVGKSALTIQLIQNHFVDEYDPSIEDSYRKQVVIDGETCLLDILDTAGQEEYSAMRDQYMRTGEGFLCVFAINNTKSFEDIHQYREQIKRVKDSDDVPMVLVGNKCDLAARTVESRQAQDLARSYGIPYIETSAKTRQGVEDAFYTLVREIRQH	True	999.0	999.0	999.0	999.0	999.0	999.0	/Users/mitchellparker/Desktop/rascore_build/core/2n42A_core.cif	/Users/mitchellparker/Desktop/rascore_build/rcsb/2n42.cif.gz	/Users/mitchellparker/Desktop/rascore_build/renum/2n42_renum.cif	/Users/mitchellparker/Desktop/rascore_build/rcsb_assembly/2n42-assembly-1.cif.gz	/Users/mitchellparker/Desktop/rascore_build/renum_assembly/2n42-assembly-1_renum.cif	/Users/mitchellparker/Desktop/rascore_build/sifts/2n42.xml.gz	/Users/mitchellparker/Desktop/rascore_build/pocket/2n42A_15_pocket.pdb
2n42A	2n42	0	A	Outlier	Outlier	Y32in	Y71out	None	2n42A16	16	GTPase HRas	RASH_HUMAN	P01112	T35S	T35	HRAS	0P	Other	None	None	None	None	Multiple-Unbound	None	172	1-166	2015-06-16	Other	334.7835	0.0000	Unbound	Unbound	85,87,122,123,124	None	None	None	None	None	None	None	None	None	None	None	None	None	None	None	None	None	STP	NMR	None	None	GPLGSDMTEYKLVVVGAGGVGKSALTIQLIQNHFVDEYDPSIEDSYRKQVVIDGETCLLDILDTAGQEEYSAMRDQYMRTGEGFLCVFAINNTKSFEDIHQYREQIKRVKDSDDVPMVLVGNKCDLAARTVESRQAQDLARSYGIPYIETSAKTRQGVEDAFYTLVREIRQH	True	999.0	999.0	999.0	999.0	999.0	999.0	/Users/mitchellparker/Desktop/rascore_build/core/2n42A_core.cif	/Users/mitchellparker/Desktop/rascore_build/rcsb/2n42.cif.gz	/Users/mitchellparker/Desktop/rascore_build/renum/2n42_renum.cif	/Users/mitchellparker/Desktop/rascore_build/rcsb_assembly/2n42-assembly-1.cif.gz	/Users/mitchellparker/Desktop/rascore_build/renum_assembly/2n42-assembly-1_renum.cif	/Users/mitchellparker/Desktop/rascore_build/sifts/2n42.xml.gz	/Users/mitchellparker/Desktop/rascore_build/pocket/2n42A_16_pocket.pdb
2n42A	2n42	0	A	Outlier	Outlier	Y32in	Y71out	None	2n42A17	17	GTPase HRas	RASH_HUMAN	P01112	T35S	T35	HRAS	0P	Other	None	None	None	None	Multiple-Unbound	None	172	1-166	2015-06-16	Other	454.0737	0.0003	Unbound	Unbound	14,15,18,19,28,29,30,32,116,117,146	None	None	None	None	None	None	None	None	None	None	None	None	None	None	None	None	None	STP	NMR	None	None	GPLGSDMTEYKLVVVGAGGVGKSALTIQLIQNHFVDEYDPSIEDSYRKQVVIDGETCLLDILDTAGQEEYSAMRDQYMRTGEGFLCVFAINNTKSFEDIHQYREQIKRVKDSDDVPMVLVGNKCDLAARTVESRQAQDLARSYGIPYIETSAKTRQGVEDAFYTLVREIRQH	True	999.0	999.0	999.0	999.0	999.0	999.0	/Users/mitchellparker/Desktop/rascore_build/core/2n42A_core.cif	/Users/mitchellparker/Desktop/rascore_build/rcsb/2n42.cif.gz	/Users/mitchellparker/Desktop/rascore_build/renum/2n42_renum.cif	/Users/mitchellparker/Desktop/rascore_build/rcsb_assembly/2n42-assembly-1.cif.gz	/Users/mitchellparker/Desktop/rascore_build/renum_assembly/2n42-assembly-1_renum.cif	/Users/mitchellparker/Desktop/rascore_build/sifts/2n42.xml.gz	/Users/mitchellparker/Desktop/rascore_build/pocket/2n42A_17_pocket.pdb
2n42A	2n42	0	A	Outlier	Outlier	Y32in	Y71out	None	2n42A1	1	GTPase HRas	RASH_HUMAN	P01112	T35S	T35	HRAS	0P	Other	None	None	None	None	Multiple-Unbound	None	172	1-166	2015-06-16	Other	346.9484	0.0004	Unbound	Unbound	45,46,47,48,154,157,158,161	None	None	None	None	None	None	None	None	None	None	None	None	None	None	None	None	None	STP	NMR	None	None	GPLGSDMTEYKLVVVGAGGVGKSALTIQLIQNHFVDEYDPSIEDSYRKQVVIDGETCLLDILDTAGQEEYSAMRDQYMRTGEGFLCVFAINNTKSFEDIHQYREQIKRVKDSDDVPMVLVGNKCDLAARTVESRQAQDLARSYGIPYIETSAKTRQGVEDAFYTLVREIRQH	True	999.0	999.0	999.0	999.0	999.0	999.0	/Users/mitchellparker/Desktop/rascore_build/core/2n42A_core.cif	/Users/mitchellparker/Desktop/rascore_build/rcsb/2n42.cif.gz	/Users/mitchellparker/Desktop/rascore_build/renum/2n42_renum.cif	/Users/mitchellparker/Desktop/rascore_build/rcsb_assembly/2n42-assembly-1.cif.gz	/Users/mitchellparker/Desktop/rascore_build/renum_assembly/2n42-assembly-1_renum.cif	/Users/mitchellparker/Desktop/rascore_build/sifts/2n42.xml.gz	/Users/mitchellparker/Desktop/rascore_build/pocket/2n42A_1_pocket.pdb
2n42A	2n42	0	A	Outlier	Outlier	Y32in	Y71out	None	2n42A2	2	GTPase HRas	RASH_HUMAN	P01112	T35S	T35	HRAS	0P	Other	None	None	None	None	Multiple-Unbound	None	172	1-166	2015-06-16	Other	294.9048	0.0038	Unbound	Unbound	97,109,110,111,112,138,139,140,158,162	None	None	None	None	None	None	None	None	None	None	None	None	None	None	None	None	None	STP	NMR	None	None	GPLGSDMTEYKLVVVGAGGVGKSALTIQLIQNHFVDEYDPSIEDSYRKQVVIDGETCLLDILDTAGQEEYSAMRDQYMRTGEGFLCVFAINNTKSFEDIHQYREQIKRVKDSDDVPMVLVGNKCDLAARTVESRQAQDLARSYGIPYIETSAKTRQGVEDAFYTLVREIRQH	True	999.0	999.0	999.0	999.0	999.0	999.0	/Users/mitchellparker/Desktop/rascore_build/core/2n42A_core.cif	/Users/mitchellparker/Desktop/rascore_build/rcsb/2n42.cif.gz	/Users/mitchellparker/Desktop/rascore_build/renum/2n42_renum.cif	/Users/mitchellparker/Desktop/rascore_build/rcsb_assembly/2n42-assembly-1.cif.gz	/Users/mitchellparker/Desktop/rascore_build/renum_assembly/2n42-assembly-1_renum.cif	/Users/mitchellparker/Desktop/rascore_build/sifts/2n42.xml.gz	/Users/mitchellparker/Desktop/rascore_build/pocket/2n42A_2_pocket.pdb
2n42A	2n42	0	A	Outlier	Outlier	Y32in	Y71out	None	2n42A3	3	GTPase HRas	RASH_HUMAN	P01112	T35S	T35	HRAS	0P	Other	None	None	None	None	Multiple-Unbound	None	172	1-166	2015-06-16	Other	403.1610	0.1410	Unbound	Unbound	1,2,3,43,50,51,52	None	None	None	None	None	None	None	None	None	None	None	None	None	None	None	None	None	STP	NMR	None	None	GPLGSDMTEYKLVVVGAGGVGKSALTIQLIQNHFVDEYDPSIEDSYRKQVVIDGETCLLDILDTAGQEEYSAMRDQYMRTGEGFLCVFAINNTKSFEDIHQYREQIKRVKDSDDVPMVLVGNKCDLAARTVESRQAQDLARSYGIPYIETSAKTRQGVEDAFYTLVREIRQH	True	999.0	999.0	999.0	999.0	999.0	999.0	/Users/mitchellparker/Desktop/rascore_build/core/2n42A_core.cif	/Users/mitchellparker/Desktop/rascore_build/rcsb/2n42.cif.gz	/Users/mitchellparker/Desktop/rascore_build/renum/2n42_renum.cif	/Users/mitchellparker/Desktop/rascore_build/rcsb_assembly/2n42-assembly-1.cif.gz	/Users/mitchellparker/Desktop/rascore_build/renum_assembly/2n42-assembly-1_renum.cif	/Users/mitchellparker/Desktop/rascore_build/sifts/2n42.xml.gz	/Users/mitchellparker/Desktop/rascore_build/pocket/2n42A_3_pocket.pdb
2n42A	2n42	0	A	Outlier	Outlier	Y32in	Y71out	None	2n42A4	4	GTPase HRas	RASH_HUMAN	P01112	T35S	T35	HRAS	0P	Other	None	None	None	None	Multiple-Unbound	None	172	1-166	2015-06-16	Other	277.4973	0.0002	Unbound	Unbound	11,12,13,14,86,88,89,91,92	None	None	None	None	None	None	None	None	None	None	None	None	None	None	None	None	None	STP	NMR	None	None	GPLGSDMTEYKLVVVGAGGVGKSALTIQLIQNHFVDEYDPSIEDSYRKQVVIDGETCLLDILDTAGQEEYSAMRDQYMRTGEGFLCVFAINNTKSFEDIHQYREQIKRVKDSDDVPMVLVGNKCDLAARTVESRQAQDLARSYGIPYIETSAKTRQGVEDAFYTLVREIRQH	True	999.0	999.0	999.0	999.0	999.0	999.0	/Users/mitchellparker/Desktop/rascore_build/core/2n42A_core.cif	/Users/mitchellparker/Desktop/rascore_build/rcsb/2n42.cif.gz	/Users/mitchellparker/Desktop/rascore_build/renum/2n42_renum.cif	/Users/mitchellparker/Desktop/rascore_build/rcsb_assembly/2n42-assembly-1.cif.gz	/Users/mitchellparker/Desktop/rascore_build/renum_assembly/2n42-assembly-1_renum.cif	/Users/mitchellparker/Desktop/rascore_build/sifts/2n42.xml.gz	/Users/mitchellparker/Desktop/rascore_build/pocket/2n42A_4_pocket.pdb
2n42A	2n42	0	A	Outlier	Outlier	Y32in	Y71out	None	2n42A5	5	GTPase HRas	RASH_HUMAN	P01112	T35S	T35	HRAS	0P	Other	None	None	None	None	Multiple-Unbound	None	172	1-166	2015-06-16	Other	273.2352	0.0070	Unbound	Unbound	74,75,76,108,110,163,166	None	None	None	None	None	None	None	None	None	None	None	None	None	None	None	None	None	STP	NMR	None	None	GPLGSDMTEYKLVVVGAGGVGKSALTIQLIQNHFVDEYDPSIEDSYRKQVVIDGETCLLDILDTAGQEEYSAMRDQYMRTGEGFLCVFAINNTKSFEDIHQYREQIKRVKDSDDVPMVLVGNKCDLAARTVESRQAQDLARSYGIPYIETSAKTRQGVEDAFYTLVREIRQH	True	999.0	999.0	999.0	999.0	999.0	999.0	/Users/mitchellparker/Desktop/rascore_build/core/2n42A_core.cif	/Users/mitchellparker/Desktop/rascore_build/rcsb/2n42.cif.gz	/Users/mitchellparker/Desktop/rascore_build/renum/2n42_renum.cif	/Users/mitchellparker/Desktop/rascore_build/rcsb_assembly/2n42-assembly-1.cif.gz	/Users/mitchellparker/Desktop/rascore_build/renum_assembly/2n42-assembly-1_renum.cif	/Users/mitchellparker/Desktop/rascore_build/sifts/2n42.xml.gz	/Users/mitchellparker/Desktop/rascore_build/pocket/2n42A_5_pocket.pdb
2n42A	2n42	0	A	Outlier	Outlier	Y32in	Y71out	None	2n42A6	6	GTPase HRas	RASH_HUMAN	P01112	T35S	T35	HRAS	0P	Other	None	None	None	None	Multiple-Unbound	None	172	1-166	2015-06-16	Other	243.3652	0.0410	Unbound	Unbound	68,69,72,73,99,100,103,104	None	None	None	None	None	None	None	None	None	None	None	None	None	None	None	None	None	STP	NMR	None	None	GPLGSDMTEYKLVVVGAGGVGKSALTIQLIQNHFVDEYDPSIEDSYRKQVVIDGETCLLDILDTAGQEEYSAMRDQYMRTGEGFLCVFAINNTKSFEDIHQYREQIKRVKDSDDVPMVLVGNKCDLAARTVESRQAQDLARSYGIPYIETSAKTRQGVEDAFYTLVREIRQH	True	999.0	999.0	999.0	999.0	999.0	999.0	/Users/mitchellparker/Desktop/rascore_build/core/2n42A_core.cif	/Users/mitchellparker/Desktop/rascore_build/rcsb/2n42.cif.gz	/Users/mitchellparker/Desktop/rascore_build/renum/2n42_renum.cif	/Users/mitchellparker/Desktop/rascore_build/rcsb_assembly/2n42-assembly-1.cif.gz	/Users/mitchellparker/Desktop/rascore_build/renum_assembly/2n42-assembly-1_renum.cif	/Users/mitchellparker/Desktop/rascore_build/sifts/2n42.xml.gz	/Users/mitchellparker/Desktop/rascore_build/pocket/2n42A_6_pocket.pdb
2n42A	2n42	0	A	Outlier	Outlier	Y32in	Y71out	None	2n42A7	7	GTPase HRas	RASH_HUMAN	P01112	T35S	T35	HRAS	0P	Other	None	None	None	None	Multiple-Unbound	None	172	1-166	2015-06-16	Other	78.9212	0.0248	Unbound	Unbound	11,14,15,16,19,81,82,116	None	None	None	None	None	None	None	None	None	None	None	None	None	None	None	None	None	STP	NMR	None	None	GPLGSDMTEYKLVVVGAGGVGKSALTIQLIQNHFVDEYDPSIEDSYRKQVVIDGETCLLDILDTAGQEEYSAMRDQYMRTGEGFLCVFAINNTKSFEDIHQYREQIKRVKDSDDVPMVLVGNKCDLAARTVESRQAQDLARSYGIPYIETSAKTRQGVEDAFYTLVREIRQH	True	999.0	999.0	999.0	999.0	999.0	999.0	/Users/mitchellparker/Desktop/rascore_build/core/2n42A_core.cif	/Users/mitchellparker/Desktop/rascore_build/rcsb/2n42.cif.gz	/Users/mitchellparker/Desktop/rascore_build/renum/2n42_renum.cif	/Users/mitchellparker/Desktop/rascore_build/rcsb_assembly/2n42-assembly-1.cif.gz	/Users/mitchellparker/Desktop/rascore_build/renum_assembly/2n42-assembly-1_renum.cif	/Users/mitchellparker/Desktop/rascore_build/sifts/2n42.xml.gz	/Users/mitchellparker/Desktop/rascore_build/pocket/2n42A_7_pocket.pdb
2n42A	2n42	0	A	Outlier	Outlier	Y32in	Y71out	None	2n42A8	8	GTPase HRas	RASH_HUMAN	P01112	T35S	T35	HRAS	0P	Other	None	None	None	None	Multiple-Unbound	None	172	1-166	2015-06-16	SP2	171.1058	0.0002	Unbound	Unbound	62,63,68,95,96,99	None	None	None	None	None	None	None	None	None	None	None	None	None	None	None	None	None	STP	NMR	None	None	GPLGSDMTEYKLVVVGAGGVGKSALTIQLIQNHFVDEYDPSIEDSYRKQVVIDGETCLLDILDTAGQEEYSAMRDQYMRTGEGFLCVFAINNTKSFEDIHQYREQIKRVKDSDDVPMVLVGNKCDLAARTVESRQAQDLARSYGIPYIETSAKTRQGVEDAFYTLVREIRQH	True	999.0	999.0	999.0	999.0	999.0	999.0	/Users/mitchellparker/Desktop/rascore_build/core/2n42A_core.cif	/Users/mitchellparker/Desktop/rascore_build/rcsb/2n42.cif.gz	/Users/mitchellparker/Desktop/rascore_build/renum/2n42_renum.cif	/Users/mitchellparker/Desktop/rascore_build/rcsb_assembly/2n42-assembly-1.cif.gz	/Users/mitchellparker/Desktop/rascore_build/renum_assembly/2n42-assembly-1_renum.cif	/Users/mitchellparker/Desktop/rascore_build/sifts/2n42.xml.gz	/Users/mitchellparker/Desktop/rascore_build/pocket/2n42A_8_pocket.pdb
2n42A	2n42	0	A	Outlier	Outlier	Y32in	Y71out	None	2n42A9	9	GTPase HRas	RASH_HUMAN	P01112	T35S	T35	HRAS	0P	Other	None	None	None	None	Multiple-Unbound	None	172	1-166	2015-06-16	Other	240.4443	0.0001	Unbound	Unbound	97,101,104,105,107,109,111	None	None	None	None	None	None	None	None	None	None	None	None	None	None	None	None	None	STP	NMR	None	None	GPLGSDMTEYKLVVVGAGGVGKSALTIQLIQNHFVDEYDPSIEDSYRKQVVIDGETCLLDILDTAGQEEYSAMRDQYMRTGEGFLCVFAINNTKSFEDIHQYREQIKRVKDSDDVPMVLVGNKCDLAARTVESRQAQDLARSYGIPYIETSAKTRQGVEDAFYTLVREIRQH	True	999.0	999.0	999.0	999.0	999.0	999.0	/Users/mitchellparker/Desktop/rascore_build/core/2n42A_core.cif	/Users/mitchellparker/Desktop/rascore_build/rcsb/2n42.cif.gz	/Users/mitchellparker/Desktop/rascore_build/renum/2n42_renum.cif	/Users/mitchellparker/Desktop/rascore_build/rcsb_assembly/2n42-assembly-1.cif.gz	/Users/mitchellparker/Desktop/rascore_build/renum_assembly/2n42-assembly-1_renum.cif	/Users/mitchellparker/Desktop/rascore_build/sifts/2n42.xml.gz	/Users/mitchellparker/Desktop/rascore_build/pocket/2n42A_9_pocket.pdb
2n46A	2n46	0	A	Outlier	Outlier	Y32in	Y71out	None	2n46A10	10	GTPase HRas	RASH_HUMAN	P01112	T35S	T35	HRAS	0P	Other	None	None	None	None	Multiple-Unbound	None	172	1-166	2015-06-17	Other	169.6765	0.0328	Unbound	Unbound	23,26,44,53,153,156,157	None	None	None	None	None	None	None	None	None	None	None	None	None	None	None	None	None	STP	NMR	None	None	GPLGSDMTEYKLVVVGAGGVGKSALTIQLIQNHFVDEYDPSIEDSYRKQVVIDGETCLLDILDTAGQEEYSAMRDQYMRTGEGFLCVFAINNTKSFEDIHQYREQIKRVKDSDDVPMVLVGNKCDLAARTVESRQAQDLARSYGIPYIETSAKTRQGVEDAFYTLVREIRQH	True	999.0	999.0	999.0	999.0	999.0	999.0	/Users/mitchellparker/Desktop/rascore_build/core/2n46A_core.cif	/Users/mitchellparker/Desktop/rascore_build/rcsb/2n46.cif.gz	/Users/mitchellparker/Desktop/rascore_build/renum/2n46_renum.cif	/Users/mitchellparker/Desktop/rascore_build/rcsb_assembly/2n46-assembly-1.cif.gz	/Users/mitchellparker/Desktop/rascore_build/renum_assembly/2n46-assembly-1_renum.cif	/Users/mitchellparker/Desktop/rascore_build/sifts/2n46.xml.gz	/Users/mitchellparker/Desktop/rascore_build/pocket/2n46A_10_pocket.pdb
2n46A	2n46	0	A	Outlier	Outlier	Y32in	Y71out	None	2n46A11	11	GTPase HRas	RASH_HUMAN	P01112	T35S	T35	HRAS	0P	Other	None	None	None	None	Multiple-Unbound	None	172	1-166	2015-06-17	Other	204.8962	0.0019	Unbound	Unbound	28,30,117,119,120,145,146,147	None	None	None	None	None	None	None	None	None	None	None	None	None	None	None	None	None	STP	NMR	None	None	GPLGSDMTEYKLVVVGAGGVGKSALTIQLIQNHFVDEYDPSIEDSYRKQVVIDGETCLLDILDTAGQEEYSAMRDQYMRTGEGFLCVFAINNTKSFEDIHQYREQIKRVKDSDDVPMVLVGNKCDLAARTVESRQAQDLARSYGIPYIETSAKTRQGVEDAFYTLVREIRQH	True	999.0	999.0	999.0	999.0	999.0	999.0	/Users/mitchellparker/Desktop/rascore_build/core/2n46A_core.cif	/Users/mitchellparker/Desktop/rascore_build/rcsb/2n46.cif.gz	/Users/mitchellparker/Desktop/rascore_build/renum/2n46_renum.cif	/Users/mitchellparker/Desktop/rascore_build/rcsb_assembly/2n46-assembly-1.cif.gz	/Users/mitchellparker/Desktop/rascore_build/renum_assembly/2n46-assembly-1_renum.cif	/Users/mitchellparker/Desktop/rascore_build/sifts/2n46.xml.gz	/Users/mitchellparker/Desktop/rascore_build/pocket/2n46A_11_pocket.pdb
2n46A	2n46	0	A	Outlier	Outlier	Y32in	Y71out	None	2n46A12	12	GTPase HRas	RASH_HUMAN	P01112	T35S	T35	HRAS	0P	Other	None	None	None	None	Multiple-Unbound	None	172	1-166	2015-06-17	Other	259.9540	0.0011	Unbound	Unbound	13,14,15,17,18,30,32,116,117,146	None	None	None	None	None	None	None	None	None	None	None	None	None	None	None	None	None	STP	NMR	None	None	GPLGSDMTEYKLVVVGAGGVGKSALTIQLIQNHFVDEYDPSIEDSYRKQVVIDGETCLLDILDTAGQEEYSAMRDQYMRTGEGFLCVFAINNTKSFEDIHQYREQIKRVKDSDDVPMVLVGNKCDLAARTVESRQAQDLARSYGIPYIETSAKTRQGVEDAFYTLVREIRQH	True	999.0	999.0	999.0	999.0	999.0	999.0	/Users/mitchellparker/Desktop/rascore_build/core/2n46A_core.cif	/Users/mitchellparker/Desktop/rascore_build/rcsb/2n46.cif.gz	/Users/mitchellparker/Desktop/rascore_build/renum/2n46_renum.cif	/Users/mitchellparker/Desktop/rascore_build/rcsb_assembly/2n46-assembly-1.cif.gz	/Users/mitchellparker/Desktop/rascore_build/renum_assembly/2n46-assembly-1_renum.cif	/Users/mitchellparker/Desktop/rascore_build/sifts/2n46.xml.gz	/Users/mitchellparker/Desktop/rascore_build/pocket/2n46A_12_pocket.pdb
2n46A	2n46	0	A	Outlier	Outlier	Y32in	Y71out	None	2n46A13	13	GTPase HRas	RASH_HUMAN	P01112	T35S	T35	HRAS	0P	Other	None	None	None	None	Multiple-Unbound	None	172	1-166	2015-06-17	Other	125.0366	0.0063	Unbound	Unbound	1,43,50,51,52	None	None	None	None	None	None	None	None	None	None	None	None	None	None	None	None	None	STP	NMR	None	None	GPLGSDMTEYKLVVVGAGGVGKSALTIQLIQNHFVDEYDPSIEDSYRKQVVIDGETCLLDILDTAGQEEYSAMRDQYMRTGEGFLCVFAINNTKSFEDIHQYREQIKRVKDSDDVPMVLVGNKCDLAARTVESRQAQDLARSYGIPYIETSAKTRQGVEDAFYTLVREIRQH	True	999.0	999.0	999.0	999.0	999.0	999.0	/Users/mitchellparker/Desktop/rascore_build/core/2n46A_core.cif	/Users/mitchellparker/Desktop/rascore_build/rcsb/2n46.cif.gz	/Users/mitchellparker/Desktop/rascore_build/renum/2n46_renum.cif	/Users/mitchellparker/Desktop/rascore_build/rcsb_assembly/2n46-assembly-1.cif.gz	/Users/mitchellparker/Desktop/rascore_build/renum_assembly/2n46-assembly-1_renum.cif	/Users/mitchellparker/Desktop/rascore_build/sifts/2n46.xml.gz	/Users/mitchellparker/Desktop/rascore_build/pocket/2n46A_13_pocket.pdb
2n46A	2n46	0	A	Outlier	Outlier	Y32in	Y71out	None	2n46A14	14	GTPase HRas	RASH_HUMAN	P01112	T35S	T35	HRAS	0P	Other	None	None	None	None	Multiple-Unbound	None	172	1-166	2015-06-17	Other	176.1082	0.0003	Unbound	Unbound	84,118,120,123,125,127,143	None	None	None	None	None	None	None	None	None	None	None	None	None	None	None	None	None	STP	NMR	None	None	GPLGSDMTEYKLVVVGAGGVGKSALTIQLIQNHFVDEYDPSIEDSYRKQVVIDGETCLLDILDTAGQEEYSAMRDQYMRTGEGFLCVFAINNTKSFEDIHQYREQIKRVKDSDDVPMVLVGNKCDLAARTVESRQAQDLARSYGIPYIETSAKTRQGVEDAFYTLVREIRQH	True	999.0	999.0	999.0	999.0	999.0	999.0	/Users/mitchellparker/Desktop/rascore_build/core/2n46A_core.cif	/Users/mitchellparker/Desktop/rascore_build/rcsb/2n46.cif.gz	/Users/mitchellparker/Desktop/rascore_build/renum/2n46_renum.cif	/Users/mitchellparker/Desktop/rascore_build/rcsb_assembly/2n46-assembly-1.cif.gz	/Users/mitchellparker/Desktop/rascore_build/renum_assembly/2n46-assembly-1_renum.cif	/Users/mitchellparker/Desktop/rascore_build/sifts/2n46.xml.gz	/Users/mitchellparker/Desktop/rascore_build/pocket/2n46A_14_pocket.pdb
2n46A	2n46	0	A	Outlier	Outlier	Y32in	Y71out	None	2n46A15	15	GTPase HRas	RASH_HUMAN	P01112	T35S	T35	HRAS	0P	Other	None	None	None	None	Multiple-Unbound	None	172	1-166	2015-06-17	SP12	286.7830	0.0041	Unbound	Unbound	5,6,7,39,41,54,56,71,74	None	None	None	None	None	None	None	None	None	None	None	None	None	None	None	None	None	STP	NMR	None	None	GPLGSDMTEYKLVVVGAGGVGKSALTIQLIQNHFVDEYDPSIEDSYRKQVVIDGETCLLDILDTAGQEEYSAMRDQYMRTGEGFLCVFAINNTKSFEDIHQYREQIKRVKDSDDVPMVLVGNKCDLAARTVESRQAQDLARSYGIPYIETSAKTRQGVEDAFYTLVREIRQH	True	999.0	999.0	999.0	999.0	999.0	999.0	/Users/mitchellparker/Desktop/rascore_build/core/2n46A_core.cif	/Users/mitchellparker/Desktop/rascore_build/rcsb/2n46.cif.gz	/Users/mitchellparker/Desktop/rascore_build/renum/2n46_renum.cif	/Users/mitchellparker/Desktop/rascore_build/rcsb_assembly/2n46-assembly-1.cif.gz	/Users/mitchellparker/Desktop/rascore_build/renum_assembly/2n46-assembly-1_renum.cif	/Users/mitchellparker/Desktop/rascore_build/sifts/2n46.xml.gz	/Users/mitchellparker/Desktop/rascore_build/pocket/2n46A_15_pocket.pdb
2n46A	2n46	0	A	Outlier	Outlier	Y32in	Y71out	None	2n46A1	1	GTPase HRas	RASH_HUMAN	P01112	T35S	T35	HRAS	0P	Other	None	None	None	None	Multiple-Unbound	None	172	1-166	2015-06-17	Other	558.7987	0.4779	Unbound	Unbound	87,88,90,91,94,95,125,129,133,137	None	None	None	None	None	None	None	None	None	None	None	None	None	None	None	None	None	STP	NMR	None	None	GPLGSDMTEYKLVVVGAGGVGKSALTIQLIQNHFVDEYDPSIEDSYRKQVVIDGETCLLDILDTAGQEEYSAMRDQYMRTGEGFLCVFAINNTKSFEDIHQYREQIKRVKDSDDVPMVLVGNKCDLAARTVESRQAQDLARSYGIPYIETSAKTRQGVEDAFYTLVREIRQH	True	999.0	999.0	999.0	999.0	999.0	999.0	/Users/mitchellparker/Desktop/rascore_build/core/2n46A_core.cif	/Users/mitchellparker/Desktop/rascore_build/rcsb/2n46.cif.gz	/Users/mitchellparker/Desktop/rascore_build/renum/2n46_renum.cif	/Users/mitchellparker/Desktop/rascore_build/rcsb_assembly/2n46-assembly-1.cif.gz	/Users/mitchellparker/Desktop/rascore_build/renum_assembly/2n46-assembly-1_renum.cif	/Users/mitchellparker/Desktop/rascore_build/sifts/2n46.xml.gz	/Users/mitchellparker/Desktop/rascore_build/pocket/2n46A_1_pocket.pdb
2n46A	2n46	0	A	Outlier	Outlier	Y32in	Y71out	None	2n46A2	2	GTPase HRas	RASH_HUMAN	P01112	T35S	T35	HRAS	0P	Other	None	None	None	None	Multiple-Unbound	None	172	1-166	2015-06-17	Other	752.2898	0.0000	Unbound	Unbound	75,76,107,108,109,110,111,137,138,139,140,162,163,166	None	None	None	None	None	None	None	None	None	None	None	None	None	None	None	None	None	STP	NMR	None	None	GPLGSDMTEYKLVVVGAGGVGKSALTIQLIQNHFVDEYDPSIEDSYRKQVVIDGETCLLDILDTAGQEEYSAMRDQYMRTGEGFLCVFAINNTKSFEDIHQYREQIKRVKDSDDVPMVLVGNKCDLAARTVESRQAQDLARSYGIPYIETSAKTRQGVEDAFYTLVREIRQH	True	999.0	999.0	999.0	999.0	999.0	999.0	/Users/mitchellparker/Desktop/rascore_build/core/2n46A_core.cif	/Users/mitchellparker/Desktop/rascore_build/rcsb/2n46.cif.gz	/Users/mitchellparker/Desktop/rascore_build/renum/2n46_renum.cif	/Users/mitchellparker/Desktop/rascore_build/rcsb_assembly/2n46-assembly-1.cif.gz	/Users/mitchellparker/Desktop/rascore_build/renum_assembly/2n46-assembly-1_renum.cif	/Users/mitchellparker/Desktop/rascore_build/sifts/2n46.xml.gz	/Users/mitchellparker/Desktop/rascore_build/pocket/2n46A_2_pocket.pdb
2n46A	2n46	0	A	Outlier	Outlier	Y32in	Y71out	None	2n46A3	3	GTPase HRas	RASH_HUMAN	P01112	T35S	T35	HRAS	0P	Other	None	None	None	None	Multiple-Unbound	None	172	1-166	2015-06-17	Other	410.2021	0.0028	Unbound	Unbound	21,24,25,26,27,29,31,40	None	None	None	None	None	None	None	None	None	None	None	None	None	None	None	None	None	STP	NMR	None	None	GPLGSDMTEYKLVVVGAGGVGKSALTIQLIQNHFVDEYDPSIEDSYRKQVVIDGETCLLDILDTAGQEEYSAMRDQYMRTGEGFLCVFAINNTKSFEDIHQYREQIKRVKDSDDVPMVLVGNKCDLAARTVESRQAQDLARSYGIPYIETSAKTRQGVEDAFYTLVREIRQH	True	999.0	999.0	999.0	999.0	999.0	999.0	/Users/mitchellparker/Desktop/rascore_build/core/2n46A_core.cif	/Users/mitchellparker/Desktop/rascore_build/rcsb/2n46.cif.gz	/Users/mitchellparker/Desktop/rascore_build/renum/2n46_renum.cif	/Users/mitchellparker/Desktop/rascore_build/rcsb_assembly/2n46-assembly-1.cif.gz	/Users/mitchellparker/Desktop/rascore_build/renum_assembly/2n46-assembly-1_renum.cif	/Users/mitchellparker/Desktop/rascore_build/sifts/2n46.xml.gz	/Users/mitchellparker/Desktop/rascore_build/pocket/2n46A_3_pocket.pdb
2n46A	2n46	0	A	Outlier	Outlier	Y32in	Y71out	None	2n46A4	4	GTPase HRas	RASH_HUMAN	P01112	T35S	T35	HRAS	0P	Other	None	None	None	None	Multiple-Unbound	None	172	1-166	2015-06-17	SP2	260.5696	0.0003	Unbound	Unbound	60,61,62,63,92,95,96,99	None	None	None	None	None	None	None	None	None	None	None	None	None	None	None	None	None	STP	NMR	None	None	GPLGSDMTEYKLVVVGAGGVGKSALTIQLIQNHFVDEYDPSIEDSYRKQVVIDGETCLLDILDTAGQEEYSAMRDQYMRTGEGFLCVFAINNTKSFEDIHQYREQIKRVKDSDDVPMVLVGNKCDLAARTVESRQAQDLARSYGIPYIETSAKTRQGVEDAFYTLVREIRQH	True	999.0	999.0	999.0	999.0	999.0	999.0	/Users/mitchellparker/Desktop/rascore_build/core/2n46A_core.cif	/Users/mitchellparker/Desktop/rascore_build/rcsb/2n46.cif.gz	/Users/mitchellparker/Desktop/rascore_build/renum/2n46_renum.cif	/Users/mitchellparker/Desktop/rascore_build/rcsb_assembly/2n46-assembly-1.cif.gz	/Users/mitchellparker/Desktop/rascore_build/renum_assembly/2n46-assembly-1_renum.cif	/Users/mitchellparker/Desktop/rascore_build/sifts/2n46.xml.gz	/Users/mitchellparker/Desktop/rascore_build/pocket/2n46A_4_pocket.pdb
2n46A	2n46	0	A	Outlier	Outlier	Y32in	Y71out	None	2n46A5	5	GTPase HRas	RASH_HUMAN	P01112	T35S	T35	HRAS	0P	Other	None	None	None	None	Multiple-Unbound	None	172	1-166	2015-06-17	Other	285.0672	0.0004	Unbound	Unbound	13,83,85,86,87,88,124	None	None	None	None	None	None	None	None	None	None	None	None	None	None	None	None	None	STP	NMR	None	None	GPLGSDMTEYKLVVVGAGGVGKSALTIQLIQNHFVDEYDPSIEDSYRKQVVIDGETCLLDILDTAGQEEYSAMRDQYMRTGEGFLCVFAINNTKSFEDIHQYREQIKRVKDSDDVPMVLVGNKCDLAARTVESRQAQDLARSYGIPYIETSAKTRQGVEDAFYTLVREIRQH	True	999.0	999.0	999.0	999.0	999.0	999.0	/Users/mitchellparker/Desktop/rascore_build/core/2n46A_core.cif	/Users/mitchellparker/Desktop/rascore_build/rcsb/2n46.cif.gz	/Users/mitchellparker/Desktop/rascore_build/renum/2n46_renum.cif	/Users/mitchellparker/Desktop/rascore_build/rcsb_assembly/2n46-assembly-1.cif.gz	/Users/mitchellparker/Desktop/rascore_build/renum_assembly/2n46-assembly-1_renum.cif	/Users/mitchellparker/Desktop/rascore_build/sifts/2n46.xml.gz	/Users/mitchellparker/Desktop/rascore_build/pocket/2n46A_5_pocket.pdb
2n46A	2n46	0	A	Outlier	Outlier	Y32in	Y71out	None	2n46A6	6	GTPase HRas	RASH_HUMAN	P01112	T35S	T35	HRAS	0P	Other	None	None	None	None	Multiple-Unbound	None	172	1-166	2015-06-17	Other	148.1568	0.0128	Unbound	Unbound	15,19,22,81,114,116,144,146,150,152	None	None	None	None	None	None	None	None	None	None	None	None	None	None	None	None	None	STP	NMR	None	None	GPLGSDMTEYKLVVVGAGGVGKSALTIQLIQNHFVDEYDPSIEDSYRKQVVIDGETCLLDILDTAGQEEYSAMRDQYMRTGEGFLCVFAINNTKSFEDIHQYREQIKRVKDSDDVPMVLVGNKCDLAARTVESRQAQDLARSYGIPYIETSAKTRQGVEDAFYTLVREIRQH	True	999.0	999.0	999.0	999.0	999.0	999.0	/Users/mitchellparker/Desktop/rascore_build/core/2n46A_core.cif	/Users/mitchellparker/Desktop/rascore_build/rcsb/2n46.cif.gz	/Users/mitchellparker/Desktop/rascore_build/renum/2n46_renum.cif	/Users/mitchellparker/Desktop/rascore_build/rcsb_assembly/2n46-assembly-1.cif.gz	/Users/mitchellparker/Desktop/rascore_build/renum_assembly/2n46-assembly-1_renum.cif	/Users/mitchellparker/Desktop/rascore_build/sifts/2n46.xml.gz	/Users/mitchellparker/Desktop/rascore_build/pocket/2n46A_6_pocket.pdb
2n46A	2n46	0	A	Outlier	Outlier	Y32in	Y71out	None	2n46A7	7	GTPase HRas	RASH_HUMAN	P01112	T35S	T35	HRAS	0P	Other	None	None	None	None	Multiple-Unbound	None	172	1-166	2015-06-17	Other	336.5450	0.0014	Unbound	Unbound	22,23,26,27,28,147,148,150,153	None	None	None	None	None	None	None	None	None	None	None	None	None	None	None	None	None	STP	NMR	None	None	GPLGSDMTEYKLVVVGAGGVGKSALTIQLIQNHFVDEYDPSIEDSYRKQVVIDGETCLLDILDTAGQEEYSAMRDQYMRTGEGFLCVFAINNTKSFEDIHQYREQIKRVKDSDDVPMVLVGNKCDLAARTVESRQAQDLARSYGIPYIETSAKTRQGVEDAFYTLVREIRQH	True	999.0	999.0	999.0	999.0	999.0	999.0	/Users/mitchellparker/Desktop/rascore_build/core/2n46A_core.cif	/Users/mitchellparker/Desktop/rascore_build/rcsb/2n46.cif.gz	/Users/mitchellparker/Desktop/rascore_build/renum/2n46_renum.cif	/Users/mitchellparker/Desktop/rascore_build/rcsb_assembly/2n46-assembly-1.cif.gz	/Users/mitchellparker/Desktop/rascore_build/renum_assembly/2n46-assembly-1_renum.cif	/Users/mitchellparker/Desktop/rascore_build/sifts/2n46.xml.gz	/Users/mitchellparker/Desktop/rascore_build/pocket/2n46A_7_pocket.pdb
2n46A	2n46	0	A	Outlier	Outlier	Y32in	Y71out	None	2n46A8	8	GTPase HRas	RASH_HUMAN	P01112	T35S	T35	HRAS	0P	Other	None	None	None	None	Multiple-Unbound	None	172	1-166	2015-06-17	Other	298.6077	0.0005	Unbound	Unbound	12,14,16,17,32,33,58,59,60,61	None	None	None	None	None	None	None	None	None	None	None	None	None	None	None	None	None	STP	NMR	None	None	GPLGSDMTEYKLVVVGAGGVGKSALTIQLIQNHFVDEYDPSIEDSYRKQVVIDGETCLLDILDTAGQEEYSAMRDQYMRTGEGFLCVFAINNTKSFEDIHQYREQIKRVKDSDDVPMVLVGNKCDLAARTVESRQAQDLARSYGIPYIETSAKTRQGVEDAFYTLVREIRQH	True	999.0	999.0	999.0	999.0	999.0	999.0	/Users/mitchellparker/Desktop/rascore_build/core/2n46A_core.cif	/Users/mitchellparker/Desktop/rascore_build/rcsb/2n46.cif.gz	/Users/mitchellparker/Desktop/rascore_build/renum/2n46_renum.cif	/Users/mitchellparker/Desktop/rascore_build/rcsb_assembly/2n46-assembly-1.cif.gz	/Users/mitchellparker/Desktop/rascore_build/renum_assembly/2n46-assembly-1_renum.cif	/Users/mitchellparker/Desktop/rascore_build/sifts/2n46.xml.gz	/Users/mitchellparker/Desktop/rascore_build/pocket/2n46A_8_pocket.pdb
2n46A	2n46	0	A	Outlier	Outlier	Y32in	Y71out	None	2n46A9	9	GTPase HRas	RASH_HUMAN	P01112	T35S	T35	HRAS	0P	Other	None	None	None	None	Multiple-Unbound	None	172	1-166	2015-06-17	Other	429.7742	0.0002	Unbound	Unbound	3,5,70,71,73,74,76	None	None	None	None	None	None	None	None	None	None	None	None	None	None	None	None	None	STP	NMR	None	None	GPLGSDMTEYKLVVVGAGGVGKSALTIQLIQNHFVDEYDPSIEDSYRKQVVIDGETCLLDILDTAGQEEYSAMRDQYMRTGEGFLCVFAINNTKSFEDIHQYREQIKRVKDSDDVPMVLVGNKCDLAARTVESRQAQDLARSYGIPYIETSAKTRQGVEDAFYTLVREIRQH	True	999.0	999.0	999.0	999.0	999.0	999.0	/Users/mitchellparker/Desktop/rascore_build/core/2n46A_core.cif	/Users/mitchellparker/Desktop/rascore_build/rcsb/2n46.cif.gz	/Users/mitchellparker/Desktop/rascore_build/renum/2n46_renum.cif	/Users/mitchellparker/Desktop/rascore_build/rcsb_assembly/2n46-assembly-1.cif.gz	/Users/mitchellparker/Desktop/rascore_build/renum_assembly/2n46-assembly-1_renum.cif	/Users/mitchellparker/Desktop/rascore_build/sifts/2n46.xml.gz	/Users/mitchellparker/Desktop/rascore_build/pocket/2n46A_9_pocket.pdb
2q21A	2q21	0	A	Outlier	Outlier	Y32out	Y71out	P 65 2 2 (CF1)	2q21A1	1	GTPase HRas	RASH_HUMAN	P01112	G12V	G12	HRAS	2P	G12V	None	None	None	None	SP2-Unbound	P 65 2 2	171	1-171	1991-09-25	Other	334.7914	0.0006	Unbound	Unbound	97,101,107,108,109,110,111,137,138,139,162,166,169	MG,GDP	None	None	None	None	None	None	None	None	None	None	GDP	MG	None	None	None	None	STP	XRAY	2.200	0.192	MTEYKLVVVGAVGVGKSALTIQLIQNHFVDEYDPTIEDSYRKQVVIDGETCLLDILDTAGQEEYSAMRDQYMRTGEGFLCVFAINNTKSFEDIHQYREQIKRVKDSDDVPMVLVGNKCDLAARTVESRQAQDLARSYGIPYIETSAKTRQGVEDAFYTLVREIRQHKLRKL	True	83.200	83.200	105.100	90.00	90.00	120.00	/Users/mitchellparker/Desktop/rascore_build/core/2q21A_core.cif	/Users/mitchellparker/Desktop/rascore_build/rcsb/2q21.cif.gz	/Users/mitchellparker/Desktop/rascore_build/renum/2q21_renum.cif	/Users/mitchellparker/Desktop/rascore_build/rcsb_assembly/2q21-assembly-1.cif.gz	/Users/mitchellparker/Desktop/rascore_build/renum_assembly/2q21-assembly-1_renum.cif	/Users/mitchellparker/Desktop/rascore_build/sifts/2q21.xml.gz	/Users/mitchellparker/Desktop/rascore_build/pocket/2q21A_1_pocket.pdb
2q21A	2q21	0	A	Outlier	Outlier	Y32out	Y71out	P 65 2 2 (CF1)	2q21A2	2	GTPase HRas	RASH_HUMAN	P01112	G12V	G12	HRAS	2P	G12V	None	None	None	None	SP2-Unbound	P 65 2 2	171	1-171	1991-09-25	Other	239.2582	0.0876	Unbound	Unbound	74,75,76,104,106,108,109,110,163,166,167	MG,GDP	None	None	None	None	None	None	None	None	None	None	GDP	MG	None	None	None	None	STP	XRAY	2.200	0.192	MTEYKLVVVGAVGVGKSALTIQLIQNHFVDEYDPTIEDSYRKQVVIDGETCLLDILDTAGQEEYSAMRDQYMRTGEGFLCVFAINNTKSFEDIHQYREQIKRVKDSDDVPMVLVGNKCDLAARTVESRQAQDLARSYGIPYIETSAKTRQGVEDAFYTLVREIRQHKLRKL	True	83.200	83.200	105.100	90.00	90.00	120.00	/Users/mitchellparker/Desktop/rascore_build/core/2q21A_core.cif	/Users/mitchellparker/Desktop/rascore_build/rcsb/2q21.cif.gz	/Users/mitchellparker/Desktop/rascore_build/renum/2q21_renum.cif	/Users/mitchellparker/Desktop/rascore_build/rcsb_assembly/2q21-assembly-1.cif.gz	/Users/mitchellparker/Desktop/rascore_build/renum_assembly/2q21-assembly-1_renum.cif	/Users/mitchellparker/Desktop/rascore_build/sifts/2q21.xml.gz	/Users/mitchellparker/Desktop/rascore_build/pocket/2q21A_2_pocket.pdb
2q21A	2q21	0	A	Outlier	Outlier	Y32out	Y71out	P 65 2 2 (CF1)	2q21A3	3	GTPase HRas	RASH_HUMAN	P01112	G12V	G12	HRAS	2P	G12V	None	None	None	None	SP2-Unbound	P 65 2 2	171	1-171	1991-09-25	SP2	146.9244	0.0003	Unbound	Unbound	10,12,16,34,58,59,60,67,96	MG,GDP	None	None	None	None	None	None	None	None	None	None	GDP	MG	None	None	None	None	STP	XRAY	2.200	0.192	MTEYKLVVVGAVGVGKSALTIQLIQNHFVDEYDPTIEDSYRKQVVIDGETCLLDILDTAGQEEYSAMRDQYMRTGEGFLCVFAINNTKSFEDIHQYREQIKRVKDSDDVPMVLVGNKCDLAARTVESRQAQDLARSYGIPYIETSAKTRQGVEDAFYTLVREIRQHKLRKL	True	83.200	83.200	105.100	90.00	90.00	120.00	/Users/mitchellparker/Desktop/rascore_build/core/2q21A_core.cif	/Users/mitchellparker/Desktop/rascore_build/rcsb/2q21.cif.gz	/Users/mitchellparker/Desktop/rascore_build/renum/2q21_renum.cif	/Users/mitchellparker/Desktop/rascore_build/rcsb_assembly/2q21-assembly-1.cif.gz	/Users/mitchellparker/Desktop/rascore_build/renum_assembly/2q21-assembly-1_renum.cif	/Users/mitchellparker/Desktop/rascore_build/sifts/2q21.xml.gz	/Users/mitchellparker/Desktop/rascore_build/pocket/2q21A_3_pocket.pdb
2q21A	2q21	0	A	Outlier	Outlier	Y32out	Y71out	P 65 2 2 (CF1)	2q21A4	4	GTPase HRas	RASH_HUMAN	P01112	G12V	G12	HRAS	2P	G12V	None	None	None	None	SP2-Unbound	P 65 2 2	171	1-171	1991-09-25	Other	303.5381	0.2457	Unbound	Unbound	90,91,129,132,133,136	MG,GDP	None	None	None	None	None	None	None	None	None	None	GDP	MG	None	None	None	None	STP	XRAY	2.200	0.192	MTEYKLVVVGAVGVGKSALTIQLIQNHFVDEYDPTIEDSYRKQVVIDGETCLLDILDTAGQEEYSAMRDQYMRTGEGFLCVFAINNTKSFEDIHQYREQIKRVKDSDDVPMVLVGNKCDLAARTVESRQAQDLARSYGIPYIETSAKTRQGVEDAFYTLVREIRQHKLRKL	True	83.200	83.200	105.100	90.00	90.00	120.00	/Users/mitchellparker/Desktop/rascore_build/core/2q21A_core.cif	/Users/mitchellparker/Desktop/rascore_build/rcsb/2q21.cif.gz	/Users/mitchellparker/Desktop/rascore_build/renum/2q21_renum.cif	/Users/mitchellparker/Desktop/rascore_build/rcsb_assembly/2q21-assembly-1.cif.gz	/Users/mitchellparker/Desktop/rascore_build/renum_assembly/2q21-assembly-1_renum.cif	/Users/mitchellparker/Desktop/rascore_build/sifts/2q21.xml.gz	/Users/mitchellparker/Desktop/rascore_build/pocket/2q21A_4_pocket.pdb
2q21A	2q21	0	A	Outlier	Outlier	Y32out	Y71out	P 65 2 2 (CF1)	2q21A5	5	GTPase HRas	RASH_HUMAN	P01112	G12V	G12	HRAS	2P	G12V	None	None	None	None	SP2-Unbound	P 65 2 2	171	1-171	1991-09-25	Other	257.8415	0.2243	Unbound	Unbound	12,13,31,32,34	MG,GDP	None	None	None	None	None	None	None	None	None	None	GDP	MG	None	None	None	None	STP	XRAY	2.200	0.192	MTEYKLVVVGAVGVGKSALTIQLIQNHFVDEYDPTIEDSYRKQVVIDGETCLLDILDTAGQEEYSAMRDQYMRTGEGFLCVFAINNTKSFEDIHQYREQIKRVKDSDDVPMVLVGNKCDLAARTVESRQAQDLARSYGIPYIETSAKTRQGVEDAFYTLVREIRQHKLRKL	True	83.200	83.200	105.100	90.00	90.00	120.00	/Users/mitchellparker/Desktop/rascore_build/core/2q21A_core.cif	/Users/mitchellparker/Desktop/rascore_build/rcsb/2q21.cif.gz	/Users/mitchellparker/Desktop/rascore_build/renum/2q21_renum.cif	/Users/mitchellparker/Desktop/rascore_build/rcsb_assembly/2q21-assembly-1.cif.gz	/Users/mitchellparker/Desktop/rascore_build/renum_assembly/2q21-assembly-1_renum.cif	/Users/mitchellparker/Desktop/rascore_build/sifts/2q21.xml.gz	/Users/mitchellparker/Desktop/rascore_build/pocket/2q21A_5_pocket.pdb
2quzA	2quz	0	A	Y32out.2P-OFF	Outlier	Y32out	Y71out	H 3 2 (CF3)	2quzA1	1	GTPase HRas	RASH_HUMAN	P01112	K117R	K117	HRAS	2P	Other	None	None	None	Homodimer	SP2-Unbound	H 3 2	166	1-166	2007-08-07	Other	362.2818	0.2141	Unbound	Unbound	75,76,104,106,108,109,110,163,166	MG,GDP	None	None	None	None	None	None	None	None	None	None	GDP	MG	None	None	None	None	STP	XRAY	1.490	0.204	MTEYKLVVVGAGGVGKSALTIQLIQNHFVDEYDPTIEDSYRKQVVIDGETCLLDILDTAGQEEYSAMRDQYMRTGEGFLCVFAINNTKSFEDIHQYREQIKRVKDSDDVPMVLVGNRCDLAARTVESRQAQDLARSYGIPYIETSAKTRQGVEDAFYTLVREIRQH	True	92.100	92.100	116.300	90.000	90.000	120.000	/Users/mitchellparker/Desktop/rascore_build/core/2quzA_core.cif	/Users/mitchellparker/Desktop/rascore_build/rcsb/2quz.cif.gz	/Users/mitchellparker/Desktop/rascore_build/renum/2quz_renum.cif	/Users/mitchellparker/Desktop/rascore_build/rcsb_assembly/2quz-assembly-1.cif.gz	/Users/mitchellparker/Desktop/rascore_build/renum_assembly/2quz-assembly-1_renum.cif	/Users/mitchellparker/Desktop/rascore_build/sifts/2quz.xml.gz	/Users/mitchellparker/Desktop/rascore_build/pocket/2quzA_1_pocket.pdb
2quzA	2quz	0	A	Y32out.2P-OFF	Outlier	Y32out	Y71out	H 3 2 (CF3)	2quzA2	2	GTPase HRas	RASH_HUMAN	P01112	K117R	K117	HRAS	2P	Other	None	None	None	Homodimer	SP2-Unbound	H 3 2	166	1-166	2007-08-07	Other	349.3308	0.0012	Unbound	Unbound	127,131,134,135,139,141,143	MG,GDP	None	None	None	None	None	None	None	None	None	None	GDP	MG	None	None	None	None	STP	XRAY	1.490	0.204	MTEYKLVVVGAGGVGKSALTIQLIQNHFVDEYDPTIEDSYRKQVVIDGETCLLDILDTAGQEEYSAMRDQYMRTGEGFLCVFAINNTKSFEDIHQYREQIKRVKDSDDVPMVLVGNRCDLAARTVESRQAQDLARSYGIPYIETSAKTRQGVEDAFYTLVREIRQH	True	92.100	92.100	116.300	90.000	90.000	120.000	/Users/mitchellparker/Desktop/rascore_build/core/2quzA_core.cif	/Users/mitchellparker/Desktop/rascore_build/rcsb/2quz.cif.gz	/Users/mitchellparker/Desktop/rascore_build/renum/2quz_renum.cif	/Users/mitchellparker/Desktop/rascore_build/rcsb_assembly/2quz-assembly-1.cif.gz	/Users/mitchellparker/Desktop/rascore_build/renum_assembly/2quz-assembly-1_renum.cif	/Users/mitchellparker/Desktop/rascore_build/sifts/2quz.xml.gz	/Users/mitchellparker/Desktop/rascore_build/pocket/2quzA_2_pocket.pdb
2quzA	2quz	0	A	Y32out.2P-OFF	Outlier	Y32out	Y71out	H 3 2 (CF3)	2quzA3	3	GTPase HRas	RASH_HUMAN	P01112	K117R	K117	HRAS	2P	Other	None	None	None	Homodimer	SP2-Unbound	H 3 2	166	1-166	2007-08-07	Other	245.4944	0.0019	Unbound	Unbound	90,129,132,133,136	MG,GDP	None	None	None	None	None	None	None	None	None	None	GDP	MG	None	None	None	None	STP	XRAY	1.490	0.204	MTEYKLVVVGAGGVGKSALTIQLIQNHFVDEYDPTIEDSYRKQVVIDGETCLLDILDTAGQEEYSAMRDQYMRTGEGFLCVFAINNTKSFEDIHQYREQIKRVKDSDDVPMVLVGNRCDLAARTVESRQAQDLARSYGIPYIETSAKTRQGVEDAFYTLVREIRQH	True	92.100	92.100	116.300	90.000	90.000	120.000	/Users/mitchellparker/Desktop/rascore_build/core/2quzA_core.cif	/Users/mitchellparker/Desktop/rascore_build/rcsb/2quz.cif.gz	/Users/mitchellparker/Desktop/rascore_build/renum/2quz_renum.cif	/Users/mitchellparker/Desktop/rascore_build/rcsb_assembly/2quz-assembly-1.cif.gz	/Users/mitchellparker/Desktop/rascore_build/renum_assembly/2quz-assembly-1_renum.cif	/Users/mitchellparker/Desktop/rascore_build/sifts/2quz.xml.gz	/Users/mitchellparker/Desktop/rascore_build/pocket/2quzA_3_pocket.pdb
2quzA	2quz	0	A	Y32out.2P-OFF	Outlier	Y32out	Y71out	H 3 2 (CF3)	2quzA4	4	GTPase HRas	RASH_HUMAN	P01112	K117R	K117	HRAS	2P	Other	None	None	None	Homodimer	SP2-Unbound	H 3 2	166	1-166	2007-08-07	Other	307.7545	0.0001	Unbound	Unbound	107,108,109,110,137,138,139,162,165,166	MG,GDP	None	None	None	None	None	None	None	None	None	None	GDP	MG	None	None	None	None	STP	XRAY	1.490	0.204	MTEYKLVVVGAGGVGKSALTIQLIQNHFVDEYDPTIEDSYRKQVVIDGETCLLDILDTAGQEEYSAMRDQYMRTGEGFLCVFAINNTKSFEDIHQYREQIKRVKDSDDVPMVLVGNRCDLAARTVESRQAQDLARSYGIPYIETSAKTRQGVEDAFYTLVREIRQH	True	92.100	92.100	116.300	90.000	90.000	120.000	/Users/mitchellparker/Desktop/rascore_build/core/2quzA_core.cif	/Users/mitchellparker/Desktop/rascore_build/rcsb/2quz.cif.gz	/Users/mitchellparker/Desktop/rascore_build/renum/2quz_renum.cif	/Users/mitchellparker/Desktop/rascore_build/rcsb_assembly/2quz-assembly-1.cif.gz	/Users/mitchellparker/Desktop/rascore_build/renum_assembly/2quz-assembly-1_renum.cif	/Users/mitchellparker/Desktop/rascore_build/sifts/2quz.xml.gz	/Users/mitchellparker/Desktop/rascore_build/pocket/2quzA_4_pocket.pdb
2quzA	2quz	0	A	Y32out.2P-OFF	Outlier	Y32out	Y71out	H 3 2 (CF3)	2quzA5	5	GTPase HRas	RASH_HUMAN	P01112	K117R	K117	HRAS	2P	Other	None	None	None	Homodimer	SP2-Unbound	H 3 2	166	1-166	2007-08-07	Other	239.8981	0.0044	Unbound	Unbound	12,13,30,32,34	MG,GDP	None	None	None	None	None	None	None	None	None	None	GDP	MG	None	None	None	None	STP	XRAY	1.490	0.204	MTEYKLVVVGAGGVGKSALTIQLIQNHFVDEYDPTIEDSYRKQVVIDGETCLLDILDTAGQEEYSAMRDQYMRTGEGFLCVFAINNTKSFEDIHQYREQIKRVKDSDDVPMVLVGNRCDLAARTVESRQAQDLARSYGIPYIETSAKTRQGVEDAFYTLVREIRQH	True	92.100	92.100	116.300	90.000	90.000	120.000	/Users/mitchellparker/Desktop/rascore_build/core/2quzA_core.cif	/Users/mitchellparker/Desktop/rascore_build/rcsb/2quz.cif.gz	/Users/mitchellparker/Desktop/rascore_build/renum/2quz_renum.cif	/Users/mitchellparker/Desktop/rascore_build/rcsb_assembly/2quz-assembly-1.cif.gz	/Users/mitchellparker/Desktop/rascore_build/renum_assembly/2quz-assembly-1_renum.cif	/Users/mitchellparker/Desktop/rascore_build/sifts/2quz.xml.gz	/Users/mitchellparker/Desktop/rascore_build/pocket/2quzA_5_pocket.pdb
2quzA	2quz	0	A	Y32out.2P-OFF	Outlier	Y32out	Y71out	H 3 2 (CF3)	2quzA6	6	GTPase HRas	RASH_HUMAN	P01112	K117R	K117	HRAS	2P	Other	None	None	None	Homodimer	SP2-Unbound	H 3 2	166	1-166	2007-08-07	SP2	183.2354	0.0003	Unbound	Unbound	10,12,16,34,58,59,60,96	MG,GDP	None	None	None	None	None	None	None	None	None	None	GDP	MG	None	None	None	None	STP	XRAY	1.490	0.204	MTEYKLVVVGAGGVGKSALTIQLIQNHFVDEYDPTIEDSYRKQVVIDGETCLLDILDTAGQEEYSAMRDQYMRTGEGFLCVFAINNTKSFEDIHQYREQIKRVKDSDDVPMVLVGNRCDLAARTVESRQAQDLARSYGIPYIETSAKTRQGVEDAFYTLVREIRQH	True	92.100	92.100	116.300	90.000	90.000	120.000	/Users/mitchellparker/Desktop/rascore_build/core/2quzA_core.cif	/Users/mitchellparker/Desktop/rascore_build/rcsb/2quz.cif.gz	/Users/mitchellparker/Desktop/rascore_build/renum/2quz_renum.cif	/Users/mitchellparker/Desktop/rascore_build/rcsb_assembly/2quz-assembly-1.cif.gz	/Users/mitchellparker/Desktop/rascore_build/renum_assembly/2quz-assembly-1_renum.cif	/Users/mitchellparker/Desktop/rascore_build/sifts/2quz.xml.gz	/Users/mitchellparker/Desktop/rascore_build/pocket/2quzA_6_pocket.pdb
2rgaA	2rga	0	A	Y32in.3P-ON	Y71out.3P-T	Y32in	Y71out	H 3 2 (CF2)	2rgaA2	2	GTPase HRas	RASH_HUMAN	P01112	Q61I	Q61	HRAS	3P	Other	None	None	None	Homodimer	SP12-Unbound	H 3 2	166	1-166	2007-10-03	Other	299.1337	0.0025	Unbound	Unbound	87,90,91,94,124,125,129,133,137	CA,MG,MG,GNP	None	None	None	None	None	None	None	None	None	None	GNP	MG	None	CA	None	None	STP	XRAY	1.900	0.183	MTEYKLVVVGAGGVGKSALTIQLIQNHFVDEYDPTIEDSYRKQVVIDGETCLLDILDTAGIEEYSAMRDQYMRTGEGFLCVFAINNTKSFEDIHQYREQIKRVKDSDDVPMVLVGNKCDLAARTVESRQAQDLARSYGIPYIETSAKTRQGVEDAFYTLVREIRQH	True	88.342	88.342	133.419	90.00	90.00	120.00	/Users/mitchellparker/Desktop/rascore_build/core/2rgaA_core.cif	/Users/mitchellparker/Desktop/rascore_build/rcsb/2rga.cif.gz	/Users/mitchellparker/Desktop/rascore_build/renum/2rga_renum.cif	/Users/mitchellparker/Desktop/rascore_build/rcsb_assembly/2rga-assembly-1.cif.gz	/Users/mitchellparker/Desktop/rascore_build/renum_assembly/2rga-assembly-1_renum.cif	/Users/mitchellparker/Desktop/rascore_build/sifts/2rga.xml.gz	/Users/mitchellparker/Desktop/rascore_build/pocket/2rgaA_2_pocket.pdb
2rgaA	2rga	0	A	Y32in.3P-ON	Y71out.3P-T	Y32in	Y71out	H 3 2 (CF2)	2rgaA3	3	GTPase HRas	RASH_HUMAN	P01112	Q61I	Q61	HRAS	3P	Other	None	None	None	Homodimer	SP12-Unbound	H 3 2	166	1-166	2007-10-03	Other	312.6166	0.0016	Unbound	Unbound	127,131,134,135,139,141,143	CA,MG,MG,GNP	None	None	None	None	None	None	None	None	None	None	GNP	MG	None	CA	None	None	STP	XRAY	1.900	0.183	MTEYKLVVVGAGGVGKSALTIQLIQNHFVDEYDPTIEDSYRKQVVIDGETCLLDILDTAGIEEYSAMRDQYMRTGEGFLCVFAINNTKSFEDIHQYREQIKRVKDSDDVPMVLVGNKCDLAARTVESRQAQDLARSYGIPYIETSAKTRQGVEDAFYTLVREIRQH	True	88.342	88.342	133.419	90.00	90.00	120.00	/Users/mitchellparker/Desktop/rascore_build/core/2rgaA_core.cif	/Users/mitchellparker/Desktop/rascore_build/rcsb/2rga.cif.gz	/Users/mitchellparker/Desktop/rascore_build/renum/2rga_renum.cif	/Users/mitchellparker/Desktop/rascore_build/rcsb_assembly/2rga-assembly-1.cif.gz	/Users/mitchellparker/Desktop/rascore_build/renum_assembly/2rga-assembly-1_renum.cif	/Users/mitchellparker/Desktop/rascore_build/sifts/2rga.xml.gz	/Users/mitchellparker/Desktop/rascore_build/pocket/2rgaA_3_pocket.pdb
2rgaA	2rga	0	A	Y32in.3P-ON	Y71out.3P-T	Y32in	Y71out	H 3 2 (CF2)	2rgaA4	4	GTPase HRas	RASH_HUMAN	P01112	Q61I	Q61	HRAS	3P	Other	None	None	None	Homodimer	SP12-Unbound	H 3 2	166	1-166	2007-10-03	SP12	252.5414	0.0061	Unbound	Unbound	5,6,7,39,54,55,56,74	CA,MG,MG,GNP	None	None	None	None	None	None	None	None	None	None	GNP	MG	None	CA	None	None	STP	XRAY	1.900	0.183	MTEYKLVVVGAGGVGKSALTIQLIQNHFVDEYDPTIEDSYRKQVVIDGETCLLDILDTAGIEEYSAMRDQYMRTGEGFLCVFAINNTKSFEDIHQYREQIKRVKDSDDVPMVLVGNKCDLAARTVESRQAQDLARSYGIPYIETSAKTRQGVEDAFYTLVREIRQH	True	88.342	88.342	133.419	90.00	90.00	120.00	/Users/mitchellparker/Desktop/rascore_build/core/2rgaA_core.cif	/Users/mitchellparker/Desktop/rascore_build/rcsb/2rga.cif.gz	/Users/mitchellparker/Desktop/rascore_build/renum/2rga_renum.cif	/Users/mitchellparker/Desktop/rascore_build/rcsb_assembly/2rga-assembly-1.cif.gz	/Users/mitchellparker/Desktop/rascore_build/renum_assembly/2rga-assembly-1_renum.cif	/Users/mitchellparker/Desktop/rascore_build/sifts/2rga.xml.gz	/Users/mitchellparker/Desktop/rascore_build/pocket/2rgaA_4_pocket.pdb
2rgaA	2rga	0	A	Y32in.3P-ON	Y71out.3P-T	Y32in	Y71out	H 3 2 (CF2)	2rgaA5	5	GTPase HRas	RASH_HUMAN	P01112	Q61I	Q61	HRAS	3P	Other	None	None	None	Homodimer	SP12-Unbound	H 3 2	166	1-166	2007-10-03	Other	319.2302	0.0039	Unbound	Unbound	76,104,106,108,109,110,163,166	CA,MG,MG,GNP	None	None	None	None	None	None	None	None	None	None	GNP	MG	None	CA	None	None	STP	XRAY	1.900	0.183	MTEYKLVVVGAGGVGKSALTIQLIQNHFVDEYDPTIEDSYRKQVVIDGETCLLDILDTAGIEEYSAMRDQYMRTGEGFLCVFAINNTKSFEDIHQYREQIKRVKDSDDVPMVLVGNKCDLAARTVESRQAQDLARSYGIPYIETSAKTRQGVEDAFYTLVREIRQH	True	88.342	88.342	133.419	90.00	90.00	120.00	/Users/mitchellparker/Desktop/rascore_build/core/2rgaA_core.cif	/Users/mitchellparker/Desktop/rascore_build/rcsb/2rga.cif.gz	/Users/mitchellparker/Desktop/rascore_build/renum/2rga_renum.cif	/Users/mitchellparker/Desktop/rascore_build/rcsb_assembly/2rga-assembly-1.cif.gz	/Users/mitchellparker/Desktop/rascore_build/renum_assembly/2rga-assembly-1_renum.cif	/Users/mitchellparker/Desktop/rascore_build/sifts/2rga.xml.gz	/Users/mitchellparker/Desktop/rascore_build/pocket/2rgaA_5_pocket.pdb
2rgaA	2rga	0	A	Y32in.3P-ON	Y71out.3P-T	Y32in	Y71out	H 3 2 (CF2)	2rgaA6	6	GTPase HRas	RASH_HUMAN	P01112	Q61I	Q61	HRAS	3P	Other	None	None	None	Homodimer	SP12-Unbound	H 3 2	166	1-166	2007-10-03	Other	250.6571	0.0004	Unbound	Unbound	97,107,108,109,110,111,137,138,139,162,165,166	CA,MG,MG,GNP	None	None	None	None	None	None	None	None	None	None	GNP	MG	None	CA	None	None	STP	XRAY	1.900	0.183	MTEYKLVVVGAGGVGKSALTIQLIQNHFVDEYDPTIEDSYRKQVVIDGETCLLDILDTAGIEEYSAMRDQYMRTGEGFLCVFAINNTKSFEDIHQYREQIKRVKDSDDVPMVLVGNKCDLAARTVESRQAQDLARSYGIPYIETSAKTRQGVEDAFYTLVREIRQH	True	88.342	88.342	133.419	90.00	90.00	120.00	/Users/mitchellparker/Desktop/rascore_build/core/2rgaA_core.cif	/Users/mitchellparker/Desktop/rascore_build/rcsb/2rga.cif.gz	/Users/mitchellparker/Desktop/rascore_build/renum/2rga_renum.cif	/Users/mitchellparker/Desktop/rascore_build/rcsb_assembly/2rga-assembly-1.cif.gz	/Users/mitchellparker/Desktop/rascore_build/renum_assembly/2rga-assembly-1_renum.cif	/Users/mitchellparker/Desktop/rascore_build/sifts/2rga.xml.gz	/Users/mitchellparker/Desktop/rascore_build/pocket/2rgaA_6_pocket.pdb
2rgaA	2rga	0	A	Y32in.3P-ON	Y71out.3P-T	Y32in	Y71out	H 3 2 (CF2)	2rgaA7	7	GTPase HRas	RASH_HUMAN	P01112	Q61I	Q61	HRAS	3P	Other	None	None	None	Homodimer	SP12-Unbound	H 3 2	166	1-166	2007-10-03	Other	146.0073	0.0022	Unbound	Unbound	23,24,26,42,44,53,153,157	CA,MG,MG,GNP	None	None	None	None	None	None	None	None	None	None	GNP	MG	None	CA	None	None	STP	XRAY	1.900	0.183	MTEYKLVVVGAGGVGKSALTIQLIQNHFVDEYDPTIEDSYRKQVVIDGETCLLDILDTAGIEEYSAMRDQYMRTGEGFLCVFAINNTKSFEDIHQYREQIKRVKDSDDVPMVLVGNKCDLAARTVESRQAQDLARSYGIPYIETSAKTRQGVEDAFYTLVREIRQH	True	88.342	88.342	133.419	90.00	90.00	120.00	/Users/mitchellparker/Desktop/rascore_build/core/2rgaA_core.cif	/Users/mitchellparker/Desktop/rascore_build/rcsb/2rga.cif.gz	/Users/mitchellparker/Desktop/rascore_build/renum/2rga_renum.cif	/Users/mitchellparker/Desktop/rascore_build/rcsb_assembly/2rga-assembly-1.cif.gz	/Users/mitchellparker/Desktop/rascore_build/renum_assembly/2rga-assembly-1_renum.cif	/Users/mitchellparker/Desktop/rascore_build/sifts/2rga.xml.gz	/Users/mitchellparker/Desktop/rascore_build/pocket/2rgaA_7_pocket.pdb
2rgbA	2rgb	0	A	Y32in.3P-ON	Y71out.3P-T	Y32in	Y71out	H 3 2 (CF2)	2rgbA2	2	GTPase HRas	RASH_HUMAN	P01112	Q61K	Q61	HRAS	3P	Other	None	None	None	Homodimer	SP12-Unbound	H 3 2	166	1-166	2007-10-03	Other	197.8676	0.0037	Unbound	Unbound	97,100,101,106,107,108,109,111,137,138,139,162,166	CA,MG,MG,GNP	None	None	None	None	None	None	None	None	None	None	GNP	MG	None	CA	None	None	STP	XRAY	1.350	0.200	MTEYKLVVVGAGGVGKSALTIQLIQNHFVDEYDPTIEDSYRKQVVIDGETCLLDILDTAGKEEYSAMRDQYMRTGEGFLCVFAINNTKSFEDIHQYREQIKRVKDSDDVPMVLVGNKCDLAARTVESRQAQDLARSYGIPYIETSAKTRQGVEDAFYTLVREIRQH	True	88.695	88.695	133.529	90.00	90.00	120.00	/Users/mitchellparker/Desktop/rascore_build/core/2rgbA_core.cif	/Users/mitchellparker/Desktop/rascore_build/rcsb/2rgb.cif.gz	/Users/mitchellparker/Desktop/rascore_build/renum/2rgb_renum.cif	/Users/mitchellparker/Desktop/rascore_build/rcsb_assembly/2rgb-assembly-1.cif.gz	/Users/mitchellparker/Desktop/rascore_build/renum_assembly/2rgb-assembly-1_renum.cif	/Users/mitchellparker/Desktop/rascore_build/sifts/2rgb.xml.gz	/Users/mitchellparker/Desktop/rascore_build/pocket/2rgbA_2_pocket.pdb
2rgbA	2rgb	0	A	Y32in.3P-ON	Y71out.3P-T	Y32in	Y71out	H 3 2 (CF2)	2rgbA3	3	GTPase HRas	RASH_HUMAN	P01112	Q61K	Q61	HRAS	3P	Other	None	None	None	Homodimer	SP12-Unbound	H 3 2	166	1-166	2007-10-03	SP12	334.9632	0.1156	Unbound	Unbound	5,6,7,39,40,41,54,55,56,71,74,75	CA,MG,MG,GNP	None	None	None	None	None	None	None	None	None	None	GNP	MG	None	CA	None	None	STP	XRAY	1.350	0.200	MTEYKLVVVGAGGVGKSALTIQLIQNHFVDEYDPTIEDSYRKQVVIDGETCLLDILDTAGKEEYSAMRDQYMRTGEGFLCVFAINNTKSFEDIHQYREQIKRVKDSDDVPMVLVGNKCDLAARTVESRQAQDLARSYGIPYIETSAKTRQGVEDAFYTLVREIRQH	True	88.695	88.695	133.529	90.00	90.00	120.00	/Users/mitchellparker/Desktop/rascore_build/core/2rgbA_core.cif	/Users/mitchellparker/Desktop/rascore_build/rcsb/2rgb.cif.gz	/Users/mitchellparker/Desktop/rascore_build/renum/2rgb_renum.cif	/Users/mitchellparker/Desktop/rascore_build/rcsb_assembly/2rgb-assembly-1.cif.gz	/Users/mitchellparker/Desktop/rascore_build/renum_assembly/2rgb-assembly-1_renum.cif	/Users/mitchellparker/Desktop/rascore_build/sifts/2rgb.xml.gz	/Users/mitchellparker/Desktop/rascore_build/pocket/2rgbA_3_pocket.pdb
2rgbA	2rgb	0	A	Y32in.3P-ON	Y71out.3P-T	Y32in	Y71out	H 3 2 (CF2)	2rgbA4	4	GTPase HRas	RASH_HUMAN	P01112	Q61K	Q61	HRAS	3P	Other	None	None	None	Homodimer	SP12-Unbound	H 3 2	166	1-166	2007-10-03	Other	329.8662	0.0015	Unbound	Unbound	127,131,134,135,139,141,143	CA,MG,MG,GNP	None	None	None	None	None	None	None	None	None	None	GNP	MG	None	CA	None	None	STP	XRAY	1.350	0.200	MTEYKLVVVGAGGVGKSALTIQLIQNHFVDEYDPTIEDSYRKQVVIDGETCLLDILDTAGKEEYSAMRDQYMRTGEGFLCVFAINNTKSFEDIHQYREQIKRVKDSDDVPMVLVGNKCDLAARTVESRQAQDLARSYGIPYIETSAKTRQGVEDAFYTLVREIRQH	True	88.695	88.695	133.529	90.00	90.00	120.00	/Users/mitchellparker/Desktop/rascore_build/core/2rgbA_core.cif	/Users/mitchellparker/Desktop/rascore_build/rcsb/2rgb.cif.gz	/Users/mitchellparker/Desktop/rascore_build/renum/2rgb_renum.cif	/Users/mitchellparker/Desktop/rascore_build/rcsb_assembly/2rgb-assembly-1.cif.gz	/Users/mitchellparker/Desktop/rascore_build/renum_assembly/2rgb-assembly-1_renum.cif	/Users/mitchellparker/Desktop/rascore_build/sifts/2rgb.xml.gz	/Users/mitchellparker/Desktop/rascore_build/pocket/2rgbA_4_pocket.pdb
2rgbA	2rgb	0	A	Y32in.3P-ON	Y71out.3P-T	Y32in	Y71out	H 3 2 (CF2)	2rgbA5	5	GTPase HRas	RASH_HUMAN	P01112	Q61K	Q61	HRAS	3P	Other	None	None	None	Homodimer	SP12-Unbound	H 3 2	166	1-166	2007-10-03	Other	234.7859	0.0027	Unbound	Unbound	23,24,26,42,44,53,149,153,157	CA,MG,MG,GNP	None	None	None	None	None	None	None	None	None	None	GNP	MG	None	CA	None	None	STP	XRAY	1.350	0.200	MTEYKLVVVGAGGVGKSALTIQLIQNHFVDEYDPTIEDSYRKQVVIDGETCLLDILDTAGKEEYSAMRDQYMRTGEGFLCVFAINNTKSFEDIHQYREQIKRVKDSDDVPMVLVGNKCDLAARTVESRQAQDLARSYGIPYIETSAKTRQGVEDAFYTLVREIRQH	True	88.695	88.695	133.529	90.00	90.00	120.00	/Users/mitchellparker/Desktop/rascore_build/core/2rgbA_core.cif	/Users/mitchellparker/Desktop/rascore_build/rcsb/2rgb.cif.gz	/Users/mitchellparker/Desktop/rascore_build/renum/2rgb_renum.cif	/Users/mitchellparker/Desktop/rascore_build/rcsb_assembly/2rgb-assembly-1.cif.gz	/Users/mitchellparker/Desktop/rascore_build/renum_assembly/2rgb-assembly-1_renum.cif	/Users/mitchellparker/Desktop/rascore_build/sifts/2rgb.xml.gz	/Users/mitchellparker/Desktop/rascore_build/pocket/2rgbA_5_pocket.pdb
2rgcA	2rgc	0	A	Y32in.3P-ON	Y71out.3P-T	Y32in	Y71out	H 3 2 (CF2)	2rgcA2	2	GTPase HRas	RASH_HUMAN	P01112	Q61V	Q61	HRAS	3P	Other	None	None	None	Homodimer	SP12-Unbound	H 3 2	166	1-166	2007-10-03	Other	349.6845	0.0067	Unbound	Unbound	97,100,101,106,107,108,109,110,111,137,138,139,162,165,166	MG,CA,MG,GNP	None	None	None	None	None	None	None	None	None	None	GNP	MG	None	CA	None	None	STP	XRAY	1.600	0.191	MTEYKLVVVGAGGVGKSALTIQLIQNHFVDEYDPTIEDSYRKQVVIDGETCLLDILDTAGVEEYSAMRDQYMRTGEGFLCVFAINNTKSFEDIHQYREQIKRVKDSDDVPMVLVGNKCDLAARTVESRQAQDLARSYGIPYIETSAKTRQGVEDAFYTLVREIRQH	True	88.430	88.430	132.690	90.00	90.00	120.00	/Users/mitchellparker/Desktop/rascore_build/core/2rgcA_core.cif	/Users/mitchellparker/Desktop/rascore_build/rcsb/2rgc.cif.gz	/Users/mitchellparker/Desktop/rascore_build/renum/2rgc_renum.cif	/Users/mitchellparker/Desktop/rascore_build/rcsb_assembly/2rgc-assembly-1.cif.gz	/Users/mitchellparker/Desktop/rascore_build/renum_assembly/2rgc-assembly-1_renum.cif	/Users/mitchellparker/Desktop/rascore_build/sifts/2rgc.xml.gz	/Users/mitchellparker/Desktop/rascore_build/pocket/2rgcA_2_pocket.pdb
2rgcA	2rgc	0	A	Y32in.3P-ON	Y71out.3P-T	Y32in	Y71out	H 3 2 (CF2)	2rgcA3	3	GTPase HRas	RASH_HUMAN	P01112	Q61V	Q61	HRAS	3P	Other	None	None	None	Homodimer	SP12-Unbound	H 3 2	166	1-166	2007-10-03	SP12	224.7664	0.0341	Unbound	Unbound	5,6,7,39,54,55,56,71,74	MG,CA,MG,GNP	None	None	None	None	None	None	None	None	None	None	GNP	MG	None	CA	None	None	STP	XRAY	1.600	0.191	MTEYKLVVVGAGGVGKSALTIQLIQNHFVDEYDPTIEDSYRKQVVIDGETCLLDILDTAGVEEYSAMRDQYMRTGEGFLCVFAINNTKSFEDIHQYREQIKRVKDSDDVPMVLVGNKCDLAARTVESRQAQDLARSYGIPYIETSAKTRQGVEDAFYTLVREIRQH	True	88.430	88.430	132.690	90.00	90.00	120.00	/Users/mitchellparker/Desktop/rascore_build/core/2rgcA_core.cif	/Users/mitchellparker/Desktop/rascore_build/rcsb/2rgc.cif.gz	/Users/mitchellparker/Desktop/rascore_build/renum/2rgc_renum.cif	/Users/mitchellparker/Desktop/rascore_build/rcsb_assembly/2rgc-assembly-1.cif.gz	/Users/mitchellparker/Desktop/rascore_build/renum_assembly/2rgc-assembly-1_renum.cif	/Users/mitchellparker/Desktop/rascore_build/sifts/2rgc.xml.gz	/Users/mitchellparker/Desktop/rascore_build/pocket/2rgcA_3_pocket.pdb
2rgcA	2rgc	0	A	Y32in.3P-ON	Y71out.3P-T	Y32in	Y71out	H 3 2 (CF2)	2rgcA4	4	GTPase HRas	RASH_HUMAN	P01112	Q61V	Q61	HRAS	3P	Other	None	None	None	Homodimer	SP12-Unbound	H 3 2	166	1-166	2007-10-03	Other	371.2181	0.0107	Unbound	Unbound	76,104,106,108,109,110,163,166	MG,CA,MG,GNP	None	None	None	None	None	None	None	None	None	None	GNP	MG	None	CA	None	None	STP	XRAY	1.600	0.191	MTEYKLVVVGAGGVGKSALTIQLIQNHFVDEYDPTIEDSYRKQVVIDGETCLLDILDTAGVEEYSAMRDQYMRTGEGFLCVFAINNTKSFEDIHQYREQIKRVKDSDDVPMVLVGNKCDLAARTVESRQAQDLARSYGIPYIETSAKTRQGVEDAFYTLVREIRQH	True	88.430	88.430	132.690	90.00	90.00	120.00	/Users/mitchellparker/Desktop/rascore_build/core/2rgcA_core.cif	/Users/mitchellparker/Desktop/rascore_build/rcsb/2rgc.cif.gz	/Users/mitchellparker/Desktop/rascore_build/renum/2rgc_renum.cif	/Users/mitchellparker/Desktop/rascore_build/rcsb_assembly/2rgc-assembly-1.cif.gz	/Users/mitchellparker/Desktop/rascore_build/renum_assembly/2rgc-assembly-1_renum.cif	/Users/mitchellparker/Desktop/rascore_build/sifts/2rgc.xml.gz	/Users/mitchellparker/Desktop/rascore_build/pocket/2rgcA_4_pocket.pdb
2rgdA	2rgd	0	A	Y32in.3P-ON	Y71out.3P-T	Y32in	Y71out	H 3 2 (CF2)	2rgdA2	2	GTPase HRas	RASH_HUMAN	P01112	Q61L	Q61	HRAS	3P	Other	None	None	None	Homodimer	SP12-Unbound	H 3 2	166	1-166	2007-10-03	Other	290.5092	0.0013	Unbound	Unbound	127,131,134,135,139,141,143	CA,MG,MG,GNP	None	None	None	None	None	None	None	None	None	None	GNP	MG	None	CA	None	None	STP	XRAY	2.000	0.184	MTEYKLVVVGAGGVGKSALTIQLIQNHFVDEYDPTIEDSYRKQVVIDGETCLLDILDTAGLEEYSAMRDQYMRTGEGFLCVFAINNTKSFEDIHQYREQIKRVKDSDDVPMVLVGNKCDLAARTVESRQAQDLARSYGIPYIETSAKTRQGVEDAFYTLVREIRQH	True	88.953	88.953	134.022	90.00	90.00	120.00	/Users/mitchellparker/Desktop/rascore_build/core/2rgdA_core.cif	/Users/mitchellparker/Desktop/rascore_build/rcsb/2rgd.cif.gz	/Users/mitchellparker/Desktop/rascore_build/renum/2rgd_renum.cif	/Users/mitchellparker/Desktop/rascore_build/rcsb_assembly/2rgd-assembly-1.cif.gz	/Users/mitchellparker/Desktop/rascore_build/renum_assembly/2rgd-assembly-1_renum.cif	/Users/mitchellparker/Desktop/rascore_build/sifts/2rgd.xml.gz	/Users/mitchellparker/Desktop/rascore_build/pocket/2rgdA_2_pocket.pdb
2rgdA	2rgd	0	A	Y32in.3P-ON	Y71out.3P-T	Y32in	Y71out	H 3 2 (CF2)	2rgdA3	3	GTPase HRas	RASH_HUMAN	P01112	Q61L	Q61	HRAS	3P	Other	None	None	None	Homodimer	SP12-Unbound	H 3 2	166	1-166	2007-10-03	Other	178.8438	0.0003	Unbound	Unbound	97,107,108,109,110,111,137,138,139,162,166	CA,MG,MG,GNP	None	None	None	None	None	None	None	None	None	None	GNP	MG	None	CA	None	None	STP	XRAY	2.000	0.184	MTEYKLVVVGAGGVGKSALTIQLIQNHFVDEYDPTIEDSYRKQVVIDGETCLLDILDTAGLEEYSAMRDQYMRTGEGFLCVFAINNTKSFEDIHQYREQIKRVKDSDDVPMVLVGNKCDLAARTVESRQAQDLARSYGIPYIETSAKTRQGVEDAFYTLVREIRQH	True	88.953	88.953	134.022	90.00	90.00	120.00	/Users/mitchellparker/Desktop/rascore_build/core/2rgdA_core.cif	/Users/mitchellparker/Desktop/rascore_build/rcsb/2rgd.cif.gz	/Users/mitchellparker/Desktop/rascore_build/renum/2rgd_renum.cif	/Users/mitchellparker/Desktop/rascore_build/rcsb_assembly/2rgd-assembly-1.cif.gz	/Users/mitchellparker/Desktop/rascore_build/renum_assembly/2rgd-assembly-1_renum.cif	/Users/mitchellparker/Desktop/rascore_build/sifts/2rgd.xml.gz	/Users/mitchellparker/Desktop/rascore_build/pocket/2rgdA_3_pocket.pdb
2rgdA	2rgd	0	A	Y32in.3P-ON	Y71out.3P-T	Y32in	Y71out	H 3 2 (CF2)	2rgdA4	4	GTPase HRas	RASH_HUMAN	P01112	Q61L	Q61	HRAS	3P	Other	None	None	None	Homodimer	SP12-Unbound	H 3 2	166	1-166	2007-10-03	SP12	234.4145	0.0126	Unbound	Unbound	5,6,7,39,54,55,56,71,74,75	CA,MG,MG,GNP	None	None	None	None	None	None	None	None	None	None	GNP	MG	None	CA	None	None	STP	XRAY	2.000	0.184	MTEYKLVVVGAGGVGKSALTIQLIQNHFVDEYDPTIEDSYRKQVVIDGETCLLDILDTAGLEEYSAMRDQYMRTGEGFLCVFAINNTKSFEDIHQYREQIKRVKDSDDVPMVLVGNKCDLAARTVESRQAQDLARSYGIPYIETSAKTRQGVEDAFYTLVREIRQH	True	88.953	88.953	134.022	90.00	90.00	120.00	/Users/mitchellparker/Desktop/rascore_build/core/2rgdA_core.cif	/Users/mitchellparker/Desktop/rascore_build/rcsb/2rgd.cif.gz	/Users/mitchellparker/Desktop/rascore_build/renum/2rgd_renum.cif	/Users/mitchellparker/Desktop/rascore_build/rcsb_assembly/2rgd-assembly-1.cif.gz	/Users/mitchellparker/Desktop/rascore_build/renum_assembly/2rgd-assembly-1_renum.cif	/Users/mitchellparker/Desktop/rascore_build/sifts/2rgd.xml.gz	/Users/mitchellparker/Desktop/rascore_build/pocket/2rgdA_4_pocket.pdb
2rgdA	2rgd	0	A	Y32in.3P-ON	Y71out.3P-T	Y32in	Y71out	H 3 2 (CF2)	2rgdA5	5	GTPase HRas	RASH_HUMAN	P01112	Q61L	Q61	HRAS	3P	Other	None	None	None	Homodimer	SP12-Unbound	H 3 2	166	1-166	2007-10-03	Other	132.7058	0.0037	Unbound	Unbound	97,98,101,106,107,111	CA,MG,MG,GNP	None	None	None	None	None	None	None	None	None	None	GNP	MG	None	CA	None	None	STP	XRAY	2.000	0.184	MTEYKLVVVGAGGVGKSALTIQLIQNHFVDEYDPTIEDSYRKQVVIDGETCLLDILDTAGLEEYSAMRDQYMRTGEGFLCVFAINNTKSFEDIHQYREQIKRVKDSDDVPMVLVGNKCDLAARTVESRQAQDLARSYGIPYIETSAKTRQGVEDAFYTLVREIRQH	True	88.953	88.953	134.022	90.00	90.00	120.00	/Users/mitchellparker/Desktop/rascore_build/core/2rgdA_core.cif	/Users/mitchellparker/Desktop/rascore_build/rcsb/2rgd.cif.gz	/Users/mitchellparker/Desktop/rascore_build/renum/2rgd_renum.cif	/Users/mitchellparker/Desktop/rascore_build/rcsb_assembly/2rgd-assembly-1.cif.gz	/Users/mitchellparker/Desktop/rascore_build/renum_assembly/2rgd-assembly-1_renum.cif	/Users/mitchellparker/Desktop/rascore_build/sifts/2rgd.xml.gz	/Users/mitchellparker/Desktop/rascore_build/pocket/2rgdA_5_pocket.pdb
2rgdA	2rgd	0	A	Y32in.3P-ON	Y71out.3P-T	Y32in	Y71out	H 3 2 (CF2)	2rgdA6	6	GTPase HRas	RASH_HUMAN	P01112	Q61L	Q61	HRAS	3P	Other	None	None	None	Homodimer	SP12-Unbound	H 3 2	166	1-166	2007-10-03	Other	272.3230	0.0022	Unbound	Unbound	76,104,106,108,109,110,163,166	CA,MG,MG,GNP	None	None	None	None	None	None	None	None	None	None	GNP	MG	None	CA	None	None	STP	XRAY	2.000	0.184	MTEYKLVVVGAGGVGKSALTIQLIQNHFVDEYDPTIEDSYRKQVVIDGETCLLDILDTAGLEEYSAMRDQYMRTGEGFLCVFAINNTKSFEDIHQYREQIKRVKDSDDVPMVLVGNKCDLAARTVESRQAQDLARSYGIPYIETSAKTRQGVEDAFYTLVREIRQH	True	88.953	88.953	134.022	90.00	90.00	120.00	/Users/mitchellparker/Desktop/rascore_build/core/2rgdA_core.cif	/Users/mitchellparker/Desktop/rascore_build/rcsb/2rgd.cif.gz	/Users/mitchellparker/Desktop/rascore_build/renum/2rgd_renum.cif	/Users/mitchellparker/Desktop/rascore_build/rcsb_assembly/2rgd-assembly-1.cif.gz	/Users/mitchellparker/Desktop/rascore_build/renum_assembly/2rgd-assembly-1_renum.cif	/Users/mitchellparker/Desktop/rascore_build/sifts/2rgd.xml.gz	/Users/mitchellparker/Desktop/rascore_build/pocket/2rgdA_6_pocket.pdb
2rgeA	2rge	0	A	Y32in.3P-ON	Disordered	Y32in	Disordered	H 3 2 (CF2)	2rgeA2	2	GTPase HRas	RASH_HUMAN	P01112	WT	WT	HRAS	3P	WT	None	None	None	Homodimer	Other-Unbound	H 3 2	166	1-60:69-166	2007-10-03	Other	378.0630	0.0018	Unbound	Unbound	127,131,134,135,139,141,143	CA,MG,MG,GNP	None	None	None	None	None	None	None	None	None	None	GNP	MG	None	CA	None	None	STP	XRAY	1.400	0.205	MTEYKLVVVGAGGVGKSALTIQLIQNHFVDEYDPTIEDSYRKQVVIDGETCLLDILDTAGQEEYSAMRDQYMRTGEGFLCVFAINNTKSFEDIHQYREQIKRVKDSDDVPMVLVGNKCDLAARTVESRQAQDLARSYGIPYIETSAKTRQGVEDAFYTLVREIRQH	True	89.633	89.633	134.508	90.00	90.00	120.00	/Users/mitchellparker/Desktop/rascore_build/core/2rgeA_core.cif	/Users/mitchellparker/Desktop/rascore_build/rcsb/2rge.cif.gz	/Users/mitchellparker/Desktop/rascore_build/renum/2rge_renum.cif	/Users/mitchellparker/Desktop/rascore_build/rcsb_assembly/2rge-assembly-1.cif.gz	/Users/mitchellparker/Desktop/rascore_build/renum_assembly/2rge-assembly-1_renum.cif	/Users/mitchellparker/Desktop/rascore_build/sifts/2rge.xml.gz	/Users/mitchellparker/Desktop/rascore_build/pocket/2rgeA_2_pocket.pdb
2rgeA	2rge	0	A	Y32in.3P-ON	Disordered	Y32in	Disordered	H 3 2 (CF2)	2rgeA3	3	GTPase HRas	RASH_HUMAN	P01112	WT	WT	HRAS	3P	WT	None	None	None	Homodimer	Other-Unbound	H 3 2	166	1-60:69-166	2007-10-03	Other	175.4060	0.0002	Unbound	Unbound	97,107,108,109,110,111,137,138,139,162,166	CA,MG,MG,GNP	None	None	None	None	None	None	None	None	None	None	GNP	MG	None	CA	None	None	STP	XRAY	1.400	0.205	MTEYKLVVVGAGGVGKSALTIQLIQNHFVDEYDPTIEDSYRKQVVIDGETCLLDILDTAGQEEYSAMRDQYMRTGEGFLCVFAINNTKSFEDIHQYREQIKRVKDSDDVPMVLVGNKCDLAARTVESRQAQDLARSYGIPYIETSAKTRQGVEDAFYTLVREIRQH	True	89.633	89.633	134.508	90.00	90.00	120.00	/Users/mitchellparker/Desktop/rascore_build/core/2rgeA_core.cif	/Users/mitchellparker/Desktop/rascore_build/rcsb/2rge.cif.gz	/Users/mitchellparker/Desktop/rascore_build/renum/2rge_renum.cif	/Users/mitchellparker/Desktop/rascore_build/rcsb_assembly/2rge-assembly-1.cif.gz	/Users/mitchellparker/Desktop/rascore_build/renum_assembly/2rge-assembly-1_renum.cif	/Users/mitchellparker/Desktop/rascore_build/sifts/2rge.xml.gz	/Users/mitchellparker/Desktop/rascore_build/pocket/2rgeA_3_pocket.pdb
2rgeA	2rge	0	A	Y32in.3P-ON	Disordered	Y32in	Disordered	H 3 2 (CF2)	2rgeA4	4	GTPase HRas	RASH_HUMAN	P01112	WT	WT	HRAS	3P	WT	None	None	None	Homodimer	Other-Unbound	H 3 2	166	1-60:69-166	2007-10-03	Other	264.2633	0.0195	Unbound	Unbound	76,104,106,108,109,110,163,166	CA,MG,MG,GNP	None	None	None	None	None	None	None	None	None	None	GNP	MG	None	CA	None	None	STP	XRAY	1.400	0.205	MTEYKLVVVGAGGVGKSALTIQLIQNHFVDEYDPTIEDSYRKQVVIDGETCLLDILDTAGQEEYSAMRDQYMRTGEGFLCVFAINNTKSFEDIHQYREQIKRVKDSDDVPMVLVGNKCDLAARTVESRQAQDLARSYGIPYIETSAKTRQGVEDAFYTLVREIRQH	True	89.633	89.633	134.508	90.00	90.00	120.00	/Users/mitchellparker/Desktop/rascore_build/core/2rgeA_core.cif	/Users/mitchellparker/Desktop/rascore_build/rcsb/2rge.cif.gz	/Users/mitchellparker/Desktop/rascore_build/renum/2rge_renum.cif	/Users/mitchellparker/Desktop/rascore_build/rcsb_assembly/2rge-assembly-1.cif.gz	/Users/mitchellparker/Desktop/rascore_build/renum_assembly/2rge-assembly-1_renum.cif	/Users/mitchellparker/Desktop/rascore_build/sifts/2rge.xml.gz	/Users/mitchellparker/Desktop/rascore_build/pocket/2rgeA_4_pocket.pdb
2rgeA	2rge	0	A	Y32in.3P-ON	Disordered	Y32in	Disordered	H 3 2 (CF2)	2rgeA5	5	GTPase HRas	RASH_HUMAN	P01112	WT	WT	HRAS	3P	WT	None	None	None	Homodimer	Other-Unbound	H 3 2	166	1-60:69-166	2007-10-03	Other	164.2584	0.0008	Unbound	Unbound	97,98,101,106,107,111	CA,MG,MG,GNP	None	None	None	None	None	None	None	None	None	None	GNP	MG	None	CA	None	None	STP	XRAY	1.400	0.205	MTEYKLVVVGAGGVGKSALTIQLIQNHFVDEYDPTIEDSYRKQVVIDGETCLLDILDTAGQEEYSAMRDQYMRTGEGFLCVFAINNTKSFEDIHQYREQIKRVKDSDDVPMVLVGNKCDLAARTVESRQAQDLARSYGIPYIETSAKTRQGVEDAFYTLVREIRQH	True	89.633	89.633	134.508	90.00	90.00	120.00	/Users/mitchellparker/Desktop/rascore_build/core/2rgeA_core.cif	/Users/mitchellparker/Desktop/rascore_build/rcsb/2rge.cif.gz	/Users/mitchellparker/Desktop/rascore_build/renum/2rge_renum.cif	/Users/mitchellparker/Desktop/rascore_build/rcsb_assembly/2rge-assembly-1.cif.gz	/Users/mitchellparker/Desktop/rascore_build/renum_assembly/2rge-assembly-1_renum.cif	/Users/mitchellparker/Desktop/rascore_build/sifts/2rge.xml.gz	/Users/mitchellparker/Desktop/rascore_build/pocket/2rgeA_5_pocket.pdb
2rggA	2rgg	0	A	Y32in.3P-ON	Disordered	Y32in	Y71in	P 32 2 1 (CF1)	2rggA3	3	GTPase HRas	RASH_HUMAN	P01112	WT	WT	HRAS	3P	WT	None	None	None	Homodimer	Multiple-Unbound	P 32 2 1	166	1-60:68-166	2007-10-03	Other	192.1106	0.0030	Unbound	Unbound	23,24,26,42,44,53,149,153,157	MG,GNP	None	None	None	None	None	None	None	None	None	None	GNP	MG	None	None	None	None	STP	XRAY	1.450	0.215	MTEYKLVVVGAGGVGKSALTIQLIQNHFVDEYDPTIEDSYRKQVVIDGETCLLDILDTAGIEEYSAMRDQYMRTGEGFLCVFAINNTKSFEDIHQYREQIKRVKDSDDVPMVLVGNKCDLAARTVESRQAQDLARSYGIPYIETSAKTRQGVEDAFYTLVREIRQH	True	39.688	39.688	159.015	90.00	90.00	120.00	/Users/mitchellparker/Desktop/rascore_build/core/2rggA_core.cif	/Users/mitchellparker/Desktop/rascore_build/rcsb/2rgg.cif.gz	/Users/mitchellparker/Desktop/rascore_build/renum/2rgg_renum.cif	/Users/mitchellparker/Desktop/rascore_build/rcsb_assembly/2rgg-assembly-1.cif.gz	/Users/mitchellparker/Desktop/rascore_build/renum_assembly/2rgg-assembly-1_renum.cif	/Users/mitchellparker/Desktop/rascore_build/sifts/2rgg.xml.gz	/Users/mitchellparker/Desktop/rascore_build/pocket/2rggA_3_pocket.pdb
2rggA	2rgg	0	A	Y32in.3P-ON	Disordered	Y32in	Y71in	P 32 2 1 (CF1)	2rggA4	4	GTPase HRas	RASH_HUMAN	P01112	WT	WT	HRAS	3P	WT	None	None	None	Homodimer	Multiple-Unbound	P 32 2 1	166	1-60:68-166	2007-10-03	Other	267.0527	0.0002	Unbound	Unbound	74,75,76,104,110,163,166	MG,GNP	None	None	None	None	None	None	None	None	None	None	GNP	MG	None	None	None	None	STP	XRAY	1.450	0.215	MTEYKLVVVGAGGVGKSALTIQLIQNHFVDEYDPTIEDSYRKQVVIDGETCLLDILDTAGIEEYSAMRDQYMRTGEGFLCVFAINNTKSFEDIHQYREQIKRVKDSDDVPMVLVGNKCDLAARTVESRQAQDLARSYGIPYIETSAKTRQGVEDAFYTLVREIRQH	True	39.688	39.688	159.015	90.00	90.00	120.00	/Users/mitchellparker/Desktop/rascore_build/core/2rggA_core.cif	/Users/mitchellparker/Desktop/rascore_build/rcsb/2rgg.cif.gz	/Users/mitchellparker/Desktop/rascore_build/renum/2rgg_renum.cif	/Users/mitchellparker/Desktop/rascore_build/rcsb_assembly/2rgg-assembly-1.cif.gz	/Users/mitchellparker/Desktop/rascore_build/renum_assembly/2rgg-assembly-1_renum.cif	/Users/mitchellparker/Desktop/rascore_build/sifts/2rgg.xml.gz	/Users/mitchellparker/Desktop/rascore_build/pocket/2rggA_4_pocket.pdb
2rggA	2rgg	0	A	Y32in.3P-ON	Disordered	Y32in	Y71in	P 32 2 1 (CF1)	2rggA5	5	GTPase HRas	RASH_HUMAN	P01112	WT	WT	HRAS	3P	WT	None	None	None	Homodimer	Multiple-Unbound	P 32 2 1	166	1-60:68-166	2007-10-03	SP12	232.6145	0.0033	Unbound	Unbound	5,6,7,54,56,71,74,75	MG,GNP	None	None	None	None	None	None	None	None	None	None	GNP	MG	None	None	None	None	STP	XRAY	1.450	0.215	MTEYKLVVVGAGGVGKSALTIQLIQNHFVDEYDPTIEDSYRKQVVIDGETCLLDILDTAGIEEYSAMRDQYMRTGEGFLCVFAINNTKSFEDIHQYREQIKRVKDSDDVPMVLVGNKCDLAARTVESRQAQDLARSYGIPYIETSAKTRQGVEDAFYTLVREIRQH	True	39.688	39.688	159.015	90.00	90.00	120.00	/Users/mitchellparker/Desktop/rascore_build/core/2rggA_core.cif	/Users/mitchellparker/Desktop/rascore_build/rcsb/2rgg.cif.gz	/Users/mitchellparker/Desktop/rascore_build/renum/2rgg_renum.cif	/Users/mitchellparker/Desktop/rascore_build/rcsb_assembly/2rgg-assembly-1.cif.gz	/Users/mitchellparker/Desktop/rascore_build/renum_assembly/2rgg-assembly-1_renum.cif	/Users/mitchellparker/Desktop/rascore_build/sifts/2rgg.xml.gz	/Users/mitchellparker/Desktop/rascore_build/pocket/2rggA_5_pocket.pdb
2rggA	2rgg	0	A	Y32in.3P-ON	Disordered	Y32in	Y71in	P 32 2 1 (CF1)	2rggA6	6	GTPase HRas	RASH_HUMAN	P01112	WT	WT	HRAS	3P	WT	None	None	None	Homodimer	Multiple-Unbound	P 32 2 1	166	1-60:68-166	2007-10-03	Other	271.1086	0.0000	Unbound	Unbound	98,101,102,105,106,107	MG,GNP	None	None	None	None	None	None	None	None	None	None	GNP	MG	None	None	None	None	STP	XRAY	1.450	0.215	MTEYKLVVVGAGGVGKSALTIQLIQNHFVDEYDPTIEDSYRKQVVIDGETCLLDILDTAGIEEYSAMRDQYMRTGEGFLCVFAINNTKSFEDIHQYREQIKRVKDSDDVPMVLVGNKCDLAARTVESRQAQDLARSYGIPYIETSAKTRQGVEDAFYTLVREIRQH	True	39.688	39.688	159.015	90.00	90.00	120.00	/Users/mitchellparker/Desktop/rascore_build/core/2rggA_core.cif	/Users/mitchellparker/Desktop/rascore_build/rcsb/2rgg.cif.gz	/Users/mitchellparker/Desktop/rascore_build/renum/2rgg_renum.cif	/Users/mitchellparker/Desktop/rascore_build/rcsb_assembly/2rgg-assembly-1.cif.gz	/Users/mitchellparker/Desktop/rascore_build/renum_assembly/2rgg-assembly-1_renum.cif	/Users/mitchellparker/Desktop/rascore_build/sifts/2rgg.xml.gz	/Users/mitchellparker/Desktop/rascore_build/pocket/2rggA_6_pocket.pdb
2rggA	2rgg	0	A	Y32in.3P-ON	Disordered	Y32in	Y71in	P 32 2 1 (CF1)	2rggA7	7	GTPase HRas	RASH_HUMAN	P01112	WT	WT	HRAS	3P	WT	None	None	None	Homodimer	Multiple-Unbound	P 32 2 1	166	1-60:68-166	2007-10-03	Other	329.4366	0.0002	Unbound	Unbound	107,108,109,110,137,138,139,162,165,166	MG,GNP	None	None	None	None	None	None	None	None	None	None	GNP	MG	None	None	None	None	STP	XRAY	1.450	0.215	MTEYKLVVVGAGGVGKSALTIQLIQNHFVDEYDPTIEDSYRKQVVIDGETCLLDILDTAGIEEYSAMRDQYMRTGEGFLCVFAINNTKSFEDIHQYREQIKRVKDSDDVPMVLVGNKCDLAARTVESRQAQDLARSYGIPYIETSAKTRQGVEDAFYTLVREIRQH	True	39.688	39.688	159.015	90.00	90.00	120.00	/Users/mitchellparker/Desktop/rascore_build/core/2rggA_core.cif	/Users/mitchellparker/Desktop/rascore_build/rcsb/2rgg.cif.gz	/Users/mitchellparker/Desktop/rascore_build/renum/2rgg_renum.cif	/Users/mitchellparker/Desktop/rascore_build/rcsb_assembly/2rgg-assembly-1.cif.gz	/Users/mitchellparker/Desktop/rascore_build/renum_assembly/2rgg-assembly-1_renum.cif	/Users/mitchellparker/Desktop/rascore_build/sifts/2rgg.xml.gz	/Users/mitchellparker/Desktop/rascore_build/pocket/2rggA_7_pocket.pdb
2rggA	2rgg	0	A	Y32in.3P-ON	Disordered	Y32in	Y71in	P 32 2 1 (CF1)	2rggA8	8	GTPase HRas	RASH_HUMAN	P01112	WT	WT	HRAS	3P	WT	None	None	None	Homodimer	Multiple-Unbound	P 32 2 1	166	1-60:68-166	2007-10-03	SP2	131.5029	0.0018	Unbound	Unbound	92,95,96	MG,GNP	None	None	None	None	None	None	None	None	None	None	GNP	MG	None	None	None	None	STP	XRAY	1.450	0.215	MTEYKLVVVGAGGVGKSALTIQLIQNHFVDEYDPTIEDSYRKQVVIDGETCLLDILDTAGIEEYSAMRDQYMRTGEGFLCVFAINNTKSFEDIHQYREQIKRVKDSDDVPMVLVGNKCDLAARTVESRQAQDLARSYGIPYIETSAKTRQGVEDAFYTLVREIRQH	True	39.688	39.688	159.015	90.00	90.00	120.00	/Users/mitchellparker/Desktop/rascore_build/core/2rggA_core.cif	/Users/mitchellparker/Desktop/rascore_build/rcsb/2rgg.cif.gz	/Users/mitchellparker/Desktop/rascore_build/renum/2rgg_renum.cif	/Users/mitchellparker/Desktop/rascore_build/rcsb_assembly/2rgg-assembly-1.cif.gz	/Users/mitchellparker/Desktop/rascore_build/renum_assembly/2rgg-assembly-1_renum.cif	/Users/mitchellparker/Desktop/rascore_build/sifts/2rgg.xml.gz	/Users/mitchellparker/Desktop/rascore_build/pocket/2rggA_8_pocket.pdb
2uziR	2uzi	0	R	Y32in.3P-ON	Y71in.3P-R	Y32in	Y71in	P 21 21 2 (CF1)	2uziR1	1	GTPase HRas	RASH_HUMAN	P01112	G12V	G12	HRAS	3P	G12V	None	None	Binder	None	Other-Unbound	P 21 21 2	166	1-166	2007-04-27	Other	314.6514	0.0001	Unbound	Unbound	98,101,102,105,106,107	GTP,MG,ZN,ZN,ZN	ANTI-RAS FV HEAVY CHAIN,ANTI-RAS FV LIGHT CHAIN	None	H:27,25,29,31,33,38,37,40,21,17,35,39,36,34,64,32|L:63,61,64	None	None	None	None	Binder	None	H,L	GTP	MG,ZN	None	None	None	None	STP	XRAY	2.000	0.198	MTEYKLVVVGAVGVGKSALTIQLIQNHFVDEYDPTIEDSYRKQVVIDGETCLLDILDTAGQEEYSAMRDQYMRTGEGFLCVFAINNTKSFEDIHQYREQIKRVKDSDDVPMVLVGNKCDLAARTVESRQAQDLARSYGIPYIETSAKTRQGVEDAFYTLVREIRQH	True	75.528	84.632	62.592	90.00	90.00	90.00	/Users/mitchellparker/Desktop/rascore_build/core/2uziR_core.cif	/Users/mitchellparker/Desktop/rascore_build/rcsb/2uzi.cif.gz	/Users/mitchellparker/Desktop/rascore_build/renum/2uzi_renum.cif	/Users/mitchellparker/Desktop/rascore_build/rcsb_assembly/2uzi-assembly-1.cif.gz	/Users/mitchellparker/Desktop/rascore_build/renum_assembly/2uzi-assembly-1_renum.cif	/Users/mitchellparker/Desktop/rascore_build/sifts/2uzi.xml.gz	/Users/mitchellparker/Desktop/rascore_build/pocket/2uziR_1_pocket.pdb
2uziR	2uzi	0	R	Y32in.3P-ON	Y71in.3P-R	Y32in	Y71in	P 21 21 2 (CF1)	2uziR2	2	GTPase HRas	RASH_HUMAN	P01112	G12V	G12	HRAS	3P	G12V	None	None	Binder	None	Other-Unbound	P 21 21 2	166	1-166	2007-04-27	Other	276.7722	0.0022	Unbound	Unbound	5,73,74,75,76,104,106,108,109,110	GTP,MG,ZN,ZN,ZN	ANTI-RAS FV HEAVY CHAIN,ANTI-RAS FV LIGHT CHAIN	None	H:27,25,29,31,33,38,37,40,21,17,35,39,36,34,64,32|L:63,61,64	None	None	None	None	Binder	None	H,L	GTP	MG,ZN	None	None	None	None	STP	XRAY	2.000	0.198	MTEYKLVVVGAVGVGKSALTIQLIQNHFVDEYDPTIEDSYRKQVVIDGETCLLDILDTAGQEEYSAMRDQYMRTGEGFLCVFAINNTKSFEDIHQYREQIKRVKDSDDVPMVLVGNKCDLAARTVESRQAQDLARSYGIPYIETSAKTRQGVEDAFYTLVREIRQH	True	75.528	84.632	62.592	90.00	90.00	90.00	/Users/mitchellparker/Desktop/rascore_build/core/2uziR_core.cif	/Users/mitchellparker/Desktop/rascore_build/rcsb/2uzi.cif.gz	/Users/mitchellparker/Desktop/rascore_build/renum/2uzi_renum.cif	/Users/mitchellparker/Desktop/rascore_build/rcsb_assembly/2uzi-assembly-1.cif.gz	/Users/mitchellparker/Desktop/rascore_build/renum_assembly/2uzi-assembly-1_renum.cif	/Users/mitchellparker/Desktop/rascore_build/sifts/2uzi.xml.gz	/Users/mitchellparker/Desktop/rascore_build/pocket/2uziR_2_pocket.pdb
2uziR	2uzi	0	R	Y32in.3P-ON	Y71in.3P-R	Y32in	Y71in	P 21 21 2 (CF1)	2uziR3	3	GTPase HRas	RASH_HUMAN	P01112	G12V	G12	HRAS	3P	G12V	None	None	Binder	None	Other-Unbound	P 21 21 2	166	1-166	2007-04-27	Other	316.6849	0.0003	Unbound	Unbound	1,2,4,49,50,51,164	GTP,MG,ZN,ZN,ZN	ANTI-RAS FV HEAVY CHAIN,ANTI-RAS FV LIGHT CHAIN	None	H:27,25,29,31,33,38,37,40,21,17,35,39,36,34,64,32|L:63,61,64	None	None	None	None	Binder	None	H,L	GTP	MG,ZN	None	None	None	None	STP	XRAY	2.000	0.198	MTEYKLVVVGAVGVGKSALTIQLIQNHFVDEYDPTIEDSYRKQVVIDGETCLLDILDTAGQEEYSAMRDQYMRTGEGFLCVFAINNTKSFEDIHQYREQIKRVKDSDDVPMVLVGNKCDLAARTVESRQAQDLARSYGIPYIETSAKTRQGVEDAFYTLVREIRQH	True	75.528	84.632	62.592	90.00	90.00	90.00	/Users/mitchellparker/Desktop/rascore_build/core/2uziR_core.cif	/Users/mitchellparker/Desktop/rascore_build/rcsb/2uzi.cif.gz	/Users/mitchellparker/Desktop/rascore_build/renum/2uzi_renum.cif	/Users/mitchellparker/Desktop/rascore_build/rcsb_assembly/2uzi-assembly-1.cif.gz	/Users/mitchellparker/Desktop/rascore_build/renum_assembly/2uzi-assembly-1_renum.cif	/Users/mitchellparker/Desktop/rascore_build/sifts/2uzi.xml.gz	/Users/mitchellparker/Desktop/rascore_build/pocket/2uziR_3_pocket.pdb
2vh5R	2vh5	0	R	Y32in.3P-ON	Y71in.3P-R	Y32in	Y71in	P 21 21 2 (CF1)	2vh5R1	1	GTPase HRas	RASH_HUMAN	P01112	G12V	G12	HRAS	3P	G12V	None	None	Binder	None	Other-Unbound	P 21 21 2	166	1-166	2007-11-19	Other	451.5995	0.0008	Unbound	Unbound	94,95,98,99,102,103	ZN,GTP,MG	ANTI-RAS FV HEAVY CHAIN,ANTI-RAS FV LIGHT CHAIN	None	H:27,25,29,31,33,38,37,40,17,35,39,36,34,61,64,32|L:63,61,64	None	None	None	None	Binder	None	H,L	GTP	MG,ZN	None	None	None	None	STP	XRAY	2.700	0.215	MTEYKLVVVGAVGVGKSALTIQLIQNHFVDEYDPTIEDSYRKQVVIDGETCLLDILDTAGQEEYSAMRDQYMRTGEGFLCVFAINNTKSFEDIHQYREQIKRVKDSDDVPMVLVGNKCDLAARTVESRQAQDLARSYGIPYIETSAKTRQGVEDAFYTLVREIRQH	True	75.863	85.403	63.084	90.00	90.00	90.00	/Users/mitchellparker/Desktop/rascore_build/core/2vh5R_core.cif	/Users/mitchellparker/Desktop/rascore_build/rcsb/2vh5.cif.gz	/Users/mitchellparker/Desktop/rascore_build/renum/2vh5_renum.cif	/Users/mitchellparker/Desktop/rascore_build/rcsb_assembly/2vh5-assembly-1.cif.gz	/Users/mitchellparker/Desktop/rascore_build/renum_assembly/2vh5-assembly-1_renum.cif	/Users/mitchellparker/Desktop/rascore_build/sifts/2vh5.xml.gz	/Users/mitchellparker/Desktop/rascore_build/pocket/2vh5R_1_pocket.pdb
2vh5R	2vh5	0	R	Y32in.3P-ON	Y71in.3P-R	Y32in	Y71in	P 21 21 2 (CF1)	2vh5R2	2	GTPase HRas	RASH_HUMAN	P01112	G12V	G12	HRAS	3P	G12V	None	None	Binder	None	Other-Unbound	P 21 21 2	166	1-166	2007-11-19	Other	200.9539	0.0000	Unbound	Unbound	101,102,105,106,107	ZN,GTP,MG	ANTI-RAS FV HEAVY CHAIN,ANTI-RAS FV LIGHT CHAIN	None	H:27,25,29,31,33,38,37,40,17,35,39,36,34,61,64,32|L:63,61,64	None	None	None	None	Binder	None	H,L	GTP	MG,ZN	None	None	None	None	STP	XRAY	2.700	0.215	MTEYKLVVVGAVGVGKSALTIQLIQNHFVDEYDPTIEDSYRKQVVIDGETCLLDILDTAGQEEYSAMRDQYMRTGEGFLCVFAINNTKSFEDIHQYREQIKRVKDSDDVPMVLVGNKCDLAARTVESRQAQDLARSYGIPYIETSAKTRQGVEDAFYTLVREIRQH	True	75.863	85.403	63.084	90.00	90.00	90.00	/Users/mitchellparker/Desktop/rascore_build/core/2vh5R_core.cif	/Users/mitchellparker/Desktop/rascore_build/rcsb/2vh5.cif.gz	/Users/mitchellparker/Desktop/rascore_build/renum/2vh5_renum.cif	/Users/mitchellparker/Desktop/rascore_build/rcsb_assembly/2vh5-assembly-1.cif.gz	/Users/mitchellparker/Desktop/rascore_build/renum_assembly/2vh5-assembly-1_renum.cif	/Users/mitchellparker/Desktop/rascore_build/sifts/2vh5.xml.gz	/Users/mitchellparker/Desktop/rascore_build/pocket/2vh5R_2_pocket.pdb
2vh5R	2vh5	0	R	Y32in.3P-ON	Y71in.3P-R	Y32in	Y71in	P 21 21 2 (CF1)	2vh5R3	3	GTPase HRas	RASH_HUMAN	P01112	G12V	G12	HRAS	3P	G12V	None	None	Binder	None	Other-Unbound	P 21 21 2	166	1-166	2007-11-19	Other	213.7933	0.0001	Unbound	Unbound	1,2,4,49,50,51,164	ZN,GTP,MG	ANTI-RAS FV HEAVY CHAIN,ANTI-RAS FV LIGHT CHAIN	None	H:27,25,29,31,33,38,37,40,17,35,39,36,34,61,64,32|L:63,61,64	None	None	None	None	Binder	None	H,L	GTP	MG,ZN	None	None	None	None	STP	XRAY	2.700	0.215	MTEYKLVVVGAVGVGKSALTIQLIQNHFVDEYDPTIEDSYRKQVVIDGETCLLDILDTAGQEEYSAMRDQYMRTGEGFLCVFAINNTKSFEDIHQYREQIKRVKDSDDVPMVLVGNKCDLAARTVESRQAQDLARSYGIPYIETSAKTRQGVEDAFYTLVREIRQH	True	75.863	85.403	63.084	90.00	90.00	90.00	/Users/mitchellparker/Desktop/rascore_build/core/2vh5R_core.cif	/Users/mitchellparker/Desktop/rascore_build/rcsb/2vh5.cif.gz	/Users/mitchellparker/Desktop/rascore_build/renum/2vh5_renum.cif	/Users/mitchellparker/Desktop/rascore_build/rcsb_assembly/2vh5-assembly-1.cif.gz	/Users/mitchellparker/Desktop/rascore_build/renum_assembly/2vh5-assembly-1_renum.cif	/Users/mitchellparker/Desktop/rascore_build/sifts/2vh5.xml.gz	/Users/mitchellparker/Desktop/rascore_build/pocket/2vh5R_3_pocket.pdb
2vh5R	2vh5	0	R	Y32in.3P-ON	Y71in.3P-R	Y32in	Y71in	P 21 21 2 (CF1)	2vh5R4	4	GTPase HRas	RASH_HUMAN	P01112	G12V	G12	HRAS	3P	G12V	None	None	Binder	None	Other-Unbound	P 21 21 2	166	1-166	2007-11-19	Other	358.3250	0.0001	Unbound	Unbound	97,101,107,108,135,136,137,138,166	ZN,GTP,MG	ANTI-RAS FV HEAVY CHAIN,ANTI-RAS FV LIGHT CHAIN	None	H:27,25,29,31,33,38,37,40,17,35,39,36,34,61,64,32|L:63,61,64	None	None	None	None	Binder	None	H,L	GTP	MG,ZN	None	None	None	None	STP	XRAY	2.700	0.215	MTEYKLVVVGAVGVGKSALTIQLIQNHFVDEYDPTIEDSYRKQVVIDGETCLLDILDTAGQEEYSAMRDQYMRTGEGFLCVFAINNTKSFEDIHQYREQIKRVKDSDDVPMVLVGNKCDLAARTVESRQAQDLARSYGIPYIETSAKTRQGVEDAFYTLVREIRQH	True	75.863	85.403	63.084	90.00	90.00	90.00	/Users/mitchellparker/Desktop/rascore_build/core/2vh5R_core.cif	/Users/mitchellparker/Desktop/rascore_build/rcsb/2vh5.cif.gz	/Users/mitchellparker/Desktop/rascore_build/renum/2vh5_renum.cif	/Users/mitchellparker/Desktop/rascore_build/rcsb_assembly/2vh5-assembly-1.cif.gz	/Users/mitchellparker/Desktop/rascore_build/renum_assembly/2vh5-assembly-1_renum.cif	/Users/mitchellparker/Desktop/rascore_build/sifts/2vh5.xml.gz	/Users/mitchellparker/Desktop/rascore_build/pocket/2vh5R_4_pocket.pdb
2x1vA	2x1v	0	A	Disordered	Disordered	Disordered	Disordered	P 63 (CF1)	2x1vA1	1	GTPase HRas	RASH_HUMAN	P01112	I163F	I163	HRAS	2P	Other	None	None	None	None	SP2-Unbound	P 63	166	2-29:38-59:76-164	2010-01-04	Other	311.3883	0.0008	Unbound	Unbound	22,23,26,149,151,152,153,154,157	GDP	None	None	None	None	None	None	None	None	None	None	GDP	None	None	None	None	None	STP	XRAY	1.700	0.191	MTEYKLVVVGAGGVGKSALTIQLIQNHFVDEYDPTIEDSYRKQVVIDGETCLLDILDTAGQEEYSAMRDQYMRTGEGFLCVFAINNTKSFEDIHQYREQIKRVKDSDDVPMVLVGNKCDLAARTVESRQAQDLARSYGIPYIETSAKTRQGVEDAFYTLVREFRQH	True	73.140	73.140	62.880	90.00	90.00	120.00	/Users/mitchellparker/Desktop/rascore_build/core/2x1vA_core.cif	/Users/mitchellparker/Desktop/rascore_build/rcsb/2x1v.cif.gz	/Users/mitchellparker/Desktop/rascore_build/renum/2x1v_renum.cif	/Users/mitchellparker/Desktop/rascore_build/rcsb_assembly/2x1v-assembly-1.cif.gz	/Users/mitchellparker/Desktop/rascore_build/renum_assembly/2x1v-assembly-1_renum.cif	/Users/mitchellparker/Desktop/rascore_build/sifts/2x1v.xml.gz	/Users/mitchellparker/Desktop/rascore_build/pocket/2x1vA_1_pocket.pdb
2x1vA	2x1v	0	A	Disordered	Disordered	Disordered	Disordered	P 63 (CF1)	2x1vA2	2	GTPase HRas	RASH_HUMAN	P01112	I163F	I163	HRAS	2P	Other	None	None	None	None	SP2-Unbound	P 63	166	2-29:38-59:76-164	2010-01-04	SP2	314.6591	0.2362	Unbound	Unbound	7,9,78,96,99,100,103	GDP	None	None	None	None	None	None	None	None	None	None	GDP	None	None	None	None	None	STP	XRAY	1.700	0.191	MTEYKLVVVGAGGVGKSALTIQLIQNHFVDEYDPTIEDSYRKQVVIDGETCLLDILDTAGQEEYSAMRDQYMRTGEGFLCVFAINNTKSFEDIHQYREQIKRVKDSDDVPMVLVGNKCDLAARTVESRQAQDLARSYGIPYIETSAKTRQGVEDAFYTLVREFRQH	True	73.140	73.140	62.880	90.00	90.00	120.00	/Users/mitchellparker/Desktop/rascore_build/core/2x1vA_core.cif	/Users/mitchellparker/Desktop/rascore_build/rcsb/2x1v.cif.gz	/Users/mitchellparker/Desktop/rascore_build/renum/2x1v_renum.cif	/Users/mitchellparker/Desktop/rascore_build/rcsb_assembly/2x1v-assembly-1.cif.gz	/Users/mitchellparker/Desktop/rascore_build/renum_assembly/2x1v-assembly-1_renum.cif	/Users/mitchellparker/Desktop/rascore_build/sifts/2x1v.xml.gz	/Users/mitchellparker/Desktop/rascore_build/pocket/2x1vA_2_pocket.pdb
2x1vA	2x1v	0	A	Disordered	Disordered	Disordered	Disordered	P 63 (CF1)	2x1vA3	3	GTPase HRas	RASH_HUMAN	P01112	I163F	I163	HRAS	2P	Other	None	None	None	None	SP2-Unbound	P 63	166	2-29:38-59:76-164	2010-01-04	SP2	223.2848	0.0172	Unbound	Unbound	88,92,95,96,99	GDP	None	None	None	None	None	None	None	None	None	None	GDP	None	None	None	None	None	STP	XRAY	1.700	0.191	MTEYKLVVVGAGGVGKSALTIQLIQNHFVDEYDPTIEDSYRKQVVIDGETCLLDILDTAGQEEYSAMRDQYMRTGEGFLCVFAINNTKSFEDIHQYREQIKRVKDSDDVPMVLVGNKCDLAARTVESRQAQDLARSYGIPYIETSAKTRQGVEDAFYTLVREFRQH	True	73.140	73.140	62.880	90.00	90.00	120.00	/Users/mitchellparker/Desktop/rascore_build/core/2x1vA_core.cif	/Users/mitchellparker/Desktop/rascore_build/rcsb/2x1v.cif.gz	/Users/mitchellparker/Desktop/rascore_build/renum/2x1v_renum.cif	/Users/mitchellparker/Desktop/rascore_build/rcsb_assembly/2x1v-assembly-1.cif.gz	/Users/mitchellparker/Desktop/rascore_build/renum_assembly/2x1v-assembly-1_renum.cif	/Users/mitchellparker/Desktop/rascore_build/sifts/2x1v.xml.gz	/Users/mitchellparker/Desktop/rascore_build/pocket/2x1vA_3_pocket.pdb
3conA	3con	0	A	Y32out.2P-OFF	Disordered	Y32out	Disordered	P 63 (CF2)	3conA2	2	GTPase NRas	RASN_HUMAN	P01111	WT	WT	NRAS	2P	WT	None	None	None	None	SP2-Unbound	P 63	190	1-60:72-167	2008-03-28	SP2	253.9300	0.2761	Unbound	Unbound	72,99,102,103	MG,MG,MG,MG,GDP,UNX,UNX,UNX,UNX,UNX,UNX,UNX,UNX	None	None	None	None	None	None	None	None	None	None	GDP	MG	None	UNX	None	None	STP	XRAY	1.649	0.186	MHHHHHHSSGRENLYFQGMTEYKLVVVGAGGVGKSALTIQLIQNHFVDEYDPTIEDSYRKQVVIDGETCLLDILDTAGQEEYSAMRDQYMRTGEGFLCVFAINNSKSFADINLYREQIKRVKDSDDVPMVLVGNKCDLPTRTVDTKQAHELAKSYGIPFIETSAKTRQGVEDAFYTLVREIRQYRMKKLN	True	83.061	83.061	38.907	90.000	90.000	120.000	/Users/mitchellparker/Desktop/rascore_build/core/3conA_core.cif	/Users/mitchellparker/Desktop/rascore_build/rcsb/3con.cif.gz	/Users/mitchellparker/Desktop/rascore_build/renum/3con_renum.cif	/Users/mitchellparker/Desktop/rascore_build/rcsb_assembly/3con-assembly-1.cif.gz	/Users/mitchellparker/Desktop/rascore_build/renum_assembly/3con-assembly-1_renum.cif	/Users/mitchellparker/Desktop/rascore_build/sifts/3con.xml.gz	/Users/mitchellparker/Desktop/rascore_build/pocket/3conA_2_pocket.pdb
3conA	3con	0	A	Y32out.2P-OFF	Disordered	Y32out	Disordered	P 63 (CF2)	3conA4	4	GTPase NRas	RASN_HUMAN	P01111	WT	WT	NRAS	2P	WT	None	None	None	None	SP2-Unbound	P 63	190	1-60:72-167	2008-03-28	Other	188.7573	0.0001	Unbound	Unbound	107,108,109,110,111,137,138,139,162,166	MG,MG,MG,MG,GDP,UNX,UNX,UNX,UNX,UNX,UNX,UNX,UNX	None	None	None	None	None	None	None	None	None	None	GDP	MG	None	UNX	None	None	STP	XRAY	1.649	0.186	MHHHHHHSSGRENLYFQGMTEYKLVVVGAGGVGKSALTIQLIQNHFVDEYDPTIEDSYRKQVVIDGETCLLDILDTAGQEEYSAMRDQYMRTGEGFLCVFAINNSKSFADINLYREQIKRVKDSDDVPMVLVGNKCDLPTRTVDTKQAHELAKSYGIPFIETSAKTRQGVEDAFYTLVREIRQYRMKKLN	True	83.061	83.061	38.907	90.000	90.000	120.000	/Users/mitchellparker/Desktop/rascore_build/core/3conA_core.cif	/Users/mitchellparker/Desktop/rascore_build/rcsb/3con.cif.gz	/Users/mitchellparker/Desktop/rascore_build/renum/3con_renum.cif	/Users/mitchellparker/Desktop/rascore_build/rcsb_assembly/3con-assembly-1.cif.gz	/Users/mitchellparker/Desktop/rascore_build/renum_assembly/3con-assembly-1_renum.cif	/Users/mitchellparker/Desktop/rascore_build/sifts/3con.xml.gz	/Users/mitchellparker/Desktop/rascore_build/pocket/3conA_4_pocket.pdb
3ddcA	3ddc	0	A	Y32in.3P-ON	Y71in.3P-R	Y32in	Y71in	C 1 2 1 (CF2)	3ddcA1	1	GTPase HRas	RASH_HUMAN	P01112	D30E,E31K	D30,E31	HRAS	3P	Other	None	None	Effector	Homodimer	SP12-Unbound	C 1 2 1	166	1-166	2008-06-05	Other	297.8453	0.0037	Unbound	Unbound	97,100,101,106,107,108,109,110,111,137,138,139,162	MG,GNP	Ras association domain-containing protein 5	None	B:66,64,63,67,36,42,24,26,25,41,40,39,38,33,37,27,30	RASF5_MOUSE	None	None	None	RA	None	B	GNP	MG	None	None	None	None	STP	XRAY	1.800	0.195	MTEYKLVVVGAGGVGKSALTIQLIQNHFVEKYDPTIEDSYRKQVVIDGETCLLDILDTAGQEEYSAMRDQYMRTGEGFLCVFAINNTKSFEDIHQYREQIKRVKDSDDVPMVLVGNKCDLAARTVESRQAQDLARSYGIPYIETSAKTRQGVEDAFYTLVREIRQH	True	79.600	88.000	56.500	90.00	125.00	90.00	/Users/mitchellparker/Desktop/rascore_build/core/3ddcA_core.cif	/Users/mitchellparker/Desktop/rascore_build/rcsb/3ddc.cif.gz	/Users/mitchellparker/Desktop/rascore_build/renum/3ddc_renum.cif	/Users/mitchellparker/Desktop/rascore_build/rcsb_assembly/3ddc-assembly-2.cif.gz	/Users/mitchellparker/Desktop/rascore_build/renum_assembly/3ddc-assembly-2_renum.cif	/Users/mitchellparker/Desktop/rascore_build/sifts/3ddc.xml.gz	/Users/mitchellparker/Desktop/rascore_build/pocket/3ddcA_1_pocket.pdb
3ddcA	3ddc	0	A	Y32in.3P-ON	Y71in.3P-R	Y32in	Y71in	C 1 2 1 (CF2)	3ddcA2	2	GTPase HRas	RASH_HUMAN	P01112	D30E,E31K	D30,E31	HRAS	3P	Other	None	None	Effector	Homodimer	SP12-Unbound	C 1 2 1	166	1-166	2008-06-05	Other	356.9663	0.0009	Unbound	Unbound	73,74,75,76,104,106,109,110,163,166	MG,GNP	Ras association domain-containing protein 5	None	B:66,64,63,67,36,42,24,26,25,41,40,39,38,33,37,27,30	RASF5_MOUSE	None	None	None	RA	None	B	GNP	MG	None	None	None	None	STP	XRAY	1.800	0.195	MTEYKLVVVGAGGVGKSALTIQLIQNHFVEKYDPTIEDSYRKQVVIDGETCLLDILDTAGQEEYSAMRDQYMRTGEGFLCVFAINNTKSFEDIHQYREQIKRVKDSDDVPMVLVGNKCDLAARTVESRQAQDLARSYGIPYIETSAKTRQGVEDAFYTLVREIRQH	True	79.600	88.000	56.500	90.00	125.00	90.00	/Users/mitchellparker/Desktop/rascore_build/core/3ddcA_core.cif	/Users/mitchellparker/Desktop/rascore_build/rcsb/3ddc.cif.gz	/Users/mitchellparker/Desktop/rascore_build/renum/3ddc_renum.cif	/Users/mitchellparker/Desktop/rascore_build/rcsb_assembly/3ddc-assembly-2.cif.gz	/Users/mitchellparker/Desktop/rascore_build/renum_assembly/3ddc-assembly-2_renum.cif	/Users/mitchellparker/Desktop/rascore_build/sifts/3ddc.xml.gz	/Users/mitchellparker/Desktop/rascore_build/pocket/3ddcA_2_pocket.pdb
3ddcA	3ddc	0	A	Y32in.3P-ON	Y71in.3P-R	Y32in	Y71in	C 1 2 1 (CF2)	3ddcA3	3	GTPase HRas	RASH_HUMAN	P01112	D30E,E31K	D30,E31	HRAS	3P	Other	None	None	Effector	Homodimer	SP12-Unbound	C 1 2 1	166	1-166	2008-06-05	SP12	194.3733	0.0146	Unbound	Unbound	5,6,7,39,54,55,56,74,75	MG,GNP	Ras association domain-containing protein 5	None	B:66,64,63,67,36,42,24,26,25,41,40,39,38,33,37,27,30	RASF5_MOUSE	None	None	None	RA	None	B	GNP	MG	None	None	None	None	STP	XRAY	1.800	0.195	MTEYKLVVVGAGGVGKSALTIQLIQNHFVEKYDPTIEDSYRKQVVIDGETCLLDILDTAGQEEYSAMRDQYMRTGEGFLCVFAINNTKSFEDIHQYREQIKRVKDSDDVPMVLVGNKCDLAARTVESRQAQDLARSYGIPYIETSAKTRQGVEDAFYTLVREIRQH	True	79.600	88.000	56.500	90.00	125.00	90.00	/Users/mitchellparker/Desktop/rascore_build/core/3ddcA_core.cif	/Users/mitchellparker/Desktop/rascore_build/rcsb/3ddc.cif.gz	/Users/mitchellparker/Desktop/rascore_build/renum/3ddc_renum.cif	/Users/mitchellparker/Desktop/rascore_build/rcsb_assembly/3ddc-assembly-2.cif.gz	/Users/mitchellparker/Desktop/rascore_build/renum_assembly/3ddc-assembly-2_renum.cif	/Users/mitchellparker/Desktop/rascore_build/sifts/3ddc.xml.gz	/Users/mitchellparker/Desktop/rascore_build/pocket/3ddcA_3_pocket.pdb
3gftA	3gft	0	A	Y32in.3P-ON	Y71in.3P-SP12-B	Y32in	Y71in	P 21 21 21 (CF5)	3gftA2	2	GTPase KRas	RASK_HUMAN	P01116-2	Q61H	Q61	KRAS	3P	Q61H	None	None	None	None	Other-Unbound	P 21 21 21	187	1-167	2009-02-27	Other	221.9203	0.0002	Unbound	Unbound	107,108,109,110,111,137,138,139,162,165,166	MG,GNP,UNX	None	None	None	None	None	None	None	None	None	None	GNP	MG	None	UNX	None	None	STP	XRAY	2.270	0.215	MHHHHHHSSGRENLYFQGMTEYKLVVVGAGGVGKSALTIQLIQNHFVDEYDPTIEDSYRKQVVIDGETCLLDILDTAGHEEYSAMRDQYMRTGEGFLCVFAINNTKSFEDIHHYREQIKRVKDSEDVPMVLVGNKCDLPSRTVDTKQAQDLARSYGIPFIETSAKTRQGVDDAFYTLVREIRKHKEK	True	63.535	118.275	156.836	90.000	90.000	90.000	/Users/mitchellparker/Desktop/rascore_build/core/3gftA_core.cif	/Users/mitchellparker/Desktop/rascore_build/rcsb/3gft.cif.gz	/Users/mitchellparker/Desktop/rascore_build/renum/3gft_renum.cif	/Users/mitchellparker/Desktop/rascore_build/rcsb_assembly/3gft-assembly-1.cif.gz	/Users/mitchellparker/Desktop/rascore_build/renum_assembly/3gft-assembly-1_renum.cif	/Users/mitchellparker/Desktop/rascore_build/sifts/3gft.xml.gz	/Users/mitchellparker/Desktop/rascore_build/pocket/3gftA_2_pocket.pdb
3gftA	3gft	0	A	Y32in.3P-ON	Y71in.3P-SP12-B	Y32in	Y71in	P 21 21 21 (CF5)	3gftA3	3	GTPase KRas	RASK_HUMAN	P01116-2	Q61H	Q61	KRAS	3P	Q61H	None	None	None	None	Other-Unbound	P 21 21 21	187	1-167	2009-02-27	Other	184.4857	0.0036	Unbound	Unbound	76,104,106,108,109,110,163,166	MG,GNP,UNX	None	None	None	None	None	None	None	None	None	None	GNP	MG	None	UNX	None	None	STP	XRAY	2.270	0.215	MHHHHHHSSGRENLYFQGMTEYKLVVVGAGGVGKSALTIQLIQNHFVDEYDPTIEDSYRKQVVIDGETCLLDILDTAGHEEYSAMRDQYMRTGEGFLCVFAINNTKSFEDIHHYREQIKRVKDSEDVPMVLVGNKCDLPSRTVDTKQAQDLARSYGIPFIETSAKTRQGVDDAFYTLVREIRKHKEK	True	63.535	118.275	156.836	90.000	90.000	90.000	/Users/mitchellparker/Desktop/rascore_build/core/3gftA_core.cif	/Users/mitchellparker/Desktop/rascore_build/rcsb/3gft.cif.gz	/Users/mitchellparker/Desktop/rascore_build/renum/3gft_renum.cif	/Users/mitchellparker/Desktop/rascore_build/rcsb_assembly/3gft-assembly-1.cif.gz	/Users/mitchellparker/Desktop/rascore_build/renum_assembly/3gft-assembly-1_renum.cif	/Users/mitchellparker/Desktop/rascore_build/sifts/3gft.xml.gz	/Users/mitchellparker/Desktop/rascore_build/pocket/3gftA_3_pocket.pdb
3gftB	3gft	0	B	Y32in.3P-ON	Disordered	Y32in	Y71in	P 21 21 21 (CF5)	3gftB2	2	GTPase KRas	RASK_HUMAN	P01116-2	WT	WT	KRAS	3P	WT	None	None	None	None	SP2-Unbound	P 21 21 21	187	1-60:65-167	2009-02-27	Other	225.9311	0.0030	Unbound	Unbound	76,104,108,109,110,163,166,167	MG,GNP	None	None	None	None	None	None	None	None	None	None	GNP	MG	None	None	None	None	STP	XRAY	2.270	0.215	MHHHHHHSSGRENLYFQGMTEYKLVVVGAGGVGKSALTIQLIQNHFVDEYDPTIEDSYRKQVVIDGETCLLDILDTAGHEEYSAMRDQYMRTGEGFLCVFAINNTKSFEDIHHYREQIKRVKDSEDVPMVLVGNKCDLPSRTVDTKQAQDLARSYGIPFIETSAKTRQGVDDAFYTLVREIRKHKEK	True	63.535	118.275	156.836	90.000	90.000	90.000	/Users/mitchellparker/Desktop/rascore_build/core/3gftB_core.cif	/Users/mitchellparker/Desktop/rascore_build/rcsb/3gft.cif.gz	/Users/mitchellparker/Desktop/rascore_build/renum/3gft_renum.cif	/Users/mitchellparker/Desktop/rascore_build/rcsb_assembly/3gft-assembly-1.cif.gz	/Users/mitchellparker/Desktop/rascore_build/renum_assembly/3gft-assembly-1_renum.cif	/Users/mitchellparker/Desktop/rascore_build/sifts/3gft.xml.gz	/Users/mitchellparker/Desktop/rascore_build/pocket/3gftB_2_pocket.pdb
3gftB	3gft	0	B	Y32in.3P-ON	Disordered	Y32in	Y71in	P 21 21 21 (CF5)	3gftB3	3	GTPase KRas	RASK_HUMAN	P01116-2	WT	WT	KRAS	3P	WT	None	None	None	None	SP2-Unbound	P 21 21 21	187	1-60:65-167	2009-02-27	Other	305.4395	0.0033	Unbound	Unbound	47,158,161,162,164,165	MG,GNP	None	None	None	None	None	None	None	None	None	None	GNP	MG	None	None	None	None	STP	XRAY	2.270	0.215	MHHHHHHSSGRENLYFQGMTEYKLVVVGAGGVGKSALTIQLIQNHFVDEYDPTIEDSYRKQVVIDGETCLLDILDTAGHEEYSAMRDQYMRTGEGFLCVFAINNTKSFEDIHHYREQIKRVKDSEDVPMVLVGNKCDLPSRTVDTKQAQDLARSYGIPFIETSAKTRQGVDDAFYTLVREIRKHKEK	True	63.535	118.275	156.836	90.000	90.000	90.000	/Users/mitchellparker/Desktop/rascore_build/core/3gftB_core.cif	/Users/mitchellparker/Desktop/rascore_build/rcsb/3gft.cif.gz	/Users/mitchellparker/Desktop/rascore_build/renum/3gft_renum.cif	/Users/mitchellparker/Desktop/rascore_build/rcsb_assembly/3gft-assembly-1.cif.gz	/Users/mitchellparker/Desktop/rascore_build/renum_assembly/3gft-assembly-1_renum.cif	/Users/mitchellparker/Desktop/rascore_build/sifts/3gft.xml.gz	/Users/mitchellparker/Desktop/rascore_build/pocket/3gftB_3_pocket.pdb
3gftB	3gft	0	B	Y32in.3P-ON	Disordered	Y32in	Y71in	P 21 21 21 (CF5)	3gftB4	4	GTPase KRas	RASK_HUMAN	P01116-2	WT	WT	KRAS	3P	WT	None	None	None	None	SP2-Unbound	P 21 21 21	187	1-60:65-167	2009-02-27	SP2	216.9668	0.0018	Unbound	Unbound	60,92,95,96,99	MG,GNP	None	None	None	None	None	None	None	None	None	None	GNP	MG	None	None	None	None	STP	XRAY	2.270	0.215	MHHHHHHSSGRENLYFQGMTEYKLVVVGAGGVGKSALTIQLIQNHFVDEYDPTIEDSYRKQVVIDGETCLLDILDTAGHEEYSAMRDQYMRTGEGFLCVFAINNTKSFEDIHHYREQIKRVKDSEDVPMVLVGNKCDLPSRTVDTKQAQDLARSYGIPFIETSAKTRQGVDDAFYTLVREIRKHKEK	True	63.535	118.275	156.836	90.000	90.000	90.000	/Users/mitchellparker/Desktop/rascore_build/core/3gftB_core.cif	/Users/mitchellparker/Desktop/rascore_build/rcsb/3gft.cif.gz	/Users/mitchellparker/Desktop/rascore_build/renum/3gft_renum.cif	/Users/mitchellparker/Desktop/rascore_build/rcsb_assembly/3gft-assembly-1.cif.gz	/Users/mitchellparker/Desktop/rascore_build/renum_assembly/3gft-assembly-1_renum.cif	/Users/mitchellparker/Desktop/rascore_build/sifts/3gft.xml.gz	/Users/mitchellparker/Desktop/rascore_build/pocket/3gftB_4_pocket.pdb
3gftC	3gft	0	C	Disordered	Disordered	Disordered	Y71in	P 21 21 21 (CF5)	3gftC2	2	GTPase KRas	RASK_HUMAN	P01116-2	WT	WT	KRAS	3P	WT	None	None	None	None	Other-Unbound	P 21 21 21	187	1-35:38-60:65-167	2009-02-27	Other	315.0979	0.0007	Unbound	Unbound	127,131,141,142,143,150,151,154	MG,GNP	None	None	None	None	None	None	None	None	None	None	GNP	MG	None	None	None	None	STP	XRAY	2.270	0.215	MHHHHHHSSGRENLYFQGMTEYKLVVVGAGGVGKSALTIQLIQNHFVDEYDPTIEDSYRKQVVIDGETCLLDILDTAGHEEYSAMRDQYMRTGEGFLCVFAINNTKSFEDIHHYREQIKRVKDSEDVPMVLVGNKCDLPSRTVDTKQAQDLARSYGIPFIETSAKTRQGVDDAFYTLVREIRKHKEK	True	63.535	118.275	156.836	90.000	90.000	90.000	/Users/mitchellparker/Desktop/rascore_build/core/3gftC_core.cif	/Users/mitchellparker/Desktop/rascore_build/rcsb/3gft.cif.gz	/Users/mitchellparker/Desktop/rascore_build/renum/3gft_renum.cif	/Users/mitchellparker/Desktop/rascore_build/rcsb_assembly/3gft-assembly-1.cif.gz	/Users/mitchellparker/Desktop/rascore_build/renum_assembly/3gft-assembly-1_renum.cif	/Users/mitchellparker/Desktop/rascore_build/sifts/3gft.xml.gz	/Users/mitchellparker/Desktop/rascore_build/pocket/3gftC_2_pocket.pdb
3gftC	3gft	0	C	Disordered	Disordered	Disordered	Y71in	P 21 21 21 (CF5)	3gftC3	3	GTPase KRas	RASK_HUMAN	P01116-2	WT	WT	KRAS	3P	WT	None	None	None	None	Other-Unbound	P 21 21 21	187	1-35:38-60:65-167	2009-02-27	Other	334.4089	0.0228	Unbound	Unbound	74,75,76,104,106,108,109,110,163,166,167	MG,GNP	None	None	None	None	None	None	None	None	None	None	GNP	MG	None	None	None	None	STP	XRAY	2.270	0.215	MHHHHHHSSGRENLYFQGMTEYKLVVVGAGGVGKSALTIQLIQNHFVDEYDPTIEDSYRKQVVIDGETCLLDILDTAGHEEYSAMRDQYMRTGEGFLCVFAINNTKSFEDIHHYREQIKRVKDSEDVPMVLVGNKCDLPSRTVDTKQAQDLARSYGIPFIETSAKTRQGVDDAFYTLVREIRKHKEK	True	63.535	118.275	156.836	90.000	90.000	90.000	/Users/mitchellparker/Desktop/rascore_build/core/3gftC_core.cif	/Users/mitchellparker/Desktop/rascore_build/rcsb/3gft.cif.gz	/Users/mitchellparker/Desktop/rascore_build/renum/3gft_renum.cif	/Users/mitchellparker/Desktop/rascore_build/rcsb_assembly/3gft-assembly-1.cif.gz	/Users/mitchellparker/Desktop/rascore_build/renum_assembly/3gft-assembly-1_renum.cif	/Users/mitchellparker/Desktop/rascore_build/sifts/3gft.xml.gz	/Users/mitchellparker/Desktop/rascore_build/pocket/3gftC_3_pocket.pdb
3gftC	3gft	0	C	Disordered	Disordered	Disordered	Y71in	P 21 21 21 (CF5)	3gftC4	4	GTPase KRas	RASK_HUMAN	P01116-2	WT	WT	KRAS	3P	WT	None	None	None	None	Other-Unbound	P 21 21 21	187	1-35:38-60:65-167	2009-02-27	Other	231.8941	0.0002	Unbound	Unbound	131,134,135,139,141	MG,GNP	None	None	None	None	None	None	None	None	None	None	GNP	MG	None	None	None	None	STP	XRAY	2.270	0.215	MHHHHHHSSGRENLYFQGMTEYKLVVVGAGGVGKSALTIQLIQNHFVDEYDPTIEDSYRKQVVIDGETCLLDILDTAGHEEYSAMRDQYMRTGEGFLCVFAINNTKSFEDIHHYREQIKRVKDSEDVPMVLVGNKCDLPSRTVDTKQAQDLARSYGIPFIETSAKTRQGVDDAFYTLVREIRKHKEK	True	63.535	118.275	156.836	90.000	90.000	90.000	/Users/mitchellparker/Desktop/rascore_build/core/3gftC_core.cif	/Users/mitchellparker/Desktop/rascore_build/rcsb/3gft.cif.gz	/Users/mitchellparker/Desktop/rascore_build/renum/3gft_renum.cif	/Users/mitchellparker/Desktop/rascore_build/rcsb_assembly/3gft-assembly-1.cif.gz	/Users/mitchellparker/Desktop/rascore_build/renum_assembly/3gft-assembly-1_renum.cif	/Users/mitchellparker/Desktop/rascore_build/sifts/3gft.xml.gz	/Users/mitchellparker/Desktop/rascore_build/pocket/3gftC_4_pocket.pdb
3gftC	3gft	0	C	Disordered	Disordered	Disordered	Y71in	P 21 21 21 (CF5)	3gftC5	5	GTPase KRas	RASK_HUMAN	P01116-2	WT	WT	KRAS	3P	WT	None	None	None	None	Other-Unbound	P 21 21 21	187	1-35:38-60:65-167	2009-02-27	Other	329.6469	0.0001	Unbound	Unbound	17,21,25,27,29,31,33,38,40	MG,GNP	None	None	None	None	None	None	None	None	None	None	GNP	MG	None	None	None	None	STP	XRAY	2.270	0.215	MHHHHHHSSGRENLYFQGMTEYKLVVVGAGGVGKSALTIQLIQNHFVDEYDPTIEDSYRKQVVIDGETCLLDILDTAGHEEYSAMRDQYMRTGEGFLCVFAINNTKSFEDIHHYREQIKRVKDSEDVPMVLVGNKCDLPSRTVDTKQAQDLARSYGIPFIETSAKTRQGVDDAFYTLVREIRKHKEK	True	63.535	118.275	156.836	90.000	90.000	90.000	/Users/mitchellparker/Desktop/rascore_build/core/3gftC_core.cif	/Users/mitchellparker/Desktop/rascore_build/rcsb/3gft.cif.gz	/Users/mitchellparker/Desktop/rascore_build/renum/3gft_renum.cif	/Users/mitchellparker/Desktop/rascore_build/rcsb_assembly/3gft-assembly-1.cif.gz	/Users/mitchellparker/Desktop/rascore_build/renum_assembly/3gft-assembly-1_renum.cif	/Users/mitchellparker/Desktop/rascore_build/sifts/3gft.xml.gz	/Users/mitchellparker/Desktop/rascore_build/pocket/3gftC_5_pocket.pdb
3gftD	3gft	0	D	Disordered	Disordered	Disordered	Disordered	P 21 21 21 (CF5)	3gftD2	2	GTPase KRas	RASK_HUMAN	P01116-2	WT	WT	KRAS	3P	WT	None	None	None	None	Other-Unbound	P 21 21 21	187	1-31:38-60:72-167	2009-02-27	Other	232.8584	0.0012	Unbound	Unbound	11,12,60,86,88,89,92,96	MG,GNP	None	None	None	None	None	None	None	None	None	None	GNP	MG	None	None	None	None	STP	XRAY	2.270	0.215	MHHHHHHSSGRENLYFQGMTEYKLVVVGAGGVGKSALTIQLIQNHFVDEYDPTIEDSYRKQVVIDGETCLLDILDTAGHEEYSAMRDQYMRTGEGFLCVFAINNTKSFEDIHHYREQIKRVKDSEDVPMVLVGNKCDLPSRTVDTKQAQDLARSYGIPFIETSAKTRQGVDDAFYTLVREIRKHKEK	True	63.535	118.275	156.836	90.000	90.000	90.000	/Users/mitchellparker/Desktop/rascore_build/core/3gftD_core.cif	/Users/mitchellparker/Desktop/rascore_build/rcsb/3gft.cif.gz	/Users/mitchellparker/Desktop/rascore_build/renum/3gft_renum.cif	/Users/mitchellparker/Desktop/rascore_build/rcsb_assembly/3gft-assembly-1.cif.gz	/Users/mitchellparker/Desktop/rascore_build/renum_assembly/3gft-assembly-1_renum.cif	/Users/mitchellparker/Desktop/rascore_build/sifts/3gft.xml.gz	/Users/mitchellparker/Desktop/rascore_build/pocket/3gftD_2_pocket.pdb
3gftD	3gft	0	D	Disordered	Disordered	Disordered	Disordered	P 21 21 21 (CF5)	3gftD3	3	GTPase KRas	RASK_HUMAN	P01116-2	WT	WT	KRAS	3P	WT	None	None	None	None	Other-Unbound	P 21 21 21	187	1-31:38-60:72-167	2009-02-27	Other	239.9388	0.0004	Unbound	Unbound	98,101,102,105,106,107	MG,GNP	None	None	None	None	None	None	None	None	None	None	GNP	MG	None	None	None	None	STP	XRAY	2.270	0.215	MHHHHHHSSGRENLYFQGMTEYKLVVVGAGGVGKSALTIQLIQNHFVDEYDPTIEDSYRKQVVIDGETCLLDILDTAGHEEYSAMRDQYMRTGEGFLCVFAINNTKSFEDIHHYREQIKRVKDSEDVPMVLVGNKCDLPSRTVDTKQAQDLARSYGIPFIETSAKTRQGVDDAFYTLVREIRKHKEK	True	63.535	118.275	156.836	90.000	90.000	90.000	/Users/mitchellparker/Desktop/rascore_build/core/3gftD_core.cif	/Users/mitchellparker/Desktop/rascore_build/rcsb/3gft.cif.gz	/Users/mitchellparker/Desktop/rascore_build/renum/3gft_renum.cif	/Users/mitchellparker/Desktop/rascore_build/rcsb_assembly/3gft-assembly-1.cif.gz	/Users/mitchellparker/Desktop/rascore_build/renum_assembly/3gft-assembly-1_renum.cif	/Users/mitchellparker/Desktop/rascore_build/sifts/3gft.xml.gz	/Users/mitchellparker/Desktop/rascore_build/pocket/3gftD_3_pocket.pdb
3gftD	3gft	0	D	Disordered	Disordered	Disordered	Disordered	P 21 21 21 (CF5)	3gftD4	4	GTPase KRas	RASK_HUMAN	P01116-2	WT	WT	KRAS	3P	WT	None	None	None	None	Other-Unbound	P 21 21 21	187	1-31:38-60:72-167	2009-02-27	Other	312.9849	0.0136	Unbound	Unbound	76,104,106,109,110,163,166,167	MG,GNP	None	None	None	None	None	None	None	None	None	None	GNP	MG	None	None	None	None	STP	XRAY	2.270	0.215	MHHHHHHSSGRENLYFQGMTEYKLVVVGAGGVGKSALTIQLIQNHFVDEYDPTIEDSYRKQVVIDGETCLLDILDTAGHEEYSAMRDQYMRTGEGFLCVFAINNTKSFEDIHHYREQIKRVKDSEDVPMVLVGNKCDLPSRTVDTKQAQDLARSYGIPFIETSAKTRQGVDDAFYTLVREIRKHKEK	True	63.535	118.275	156.836	90.000	90.000	90.000	/Users/mitchellparker/Desktop/rascore_build/core/3gftD_core.cif	/Users/mitchellparker/Desktop/rascore_build/rcsb/3gft.cif.gz	/Users/mitchellparker/Desktop/rascore_build/renum/3gft_renum.cif	/Users/mitchellparker/Desktop/rascore_build/rcsb_assembly/3gft-assembly-1.cif.gz	/Users/mitchellparker/Desktop/rascore_build/renum_assembly/3gft-assembly-1_renum.cif	/Users/mitchellparker/Desktop/rascore_build/sifts/3gft.xml.gz	/Users/mitchellparker/Desktop/rascore_build/pocket/3gftD_4_pocket.pdb
3gftD	3gft	0	D	Disordered	Disordered	Disordered	Disordered	P 21 21 21 (CF5)	3gftD5	5	GTPase KRas	RASK_HUMAN	P01116-2	WT	WT	KRAS	3P	WT	None	None	None	None	Other-Unbound	P 21 21 21	187	1-31:38-60:72-167	2009-02-27	Other	281.4093	0.0003	Unbound	Unbound	108,109,110,138,139,162,165,166	MG,GNP	None	None	None	None	None	None	None	None	None	None	GNP	MG	None	None	None	None	STP	XRAY	2.270	0.215	MHHHHHHSSGRENLYFQGMTEYKLVVVGAGGVGKSALTIQLIQNHFVDEYDPTIEDSYRKQVVIDGETCLLDILDTAGHEEYSAMRDQYMRTGEGFLCVFAINNTKSFEDIHHYREQIKRVKDSEDVPMVLVGNKCDLPSRTVDTKQAQDLARSYGIPFIETSAKTRQGVDDAFYTLVREIRKHKEK	True	63.535	118.275	156.836	90.000	90.000	90.000	/Users/mitchellparker/Desktop/rascore_build/core/3gftD_core.cif	/Users/mitchellparker/Desktop/rascore_build/rcsb/3gft.cif.gz	/Users/mitchellparker/Desktop/rascore_build/renum/3gft_renum.cif	/Users/mitchellparker/Desktop/rascore_build/rcsb_assembly/3gft-assembly-1.cif.gz	/Users/mitchellparker/Desktop/rascore_build/renum_assembly/3gft-assembly-1_renum.cif	/Users/mitchellparker/Desktop/rascore_build/sifts/3gft.xml.gz	/Users/mitchellparker/Desktop/rascore_build/pocket/3gftD_5_pocket.pdb
3gftE	3gft	0	E	Y32in.3P-ON	Disordered	Y32in	Y71in	P 21 21 21 (CF5)	3gftE2	2	GTPase KRas	RASK_HUMAN	P01116-2	WT	WT	KRAS	3P	WT	None	None	None	None	SP12-Unbound	P 21 21 21	187	1-60:68-167	2009-02-27	SP12	187.7414	0.0028	Unbound	Unbound	5,6,7,39,54,56,74,75	MG,GNP	None	None	None	None	None	None	None	None	None	None	GNP	MG	None	None	None	None	STP	XRAY	2.270	0.215	MHHHHHHSSGRENLYFQGMTEYKLVVVGAGGVGKSALTIQLIQNHFVDEYDPTIEDSYRKQVVIDGETCLLDILDTAGHEEYSAMRDQYMRTGEGFLCVFAINNTKSFEDIHHYREQIKRVKDSEDVPMVLVGNKCDLPSRTVDTKQAQDLARSYGIPFIETSAKTRQGVDDAFYTLVREIRKHKEK	True	63.535	118.275	156.836	90.000	90.000	90.000	/Users/mitchellparker/Desktop/rascore_build/core/3gftE_core.cif	/Users/mitchellparker/Desktop/rascore_build/rcsb/3gft.cif.gz	/Users/mitchellparker/Desktop/rascore_build/renum/3gft_renum.cif	/Users/mitchellparker/Desktop/rascore_build/rcsb_assembly/3gft-assembly-1.cif.gz	/Users/mitchellparker/Desktop/rascore_build/renum_assembly/3gft-assembly-1_renum.cif	/Users/mitchellparker/Desktop/rascore_build/sifts/3gft.xml.gz	/Users/mitchellparker/Desktop/rascore_build/pocket/3gftE_2_pocket.pdb
3gftE	3gft	0	E	Y32in.3P-ON	Disordered	Y32in	Y71in	P 21 21 21 (CF5)	3gftE3	3	GTPase KRas	RASK_HUMAN	P01116-2	WT	WT	KRAS	3P	WT	None	None	None	None	SP12-Unbound	P 21 21 21	187	1-60:68-167	2009-02-27	SP12	232.3323	0.0000	Unbound	Unbound	39,40,41,54	MG,GNP	None	None	None	None	None	None	None	None	None	None	GNP	MG	None	None	None	None	STP	XRAY	2.270	0.215	MHHHHHHSSGRENLYFQGMTEYKLVVVGAGGVGKSALTIQLIQNHFVDEYDPTIEDSYRKQVVIDGETCLLDILDTAGHEEYSAMRDQYMRTGEGFLCVFAINNTKSFEDIHHYREQIKRVKDSEDVPMVLVGNKCDLPSRTVDTKQAQDLARSYGIPFIETSAKTRQGVDDAFYTLVREIRKHKEK	True	63.535	118.275	156.836	90.000	90.000	90.000	/Users/mitchellparker/Desktop/rascore_build/core/3gftE_core.cif	/Users/mitchellparker/Desktop/rascore_build/rcsb/3gft.cif.gz	/Users/mitchellparker/Desktop/rascore_build/renum/3gft_renum.cif	/Users/mitchellparker/Desktop/rascore_build/rcsb_assembly/3gft-assembly-1.cif.gz	/Users/mitchellparker/Desktop/rascore_build/renum_assembly/3gft-assembly-1_renum.cif	/Users/mitchellparker/Desktop/rascore_build/sifts/3gft.xml.gz	/Users/mitchellparker/Desktop/rascore_build/pocket/3gftE_3_pocket.pdb
3gftE	3gft	0	E	Y32in.3P-ON	Disordered	Y32in	Y71in	P 21 21 21 (CF5)	3gftE4	4	GTPase KRas	RASK_HUMAN	P01116-2	WT	WT	KRAS	3P	WT	None	None	None	None	SP12-Unbound	P 21 21 21	187	1-60:68-167	2009-02-27	Other	197.9678	0.0020	Unbound	Unbound	17,21,29,31,33,38,40	MG,GNP	None	None	None	None	None	None	None	None	None	None	GNP	MG	None	None	None	None	STP	XRAY	2.270	0.215	MHHHHHHSSGRENLYFQGMTEYKLVVVGAGGVGKSALTIQLIQNHFVDEYDPTIEDSYRKQVVIDGETCLLDILDTAGHEEYSAMRDQYMRTGEGFLCVFAINNTKSFEDIHHYREQIKRVKDSEDVPMVLVGNKCDLPSRTVDTKQAQDLARSYGIPFIETSAKTRQGVDDAFYTLVREIRKHKEK	True	63.535	118.275	156.836	90.000	90.000	90.000	/Users/mitchellparker/Desktop/rascore_build/core/3gftE_core.cif	/Users/mitchellparker/Desktop/rascore_build/rcsb/3gft.cif.gz	/Users/mitchellparker/Desktop/rascore_build/renum/3gft_renum.cif	/Users/mitchellparker/Desktop/rascore_build/rcsb_assembly/3gft-assembly-1.cif.gz	/Users/mitchellparker/Desktop/rascore_build/renum_assembly/3gft-assembly-1_renum.cif	/Users/mitchellparker/Desktop/rascore_build/sifts/3gft.xml.gz	/Users/mitchellparker/Desktop/rascore_build/pocket/3gftE_4_pocket.pdb
3gftF	3gft	0	F	Disordered	Disordered	Disordered	Y71in	P 21 21 21 (CF5)	3gftF2	2	GTPase KRas	RASK_HUMAN	P01116-2	WT	WT	KRAS	3P	WT	None	None	None	None	Other-Unbound	P 21 21 21	187	1-31:38-59:69-167	2009-02-27	Other	232.9210	0.0002	Unbound	Unbound	97,107,108,109,110,111,137,138,139,162,165,166	MG,GNP,CIT	None	None	None	None	None	None	None	None	None	None	GNP	MG	None	CIT	None	None	STP	XRAY	2.270	0.215	MHHHHHHSSGRENLYFQGMTEYKLVVVGAGGVGKSALTIQLIQNHFVDEYDPTIEDSYRKQVVIDGETCLLDILDTAGHEEYSAMRDQYMRTGEGFLCVFAINNTKSFEDIHHYREQIKRVKDSEDVPMVLVGNKCDLPSRTVDTKQAQDLARSYGIPFIETSAKTRQGVDDAFYTLVREIRKHKEK	True	63.535	118.275	156.836	90.000	90.000	90.000	/Users/mitchellparker/Desktop/rascore_build/core/3gftF_core.cif	/Users/mitchellparker/Desktop/rascore_build/rcsb/3gft.cif.gz	/Users/mitchellparker/Desktop/rascore_build/renum/3gft_renum.cif	/Users/mitchellparker/Desktop/rascore_build/rcsb_assembly/3gft-assembly-1.cif.gz	/Users/mitchellparker/Desktop/rascore_build/renum_assembly/3gft-assembly-1_renum.cif	/Users/mitchellparker/Desktop/rascore_build/sifts/3gft.xml.gz	/Users/mitchellparker/Desktop/rascore_build/pocket/3gftF_2_pocket.pdb
3gftF	3gft	0	F	Disordered	Disordered	Disordered	Y71in	P 21 21 21 (CF5)	3gftF3	3	GTPase KRas	RASK_HUMAN	P01116-2	WT	WT	KRAS	3P	WT	None	None	None	None	Other-Unbound	P 21 21 21	187	1-31:38-59:69-167	2009-02-27	Other	360.7915	0.0002	Unbound	Unbound	127,131,141,142,143,150,151,154	MG,GNP,CIT	None	None	None	None	None	None	None	None	None	None	GNP	MG	None	CIT	None	None	STP	XRAY	2.270	0.215	MHHHHHHSSGRENLYFQGMTEYKLVVVGAGGVGKSALTIQLIQNHFVDEYDPTIEDSYRKQVVIDGETCLLDILDTAGHEEYSAMRDQYMRTGEGFLCVFAINNTKSFEDIHHYREQIKRVKDSEDVPMVLVGNKCDLPSRTVDTKQAQDLARSYGIPFIETSAKTRQGVDDAFYTLVREIRKHKEK	True	63.535	118.275	156.836	90.000	90.000	90.000	/Users/mitchellparker/Desktop/rascore_build/core/3gftF_core.cif	/Users/mitchellparker/Desktop/rascore_build/rcsb/3gft.cif.gz	/Users/mitchellparker/Desktop/rascore_build/renum/3gft_renum.cif	/Users/mitchellparker/Desktop/rascore_build/rcsb_assembly/3gft-assembly-1.cif.gz	/Users/mitchellparker/Desktop/rascore_build/renum_assembly/3gft-assembly-1_renum.cif	/Users/mitchellparker/Desktop/rascore_build/sifts/3gft.xml.gz	/Users/mitchellparker/Desktop/rascore_build/pocket/3gftF_3_pocket.pdb
3k8yA	3k8y	0	A	Y32in.3P-ON	Y71in.3P-R	Y32in	Y71in	H 3 2 (CF2)	3k8yA3	3	GTPase HRas	RASH_HUMAN	P01112	WT	WT	HRAS	3P	WT	None	None	None	Homodimer	Multiple-Unbound	H 3 2	166	1-166	2009-10-15	Other	523.1714	0.0304	Unbound	Unbound	2,3,4,74,75,76,104,106,108,109,110,163,166	GNP,CA,MG,CA,MG,ACT	None	None	None	None	None	None	None	None	None	None	GNP	MG	None	ACT,CA	None	None	STP	XRAY	1.300	0.201	MTEYKLVVVGAGGVGKSALTIQLIQNHFVDEYDPTIEDSYRKQVVIDGETCLLDILDTAGQEEYSAMRDQYMRTGEGFLCVFAINNTKSFEDIHQYREQIKRVKDSDDVPMVLVGNKCDLAARTVESRQAQDLARSYGIPYIETSAKTRQGVEDAFYTLVREIRQH	True	88.475	88.475	134.906	90.000	90.000	120.000	/Users/mitchellparker/Desktop/rascore_build/core/3k8yA_core.cif	/Users/mitchellparker/Desktop/rascore_build/rcsb/3k8y.cif.gz	/Users/mitchellparker/Desktop/rascore_build/renum/3k8y_renum.cif	/Users/mitchellparker/Desktop/rascore_build/rcsb_assembly/3k8y-assembly-1.cif.gz	/Users/mitchellparker/Desktop/rascore_build/renum_assembly/3k8y-assembly-1_renum.cif	/Users/mitchellparker/Desktop/rascore_build/sifts/3k8y.xml.gz	/Users/mitchellparker/Desktop/rascore_build/pocket/3k8yA_3_pocket.pdb
3k8yA	3k8y	0	A	Y32in.3P-ON	Y71in.3P-R	Y32in	Y71in	H 3 2 (CF2)	3k8yA4	4	GTPase HRas	RASH_HUMAN	P01112	WT	WT	HRAS	3P	WT	None	None	None	Homodimer	Multiple-Unbound	H 3 2	166	1-166	2009-10-15	SP2	184.5793	0.0006	Unbound	Unbound	11,12,60,62,68,92,95,96	GNP,CA,MG,CA,MG,ACT	None	None	None	None	None	None	None	None	None	None	GNP	MG	None	ACT,CA	None	None	STP	XRAY	1.300	0.201	MTEYKLVVVGAGGVGKSALTIQLIQNHFVDEYDPTIEDSYRKQVVIDGETCLLDILDTAGQEEYSAMRDQYMRTGEGFLCVFAINNTKSFEDIHQYREQIKRVKDSDDVPMVLVGNKCDLAARTVESRQAQDLARSYGIPYIETSAKTRQGVEDAFYTLVREIRQH	True	88.475	88.475	134.906	90.000	90.000	120.000	/Users/mitchellparker/Desktop/rascore_build/core/3k8yA_core.cif	/Users/mitchellparker/Desktop/rascore_build/rcsb/3k8y.cif.gz	/Users/mitchellparker/Desktop/rascore_build/renum/3k8y_renum.cif	/Users/mitchellparker/Desktop/rascore_build/rcsb_assembly/3k8y-assembly-1.cif.gz	/Users/mitchellparker/Desktop/rascore_build/renum_assembly/3k8y-assembly-1_renum.cif	/Users/mitchellparker/Desktop/rascore_build/sifts/3k8y.xml.gz	/Users/mitchellparker/Desktop/rascore_build/pocket/3k8yA_4_pocket.pdb
3k8yA	3k8y	0	A	Y32in.3P-ON	Y71in.3P-R	Y32in	Y71in	H 3 2 (CF2)	3k8yA5	5	GTPase HRas	RASH_HUMAN	P01112	WT	WT	HRAS	3P	WT	None	None	None	Homodimer	Multiple-Unbound	H 3 2	166	1-166	2009-10-15	SP12	126.1870	0.0033	Unbound	Unbound	5,6,7,54,56,71,74,75	GNP,CA,MG,CA,MG,ACT	None	None	None	None	None	None	None	None	None	None	GNP	MG	None	ACT,CA	None	None	STP	XRAY	1.300	0.201	MTEYKLVVVGAGGVGKSALTIQLIQNHFVDEYDPTIEDSYRKQVVIDGETCLLDILDTAGQEEYSAMRDQYMRTGEGFLCVFAINNTKSFEDIHQYREQIKRVKDSDDVPMVLVGNKCDLAARTVESRQAQDLARSYGIPYIETSAKTRQGVEDAFYTLVREIRQH	True	88.475	88.475	134.906	90.000	90.000	120.000	/Users/mitchellparker/Desktop/rascore_build/core/3k8yA_core.cif	/Users/mitchellparker/Desktop/rascore_build/rcsb/3k8y.cif.gz	/Users/mitchellparker/Desktop/rascore_build/renum/3k8y_renum.cif	/Users/mitchellparker/Desktop/rascore_build/rcsb_assembly/3k8y-assembly-1.cif.gz	/Users/mitchellparker/Desktop/rascore_build/renum_assembly/3k8y-assembly-1_renum.cif	/Users/mitchellparker/Desktop/rascore_build/sifts/3k8y.xml.gz	/Users/mitchellparker/Desktop/rascore_build/pocket/3k8yA_5_pocket.pdb
3k9lA	3k9l	0	A	Outlier	Disordered	Disordered	Disordered	P 21 21 21 (CF4)	3k9lA2	2	GTPase HRas	RASH_HUMAN	P01112	Y32F	Y32	HRAS	3P	Other	None	None	None	Homodimer	Other-Unbound	P 21 21 21	166	1-64:72-166	2009-10-15	Other	386.2698	0.0009	Unbound	Unbound	131,134,135,138,139,140,141,162	CA,MG,GNP	None	None	None	None	None	None	None	None	None	None	GNP	MG	None	CA	None	None	STP	XRAY	1.800	0.221	MTEYKLVVVGAGGVGKSALTIQLIQNHFVDEFDPTIEDSYRKQVVIDGETCLLDILDTAGQEEYSAMRDQYMRTGEGFLCVFAINNTKSFEDIHQYREQIKRVKDSDDVPMVLVGNKCDLAARTVESRQAQDLARSYGIPYIETSAKTRQGVEDAFYTLVREIRQH	True	95.113	60.632	74.975	90.00	90.00	90.00	/Users/mitchellparker/Desktop/rascore_build/core/3k9lA_core.cif	/Users/mitchellparker/Desktop/rascore_build/rcsb/3k9l.cif.gz	/Users/mitchellparker/Desktop/rascore_build/renum/3k9l_renum.cif	/Users/mitchellparker/Desktop/rascore_build/rcsb_assembly/3k9l-assembly-3.cif.gz	/Users/mitchellparker/Desktop/rascore_build/renum_assembly/3k9l-assembly-3_renum.cif	/Users/mitchellparker/Desktop/rascore_build/sifts/3k9l.xml.gz	/Users/mitchellparker/Desktop/rascore_build/pocket/3k9lA_2_pocket.pdb
3k9lB	3k9l	0	B	Outlier	Disordered	Disordered	Disordered	P 21 21 21 (CF4)	3k9lB2	2	GTPase HRas	RASH_HUMAN	P01112	Y32F	Y32	HRAS	3P	Other	None	None	None	Homodimer	SP2-Unbound	P 21 21 21	166	1-59:68-166	2009-10-15	Other	315.3223	0.0019	Unbound	Unbound	127,131,134,135,139,141,143	CA,MG,GNP	None	None	None	None	None	None	None	None	None	None	GNP	MG	None	CA	None	None	STP	XRAY	1.800	0.221	MTEYKLVVVGAGGVGKSALTIQLIQNHFVDEFDPTIEDSYRKQVVIDGETCLLDILDTAGQEEYSAMRDQYMRTGEGFLCVFAINNTKSFEDIHQYREQIKRVKDSDDVPMVLVGNKCDLAARTVESRQAQDLARSYGIPYIETSAKTRQGVEDAFYTLVREIRQH	True	95.113	60.632	74.975	90.00	90.00	90.00	/Users/mitchellparker/Desktop/rascore_build/core/3k9lB_core.cif	/Users/mitchellparker/Desktop/rascore_build/rcsb/3k9l.cif.gz	/Users/mitchellparker/Desktop/rascore_build/renum/3k9l_renum.cif	/Users/mitchellparker/Desktop/rascore_build/rcsb_assembly/3k9l-assembly-3.cif.gz	/Users/mitchellparker/Desktop/rascore_build/renum_assembly/3k9l-assembly-3_renum.cif	/Users/mitchellparker/Desktop/rascore_build/sifts/3k9l.xml.gz	/Users/mitchellparker/Desktop/rascore_build/pocket/3k9lB_2_pocket.pdb
3k9lB	3k9l	0	B	Outlier	Disordered	Disordered	Disordered	P 21 21 21 (CF4)	3k9lB3	3	GTPase HRas	RASH_HUMAN	P01112	Y32F	Y32	HRAS	3P	Other	None	None	None	Homodimer	SP2-Unbound	P 21 21 21	166	1-59:68-166	2009-10-15	Other	185.5935	0.0004	Unbound	Unbound	97,101,107,108,109,111,137,138,139,162,166	CA,MG,GNP	None	None	None	None	None	None	None	None	None	None	GNP	MG	None	CA	None	None	STP	XRAY	1.800	0.221	MTEYKLVVVGAGGVGKSALTIQLIQNHFVDEFDPTIEDSYRKQVVIDGETCLLDILDTAGQEEYSAMRDQYMRTGEGFLCVFAINNTKSFEDIHQYREQIKRVKDSDDVPMVLVGNKCDLAARTVESRQAQDLARSYGIPYIETSAKTRQGVEDAFYTLVREIRQH	True	95.113	60.632	74.975	90.00	90.00	90.00	/Users/mitchellparker/Desktop/rascore_build/core/3k9lB_core.cif	/Users/mitchellparker/Desktop/rascore_build/rcsb/3k9l.cif.gz	/Users/mitchellparker/Desktop/rascore_build/renum/3k9l_renum.cif	/Users/mitchellparker/Desktop/rascore_build/rcsb_assembly/3k9l-assembly-3.cif.gz	/Users/mitchellparker/Desktop/rascore_build/renum_assembly/3k9l-assembly-3_renum.cif	/Users/mitchellparker/Desktop/rascore_build/sifts/3k9l.xml.gz	/Users/mitchellparker/Desktop/rascore_build/pocket/3k9lB_3_pocket.pdb
3k9lB	3k9l	0	B	Outlier	Disordered	Disordered	Disordered	P 21 21 21 (CF4)	3k9lB4	4	GTPase HRas	RASH_HUMAN	P01112	Y32F	Y32	HRAS	3P	Other	None	None	None	Homodimer	SP2-Unbound	P 21 21 21	166	1-59:68-166	2009-10-15	SP2	227.8671	0.1455	Unbound	Unbound	92,95,96,99	CA,MG,GNP	None	None	None	None	None	None	None	None	None	None	GNP	MG	None	CA	None	None	STP	XRAY	1.800	0.221	MTEYKLVVVGAGGVGKSALTIQLIQNHFVDEFDPTIEDSYRKQVVIDGETCLLDILDTAGQEEYSAMRDQYMRTGEGFLCVFAINNTKSFEDIHQYREQIKRVKDSDDVPMVLVGNKCDLAARTVESRQAQDLARSYGIPYIETSAKTRQGVEDAFYTLVREIRQH	True	95.113	60.632	74.975	90.00	90.00	90.00	/Users/mitchellparker/Desktop/rascore_build/core/3k9lB_core.cif	/Users/mitchellparker/Desktop/rascore_build/rcsb/3k9l.cif.gz	/Users/mitchellparker/Desktop/rascore_build/renum/3k9l_renum.cif	/Users/mitchellparker/Desktop/rascore_build/rcsb_assembly/3k9l-assembly-3.cif.gz	/Users/mitchellparker/Desktop/rascore_build/renum_assembly/3k9l-assembly-3_renum.cif	/Users/mitchellparker/Desktop/rascore_build/sifts/3k9l.xml.gz	/Users/mitchellparker/Desktop/rascore_build/pocket/3k9lB_4_pocket.pdb
3k9lC	3k9l	0	C	Outlier	Disordered	Disordered	Disordered	P 21 21 21 (CF4)	3k9lC2	2	GTPase HRas	RASH_HUMAN	P01112	Y32F	Y32	HRAS	3P	Other	None	None	None	None	Other-Unbound	P 21 21 21	166	1-60:69-166	2009-10-15	Other	185.7308	0.0000	Unbound	Unbound	131,134,135,139,140,141	MG,GNP	None	None	None	None	None	None	None	None	None	None	GNP	MG	None	None	None	None	STP	XRAY	1.800	0.221	MTEYKLVVVGAGGVGKSALTIQLIQNHFVDEFDPTIEDSYRKQVVIDGETCLLDILDTAGQEEYSAMRDQYMRTGEGFLCVFAINNTKSFEDIHQYREQIKRVKDSDDVPMVLVGNKCDLAARTVESRQAQDLARSYGIPYIETSAKTRQGVEDAFYTLVREIRQH	True	95.113	60.632	74.975	90.00	90.00	90.00	/Users/mitchellparker/Desktop/rascore_build/core/3k9lC_core.cif	/Users/mitchellparker/Desktop/rascore_build/rcsb/3k9l.cif.gz	/Users/mitchellparker/Desktop/rascore_build/renum/3k9l_renum.cif	/Users/mitchellparker/Desktop/rascore_build/rcsb_assembly/3k9l-assembly-3.cif.gz	/Users/mitchellparker/Desktop/rascore_build/renum_assembly/3k9l-assembly-3_renum.cif	/Users/mitchellparker/Desktop/rascore_build/sifts/3k9l.xml.gz	/Users/mitchellparker/Desktop/rascore_build/pocket/3k9lC_2_pocket.pdb
3k9nA	3k9n	0	A	Outlier	Y71in.3P-SP12-A	Disordered	Y71in	P 31 2 1 (CF2)	3k9nA2	2	GTPase HRas	RASH_HUMAN	P01112	Y32F	Y32	HRAS	3P	Other	None	None	None	None	Multiple-Unbound	P 31 2 1	166	1-61:64-166	2009-10-16	SP2	780.2963	0.6469	Unbound	Unbound	9,37,38,56,57,58,59,60,61,64,65,67,68,71,72,92,95,96,99,100	GNP,CA,MG	None	None	None	None	None	None	None	None	None	None	GNP	MG	None	CA	None	None	STP	XRAY	2.000	0.220	MTEYKLVVVGAGGVGKSALTIQLIQNHFVDEFDPTIEDSYRKQVVIDGETCLLDILDTAGQEEYSAMRDQYMRTGEGFLCVFAINNTKSFEDIHQYREQIKRVKDSDDVPMVLVGNKCDLAARTVESRQAQDLARSYGIPYIETSAKTRQGVEDAFYTLVREIRQH	True	38.423	38.423	191.749	90.00	90.00	120.00	/Users/mitchellparker/Desktop/rascore_build/core/3k9nA_core.cif	/Users/mitchellparker/Desktop/rascore_build/rcsb/3k9n.cif.gz	/Users/mitchellparker/Desktop/rascore_build/renum/3k9n_renum.cif	/Users/mitchellparker/Desktop/rascore_build/rcsb_assembly/3k9n-assembly-1.cif.gz	/Users/mitchellparker/Desktop/rascore_build/renum_assembly/3k9n-assembly-1_renum.cif	/Users/mitchellparker/Desktop/rascore_build/sifts/3k9n.xml.gz	/Users/mitchellparker/Desktop/rascore_build/pocket/3k9nA_2_pocket.pdb
3k9nA	3k9n	0	A	Outlier	Y71in.3P-SP12-A	Disordered	Y71in	P 31 2 1 (CF2)	3k9nA3	3	GTPase HRas	RASH_HUMAN	P01112	Y32F	Y32	HRAS	3P	Other	None	None	None	None	Multiple-Unbound	P 31 2 1	166	1-61:64-166	2009-10-16	Other	56.3294	0.0025	Unbound	Unbound	97,100,101,106,109,111	GNP,CA,MG	None	None	None	None	None	None	None	None	None	None	GNP	MG	None	CA	None	None	STP	XRAY	2.000	0.220	MTEYKLVVVGAGGVGKSALTIQLIQNHFVDEFDPTIEDSYRKQVVIDGETCLLDILDTAGQEEYSAMRDQYMRTGEGFLCVFAINNTKSFEDIHQYREQIKRVKDSDDVPMVLVGNKCDLAARTVESRQAQDLARSYGIPYIETSAKTRQGVEDAFYTLVREIRQH	True	38.423	38.423	191.749	90.00	90.00	120.00	/Users/mitchellparker/Desktop/rascore_build/core/3k9nA_core.cif	/Users/mitchellparker/Desktop/rascore_build/rcsb/3k9n.cif.gz	/Users/mitchellparker/Desktop/rascore_build/renum/3k9n_renum.cif	/Users/mitchellparker/Desktop/rascore_build/rcsb_assembly/3k9n-assembly-1.cif.gz	/Users/mitchellparker/Desktop/rascore_build/renum_assembly/3k9n-assembly-1_renum.cif	/Users/mitchellparker/Desktop/rascore_build/sifts/3k9n.xml.gz	/Users/mitchellparker/Desktop/rascore_build/pocket/3k9nA_3_pocket.pdb
3k9nA	3k9n	0	A	Outlier	Y71in.3P-SP12-A	Disordered	Y71in	P 31 2 1 (CF2)	3k9nA4	4	GTPase HRas	RASH_HUMAN	P01112	Y32F	Y32	HRAS	3P	Other	None	None	None	None	Multiple-Unbound	P 31 2 1	166	1-61:64-166	2009-10-16	Other	278.7768	0.0102	Unbound	Unbound	76,104,106,109,110,163,166	GNP,CA,MG	None	None	None	None	None	None	None	None	None	None	GNP	MG	None	CA	None	None	STP	XRAY	2.000	0.220	MTEYKLVVVGAGGVGKSALTIQLIQNHFVDEFDPTIEDSYRKQVVIDGETCLLDILDTAGQEEYSAMRDQYMRTGEGFLCVFAINNTKSFEDIHQYREQIKRVKDSDDVPMVLVGNKCDLAARTVESRQAQDLARSYGIPYIETSAKTRQGVEDAFYTLVREIRQH	True	38.423	38.423	191.749	90.00	90.00	120.00	/Users/mitchellparker/Desktop/rascore_build/core/3k9nA_core.cif	/Users/mitchellparker/Desktop/rascore_build/rcsb/3k9n.cif.gz	/Users/mitchellparker/Desktop/rascore_build/renum/3k9n_renum.cif	/Users/mitchellparker/Desktop/rascore_build/rcsb_assembly/3k9n-assembly-1.cif.gz	/Users/mitchellparker/Desktop/rascore_build/renum_assembly/3k9n-assembly-1_renum.cif	/Users/mitchellparker/Desktop/rascore_build/sifts/3k9n.xml.gz	/Users/mitchellparker/Desktop/rascore_build/pocket/3k9nA_4_pocket.pdb
3k9nA	3k9n	0	A	Outlier	Y71in.3P-SP12-A	Disordered	Y71in	P 31 2 1 (CF2)	3k9nA5	5	GTPase HRas	RASH_HUMAN	P01112	Y32F	Y32	HRAS	3P	Other	None	None	None	None	Multiple-Unbound	P 31 2 1	166	1-61:64-166	2009-10-16	Other	215.8180	0.0001	Unbound	Unbound	107,108,109,110,111,137,138,139,162,165,166	GNP,CA,MG	None	None	None	None	None	None	None	None	None	None	GNP	MG	None	CA	None	None	STP	XRAY	2.000	0.220	MTEYKLVVVGAGGVGKSALTIQLIQNHFVDEFDPTIEDSYRKQVVIDGETCLLDILDTAGQEEYSAMRDQYMRTGEGFLCVFAINNTKSFEDIHQYREQIKRVKDSDDVPMVLVGNKCDLAARTVESRQAQDLARSYGIPYIETSAKTRQGVEDAFYTLVREIRQH	True	38.423	38.423	191.749	90.00	90.00	120.00	/Users/mitchellparker/Desktop/rascore_build/core/3k9nA_core.cif	/Users/mitchellparker/Desktop/rascore_build/rcsb/3k9n.cif.gz	/Users/mitchellparker/Desktop/rascore_build/renum/3k9n_renum.cif	/Users/mitchellparker/Desktop/rascore_build/rcsb_assembly/3k9n-assembly-1.cif.gz	/Users/mitchellparker/Desktop/rascore_build/renum_assembly/3k9n-assembly-1_renum.cif	/Users/mitchellparker/Desktop/rascore_build/sifts/3k9n.xml.gz	/Users/mitchellparker/Desktop/rascore_build/pocket/3k9nA_5_pocket.pdb
3k9nA	3k9n	0	A	Outlier	Y71in.3P-SP12-A	Disordered	Y71in	P 31 2 1 (CF2)	3k9nA6	6	GTPase HRas	RASH_HUMAN	P01112	Y32F	Y32	HRAS	3P	Other	None	None	None	None	Multiple-Unbound	P 31 2 1	166	1-61:64-166	2009-10-16	SP12	174.7769	0.0007	Unbound	Unbound	5,6,7,39,54,56,74,75	GNP,CA,MG	None	None	None	None	None	None	None	None	None	None	GNP	MG	None	CA	None	None	STP	XRAY	2.000	0.220	MTEYKLVVVGAGGVGKSALTIQLIQNHFVDEFDPTIEDSYRKQVVIDGETCLLDILDTAGQEEYSAMRDQYMRTGEGFLCVFAINNTKSFEDIHQYREQIKRVKDSDDVPMVLVGNKCDLAARTVESRQAQDLARSYGIPYIETSAKTRQGVEDAFYTLVREIRQH	True	38.423	38.423	191.749	90.00	90.00	120.00	/Users/mitchellparker/Desktop/rascore_build/core/3k9nA_core.cif	/Users/mitchellparker/Desktop/rascore_build/rcsb/3k9n.cif.gz	/Users/mitchellparker/Desktop/rascore_build/renum/3k9n_renum.cif	/Users/mitchellparker/Desktop/rascore_build/rcsb_assembly/3k9n-assembly-1.cif.gz	/Users/mitchellparker/Desktop/rascore_build/renum_assembly/3k9n-assembly-1_renum.cif	/Users/mitchellparker/Desktop/rascore_build/sifts/3k9n.xml.gz	/Users/mitchellparker/Desktop/rascore_build/pocket/3k9nA_6_pocket.pdb
3kkmA	3kkm	0	A	Outlier	Disordered	Y32out	Disordered	H 3 2 (CF3)	3kkmA3	3	GTPase HRas	RASH_HUMAN	P01112	T35S	T35	HRAS	3P	Other	None	None	None	Homodimer	Other-Unbound	H 3 2	172	1-60:72-166	2009-11-06	Other	439.2991	0.0341	Unbound	Unbound	74,75,76,104,106,108,109,110,163,166	GNP,MG,SO4,SO4	None	None	None	None	None	None	None	None	None	None	GNP	MG	None	SO4	None	None	STP	XRAY	1.700	0.197	GPLGSDMTEYKLVVVGAGGVGKSALTIQLIQNHFVDEYDPSIEDSYRKQVVIDGETCLLDILDTAGQEEYSAMRDQYMRTGEGFLCVFAINNTKSFEDIHQYREQIKRVKDSDDVPMVLVGNKCDLAARTVESRQAQDLARSYGIPYIETSAKTRQGVEDAFYTLVREIRQH	True	92.855	92.855	117.478	90.00	90.00	120.00	/Users/mitchellparker/Desktop/rascore_build/core/3kkmA_core.cif	/Users/mitchellparker/Desktop/rascore_build/rcsb/3kkm.cif.gz	/Users/mitchellparker/Desktop/rascore_build/renum/3kkm_renum.cif	/Users/mitchellparker/Desktop/rascore_build/rcsb_assembly/3kkm-assembly-1.cif.gz	/Users/mitchellparker/Desktop/rascore_build/renum_assembly/3kkm-assembly-1_renum.cif	/Users/mitchellparker/Desktop/rascore_build/sifts/3kkm.xml.gz	/Users/mitchellparker/Desktop/rascore_build/pocket/3kkmA_3_pocket.pdb
3kkmA	3kkm	0	A	Outlier	Disordered	Y32out	Disordered	H 3 2 (CF3)	3kkmA4	4	GTPase HRas	RASH_HUMAN	P01112	T35S	T35	HRAS	3P	Other	None	None	None	Homodimer	Other-Unbound	H 3 2	172	1-60:72-166	2009-11-06	Other	219.5979	0.0001	Unbound	Unbound	107,108,109,110,137,138,139,162,165,166	GNP,MG,SO4,SO4	None	None	None	None	None	None	None	None	None	None	GNP	MG	None	SO4	None	None	STP	XRAY	1.700	0.197	GPLGSDMTEYKLVVVGAGGVGKSALTIQLIQNHFVDEYDPSIEDSYRKQVVIDGETCLLDILDTAGQEEYSAMRDQYMRTGEGFLCVFAINNTKSFEDIHQYREQIKRVKDSDDVPMVLVGNKCDLAARTVESRQAQDLARSYGIPYIETSAKTRQGVEDAFYTLVREIRQH	True	92.855	92.855	117.478	90.00	90.00	120.00	/Users/mitchellparker/Desktop/rascore_build/core/3kkmA_core.cif	/Users/mitchellparker/Desktop/rascore_build/rcsb/3kkm.cif.gz	/Users/mitchellparker/Desktop/rascore_build/renum/3kkm_renum.cif	/Users/mitchellparker/Desktop/rascore_build/rcsb_assembly/3kkm-assembly-1.cif.gz	/Users/mitchellparker/Desktop/rascore_build/renum_assembly/3kkm-assembly-1_renum.cif	/Users/mitchellparker/Desktop/rascore_build/sifts/3kkm.xml.gz	/Users/mitchellparker/Desktop/rascore_build/pocket/3kkmA_4_pocket.pdb
3kknA	3kkn	0	A	Outlier	Outlier	Y32out	Y71out	I 2 2 2 (CF1)	3kknA2	2	GTPase HRas	RASH_HUMAN	P01112	T35S	T35	HRAS	3P	Other	None	None	None	None	SP12-Unbound	I 2 2 2	172	1-166	2009-11-06	SP12	371.7377	0.4886	Unbound	Unbound	5,6,7,37,38,39,54,56,67,70,71,74,75	GNP,MG	None	None	None	None	None	None	None	None	None	None	GNP	MG	None	None	None	None	STP	XRAY	2.090	0.196	GPLGSDMTEYKLVVVGAGGVGKSALTIQLIQNHFVDEYDPSIEDSYRKQVVIDGETCLLDILDTAGQEEYSAMRDQYMRTGEGFLCVFAINNTKSFEDIHQYREQIKRVKDSDDVPMVLVGNKCDLAARTVESRQAQDLARSYGIPYIETSAKTRQGVEDAFYTLVREIRQH	True	34.583	82.000	121.998	90.00	90.00	90.00	/Users/mitchellparker/Desktop/rascore_build/core/3kknA_core.cif	/Users/mitchellparker/Desktop/rascore_build/rcsb/3kkn.cif.gz	/Users/mitchellparker/Desktop/rascore_build/renum/3kkn_renum.cif	/Users/mitchellparker/Desktop/rascore_build/rcsb_assembly/3kkn-assembly-1.cif.gz	/Users/mitchellparker/Desktop/rascore_build/renum_assembly/3kkn-assembly-1_renum.cif	/Users/mitchellparker/Desktop/rascore_build/sifts/3kkn.xml.gz	/Users/mitchellparker/Desktop/rascore_build/pocket/3kknA_2_pocket.pdb
3kknA	3kkn	0	A	Outlier	Outlier	Y32out	Y71out	I 2 2 2 (CF1)	3kknA3	3	GTPase HRas	RASH_HUMAN	P01112	T35S	T35	HRAS	3P	Other	None	None	None	None	SP12-Unbound	I 2 2 2	172	1-166	2009-11-06	Other	302.9405	0.0016	Unbound	Unbound	131,134,135,138,139,140,141	GNP,MG	None	None	None	None	None	None	None	None	None	None	GNP	MG	None	None	None	None	STP	XRAY	2.090	0.196	GPLGSDMTEYKLVVVGAGGVGKSALTIQLIQNHFVDEYDPSIEDSYRKQVVIDGETCLLDILDTAGQEEYSAMRDQYMRTGEGFLCVFAINNTKSFEDIHQYREQIKRVKDSDDVPMVLVGNKCDLAARTVESRQAQDLARSYGIPYIETSAKTRQGVEDAFYTLVREIRQH	True	34.583	82.000	121.998	90.00	90.00	90.00	/Users/mitchellparker/Desktop/rascore_build/core/3kknA_core.cif	/Users/mitchellparker/Desktop/rascore_build/rcsb/3kkn.cif.gz	/Users/mitchellparker/Desktop/rascore_build/renum/3kkn_renum.cif	/Users/mitchellparker/Desktop/rascore_build/rcsb_assembly/3kkn-assembly-1.cif.gz	/Users/mitchellparker/Desktop/rascore_build/renum_assembly/3kkn-assembly-1_renum.cif	/Users/mitchellparker/Desktop/rascore_build/sifts/3kkn.xml.gz	/Users/mitchellparker/Desktop/rascore_build/pocket/3kknA_3_pocket.pdb
3kknA	3kkn	0	A	Outlier	Outlier	Y32out	Y71out	I 2 2 2 (CF1)	3kknA5	5	GTPase HRas	RASH_HUMAN	P01112	T35S	T35	HRAS	3P	Other	None	None	None	None	SP12-Unbound	I 2 2 2	172	1-166	2009-11-06	Other	262.0692	0.0001	Unbound	Unbound	61,94,95,98,99,101,102	GNP,MG	None	None	None	None	None	None	None	None	None	None	GNP	MG	None	None	None	None	STP	XRAY	2.090	0.196	GPLGSDMTEYKLVVVGAGGVGKSALTIQLIQNHFVDEYDPSIEDSYRKQVVIDGETCLLDILDTAGQEEYSAMRDQYMRTGEGFLCVFAINNTKSFEDIHQYREQIKRVKDSDDVPMVLVGNKCDLAARTVESRQAQDLARSYGIPYIETSAKTRQGVEDAFYTLVREIRQH	True	34.583	82.000	121.998	90.00	90.00	90.00	/Users/mitchellparker/Desktop/rascore_build/core/3kknA_core.cif	/Users/mitchellparker/Desktop/rascore_build/rcsb/3kkn.cif.gz	/Users/mitchellparker/Desktop/rascore_build/renum/3kkn_renum.cif	/Users/mitchellparker/Desktop/rascore_build/rcsb_assembly/3kkn-assembly-1.cif.gz	/Users/mitchellparker/Desktop/rascore_build/renum_assembly/3kkn-assembly-1_renum.cif	/Users/mitchellparker/Desktop/rascore_build/sifts/3kkn.xml.gz	/Users/mitchellparker/Desktop/rascore_build/pocket/3kknA_5_pocket.pdb
3kknA	3kkn	0	A	Outlier	Outlier	Y32out	Y71out	I 2 2 2 (CF1)	3kknA6	6	GTPase HRas	RASH_HUMAN	P01112	T35S	T35	HRAS	3P	Other	None	None	None	None	SP12-Unbound	I 2 2 2	172	1-166	2009-11-06	Other	294.3990	0.0007	Unbound	Unbound	73,74,75,76,104,106,108,109,110,163,166	GNP,MG	None	None	None	None	None	None	None	None	None	None	GNP	MG	None	None	None	None	STP	XRAY	2.090	0.196	GPLGSDMTEYKLVVVGAGGVGKSALTIQLIQNHFVDEYDPSIEDSYRKQVVIDGETCLLDILDTAGQEEYSAMRDQYMRTGEGFLCVFAINNTKSFEDIHQYREQIKRVKDSDDVPMVLVGNKCDLAARTVESRQAQDLARSYGIPYIETSAKTRQGVEDAFYTLVREIRQH	True	34.583	82.000	121.998	90.00	90.00	90.00	/Users/mitchellparker/Desktop/rascore_build/core/3kknA_core.cif	/Users/mitchellparker/Desktop/rascore_build/rcsb/3kkn.cif.gz	/Users/mitchellparker/Desktop/rascore_build/renum/3kkn_renum.cif	/Users/mitchellparker/Desktop/rascore_build/rcsb_assembly/3kkn-assembly-1.cif.gz	/Users/mitchellparker/Desktop/rascore_build/renum_assembly/3kkn-assembly-1_renum.cif	/Users/mitchellparker/Desktop/rascore_build/sifts/3kkn.xml.gz	/Users/mitchellparker/Desktop/rascore_build/pocket/3kknA_6_pocket.pdb
3kknA	3kkn	0	A	Outlier	Outlier	Y32out	Y71out	I 2 2 2 (CF1)	3kknA7	7	GTPase HRas	RASH_HUMAN	P01112	T35S	T35	HRAS	3P	Other	None	None	None	None	SP12-Unbound	I 2 2 2	172	1-166	2009-11-06	Other	231.2341	0.0000	Unbound	Unbound	63,64,65,66,68,69	GNP,MG	None	None	None	None	None	None	None	None	None	None	GNP	MG	None	None	None	None	STP	XRAY	2.090	0.196	GPLGSDMTEYKLVVVGAGGVGKSALTIQLIQNHFVDEYDPSIEDSYRKQVVIDGETCLLDILDTAGQEEYSAMRDQYMRTGEGFLCVFAINNTKSFEDIHQYREQIKRVKDSDDVPMVLVGNKCDLAARTVESRQAQDLARSYGIPYIETSAKTRQGVEDAFYTLVREIRQH	True	34.583	82.000	121.998	90.00	90.00	90.00	/Users/mitchellparker/Desktop/rascore_build/core/3kknA_core.cif	/Users/mitchellparker/Desktop/rascore_build/rcsb/3kkn.cif.gz	/Users/mitchellparker/Desktop/rascore_build/renum/3kkn_renum.cif	/Users/mitchellparker/Desktop/rascore_build/rcsb_assembly/3kkn-assembly-1.cif.gz	/Users/mitchellparker/Desktop/rascore_build/renum_assembly/3kkn-assembly-1_renum.cif	/Users/mitchellparker/Desktop/rascore_build/sifts/3kkn.xml.gz	/Users/mitchellparker/Desktop/rascore_build/pocket/3kknA_7_pocket.pdb
3kudA	3kud	0	A	Outlier	Outlier	Y32in	Y71out	H 3 2 (CF5)	3kudA1	1	GTPase HRas	RASH_HUMAN	P01112	WT	WT	HRAS	2P	WT	None	None	Effector	Homodimer	SP2-Unbound	H 3 2	166	1-165	2009-11-27	Other	343.9250	0.0001	Unbound	Unbound	127,131,134,135,139,141,143	GDP,MG	RAF proto-oncogene serine/threonine-protein kinase	None	B:41,39,40,37,38,36,31,25,24	RAF1_HUMAN	None	None	None	RBD	None	B	GDP	MG	None	None	None	None	STP	XRAY	2.150	0.238	MTEYKLVVVGAGGVGKSALTIQLIQNHFVDEYDPTIEDSYRKQVVIDGETCLLDILDTAGQEEYSAMRDQYMRTGEGFLCVFAINNTKSFEDIHQYREQIKRVKDSDDVPMVLVGNKCDLAARTVESRQAQDLARSYGIPYIETSAKTRQGVEDAFYTLVREIRQH	True	91.130	91.130	277.980	90.00	90.00	120.00	/Users/mitchellparker/Desktop/rascore_build/core/3kudA_core.cif	/Users/mitchellparker/Desktop/rascore_build/rcsb/3kud.cif.gz	/Users/mitchellparker/Desktop/rascore_build/renum/3kud_renum.cif	/Users/mitchellparker/Desktop/rascore_build/rcsb_assembly/3kud-assembly-1.cif.gz	/Users/mitchellparker/Desktop/rascore_build/renum_assembly/3kud-assembly-1_renum.cif	/Users/mitchellparker/Desktop/rascore_build/sifts/3kud.xml.gz	/Users/mitchellparker/Desktop/rascore_build/pocket/3kudA_1_pocket.pdb
3kudA	3kud	0	A	Outlier	Outlier	Y32in	Y71out	H 3 2 (CF5)	3kudA2	2	GTPase HRas	RASH_HUMAN	P01112	WT	WT	HRAS	2P	WT	None	None	Effector	Homodimer	SP2-Unbound	H 3 2	166	1-165	2009-11-27	Other	460.8452	0.0008	Unbound	Unbound	94,95,98,99,101,102	GDP,MG	RAF proto-oncogene serine/threonine-protein kinase	None	B:41,39,40,37,38,36,31,25,24	RAF1_HUMAN	None	None	None	RBD	None	B	GDP	MG	None	None	None	None	STP	XRAY	2.150	0.238	MTEYKLVVVGAGGVGKSALTIQLIQNHFVDEYDPTIEDSYRKQVVIDGETCLLDILDTAGQEEYSAMRDQYMRTGEGFLCVFAINNTKSFEDIHQYREQIKRVKDSDDVPMVLVGNKCDLAARTVESRQAQDLARSYGIPYIETSAKTRQGVEDAFYTLVREIRQH	True	91.130	91.130	277.980	90.00	90.00	120.00	/Users/mitchellparker/Desktop/rascore_build/core/3kudA_core.cif	/Users/mitchellparker/Desktop/rascore_build/rcsb/3kud.cif.gz	/Users/mitchellparker/Desktop/rascore_build/renum/3kud_renum.cif	/Users/mitchellparker/Desktop/rascore_build/rcsb_assembly/3kud-assembly-1.cif.gz	/Users/mitchellparker/Desktop/rascore_build/renum_assembly/3kud-assembly-1_renum.cif	/Users/mitchellparker/Desktop/rascore_build/sifts/3kud.xml.gz	/Users/mitchellparker/Desktop/rascore_build/pocket/3kudA_2_pocket.pdb
3kudA	3kud	0	A	Outlier	Outlier	Y32in	Y71out	H 3 2 (CF5)	3kudA3	3	GTPase HRas	RASH_HUMAN	P01112	WT	WT	HRAS	2P	WT	None	None	Effector	Homodimer	SP2-Unbound	H 3 2	166	1-165	2009-11-27	SP2	219.0065	0.0002	Unbound	Unbound	61,88,92,95,96	GDP,MG	RAF proto-oncogene serine/threonine-protein kinase	None	B:41,39,40,37,38,36,31,25,24	RAF1_HUMAN	None	None	None	RBD	None	B	GDP	MG	None	None	None	None	STP	XRAY	2.150	0.238	MTEYKLVVVGAGGVGKSALTIQLIQNHFVDEYDPTIEDSYRKQVVIDGETCLLDILDTAGQEEYSAMRDQYMRTGEGFLCVFAINNTKSFEDIHQYREQIKRVKDSDDVPMVLVGNKCDLAARTVESRQAQDLARSYGIPYIETSAKTRQGVEDAFYTLVREIRQH	True	91.130	91.130	277.980	90.00	90.00	120.00	/Users/mitchellparker/Desktop/rascore_build/core/3kudA_core.cif	/Users/mitchellparker/Desktop/rascore_build/rcsb/3kud.cif.gz	/Users/mitchellparker/Desktop/rascore_build/renum/3kud_renum.cif	/Users/mitchellparker/Desktop/rascore_build/rcsb_assembly/3kud-assembly-1.cif.gz	/Users/mitchellparker/Desktop/rascore_build/renum_assembly/3kud-assembly-1_renum.cif	/Users/mitchellparker/Desktop/rascore_build/sifts/3kud.xml.gz	/Users/mitchellparker/Desktop/rascore_build/pocket/3kudA_3_pocket.pdb
3l8yA	3l8y	0	A	Y32in.3P-ON	Outlier	Y32in	Y71out	H 3 2 (CF2)	3l8yA2	2	GTPase HRas	RASH_HUMAN	P01112	WT	WT	HRAS	3P	WT	None	None	None	Homodimer	SP2-Unbound	H 3 2	166	1-166	2010-01-04	Other	270.6871	0.0002	Unbound	Unbound	107,108,109,110,111,137,138,139,162,165,166	GNP,MG,CA,CA,CA,CA,ZN	None	None	None	None	None	None	None	None	None	None	GNP	MG,ZN	None	CA	None	None	STP	XRAY	2.020	0.191	MTEYKLVVVGAGGVGKSALTIQLIQNHFVDEYDPTIEDSYRKQVVIDGETCLLDILDTAGQEEYSAMRDQYMRTGEGFLCVFAINNTKSFEDIHQYREQIKRVKDSDDVPMVLVGNKCDLAARTVESRQAQDLARSYGIPYIETSAKTRQGVEDAFYTLVREIRQH	True	88.000	88.000	134.000	90.00	90.00	120.00	/Users/mitchellparker/Desktop/rascore_build/core/3l8yA_core.cif	/Users/mitchellparker/Desktop/rascore_build/rcsb/3l8y.cif.gz	/Users/mitchellparker/Desktop/rascore_build/renum/3l8y_renum.cif	/Users/mitchellparker/Desktop/rascore_build/rcsb_assembly/3l8y-assembly-1.cif.gz	/Users/mitchellparker/Desktop/rascore_build/renum_assembly/3l8y-assembly-1_renum.cif	/Users/mitchellparker/Desktop/rascore_build/sifts/3l8y.xml.gz	/Users/mitchellparker/Desktop/rascore_build/pocket/3l8yA_2_pocket.pdb
3l8yA	3l8y	0	A	Y32in.3P-ON	Outlier	Y32in	Y71out	H 3 2 (CF2)	3l8yA3	3	GTPase HRas	RASH_HUMAN	P01112	WT	WT	HRAS	3P	WT	None	None	None	Homodimer	SP2-Unbound	H 3 2	166	1-166	2010-01-04	SP2	230.4648	0.0026	Unbound	Unbound	62,68,88,92,95,96,99	GNP,MG,CA,CA,CA,CA,ZN	None	None	None	None	None	None	None	None	None	None	GNP	MG,ZN	None	CA	None	None	STP	XRAY	2.020	0.191	MTEYKLVVVGAGGVGKSALTIQLIQNHFVDEYDPTIEDSYRKQVVIDGETCLLDILDTAGQEEYSAMRDQYMRTGEGFLCVFAINNTKSFEDIHQYREQIKRVKDSDDVPMVLVGNKCDLAARTVESRQAQDLARSYGIPYIETSAKTRQGVEDAFYTLVREIRQH	True	88.000	88.000	134.000	90.00	90.00	120.00	/Users/mitchellparker/Desktop/rascore_build/core/3l8yA_core.cif	/Users/mitchellparker/Desktop/rascore_build/rcsb/3l8y.cif.gz	/Users/mitchellparker/Desktop/rascore_build/renum/3l8y_renum.cif	/Users/mitchellparker/Desktop/rascore_build/rcsb_assembly/3l8y-assembly-1.cif.gz	/Users/mitchellparker/Desktop/rascore_build/renum_assembly/3l8y-assembly-1_renum.cif	/Users/mitchellparker/Desktop/rascore_build/sifts/3l8y.xml.gz	/Users/mitchellparker/Desktop/rascore_build/pocket/3l8yA_3_pocket.pdb
3l8zA	3l8z	0	A	Y32in.3P-ON	Y71in.3P-R	Y32in	Y71in	H 3 2 (CF2)	3l8zA2	2	GTPase HRas	RASH_HUMAN	P01112	WT	WT	HRAS	3P	WT	None	None	None	Homodimer	SP12-Unbound	H 3 2	166	1-166	2010-01-04	Other	74.9649	0.0043	Unbound	Unbound	97,100,101,106,107,109,111	GNP,MG,CA,CA,CA,CA	None	None	None	None	None	None	None	None	None	None	GNP	MG	None	CA	None	None	STP	XRAY	1.440	0.193	MTEYKLVVVGAGGVGKSALTIQLIQNHFVDEYDPTIEDSYRKQVVIDGETCLLDILDTAGQEEYSAMRDQYMRTGEGFLCVFAINNTKSFEDIHQYREQIKRVKDSDDVPMVLVGNKCDLAARTVESRQAQDLARSYGIPYIETSAKTRQGVEDAFYTLVREIRQH	True	88.082	88.082	133.391	90.00	90.00	120.00	/Users/mitchellparker/Desktop/rascore_build/core/3l8zA_core.cif	/Users/mitchellparker/Desktop/rascore_build/rcsb/3l8z.cif.gz	/Users/mitchellparker/Desktop/rascore_build/renum/3l8z_renum.cif	/Users/mitchellparker/Desktop/rascore_build/rcsb_assembly/3l8z-assembly-1.cif.gz	/Users/mitchellparker/Desktop/rascore_build/renum_assembly/3l8z-assembly-1_renum.cif	/Users/mitchellparker/Desktop/rascore_build/sifts/3l8z.xml.gz	/Users/mitchellparker/Desktop/rascore_build/pocket/3l8zA_2_pocket.pdb
3l8zA	3l8z	0	A	Y32in.3P-ON	Y71in.3P-R	Y32in	Y71in	H 3 2 (CF2)	3l8zA3	3	GTPase HRas	RASH_HUMAN	P01112	WT	WT	HRAS	3P	WT	None	None	None	Homodimer	SP12-Unbound	H 3 2	166	1-166	2010-01-04	Other	607.4835	0.0722	Unbound	Unbound	2,3,4,73,74,75,76,104,106,109,110,163,166	GNP,MG,CA,CA,CA,CA	None	None	None	None	None	None	None	None	None	None	GNP	MG	None	CA	None	None	STP	XRAY	1.440	0.193	MTEYKLVVVGAGGVGKSALTIQLIQNHFVDEYDPTIEDSYRKQVVIDGETCLLDILDTAGQEEYSAMRDQYMRTGEGFLCVFAINNTKSFEDIHQYREQIKRVKDSDDVPMVLVGNKCDLAARTVESRQAQDLARSYGIPYIETSAKTRQGVEDAFYTLVREIRQH	True	88.082	88.082	133.391	90.00	90.00	120.00	/Users/mitchellparker/Desktop/rascore_build/core/3l8zA_core.cif	/Users/mitchellparker/Desktop/rascore_build/rcsb/3l8z.cif.gz	/Users/mitchellparker/Desktop/rascore_build/renum/3l8z_renum.cif	/Users/mitchellparker/Desktop/rascore_build/rcsb_assembly/3l8z-assembly-1.cif.gz	/Users/mitchellparker/Desktop/rascore_build/renum_assembly/3l8z-assembly-1_renum.cif	/Users/mitchellparker/Desktop/rascore_build/sifts/3l8z.xml.gz	/Users/mitchellparker/Desktop/rascore_build/pocket/3l8zA_3_pocket.pdb
3l8zA	3l8z	0	A	Y32in.3P-ON	Y71in.3P-R	Y32in	Y71in	H 3 2 (CF2)	3l8zA4	4	GTPase HRas	RASH_HUMAN	P01112	WT	WT	HRAS	3P	WT	None	None	None	Homodimer	SP12-Unbound	H 3 2	166	1-166	2010-01-04	Other	528.4549	0.0000	Unbound	Unbound	107,108,109,110,135,136,137,138,139,162,165,166	GNP,MG,CA,CA,CA,CA	None	None	None	None	None	None	None	None	None	None	GNP	MG	None	CA	None	None	STP	XRAY	1.440	0.193	MTEYKLVVVGAGGVGKSALTIQLIQNHFVDEYDPTIEDSYRKQVVIDGETCLLDILDTAGQEEYSAMRDQYMRTGEGFLCVFAINNTKSFEDIHQYREQIKRVKDSDDVPMVLVGNKCDLAARTVESRQAQDLARSYGIPYIETSAKTRQGVEDAFYTLVREIRQH	True	88.082	88.082	133.391	90.00	90.00	120.00	/Users/mitchellparker/Desktop/rascore_build/core/3l8zA_core.cif	/Users/mitchellparker/Desktop/rascore_build/rcsb/3l8z.cif.gz	/Users/mitchellparker/Desktop/rascore_build/renum/3l8z_renum.cif	/Users/mitchellparker/Desktop/rascore_build/rcsb_assembly/3l8z-assembly-1.cif.gz	/Users/mitchellparker/Desktop/rascore_build/renum_assembly/3l8z-assembly-1_renum.cif	/Users/mitchellparker/Desktop/rascore_build/sifts/3l8z.xml.gz	/Users/mitchellparker/Desktop/rascore_build/pocket/3l8zA_4_pocket.pdb
3l8zA	3l8z	0	A	Y32in.3P-ON	Y71in.3P-R	Y32in	Y71in	H 3 2 (CF2)	3l8zA5	5	GTPase HRas	RASH_HUMAN	P01112	WT	WT	HRAS	3P	WT	None	None	None	Homodimer	SP12-Unbound	H 3 2	166	1-166	2010-01-04	SP12	157.9822	0.0007	Unbound	Unbound	5,6,7,54,56,74,75	GNP,MG,CA,CA,CA,CA	None	None	None	None	None	None	None	None	None	None	GNP	MG	None	CA	None	None	STP	XRAY	1.440	0.193	MTEYKLVVVGAGGVGKSALTIQLIQNHFVDEYDPTIEDSYRKQVVIDGETCLLDILDTAGQEEYSAMRDQYMRTGEGFLCVFAINNTKSFEDIHQYREQIKRVKDSDDVPMVLVGNKCDLAARTVESRQAQDLARSYGIPYIETSAKTRQGVEDAFYTLVREIRQH	True	88.082	88.082	133.391	90.00	90.00	120.00	/Users/mitchellparker/Desktop/rascore_build/core/3l8zA_core.cif	/Users/mitchellparker/Desktop/rascore_build/rcsb/3l8z.cif.gz	/Users/mitchellparker/Desktop/rascore_build/renum/3l8z_renum.cif	/Users/mitchellparker/Desktop/rascore_build/rcsb_assembly/3l8z-assembly-1.cif.gz	/Users/mitchellparker/Desktop/rascore_build/renum_assembly/3l8z-assembly-1_renum.cif	/Users/mitchellparker/Desktop/rascore_build/sifts/3l8z.xml.gz	/Users/mitchellparker/Desktop/rascore_build/pocket/3l8zA_5_pocket.pdb
3lbhA	3lbh	0	A	Y32in.3P-ON	Y71in.3P-R	Y32in	Y71in	H 3 2 (CF2)	3lbhA3	3	GTPase HRas	RASH_HUMAN	P01112	WT	WT	HRAS	3P	WT	None	None	None	Homodimer	SP12-Unbound	H 3 2	166	1-166	2010-01-08	SP12	225.3382	0.0339	Unbound	Unbound	5,6,7,37,54,56,70,71,74,75	GNP,CA,MG,CA,MG,ACT	None	None	None	None	None	None	None	None	None	None	GNP	MG	None	ACT,CA	None	None	STP	XRAY	1.850	0.177	MTEYKLVVVGAGGVGKSALTIQLIQNHFVDEYDPTIEDSYRKQVVIDGETCLLDILDTAGQEEYSAMRDQYMRTGEGFLCVFAINNTKSFEDIHQYREQIKRVKDSDDVPMVLVGNKCDLAARTVESRQAQDLARSYGIPYIETSAKTRQGVEDAFYTLVREIRQH	True	88.610	88.610	134.719	90.00	90.00	120.00	/Users/mitchellparker/Desktop/rascore_build/core/3lbhA_core.cif	/Users/mitchellparker/Desktop/rascore_build/rcsb/3lbh.cif.gz	/Users/mitchellparker/Desktop/rascore_build/renum/3lbh_renum.cif	/Users/mitchellparker/Desktop/rascore_build/rcsb_assembly/3lbh-assembly-2.cif.gz	/Users/mitchellparker/Desktop/rascore_build/renum_assembly/3lbh-assembly-2_renum.cif	/Users/mitchellparker/Desktop/rascore_build/sifts/3lbh.xml.gz	/Users/mitchellparker/Desktop/rascore_build/pocket/3lbhA_3_pocket.pdb
3lbhA	3lbh	0	A	Y32in.3P-ON	Y71in.3P-R	Y32in	Y71in	H 3 2 (CF2)	3lbhA4	4	GTPase HRas	RASH_HUMAN	P01112	WT	WT	HRAS	3P	WT	None	None	None	Homodimer	SP12-Unbound	H 3 2	166	1-166	2010-01-08	Other	225.4515	0.0002	Unbound	Unbound	107,108,109,110,137,138,139,162,165,166	GNP,CA,MG,CA,MG,ACT	None	None	None	None	None	None	None	None	None	None	GNP	MG	None	ACT,CA	None	None	STP	XRAY	1.850	0.177	MTEYKLVVVGAGGVGKSALTIQLIQNHFVDEYDPTIEDSYRKQVVIDGETCLLDILDTAGQEEYSAMRDQYMRTGEGFLCVFAINNTKSFEDIHQYREQIKRVKDSDDVPMVLVGNKCDLAARTVESRQAQDLARSYGIPYIETSAKTRQGVEDAFYTLVREIRQH	True	88.610	88.610	134.719	90.00	90.00	120.00	/Users/mitchellparker/Desktop/rascore_build/core/3lbhA_core.cif	/Users/mitchellparker/Desktop/rascore_build/rcsb/3lbh.cif.gz	/Users/mitchellparker/Desktop/rascore_build/renum/3lbh_renum.cif	/Users/mitchellparker/Desktop/rascore_build/rcsb_assembly/3lbh-assembly-2.cif.gz	/Users/mitchellparker/Desktop/rascore_build/renum_assembly/3lbh-assembly-2_renum.cif	/Users/mitchellparker/Desktop/rascore_build/sifts/3lbh.xml.gz	/Users/mitchellparker/Desktop/rascore_build/pocket/3lbhA_4_pocket.pdb
3lbhA	3lbh	0	A	Y32in.3P-ON	Y71in.3P-R	Y32in	Y71in	H 3 2 (CF2)	3lbhA5	5	GTPase HRas	RASH_HUMAN	P01112	WT	WT	HRAS	3P	WT	None	None	None	Homodimer	SP12-Unbound	H 3 2	166	1-166	2010-01-08	Other	330.4742	0.0320	Unbound	Unbound	74,75,76,104,106,109,110,163,166	GNP,CA,MG,CA,MG,ACT	None	None	None	None	None	None	None	None	None	None	GNP	MG	None	ACT,CA	None	None	STP	XRAY	1.850	0.177	MTEYKLVVVGAGGVGKSALTIQLIQNHFVDEYDPTIEDSYRKQVVIDGETCLLDILDTAGQEEYSAMRDQYMRTGEGFLCVFAINNTKSFEDIHQYREQIKRVKDSDDVPMVLVGNKCDLAARTVESRQAQDLARSYGIPYIETSAKTRQGVEDAFYTLVREIRQH	True	88.610	88.610	134.719	90.00	90.00	120.00	/Users/mitchellparker/Desktop/rascore_build/core/3lbhA_core.cif	/Users/mitchellparker/Desktop/rascore_build/rcsb/3lbh.cif.gz	/Users/mitchellparker/Desktop/rascore_build/renum/3lbh_renum.cif	/Users/mitchellparker/Desktop/rascore_build/rcsb_assembly/3lbh-assembly-2.cif.gz	/Users/mitchellparker/Desktop/rascore_build/renum_assembly/3lbh-assembly-2_renum.cif	/Users/mitchellparker/Desktop/rascore_build/sifts/3lbh.xml.gz	/Users/mitchellparker/Desktop/rascore_build/pocket/3lbhA_5_pocket.pdb
3lbiA	3lbi	0	A	Y32in.3P-ON	Y71in.3P-R	Y32in	Y71in	H 3 2 (CF2)	3lbiA3	3	GTPase HRas	RASH_HUMAN	P01112	WT	WT	HRAS	3P	WT	None	None	None	Homodimer	SP12-Unbound	H 3 2	166	1-166	2010-01-08	SP12	239.9223	0.0320	Unbound	Unbound	5,6,7,37,54,56,70,71,74,75	GNP,CA,MG,CA,MG,ACT	None	None	None	None	None	None	None	None	None	None	GNP	MG	None	ACT,CA	None	None	STP	XRAY	2.087	0.179	MTEYKLVVVGAGGVGKSALTIQLIQNHFVDEYDPTIEDSYRKQVVIDGETCLLDILDTAGQEEYSAMRDQYMRTGEGFLCVFAINNTKSFEDIHQYREQIKRVKDSDDVPMVLVGNKCDLAARTVESRQAQDLARSYGIPYIETSAKTRQGVEDAFYTLVREIRQH	True	88.716	88.716	134.583	90.00	90.00	120.00	/Users/mitchellparker/Desktop/rascore_build/core/3lbiA_core.cif	/Users/mitchellparker/Desktop/rascore_build/rcsb/3lbi.cif.gz	/Users/mitchellparker/Desktop/rascore_build/renum/3lbi_renum.cif	/Users/mitchellparker/Desktop/rascore_build/rcsb_assembly/3lbi-assembly-2.cif.gz	/Users/mitchellparker/Desktop/rascore_build/renum_assembly/3lbi-assembly-2_renum.cif	/Users/mitchellparker/Desktop/rascore_build/sifts/3lbi.xml.gz	/Users/mitchellparker/Desktop/rascore_build/pocket/3lbiA_3_pocket.pdb
3lbiA	3lbi	0	A	Y32in.3P-ON	Y71in.3P-R	Y32in	Y71in	H 3 2 (CF2)	3lbiA4	4	GTPase HRas	RASH_HUMAN	P01112	WT	WT	HRAS	3P	WT	None	None	None	Homodimer	SP12-Unbound	H 3 2	166	1-166	2010-01-08	Other	365.9362	0.0144	Unbound	Unbound	74,75,76,104,106,108,109,110,163,166	GNP,CA,MG,CA,MG,ACT	None	None	None	None	None	None	None	None	None	None	GNP	MG	None	ACT,CA	None	None	STP	XRAY	2.087	0.179	MTEYKLVVVGAGGVGKSALTIQLIQNHFVDEYDPTIEDSYRKQVVIDGETCLLDILDTAGQEEYSAMRDQYMRTGEGFLCVFAINNTKSFEDIHQYREQIKRVKDSDDVPMVLVGNKCDLAARTVESRQAQDLARSYGIPYIETSAKTRQGVEDAFYTLVREIRQH	True	88.716	88.716	134.583	90.00	90.00	120.00	/Users/mitchellparker/Desktop/rascore_build/core/3lbiA_core.cif	/Users/mitchellparker/Desktop/rascore_build/rcsb/3lbi.cif.gz	/Users/mitchellparker/Desktop/rascore_build/renum/3lbi_renum.cif	/Users/mitchellparker/Desktop/rascore_build/rcsb_assembly/3lbi-assembly-2.cif.gz	/Users/mitchellparker/Desktop/rascore_build/renum_assembly/3lbi-assembly-2_renum.cif	/Users/mitchellparker/Desktop/rascore_build/sifts/3lbi.xml.gz	/Users/mitchellparker/Desktop/rascore_build/pocket/3lbiA_4_pocket.pdb
3lbnA	3lbn	0	A	Y32in.3P-ON	Y71in.3P-R	Y32in	Y71in	H 3 2 (CF2)	3lbnA2	2	GTPase HRas	RASH_HUMAN	P01112	WT	WT	HRAS	3P	WT	None	None	None	Homodimer	Multiple-Unbound	H 3 2	166	1-166	2010-01-08	Other	395.1544	0.0061	Unbound	Unbound	2,3,4,74,75,76,104,109,110,163,166	GNP,CA,MG,MG,MG	None	None	None	None	None	None	None	None	None	None	GNP	MG	None	CA	None	None	STP	XRAY	1.862	0.187	MTEYKLVVVGAGGVGKSALTIQLIQNHFVDEYDPTIEDSYRKQVVIDGETCLLDILDTAGQEEYSAMRDQYMRTGEGFLCVFAINNTKSFEDIHQYREQIKRVKDSDDVPMVLVGNKCDLAARTVESRQAQDLARSYGIPYIETSAKTRQGVEDAFYTLVREIRQH	True	88.502	88.502	135.005	90.00	90.00	120.00	/Users/mitchellparker/Desktop/rascore_build/core/3lbnA_core.cif	/Users/mitchellparker/Desktop/rascore_build/rcsb/3lbn.cif.gz	/Users/mitchellparker/Desktop/rascore_build/renum/3lbn_renum.cif	/Users/mitchellparker/Desktop/rascore_build/rcsb_assembly/3lbn-assembly-1.cif.gz	/Users/mitchellparker/Desktop/rascore_build/renum_assembly/3lbn-assembly-1_renum.cif	/Users/mitchellparker/Desktop/rascore_build/sifts/3lbn.xml.gz	/Users/mitchellparker/Desktop/rascore_build/pocket/3lbnA_2_pocket.pdb
3lbnA	3lbn	0	A	Y32in.3P-ON	Y71in.3P-R	Y32in	Y71in	H 3 2 (CF2)	3lbnA3	3	GTPase HRas	RASH_HUMAN	P01112	WT	WT	HRAS	3P	WT	None	None	None	Homodimer	Multiple-Unbound	H 3 2	166	1-166	2010-01-08	SP12	238.7670	0.0447	Unbound	Unbound	5,6,7,37,54,56,70,71,74,75	GNP,CA,MG,MG,MG	None	None	None	None	None	None	None	None	None	None	GNP	MG	None	CA	None	None	STP	XRAY	1.862	0.187	MTEYKLVVVGAGGVGKSALTIQLIQNHFVDEYDPTIEDSYRKQVVIDGETCLLDILDTAGQEEYSAMRDQYMRTGEGFLCVFAINNTKSFEDIHQYREQIKRVKDSDDVPMVLVGNKCDLAARTVESRQAQDLARSYGIPYIETSAKTRQGVEDAFYTLVREIRQH	True	88.502	88.502	135.005	90.00	90.00	120.00	/Users/mitchellparker/Desktop/rascore_build/core/3lbnA_core.cif	/Users/mitchellparker/Desktop/rascore_build/rcsb/3lbn.cif.gz	/Users/mitchellparker/Desktop/rascore_build/renum/3lbn_renum.cif	/Users/mitchellparker/Desktop/rascore_build/rcsb_assembly/3lbn-assembly-1.cif.gz	/Users/mitchellparker/Desktop/rascore_build/renum_assembly/3lbn-assembly-1_renum.cif	/Users/mitchellparker/Desktop/rascore_build/sifts/3lbn.xml.gz	/Users/mitchellparker/Desktop/rascore_build/pocket/3lbnA_3_pocket.pdb
3lbnA	3lbn	0	A	Y32in.3P-ON	Y71in.3P-R	Y32in	Y71in	H 3 2 (CF2)	3lbnA4	4	GTPase HRas	RASH_HUMAN	P01112	WT	WT	HRAS	3P	WT	None	None	None	Homodimer	Multiple-Unbound	H 3 2	166	1-166	2010-01-08	Other	275.6822	0.0002	Unbound	Unbound	107,108,109,110,137,138,139,162,165,166	GNP,CA,MG,MG,MG	None	None	None	None	None	None	None	None	None	None	GNP	MG	None	CA	None	None	STP	XRAY	1.862	0.187	MTEYKLVVVGAGGVGKSALTIQLIQNHFVDEYDPTIEDSYRKQVVIDGETCLLDILDTAGQEEYSAMRDQYMRTGEGFLCVFAINNTKSFEDIHQYREQIKRVKDSDDVPMVLVGNKCDLAARTVESRQAQDLARSYGIPYIETSAKTRQGVEDAFYTLVREIRQH	True	88.502	88.502	135.005	90.00	90.00	120.00	/Users/mitchellparker/Desktop/rascore_build/core/3lbnA_core.cif	/Users/mitchellparker/Desktop/rascore_build/rcsb/3lbn.cif.gz	/Users/mitchellparker/Desktop/rascore_build/renum/3lbn_renum.cif	/Users/mitchellparker/Desktop/rascore_build/rcsb_assembly/3lbn-assembly-1.cif.gz	/Users/mitchellparker/Desktop/rascore_build/renum_assembly/3lbn-assembly-1_renum.cif	/Users/mitchellparker/Desktop/rascore_build/sifts/3lbn.xml.gz	/Users/mitchellparker/Desktop/rascore_build/pocket/3lbnA_4_pocket.pdb
3lbnA	3lbn	0	A	Y32in.3P-ON	Y71in.3P-R	Y32in	Y71in	H 3 2 (CF2)	3lbnA5	5	GTPase HRas	RASH_HUMAN	P01112	WT	WT	HRAS	3P	WT	None	None	None	Homodimer	Multiple-Unbound	H 3 2	166	1-166	2010-01-08	SP2	254.8600	0.0025	Unbound	Unbound	11,12,60,61,62,68,92,95,96	GNP,CA,MG,MG,MG	None	None	None	None	None	None	None	None	None	None	GNP	MG	None	CA	None	None	STP	XRAY	1.862	0.187	MTEYKLVVVGAGGVGKSALTIQLIQNHFVDEYDPTIEDSYRKQVVIDGETCLLDILDTAGQEEYSAMRDQYMRTGEGFLCVFAINNTKSFEDIHQYREQIKRVKDSDDVPMVLVGNKCDLAARTVESRQAQDLARSYGIPYIETSAKTRQGVEDAFYTLVREIRQH	True	88.502	88.502	135.005	90.00	90.00	120.00	/Users/mitchellparker/Desktop/rascore_build/core/3lbnA_core.cif	/Users/mitchellparker/Desktop/rascore_build/rcsb/3lbn.cif.gz	/Users/mitchellparker/Desktop/rascore_build/renum/3lbn_renum.cif	/Users/mitchellparker/Desktop/rascore_build/rcsb_assembly/3lbn-assembly-1.cif.gz	/Users/mitchellparker/Desktop/rascore_build/renum_assembly/3lbn-assembly-1_renum.cif	/Users/mitchellparker/Desktop/rascore_build/sifts/3lbn.xml.gz	/Users/mitchellparker/Desktop/rascore_build/pocket/3lbnA_5_pocket.pdb
3lbnA	3lbn	0	A	Y32in.3P-ON	Y71in.3P-R	Y32in	Y71in	H 3 2 (CF2)	3lbnA6	6	GTPase HRas	RASH_HUMAN	P01112	WT	WT	HRAS	3P	WT	None	None	None	Homodimer	Multiple-Unbound	H 3 2	166	1-166	2010-01-08	Other	227.0352	0.0004	Unbound	Unbound	128,132,135,136	GNP,CA,MG,MG,MG	None	None	None	None	None	None	None	None	None	None	GNP	MG	None	CA	None	None	STP	XRAY	1.862	0.187	MTEYKLVVVGAGGVGKSALTIQLIQNHFVDEYDPTIEDSYRKQVVIDGETCLLDILDTAGQEEYSAMRDQYMRTGEGFLCVFAINNTKSFEDIHQYREQIKRVKDSDDVPMVLVGNKCDLAARTVESRQAQDLARSYGIPYIETSAKTRQGVEDAFYTLVREIRQH	True	88.502	88.502	135.005	90.00	90.00	120.00	/Users/mitchellparker/Desktop/rascore_build/core/3lbnA_core.cif	/Users/mitchellparker/Desktop/rascore_build/rcsb/3lbn.cif.gz	/Users/mitchellparker/Desktop/rascore_build/renum/3lbn_renum.cif	/Users/mitchellparker/Desktop/rascore_build/rcsb_assembly/3lbn-assembly-1.cif.gz	/Users/mitchellparker/Desktop/rascore_build/renum_assembly/3lbn-assembly-1_renum.cif	/Users/mitchellparker/Desktop/rascore_build/sifts/3lbn.xml.gz	/Users/mitchellparker/Desktop/rascore_build/pocket/3lbnA_6_pocket.pdb
3lo5A	3lo5	0	A	Disordered	Disordered	Disordered	Disordered	I 2 2 2 (CF2)	3lo5A1	1	GTPase HRas	RASH_HUMAN	P01112	S17N	S17	HRAS	2P	Other	None	None	None	Homodimer	Other-Unbound	I 2 2 2	166	1-29:38-57:72-166	2010-02-03	Other	557.5471	0.0003	Unbound	Unbound	94,97,98,101,107,108,109,110,135,136,137,138,139,162,165,166	GDP,CA	None	None	None	None	None	None	None	None	None	None	GDP	None	None	None	None	None	STP	XRAY	2.568	0.241	MTEYKLVVVGAGGVGKNALTIQLIQNHFVDEYDPTIEDSYRKQVVIDGETCLLDILDTAGQEEYSAMRDQYMRTGEGFLCVFAINNTKSFEDIHQYREQIKRVKDSDDVPMVLVGNKCDLAARTVESRQAQDLARSYGIPYIETSAKTRQGVEDAFYTLVREIRQH	True	92.475	102.184	117.820	90.00	90.00	90.00	/Users/mitchellparker/Desktop/rascore_build/core/3lo5A_core.cif	/Users/mitchellparker/Desktop/rascore_build/rcsb/3lo5.cif.gz	/Users/mitchellparker/Desktop/rascore_build/renum/3lo5_renum.cif	/Users/mitchellparker/Desktop/rascore_build/rcsb_assembly/3lo5-assembly-2.cif.gz	/Users/mitchellparker/Desktop/rascore_build/renum_assembly/3lo5-assembly-2_renum.cif	/Users/mitchellparker/Desktop/rascore_build/sifts/3lo5.xml.gz	/Users/mitchellparker/Desktop/rascore_build/pocket/3lo5A_1_pocket.pdb
3lo5A	3lo5	0	A	Disordered	Disordered	Disordered	Disordered	I 2 2 2 (CF2)	3lo5A2	2	GTPase HRas	RASH_HUMAN	P01112	S17N	S17	HRAS	2P	Other	None	None	None	Homodimer	Other-Unbound	I 2 2 2	166	1-29:38-57:72-166	2010-02-03	Other	394.3679	0.6455	Unbound	Unbound	2,3,4,76,104,106,108,109,110,163,166	GDP,CA	None	None	None	None	None	None	None	None	None	None	GDP	None	None	None	None	None	STP	XRAY	2.568	0.241	MTEYKLVVVGAGGVGKNALTIQLIQNHFVDEYDPTIEDSYRKQVVIDGETCLLDILDTAGQEEYSAMRDQYMRTGEGFLCVFAINNTKSFEDIHQYREQIKRVKDSDDVPMVLVGNKCDLAARTVESRQAQDLARSYGIPYIETSAKTRQGVEDAFYTLVREIRQH	True	92.475	102.184	117.820	90.00	90.00	90.00	/Users/mitchellparker/Desktop/rascore_build/core/3lo5A_core.cif	/Users/mitchellparker/Desktop/rascore_build/rcsb/3lo5.cif.gz	/Users/mitchellparker/Desktop/rascore_build/renum/3lo5_renum.cif	/Users/mitchellparker/Desktop/rascore_build/rcsb_assembly/3lo5-assembly-2.cif.gz	/Users/mitchellparker/Desktop/rascore_build/renum_assembly/3lo5-assembly-2_renum.cif	/Users/mitchellparker/Desktop/rascore_build/sifts/3lo5.xml.gz	/Users/mitchellparker/Desktop/rascore_build/pocket/3lo5A_2_pocket.pdb
3lo5A	3lo5	0	A	Disordered	Disordered	Disordered	Disordered	I 2 2 2 (CF2)	3lo5A3	3	GTPase HRas	RASH_HUMAN	P01112	S17N	S17	HRAS	2P	Other	None	None	None	Homodimer	Other-Unbound	I 2 2 2	166	1-29:38-57:72-166	2010-02-03	Other	293.9016	0.0001	Unbound	Unbound	98,101,102,105,106,107	GDP,CA	None	None	None	None	None	None	None	None	None	None	GDP	None	None	None	None	None	STP	XRAY	2.568	0.241	MTEYKLVVVGAGGVGKNALTIQLIQNHFVDEYDPTIEDSYRKQVVIDGETCLLDILDTAGQEEYSAMRDQYMRTGEGFLCVFAINNTKSFEDIHQYREQIKRVKDSDDVPMVLVGNKCDLAARTVESRQAQDLARSYGIPYIETSAKTRQGVEDAFYTLVREIRQH	True	92.475	102.184	117.820	90.00	90.00	90.00	/Users/mitchellparker/Desktop/rascore_build/core/3lo5A_core.cif	/Users/mitchellparker/Desktop/rascore_build/rcsb/3lo5.cif.gz	/Users/mitchellparker/Desktop/rascore_build/renum/3lo5_renum.cif	/Users/mitchellparker/Desktop/rascore_build/rcsb_assembly/3lo5-assembly-2.cif.gz	/Users/mitchellparker/Desktop/rascore_build/renum_assembly/3lo5-assembly-2_renum.cif	/Users/mitchellparker/Desktop/rascore_build/sifts/3lo5.xml.gz	/Users/mitchellparker/Desktop/rascore_build/pocket/3lo5A_3_pocket.pdb
3lo5C	3lo5	0	C	Disordered	Outlier	Disordered	Disordered	I 2 2 2 (CF2)	3lo5C1	1	GTPase HRas	RASH_HUMAN	P01112	S17N	S17	HRAS	2P	Other	None	None	None	Homodimer	Other-Unbound	I 2 2 2	166	1-27:39-166	2010-02-03	Other	269.9475	0.0005	Unbound	Unbound	97,107,108,109,110,137,138,139,162,165,166	GDP,SO4,CA	None	None	None	None	None	None	None	None	None	None	GDP	None	None	SO4	None	None	STP	XRAY	2.568	0.241	MTEYKLVVVGAGGVGKNALTIQLIQNHFVDEYDPTIEDSYRKQVVIDGETCLLDILDTAGQEEYSAMRDQYMRTGEGFLCVFAINNTKSFEDIHQYREQIKRVKDSDDVPMVLVGNKCDLAARTVESRQAQDLARSYGIPYIETSAKTRQGVEDAFYTLVREIRQH	True	92.475	102.184	117.820	90.00	90.00	90.00	/Users/mitchellparker/Desktop/rascore_build/core/3lo5C_core.cif	/Users/mitchellparker/Desktop/rascore_build/rcsb/3lo5.cif.gz	/Users/mitchellparker/Desktop/rascore_build/renum/3lo5_renum.cif	/Users/mitchellparker/Desktop/rascore_build/rcsb_assembly/3lo5-assembly-2.cif.gz	/Users/mitchellparker/Desktop/rascore_build/renum_assembly/3lo5-assembly-2_renum.cif	/Users/mitchellparker/Desktop/rascore_build/sifts/3lo5.xml.gz	/Users/mitchellparker/Desktop/rascore_build/pocket/3lo5C_1_pocket.pdb
3lo5C	3lo5	0	C	Disordered	Outlier	Disordered	Disordered	I 2 2 2 (CF2)	3lo5C2	2	GTPase HRas	RASH_HUMAN	P01112	S17N	S17	HRAS	2P	Other	None	None	None	Homodimer	Other-Unbound	I 2 2 2	166	1-27:39-166	2010-02-03	Other	479.9645	0.3833	Unbound	Unbound	2,3,4,76,104,106,108,109,110,163,166	GDP,SO4,CA	None	None	None	None	None	None	None	None	None	None	GDP	None	None	SO4	None	None	STP	XRAY	2.568	0.241	MTEYKLVVVGAGGVGKNALTIQLIQNHFVDEYDPTIEDSYRKQVVIDGETCLLDILDTAGQEEYSAMRDQYMRTGEGFLCVFAINNTKSFEDIHQYREQIKRVKDSDDVPMVLVGNKCDLAARTVESRQAQDLARSYGIPYIETSAKTRQGVEDAFYTLVREIRQH	True	92.475	102.184	117.820	90.00	90.00	90.00	/Users/mitchellparker/Desktop/rascore_build/core/3lo5C_core.cif	/Users/mitchellparker/Desktop/rascore_build/rcsb/3lo5.cif.gz	/Users/mitchellparker/Desktop/rascore_build/renum/3lo5_renum.cif	/Users/mitchellparker/Desktop/rascore_build/rcsb_assembly/3lo5-assembly-2.cif.gz	/Users/mitchellparker/Desktop/rascore_build/renum_assembly/3lo5-assembly-2_renum.cif	/Users/mitchellparker/Desktop/rascore_build/sifts/3lo5.xml.gz	/Users/mitchellparker/Desktop/rascore_build/pocket/3lo5C_2_pocket.pdb
3lo5C	3lo5	0	C	Disordered	Outlier	Disordered	Disordered	I 2 2 2 (CF2)	3lo5C3	3	GTPase HRas	RASH_HUMAN	P01112	S17N	S17	HRAS	2P	Other	None	None	None	Homodimer	Other-Unbound	I 2 2 2	166	1-27:39-166	2010-02-03	Other	203.1047	0.0052	Unbound	Unbound	18,27,146,147	GDP,SO4,CA	None	None	None	None	None	None	None	None	None	None	GDP	None	None	SO4	None	None	STP	XRAY	2.568	0.241	MTEYKLVVVGAGGVGKNALTIQLIQNHFVDEYDPTIEDSYRKQVVIDGETCLLDILDTAGQEEYSAMRDQYMRTGEGFLCVFAINNTKSFEDIHQYREQIKRVKDSDDVPMVLVGNKCDLAARTVESRQAQDLARSYGIPYIETSAKTRQGVEDAFYTLVREIRQH	True	92.475	102.184	117.820	90.00	90.00	90.00	/Users/mitchellparker/Desktop/rascore_build/core/3lo5C_core.cif	/Users/mitchellparker/Desktop/rascore_build/rcsb/3lo5.cif.gz	/Users/mitchellparker/Desktop/rascore_build/renum/3lo5_renum.cif	/Users/mitchellparker/Desktop/rascore_build/rcsb_assembly/3lo5-assembly-2.cif.gz	/Users/mitchellparker/Desktop/rascore_build/renum_assembly/3lo5-assembly-2_renum.cif	/Users/mitchellparker/Desktop/rascore_build/sifts/3lo5.xml.gz	/Users/mitchellparker/Desktop/rascore_build/pocket/3lo5C_3_pocket.pdb
3lo5C	3lo5	0	C	Disordered	Outlier	Disordered	Disordered	I 2 2 2 (CF2)	3lo5C4	4	GTPase HRas	RASH_HUMAN	P01112	S17N	S17	HRAS	2P	Other	None	None	None	Homodimer	Other-Unbound	I 2 2 2	166	1-27:39-166	2010-02-03	Other	245.9779	0.0006	Unbound	Unbound	98,101,102,105,106,107	GDP,SO4,CA	None	None	None	None	None	None	None	None	None	None	GDP	None	None	SO4	None	None	STP	XRAY	2.568	0.241	MTEYKLVVVGAGGVGKNALTIQLIQNHFVDEYDPTIEDSYRKQVVIDGETCLLDILDTAGQEEYSAMRDQYMRTGEGFLCVFAINNTKSFEDIHQYREQIKRVKDSDDVPMVLVGNKCDLAARTVESRQAQDLARSYGIPYIETSAKTRQGVEDAFYTLVREIRQH	True	92.475	102.184	117.820	90.00	90.00	90.00	/Users/mitchellparker/Desktop/rascore_build/core/3lo5C_core.cif	/Users/mitchellparker/Desktop/rascore_build/rcsb/3lo5.cif.gz	/Users/mitchellparker/Desktop/rascore_build/renum/3lo5_renum.cif	/Users/mitchellparker/Desktop/rascore_build/rcsb_assembly/3lo5-assembly-2.cif.gz	/Users/mitchellparker/Desktop/rascore_build/renum_assembly/3lo5-assembly-2_renum.cif	/Users/mitchellparker/Desktop/rascore_build/sifts/3lo5.xml.gz	/Users/mitchellparker/Desktop/rascore_build/pocket/3lo5C_4_pocket.pdb
3lo5E	3lo5	0	E	Outlier	Disordered	Y32out	Disordered	I 2 2 2 (CF2)	3lo5E1	1	GTPase HRas	RASH_HUMAN	P01112	S17N	S17	HRAS	2P	Other	None	None	None	Homodimer	Other-Unbound	I 2 2 2	166	1-56:72-166	2010-02-03	Other	92.3034	0.2296	Unbound	Unbound	17,18,21,27,28,29,32,33,34	GDP,CA,CA	None	None	None	None	None	None	None	None	None	None	GDP	None	None	CA	None	None	STP	XRAY	2.568	0.241	MTEYKLVVVGAGGVGKNALTIQLIQNHFVDEYDPTIEDSYRKQVVIDGETCLLDILDTAGQEEYSAMRDQYMRTGEGFLCVFAINNTKSFEDIHQYREQIKRVKDSDDVPMVLVGNKCDLAARTVESRQAQDLARSYGIPYIETSAKTRQGVEDAFYTLVREIRQH	True	92.475	102.184	117.820	90.00	90.00	90.00	/Users/mitchellparker/Desktop/rascore_build/core/3lo5E_core.cif	/Users/mitchellparker/Desktop/rascore_build/rcsb/3lo5.cif.gz	/Users/mitchellparker/Desktop/rascore_build/renum/3lo5_renum.cif	/Users/mitchellparker/Desktop/rascore_build/rcsb_assembly/3lo5-assembly-2.cif.gz	/Users/mitchellparker/Desktop/rascore_build/renum_assembly/3lo5-assembly-2_renum.cif	/Users/mitchellparker/Desktop/rascore_build/sifts/3lo5.xml.gz	/Users/mitchellparker/Desktop/rascore_build/pocket/3lo5E_1_pocket.pdb
3lo5E	3lo5	0	E	Outlier	Disordered	Y32out	Disordered	I 2 2 2 (CF2)	3lo5E2	2	GTPase HRas	RASH_HUMAN	P01112	S17N	S17	HRAS	2P	Other	None	None	None	Homodimer	Other-Unbound	I 2 2 2	166	1-56:72-166	2010-02-03	Other	231.8352	0.0001	Unbound	Unbound	7,8,16,17,20,56	GDP,CA,CA	None	None	None	None	None	None	None	None	None	None	GDP	None	None	CA	None	None	STP	XRAY	2.568	0.241	MTEYKLVVVGAGGVGKNALTIQLIQNHFVDEYDPTIEDSYRKQVVIDGETCLLDILDTAGQEEYSAMRDQYMRTGEGFLCVFAINNTKSFEDIHQYREQIKRVKDSDDVPMVLVGNKCDLAARTVESRQAQDLARSYGIPYIETSAKTRQGVEDAFYTLVREIRQH	True	92.475	102.184	117.820	90.00	90.00	90.00	/Users/mitchellparker/Desktop/rascore_build/core/3lo5E_core.cif	/Users/mitchellparker/Desktop/rascore_build/rcsb/3lo5.cif.gz	/Users/mitchellparker/Desktop/rascore_build/renum/3lo5_renum.cif	/Users/mitchellparker/Desktop/rascore_build/rcsb_assembly/3lo5-assembly-2.cif.gz	/Users/mitchellparker/Desktop/rascore_build/renum_assembly/3lo5-assembly-2_renum.cif	/Users/mitchellparker/Desktop/rascore_build/sifts/3lo5.xml.gz	/Users/mitchellparker/Desktop/rascore_build/pocket/3lo5E_2_pocket.pdb
3oiuA	3oiu	0	A	Y32in.3P-ON	Y71in.3P-R	Y32in	Y71in	H 3 2 (CF2)	3oiuA2	2	GTPase HRas	RASH_HUMAN	P01112	Q61L	Q61	HRAS	3P	Other	None	None	None	Homodimer	Other-Unbound	H 3 2	166	1-166	2010-08-20	Other	350.6578	0.0336	Unbound	Unbound	2,3,4,75,76,104,109,110,163,166	GNP,CA,MG,MG,CA,CA,ACT	None	None	None	None	None	None	None	None	None	None	GNP	MG	None	ACT,CA	None	None	STP	XRAY	1.320	0.182	MTEYKLVVVGAGGVGKSALTIQLIQNHFVDEYDPTIEDSYRKQVVIDGETCLLDILDTAGLEEYSAMRDQYMRTGEGFLCVFAINNTKSFEDIHQYREQIKRVKDSDDVPMVLVGNKCDLAARTVESRQAQDLARSYGIPYIETSAKTRQGVEDAFYTLVREIRQH	True	87.985	87.985	135.146	90.000	90.000	120.000	/Users/mitchellparker/Desktop/rascore_build/core/3oiuA_core.cif	/Users/mitchellparker/Desktop/rascore_build/rcsb/3oiu.cif.gz	/Users/mitchellparker/Desktop/rascore_build/renum/3oiu_renum.cif	/Users/mitchellparker/Desktop/rascore_build/rcsb_assembly/3oiu-assembly-2.cif.gz	/Users/mitchellparker/Desktop/rascore_build/renum_assembly/3oiu-assembly-2_renum.cif	/Users/mitchellparker/Desktop/rascore_build/sifts/3oiu.xml.gz	/Users/mitchellparker/Desktop/rascore_build/pocket/3oiuA_2_pocket.pdb
3oiuA	3oiu	0	A	Y32in.3P-ON	Y71in.3P-R	Y32in	Y71in	H 3 2 (CF2)	3oiuA4	4	GTPase HRas	RASH_HUMAN	P01112	Q61L	Q61	HRAS	3P	Other	None	None	None	Homodimer	Other-Unbound	H 3 2	166	1-166	2010-08-20	Other	222.3774	0.0001	Unbound	Unbound	108,109,110,137,138,139,162,165,166	GNP,CA,MG,MG,CA,CA,ACT	None	None	None	None	None	None	None	None	None	None	GNP	MG	None	ACT,CA	None	None	STP	XRAY	1.320	0.182	MTEYKLVVVGAGGVGKSALTIQLIQNHFVDEYDPTIEDSYRKQVVIDGETCLLDILDTAGLEEYSAMRDQYMRTGEGFLCVFAINNTKSFEDIHQYREQIKRVKDSDDVPMVLVGNKCDLAARTVESRQAQDLARSYGIPYIETSAKTRQGVEDAFYTLVREIRQH	True	87.985	87.985	135.146	90.000	90.000	120.000	/Users/mitchellparker/Desktop/rascore_build/core/3oiuA_core.cif	/Users/mitchellparker/Desktop/rascore_build/rcsb/3oiu.cif.gz	/Users/mitchellparker/Desktop/rascore_build/renum/3oiu_renum.cif	/Users/mitchellparker/Desktop/rascore_build/rcsb_assembly/3oiu-assembly-2.cif.gz	/Users/mitchellparker/Desktop/rascore_build/renum_assembly/3oiu-assembly-2_renum.cif	/Users/mitchellparker/Desktop/rascore_build/sifts/3oiu.xml.gz	/Users/mitchellparker/Desktop/rascore_build/pocket/3oiuA_4_pocket.pdb
3oivA	3oiv	0	A	Y32in.3P-ON	Disordered	Y32in	Disordered	H 3 2 (CF2)	3oivA2	2	GTPase HRas	RASH_HUMAN	P01112	G12V	G12	HRAS	3P	G12V	None	None	None	Homodimer	SP12-Unbound	H 3 2	166	1-60:67-166	2010-08-20	Other	350.9194	0.0016	Unbound	Unbound	127,131,134,135,139,141,143	GNP,CA,MG,MG,MG,DTT,DTT	None	None	None	None	None	None	None	None	None	None	GNP	MG	None	CA,DTT	None	None	STP	XRAY	1.837	0.162	MTEYKLVVVGAVGVGKSALTIQLIQNHFVDEYDPTIEDSYRKQVVIDGETCLLDILDTAGQEEYSAMRDQYMRTGEGFLCVFAINNTKSFEDIHQYREQIKRVKDSDDVPMVLVGNKCDLAARTVESRQAQDLARSYGIPYIETSAKTRQGVEDAFYTLVREIRQH	True	87.883	87.883	133.057	90.000	90.000	120.000	/Users/mitchellparker/Desktop/rascore_build/core/3oivA_core.cif	/Users/mitchellparker/Desktop/rascore_build/rcsb/3oiv.cif.gz	/Users/mitchellparker/Desktop/rascore_build/renum/3oiv_renum.cif	/Users/mitchellparker/Desktop/rascore_build/rcsb_assembly/3oiv-assembly-1.cif.gz	/Users/mitchellparker/Desktop/rascore_build/renum_assembly/3oiv-assembly-1_renum.cif	/Users/mitchellparker/Desktop/rascore_build/sifts/3oiv.xml.gz	/Users/mitchellparker/Desktop/rascore_build/pocket/3oivA_2_pocket.pdb
3oivA	3oiv	0	A	Y32in.3P-ON	Disordered	Y32in	Disordered	H 3 2 (CF2)	3oivA3	3	GTPase HRas	RASH_HUMAN	P01112	G12V	G12	HRAS	3P	G12V	None	None	None	Homodimer	SP12-Unbound	H 3 2	166	1-60:67-166	2010-08-20	Other	289.2477	0.0068	Unbound	Unbound	90,91,94,129,132,133,136	GNP,CA,MG,MG,MG,DTT,DTT	None	None	None	None	None	None	None	None	None	None	GNP	MG	None	CA,DTT	None	None	STP	XRAY	1.837	0.162	MTEYKLVVVGAVGVGKSALTIQLIQNHFVDEYDPTIEDSYRKQVVIDGETCLLDILDTAGQEEYSAMRDQYMRTGEGFLCVFAINNTKSFEDIHQYREQIKRVKDSDDVPMVLVGNKCDLAARTVESRQAQDLARSYGIPYIETSAKTRQGVEDAFYTLVREIRQH	True	87.883	87.883	133.057	90.000	90.000	120.000	/Users/mitchellparker/Desktop/rascore_build/core/3oivA_core.cif	/Users/mitchellparker/Desktop/rascore_build/rcsb/3oiv.cif.gz	/Users/mitchellparker/Desktop/rascore_build/renum/3oiv_renum.cif	/Users/mitchellparker/Desktop/rascore_build/rcsb_assembly/3oiv-assembly-1.cif.gz	/Users/mitchellparker/Desktop/rascore_build/renum_assembly/3oiv-assembly-1_renum.cif	/Users/mitchellparker/Desktop/rascore_build/sifts/3oiv.xml.gz	/Users/mitchellparker/Desktop/rascore_build/pocket/3oivA_3_pocket.pdb
3oivA	3oiv	0	A	Y32in.3P-ON	Disordered	Y32in	Disordered	H 3 2 (CF2)	3oivA4	4	GTPase HRas	RASH_HUMAN	P01112	G12V	G12	HRAS	3P	G12V	None	None	None	Homodimer	SP12-Unbound	H 3 2	166	1-60:67-166	2010-08-20	SP12	245.8929	0.0245	Unbound	Unbound	5,6,7,39,54,55,56,74,75	GNP,CA,MG,MG,MG,DTT,DTT	None	None	None	None	None	None	None	None	None	None	GNP	MG	None	CA,DTT	None	None	STP	XRAY	1.837	0.162	MTEYKLVVVGAVGVGKSALTIQLIQNHFVDEYDPTIEDSYRKQVVIDGETCLLDILDTAGQEEYSAMRDQYMRTGEGFLCVFAINNTKSFEDIHQYREQIKRVKDSDDVPMVLVGNKCDLAARTVESRQAQDLARSYGIPYIETSAKTRQGVEDAFYTLVREIRQH	True	87.883	87.883	133.057	90.000	90.000	120.000	/Users/mitchellparker/Desktop/rascore_build/core/3oivA_core.cif	/Users/mitchellparker/Desktop/rascore_build/rcsb/3oiv.cif.gz	/Users/mitchellparker/Desktop/rascore_build/renum/3oiv_renum.cif	/Users/mitchellparker/Desktop/rascore_build/rcsb_assembly/3oiv-assembly-1.cif.gz	/Users/mitchellparker/Desktop/rascore_build/renum_assembly/3oiv-assembly-1_renum.cif	/Users/mitchellparker/Desktop/rascore_build/sifts/3oiv.xml.gz	/Users/mitchellparker/Desktop/rascore_build/pocket/3oivA_4_pocket.pdb
3oiwA	3oiw	0	A	Y32in.3P-ON	Y71in.3P-R	Y32in	Y71in	H 3 2 (CF2)	3oiwA3	3	GTPase HRas	RASH_HUMAN	P01112	G12V	G12	HRAS	3P	G12V	None	None	None	Homodimer	SP12-Unbound	H 3 2	166	1-166	2010-08-20	Other	423.2588	0.0252	Unbound	Unbound	2,3,4,75,76,104,106,109,110,163,166	GNP,CA,CA,MG,MG,CA,ACT	None	None	None	None	None	None	None	None	None	None	GNP	MG	None	ACT,CA	None	None	STP	XRAY	1.300	0.197	MTEYKLVVVGAVGVGKSALTIQLIQNHFVDEYDPTIEDSYRKQVVIDGETCLLDILDTAGQEEYSAMRDQYMRTGEGFLCVFAINNTKSFEDIHQYREQIKRVKDSDDVPMVLVGNKCDLAARTVESRQAQDLARSYGIPYIETSAKTRQGVEDAFYTLVREIRQH	True	88.519	88.519	134.385	90.000	90.000	120.000	/Users/mitchellparker/Desktop/rascore_build/core/3oiwA_core.cif	/Users/mitchellparker/Desktop/rascore_build/rcsb/3oiw.cif.gz	/Users/mitchellparker/Desktop/rascore_build/renum/3oiw_renum.cif	/Users/mitchellparker/Desktop/rascore_build/rcsb_assembly/3oiw-assembly-1.cif.gz	/Users/mitchellparker/Desktop/rascore_build/renum_assembly/3oiw-assembly-1_renum.cif	/Users/mitchellparker/Desktop/rascore_build/sifts/3oiw.xml.gz	/Users/mitchellparker/Desktop/rascore_build/pocket/3oiwA_3_pocket.pdb
3oiwA	3oiw	0	A	Y32in.3P-ON	Y71in.3P-R	Y32in	Y71in	H 3 2 (CF2)	3oiwA4	4	GTPase HRas	RASH_HUMAN	P01112	G12V	G12	HRAS	3P	G12V	None	None	None	Homodimer	SP12-Unbound	H 3 2	166	1-166	2010-08-20	Other	287.6657	0.0003	Unbound	Unbound	107,108,109,110,137,138,139,162,165,166	GNP,CA,CA,MG,MG,CA,ACT	None	None	None	None	None	None	None	None	None	None	GNP	MG	None	ACT,CA	None	None	STP	XRAY	1.300	0.197	MTEYKLVVVGAVGVGKSALTIQLIQNHFVDEYDPTIEDSYRKQVVIDGETCLLDILDTAGQEEYSAMRDQYMRTGEGFLCVFAINNTKSFEDIHQYREQIKRVKDSDDVPMVLVGNKCDLAARTVESRQAQDLARSYGIPYIETSAKTRQGVEDAFYTLVREIRQH	True	88.519	88.519	134.385	90.000	90.000	120.000	/Users/mitchellparker/Desktop/rascore_build/core/3oiwA_core.cif	/Users/mitchellparker/Desktop/rascore_build/rcsb/3oiw.cif.gz	/Users/mitchellparker/Desktop/rascore_build/renum/3oiw_renum.cif	/Users/mitchellparker/Desktop/rascore_build/rcsb_assembly/3oiw-assembly-1.cif.gz	/Users/mitchellparker/Desktop/rascore_build/renum_assembly/3oiw-assembly-1_renum.cif	/Users/mitchellparker/Desktop/rascore_build/sifts/3oiw.xml.gz	/Users/mitchellparker/Desktop/rascore_build/pocket/3oiwA_4_pocket.pdb
3oiwA	3oiw	0	A	Y32in.3P-ON	Y71in.3P-R	Y32in	Y71in	H 3 2 (CF2)	3oiwA5	5	GTPase HRas	RASH_HUMAN	P01112	G12V	G12	HRAS	3P	G12V	None	None	None	Homodimer	SP12-Unbound	H 3 2	166	1-166	2010-08-20	SP12	175.6756	0.0067	Unbound	Unbound	5,6,7,54,56,71,74,75	GNP,CA,CA,MG,MG,CA,ACT	None	None	None	None	None	None	None	None	None	None	GNP	MG	None	ACT,CA	None	None	STP	XRAY	1.300	0.197	MTEYKLVVVGAVGVGKSALTIQLIQNHFVDEYDPTIEDSYRKQVVIDGETCLLDILDTAGQEEYSAMRDQYMRTGEGFLCVFAINNTKSFEDIHQYREQIKRVKDSDDVPMVLVGNKCDLAARTVESRQAQDLARSYGIPYIETSAKTRQGVEDAFYTLVREIRQH	True	88.519	88.519	134.385	90.000	90.000	120.000	/Users/mitchellparker/Desktop/rascore_build/core/3oiwA_core.cif	/Users/mitchellparker/Desktop/rascore_build/rcsb/3oiw.cif.gz	/Users/mitchellparker/Desktop/rascore_build/renum/3oiw_renum.cif	/Users/mitchellparker/Desktop/rascore_build/rcsb_assembly/3oiw-assembly-1.cif.gz	/Users/mitchellparker/Desktop/rascore_build/renum_assembly/3oiw-assembly-1_renum.cif	/Users/mitchellparker/Desktop/rascore_build/sifts/3oiw.xml.gz	/Users/mitchellparker/Desktop/rascore_build/pocket/3oiwA_5_pocket.pdb
3rryA	3rry	0	A	Y32in.3P-ON	Y71out.3P-T	Y32in	Y71out	H 3 2 (CF2)	3rryA2	2	GTPase HRas	RASH_HUMAN	P01112	WT	WT	HRAS	3P	WT	None	None	None	Homodimer	SP12-Unbound	H 3 2	166	1-166	2011-05-02	Other	249.1671	0.0002	Unbound	Unbound	97,107,108,109,110,111,137,138,139,162,165,166	GNP,CA,MG,MG,CA	None	None	None	None	None	None	None	None	None	None	GNP	MG	None	CA	None	None	STP	XRAY	1.600	0.186	MTEYKLVVVGAGGVGKSALTIQLIQNHFVDEYDPTIEDSYRKQVVIDGETCLLDILDTAGQEEYSAMRDQYMRTGEGFLCVFAINNTKSFEDIHQYREQIKRVKDSDDVPMVLVGNKCDLAARTVESRQAQDLARSYGIPYIETSAKTRQGVEDAFYTLVREIRQH	True	88.726	88.726	135.051	90.00	90.00	120.00	/Users/mitchellparker/Desktop/rascore_build/core/3rryA_core.cif	/Users/mitchellparker/Desktop/rascore_build/rcsb/3rry.cif.gz	/Users/mitchellparker/Desktop/rascore_build/renum/3rry_renum.cif	/Users/mitchellparker/Desktop/rascore_build/rcsb_assembly/3rry-assembly-1.cif.gz	/Users/mitchellparker/Desktop/rascore_build/renum_assembly/3rry-assembly-1_renum.cif	/Users/mitchellparker/Desktop/rascore_build/sifts/3rry.xml.gz	/Users/mitchellparker/Desktop/rascore_build/pocket/3rryA_2_pocket.pdb
3rryA	3rry	0	A	Y32in.3P-ON	Y71out.3P-T	Y32in	Y71out	H 3 2 (CF2)	3rryA3	3	GTPase HRas	RASH_HUMAN	P01112	WT	WT	HRAS	3P	WT	None	None	None	Homodimer	SP12-Unbound	H 3 2	166	1-166	2011-05-02	SP12	246.6595	0.0283	Unbound	Unbound	5,6,7,39,54,55,56,71,74	GNP,CA,MG,MG,CA	None	None	None	None	None	None	None	None	None	None	GNP	MG	None	CA	None	None	STP	XRAY	1.600	0.186	MTEYKLVVVGAGGVGKSALTIQLIQNHFVDEYDPTIEDSYRKQVVIDGETCLLDILDTAGQEEYSAMRDQYMRTGEGFLCVFAINNTKSFEDIHQYREQIKRVKDSDDVPMVLVGNKCDLAARTVESRQAQDLARSYGIPYIETSAKTRQGVEDAFYTLVREIRQH	True	88.726	88.726	135.051	90.00	90.00	120.00	/Users/mitchellparker/Desktop/rascore_build/core/3rryA_core.cif	/Users/mitchellparker/Desktop/rascore_build/rcsb/3rry.cif.gz	/Users/mitchellparker/Desktop/rascore_build/renum/3rry_renum.cif	/Users/mitchellparker/Desktop/rascore_build/rcsb_assembly/3rry-assembly-1.cif.gz	/Users/mitchellparker/Desktop/rascore_build/renum_assembly/3rry-assembly-1_renum.cif	/Users/mitchellparker/Desktop/rascore_build/sifts/3rry.xml.gz	/Users/mitchellparker/Desktop/rascore_build/pocket/3rryA_3_pocket.pdb
3rryA	3rry	0	A	Y32in.3P-ON	Y71out.3P-T	Y32in	Y71out	H 3 2 (CF2)	3rryA4	4	GTPase HRas	RASH_HUMAN	P01112	WT	WT	HRAS	3P	WT	None	None	None	Homodimer	SP12-Unbound	H 3 2	166	1-166	2011-05-02	Other	368.7450	0.0189	Unbound	Unbound	75,76,104,106,108,109,110,163,166	GNP,CA,MG,MG,CA	None	None	None	None	None	None	None	None	None	None	GNP	MG	None	CA	None	None	STP	XRAY	1.600	0.186	MTEYKLVVVGAGGVGKSALTIQLIQNHFVDEYDPTIEDSYRKQVVIDGETCLLDILDTAGQEEYSAMRDQYMRTGEGFLCVFAINNTKSFEDIHQYREQIKRVKDSDDVPMVLVGNKCDLAARTVESRQAQDLARSYGIPYIETSAKTRQGVEDAFYTLVREIRQH	True	88.726	88.726	135.051	90.00	90.00	120.00	/Users/mitchellparker/Desktop/rascore_build/core/3rryA_core.cif	/Users/mitchellparker/Desktop/rascore_build/rcsb/3rry.cif.gz	/Users/mitchellparker/Desktop/rascore_build/renum/3rry_renum.cif	/Users/mitchellparker/Desktop/rascore_build/rcsb_assembly/3rry-assembly-1.cif.gz	/Users/mitchellparker/Desktop/rascore_build/renum_assembly/3rry-assembly-1_renum.cif	/Users/mitchellparker/Desktop/rascore_build/sifts/3rry.xml.gz	/Users/mitchellparker/Desktop/rascore_build/pocket/3rryA_4_pocket.pdb
3rrzA	3rrz	0	A	Y32in.3P-ON	Y71out.3P-T	Y32in	Y71out	H 3 2 (CF2)	3rrzA2	2	GTPase HRas	RASH_HUMAN	P01112	WT	WT	HRAS	3P	WT	None	None	None	Homodimer	SP12-Unbound	H 3 2	166	1-166	2011-05-02	SP12	261.3358	0.0230	Unbound	Unbound	5,6,7,39,40,41,54,55,56,74,75	GNP,GOL,GOL,GOL,GOL,GOL,GOL,GOL,MG,CA,CA,MG,GOL	None	None	None	None	None	None	None	None	None	None	GNP	MG	None	CA,GOL	None	None	STP	XRAY	1.600	0.185	MTEYKLVVVGAGGVGKSALTIQLIQNHFVDEYDPTIEDSYRKQVVIDGETCLLDILDTAGQEEYSAMRDQYMRTGEGFLCVFAINNTKSFEDIHQYREQIKRVKDSDDVPMVLVGNKCDLAARTVESRQAQDLARSYGIPYIETSAKTRQGVEDAFYTLVREIRQH	True	89.278	89.278	134.703	90.00	90.00	120.00	/Users/mitchellparker/Desktop/rascore_build/core/3rrzA_core.cif	/Users/mitchellparker/Desktop/rascore_build/rcsb/3rrz.cif.gz	/Users/mitchellparker/Desktop/rascore_build/renum/3rrz_renum.cif	/Users/mitchellparker/Desktop/rascore_build/rcsb_assembly/3rrz-assembly-1.cif.gz	/Users/mitchellparker/Desktop/rascore_build/renum_assembly/3rrz-assembly-1_renum.cif	/Users/mitchellparker/Desktop/rascore_build/sifts/3rrz.xml.gz	/Users/mitchellparker/Desktop/rascore_build/pocket/3rrzA_2_pocket.pdb
3rrzA	3rrz	0	A	Y32in.3P-ON	Y71out.3P-T	Y32in	Y71out	H 3 2 (CF2)	3rrzA3	3	GTPase HRas	RASH_HUMAN	P01112	WT	WT	HRAS	3P	WT	None	None	None	Homodimer	SP12-Unbound	H 3 2	166	1-166	2011-05-02	Other	376.8975	0.0017	Unbound	Unbound	127,128,131,134,135,139,141,143	GNP,GOL,GOL,GOL,GOL,GOL,GOL,GOL,MG,CA,CA,MG,GOL	None	None	None	None	None	None	None	None	None	None	GNP	MG	None	CA,GOL	None	None	STP	XRAY	1.600	0.185	MTEYKLVVVGAGGVGKSALTIQLIQNHFVDEYDPTIEDSYRKQVVIDGETCLLDILDTAGQEEYSAMRDQYMRTGEGFLCVFAINNTKSFEDIHQYREQIKRVKDSDDVPMVLVGNKCDLAARTVESRQAQDLARSYGIPYIETSAKTRQGVEDAFYTLVREIRQH	True	89.278	89.278	134.703	90.00	90.00	120.00	/Users/mitchellparker/Desktop/rascore_build/core/3rrzA_core.cif	/Users/mitchellparker/Desktop/rascore_build/rcsb/3rrz.cif.gz	/Users/mitchellparker/Desktop/rascore_build/renum/3rrz_renum.cif	/Users/mitchellparker/Desktop/rascore_build/rcsb_assembly/3rrz-assembly-1.cif.gz	/Users/mitchellparker/Desktop/rascore_build/renum_assembly/3rrz-assembly-1_renum.cif	/Users/mitchellparker/Desktop/rascore_build/sifts/3rrz.xml.gz	/Users/mitchellparker/Desktop/rascore_build/pocket/3rrzA_3_pocket.pdb
3rrzA	3rrz	0	A	Y32in.3P-ON	Y71out.3P-T	Y32in	Y71out	H 3 2 (CF2)	3rrzA4	4	GTPase HRas	RASH_HUMAN	P01112	WT	WT	HRAS	3P	WT	None	None	None	Homodimer	SP12-Unbound	H 3 2	166	1-166	2011-05-02	Other	266.4342	0.0039	Unbound	Unbound	75,76,104,106,108,109,110,163,166	GNP,GOL,GOL,GOL,GOL,GOL,GOL,GOL,MG,CA,CA,MG,GOL	None	None	None	None	None	None	None	None	None	None	GNP	MG	None	CA,GOL	None	None	STP	XRAY	1.600	0.185	MTEYKLVVVGAGGVGKSALTIQLIQNHFVDEYDPTIEDSYRKQVVIDGETCLLDILDTAGQEEYSAMRDQYMRTGEGFLCVFAINNTKSFEDIHQYREQIKRVKDSDDVPMVLVGNKCDLAARTVESRQAQDLARSYGIPYIETSAKTRQGVEDAFYTLVREIRQH	True	89.278	89.278	134.703	90.00	90.00	120.00	/Users/mitchellparker/Desktop/rascore_build/core/3rrzA_core.cif	/Users/mitchellparker/Desktop/rascore_build/rcsb/3rrz.cif.gz	/Users/mitchellparker/Desktop/rascore_build/renum/3rrz_renum.cif	/Users/mitchellparker/Desktop/rascore_build/rcsb_assembly/3rrz-assembly-1.cif.gz	/Users/mitchellparker/Desktop/rascore_build/renum_assembly/3rrz-assembly-1_renum.cif	/Users/mitchellparker/Desktop/rascore_build/sifts/3rrz.xml.gz	/Users/mitchellparker/Desktop/rascore_build/pocket/3rrzA_4_pocket.pdb
3rrzA	3rrz	0	A	Y32in.3P-ON	Y71out.3P-T	Y32in	Y71out	H 3 2 (CF2)	3rrzA5	5	GTPase HRas	RASH_HUMAN	P01112	WT	WT	HRAS	3P	WT	None	None	None	Homodimer	SP12-Unbound	H 3 2	166	1-166	2011-05-02	Other	673.1021	0.7268	Unbound	Unbound	80,93,94,96,98,101,107,108,109,110,111,113,136,137,138,139,162,165,166	GNP,GOL,GOL,GOL,GOL,GOL,GOL,GOL,MG,CA,CA,MG,GOL	None	None	None	None	None	None	None	None	None	None	GNP	MG	None	CA,GOL	None	None	STP	XRAY	1.600	0.185	MTEYKLVVVGAGGVGKSALTIQLIQNHFVDEYDPTIEDSYRKQVVIDGETCLLDILDTAGQEEYSAMRDQYMRTGEGFLCVFAINNTKSFEDIHQYREQIKRVKDSDDVPMVLVGNKCDLAARTVESRQAQDLARSYGIPYIETSAKTRQGVEDAFYTLVREIRQH	True	89.278	89.278	134.703	90.00	90.00	120.00	/Users/mitchellparker/Desktop/rascore_build/core/3rrzA_core.cif	/Users/mitchellparker/Desktop/rascore_build/rcsb/3rrz.cif.gz	/Users/mitchellparker/Desktop/rascore_build/renum/3rrz_renum.cif	/Users/mitchellparker/Desktop/rascore_build/rcsb_assembly/3rrz-assembly-1.cif.gz	/Users/mitchellparker/Desktop/rascore_build/renum_assembly/3rrz-assembly-1_renum.cif	/Users/mitchellparker/Desktop/rascore_build/sifts/3rrz.xml.gz	/Users/mitchellparker/Desktop/rascore_build/pocket/3rrzA_5_pocket.pdb
3rs0A	3rs0	0	A	Y32in.3P-ON	Y71out.3P-T	Y32in	Y71out	H 3 2 (CF2)	3rs0A2	2	GTPase HRas	RASH_HUMAN	P01112	WT	WT	HRAS	3P	WT	None	None	None	Homodimer	Multiple-Unbound	H 3 2	166	1-166	2011-05-02	SP12	234.9742	0.0753	Unbound	Unbound	5,6,7,39,40,54,55,56,71,74,75	GNP,YEG,YEG,CA,MG,CA,MG	None	None	None	None	None	None	None	None	None	None	GNP	MG	None	CA,YEG	None	None	STP	XRAY	1.400	0.169	MTEYKLVVVGAGGVGKSALTIQLIQNHFVDEYDPTIEDSYRKQVVIDGETCLLDILDTAGQEEYSAMRDQYMRTGEGFLCVFAINNTKSFEDIHQYREQIKRVKDSDDVPMVLVGNKCDLAARTVESRQAQDLARSYGIPYIETSAKTRQGVEDAFYTLVREIRQH	True	87.635	87.635	134.241	90.00	90.00	120.00	/Users/mitchellparker/Desktop/rascore_build/core/3rs0A_core.cif	/Users/mitchellparker/Desktop/rascore_build/rcsb/3rs0.cif.gz	/Users/mitchellparker/Desktop/rascore_build/renum/3rs0_renum.cif	/Users/mitchellparker/Desktop/rascore_build/rcsb_assembly/3rs0-assembly-1.cif.gz	/Users/mitchellparker/Desktop/rascore_build/renum_assembly/3rs0-assembly-1_renum.cif	/Users/mitchellparker/Desktop/rascore_build/sifts/3rs0.xml.gz	/Users/mitchellparker/Desktop/rascore_build/pocket/3rs0A_2_pocket.pdb
3rs0A	3rs0	0	A	Y32in.3P-ON	Y71out.3P-T	Y32in	Y71out	H 3 2 (CF2)	3rs0A3	3	GTPase HRas	RASH_HUMAN	P01112	WT	WT	HRAS	3P	WT	None	None	None	Homodimer	Multiple-Unbound	H 3 2	166	1-166	2011-05-02	SP2	180.7684	0.0074	Unbound	Unbound	62,68,92,95,96,99	GNP,YEG,YEG,CA,MG,CA,MG	None	None	None	None	None	None	None	None	None	None	GNP	MG	None	CA,YEG	None	None	STP	XRAY	1.400	0.169	MTEYKLVVVGAGGVGKSALTIQLIQNHFVDEYDPTIEDSYRKQVVIDGETCLLDILDTAGQEEYSAMRDQYMRTGEGFLCVFAINNTKSFEDIHQYREQIKRVKDSDDVPMVLVGNKCDLAARTVESRQAQDLARSYGIPYIETSAKTRQGVEDAFYTLVREIRQH	True	87.635	87.635	134.241	90.00	90.00	120.00	/Users/mitchellparker/Desktop/rascore_build/core/3rs0A_core.cif	/Users/mitchellparker/Desktop/rascore_build/rcsb/3rs0.cif.gz	/Users/mitchellparker/Desktop/rascore_build/renum/3rs0_renum.cif	/Users/mitchellparker/Desktop/rascore_build/rcsb_assembly/3rs0-assembly-1.cif.gz	/Users/mitchellparker/Desktop/rascore_build/renum_assembly/3rs0-assembly-1_renum.cif	/Users/mitchellparker/Desktop/rascore_build/sifts/3rs0.xml.gz	/Users/mitchellparker/Desktop/rascore_build/pocket/3rs0A_3_pocket.pdb
3rs0A	3rs0	0	A	Y32in.3P-ON	Y71out.3P-T	Y32in	Y71out	H 3 2 (CF2)	3rs0A4	4	GTPase HRas	RASH_HUMAN	P01112	WT	WT	HRAS	3P	WT	None	None	None	Homodimer	Multiple-Unbound	H 3 2	166	1-166	2011-05-02	Other	291.1485	0.0003	Unbound	Unbound	97,107,108,109,110,111,137,138,139,162,165,166	GNP,YEG,YEG,CA,MG,CA,MG	None	None	None	None	None	None	None	None	None	None	GNP	MG	None	CA,YEG	None	None	STP	XRAY	1.400	0.169	MTEYKLVVVGAGGVGKSALTIQLIQNHFVDEYDPTIEDSYRKQVVIDGETCLLDILDTAGQEEYSAMRDQYMRTGEGFLCVFAINNTKSFEDIHQYREQIKRVKDSDDVPMVLVGNKCDLAARTVESRQAQDLARSYGIPYIETSAKTRQGVEDAFYTLVREIRQH	True	87.635	87.635	134.241	90.00	90.00	120.00	/Users/mitchellparker/Desktop/rascore_build/core/3rs0A_core.cif	/Users/mitchellparker/Desktop/rascore_build/rcsb/3rs0.cif.gz	/Users/mitchellparker/Desktop/rascore_build/renum/3rs0_renum.cif	/Users/mitchellparker/Desktop/rascore_build/rcsb_assembly/3rs0-assembly-1.cif.gz	/Users/mitchellparker/Desktop/rascore_build/renum_assembly/3rs0-assembly-1_renum.cif	/Users/mitchellparker/Desktop/rascore_build/sifts/3rs0.xml.gz	/Users/mitchellparker/Desktop/rascore_build/pocket/3rs0A_4_pocket.pdb
3rs0A	3rs0	0	A	Y32in.3P-ON	Y71out.3P-T	Y32in	Y71out	H 3 2 (CF2)	3rs0A5	5	GTPase HRas	RASH_HUMAN	P01112	WT	WT	HRAS	3P	WT	None	None	None	Homodimer	Multiple-Unbound	H 3 2	166	1-166	2011-05-02	Other	452.3658	0.0929	Unbound	Unbound	3,4,75,76,104,106,108,109,110,163,166	GNP,YEG,YEG,CA,MG,CA,MG	None	None	None	None	None	None	None	None	None	None	GNP	MG	None	CA,YEG	None	None	STP	XRAY	1.400	0.169	MTEYKLVVVGAGGVGKSALTIQLIQNHFVDEYDPTIEDSYRKQVVIDGETCLLDILDTAGQEEYSAMRDQYMRTGEGFLCVFAINNTKSFEDIHQYREQIKRVKDSDDVPMVLVGNKCDLAARTVESRQAQDLARSYGIPYIETSAKTRQGVEDAFYTLVREIRQH	True	87.635	87.635	134.241	90.00	90.00	120.00	/Users/mitchellparker/Desktop/rascore_build/core/3rs0A_core.cif	/Users/mitchellparker/Desktop/rascore_build/rcsb/3rs0.cif.gz	/Users/mitchellparker/Desktop/rascore_build/renum/3rs0_renum.cif	/Users/mitchellparker/Desktop/rascore_build/rcsb_assembly/3rs0-assembly-1.cif.gz	/Users/mitchellparker/Desktop/rascore_build/renum_assembly/3rs0-assembly-1_renum.cif	/Users/mitchellparker/Desktop/rascore_build/sifts/3rs0.xml.gz	/Users/mitchellparker/Desktop/rascore_build/pocket/3rs0A_5_pocket.pdb
3rs2A	3rs2	0	A	Y32in.3P-ON	Y71out.3P-T	Y32in	Y71out	H 3 2 (CF2)	3rs2A4	4	GTPase HRas	RASH_HUMAN	P01112	WT	WT	HRAS	3P	WT	None	None	None	Homodimer	SP12-Unbound	H 3 2	166	1-166	2011-05-02	Other	340.3468	0.0019	Unbound	Unbound	127,131,134,135,139,141,143	GNP,ETF,CA,CA,MG,MG,ETF	None	None	None	None	None	None	None	None	None	None	GNP	MG	None	CA,ETF	None	None	STP	XRAY	1.836	0.178	MTEYKLVVVGAGGVGKSALTIQLIQNHFVDEYDPTIEDSYRKQVVIDGETCLLDILDTAGQEEYSAMRDQYMRTGEGFLCVFAINNTKSFEDIHQYREQIKRVKDSDDVPMVLVGNKCDLAARTVESRQAQDLARSYGIPYIETSAKTRQGVEDAFYTLVREIRQH	True	88.323	88.323	133.910	90.00	90.00	120.00	/Users/mitchellparker/Desktop/rascore_build/core/3rs2A_core.cif	/Users/mitchellparker/Desktop/rascore_build/rcsb/3rs2.cif.gz	/Users/mitchellparker/Desktop/rascore_build/renum/3rs2_renum.cif	/Users/mitchellparker/Desktop/rascore_build/rcsb_assembly/3rs2-assembly-1.cif.gz	/Users/mitchellparker/Desktop/rascore_build/renum_assembly/3rs2-assembly-1_renum.cif	/Users/mitchellparker/Desktop/rascore_build/sifts/3rs2.xml.gz	/Users/mitchellparker/Desktop/rascore_build/pocket/3rs2A_4_pocket.pdb
3rs2A	3rs2	0	A	Y32in.3P-ON	Y71out.3P-T	Y32in	Y71out	H 3 2 (CF2)	3rs2A5	5	GTPase HRas	RASH_HUMAN	P01112	WT	WT	HRAS	3P	WT	None	None	None	Homodimer	SP12-Unbound	H 3 2	166	1-166	2011-05-02	Other	296.5108	0.1770	Unbound	Unbound	75,76,104,106,108,109,110,163,166	GNP,ETF,CA,CA,MG,MG,ETF	None	None	None	None	None	None	None	None	None	None	GNP	MG	None	CA,ETF	None	None	STP	XRAY	1.836	0.178	MTEYKLVVVGAGGVGKSALTIQLIQNHFVDEYDPTIEDSYRKQVVIDGETCLLDILDTAGQEEYSAMRDQYMRTGEGFLCVFAINNTKSFEDIHQYREQIKRVKDSDDVPMVLVGNKCDLAARTVESRQAQDLARSYGIPYIETSAKTRQGVEDAFYTLVREIRQH	True	88.323	88.323	133.910	90.00	90.00	120.00	/Users/mitchellparker/Desktop/rascore_build/core/3rs2A_core.cif	/Users/mitchellparker/Desktop/rascore_build/rcsb/3rs2.cif.gz	/Users/mitchellparker/Desktop/rascore_build/renum/3rs2_renum.cif	/Users/mitchellparker/Desktop/rascore_build/rcsb_assembly/3rs2-assembly-1.cif.gz	/Users/mitchellparker/Desktop/rascore_build/renum_assembly/3rs2-assembly-1_renum.cif	/Users/mitchellparker/Desktop/rascore_build/sifts/3rs2.xml.gz	/Users/mitchellparker/Desktop/rascore_build/pocket/3rs2A_5_pocket.pdb
3rs2A	3rs2	0	A	Y32in.3P-ON	Y71out.3P-T	Y32in	Y71out	H 3 2 (CF2)	3rs2A6	6	GTPase HRas	RASH_HUMAN	P01112	WT	WT	HRAS	3P	WT	None	None	None	Homodimer	SP12-Unbound	H 3 2	166	1-166	2011-05-02	Other	251.5723	0.0002	Unbound	Unbound	97,107,108,109,110,111,137,138,139,162,165,166	GNP,ETF,CA,CA,MG,MG,ETF	None	None	None	None	None	None	None	None	None	None	GNP	MG	None	CA,ETF	None	None	STP	XRAY	1.836	0.178	MTEYKLVVVGAGGVGKSALTIQLIQNHFVDEYDPTIEDSYRKQVVIDGETCLLDILDTAGQEEYSAMRDQYMRTGEGFLCVFAINNTKSFEDIHQYREQIKRVKDSDDVPMVLVGNKCDLAARTVESRQAQDLARSYGIPYIETSAKTRQGVEDAFYTLVREIRQH	True	88.323	88.323	133.910	90.00	90.00	120.00	/Users/mitchellparker/Desktop/rascore_build/core/3rs2A_core.cif	/Users/mitchellparker/Desktop/rascore_build/rcsb/3rs2.cif.gz	/Users/mitchellparker/Desktop/rascore_build/renum/3rs2_renum.cif	/Users/mitchellparker/Desktop/rascore_build/rcsb_assembly/3rs2-assembly-1.cif.gz	/Users/mitchellparker/Desktop/rascore_build/renum_assembly/3rs2-assembly-1_renum.cif	/Users/mitchellparker/Desktop/rascore_build/sifts/3rs2.xml.gz	/Users/mitchellparker/Desktop/rascore_build/pocket/3rs2A_6_pocket.pdb
3rs2A	3rs2	0	A	Y32in.3P-ON	Y71out.3P-T	Y32in	Y71out	H 3 2 (CF2)	3rs2A7	7	GTPase HRas	RASH_HUMAN	P01112	WT	WT	HRAS	3P	WT	None	None	None	Homodimer	SP12-Unbound	H 3 2	166	1-166	2011-05-02	SP12	200.1376	0.0142	Unbound	Unbound	5,39,54,55,56,71,74	GNP,ETF,CA,CA,MG,MG,ETF	None	None	None	None	None	None	None	None	None	None	GNP	MG	None	CA,ETF	None	None	STP	XRAY	1.836	0.178	MTEYKLVVVGAGGVGKSALTIQLIQNHFVDEYDPTIEDSYRKQVVIDGETCLLDILDTAGQEEYSAMRDQYMRTGEGFLCVFAINNTKSFEDIHQYREQIKRVKDSDDVPMVLVGNKCDLAARTVESRQAQDLARSYGIPYIETSAKTRQGVEDAFYTLVREIRQH	True	88.323	88.323	133.910	90.00	90.00	120.00	/Users/mitchellparker/Desktop/rascore_build/core/3rs2A_core.cif	/Users/mitchellparker/Desktop/rascore_build/rcsb/3rs2.cif.gz	/Users/mitchellparker/Desktop/rascore_build/renum/3rs2_renum.cif	/Users/mitchellparker/Desktop/rascore_build/rcsb_assembly/3rs2-assembly-1.cif.gz	/Users/mitchellparker/Desktop/rascore_build/renum_assembly/3rs2-assembly-1_renum.cif	/Users/mitchellparker/Desktop/rascore_build/sifts/3rs2.xml.gz	/Users/mitchellparker/Desktop/rascore_build/pocket/3rs2A_7_pocket.pdb
3rs3A	3rs3	0	A	Y32in.3P-ON	Y71out.3P-T	Y32in	Y71out	H 3 2 (CF2)	3rs3A3	3	GTPase HRas	RASH_HUMAN	P01112	WT	WT	HRAS	3P	WT	None	None	None	Homodimer	Other-Unbound	H 3 2	166	1-166	2011-05-02	Other	342.3110	0.1208	Unbound	Unbound	3,4,75,76,104,106,108,109,110,163,166	GNP,HEX,HEX,CA,CA,MG,CA	None	None	None	None	None	None	None	None	None	None	GNP	MG	None	CA,HEX	None	None	STP	XRAY	1.520	0.189	MTEYKLVVVGAGGVGKSALTIQLIQNHFVDEYDPTIEDSYRKQVVIDGETCLLDILDTAGQEEYSAMRDQYMRTGEGFLCVFAINNTKSFEDIHQYREQIKRVKDSDDVPMVLVGNKCDLAARTVESRQAQDLARSYGIPYIETSAKTRQGVEDAFYTLVREIRQH	True	88.328	88.328	135.128	90.00	90.00	120.00	/Users/mitchellparker/Desktop/rascore_build/core/3rs3A_core.cif	/Users/mitchellparker/Desktop/rascore_build/rcsb/3rs3.cif.gz	/Users/mitchellparker/Desktop/rascore_build/renum/3rs3_renum.cif	/Users/mitchellparker/Desktop/rascore_build/rcsb_assembly/3rs3-assembly-1.cif.gz	/Users/mitchellparker/Desktop/rascore_build/renum_assembly/3rs3-assembly-1_renum.cif	/Users/mitchellparker/Desktop/rascore_build/sifts/3rs3.xml.gz	/Users/mitchellparker/Desktop/rascore_build/pocket/3rs3A_3_pocket.pdb
3rs3A	3rs3	0	A	Y32in.3P-ON	Y71out.3P-T	Y32in	Y71out	H 3 2 (CF2)	3rs3A4	4	GTPase HRas	RASH_HUMAN	P01112	WT	WT	HRAS	3P	WT	None	None	None	Homodimer	Other-Unbound	H 3 2	166	1-166	2011-05-02	Other	224.0941	0.0001	Unbound	Unbound	97,107,108,109,110,111,137,138,139,162,165,166	GNP,HEX,HEX,CA,CA,MG,CA	None	None	None	None	None	None	None	None	None	None	GNP	MG	None	CA,HEX	None	None	STP	XRAY	1.520	0.189	MTEYKLVVVGAGGVGKSALTIQLIQNHFVDEYDPTIEDSYRKQVVIDGETCLLDILDTAGQEEYSAMRDQYMRTGEGFLCVFAINNTKSFEDIHQYREQIKRVKDSDDVPMVLVGNKCDLAARTVESRQAQDLARSYGIPYIETSAKTRQGVEDAFYTLVREIRQH	True	88.328	88.328	135.128	90.00	90.00	120.00	/Users/mitchellparker/Desktop/rascore_build/core/3rs3A_core.cif	/Users/mitchellparker/Desktop/rascore_build/rcsb/3rs3.cif.gz	/Users/mitchellparker/Desktop/rascore_build/renum/3rs3_renum.cif	/Users/mitchellparker/Desktop/rascore_build/rcsb_assembly/3rs3-assembly-1.cif.gz	/Users/mitchellparker/Desktop/rascore_build/renum_assembly/3rs3-assembly-1_renum.cif	/Users/mitchellparker/Desktop/rascore_build/sifts/3rs3.xml.gz	/Users/mitchellparker/Desktop/rascore_build/pocket/3rs3A_4_pocket.pdb
3rs4A	3rs4	0	A	Y32in.3P-ON	Y71out.3P-T	Y32in	Y71out	H 3 2 (CF2)	3rs4A3	3	GTPase HRas	RASH_HUMAN	P01112	WT	WT	HRAS	3P	WT	None	None	None	Homodimer	SP12-Unbound	H 3 2	166	1-64:67-166	2011-05-02	Other	412.8826	0.2389	Unbound	Unbound	3,4,75,76,104,106,108,109,110,163,166	GNP,HEZ,MG,CA,CA,MG	None	None	None	None	None	None	None	None	None	None	GNP	MG	None	CA,HEZ	None	None	STP	XRAY	1.700	0.174	MTEYKLVVVGAGGVGKSALTIQLIQNHFVDEYDPTIEDSYRKQVVIDGETCLLDILDTAGQEEYSAMRDQYMRTGEGFLCVFAINNTKSFEDIHQYREQIKRVKDSDDVPMVLVGNKCDLAARTVESRQAQDLARSYGIPYIETSAKTRQGVEDAFYTLVREIRQH	True	88.792	88.792	135.093	90.00	90.00	120.00	/Users/mitchellparker/Desktop/rascore_build/core/3rs4A_core.cif	/Users/mitchellparker/Desktop/rascore_build/rcsb/3rs4.cif.gz	/Users/mitchellparker/Desktop/rascore_build/renum/3rs4_renum.cif	/Users/mitchellparker/Desktop/rascore_build/rcsb_assembly/3rs4-assembly-1.cif.gz	/Users/mitchellparker/Desktop/rascore_build/renum_assembly/3rs4-assembly-1_renum.cif	/Users/mitchellparker/Desktop/rascore_build/sifts/3rs4.xml.gz	/Users/mitchellparker/Desktop/rascore_build/pocket/3rs4A_3_pocket.pdb
3rs4A	3rs4	0	A	Y32in.3P-ON	Y71out.3P-T	Y32in	Y71out	H 3 2 (CF2)	3rs4A4	4	GTPase HRas	RASH_HUMAN	P01112	WT	WT	HRAS	3P	WT	None	None	None	Homodimer	SP12-Unbound	H 3 2	166	1-64:67-166	2011-05-02	Other	224.1589	0.0002	Unbound	Unbound	97,107,108,109,110,111,137,138,139,162,165,166	GNP,HEZ,MG,CA,CA,MG	None	None	None	None	None	None	None	None	None	None	GNP	MG	None	CA,HEZ	None	None	STP	XRAY	1.700	0.174	MTEYKLVVVGAGGVGKSALTIQLIQNHFVDEYDPTIEDSYRKQVVIDGETCLLDILDTAGQEEYSAMRDQYMRTGEGFLCVFAINNTKSFEDIHQYREQIKRVKDSDDVPMVLVGNKCDLAARTVESRQAQDLARSYGIPYIETSAKTRQGVEDAFYTLVREIRQH	True	88.792	88.792	135.093	90.00	90.00	120.00	/Users/mitchellparker/Desktop/rascore_build/core/3rs4A_core.cif	/Users/mitchellparker/Desktop/rascore_build/rcsb/3rs4.cif.gz	/Users/mitchellparker/Desktop/rascore_build/renum/3rs4_renum.cif	/Users/mitchellparker/Desktop/rascore_build/rcsb_assembly/3rs4-assembly-1.cif.gz	/Users/mitchellparker/Desktop/rascore_build/renum_assembly/3rs4-assembly-1_renum.cif	/Users/mitchellparker/Desktop/rascore_build/sifts/3rs4.xml.gz	/Users/mitchellparker/Desktop/rascore_build/pocket/3rs4A_4_pocket.pdb
3rs4A	3rs4	0	A	Y32in.3P-ON	Y71out.3P-T	Y32in	Y71out	H 3 2 (CF2)	3rs4A5	5	GTPase HRas	RASH_HUMAN	P01112	WT	WT	HRAS	3P	WT	None	None	None	Homodimer	SP12-Unbound	H 3 2	166	1-64:67-166	2011-05-02	SP12	161.4023	0.0018	Unbound	Unbound	5,6,7,39,54,55,56,74	GNP,HEZ,MG,CA,CA,MG	None	None	None	None	None	None	None	None	None	None	GNP	MG	None	CA,HEZ	None	None	STP	XRAY	1.700	0.174	MTEYKLVVVGAGGVGKSALTIQLIQNHFVDEYDPTIEDSYRKQVVIDGETCLLDILDTAGQEEYSAMRDQYMRTGEGFLCVFAINNTKSFEDIHQYREQIKRVKDSDDVPMVLVGNKCDLAARTVESRQAQDLARSYGIPYIETSAKTRQGVEDAFYTLVREIRQH	True	88.792	88.792	135.093	90.00	90.00	120.00	/Users/mitchellparker/Desktop/rascore_build/core/3rs4A_core.cif	/Users/mitchellparker/Desktop/rascore_build/rcsb/3rs4.cif.gz	/Users/mitchellparker/Desktop/rascore_build/renum/3rs4_renum.cif	/Users/mitchellparker/Desktop/rascore_build/rcsb_assembly/3rs4-assembly-1.cif.gz	/Users/mitchellparker/Desktop/rascore_build/renum_assembly/3rs4-assembly-1_renum.cif	/Users/mitchellparker/Desktop/rascore_build/sifts/3rs4.xml.gz	/Users/mitchellparker/Desktop/rascore_build/pocket/3rs4A_5_pocket.pdb
3rs5A	3rs5	0	A	Y32in.3P-ON	Y71out.3P-T	Y32in	Y71out	H 3 2 (CF2)	3rs5A2	2	GTPase HRas	RASH_HUMAN	P01112	WT	WT	HRAS	3P	WT	None	None	None	Homodimer	SP12-Unbound	H 3 2	166	1-166	2011-05-02	SP12	277.8152	0.0140	Unbound	Unbound	5,6,7,39,40,41,54,55,56,71,74,75	GNP,DMF,DMF,DMF,DMF,CA,CA,MG,MG	None	None	None	None	None	None	None	None	None	None	GNP	MG	None	CA,DMF	None	None	STP	XRAY	1.680	0.164	MTEYKLVVVGAGGVGKSALTIQLIQNHFVDEYDPTIEDSYRKQVVIDGETCLLDILDTAGQEEYSAMRDQYMRTGEGFLCVFAINNTKSFEDIHQYREQIKRVKDSDDVPMVLVGNKCDLAARTVESRQAQDLARSYGIPYIETSAKTRQGVEDAFYTLVREIRQH	True	88.531	88.531	134.948	90.00	90.00	120.00	/Users/mitchellparker/Desktop/rascore_build/core/3rs5A_core.cif	/Users/mitchellparker/Desktop/rascore_build/rcsb/3rs5.cif.gz	/Users/mitchellparker/Desktop/rascore_build/renum/3rs5_renum.cif	/Users/mitchellparker/Desktop/rascore_build/rcsb_assembly/3rs5-assembly-1.cif.gz	/Users/mitchellparker/Desktop/rascore_build/renum_assembly/3rs5-assembly-1_renum.cif	/Users/mitchellparker/Desktop/rascore_build/sifts/3rs5.xml.gz	/Users/mitchellparker/Desktop/rascore_build/pocket/3rs5A_2_pocket.pdb
3rs5A	3rs5	0	A	Y32in.3P-ON	Y71out.3P-T	Y32in	Y71out	H 3 2 (CF2)	3rs5A3	3	GTPase HRas	RASH_HUMAN	P01112	WT	WT	HRAS	3P	WT	None	None	None	Homodimer	SP12-Unbound	H 3 2	166	1-166	2011-05-02	Other	344.1568	0.0136	Unbound	Unbound	90,91,94,129,132,133	GNP,DMF,DMF,DMF,DMF,CA,CA,MG,MG	None	None	None	None	None	None	None	None	None	None	GNP	MG	None	CA,DMF	None	None	STP	XRAY	1.680	0.164	MTEYKLVVVGAGGVGKSALTIQLIQNHFVDEYDPTIEDSYRKQVVIDGETCLLDILDTAGQEEYSAMRDQYMRTGEGFLCVFAINNTKSFEDIHQYREQIKRVKDSDDVPMVLVGNKCDLAARTVESRQAQDLARSYGIPYIETSAKTRQGVEDAFYTLVREIRQH	True	88.531	88.531	134.948	90.00	90.00	120.00	/Users/mitchellparker/Desktop/rascore_build/core/3rs5A_core.cif	/Users/mitchellparker/Desktop/rascore_build/rcsb/3rs5.cif.gz	/Users/mitchellparker/Desktop/rascore_build/renum/3rs5_renum.cif	/Users/mitchellparker/Desktop/rascore_build/rcsb_assembly/3rs5-assembly-1.cif.gz	/Users/mitchellparker/Desktop/rascore_build/renum_assembly/3rs5-assembly-1_renum.cif	/Users/mitchellparker/Desktop/rascore_build/sifts/3rs5.xml.gz	/Users/mitchellparker/Desktop/rascore_build/pocket/3rs5A_3_pocket.pdb
3rs5A	3rs5	0	A	Y32in.3P-ON	Y71out.3P-T	Y32in	Y71out	H 3 2 (CF2)	3rs5A4	4	GTPase HRas	RASH_HUMAN	P01112	WT	WT	HRAS	3P	WT	None	None	None	Homodimer	SP12-Unbound	H 3 2	166	1-166	2011-05-02	Other	308.4038	0.0123	Unbound	Unbound	76,104,106,108,109,110,163,166	GNP,DMF,DMF,DMF,DMF,CA,CA,MG,MG	None	None	None	None	None	None	None	None	None	None	GNP	MG	None	CA,DMF	None	None	STP	XRAY	1.680	0.164	MTEYKLVVVGAGGVGKSALTIQLIQNHFVDEYDPTIEDSYRKQVVIDGETCLLDILDTAGQEEYSAMRDQYMRTGEGFLCVFAINNTKSFEDIHQYREQIKRVKDSDDVPMVLVGNKCDLAARTVESRQAQDLARSYGIPYIETSAKTRQGVEDAFYTLVREIRQH	True	88.531	88.531	134.948	90.00	90.00	120.00	/Users/mitchellparker/Desktop/rascore_build/core/3rs5A_core.cif	/Users/mitchellparker/Desktop/rascore_build/rcsb/3rs5.cif.gz	/Users/mitchellparker/Desktop/rascore_build/renum/3rs5_renum.cif	/Users/mitchellparker/Desktop/rascore_build/rcsb_assembly/3rs5-assembly-1.cif.gz	/Users/mitchellparker/Desktop/rascore_build/renum_assembly/3rs5-assembly-1_renum.cif	/Users/mitchellparker/Desktop/rascore_build/sifts/3rs5.xml.gz	/Users/mitchellparker/Desktop/rascore_build/pocket/3rs5A_4_pocket.pdb
3rs7A	3rs7	0	A	Y32in.3P-ON	Disordered	Y32in	Y71out	H 3 2 (CF2)	3rs7A2	2	GTPase HRas	RASH_HUMAN	P01112	WT	WT	HRAS	3P	WT	None	None	None	Homodimer	SP12-Unbound	H 3 2	166	1-64:68-166	2011-05-02	SP12	158.4253	0.0065	Unbound	Unbound	5,6,7,39,54,55,56,71,74,75	GNP,CA,CA,MG	None	None	None	None	None	None	None	None	None	None	GNP	MG	None	CA	None	None	STP	XRAY	1.700	0.183	MTEYKLVVVGAGGVGKSALTIQLIQNHFVDEYDPTIEDSYRKQVVIDGETCLLDILDTAGQEEYSAMRDQYMRTGEGFLCVFAINNTKSFEDIHQYREQIKRVKDSDDVPMVLVGNKCDLAARTVESRQAQDLARSYGIPYIETSAKTRQGVEDAFYTLVREIRQH	True	89.403	89.403	135.245	90.00	90.00	120.00	/Users/mitchellparker/Desktop/rascore_build/core/3rs7A_core.cif	/Users/mitchellparker/Desktop/rascore_build/rcsb/3rs7.cif.gz	/Users/mitchellparker/Desktop/rascore_build/renum/3rs7_renum.cif	/Users/mitchellparker/Desktop/rascore_build/rcsb_assembly/3rs7-assembly-1.cif.gz	/Users/mitchellparker/Desktop/rascore_build/renum_assembly/3rs7-assembly-1_renum.cif	/Users/mitchellparker/Desktop/rascore_build/sifts/3rs7.xml.gz	/Users/mitchellparker/Desktop/rascore_build/pocket/3rs7A_2_pocket.pdb
3rs7A	3rs7	0	A	Y32in.3P-ON	Disordered	Y32in	Y71out	H 3 2 (CF2)	3rs7A3	3	GTPase HRas	RASH_HUMAN	P01112	WT	WT	HRAS	3P	WT	None	None	None	Homodimer	SP12-Unbound	H 3 2	166	1-64:68-166	2011-05-02	Other	235.1988	0.0003	Unbound	Unbound	97,107,108,109,110,111,137,138,139,162,165,166	GNP,CA,CA,MG	None	None	None	None	None	None	None	None	None	None	GNP	MG	None	CA	None	None	STP	XRAY	1.700	0.183	MTEYKLVVVGAGGVGKSALTIQLIQNHFVDEYDPTIEDSYRKQVVIDGETCLLDILDTAGQEEYSAMRDQYMRTGEGFLCVFAINNTKSFEDIHQYREQIKRVKDSDDVPMVLVGNKCDLAARTVESRQAQDLARSYGIPYIETSAKTRQGVEDAFYTLVREIRQH	True	89.403	89.403	135.245	90.00	90.00	120.00	/Users/mitchellparker/Desktop/rascore_build/core/3rs7A_core.cif	/Users/mitchellparker/Desktop/rascore_build/rcsb/3rs7.cif.gz	/Users/mitchellparker/Desktop/rascore_build/renum/3rs7_renum.cif	/Users/mitchellparker/Desktop/rascore_build/rcsb_assembly/3rs7-assembly-1.cif.gz	/Users/mitchellparker/Desktop/rascore_build/renum_assembly/3rs7-assembly-1_renum.cif	/Users/mitchellparker/Desktop/rascore_build/sifts/3rs7.xml.gz	/Users/mitchellparker/Desktop/rascore_build/pocket/3rs7A_3_pocket.pdb
3rs7A	3rs7	0	A	Y32in.3P-ON	Disordered	Y32in	Y71out	H 3 2 (CF2)	3rs7A4	4	GTPase HRas	RASH_HUMAN	P01112	WT	WT	HRAS	3P	WT	None	None	None	Homodimer	SP12-Unbound	H 3 2	166	1-64:68-166	2011-05-02	Other	230.0279	0.0095	Unbound	Unbound	75,76,104,106,108,109,110,163,166	GNP,CA,CA,MG	None	None	None	None	None	None	None	None	None	None	GNP	MG	None	CA	None	None	STP	XRAY	1.700	0.183	MTEYKLVVVGAGGVGKSALTIQLIQNHFVDEYDPTIEDSYRKQVVIDGETCLLDILDTAGQEEYSAMRDQYMRTGEGFLCVFAINNTKSFEDIHQYREQIKRVKDSDDVPMVLVGNKCDLAARTVESRQAQDLARSYGIPYIETSAKTRQGVEDAFYTLVREIRQH	True	89.403	89.403	135.245	90.00	90.00	120.00	/Users/mitchellparker/Desktop/rascore_build/core/3rs7A_core.cif	/Users/mitchellparker/Desktop/rascore_build/rcsb/3rs7.cif.gz	/Users/mitchellparker/Desktop/rascore_build/renum/3rs7_renum.cif	/Users/mitchellparker/Desktop/rascore_build/rcsb_assembly/3rs7-assembly-1.cif.gz	/Users/mitchellparker/Desktop/rascore_build/renum_assembly/3rs7-assembly-1_renum.cif	/Users/mitchellparker/Desktop/rascore_build/sifts/3rs7.xml.gz	/Users/mitchellparker/Desktop/rascore_build/pocket/3rs7A_4_pocket.pdb
3rslA	3rsl	0	A	Y32in.3P-ON	Disordered	Y32in	Disordered	H 3 2 (CF2)	3rslA2	2	GTPase HRas	RASH_HUMAN	P01112	WT	WT	HRAS	3P	WT	None	None	None	Homodimer	SP2-Unbound	H 3 2	166	1-61:72-166	2011-05-02	Other	381.5012	0.0011	Unbound	Unbound	127,131,134,135,139,141,143	GNP,RSF,RSF,RSF,RSF,RSF,RSF,RSF,RSF,RSF,RSF,RSF,RSF,RSF,MG,CA,CA,CA	None	None	None	None	None	None	None	None	None	None	GNP	MG	None	CA,RSF	None	None	STP	XRAY	1.700	0.199	MTEYKLVVVGAGGVGKSALTIQLIQNHFVDEYDPTIEDSYRKQVVIDGETCLLDILDTAGQEEYSAMRDQYMRTGEGFLCVFAINNTKSFEDIHQYREQIKRVKDSDDVPMVLVGNKCDLAARTVESRQAQDLARSYGIPYIETSAKTRQGVEDAFYTLVREIRQH	True	89.140	89.140	133.089	90.00	90.00	120.00	/Users/mitchellparker/Desktop/rascore_build/core/3rslA_core.cif	/Users/mitchellparker/Desktop/rascore_build/rcsb/3rsl.cif.gz	/Users/mitchellparker/Desktop/rascore_build/renum/3rsl_renum.cif	/Users/mitchellparker/Desktop/rascore_build/rcsb_assembly/3rsl-assembly-1.cif.gz	/Users/mitchellparker/Desktop/rascore_build/renum_assembly/3rsl-assembly-1_renum.cif	/Users/mitchellparker/Desktop/rascore_build/sifts/3rsl.xml.gz	/Users/mitchellparker/Desktop/rascore_build/pocket/3rslA_2_pocket.pdb
3rslA	3rsl	0	A	Y32in.3P-ON	Disordered	Y32in	Disordered	H 3 2 (CF2)	3rslA3	3	GTPase HRas	RASH_HUMAN	P01112	WT	WT	HRAS	3P	WT	None	None	None	Homodimer	SP2-Unbound	H 3 2	166	1-61:72-166	2011-05-02	Other	406.5497	0.0069	Unbound	Unbound	87,90,91,124,125,129,132,133	GNP,RSF,RSF,RSF,RSF,RSF,RSF,RSF,RSF,RSF,RSF,RSF,RSF,RSF,MG,CA,CA,CA	None	None	None	None	None	None	None	None	None	None	GNP	MG	None	CA,RSF	None	None	STP	XRAY	1.700	0.199	MTEYKLVVVGAGGVGKSALTIQLIQNHFVDEYDPTIEDSYRKQVVIDGETCLLDILDTAGQEEYSAMRDQYMRTGEGFLCVFAINNTKSFEDIHQYREQIKRVKDSDDVPMVLVGNKCDLAARTVESRQAQDLARSYGIPYIETSAKTRQGVEDAFYTLVREIRQH	True	89.140	89.140	133.089	90.00	90.00	120.00	/Users/mitchellparker/Desktop/rascore_build/core/3rslA_core.cif	/Users/mitchellparker/Desktop/rascore_build/rcsb/3rsl.cif.gz	/Users/mitchellparker/Desktop/rascore_build/renum/3rsl_renum.cif	/Users/mitchellparker/Desktop/rascore_build/rcsb_assembly/3rsl-assembly-1.cif.gz	/Users/mitchellparker/Desktop/rascore_build/renum_assembly/3rsl-assembly-1_renum.cif	/Users/mitchellparker/Desktop/rascore_build/sifts/3rsl.xml.gz	/Users/mitchellparker/Desktop/rascore_build/pocket/3rslA_3_pocket.pdb
3rslA	3rsl	0	A	Y32in.3P-ON	Disordered	Y32in	Disordered	H 3 2 (CF2)	3rslA4	4	GTPase HRas	RASH_HUMAN	P01112	WT	WT	HRAS	3P	WT	None	None	None	Homodimer	SP2-Unbound	H 3 2	166	1-61:72-166	2011-05-02	SP2	191.4147	0.0014	Unbound	Unbound	92,95,96,99	GNP,RSF,RSF,RSF,RSF,RSF,RSF,RSF,RSF,RSF,RSF,RSF,RSF,RSF,MG,CA,CA,CA	None	None	None	None	None	None	None	None	None	None	GNP	MG	None	CA,RSF	None	None	STP	XRAY	1.700	0.199	MTEYKLVVVGAGGVGKSALTIQLIQNHFVDEYDPTIEDSYRKQVVIDGETCLLDILDTAGQEEYSAMRDQYMRTGEGFLCVFAINNTKSFEDIHQYREQIKRVKDSDDVPMVLVGNKCDLAARTVESRQAQDLARSYGIPYIETSAKTRQGVEDAFYTLVREIRQH	True	89.140	89.140	133.089	90.00	90.00	120.00	/Users/mitchellparker/Desktop/rascore_build/core/3rslA_core.cif	/Users/mitchellparker/Desktop/rascore_build/rcsb/3rsl.cif.gz	/Users/mitchellparker/Desktop/rascore_build/renum/3rsl_renum.cif	/Users/mitchellparker/Desktop/rascore_build/rcsb_assembly/3rsl-assembly-1.cif.gz	/Users/mitchellparker/Desktop/rascore_build/renum_assembly/3rsl-assembly-1_renum.cif	/Users/mitchellparker/Desktop/rascore_build/sifts/3rsl.xml.gz	/Users/mitchellparker/Desktop/rascore_build/pocket/3rslA_4_pocket.pdb
3rslA	3rsl	0	A	Y32in.3P-ON	Disordered	Y32in	Disordered	H 3 2 (CF2)	3rslA5	5	GTPase HRas	RASH_HUMAN	P01112	WT	WT	HRAS	3P	WT	None	None	None	Homodimer	SP2-Unbound	H 3 2	166	1-61:72-166	2011-05-02	Other	303.0590	0.0060	Unbound	Unbound	74,75,76,104,106,108,109,110,163,166	GNP,RSF,RSF,RSF,RSF,RSF,RSF,RSF,RSF,RSF,RSF,RSF,RSF,RSF,MG,CA,CA,CA	None	None	None	None	None	None	None	None	None	None	GNP	MG	None	CA,RSF	None	None	STP	XRAY	1.700	0.199	MTEYKLVVVGAGGVGKSALTIQLIQNHFVDEYDPTIEDSYRKQVVIDGETCLLDILDTAGQEEYSAMRDQYMRTGEGFLCVFAINNTKSFEDIHQYREQIKRVKDSDDVPMVLVGNKCDLAARTVESRQAQDLARSYGIPYIETSAKTRQGVEDAFYTLVREIRQH	True	89.140	89.140	133.089	90.00	90.00	120.00	/Users/mitchellparker/Desktop/rascore_build/core/3rslA_core.cif	/Users/mitchellparker/Desktop/rascore_build/rcsb/3rsl.cif.gz	/Users/mitchellparker/Desktop/rascore_build/renum/3rsl_renum.cif	/Users/mitchellparker/Desktop/rascore_build/rcsb_assembly/3rsl-assembly-1.cif.gz	/Users/mitchellparker/Desktop/rascore_build/renum_assembly/3rsl-assembly-1_renum.cif	/Users/mitchellparker/Desktop/rascore_build/sifts/3rsl.xml.gz	/Users/mitchellparker/Desktop/rascore_build/pocket/3rslA_5_pocket.pdb
3rsoA	3rso	0	A	Y32in.3P-ON	Y71out.3P-T	Y32in	Y71out	H 3 2 (CF2)	3rsoA2	2	GTPase HRas	RASH_HUMAN	P01112	WT	WT	HRAS	3P	WT	None	None	None	Homodimer	Multiple-Unbound	H 3 2	166	1-166	2011-05-02	Other	382.8515	0.0334	Unbound	Unbound	3,4,75,76,104,106,108,109,110,163,166	GNP,CA,MG,CA,RSG,RSG	None	None	None	None	None	None	None	None	None	None	GNP	MG	None	CA,RSG	None	None	STP	XRAY	1.600	0.179	MTEYKLVVVGAGGVGKSALTIQLIQNHFVDEYDPTIEDSYRKQVVIDGETCLLDILDTAGQEEYSAMRDQYMRTGEGFLCVFAINNTKSFEDIHQYREQIKRVKDSDDVPMVLVGNKCDLAARTVESRQAQDLARSYGIPYIETSAKTRQGVEDAFYTLVREIRQH	True	88.496	88.496	134.094	90.00	90.00	120.00	/Users/mitchellparker/Desktop/rascore_build/core/3rsoA_core.cif	/Users/mitchellparker/Desktop/rascore_build/rcsb/3rso.cif.gz	/Users/mitchellparker/Desktop/rascore_build/renum/3rso_renum.cif	/Users/mitchellparker/Desktop/rascore_build/rcsb_assembly/3rso-assembly-1.cif.gz	/Users/mitchellparker/Desktop/rascore_build/renum_assembly/3rso-assembly-1_renum.cif	/Users/mitchellparker/Desktop/rascore_build/sifts/3rso.xml.gz	/Users/mitchellparker/Desktop/rascore_build/pocket/3rsoA_2_pocket.pdb
3rsoA	3rso	0	A	Y32in.3P-ON	Y71out.3P-T	Y32in	Y71out	H 3 2 (CF2)	3rsoA3	3	GTPase HRas	RASH_HUMAN	P01112	WT	WT	HRAS	3P	WT	None	None	None	Homodimer	Multiple-Unbound	H 3 2	166	1-166	2011-05-02	SP2	214.6703	0.0014	Unbound	Unbound	68,92,95,96,99	GNP,CA,MG,CA,RSG,RSG	None	None	None	None	None	None	None	None	None	None	GNP	MG	None	CA,RSG	None	None	STP	XRAY	1.600	0.179	MTEYKLVVVGAGGVGKSALTIQLIQNHFVDEYDPTIEDSYRKQVVIDGETCLLDILDTAGQEEYSAMRDQYMRTGEGFLCVFAINNTKSFEDIHQYREQIKRVKDSDDVPMVLVGNKCDLAARTVESRQAQDLARSYGIPYIETSAKTRQGVEDAFYTLVREIRQH	True	88.496	88.496	134.094	90.00	90.00	120.00	/Users/mitchellparker/Desktop/rascore_build/core/3rsoA_core.cif	/Users/mitchellparker/Desktop/rascore_build/rcsb/3rso.cif.gz	/Users/mitchellparker/Desktop/rascore_build/renum/3rso_renum.cif	/Users/mitchellparker/Desktop/rascore_build/rcsb_assembly/3rso-assembly-1.cif.gz	/Users/mitchellparker/Desktop/rascore_build/renum_assembly/3rso-assembly-1_renum.cif	/Users/mitchellparker/Desktop/rascore_build/sifts/3rso.xml.gz	/Users/mitchellparker/Desktop/rascore_build/pocket/3rsoA_3_pocket.pdb
3rsoA	3rso	0	A	Y32in.3P-ON	Y71out.3P-T	Y32in	Y71out	H 3 2 (CF2)	3rsoA4	4	GTPase HRas	RASH_HUMAN	P01112	WT	WT	HRAS	3P	WT	None	None	None	Homodimer	Multiple-Unbound	H 3 2	166	1-166	2011-05-02	SP12	136.3442	0.0118	Unbound	Unbound	5,6,7,39,54,55,56,74,75	GNP,CA,MG,CA,RSG,RSG	None	None	None	None	None	None	None	None	None	None	GNP	MG	None	CA,RSG	None	None	STP	XRAY	1.600	0.179	MTEYKLVVVGAGGVGKSALTIQLIQNHFVDEYDPTIEDSYRKQVVIDGETCLLDILDTAGQEEYSAMRDQYMRTGEGFLCVFAINNTKSFEDIHQYREQIKRVKDSDDVPMVLVGNKCDLAARTVESRQAQDLARSYGIPYIETSAKTRQGVEDAFYTLVREIRQH	True	88.496	88.496	134.094	90.00	90.00	120.00	/Users/mitchellparker/Desktop/rascore_build/core/3rsoA_core.cif	/Users/mitchellparker/Desktop/rascore_build/rcsb/3rso.cif.gz	/Users/mitchellparker/Desktop/rascore_build/renum/3rso_renum.cif	/Users/mitchellparker/Desktop/rascore_build/rcsb_assembly/3rso-assembly-1.cif.gz	/Users/mitchellparker/Desktop/rascore_build/renum_assembly/3rso-assembly-1_renum.cif	/Users/mitchellparker/Desktop/rascore_build/sifts/3rso.xml.gz	/Users/mitchellparker/Desktop/rascore_build/pocket/3rsoA_4_pocket.pdb
3tgpA	3tgp	0	A	Y32in.3P-ON	Outlier	Y32in	Y71in	P 32 2 1 (CF1)	3tgpA2	2	GTPase HRas	RASH_HUMAN	P01112	WT	WT	HRAS	3P	WT	None	None	None	Homodimer	SP12-Unbound	P 32 2 1	166	1-166	2011-08-17	Other	486.4004	0.0042	Unbound	Unbound	97,101,107,108,109,110,111,137,138,139,140,159,161,164,165,166	GNP,MG	None	None	None	None	None	None	None	None	None	None	GNP	MG	None	None	None	None	STP	XRAY	1.308	0.169	MTEYKLVVVGAGGVGKSALTIQLIQNHFVDEYDPTIEDSYRKQVVIDGETCLLDILDTAGQEEYSAMRDQYMRTGEGFLCVFAINNTKSFEDIHQYREQIKRVKDSDDVPMVLVGNKCDLAARTVESRQAQDLARSYGIPYIETSAKTRQGVEDAFYTLVREIRQH	True	40.100	40.100	160.600	90.00	90.00	120.00	/Users/mitchellparker/Desktop/rascore_build/core/3tgpA_core.cif	/Users/mitchellparker/Desktop/rascore_build/rcsb/3tgp.cif.gz	/Users/mitchellparker/Desktop/rascore_build/renum/3tgp_renum.cif	/Users/mitchellparker/Desktop/rascore_build/rcsb_assembly/3tgp-assembly-1.cif.gz	/Users/mitchellparker/Desktop/rascore_build/renum_assembly/3tgp-assembly-1_renum.cif	/Users/mitchellparker/Desktop/rascore_build/sifts/3tgp.xml.gz	/Users/mitchellparker/Desktop/rascore_build/pocket/3tgpA_2_pocket.pdb
3tgpA	3tgp	0	A	Y32in.3P-ON	Outlier	Y32in	Y71in	P 32 2 1 (CF1)	3tgpA3	3	GTPase HRas	RASH_HUMAN	P01112	WT	WT	HRAS	3P	WT	None	None	None	Homodimer	SP12-Unbound	P 32 2 1	166	1-166	2011-08-17	Other	378.9934	0.0003	Unbound	Unbound	69,73,94,95,98,99,102,103	GNP,MG	None	None	None	None	None	None	None	None	None	None	GNP	MG	None	None	None	None	STP	XRAY	1.308	0.169	MTEYKLVVVGAGGVGKSALTIQLIQNHFVDEYDPTIEDSYRKQVVIDGETCLLDILDTAGQEEYSAMRDQYMRTGEGFLCVFAINNTKSFEDIHQYREQIKRVKDSDDVPMVLVGNKCDLAARTVESRQAQDLARSYGIPYIETSAKTRQGVEDAFYTLVREIRQH	True	40.100	40.100	160.600	90.00	90.00	120.00	/Users/mitchellparker/Desktop/rascore_build/core/3tgpA_core.cif	/Users/mitchellparker/Desktop/rascore_build/rcsb/3tgp.cif.gz	/Users/mitchellparker/Desktop/rascore_build/renum/3tgp_renum.cif	/Users/mitchellparker/Desktop/rascore_build/rcsb_assembly/3tgp-assembly-1.cif.gz	/Users/mitchellparker/Desktop/rascore_build/renum_assembly/3tgp-assembly-1_renum.cif	/Users/mitchellparker/Desktop/rascore_build/sifts/3tgp.xml.gz	/Users/mitchellparker/Desktop/rascore_build/pocket/3tgpA_3_pocket.pdb
3tgpA	3tgp	0	A	Y32in.3P-ON	Outlier	Y32in	Y71in	P 32 2 1 (CF1)	3tgpA4	4	GTPase HRas	RASH_HUMAN	P01112	WT	WT	HRAS	3P	WT	None	None	None	Homodimer	SP12-Unbound	P 32 2 1	166	1-166	2011-08-17	Other	518.3294	0.0219	Unbound	Unbound	4,6,73,74,75,76,77,104,106,108,109,110,159,160,164,166	GNP,MG	None	None	None	None	None	None	None	None	None	None	GNP	MG	None	None	None	None	STP	XRAY	1.308	0.169	MTEYKLVVVGAGGVGKSALTIQLIQNHFVDEYDPTIEDSYRKQVVIDGETCLLDILDTAGQEEYSAMRDQYMRTGEGFLCVFAINNTKSFEDIHQYREQIKRVKDSDDVPMVLVGNKCDLAARTVESRQAQDLARSYGIPYIETSAKTRQGVEDAFYTLVREIRQH	True	40.100	40.100	160.600	90.00	90.00	120.00	/Users/mitchellparker/Desktop/rascore_build/core/3tgpA_core.cif	/Users/mitchellparker/Desktop/rascore_build/rcsb/3tgp.cif.gz	/Users/mitchellparker/Desktop/rascore_build/renum/3tgp_renum.cif	/Users/mitchellparker/Desktop/rascore_build/rcsb_assembly/3tgp-assembly-1.cif.gz	/Users/mitchellparker/Desktop/rascore_build/renum_assembly/3tgp-assembly-1_renum.cif	/Users/mitchellparker/Desktop/rascore_build/sifts/3tgp.xml.gz	/Users/mitchellparker/Desktop/rascore_build/pocket/3tgpA_4_pocket.pdb
3tgpA	3tgp	0	A	Y32in.3P-ON	Outlier	Y32in	Y71in	P 32 2 1 (CF1)	3tgpA5	5	GTPase HRas	RASH_HUMAN	P01112	WT	WT	HRAS	3P	WT	None	None	None	Homodimer	SP12-Unbound	P 32 2 1	166	1-166	2011-08-17	Other	331.1845	0.0002	Unbound	Unbound	98,101,102,105,106,107	GNP,MG	None	None	None	None	None	None	None	None	None	None	GNP	MG	None	None	None	None	STP	XRAY	1.308	0.169	MTEYKLVVVGAGGVGKSALTIQLIQNHFVDEYDPTIEDSYRKQVVIDGETCLLDILDTAGQEEYSAMRDQYMRTGEGFLCVFAINNTKSFEDIHQYREQIKRVKDSDDVPMVLVGNKCDLAARTVESRQAQDLARSYGIPYIETSAKTRQGVEDAFYTLVREIRQH	True	40.100	40.100	160.600	90.00	90.00	120.00	/Users/mitchellparker/Desktop/rascore_build/core/3tgpA_core.cif	/Users/mitchellparker/Desktop/rascore_build/rcsb/3tgp.cif.gz	/Users/mitchellparker/Desktop/rascore_build/renum/3tgp_renum.cif	/Users/mitchellparker/Desktop/rascore_build/rcsb_assembly/3tgp-assembly-1.cif.gz	/Users/mitchellparker/Desktop/rascore_build/renum_assembly/3tgp-assembly-1_renum.cif	/Users/mitchellparker/Desktop/rascore_build/sifts/3tgp.xml.gz	/Users/mitchellparker/Desktop/rascore_build/pocket/3tgpA_5_pocket.pdb
3tgpA	3tgp	0	A	Y32in.3P-ON	Outlier	Y32in	Y71in	P 32 2 1 (CF1)	3tgpA6	6	GTPase HRas	RASH_HUMAN	P01112	WT	WT	HRAS	3P	WT	None	None	None	Homodimer	SP12-Unbound	P 32 2 1	166	1-166	2011-08-17	SP12	158.4380	0.0178	Unbound	Unbound	5,6,7,39,54,56,71,74,75	GNP,MG	None	None	None	None	None	None	None	None	None	None	GNP	MG	None	None	None	None	STP	XRAY	1.308	0.169	MTEYKLVVVGAGGVGKSALTIQLIQNHFVDEYDPTIEDSYRKQVVIDGETCLLDILDTAGQEEYSAMRDQYMRTGEGFLCVFAINNTKSFEDIHQYREQIKRVKDSDDVPMVLVGNKCDLAARTVESRQAQDLARSYGIPYIETSAKTRQGVEDAFYTLVREIRQH	True	40.100	40.100	160.600	90.00	90.00	120.00	/Users/mitchellparker/Desktop/rascore_build/core/3tgpA_core.cif	/Users/mitchellparker/Desktop/rascore_build/rcsb/3tgp.cif.gz	/Users/mitchellparker/Desktop/rascore_build/renum/3tgp_renum.cif	/Users/mitchellparker/Desktop/rascore_build/rcsb_assembly/3tgp-assembly-1.cif.gz	/Users/mitchellparker/Desktop/rascore_build/renum_assembly/3tgp-assembly-1_renum.cif	/Users/mitchellparker/Desktop/rascore_build/sifts/3tgp.xml.gz	/Users/mitchellparker/Desktop/rascore_build/pocket/3tgpA_6_pocket.pdb
3tgpA	3tgp	0	A	Y32in.3P-ON	Outlier	Y32in	Y71in	P 32 2 1 (CF1)	3tgpA7	7	GTPase HRas	RASH_HUMAN	P01112	WT	WT	HRAS	3P	WT	None	None	None	Homodimer	SP12-Unbound	P 32 2 1	166	1-166	2011-08-17	Other	271.9462	0.0008	Unbound	Unbound	1,3,41,43,52	GNP,MG	None	None	None	None	None	None	None	None	None	None	GNP	MG	None	None	None	None	STP	XRAY	1.308	0.169	MTEYKLVVVGAGGVGKSALTIQLIQNHFVDEYDPTIEDSYRKQVVIDGETCLLDILDTAGQEEYSAMRDQYMRTGEGFLCVFAINNTKSFEDIHQYREQIKRVKDSDDVPMVLVGNKCDLAARTVESRQAQDLARSYGIPYIETSAKTRQGVEDAFYTLVREIRQH	True	40.100	40.100	160.600	90.00	90.00	120.00	/Users/mitchellparker/Desktop/rascore_build/core/3tgpA_core.cif	/Users/mitchellparker/Desktop/rascore_build/rcsb/3tgp.cif.gz	/Users/mitchellparker/Desktop/rascore_build/renum/3tgp_renum.cif	/Users/mitchellparker/Desktop/rascore_build/rcsb_assembly/3tgp-assembly-1.cif.gz	/Users/mitchellparker/Desktop/rascore_build/renum_assembly/3tgp-assembly-1_renum.cif	/Users/mitchellparker/Desktop/rascore_build/sifts/3tgp.xml.gz	/Users/mitchellparker/Desktop/rascore_build/pocket/3tgpA_7_pocket.pdb
3tgpA	3tgp	0	A	Y32in.3P-ON	Outlier	Y32in	Y71in	P 32 2 1 (CF1)	3tgpA8	8	GTPase HRas	RASH_HUMAN	P01112	WT	WT	HRAS	3P	WT	None	None	None	Homodimer	SP12-Unbound	P 32 2 1	166	1-166	2011-08-17	Other	481.5522	0.0010	Unbound	Unbound	17,21,25,27,29,31,33,34,35,36,38,40	GNP,MG	None	None	None	None	None	None	None	None	None	None	GNP	MG	None	None	None	None	STP	XRAY	1.308	0.169	MTEYKLVVVGAGGVGKSALTIQLIQNHFVDEYDPTIEDSYRKQVVIDGETCLLDILDTAGQEEYSAMRDQYMRTGEGFLCVFAINNTKSFEDIHQYREQIKRVKDSDDVPMVLVGNKCDLAARTVESRQAQDLARSYGIPYIETSAKTRQGVEDAFYTLVREIRQH	True	40.100	40.100	160.600	90.00	90.00	120.00	/Users/mitchellparker/Desktop/rascore_build/core/3tgpA_core.cif	/Users/mitchellparker/Desktop/rascore_build/rcsb/3tgp.cif.gz	/Users/mitchellparker/Desktop/rascore_build/renum/3tgp_renum.cif	/Users/mitchellparker/Desktop/rascore_build/rcsb_assembly/3tgp-assembly-1.cif.gz	/Users/mitchellparker/Desktop/rascore_build/renum_assembly/3tgp-assembly-1_renum.cif	/Users/mitchellparker/Desktop/rascore_build/sifts/3tgp.xml.gz	/Users/mitchellparker/Desktop/rascore_build/pocket/3tgpA_8_pocket.pdb
421pA	421p	0	A	Y32in.3P-ON	Outlier	Y32in	Y71in	P 32 2 1 (CF1)	421pA2	2	GTPase HRas	RASH_HUMAN	P01112	G12R	G12	HRAS	3P	Other	None	None	None	Homodimer	SP2-Unbound	P 32 2 1	166	1-166	1991-06-06	Other	64.9055	0.0424	Unbound	Unbound	80,93,97,111,112,113,137,139	MG,GNP	None	None	None	None	None	None	None	None	None	None	GNP	MG	None	None	None	None	STP	XRAY	2.200	0.192	MTEYKLVVVGARGVGKSALTIQLIQNHFVDEYDPTIEDSYRKQVVIDGETCLLDILDTAGQEEYSAMRDQYMRTGEGFLCVFAINNTKSFEDIHQYREQIKRVKDSDDVPMVLVGNKCDLAARTVESRQAQDLARSYGIPYIETSAKTRQGVEDAFYTLVREIRQH	True	40.400	40.400	162.200	90.00	90.00	120.00	/Users/mitchellparker/Desktop/rascore_build/core/421pA_core.cif	/Users/mitchellparker/Desktop/rascore_build/rcsb/421p.cif.gz	/Users/mitchellparker/Desktop/rascore_build/renum/421p_renum.cif	/Users/mitchellparker/Desktop/rascore_build/rcsb_assembly/421p-assembly-1.cif.gz	/Users/mitchellparker/Desktop/rascore_build/renum_assembly/421p-assembly-1_renum.cif	/Users/mitchellparker/Desktop/rascore_build/sifts/421p.xml.gz	/Users/mitchellparker/Desktop/rascore_build/pocket/421pA_2_pocket.pdb
421pA	421p	0	A	Y32in.3P-ON	Outlier	Y32in	Y71in	P 32 2 1 (CF1)	421pA3	3	GTPase HRas	RASH_HUMAN	P01112	G12R	G12	HRAS	3P	Other	None	None	None	Homodimer	SP2-Unbound	P 32 2 1	166	1-166	1991-06-06	Other	235.8462	0.0001	Unbound	Unbound	142,143,149,150,151,152,153,154	MG,GNP	None	None	None	None	None	None	None	None	None	None	GNP	MG	None	None	None	None	STP	XRAY	2.200	0.192	MTEYKLVVVGARGVGKSALTIQLIQNHFVDEYDPTIEDSYRKQVVIDGETCLLDILDTAGQEEYSAMRDQYMRTGEGFLCVFAINNTKSFEDIHQYREQIKRVKDSDDVPMVLVGNKCDLAARTVESRQAQDLARSYGIPYIETSAKTRQGVEDAFYTLVREIRQH	True	40.400	40.400	162.200	90.00	90.00	120.00	/Users/mitchellparker/Desktop/rascore_build/core/421pA_core.cif	/Users/mitchellparker/Desktop/rascore_build/rcsb/421p.cif.gz	/Users/mitchellparker/Desktop/rascore_build/renum/421p_renum.cif	/Users/mitchellparker/Desktop/rascore_build/rcsb_assembly/421p-assembly-1.cif.gz	/Users/mitchellparker/Desktop/rascore_build/renum_assembly/421p-assembly-1_renum.cif	/Users/mitchellparker/Desktop/rascore_build/sifts/421p.xml.gz	/Users/mitchellparker/Desktop/rascore_build/pocket/421pA_3_pocket.pdb
421pA	421p	0	A	Y32in.3P-ON	Outlier	Y32in	Y71in	P 32 2 1 (CF1)	421pA4	4	GTPase HRas	RASH_HUMAN	P01112	G12R	G12	HRAS	3P	Other	None	None	None	Homodimer	SP2-Unbound	P 32 2 1	166	1-166	1991-06-06	Other	395.8160	0.0030	Unbound	Unbound	76,104,106,108,109,110,163,166	MG,GNP	None	None	None	None	None	None	None	None	None	None	GNP	MG	None	None	None	None	STP	XRAY	2.200	0.192	MTEYKLVVVGARGVGKSALTIQLIQNHFVDEYDPTIEDSYRKQVVIDGETCLLDILDTAGQEEYSAMRDQYMRTGEGFLCVFAINNTKSFEDIHQYREQIKRVKDSDDVPMVLVGNKCDLAARTVESRQAQDLARSYGIPYIETSAKTRQGVEDAFYTLVREIRQH	True	40.400	40.400	162.200	90.00	90.00	120.00	/Users/mitchellparker/Desktop/rascore_build/core/421pA_core.cif	/Users/mitchellparker/Desktop/rascore_build/rcsb/421p.cif.gz	/Users/mitchellparker/Desktop/rascore_build/renum/421p_renum.cif	/Users/mitchellparker/Desktop/rascore_build/rcsb_assembly/421p-assembly-1.cif.gz	/Users/mitchellparker/Desktop/rascore_build/renum_assembly/421p-assembly-1_renum.cif	/Users/mitchellparker/Desktop/rascore_build/sifts/421p.xml.gz	/Users/mitchellparker/Desktop/rascore_build/pocket/421pA_4_pocket.pdb
421pA	421p	0	A	Y32in.3P-ON	Outlier	Y32in	Y71in	P 32 2 1 (CF1)	421pA5	5	GTPase HRas	RASH_HUMAN	P01112	G12R	G12	HRAS	3P	Other	None	None	None	Homodimer	SP2-Unbound	P 32 2 1	166	1-166	1991-06-06	SP2	187.0852	0.0601	Unbound	Unbound	11,61,68,92,95,96,99	MG,GNP	None	None	None	None	None	None	None	None	None	None	GNP	MG	None	None	None	None	STP	XRAY	2.200	0.192	MTEYKLVVVGARGVGKSALTIQLIQNHFVDEYDPTIEDSYRKQVVIDGETCLLDILDTAGQEEYSAMRDQYMRTGEGFLCVFAINNTKSFEDIHQYREQIKRVKDSDDVPMVLVGNKCDLAARTVESRQAQDLARSYGIPYIETSAKTRQGVEDAFYTLVREIRQH	True	40.400	40.400	162.200	90.00	90.00	120.00	/Users/mitchellparker/Desktop/rascore_build/core/421pA_core.cif	/Users/mitchellparker/Desktop/rascore_build/rcsb/421p.cif.gz	/Users/mitchellparker/Desktop/rascore_build/renum/421p_renum.cif	/Users/mitchellparker/Desktop/rascore_build/rcsb_assembly/421p-assembly-1.cif.gz	/Users/mitchellparker/Desktop/rascore_build/renum_assembly/421p-assembly-1_renum.cif	/Users/mitchellparker/Desktop/rascore_build/sifts/421p.xml.gz	/Users/mitchellparker/Desktop/rascore_build/pocket/421pA_5_pocket.pdb
4dlrA	4dlr	0	A	Y32in.3P-ON	Y71out.3P-T	Y32in	Y71out	H 3 2 (CF2)	4dlrA3	3	GTPase HRas	RASH_HUMAN	P01112	Q70E	Q70	HRAS	3P	Other	None	None	None	Homodimer	SP12-Unbound	H 3 2	166	1-166	2012-02-06	SP12	165.4984	0.0134	Unbound	Unbound	5,6,7,39,54,55,56,74	CA,MG,DTU,CA,CA,MG,MG,GNP	None	None	None	None	None	None	None	None	None	None	GNP	MG	None	CA,DTU	None	None	STP	XRAY	1.319	0.170	MTEYKLVVVGAGGVGKSALTIQLIQNHFVDEYDPTIEDSYRKQVVIDGETCLLDILDTAGQEEYSAMRDEYMRTGEGFLCVFAINNTKSFEDIHQYREQIKRVKDSDDVPMVLVGNKCDLAARTVESRQAQDLARSYGIPYIETSAKTRQGVEDAFYTLVREIRQH	True	87.415	87.415	133.471	90.000	90.000	120.000	/Users/mitchellparker/Desktop/rascore_build/core/4dlrA_core.cif	/Users/mitchellparker/Desktop/rascore_build/rcsb/4dlr.cif.gz	/Users/mitchellparker/Desktop/rascore_build/renum/4dlr_renum.cif	/Users/mitchellparker/Desktop/rascore_build/rcsb_assembly/4dlr-assembly-2.cif.gz	/Users/mitchellparker/Desktop/rascore_build/renum_assembly/4dlr-assembly-2_renum.cif	/Users/mitchellparker/Desktop/rascore_build/sifts/4dlr.xml.gz	/Users/mitchellparker/Desktop/rascore_build/pocket/4dlrA_3_pocket.pdb
4dlsA	4dls	0	A	Y32in.3P-ON	Y71in.3P-R	Y32in	Y71in	H 3 2 (CF2)	4dlsA2	2	GTPase HRas	RASH_HUMAN	P01112	WT	WT	HRAS	3P	WT	None	None	None	Homodimer	SP12-Unbound	H 3 2	166	1-166	2012-02-06	Other	379.3040	0.0019	Unbound	Unbound	131,134,135,138,139,140,141,162	CA,MG,MG,CA,GNP	None	None	None	None	None	None	None	None	None	None	GNP	MG	None	CA	None	None	STP	XRAY	1.819	0.163	MTEYKLVVVGAGGVGKSALTIQLIQNHFVDEYDPTIEDSYRKQVVIDGETCLLDILDTAGQEEYSAMRDQYMRTGEGFLCVFAINNTKSFEDIHQYREQIKRVKDSDDVPMVLVGNKCDLAARTVESRQAQDLARSYGIPYIETSAKTRQGVEDAFYTLVREIRQH	True	89.029	89.029	135.207	90.000	90.000	120.000	/Users/mitchellparker/Desktop/rascore_build/core/4dlsA_core.cif	/Users/mitchellparker/Desktop/rascore_build/rcsb/4dls.cif.gz	/Users/mitchellparker/Desktop/rascore_build/renum/4dls_renum.cif	/Users/mitchellparker/Desktop/rascore_build/rcsb_assembly/4dls-assembly-2.cif.gz	/Users/mitchellparker/Desktop/rascore_build/renum_assembly/4dls-assembly-2_renum.cif	/Users/mitchellparker/Desktop/rascore_build/sifts/4dls.xml.gz	/Users/mitchellparker/Desktop/rascore_build/pocket/4dlsA_2_pocket.pdb
4dlsA	4dls	0	A	Y32in.3P-ON	Y71in.3P-R	Y32in	Y71in	H 3 2 (CF2)	4dlsA3	3	GTPase HRas	RASH_HUMAN	P01112	WT	WT	HRAS	3P	WT	None	None	None	Homodimer	SP12-Unbound	H 3 2	166	1-166	2012-02-06	SP12	231.3999	0.0044	Unbound	Unbound	5,6,7,37,54,56,71,74,75	CA,MG,MG,CA,GNP	None	None	None	None	None	None	None	None	None	None	GNP	MG	None	CA	None	None	STP	XRAY	1.819	0.163	MTEYKLVVVGAGGVGKSALTIQLIQNHFVDEYDPTIEDSYRKQVVIDGETCLLDILDTAGQEEYSAMRDQYMRTGEGFLCVFAINNTKSFEDIHQYREQIKRVKDSDDVPMVLVGNKCDLAARTVESRQAQDLARSYGIPYIETSAKTRQGVEDAFYTLVREIRQH	True	89.029	89.029	135.207	90.000	90.000	120.000	/Users/mitchellparker/Desktop/rascore_build/core/4dlsA_core.cif	/Users/mitchellparker/Desktop/rascore_build/rcsb/4dls.cif.gz	/Users/mitchellparker/Desktop/rascore_build/renum/4dls_renum.cif	/Users/mitchellparker/Desktop/rascore_build/rcsb_assembly/4dls-assembly-2.cif.gz	/Users/mitchellparker/Desktop/rascore_build/renum_assembly/4dls-assembly-2_renum.cif	/Users/mitchellparker/Desktop/rascore_build/sifts/4dls.xml.gz	/Users/mitchellparker/Desktop/rascore_build/pocket/4dlsA_3_pocket.pdb
4dlsA	4dls	0	A	Y32in.3P-ON	Y71in.3P-R	Y32in	Y71in	H 3 2 (CF2)	4dlsA4	4	GTPase HRas	RASH_HUMAN	P01112	WT	WT	HRAS	3P	WT	None	None	None	Homodimer	SP12-Unbound	H 3 2	166	1-166	2012-02-06	Other	354.1188	0.0017	Unbound	Unbound	75,76,104,106,108,109,110,163,166	CA,MG,MG,CA,GNP	None	None	None	None	None	None	None	None	None	None	GNP	MG	None	CA	None	None	STP	XRAY	1.819	0.163	MTEYKLVVVGAGGVGKSALTIQLIQNHFVDEYDPTIEDSYRKQVVIDGETCLLDILDTAGQEEYSAMRDQYMRTGEGFLCVFAINNTKSFEDIHQYREQIKRVKDSDDVPMVLVGNKCDLAARTVESRQAQDLARSYGIPYIETSAKTRQGVEDAFYTLVREIRQH	True	89.029	89.029	135.207	90.000	90.000	120.000	/Users/mitchellparker/Desktop/rascore_build/core/4dlsA_core.cif	/Users/mitchellparker/Desktop/rascore_build/rcsb/4dls.cif.gz	/Users/mitchellparker/Desktop/rascore_build/renum/4dls_renum.cif	/Users/mitchellparker/Desktop/rascore_build/rcsb_assembly/4dls-assembly-2.cif.gz	/Users/mitchellparker/Desktop/rascore_build/renum_assembly/4dls-assembly-2_renum.cif	/Users/mitchellparker/Desktop/rascore_build/sifts/4dls.xml.gz	/Users/mitchellparker/Desktop/rascore_build/pocket/4dlsA_4_pocket.pdb
4dltA	4dlt	0	A	Y32in.3P-ON	Y71in.3P-R	Y32in	Y71in	H 3 2 (CF2)	4dltA3	3	GTPase HRas	RASH_HUMAN	P01112	WT	WT	HRAS	3P	WT	None	None	None	Homodimer	Multiple-Unbound	H 3 2	166	1-166	2012-02-06	SP2	300.0578	0.0009	Unbound	Unbound	11,12,60,62,68,86,88,89,92,95,96	GNP,CA,MG,CA,MG,ACT	None	None	None	None	None	None	None	None	None	None	GNP	MG	None	ACT,CA	None	None	STP	XRAY	1.699	0.183	MTEYKLVVVGAGGVGKSALTIQLIQNHFVDEYDPTIEDSYRKQVVIDGETCLLDILDTAGQEEYSAMRDQYMRTGEGFLCVFAINNTKSFEDIHQYREQIKRVKDSDDVPMVLVGNKCDLAARTVESRQAQDLARSYGIPYIETSAKTRQGVEDAFYTLVREIRQH	True	88.704	88.704	134.360	90.000	90.000	120.000	/Users/mitchellparker/Desktop/rascore_build/core/4dltA_core.cif	/Users/mitchellparker/Desktop/rascore_build/rcsb/4dlt.cif.gz	/Users/mitchellparker/Desktop/rascore_build/renum/4dlt_renum.cif	/Users/mitchellparker/Desktop/rascore_build/rcsb_assembly/4dlt-assembly-1.cif.gz	/Users/mitchellparker/Desktop/rascore_build/renum_assembly/4dlt-assembly-1_renum.cif	/Users/mitchellparker/Desktop/rascore_build/sifts/4dlt.xml.gz	/Users/mitchellparker/Desktop/rascore_build/pocket/4dltA_3_pocket.pdb
4dltA	4dlt	0	A	Y32in.3P-ON	Y71in.3P-R	Y32in	Y71in	H 3 2 (CF2)	4dltA4	4	GTPase HRas	RASH_HUMAN	P01112	WT	WT	HRAS	3P	WT	None	None	None	Homodimer	Multiple-Unbound	H 3 2	166	1-166	2012-02-06	Other	325.3040	0.0087	Unbound	Unbound	74,75,76,104,106,108,109,110,163,166	GNP,CA,MG,CA,MG,ACT	None	None	None	None	None	None	None	None	None	None	GNP	MG	None	ACT,CA	None	None	STP	XRAY	1.699	0.183	MTEYKLVVVGAGGVGKSALTIQLIQNHFVDEYDPTIEDSYRKQVVIDGETCLLDILDTAGQEEYSAMRDQYMRTGEGFLCVFAINNTKSFEDIHQYREQIKRVKDSDDVPMVLVGNKCDLAARTVESRQAQDLARSYGIPYIETSAKTRQGVEDAFYTLVREIRQH	True	88.704	88.704	134.360	90.000	90.000	120.000	/Users/mitchellparker/Desktop/rascore_build/core/4dltA_core.cif	/Users/mitchellparker/Desktop/rascore_build/rcsb/4dlt.cif.gz	/Users/mitchellparker/Desktop/rascore_build/renum/4dlt_renum.cif	/Users/mitchellparker/Desktop/rascore_build/rcsb_assembly/4dlt-assembly-1.cif.gz	/Users/mitchellparker/Desktop/rascore_build/renum_assembly/4dlt-assembly-1_renum.cif	/Users/mitchellparker/Desktop/rascore_build/sifts/4dlt.xml.gz	/Users/mitchellparker/Desktop/rascore_build/pocket/4dltA_4_pocket.pdb
4dltA	4dlt	0	A	Y32in.3P-ON	Y71in.3P-R	Y32in	Y71in	H 3 2 (CF2)	4dltA5	5	GTPase HRas	RASH_HUMAN	P01112	WT	WT	HRAS	3P	WT	None	None	None	Homodimer	Multiple-Unbound	H 3 2	166	1-166	2012-02-06	SP12	226.1587	0.0219	Unbound	Unbound	5,6,7,37,54,56,70,71,74,75	GNP,CA,MG,CA,MG,ACT	None	None	None	None	None	None	None	None	None	None	GNP	MG	None	ACT,CA	None	None	STP	XRAY	1.699	0.183	MTEYKLVVVGAGGVGKSALTIQLIQNHFVDEYDPTIEDSYRKQVVIDGETCLLDILDTAGQEEYSAMRDQYMRTGEGFLCVFAINNTKSFEDIHQYREQIKRVKDSDDVPMVLVGNKCDLAARTVESRQAQDLARSYGIPYIETSAKTRQGVEDAFYTLVREIRQH	True	88.704	88.704	134.360	90.000	90.000	120.000	/Users/mitchellparker/Desktop/rascore_build/core/4dltA_core.cif	/Users/mitchellparker/Desktop/rascore_build/rcsb/4dlt.cif.gz	/Users/mitchellparker/Desktop/rascore_build/renum/4dlt_renum.cif	/Users/mitchellparker/Desktop/rascore_build/rcsb_assembly/4dlt-assembly-1.cif.gz	/Users/mitchellparker/Desktop/rascore_build/renum_assembly/4dlt-assembly-1_renum.cif	/Users/mitchellparker/Desktop/rascore_build/sifts/4dlt.xml.gz	/Users/mitchellparker/Desktop/rascore_build/pocket/4dltA_5_pocket.pdb
4dluA	4dlu	0	A	Y32in.3P-ON	Y71in.3P-R	Y32in	Y71in	H 3 2 (CF2)	4dluA3	3	GTPase HRas	RASH_HUMAN	P01112	WT	WT	HRAS	3P	WT	None	None	None	Homodimer	SP12-Unbound	H 3 2	166	1-166	2012-02-06	Other	509.7939	0.0232	Unbound	Unbound	2,3,4,74,75,76,104,106,108,109,110,163,166	GNP,CA,MG,CA,MG,ACT	None	None	None	None	None	None	None	None	None	None	GNP	MG	None	ACT,CA	None	None	STP	XRAY	1.600	0.183	MTEYKLVVVGAGGVGKSALTIQLIQNHFVDEYDPTIEDSYRKQVVIDGETCLLDILDTAGQEEYSAMRDQYMRTGEGFLCVFAINNTKSFEDIHQYREQIKRVKDSDDVPMVLVGNKCDLAARTVESRQAQDLARSYGIPYIETSAKTRQGVEDAFYTLVREIRQH	True	88.822	88.822	134.779	90.000	90.000	120.000	/Users/mitchellparker/Desktop/rascore_build/core/4dluA_core.cif	/Users/mitchellparker/Desktop/rascore_build/rcsb/4dlu.cif.gz	/Users/mitchellparker/Desktop/rascore_build/renum/4dlu_renum.cif	/Users/mitchellparker/Desktop/rascore_build/rcsb_assembly/4dlu-assembly-1.cif.gz	/Users/mitchellparker/Desktop/rascore_build/renum_assembly/4dlu-assembly-1_renum.cif	/Users/mitchellparker/Desktop/rascore_build/sifts/4dlu.xml.gz	/Users/mitchellparker/Desktop/rascore_build/pocket/4dluA_3_pocket.pdb
4dluA	4dlu	0	A	Y32in.3P-ON	Y71in.3P-R	Y32in	Y71in	H 3 2 (CF2)	4dluA4	4	GTPase HRas	RASH_HUMAN	P01112	WT	WT	HRAS	3P	WT	None	None	None	Homodimer	SP12-Unbound	H 3 2	166	1-166	2012-02-06	Other	454.8930	0.0016	Unbound	Unbound	131,134,135,138,139,140,141,162,165	GNP,CA,MG,CA,MG,ACT	None	None	None	None	None	None	None	None	None	None	GNP	MG	None	ACT,CA	None	None	STP	XRAY	1.600	0.183	MTEYKLVVVGAGGVGKSALTIQLIQNHFVDEYDPTIEDSYRKQVVIDGETCLLDILDTAGQEEYSAMRDQYMRTGEGFLCVFAINNTKSFEDIHQYREQIKRVKDSDDVPMVLVGNKCDLAARTVESRQAQDLARSYGIPYIETSAKTRQGVEDAFYTLVREIRQH	True	88.822	88.822	134.779	90.000	90.000	120.000	/Users/mitchellparker/Desktop/rascore_build/core/4dluA_core.cif	/Users/mitchellparker/Desktop/rascore_build/rcsb/4dlu.cif.gz	/Users/mitchellparker/Desktop/rascore_build/renum/4dlu_renum.cif	/Users/mitchellparker/Desktop/rascore_build/rcsb_assembly/4dlu-assembly-1.cif.gz	/Users/mitchellparker/Desktop/rascore_build/renum_assembly/4dlu-assembly-1_renum.cif	/Users/mitchellparker/Desktop/rascore_build/sifts/4dlu.xml.gz	/Users/mitchellparker/Desktop/rascore_build/pocket/4dluA_4_pocket.pdb
4dluA	4dlu	0	A	Y32in.3P-ON	Y71in.3P-R	Y32in	Y71in	H 3 2 (CF2)	4dluA5	5	GTPase HRas	RASH_HUMAN	P01112	WT	WT	HRAS	3P	WT	None	None	None	Homodimer	SP12-Unbound	H 3 2	166	1-166	2012-02-06	SP12	210.5720	0.0451	Unbound	Unbound	5,6,7,37,54,56,70,71,74,75	GNP,CA,MG,CA,MG,ACT	None	None	None	None	None	None	None	None	None	None	GNP	MG	None	ACT,CA	None	None	STP	XRAY	1.600	0.183	MTEYKLVVVGAGGVGKSALTIQLIQNHFVDEYDPTIEDSYRKQVVIDGETCLLDILDTAGQEEYSAMRDQYMRTGEGFLCVFAINNTKSFEDIHQYREQIKRVKDSDDVPMVLVGNKCDLAARTVESRQAQDLARSYGIPYIETSAKTRQGVEDAFYTLVREIRQH	True	88.822	88.822	134.779	90.000	90.000	120.000	/Users/mitchellparker/Desktop/rascore_build/core/4dluA_core.cif	/Users/mitchellparker/Desktop/rascore_build/rcsb/4dlu.cif.gz	/Users/mitchellparker/Desktop/rascore_build/renum/4dlu_renum.cif	/Users/mitchellparker/Desktop/rascore_build/rcsb_assembly/4dlu-assembly-1.cif.gz	/Users/mitchellparker/Desktop/rascore_build/renum_assembly/4dlu-assembly-1_renum.cif	/Users/mitchellparker/Desktop/rascore_build/sifts/4dlu.xml.gz	/Users/mitchellparker/Desktop/rascore_build/pocket/4dluA_5_pocket.pdb
4dluA	4dlu	0	A	Y32in.3P-ON	Y71in.3P-R	Y32in	Y71in	H 3 2 (CF2)	4dluA6	6	GTPase HRas	RASH_HUMAN	P01112	WT	WT	HRAS	3P	WT	None	None	None	Homodimer	SP12-Unbound	H 3 2	166	1-166	2012-02-06	Other	213.9914	0.0005	Unbound	Unbound	101,102,105,106,107	GNP,CA,MG,CA,MG,ACT	None	None	None	None	None	None	None	None	None	None	GNP	MG	None	ACT,CA	None	None	STP	XRAY	1.600	0.183	MTEYKLVVVGAGGVGKSALTIQLIQNHFVDEYDPTIEDSYRKQVVIDGETCLLDILDTAGQEEYSAMRDQYMRTGEGFLCVFAINNTKSFEDIHQYREQIKRVKDSDDVPMVLVGNKCDLAARTVESRQAQDLARSYGIPYIETSAKTRQGVEDAFYTLVREIRQH	True	88.822	88.822	134.779	90.000	90.000	120.000	/Users/mitchellparker/Desktop/rascore_build/core/4dluA_core.cif	/Users/mitchellparker/Desktop/rascore_build/rcsb/4dlu.cif.gz	/Users/mitchellparker/Desktop/rascore_build/renum/4dlu_renum.cif	/Users/mitchellparker/Desktop/rascore_build/rcsb_assembly/4dlu-assembly-1.cif.gz	/Users/mitchellparker/Desktop/rascore_build/renum_assembly/4dlu-assembly-1_renum.cif	/Users/mitchellparker/Desktop/rascore_build/sifts/4dlu.xml.gz	/Users/mitchellparker/Desktop/rascore_build/pocket/4dluA_6_pocket.pdb
4dluA	4dlu	0	A	Y32in.3P-ON	Y71in.3P-R	Y32in	Y71in	H 3 2 (CF2)	4dluA7	7	GTPase HRas	RASH_HUMAN	P01112	WT	WT	HRAS	3P	WT	None	None	None	Homodimer	SP12-Unbound	H 3 2	166	1-166	2012-02-06	Other	181.0542	0.0001	Unbound	Unbound	149,151,152,153,154	GNP,CA,MG,CA,MG,ACT	None	None	None	None	None	None	None	None	None	None	GNP	MG	None	ACT,CA	None	None	STP	XRAY	1.600	0.183	MTEYKLVVVGAGGVGKSALTIQLIQNHFVDEYDPTIEDSYRKQVVIDGETCLLDILDTAGQEEYSAMRDQYMRTGEGFLCVFAINNTKSFEDIHQYREQIKRVKDSDDVPMVLVGNKCDLAARTVESRQAQDLARSYGIPYIETSAKTRQGVEDAFYTLVREIRQH	True	88.822	88.822	134.779	90.000	90.000	120.000	/Users/mitchellparker/Desktop/rascore_build/core/4dluA_core.cif	/Users/mitchellparker/Desktop/rascore_build/rcsb/4dlu.cif.gz	/Users/mitchellparker/Desktop/rascore_build/renum/4dlu_renum.cif	/Users/mitchellparker/Desktop/rascore_build/rcsb_assembly/4dlu-assembly-1.cif.gz	/Users/mitchellparker/Desktop/rascore_build/renum_assembly/4dlu-assembly-1_renum.cif	/Users/mitchellparker/Desktop/rascore_build/sifts/4dlu.xml.gz	/Users/mitchellparker/Desktop/rascore_build/pocket/4dluA_7_pocket.pdb
4dlvA	4dlv	0	A	Y32in.3P-ON	Outlier	Y32in	Disordered	H 3 2 (CF2)	4dlvA3	3	GTPase HRas	RASH_HUMAN	P01112	Q70E	Q70	HRAS	3P	Other	None	None	None	Homodimer	Other-Unbound	H 3 2	166	1-166	2012-02-06	Other	286.1382	0.0007	Unbound	Unbound	97,101,107,108,109,110,111,137,138,139,162,165,166	CA,MG,MG,GNP,DTT,MG	None	None	None	None	None	None	None	None	None	None	GNP	MG	None	CA,DTT	None	None	STP	XRAY	1.572	0.190	MTEYKLVVVGAGGVGKSALTIQLIQNHFVDEYDPTIEDSYRKQVVIDGETCLLDILDTAGQEEYSAMRDEYMRTGEGFLCVFAINNTKSFEDIHQYREQIKRVKDSDDVPMVLVGNKCDLAARTVESRQAQDLARSYGIPYIETSAKTRQGVEDAFYTLVREIRQH	True	88.822	88.822	134.053	90.000	90.000	120.000	/Users/mitchellparker/Desktop/rascore_build/core/4dlvA_core.cif	/Users/mitchellparker/Desktop/rascore_build/rcsb/4dlv.cif.gz	/Users/mitchellparker/Desktop/rascore_build/renum/4dlv_renum.cif	/Users/mitchellparker/Desktop/rascore_build/rcsb_assembly/4dlv-assembly-2.cif.gz	/Users/mitchellparker/Desktop/rascore_build/renum_assembly/4dlv-assembly-2_renum.cif	/Users/mitchellparker/Desktop/rascore_build/sifts/4dlv.xml.gz	/Users/mitchellparker/Desktop/rascore_build/pocket/4dlvA_3_pocket.pdb
4dlvA	4dlv	0	A	Y32in.3P-ON	Outlier	Y32in	Disordered	H 3 2 (CF2)	4dlvA4	4	GTPase HRas	RASH_HUMAN	P01112	Q70E	Q70	HRAS	3P	Other	None	None	None	Homodimer	Other-Unbound	H 3 2	166	1-166	2012-02-06	Other	345.9187	0.0016	Unbound	Unbound	127,131,134,135,139,141,143	CA,MG,MG,GNP,DTT,MG	None	None	None	None	None	None	None	None	None	None	GNP	MG	None	CA,DTT	None	None	STP	XRAY	1.572	0.190	MTEYKLVVVGAGGVGKSALTIQLIQNHFVDEYDPTIEDSYRKQVVIDGETCLLDILDTAGQEEYSAMRDEYMRTGEGFLCVFAINNTKSFEDIHQYREQIKRVKDSDDVPMVLVGNKCDLAARTVESRQAQDLARSYGIPYIETSAKTRQGVEDAFYTLVREIRQH	True	88.822	88.822	134.053	90.000	90.000	120.000	/Users/mitchellparker/Desktop/rascore_build/core/4dlvA_core.cif	/Users/mitchellparker/Desktop/rascore_build/rcsb/4dlv.cif.gz	/Users/mitchellparker/Desktop/rascore_build/renum/4dlv_renum.cif	/Users/mitchellparker/Desktop/rascore_build/rcsb_assembly/4dlv-assembly-2.cif.gz	/Users/mitchellparker/Desktop/rascore_build/renum_assembly/4dlv-assembly-2_renum.cif	/Users/mitchellparker/Desktop/rascore_build/sifts/4dlv.xml.gz	/Users/mitchellparker/Desktop/rascore_build/pocket/4dlvA_4_pocket.pdb
4dlvA	4dlv	0	A	Y32in.3P-ON	Outlier	Y32in	Disordered	H 3 2 (CF2)	4dlvA5	5	GTPase HRas	RASH_HUMAN	P01112	Q70E	Q70	HRAS	3P	Other	None	None	None	Homodimer	Other-Unbound	H 3 2	166	1-166	2012-02-06	Other	228.0084	0.0248	Unbound	Unbound	76,104,106,108,109,110,163,166	CA,MG,MG,GNP,DTT,MG	None	None	None	None	None	None	None	None	None	None	GNP	MG	None	CA,DTT	None	None	STP	XRAY	1.572	0.190	MTEYKLVVVGAGGVGKSALTIQLIQNHFVDEYDPTIEDSYRKQVVIDGETCLLDILDTAGQEEYSAMRDEYMRTGEGFLCVFAINNTKSFEDIHQYREQIKRVKDSDDVPMVLVGNKCDLAARTVESRQAQDLARSYGIPYIETSAKTRQGVEDAFYTLVREIRQH	True	88.822	88.822	134.053	90.000	90.000	120.000	/Users/mitchellparker/Desktop/rascore_build/core/4dlvA_core.cif	/Users/mitchellparker/Desktop/rascore_build/rcsb/4dlv.cif.gz	/Users/mitchellparker/Desktop/rascore_build/renum/4dlv_renum.cif	/Users/mitchellparker/Desktop/rascore_build/rcsb_assembly/4dlv-assembly-2.cif.gz	/Users/mitchellparker/Desktop/rascore_build/renum_assembly/4dlv-assembly-2_renum.cif	/Users/mitchellparker/Desktop/rascore_build/sifts/4dlv.xml.gz	/Users/mitchellparker/Desktop/rascore_build/pocket/4dlvA_5_pocket.pdb
4dlwA	4dlw	0	A	Y32in.3P-ON	Y71in.3P-R	Y32in	Y71in	H 3 2 (CF2)	4dlwA3	3	GTPase HRas	RASH_HUMAN	P01112	WT	WT	HRAS	3P	WT	None	None	None	Homodimer	Multiple-Unbound	H 3 2	166	1-166	2012-02-06	Other	288.3095	0.0136	Unbound	Unbound	74,75,76,104,108,109,110,163,166	GNP,CA,MG,CA,MG,ACT	None	None	None	None	None	None	None	None	None	None	GNP	MG	None	ACT,CA	None	None	STP	XRAY	1.720	0.177	MTEYKLVVVGAGGVGKSALTIQLIQNHFVDEYDPTIEDSYRKQVVIDGETCLLDILDTAGQEEYSAMRDQYMRTGEGFLCVFAINNTKSFEDIHQYREQIKRVKDSDDVPMVLVGNKCDLAARTVESRQAQDLARSYGIPYIETSAKTRQGVEDAFYTLVREIRQH	True	88.395	88.395	133.923	90.000	90.000	120.000	/Users/mitchellparker/Desktop/rascore_build/core/4dlwA_core.cif	/Users/mitchellparker/Desktop/rascore_build/rcsb/4dlw.cif.gz	/Users/mitchellparker/Desktop/rascore_build/renum/4dlw_renum.cif	/Users/mitchellparker/Desktop/rascore_build/rcsb_assembly/4dlw-assembly-2.cif.gz	/Users/mitchellparker/Desktop/rascore_build/renum_assembly/4dlw-assembly-2_renum.cif	/Users/mitchellparker/Desktop/rascore_build/sifts/4dlw.xml.gz	/Users/mitchellparker/Desktop/rascore_build/pocket/4dlwA_3_pocket.pdb
4dlwA	4dlw	0	A	Y32in.3P-ON	Y71in.3P-R	Y32in	Y71in	H 3 2 (CF2)	4dlwA4	4	GTPase HRas	RASH_HUMAN	P01112	WT	WT	HRAS	3P	WT	None	None	None	Homodimer	Multiple-Unbound	H 3 2	166	1-166	2012-02-06	SP12	225.1663	0.0142	Unbound	Unbound	5,6,7,37,54,56,71,74,75	GNP,CA,MG,CA,MG,ACT	None	None	None	None	None	None	None	None	None	None	GNP	MG	None	ACT,CA	None	None	STP	XRAY	1.720	0.177	MTEYKLVVVGAGGVGKSALTIQLIQNHFVDEYDPTIEDSYRKQVVIDGETCLLDILDTAGQEEYSAMRDQYMRTGEGFLCVFAINNTKSFEDIHQYREQIKRVKDSDDVPMVLVGNKCDLAARTVESRQAQDLARSYGIPYIETSAKTRQGVEDAFYTLVREIRQH	True	88.395	88.395	133.923	90.000	90.000	120.000	/Users/mitchellparker/Desktop/rascore_build/core/4dlwA_core.cif	/Users/mitchellparker/Desktop/rascore_build/rcsb/4dlw.cif.gz	/Users/mitchellparker/Desktop/rascore_build/renum/4dlw_renum.cif	/Users/mitchellparker/Desktop/rascore_build/rcsb_assembly/4dlw-assembly-2.cif.gz	/Users/mitchellparker/Desktop/rascore_build/renum_assembly/4dlw-assembly-2_renum.cif	/Users/mitchellparker/Desktop/rascore_build/sifts/4dlw.xml.gz	/Users/mitchellparker/Desktop/rascore_build/pocket/4dlwA_4_pocket.pdb
4dlwA	4dlw	0	A	Y32in.3P-ON	Y71in.3P-R	Y32in	Y71in	H 3 2 (CF2)	4dlwA5	5	GTPase HRas	RASH_HUMAN	P01112	WT	WT	HRAS	3P	WT	None	None	None	Homodimer	Multiple-Unbound	H 3 2	166	1-166	2012-02-06	SP2	281.3042	0.0004	Unbound	Unbound	11,12,60,61,62,68,88,92,95,96	GNP,CA,MG,CA,MG,ACT	None	None	None	None	None	None	None	None	None	None	GNP	MG	None	ACT,CA	None	None	STP	XRAY	1.720	0.177	MTEYKLVVVGAGGVGKSALTIQLIQNHFVDEYDPTIEDSYRKQVVIDGETCLLDILDTAGQEEYSAMRDQYMRTGEGFLCVFAINNTKSFEDIHQYREQIKRVKDSDDVPMVLVGNKCDLAARTVESRQAQDLARSYGIPYIETSAKTRQGVEDAFYTLVREIRQH	True	88.395	88.395	133.923	90.000	90.000	120.000	/Users/mitchellparker/Desktop/rascore_build/core/4dlwA_core.cif	/Users/mitchellparker/Desktop/rascore_build/rcsb/4dlw.cif.gz	/Users/mitchellparker/Desktop/rascore_build/renum/4dlw_renum.cif	/Users/mitchellparker/Desktop/rascore_build/rcsb_assembly/4dlw-assembly-2.cif.gz	/Users/mitchellparker/Desktop/rascore_build/renum_assembly/4dlw-assembly-2_renum.cif	/Users/mitchellparker/Desktop/rascore_build/sifts/4dlw.xml.gz	/Users/mitchellparker/Desktop/rascore_build/pocket/4dlwA_5_pocket.pdb
4dlxA	4dlx	0	A	Y32in.3P-ON	Y71out.3P-T	Y32in	Y71out	H 3 2 (CF2)	4dlxA3	3	GTPase HRas	RASH_HUMAN	P01112	Q70E	Q70	HRAS	3P	Other	None	None	None	Homodimer	SP12-Unbound	H 3 2	166	1-166	2012-02-06	SP12	206.0781	0.0028	Unbound	Unbound	5,6,7,39,54,55,56,74	CA,MG,MG,MG,DTU,GNP	None	None	None	None	None	None	None	None	None	None	GNP	MG	None	CA,DTU	None	None	STP	XRAY	1.731	0.172	MTEYKLVVVGAGGVGKSALTIQLIQNHFVDEYDPTIEDSYRKQVVIDGETCLLDILDTAGQEEYSAMRDEYMRTGEGFLCVFAINNTKSFEDIHQYREQIKRVKDSDDVPMVLVGNKCDLAARTVESRQAQDLARSYGIPYIETSAKTRQGVEDAFYTLVREIRQH	True	88.085	88.085	133.900	90.000	90.000	120.000	/Users/mitchellparker/Desktop/rascore_build/core/4dlxA_core.cif	/Users/mitchellparker/Desktop/rascore_build/rcsb/4dlx.cif.gz	/Users/mitchellparker/Desktop/rascore_build/renum/4dlx_renum.cif	/Users/mitchellparker/Desktop/rascore_build/rcsb_assembly/4dlx-assembly-2.cif.gz	/Users/mitchellparker/Desktop/rascore_build/renum_assembly/4dlx-assembly-2_renum.cif	/Users/mitchellparker/Desktop/rascore_build/sifts/4dlx.xml.gz	/Users/mitchellparker/Desktop/rascore_build/pocket/4dlxA_3_pocket.pdb
4dlxA	4dlx	0	A	Y32in.3P-ON	Y71out.3P-T	Y32in	Y71out	H 3 2 (CF2)	4dlxA4	4	GTPase HRas	RASH_HUMAN	P01112	Q70E	Q70	HRAS	3P	Other	None	None	None	Homodimer	SP12-Unbound	H 3 2	166	1-166	2012-02-06	Other	253.4503	0.0121	Unbound	Unbound	75,76,104,106,108,109,110,163,166	CA,MG,MG,MG,DTU,GNP	None	None	None	None	None	None	None	None	None	None	GNP	MG	None	CA,DTU	None	None	STP	XRAY	1.731	0.172	MTEYKLVVVGAGGVGKSALTIQLIQNHFVDEYDPTIEDSYRKQVVIDGETCLLDILDTAGQEEYSAMRDEYMRTGEGFLCVFAINNTKSFEDIHQYREQIKRVKDSDDVPMVLVGNKCDLAARTVESRQAQDLARSYGIPYIETSAKTRQGVEDAFYTLVREIRQH	True	88.085	88.085	133.900	90.000	90.000	120.000	/Users/mitchellparker/Desktop/rascore_build/core/4dlxA_core.cif	/Users/mitchellparker/Desktop/rascore_build/rcsb/4dlx.cif.gz	/Users/mitchellparker/Desktop/rascore_build/renum/4dlx_renum.cif	/Users/mitchellparker/Desktop/rascore_build/rcsb_assembly/4dlx-assembly-2.cif.gz	/Users/mitchellparker/Desktop/rascore_build/renum_assembly/4dlx-assembly-2_renum.cif	/Users/mitchellparker/Desktop/rascore_build/sifts/4dlx.xml.gz	/Users/mitchellparker/Desktop/rascore_build/pocket/4dlxA_4_pocket.pdb
4dlxA	4dlx	0	A	Y32in.3P-ON	Y71out.3P-T	Y32in	Y71out	H 3 2 (CF2)	4dlxA5	5	GTPase HRas	RASH_HUMAN	P01112	Q70E	Q70	HRAS	3P	Other	None	None	None	Homodimer	SP12-Unbound	H 3 2	166	1-166	2012-02-06	Other	301.8759	0.0095	Unbound	Unbound	90,91,94,129,132,133,137	CA,MG,MG,MG,DTU,GNP	None	None	None	None	None	None	None	None	None	None	GNP	MG	None	CA,DTU	None	None	STP	XRAY	1.731	0.172	MTEYKLVVVGAGGVGKSALTIQLIQNHFVDEYDPTIEDSYRKQVVIDGETCLLDILDTAGQEEYSAMRDEYMRTGEGFLCVFAINNTKSFEDIHQYREQIKRVKDSDDVPMVLVGNKCDLAARTVESRQAQDLARSYGIPYIETSAKTRQGVEDAFYTLVREIRQH	True	88.085	88.085	133.900	90.000	90.000	120.000	/Users/mitchellparker/Desktop/rascore_build/core/4dlxA_core.cif	/Users/mitchellparker/Desktop/rascore_build/rcsb/4dlx.cif.gz	/Users/mitchellparker/Desktop/rascore_build/renum/4dlx_renum.cif	/Users/mitchellparker/Desktop/rascore_build/rcsb_assembly/4dlx-assembly-2.cif.gz	/Users/mitchellparker/Desktop/rascore_build/renum_assembly/4dlx-assembly-2_renum.cif	/Users/mitchellparker/Desktop/rascore_build/sifts/4dlx.xml.gz	/Users/mitchellparker/Desktop/rascore_build/pocket/4dlxA_5_pocket.pdb
4dlyA	4dly	0	A	Y32in.3P-ON	Y71out.3P-T	Y32in	Y71out	H 3 2 (CF2)	4dlyA3	3	GTPase HRas	RASH_HUMAN	P01112	Q70E	Q70	HRAS	3P	Other	None	None	None	Homodimer	Other-Unbound	H 3 2	166	1-166	2012-02-06	Other	417.9341	0.0207	Unbound	Unbound	3,4,75,76,104,106,108,109,110,163,166	CA,MG,MG,DTT,CA,CA,DTT,GNP	None	None	None	None	None	None	None	None	None	None	GNP	MG	None	CA,DTT	None	None	STP	XRAY	1.570	0.160	MTEYKLVVVGAGGVGKSALTIQLIQNHFVDEYDPTIEDSYRKQVVIDGETCLLDILDTAGQEEYSAMRDEYMRTGEGFLCVFAINNTKSFEDIHQYREQIKRVKDSDDVPMVLVGNKCDLAARTVESRQAQDLARSYGIPYIETSAKTRQGVEDAFYTLVREIRQH	True	88.207	88.207	134.142	90.000	90.000	120.000	/Users/mitchellparker/Desktop/rascore_build/core/4dlyA_core.cif	/Users/mitchellparker/Desktop/rascore_build/rcsb/4dly.cif.gz	/Users/mitchellparker/Desktop/rascore_build/renum/4dly_renum.cif	/Users/mitchellparker/Desktop/rascore_build/rcsb_assembly/4dly-assembly-2.cif.gz	/Users/mitchellparker/Desktop/rascore_build/renum_assembly/4dly-assembly-2_renum.cif	/Users/mitchellparker/Desktop/rascore_build/sifts/4dly.xml.gz	/Users/mitchellparker/Desktop/rascore_build/pocket/4dlyA_3_pocket.pdb
4dlzA	4dlz	0	A	Y32in.3P-ON	Y71out.3P-T	Y32in	Y71out	H 3 2 (CF2)	4dlzA3	3	GTPase HRas	RASH_HUMAN	P01112	Q70E	Q70	HRAS	3P	Other	None	None	None	Homodimer	Other-Unbound	H 3 2	166	1-166	2012-02-06	Other	275.3898	0.0078	Unbound	Unbound	75,76,104,106,108,109,110,163,166	CA,MG,MG,DTU,MG,DTU,CA,GNP	None	None	None	None	None	None	None	None	None	None	GNP	MG	None	CA,DTU	None	None	STP	XRAY	1.662	0.164	MTEYKLVVVGAGGVGKSALTIQLIQNHFVDEYDPTIEDSYRKQVVIDGETCLLDILDTAGQEEYSAMRDEYMRTGEGFLCVFAINNTKSFEDIHQYREQIKRVKDSDDVPMVLVGNKCDLAARTVESRQAQDLARSYGIPYIETSAKTRQGVEDAFYTLVREIRQH	True	88.261	88.261	134.403	90.000	90.000	120.000	/Users/mitchellparker/Desktop/rascore_build/core/4dlzA_core.cif	/Users/mitchellparker/Desktop/rascore_build/rcsb/4dlz.cif.gz	/Users/mitchellparker/Desktop/rascore_build/renum/4dlz_renum.cif	/Users/mitchellparker/Desktop/rascore_build/rcsb_assembly/4dlz-assembly-1.cif.gz	/Users/mitchellparker/Desktop/rascore_build/renum_assembly/4dlz-assembly-1_renum.cif	/Users/mitchellparker/Desktop/rascore_build/sifts/4dlz.xml.gz	/Users/mitchellparker/Desktop/rascore_build/pocket/4dlzA_3_pocket.pdb
4dsnA	4dsn	0	A	Y32in.3P-ON	Y71in.3P-SP12-A	Y32in	Y71in	H 3 (CF1)	4dsnA10	10	GTPase KRas	RASK_HUMAN	P01116-2	G12D	G12	KRAS	3P	G12D	None	None	None	None	Multiple-Unbound	H 3	189	2-167:169-181	2012-02-19	Other	254.6113	0.0000	Unbound	Unbound	131,134,135,139,141	GCP,MG,MG,EDO,EDO	None	None	None	None	None	None	None	None	None	None	GCP	MG	None	EDO	None	None	STP	XRAY	2.030	0.167	GSTEYKLVVVGADGVGKSALTIQLIQNHFVDEYDPTIEDSYRKQVVIDGETCLLDILDTAGQEEYSAMRDQYMRTGEGFLCVFAINNTKSFEDIHHYREQIKRVKDSEDVPMVLVGNKCDLPSRTVDTKQAQDLARSYGIPFIETSAKTRQGVDDAFYTLVREIRKHKEKMSKDGKKKKKKSKTKCVIM	True	78.638	78.638	77.353	90.00	90.00	120.00	/Users/mitchellparker/Desktop/rascore_build/core/4dsnA_core.cif	/Users/mitchellparker/Desktop/rascore_build/rcsb/4dsn.cif.gz	/Users/mitchellparker/Desktop/rascore_build/renum/4dsn_renum.cif	/Users/mitchellparker/Desktop/rascore_build/rcsb_assembly/4dsn-assembly-1.cif.gz	/Users/mitchellparker/Desktop/rascore_build/renum_assembly/4dsn-assembly-1_renum.cif	/Users/mitchellparker/Desktop/rascore_build/sifts/4dsn.xml.gz	/Users/mitchellparker/Desktop/rascore_build/pocket/4dsnA_10_pocket.pdb
4dsnA	4dsn	0	A	Y32in.3P-ON	Y71in.3P-SP12-A	Y32in	Y71in	H 3 (CF1)	4dsnA4	4	GTPase KRas	RASK_HUMAN	P01116-2	G12D	G12	KRAS	3P	G12D	None	None	None	None	Multiple-Unbound	H 3	189	2-167:169-181	2012-02-19	SP12	200.9150	0.0004	Unbound	Unbound	5,6,7,39,41,54,55,56,74	GCP,MG,MG,EDO,EDO	None	None	None	None	None	None	None	None	None	None	GCP	MG	None	EDO	None	None	STP	XRAY	2.030	0.167	GSTEYKLVVVGADGVGKSALTIQLIQNHFVDEYDPTIEDSYRKQVVIDGETCLLDILDTAGQEEYSAMRDQYMRTGEGFLCVFAINNTKSFEDIHHYREQIKRVKDSEDVPMVLVGNKCDLPSRTVDTKQAQDLARSYGIPFIETSAKTRQGVDDAFYTLVREIRKHKEKMSKDGKKKKKKSKTKCVIM	True	78.638	78.638	77.353	90.00	90.00	120.00	/Users/mitchellparker/Desktop/rascore_build/core/4dsnA_core.cif	/Users/mitchellparker/Desktop/rascore_build/rcsb/4dsn.cif.gz	/Users/mitchellparker/Desktop/rascore_build/renum/4dsn_renum.cif	/Users/mitchellparker/Desktop/rascore_build/rcsb_assembly/4dsn-assembly-1.cif.gz	/Users/mitchellparker/Desktop/rascore_build/renum_assembly/4dsn-assembly-1_renum.cif	/Users/mitchellparker/Desktop/rascore_build/sifts/4dsn.xml.gz	/Users/mitchellparker/Desktop/rascore_build/pocket/4dsnA_4_pocket.pdb
4dsnA	4dsn	0	A	Y32in.3P-ON	Y71in.3P-SP12-A	Y32in	Y71in	H 3 (CF1)	4dsnA5	5	GTPase KRas	RASK_HUMAN	P01116-2	G12D	G12	KRAS	3P	G12D	None	None	None	None	Multiple-Unbound	H 3	189	2-167:169-181	2012-02-19	SP2	288.6682	0.2338	Unbound	Unbound	60,61,62,68,92,95,96,99	GCP,MG,MG,EDO,EDO	None	None	None	None	None	None	None	None	None	None	GCP	MG	None	EDO	None	None	STP	XRAY	2.030	0.167	GSTEYKLVVVGADGVGKSALTIQLIQNHFVDEYDPTIEDSYRKQVVIDGETCLLDILDTAGQEEYSAMRDQYMRTGEGFLCVFAINNTKSFEDIHHYREQIKRVKDSEDVPMVLVGNKCDLPSRTVDTKQAQDLARSYGIPFIETSAKTRQGVDDAFYTLVREIRKHKEKMSKDGKKKKKKSKTKCVIM	True	78.638	78.638	77.353	90.00	90.00	120.00	/Users/mitchellparker/Desktop/rascore_build/core/4dsnA_core.cif	/Users/mitchellparker/Desktop/rascore_build/rcsb/4dsn.cif.gz	/Users/mitchellparker/Desktop/rascore_build/renum/4dsn_renum.cif	/Users/mitchellparker/Desktop/rascore_build/rcsb_assembly/4dsn-assembly-1.cif.gz	/Users/mitchellparker/Desktop/rascore_build/renum_assembly/4dsn-assembly-1_renum.cif	/Users/mitchellparker/Desktop/rascore_build/sifts/4dsn.xml.gz	/Users/mitchellparker/Desktop/rascore_build/pocket/4dsnA_5_pocket.pdb
4dsnA	4dsn	0	A	Y32in.3P-ON	Y71in.3P-SP12-A	Y32in	Y71in	H 3 (CF1)	4dsnA6	6	GTPase KRas	RASK_HUMAN	P01116-2	G12D	G12	KRAS	3P	G12D	None	None	None	None	Multiple-Unbound	H 3	189	2-167:169-181	2012-02-19	Other	311.1110	0.0001	Unbound	Unbound	127,131,141,142,143,150,151,154	GCP,MG,MG,EDO,EDO	None	None	None	None	None	None	None	None	None	None	GCP	MG	None	EDO	None	None	STP	XRAY	2.030	0.167	GSTEYKLVVVGADGVGKSALTIQLIQNHFVDEYDPTIEDSYRKQVVIDGETCLLDILDTAGQEEYSAMRDQYMRTGEGFLCVFAINNTKSFEDIHHYREQIKRVKDSEDVPMVLVGNKCDLPSRTVDTKQAQDLARSYGIPFIETSAKTRQGVDDAFYTLVREIRKHKEKMSKDGKKKKKKSKTKCVIM	True	78.638	78.638	77.353	90.00	90.00	120.00	/Users/mitchellparker/Desktop/rascore_build/core/4dsnA_core.cif	/Users/mitchellparker/Desktop/rascore_build/rcsb/4dsn.cif.gz	/Users/mitchellparker/Desktop/rascore_build/renum/4dsn_renum.cif	/Users/mitchellparker/Desktop/rascore_build/rcsb_assembly/4dsn-assembly-1.cif.gz	/Users/mitchellparker/Desktop/rascore_build/renum_assembly/4dsn-assembly-1_renum.cif	/Users/mitchellparker/Desktop/rascore_build/sifts/4dsn.xml.gz	/Users/mitchellparker/Desktop/rascore_build/pocket/4dsnA_6_pocket.pdb
4dsnA	4dsn	0	A	Y32in.3P-ON	Y71in.3P-SP12-A	Y32in	Y71in	H 3 (CF1)	4dsnA7	7	GTPase KRas	RASK_HUMAN	P01116-2	G12D	G12	KRAS	3P	G12D	None	None	None	None	Multiple-Unbound	H 3	189	2-167:169-181	2012-02-19	Other	218.7870	0.0001	Unbound	Unbound	11,12,60,61,86,88,92	GCP,MG,MG,EDO,EDO	None	None	None	None	None	None	None	None	None	None	GCP	MG	None	EDO	None	None	STP	XRAY	2.030	0.167	GSTEYKLVVVGADGVGKSALTIQLIQNHFVDEYDPTIEDSYRKQVVIDGETCLLDILDTAGQEEYSAMRDQYMRTGEGFLCVFAINNTKSFEDIHHYREQIKRVKDSEDVPMVLVGNKCDLPSRTVDTKQAQDLARSYGIPFIETSAKTRQGVDDAFYTLVREIRKHKEKMSKDGKKKKKKSKTKCVIM	True	78.638	78.638	77.353	90.00	90.00	120.00	/Users/mitchellparker/Desktop/rascore_build/core/4dsnA_core.cif	/Users/mitchellparker/Desktop/rascore_build/rcsb/4dsn.cif.gz	/Users/mitchellparker/Desktop/rascore_build/renum/4dsn_renum.cif	/Users/mitchellparker/Desktop/rascore_build/rcsb_assembly/4dsn-assembly-1.cif.gz	/Users/mitchellparker/Desktop/rascore_build/renum_assembly/4dsn-assembly-1_renum.cif	/Users/mitchellparker/Desktop/rascore_build/sifts/4dsn.xml.gz	/Users/mitchellparker/Desktop/rascore_build/pocket/4dsnA_7_pocket.pdb
4dsnA	4dsn	0	A	Y32in.3P-ON	Y71in.3P-SP12-A	Y32in	Y71in	H 3 (CF1)	4dsnA8	8	GTPase KRas	RASK_HUMAN	P01116-2	G12D	G12	KRAS	3P	G12D	None	None	None	None	Multiple-Unbound	H 3	189	2-167:169-181	2012-02-19	Other	334.8969	0.0026	Unbound	Unbound	97,107,108,109,110,137,138,139,162,165,166,170	GCP,MG,MG,EDO,EDO	None	None	None	None	None	None	None	None	None	None	GCP	MG	None	EDO	None	None	STP	XRAY	2.030	0.167	GSTEYKLVVVGADGVGKSALTIQLIQNHFVDEYDPTIEDSYRKQVVIDGETCLLDILDTAGQEEYSAMRDQYMRTGEGFLCVFAINNTKSFEDIHHYREQIKRVKDSEDVPMVLVGNKCDLPSRTVDTKQAQDLARSYGIPFIETSAKTRQGVDDAFYTLVREIRKHKEKMSKDGKKKKKKSKTKCVIM	True	78.638	78.638	77.353	90.00	90.00	120.00	/Users/mitchellparker/Desktop/rascore_build/core/4dsnA_core.cif	/Users/mitchellparker/Desktop/rascore_build/rcsb/4dsn.cif.gz	/Users/mitchellparker/Desktop/rascore_build/renum/4dsn_renum.cif	/Users/mitchellparker/Desktop/rascore_build/rcsb_assembly/4dsn-assembly-1.cif.gz	/Users/mitchellparker/Desktop/rascore_build/renum_assembly/4dsn-assembly-1_renum.cif	/Users/mitchellparker/Desktop/rascore_build/sifts/4dsn.xml.gz	/Users/mitchellparker/Desktop/rascore_build/pocket/4dsnA_8_pocket.pdb
4dsnA	4dsn	0	A	Y32in.3P-ON	Y71in.3P-SP12-A	Y32in	Y71in	H 3 (CF1)	4dsnA9	9	GTPase KRas	RASK_HUMAN	P01116-2	G12D	G12	KRAS	3P	G12D	None	None	None	None	Multiple-Unbound	H 3	189	2-167:169-181	2012-02-19	Other	404.8626	0.0116	Unbound	Unbound	73,74,75,76,104,106,108,109,110,163,166,167,171	GCP,MG,MG,EDO,EDO	None	None	None	None	None	None	None	None	None	None	GCP	MG	None	EDO	None	None	STP	XRAY	2.030	0.167	GSTEYKLVVVGADGVGKSALTIQLIQNHFVDEYDPTIEDSYRKQVVIDGETCLLDILDTAGQEEYSAMRDQYMRTGEGFLCVFAINNTKSFEDIHHYREQIKRVKDSEDVPMVLVGNKCDLPSRTVDTKQAQDLARSYGIPFIETSAKTRQGVDDAFYTLVREIRKHKEKMSKDGKKKKKKSKTKCVIM	True	78.638	78.638	77.353	90.00	90.00	120.00	/Users/mitchellparker/Desktop/rascore_build/core/4dsnA_core.cif	/Users/mitchellparker/Desktop/rascore_build/rcsb/4dsn.cif.gz	/Users/mitchellparker/Desktop/rascore_build/renum/4dsn_renum.cif	/Users/mitchellparker/Desktop/rascore_build/rcsb_assembly/4dsn-assembly-1.cif.gz	/Users/mitchellparker/Desktop/rascore_build/renum_assembly/4dsn-assembly-1_renum.cif	/Users/mitchellparker/Desktop/rascore_build/sifts/4dsn.xml.gz	/Users/mitchellparker/Desktop/rascore_build/pocket/4dsnA_9_pocket.pdb
4dstA	4dst	0	A	Y32in.3P-ON	Y71in.3P-SP12-A	Y32in	Y71in	H 3 (CF1)	4dstA3	3	GTPase KRas	RASK_HUMAN	P01116-2	G12D	G12	KRAS	3P	G12D	SP12	SP12.Indole	None	None	SP12-Bound	H 3	189	2-167:169-181	2012-02-19	SP12	299.2809	0.0105	Bound	SP12	5,6,7,39,40,54,55,56,74,75	9LI,GCP,MG,GOL,EDO,DMS,ACT,MG	None	9LI:55,54,74,5,75,7,39,56	None	None	SP12	SP12.Indole	9LI:Cc1[nH]c2cc(Cl)cc(Cl)c2c1CCN	None	None	None	GCP	MG	9LI	ACT,DMS,EDO,GOL	None	None	9LI	XRAY	2.300	0.162	GSTEYKLVVVGADGVGKSALTIQLIQNHFVDEYDPTIEDSYRKQVVIDGETCLLDILDTAGQEEYSAMRDQYMRTGEGFLCVFAINNTKSFEDIHHYREQIKRVKDSEDVPMVLVGNKCDLPSRTVDTKQAQDLARSYGIPFIETSAKTRQGVDDAFYTLVREIRKHKEKMSKDGKKKKKKSKTKCVIM	True	78.923	78.923	78.631	90.00	90.00	120.00	/Users/mitchellparker/Desktop/rascore_build/core/4dstA_core.cif	/Users/mitchellparker/Desktop/rascore_build/rcsb/4dst.cif.gz	/Users/mitchellparker/Desktop/rascore_build/renum/4dst_renum.cif	/Users/mitchellparker/Desktop/rascore_build/rcsb_assembly/4dst-assembly-1.cif.gz	/Users/mitchellparker/Desktop/rascore_build/renum_assembly/4dst-assembly-1_renum.cif	/Users/mitchellparker/Desktop/rascore_build/sifts/4dst.xml.gz	/Users/mitchellparker/Desktop/rascore_build/pocket/4dstA_3_pocket.pdb
4dstA	4dst	0	A	Y32in.3P-ON	Y71in.3P-SP12-A	Y32in	Y71in	H 3 (CF1)	4dstA5	5	GTPase KRas	RASK_HUMAN	P01116-2	G12D	G12	KRAS	3P	G12D	SP12	SP12.Indole	None	None	SP12-Bound	H 3	189	2-167:169-181	2012-02-19	SP12	245.1424	0.0013	Bound	SP12	37,56,67,70,71,73,74	9LI,GCP,MG,GOL,EDO,DMS,ACT,MG	None	9LI:55,54,74,5,75,7,39,56	None	None	SP12	SP12.Indole	9LI:Cc1[nH]c2cc(Cl)cc(Cl)c2c1CCN	None	None	None	GCP	MG	9LI	ACT,DMS,EDO,GOL	None	None	9LI	XRAY	2.300	0.162	GSTEYKLVVVGADGVGKSALTIQLIQNHFVDEYDPTIEDSYRKQVVIDGETCLLDILDTAGQEEYSAMRDQYMRTGEGFLCVFAINNTKSFEDIHHYREQIKRVKDSEDVPMVLVGNKCDLPSRTVDTKQAQDLARSYGIPFIETSAKTRQGVDDAFYTLVREIRKHKEKMSKDGKKKKKKSKTKCVIM	True	78.923	78.923	78.631	90.00	90.00	120.00	/Users/mitchellparker/Desktop/rascore_build/core/4dstA_core.cif	/Users/mitchellparker/Desktop/rascore_build/rcsb/4dst.cif.gz	/Users/mitchellparker/Desktop/rascore_build/renum/4dst_renum.cif	/Users/mitchellparker/Desktop/rascore_build/rcsb_assembly/4dst-assembly-1.cif.gz	/Users/mitchellparker/Desktop/rascore_build/renum_assembly/4dst-assembly-1_renum.cif	/Users/mitchellparker/Desktop/rascore_build/sifts/4dst.xml.gz	/Users/mitchellparker/Desktop/rascore_build/pocket/4dstA_5_pocket.pdb
4dsuA	4dsu	0	A	Outlier	Disordered	Y32out	Y71in	H 3 (CF1)	4dsuA1	1	GTPase KRas	RASK_HUMAN	P01116-2	G12D	G12	KRAS	2P	G12D	SP12	SP12.Unclassified	None	None	SP12-Bound	H 3	189	2-61:65-167:169-181	2012-02-19	SP12	301.2581	0.6722	Bound	SP12	5,6,7,39,54,56,67,70,71,74,75	GDP,MG,BZI	None	BZI:54,39,56,74,7,71,5,6	None	None	SP12	SP12.Unclassified	BZI:c1ccc2[nH]cnc2c1	None	None	None	GDP	MG	BZI	None	None	None	BZI	XRAY	1.700	0.162	GSTEYKLVVVGADGVGKSALTIQLIQNHFVDEYDPTIEDSYRKQVVIDGETCLLDILDTAGQEEYSAMRDQYMRTGEGFLCVFAINNTKSFEDIHHYREQIKRVKDSEDVPMVLVGNKCDLPSRTVDTKQAQDLARSYGIPFIETSAKTRQGVDDAFYTLVREIRKHKEKMSKDGKKKKKKSKTKCVIM	True	79.553	79.553	78.055	90.00	90.00	120.00	/Users/mitchellparker/Desktop/rascore_build/core/4dsuA_core.cif	/Users/mitchellparker/Desktop/rascore_build/rcsb/4dsu.cif.gz	/Users/mitchellparker/Desktop/rascore_build/renum/4dsu_renum.cif	/Users/mitchellparker/Desktop/rascore_build/rcsb_assembly/4dsu-assembly-1.cif.gz	/Users/mitchellparker/Desktop/rascore_build/renum_assembly/4dsu-assembly-1_renum.cif	/Users/mitchellparker/Desktop/rascore_build/sifts/4dsu.xml.gz	/Users/mitchellparker/Desktop/rascore_build/pocket/4dsuA_1_pocket.pdb
4eflA	4efl	0	A	Outlier	Outlier	Y32out	Y71out	I 2 2 2 (CF1)	4eflA2	2	GTPase HRas	RASH_HUMAN	P01112	WT	WT	HRAS	3P	WT	None	None	None	None	SP12-Unbound	I 2 2 2	171	1-166	2012-03-30	SP12	427.7021	0.4762	Unbound	Unbound	5,6,7,37,38,39,54,56,67,70,71,74,75	GNP,MG	None	None	None	None	None	None	None	None	None	None	GNP	MG	None	None	None	None	STP	XRAY	1.900	0.185	GPLGSMTEYKLVVVGAGGVGKSALTIQLIQNHFVDEYDPTIEDSYRKQVVIDGETCLLDILDTAGQEEYSAMRDQYMRTGEGFLCVFAINNTKSFEDIHQYREQIKRVKDSDDVPMVLVGNKCDLAARTVESRQAQDLARSYGIPYIETSAKTRQGVEDAFYTLVREIRQH	True	34.666	81.783	121.726	90.00	90.00	90.00	/Users/mitchellparker/Desktop/rascore_build/core/4eflA_core.cif	/Users/mitchellparker/Desktop/rascore_build/rcsb/4efl.cif.gz	/Users/mitchellparker/Desktop/rascore_build/renum/4efl_renum.cif	/Users/mitchellparker/Desktop/rascore_build/rcsb_assembly/4efl-assembly-1.cif.gz	/Users/mitchellparker/Desktop/rascore_build/renum_assembly/4efl-assembly-1_renum.cif	/Users/mitchellparker/Desktop/rascore_build/sifts/4efl.xml.gz	/Users/mitchellparker/Desktop/rascore_build/pocket/4eflA_2_pocket.pdb
4eflA	4efl	0	A	Outlier	Outlier	Y32out	Y71out	I 2 2 2 (CF1)	4eflA4	4	GTPase HRas	RASH_HUMAN	P01112	WT	WT	HRAS	3P	WT	None	None	None	None	SP12-Unbound	I 2 2 2	171	1-166	2012-03-30	Other	435.9062	0.0011	Unbound	Unbound	73,74,75,76,104,106,108,109,110,163,166	GNP,MG	None	None	None	None	None	None	None	None	None	None	GNP	MG	None	None	None	None	STP	XRAY	1.900	0.185	GPLGSMTEYKLVVVGAGGVGKSALTIQLIQNHFVDEYDPTIEDSYRKQVVIDGETCLLDILDTAGQEEYSAMRDQYMRTGEGFLCVFAINNTKSFEDIHQYREQIKRVKDSDDVPMVLVGNKCDLAARTVESRQAQDLARSYGIPYIETSAKTRQGVEDAFYTLVREIRQH	True	34.666	81.783	121.726	90.00	90.00	90.00	/Users/mitchellparker/Desktop/rascore_build/core/4eflA_core.cif	/Users/mitchellparker/Desktop/rascore_build/rcsb/4efl.cif.gz	/Users/mitchellparker/Desktop/rascore_build/renum/4efl_renum.cif	/Users/mitchellparker/Desktop/rascore_build/rcsb_assembly/4efl-assembly-1.cif.gz	/Users/mitchellparker/Desktop/rascore_build/renum_assembly/4efl-assembly-1_renum.cif	/Users/mitchellparker/Desktop/rascore_build/sifts/4efl.xml.gz	/Users/mitchellparker/Desktop/rascore_build/pocket/4eflA_4_pocket.pdb
4eflA	4efl	0	A	Outlier	Outlier	Y32out	Y71out	I 2 2 2 (CF1)	4eflA6	6	GTPase HRas	RASH_HUMAN	P01112	WT	WT	HRAS	3P	WT	None	None	None	None	SP12-Unbound	I 2 2 2	171	1-166	2012-03-30	Other	106.5247	0.0012	Unbound	Unbound	97,98,101,106,107,109,111	GNP,MG	None	None	None	None	None	None	None	None	None	None	GNP	MG	None	None	None	None	STP	XRAY	1.900	0.185	GPLGSMTEYKLVVVGAGGVGKSALTIQLIQNHFVDEYDPTIEDSYRKQVVIDGETCLLDILDTAGQEEYSAMRDQYMRTGEGFLCVFAINNTKSFEDIHQYREQIKRVKDSDDVPMVLVGNKCDLAARTVESRQAQDLARSYGIPYIETSAKTRQGVEDAFYTLVREIRQH	True	34.666	81.783	121.726	90.00	90.00	90.00	/Users/mitchellparker/Desktop/rascore_build/core/4eflA_core.cif	/Users/mitchellparker/Desktop/rascore_build/rcsb/4efl.cif.gz	/Users/mitchellparker/Desktop/rascore_build/renum/4efl_renum.cif	/Users/mitchellparker/Desktop/rascore_build/rcsb_assembly/4efl-assembly-1.cif.gz	/Users/mitchellparker/Desktop/rascore_build/renum_assembly/4efl-assembly-1_renum.cif	/Users/mitchellparker/Desktop/rascore_build/sifts/4efl.xml.gz	/Users/mitchellparker/Desktop/rascore_build/pocket/4eflA_6_pocket.pdb
4eflA	4efl	0	A	Outlier	Outlier	Y32out	Y71out	I 2 2 2 (CF1)	4eflA7	7	GTPase HRas	RASH_HUMAN	P01112	WT	WT	HRAS	3P	WT	None	None	None	None	SP12-Unbound	I 2 2 2	171	1-166	2012-03-30	Other	198.5524	0.0001	Unbound	Unbound	131,134,135,139,141	GNP,MG	None	None	None	None	None	None	None	None	None	None	GNP	MG	None	None	None	None	STP	XRAY	1.900	0.185	GPLGSMTEYKLVVVGAGGVGKSALTIQLIQNHFVDEYDPTIEDSYRKQVVIDGETCLLDILDTAGQEEYSAMRDQYMRTGEGFLCVFAINNTKSFEDIHQYREQIKRVKDSDDVPMVLVGNKCDLAARTVESRQAQDLARSYGIPYIETSAKTRQGVEDAFYTLVREIRQH	True	34.666	81.783	121.726	90.00	90.00	90.00	/Users/mitchellparker/Desktop/rascore_build/core/4eflA_core.cif	/Users/mitchellparker/Desktop/rascore_build/rcsb/4efl.cif.gz	/Users/mitchellparker/Desktop/rascore_build/renum/4efl_renum.cif	/Users/mitchellparker/Desktop/rascore_build/rcsb_assembly/4efl-assembly-1.cif.gz	/Users/mitchellparker/Desktop/rascore_build/renum_assembly/4efl-assembly-1_renum.cif	/Users/mitchellparker/Desktop/rascore_build/sifts/4efl.xml.gz	/Users/mitchellparker/Desktop/rascore_build/pocket/4eflA_7_pocket.pdb
4eflA	4efl	0	A	Outlier	Outlier	Y32out	Y71out	I 2 2 2 (CF1)	4eflA8	8	GTPase HRas	RASH_HUMAN	P01112	WT	WT	HRAS	3P	WT	None	None	None	None	SP12-Unbound	I 2 2 2	171	1-166	2012-03-30	Other	283.6659	0.0002	Unbound	Unbound	36,37,59,63,64,65,66,67,71	GNP,MG	None	None	None	None	None	None	None	None	None	None	GNP	MG	None	None	None	None	STP	XRAY	1.900	0.185	GPLGSMTEYKLVVVGAGGVGKSALTIQLIQNHFVDEYDPTIEDSYRKQVVIDGETCLLDILDTAGQEEYSAMRDQYMRTGEGFLCVFAINNTKSFEDIHQYREQIKRVKDSDDVPMVLVGNKCDLAARTVESRQAQDLARSYGIPYIETSAKTRQGVEDAFYTLVREIRQH	True	34.666	81.783	121.726	90.00	90.00	90.00	/Users/mitchellparker/Desktop/rascore_build/core/4eflA_core.cif	/Users/mitchellparker/Desktop/rascore_build/rcsb/4efl.cif.gz	/Users/mitchellparker/Desktop/rascore_build/renum/4efl_renum.cif	/Users/mitchellparker/Desktop/rascore_build/rcsb_assembly/4efl-assembly-1.cif.gz	/Users/mitchellparker/Desktop/rascore_build/renum_assembly/4efl-assembly-1_renum.cif	/Users/mitchellparker/Desktop/rascore_build/sifts/4efl.xml.gz	/Users/mitchellparker/Desktop/rascore_build/pocket/4eflA_8_pocket.pdb
4eflA	4efl	0	A	Outlier	Outlier	Y32out	Y71out	I 2 2 2 (CF1)	4eflA9	9	GTPase HRas	RASH_HUMAN	P01112	WT	WT	HRAS	3P	WT	None	None	None	None	SP12-Unbound	I 2 2 2	171	1-166	2012-03-30	Other	146.4173	0.0011	Unbound	Unbound	18,21,22,32,33,146,147	GNP,MG	None	None	None	None	None	None	None	None	None	None	GNP	MG	None	None	None	None	STP	XRAY	1.900	0.185	GPLGSMTEYKLVVVGAGGVGKSALTIQLIQNHFVDEYDPTIEDSYRKQVVIDGETCLLDILDTAGQEEYSAMRDQYMRTGEGFLCVFAINNTKSFEDIHQYREQIKRVKDSDDVPMVLVGNKCDLAARTVESRQAQDLARSYGIPYIETSAKTRQGVEDAFYTLVREIRQH	True	34.666	81.783	121.726	90.00	90.00	90.00	/Users/mitchellparker/Desktop/rascore_build/core/4eflA_core.cif	/Users/mitchellparker/Desktop/rascore_build/rcsb/4efl.cif.gz	/Users/mitchellparker/Desktop/rascore_build/renum/4efl_renum.cif	/Users/mitchellparker/Desktop/rascore_build/rcsb_assembly/4efl-assembly-1.cif.gz	/Users/mitchellparker/Desktop/rascore_build/renum_assembly/4efl-assembly-1_renum.cif	/Users/mitchellparker/Desktop/rascore_build/sifts/4efl.xml.gz	/Users/mitchellparker/Desktop/rascore_build/pocket/4eflA_9_pocket.pdb
4efmA	4efm	0	A	Outlier	Outlier	Y32out	Y71out	I 2 2 2 (CF1)	4efmA10	10	GTPase HRas	RASH_HUMAN	P01112	G12V	G12	HRAS	3P	G12V	None	None	None	None	SP12-Unbound	I 2 2 2	171	1-166	2012-03-30	Other	172.8425	0.0001	Unbound	Unbound	61,95,98,99,102	GNP,MG	None	None	None	None	None	None	None	None	None	None	GNP	MG	None	None	None	None	STP	XRAY	1.900	0.188	GPLGSMTEYKLVVVGAVGVGKSALTIQLIQNHFVDEYDPTIEDSYRKQVVIDGETCLLDILDTAGQEEYSAMRDQYMRTGEGFLCVFAINNTKSFEDIHQYREQIKRVKDSDDVPMVLVGNKCDLAARTVESRQAQDLARSYGIPYIETSAKTRQGVEDAFYTLVREIRQH	True	34.638	81.833	121.761	90.00	90.00	90.00	/Users/mitchellparker/Desktop/rascore_build/core/4efmA_core.cif	/Users/mitchellparker/Desktop/rascore_build/rcsb/4efm.cif.gz	/Users/mitchellparker/Desktop/rascore_build/renum/4efm_renum.cif	/Users/mitchellparker/Desktop/rascore_build/rcsb_assembly/4efm-assembly-1.cif.gz	/Users/mitchellparker/Desktop/rascore_build/renum_assembly/4efm-assembly-1_renum.cif	/Users/mitchellparker/Desktop/rascore_build/sifts/4efm.xml.gz	/Users/mitchellparker/Desktop/rascore_build/pocket/4efmA_10_pocket.pdb
4efmA	4efm	0	A	Outlier	Outlier	Y32out	Y71out	I 2 2 2 (CF1)	4efmA3	3	GTPase HRas	RASH_HUMAN	P01112	G12V	G12	HRAS	3P	G12V	None	None	None	None	SP12-Unbound	I 2 2 2	171	1-166	2012-03-30	Other	369.2831	0.0001	Unbound	Unbound	61,62,63,64,65,66,68,69	GNP,MG	None	None	None	None	None	None	None	None	None	None	GNP	MG	None	None	None	None	STP	XRAY	1.900	0.188	GPLGSMTEYKLVVVGAVGVGKSALTIQLIQNHFVDEYDPTIEDSYRKQVVIDGETCLLDILDTAGQEEYSAMRDQYMRTGEGFLCVFAINNTKSFEDIHQYREQIKRVKDSDDVPMVLVGNKCDLAARTVESRQAQDLARSYGIPYIETSAKTRQGVEDAFYTLVREIRQH	True	34.638	81.833	121.761	90.00	90.00	90.00	/Users/mitchellparker/Desktop/rascore_build/core/4efmA_core.cif	/Users/mitchellparker/Desktop/rascore_build/rcsb/4efm.cif.gz	/Users/mitchellparker/Desktop/rascore_build/renum/4efm_renum.cif	/Users/mitchellparker/Desktop/rascore_build/rcsb_assembly/4efm-assembly-1.cif.gz	/Users/mitchellparker/Desktop/rascore_build/renum_assembly/4efm-assembly-1_renum.cif	/Users/mitchellparker/Desktop/rascore_build/sifts/4efm.xml.gz	/Users/mitchellparker/Desktop/rascore_build/pocket/4efmA_3_pocket.pdb
4efmA	4efm	0	A	Outlier	Outlier	Y32out	Y71out	I 2 2 2 (CF1)	4efmA4	4	GTPase HRas	RASH_HUMAN	P01112	G12V	G12	HRAS	3P	G12V	None	None	None	None	SP12-Unbound	I 2 2 2	171	1-166	2012-03-30	SP12	398.7281	0.1451	Unbound	Unbound	5,6,37,38,39,54,56,67,70,71,74	GNP,MG	None	None	None	None	None	None	None	None	None	None	GNP	MG	None	None	None	None	STP	XRAY	1.900	0.188	GPLGSMTEYKLVVVGAVGVGKSALTIQLIQNHFVDEYDPTIEDSYRKQVVIDGETCLLDILDTAGQEEYSAMRDQYMRTGEGFLCVFAINNTKSFEDIHQYREQIKRVKDSDDVPMVLVGNKCDLAARTVESRQAQDLARSYGIPYIETSAKTRQGVEDAFYTLVREIRQH	True	34.638	81.833	121.761	90.00	90.00	90.00	/Users/mitchellparker/Desktop/rascore_build/core/4efmA_core.cif	/Users/mitchellparker/Desktop/rascore_build/rcsb/4efm.cif.gz	/Users/mitchellparker/Desktop/rascore_build/renum/4efm_renum.cif	/Users/mitchellparker/Desktop/rascore_build/rcsb_assembly/4efm-assembly-1.cif.gz	/Users/mitchellparker/Desktop/rascore_build/renum_assembly/4efm-assembly-1_renum.cif	/Users/mitchellparker/Desktop/rascore_build/sifts/4efm.xml.gz	/Users/mitchellparker/Desktop/rascore_build/pocket/4efmA_4_pocket.pdb
4efmA	4efm	0	A	Outlier	Outlier	Y32out	Y71out	I 2 2 2 (CF1)	4efmA6	6	GTPase HRas	RASH_HUMAN	P01112	G12V	G12	HRAS	3P	G12V	None	None	None	None	SP12-Unbound	I 2 2 2	171	1-166	2012-03-30	Other	360.3207	0.0005	Unbound	Unbound	22,23,25,27,42,149,151,152,153,154	GNP,MG	None	None	None	None	None	None	None	None	None	None	GNP	MG	None	None	None	None	STP	XRAY	1.900	0.188	GPLGSMTEYKLVVVGAVGVGKSALTIQLIQNHFVDEYDPTIEDSYRKQVVIDGETCLLDILDTAGQEEYSAMRDQYMRTGEGFLCVFAINNTKSFEDIHQYREQIKRVKDSDDVPMVLVGNKCDLAARTVESRQAQDLARSYGIPYIETSAKTRQGVEDAFYTLVREIRQH	True	34.638	81.833	121.761	90.00	90.00	90.00	/Users/mitchellparker/Desktop/rascore_build/core/4efmA_core.cif	/Users/mitchellparker/Desktop/rascore_build/rcsb/4efm.cif.gz	/Users/mitchellparker/Desktop/rascore_build/renum/4efm_renum.cif	/Users/mitchellparker/Desktop/rascore_build/rcsb_assembly/4efm-assembly-1.cif.gz	/Users/mitchellparker/Desktop/rascore_build/renum_assembly/4efm-assembly-1_renum.cif	/Users/mitchellparker/Desktop/rascore_build/sifts/4efm.xml.gz	/Users/mitchellparker/Desktop/rascore_build/pocket/4efmA_6_pocket.pdb
4efmA	4efm	0	A	Outlier	Outlier	Y32out	Y71out	I 2 2 2 (CF1)	4efmA7	7	GTPase HRas	RASH_HUMAN	P01112	G12V	G12	HRAS	3P	G12V	None	None	None	None	SP12-Unbound	I 2 2 2	171	1-166	2012-03-30	Other	283.7072	0.0011	Unbound	Unbound	131,134,135,138,139,141	GNP,MG	None	None	None	None	None	None	None	None	None	None	GNP	MG	None	None	None	None	STP	XRAY	1.900	0.188	GPLGSMTEYKLVVVGAVGVGKSALTIQLIQNHFVDEYDPTIEDSYRKQVVIDGETCLLDILDTAGQEEYSAMRDQYMRTGEGFLCVFAINNTKSFEDIHQYREQIKRVKDSDDVPMVLVGNKCDLAARTVESRQAQDLARSYGIPYIETSAKTRQGVEDAFYTLVREIRQH	True	34.638	81.833	121.761	90.00	90.00	90.00	/Users/mitchellparker/Desktop/rascore_build/core/4efmA_core.cif	/Users/mitchellparker/Desktop/rascore_build/rcsb/4efm.cif.gz	/Users/mitchellparker/Desktop/rascore_build/renum/4efm_renum.cif	/Users/mitchellparker/Desktop/rascore_build/rcsb_assembly/4efm-assembly-1.cif.gz	/Users/mitchellparker/Desktop/rascore_build/renum_assembly/4efm-assembly-1_renum.cif	/Users/mitchellparker/Desktop/rascore_build/sifts/4efm.xml.gz	/Users/mitchellparker/Desktop/rascore_build/pocket/4efmA_7_pocket.pdb
4efmA	4efm	0	A	Outlier	Outlier	Y32out	Y71out	I 2 2 2 (CF1)	4efmA8	8	GTPase HRas	RASH_HUMAN	P01112	G12V	G12	HRAS	3P	G12V	None	None	None	None	SP12-Unbound	I 2 2 2	171	1-166	2012-03-30	Other	304.3882	0.0028	Unbound	Unbound	73,74,75,76,104,106,108,109,110,166	GNP,MG	None	None	None	None	None	None	None	None	None	None	GNP	MG	None	None	None	None	STP	XRAY	1.900	0.188	GPLGSMTEYKLVVVGAVGVGKSALTIQLIQNHFVDEYDPTIEDSYRKQVVIDGETCLLDILDTAGQEEYSAMRDQYMRTGEGFLCVFAINNTKSFEDIHQYREQIKRVKDSDDVPMVLVGNKCDLAARTVESRQAQDLARSYGIPYIETSAKTRQGVEDAFYTLVREIRQH	True	34.638	81.833	121.761	90.00	90.00	90.00	/Users/mitchellparker/Desktop/rascore_build/core/4efmA_core.cif	/Users/mitchellparker/Desktop/rascore_build/rcsb/4efm.cif.gz	/Users/mitchellparker/Desktop/rascore_build/renum/4efm_renum.cif	/Users/mitchellparker/Desktop/rascore_build/rcsb_assembly/4efm-assembly-1.cif.gz	/Users/mitchellparker/Desktop/rascore_build/renum_assembly/4efm-assembly-1_renum.cif	/Users/mitchellparker/Desktop/rascore_build/sifts/4efm.xml.gz	/Users/mitchellparker/Desktop/rascore_build/pocket/4efmA_8_pocket.pdb
4efmA	4efm	0	A	Outlier	Outlier	Y32out	Y71out	I 2 2 2 (CF1)	4efmA9	9	GTPase HRas	RASH_HUMAN	P01112	G12V	G12	HRAS	3P	G12V	None	None	None	None	SP12-Unbound	I 2 2 2	171	1-166	2012-03-30	SP12	247.0541	0.0001	Unbound	Unbound	5,39,40,41,54	GNP,MG	None	None	None	None	None	None	None	None	None	None	GNP	MG	None	None	None	None	STP	XRAY	1.900	0.188	GPLGSMTEYKLVVVGAVGVGKSALTIQLIQNHFVDEYDPTIEDSYRKQVVIDGETCLLDILDTAGQEEYSAMRDQYMRTGEGFLCVFAINNTKSFEDIHQYREQIKRVKDSDDVPMVLVGNKCDLAARTVESRQAQDLARSYGIPYIETSAKTRQGVEDAFYTLVREIRQH	True	34.638	81.833	121.761	90.00	90.00	90.00	/Users/mitchellparker/Desktop/rascore_build/core/4efmA_core.cif	/Users/mitchellparker/Desktop/rascore_build/rcsb/4efm.cif.gz	/Users/mitchellparker/Desktop/rascore_build/renum/4efm_renum.cif	/Users/mitchellparker/Desktop/rascore_build/rcsb_assembly/4efm-assembly-1.cif.gz	/Users/mitchellparker/Desktop/rascore_build/renum_assembly/4efm-assembly-1_renum.cif	/Users/mitchellparker/Desktop/rascore_build/sifts/4efm.xml.gz	/Users/mitchellparker/Desktop/rascore_build/pocket/4efmA_9_pocket.pdb
4efnA	4efn	0	A	Outlier	Outlier	Y32out	Y71out	I 2 2 2 (CF1)	4efnA2	2	GTPase HRas	RASH_HUMAN	P01112	Q61L	Q61	HRAS	3P	Other	None	None	None	None	SP12-Unbound	I 2 2 2	171	1-166	2012-03-30	SP12	401.0678	0.5079	Unbound	Unbound	5,6,7,37,38,39,54,56,67,70,71,74,75	GNP,MG	None	None	None	None	None	None	None	None	None	None	GNP	MG	None	None	None	None	STP	XRAY	2.300	0.185	GPLGSMTEYKLVVVGAGGVGKSALTIQLIQNHFVDEYDPTIEDSYRKQVVIDGETCLLDILDTAGLEEYSAMRDQYMRTGEGFLCVFAINNTKSFEDIHQYREQIKRVKDSDDVPMVLVGNKCDLAARTVESRQAQDLARSYGIPYIETSAKTRQGVEDAFYTLVREIRQH	True	34.782	82.006	121.251	90.00	90.00	90.00	/Users/mitchellparker/Desktop/rascore_build/core/4efnA_core.cif	/Users/mitchellparker/Desktop/rascore_build/rcsb/4efn.cif.gz	/Users/mitchellparker/Desktop/rascore_build/renum/4efn_renum.cif	/Users/mitchellparker/Desktop/rascore_build/rcsb_assembly/4efn-assembly-1.cif.gz	/Users/mitchellparker/Desktop/rascore_build/renum_assembly/4efn-assembly-1_renum.cif	/Users/mitchellparker/Desktop/rascore_build/sifts/4efn.xml.gz	/Users/mitchellparker/Desktop/rascore_build/pocket/4efnA_2_pocket.pdb
4efnA	4efn	0	A	Outlier	Outlier	Y32out	Y71out	I 2 2 2 (CF1)	4efnA5	5	GTPase HRas	RASH_HUMAN	P01112	Q61L	Q61	HRAS	3P	Other	None	None	None	None	SP12-Unbound	I 2 2 2	171	1-166	2012-03-30	Other	324.5763	0.0078	Unbound	Unbound	73,74,75,76,104,106,109,110,163,166	GNP,MG	None	None	None	None	None	None	None	None	None	None	GNP	MG	None	None	None	None	STP	XRAY	2.300	0.185	GPLGSMTEYKLVVVGAGGVGKSALTIQLIQNHFVDEYDPTIEDSYRKQVVIDGETCLLDILDTAGLEEYSAMRDQYMRTGEGFLCVFAINNTKSFEDIHQYREQIKRVKDSDDVPMVLVGNKCDLAARTVESRQAQDLARSYGIPYIETSAKTRQGVEDAFYTLVREIRQH	True	34.782	82.006	121.251	90.00	90.00	90.00	/Users/mitchellparker/Desktop/rascore_build/core/4efnA_core.cif	/Users/mitchellparker/Desktop/rascore_build/rcsb/4efn.cif.gz	/Users/mitchellparker/Desktop/rascore_build/renum/4efn_renum.cif	/Users/mitchellparker/Desktop/rascore_build/rcsb_assembly/4efn-assembly-1.cif.gz	/Users/mitchellparker/Desktop/rascore_build/renum_assembly/4efn-assembly-1_renum.cif	/Users/mitchellparker/Desktop/rascore_build/sifts/4efn.xml.gz	/Users/mitchellparker/Desktop/rascore_build/pocket/4efnA_5_pocket.pdb
4efnA	4efn	0	A	Outlier	Outlier	Y32out	Y71out	I 2 2 2 (CF1)	4efnA6	6	GTPase HRas	RASH_HUMAN	P01112	Q61L	Q61	HRAS	3P	Other	None	None	None	None	SP12-Unbound	I 2 2 2	171	1-166	2012-03-30	Other	167.3622	0.0047	Unbound	Unbound	87,90,91,94,124,129,133	GNP,MG	None	None	None	None	None	None	None	None	None	None	GNP	MG	None	None	None	None	STP	XRAY	2.300	0.185	GPLGSMTEYKLVVVGAGGVGKSALTIQLIQNHFVDEYDPTIEDSYRKQVVIDGETCLLDILDTAGLEEYSAMRDQYMRTGEGFLCVFAINNTKSFEDIHQYREQIKRVKDSDDVPMVLVGNKCDLAARTVESRQAQDLARSYGIPYIETSAKTRQGVEDAFYTLVREIRQH	True	34.782	82.006	121.251	90.00	90.00	90.00	/Users/mitchellparker/Desktop/rascore_build/core/4efnA_core.cif	/Users/mitchellparker/Desktop/rascore_build/rcsb/4efn.cif.gz	/Users/mitchellparker/Desktop/rascore_build/renum/4efn_renum.cif	/Users/mitchellparker/Desktop/rascore_build/rcsb_assembly/4efn-assembly-1.cif.gz	/Users/mitchellparker/Desktop/rascore_build/renum_assembly/4efn-assembly-1_renum.cif	/Users/mitchellparker/Desktop/rascore_build/sifts/4efn.xml.gz	/Users/mitchellparker/Desktop/rascore_build/pocket/4efnA_6_pocket.pdb
4efnA	4efn	0	A	Outlier	Outlier	Y32out	Y71out	I 2 2 2 (CF1)	4efnA7	7	GTPase HRas	RASH_HUMAN	P01112	Q61L	Q61	HRAS	3P	Other	None	None	None	None	SP12-Unbound	I 2 2 2	171	1-166	2012-03-30	Other	188.8836	0.0001	Unbound	Unbound	131,134,135,139,141	GNP,MG	None	None	None	None	None	None	None	None	None	None	GNP	MG	None	None	None	None	STP	XRAY	2.300	0.185	GPLGSMTEYKLVVVGAGGVGKSALTIQLIQNHFVDEYDPTIEDSYRKQVVIDGETCLLDILDTAGLEEYSAMRDQYMRTGEGFLCVFAINNTKSFEDIHQYREQIKRVKDSDDVPMVLVGNKCDLAARTVESRQAQDLARSYGIPYIETSAKTRQGVEDAFYTLVREIRQH	True	34.782	82.006	121.251	90.00	90.00	90.00	/Users/mitchellparker/Desktop/rascore_build/core/4efnA_core.cif	/Users/mitchellparker/Desktop/rascore_build/rcsb/4efn.cif.gz	/Users/mitchellparker/Desktop/rascore_build/renum/4efn_renum.cif	/Users/mitchellparker/Desktop/rascore_build/rcsb_assembly/4efn-assembly-1.cif.gz	/Users/mitchellparker/Desktop/rascore_build/renum_assembly/4efn-assembly-1_renum.cif	/Users/mitchellparker/Desktop/rascore_build/sifts/4efn.xml.gz	/Users/mitchellparker/Desktop/rascore_build/pocket/4efnA_7_pocket.pdb
4efnA	4efn	0	A	Outlier	Outlier	Y32out	Y71out	I 2 2 2 (CF1)	4efnA8	8	GTPase HRas	RASH_HUMAN	P01112	Q61L	Q61	HRAS	3P	Other	None	None	None	None	SP12-Unbound	I 2 2 2	171	1-166	2012-03-30	Other	259.7943	0.0001	Unbound	Unbound	61,63,64,65,66,68,69	GNP,MG	None	None	None	None	None	None	None	None	None	None	GNP	MG	None	None	None	None	STP	XRAY	2.300	0.185	GPLGSMTEYKLVVVGAGGVGKSALTIQLIQNHFVDEYDPTIEDSYRKQVVIDGETCLLDILDTAGLEEYSAMRDQYMRTGEGFLCVFAINNTKSFEDIHQYREQIKRVKDSDDVPMVLVGNKCDLAARTVESRQAQDLARSYGIPYIETSAKTRQGVEDAFYTLVREIRQH	True	34.782	82.006	121.251	90.00	90.00	90.00	/Users/mitchellparker/Desktop/rascore_build/core/4efnA_core.cif	/Users/mitchellparker/Desktop/rascore_build/rcsb/4efn.cif.gz	/Users/mitchellparker/Desktop/rascore_build/renum/4efn_renum.cif	/Users/mitchellparker/Desktop/rascore_build/rcsb_assembly/4efn-assembly-1.cif.gz	/Users/mitchellparker/Desktop/rascore_build/renum_assembly/4efn-assembly-1_renum.cif	/Users/mitchellparker/Desktop/rascore_build/sifts/4efn.xml.gz	/Users/mitchellparker/Desktop/rascore_build/pocket/4efnA_8_pocket.pdb
4eprA	4epr	0	A	Y32out.2P-OFF	Outlier	Y32out	Y71out	H 3 2 (CF3)	4eprA1	1	GTPase KRas	RASK_HUMAN	P01116-2	G12D,C118S	G12,C118	KRAS	2P	G12D	None	None	None	Homodimer	Other-Unbound	H 3 2	170	1-166	2012-04-17	Other	338.4419	0.1739	Unbound	Unbound	74,75,76,104,106,108,109,110,163,166	GDP,MG	None	None	None	None	None	None	None	None	None	None	GDP	MG	None	None	None	None	STP	XRAY	2.000	0.203	GMTEYKLVVVGADGVGKSALTIQLIQNHFVDEYDPTIEDSYRKQVVIDGETCLLDILDTAGQEEYSAMRDQYMRTGEGFLCVFAINNTKSFEDIHHYREQIKRVKDSEDVPMVLVGNKSDLPSRTVDTKQAQDLARSYGIPFIETSAKTRQGVDDAFYTLVREIRKHKEK	True	94.357	94.357	122.356	90.00	90.00	120.00	/Users/mitchellparker/Desktop/rascore_build/core/4eprA_core.cif	/Users/mitchellparker/Desktop/rascore_build/rcsb/4epr.cif.gz	/Users/mitchellparker/Desktop/rascore_build/renum/4epr_renum.cif	/Users/mitchellparker/Desktop/rascore_build/rcsb_assembly/4epr-assembly-1.cif.gz	/Users/mitchellparker/Desktop/rascore_build/renum_assembly/4epr-assembly-1_renum.cif	/Users/mitchellparker/Desktop/rascore_build/sifts/4epr.xml.gz	/Users/mitchellparker/Desktop/rascore_build/pocket/4eprA_1_pocket.pdb
4eprA	4epr	0	A	Y32out.2P-OFF	Outlier	Y32out	Y71out	H 3 2 (CF3)	4eprA2	2	GTPase KRas	RASK_HUMAN	P01116-2	G12D,C118S	G12,C118	KRAS	2P	G12D	None	None	None	Homodimer	Other-Unbound	H 3 2	170	1-166	2012-04-17	Other	287.1992	0.0002	Unbound	Unbound	98,101,102,105,106,107	GDP,MG	None	None	None	None	None	None	None	None	None	None	GDP	MG	None	None	None	None	STP	XRAY	2.000	0.203	GMTEYKLVVVGADGVGKSALTIQLIQNHFVDEYDPTIEDSYRKQVVIDGETCLLDILDTAGQEEYSAMRDQYMRTGEGFLCVFAINNTKSFEDIHHYREQIKRVKDSEDVPMVLVGNKSDLPSRTVDTKQAQDLARSYGIPFIETSAKTRQGVDDAFYTLVREIRKHKEK	True	94.357	94.357	122.356	90.00	90.00	120.00	/Users/mitchellparker/Desktop/rascore_build/core/4eprA_core.cif	/Users/mitchellparker/Desktop/rascore_build/rcsb/4epr.cif.gz	/Users/mitchellparker/Desktop/rascore_build/renum/4epr_renum.cif	/Users/mitchellparker/Desktop/rascore_build/rcsb_assembly/4epr-assembly-1.cif.gz	/Users/mitchellparker/Desktop/rascore_build/renum_assembly/4epr-assembly-1_renum.cif	/Users/mitchellparker/Desktop/rascore_build/sifts/4epr.xml.gz	/Users/mitchellparker/Desktop/rascore_build/pocket/4eprA_2_pocket.pdb
4eprA	4epr	0	A	Y32out.2P-OFF	Outlier	Y32out	Y71out	H 3 2 (CF3)	4eprA3	3	GTPase KRas	RASK_HUMAN	P01116-2	G12D,C118S	G12,C118	KRAS	2P	G12D	None	None	None	Homodimer	Other-Unbound	H 3 2	170	1-166	2012-04-17	Other	236.5601	0.0007	Unbound	Unbound	107,108,109,110,137,138,139,162,165,166	GDP,MG	None	None	None	None	None	None	None	None	None	None	GDP	MG	None	None	None	None	STP	XRAY	2.000	0.203	GMTEYKLVVVGADGVGKSALTIQLIQNHFVDEYDPTIEDSYRKQVVIDGETCLLDILDTAGQEEYSAMRDQYMRTGEGFLCVFAINNTKSFEDIHHYREQIKRVKDSEDVPMVLVGNKSDLPSRTVDTKQAQDLARSYGIPFIETSAKTRQGVDDAFYTLVREIRKHKEK	True	94.357	94.357	122.356	90.00	90.00	120.00	/Users/mitchellparker/Desktop/rascore_build/core/4eprA_core.cif	/Users/mitchellparker/Desktop/rascore_build/rcsb/4epr.cif.gz	/Users/mitchellparker/Desktop/rascore_build/renum/4epr_renum.cif	/Users/mitchellparker/Desktop/rascore_build/rcsb_assembly/4epr-assembly-1.cif.gz	/Users/mitchellparker/Desktop/rascore_build/renum_assembly/4epr-assembly-1_renum.cif	/Users/mitchellparker/Desktop/rascore_build/sifts/4epr.xml.gz	/Users/mitchellparker/Desktop/rascore_build/pocket/4eprA_3_pocket.pdb
4eprA	4epr	0	A	Y32out.2P-OFF	Outlier	Y32out	Y71out	H 3 2 (CF3)	4eprA4	4	GTPase KRas	RASK_HUMAN	P01116-2	G12D,C118S	G12,C118	KRAS	2P	G12D	None	None	None	Homodimer	Other-Unbound	H 3 2	170	1-166	2012-04-17	Other	221.9028	0.0000	Unbound	Unbound	11,12,61,86,88,89,92,96	GDP,MG	None	None	None	None	None	None	None	None	None	None	GDP	MG	None	None	None	None	STP	XRAY	2.000	0.203	GMTEYKLVVVGADGVGKSALTIQLIQNHFVDEYDPTIEDSYRKQVVIDGETCLLDILDTAGQEEYSAMRDQYMRTGEGFLCVFAINNTKSFEDIHHYREQIKRVKDSEDVPMVLVGNKSDLPSRTVDTKQAQDLARSYGIPFIETSAKTRQGVDDAFYTLVREIRKHKEK	True	94.357	94.357	122.356	90.00	90.00	120.00	/Users/mitchellparker/Desktop/rascore_build/core/4eprA_core.cif	/Users/mitchellparker/Desktop/rascore_build/rcsb/4epr.cif.gz	/Users/mitchellparker/Desktop/rascore_build/renum/4epr_renum.cif	/Users/mitchellparker/Desktop/rascore_build/rcsb_assembly/4epr-assembly-1.cif.gz	/Users/mitchellparker/Desktop/rascore_build/renum_assembly/4epr-assembly-1_renum.cif	/Users/mitchellparker/Desktop/rascore_build/sifts/4epr.xml.gz	/Users/mitchellparker/Desktop/rascore_build/pocket/4eprA_4_pocket.pdb
4eprA	4epr	0	A	Y32out.2P-OFF	Outlier	Y32out	Y71out	H 3 2 (CF3)	4eprA5	5	GTPase KRas	RASK_HUMAN	P01116-2	G12D,C118S	G12,C118	KRAS	2P	G12D	None	None	None	Homodimer	Other-Unbound	H 3 2	170	1-166	2012-04-17	Other	239.2689	0.0004	Unbound	Unbound	131,134,135,139,141	GDP,MG	None	None	None	None	None	None	None	None	None	None	GDP	MG	None	None	None	None	STP	XRAY	2.000	0.203	GMTEYKLVVVGADGVGKSALTIQLIQNHFVDEYDPTIEDSYRKQVVIDGETCLLDILDTAGQEEYSAMRDQYMRTGEGFLCVFAINNTKSFEDIHHYREQIKRVKDSEDVPMVLVGNKSDLPSRTVDTKQAQDLARSYGIPFIETSAKTRQGVDDAFYTLVREIRKHKEK	True	94.357	94.357	122.356	90.00	90.00	120.00	/Users/mitchellparker/Desktop/rascore_build/core/4eprA_core.cif	/Users/mitchellparker/Desktop/rascore_build/rcsb/4epr.cif.gz	/Users/mitchellparker/Desktop/rascore_build/renum/4epr_renum.cif	/Users/mitchellparker/Desktop/rascore_build/rcsb_assembly/4epr-assembly-1.cif.gz	/Users/mitchellparker/Desktop/rascore_build/renum_assembly/4epr-assembly-1_renum.cif	/Users/mitchellparker/Desktop/rascore_build/sifts/4epr.xml.gz	/Users/mitchellparker/Desktop/rascore_build/pocket/4eprA_5_pocket.pdb
4eptA	4ept	0	A	Y32out.2P-OFF	Outlier	Y32out	Y71out	P 63 (CF3)	4eptA1	1	GTPase KRas	RASK_HUMAN	P01116-2	C118S	C118	KRAS	2P	Other	SP12	SP12.Unclassified	None	None	SP12-Bound	P 63	170	1-166	2012-04-17	SP12	540.4574	0.7575	Bound	SP12	5,6,7,37,38,39,54,56,67,70,71,74,75	GDP,MG,0QW	None	0QW:71,56,5,74,7,54,6,39	None	None	SP12	SP12.Unclassified	0QW:Oc1ccccc1C(=S)N1CCCC1	None	None	None	GDP	MG	0QW	None	None	None	0QW	XRAY	2.000	0.232	GMTEYKLVVVGAGGVGKSALTIQLIQNHFVDEYDPTIEDSYRKQVVIDGETCLLDILDTAGQEEYSAMRDQYMRTGEGFLCVFAINNTKSFEDIHHYREQIKRVKDSEDVPMVLVGNKSDLPSRTVDTKQAQDLARSYGIPFIETSAKTRQGVDDAFYTLVREIRKHKEK	True	93.055	93.055	37.202	90.00	90.00	120.00	/Users/mitchellparker/Desktop/rascore_build/core/4eptA_core.cif	/Users/mitchellparker/Desktop/rascore_build/rcsb/4ept.cif.gz	/Users/mitchellparker/Desktop/rascore_build/renum/4ept_renum.cif	/Users/mitchellparker/Desktop/rascore_build/rcsb_assembly/4ept-assembly-1.cif.gz	/Users/mitchellparker/Desktop/rascore_build/renum_assembly/4ept-assembly-1_renum.cif	/Users/mitchellparker/Desktop/rascore_build/sifts/4ept.xml.gz	/Users/mitchellparker/Desktop/rascore_build/pocket/4eptA_1_pocket.pdb
4epvA	4epv	0	A	Y32out.2P-OFF	Y71in.2P-SP12	Y32out	Y71in	P 21 21 21 (CF6)	4epvA2	2	GTPase KRas	RASK_HUMAN	P01116-2	C118S	C118	KRAS	2P	Other	SP12	SP12.Indole	None	None	SP12-Bound	P 21 21 21	170	1-169	2012-04-17	SP12	317.3922	0.5927	Bound	SP12	37,56,62,66,67,70,71,74	GDP,MG,0QX	None	0QX:74,7,75,71,6,56,5,54,39,37	None	None	SP12	SP12.Indole	0QX:c1ccc2c(Cc3nc4cnccc4[nH]3)c[nH]c2c1	None	None	None	GDP	MG	0QX	None	None	None	0QX	XRAY	1.350	0.165	GMTEYKLVVVGAGGVGKSALTIQLIQNHFVDEYDPTIEDSYRKQVVIDGETCLLDILDTAGQEEYSAMRDQYMRTGEGFLCVFAINNTKSFEDIHHYREQIKRVKDSEDVPMVLVGNKSDLPSRTVDTKQAQDLARSYGIPFIETSAKTRQGVDDAFYTLVREIRKHKEK	True	39.140	41.066	91.955	90.00	90.00	90.00	/Users/mitchellparker/Desktop/rascore_build/core/4epvA_core.cif	/Users/mitchellparker/Desktop/rascore_build/rcsb/4epv.cif.gz	/Users/mitchellparker/Desktop/rascore_build/renum/4epv_renum.cif	/Users/mitchellparker/Desktop/rascore_build/rcsb_assembly/4epv-assembly-1.cif.gz	/Users/mitchellparker/Desktop/rascore_build/renum_assembly/4epv-assembly-1_renum.cif	/Users/mitchellparker/Desktop/rascore_build/sifts/4epv.xml.gz	/Users/mitchellparker/Desktop/rascore_build/pocket/4epvA_2_pocket.pdb
4epvA	4epv	0	A	Y32out.2P-OFF	Y71in.2P-SP12	Y32out	Y71in	P 21 21 21 (CF6)	4epvA4	4	GTPase KRas	RASK_HUMAN	P01116-2	C118S	C118	KRAS	2P	Other	SP12	SP12.Indole	None	None	SP12-Bound	P 21 21 21	170	1-169	2012-04-17	SP12	221.5163	0.3726	Bound	SP12	5,6,7,39,54,56,71,74,75	GDP,MG,0QX	None	0QX:74,7,75,71,6,56,5,54,39,37	None	None	SP12	SP12.Indole	0QX:c1ccc2c(Cc3nc4cnccc4[nH]3)c[nH]c2c1	None	None	None	GDP	MG	0QX	None	None	None	0QX	XRAY	1.350	0.165	GMTEYKLVVVGAGGVGKSALTIQLIQNHFVDEYDPTIEDSYRKQVVIDGETCLLDILDTAGQEEYSAMRDQYMRTGEGFLCVFAINNTKSFEDIHHYREQIKRVKDSEDVPMVLVGNKSDLPSRTVDTKQAQDLARSYGIPFIETSAKTRQGVDDAFYTLVREIRKHKEK	True	39.140	41.066	91.955	90.00	90.00	90.00	/Users/mitchellparker/Desktop/rascore_build/core/4epvA_core.cif	/Users/mitchellparker/Desktop/rascore_build/rcsb/4epv.cif.gz	/Users/mitchellparker/Desktop/rascore_build/renum/4epv_renum.cif	/Users/mitchellparker/Desktop/rascore_build/rcsb_assembly/4epv-assembly-1.cif.gz	/Users/mitchellparker/Desktop/rascore_build/renum_assembly/4epv-assembly-1_renum.cif	/Users/mitchellparker/Desktop/rascore_build/sifts/4epv.xml.gz	/Users/mitchellparker/Desktop/rascore_build/pocket/4epvA_4_pocket.pdb
4epwA	4epw	0	A	Y32out.2P-OFF	Y71in.2P-SP12	Y32out	Y71in	P 21 21 21 (CF6)	4epwA1	1	GTPase KRas	RASK_HUMAN	P01116-2	C118S	C118	KRAS	2P	Other	SP12	SP12.Indole	None	None	SP12-Bound	P 21 21 21	170	1-169	2012-04-17	SP12	412.2395	0.7963	Bound	SP12	5,6,7,37,39,54,56,62,67,70,71,74,75	GDP,MG,0QV	None	0QV:37,56,67,71,70,74,75,7,5,6,54,39	None	None	SP12	SP12.Indole	0QV:OC1CCN(C(=S)c2c[nH]c3ccccc23)CC1	None	None	None	GDP	MG	0QV	None	None	None	0QV	XRAY	1.700	0.188	GMTEYKLVVVGAGGVGKSALTIQLIQNHFVDEYDPTIEDSYRKQVVIDGETCLLDILDTAGQEEYSAMRDQYMRTGEGFLCVFAINNTKSFEDIHHYREQIKRVKDSEDVPMVLVGNKSDLPSRTVDTKQAQDLARSYGIPFIETSAKTRQGVDDAFYTLVREIRKHKEK	True	39.219	41.924	91.448	90.00	90.00	90.00	/Users/mitchellparker/Desktop/rascore_build/core/4epwA_core.cif	/Users/mitchellparker/Desktop/rascore_build/rcsb/4epw.cif.gz	/Users/mitchellparker/Desktop/rascore_build/renum/4epw_renum.cif	/Users/mitchellparker/Desktop/rascore_build/rcsb_assembly/4epw-assembly-1.cif.gz	/Users/mitchellparker/Desktop/rascore_build/renum_assembly/4epw-assembly-1_renum.cif	/Users/mitchellparker/Desktop/rascore_build/sifts/4epw.xml.gz	/Users/mitchellparker/Desktop/rascore_build/pocket/4epwA_1_pocket.pdb
4epxA	4epx	0	A	Y32out.2P-OFF	Y71in.2P-SP12	Y32out	Y71in	P 21 21 21 (CF6)	4epxA1	1	GTPase KRas	RASK_HUMAN	P01116-2	G12V,C118S	G12,C118	KRAS	2P	G12V	SP12	SP12.Unclassified	None	None	SP12-Bound	P 21 21 21	170	1-169	2012-04-17	SP12	383.9374	0.7125	Bound	SP12	37,56,62,64,66,67,70,71,74	GDP,MG,0QR	None	0QR:70,71,67,62,37,56,74,7,75,6,5,54,55	None	None	SP12	SP12.Unclassified	0QR:Nc1cccc(NS(=O)(=O)c2ccc(F)cc2)n1	None	None	None	GDP	MG	0QR	None	None	None	0QR	XRAY	1.760	0.154	GMTEYKLVVVGAVGVGKSALTIQLIQNHFVDEYDPTIEDSYRKQVVIDGETCLLDILDTAGQEEYSAMRDQYMRTGEGFLCVFAINNTKSFEDIHHYREQIKRVKDSEDVPMVLVGNKSDLPSRTVDTKQAQDLARSYGIPFIETSAKTRQGVDDAFYTLVREIRKHKEK	True	39.132	41.473	91.726	90.00	90.00	90.00	/Users/mitchellparker/Desktop/rascore_build/core/4epxA_core.cif	/Users/mitchellparker/Desktop/rascore_build/rcsb/4epx.cif.gz	/Users/mitchellparker/Desktop/rascore_build/renum/4epx_renum.cif	/Users/mitchellparker/Desktop/rascore_build/rcsb_assembly/4epx-assembly-1.cif.gz	/Users/mitchellparker/Desktop/rascore_build/renum_assembly/4epx-assembly-1_renum.cif	/Users/mitchellparker/Desktop/rascore_build/sifts/4epx.xml.gz	/Users/mitchellparker/Desktop/rascore_build/pocket/4epxA_1_pocket.pdb
4epxA	4epx	0	A	Y32out.2P-OFF	Y71in.2P-SP12	Y32out	Y71in	P 21 21 21 (CF6)	4epxA3	3	GTPase KRas	RASK_HUMAN	P01116-2	G12V,C118S	G12,C118	KRAS	2P	G12V	SP12	SP12.Unclassified	None	None	SP12-Bound	P 21 21 21	170	1-169	2012-04-17	SP12	205.0683	0.3131	Bound	SP12	5,6,7,39,54,56,71,74,75	GDP,MG,0QR	None	0QR:70,71,67,62,37,56,74,7,75,6,5,54,55	None	None	SP12	SP12.Unclassified	0QR:Nc1cccc(NS(=O)(=O)c2ccc(F)cc2)n1	None	None	None	GDP	MG	0QR	None	None	None	0QR	XRAY	1.760	0.154	GMTEYKLVVVGAVGVGKSALTIQLIQNHFVDEYDPTIEDSYRKQVVIDGETCLLDILDTAGQEEYSAMRDQYMRTGEGFLCVFAINNTKSFEDIHHYREQIKRVKDSEDVPMVLVGNKSDLPSRTVDTKQAQDLARSYGIPFIETSAKTRQGVDDAFYTLVREIRKHKEK	True	39.132	41.473	91.726	90.00	90.00	90.00	/Users/mitchellparker/Desktop/rascore_build/core/4epxA_core.cif	/Users/mitchellparker/Desktop/rascore_build/rcsb/4epx.cif.gz	/Users/mitchellparker/Desktop/rascore_build/renum/4epx_renum.cif	/Users/mitchellparker/Desktop/rascore_build/rcsb_assembly/4epx-assembly-1.cif.gz	/Users/mitchellparker/Desktop/rascore_build/renum_assembly/4epx-assembly-1_renum.cif	/Users/mitchellparker/Desktop/rascore_build/sifts/4epx.xml.gz	/Users/mitchellparker/Desktop/rascore_build/pocket/4epxA_3_pocket.pdb
4epyA	4epy	0	A	Y32out.2P-OFF	Y71in.2P-SP12	Y32out	Y71in	P 21 21 21 (CF6)	4epyA2	2	GTPase KRas	RASK_HUMAN	P01116-2	G12V,C118S	G12,C118	KRAS	2P	G12V	SP12	SP12.Indole	None	None	SP12-Bound	P 21 21 21	170	1-169	2012-04-17	SP12	226.9800	0.3741	Bound	SP12	5,6,7,39,54,56,71,74,75	GDP,MG,0QY	None	0QY:37,38,56,39,54,6,5,7,75,74,71	None	None	SP12	SP12.Indole	0QY:O=C(Nc1ccc2[nH]c(Cc3c[nH]c4ccccc34)nc2c1)C1CCCN1	None	None	None	GDP	MG	0QY	None	None	None	0QY	XRAY	1.801	0.163	GMTEYKLVVVGAVGVGKSALTIQLIQNHFVDEYDPTIEDSYRKQVVIDGETCLLDILDTAGQEEYSAMRDQYMRTGEGFLCVFAINNTKSFEDIHHYREQIKRVKDSEDVPMVLVGNKSDLPSRTVDTKQAQDLARSYGIPFIETSAKTRQGVDDAFYTLVREIRKHKEK	True	38.982	41.481	91.663	90.00	90.00	90.00	/Users/mitchellparker/Desktop/rascore_build/core/4epyA_core.cif	/Users/mitchellparker/Desktop/rascore_build/rcsb/4epy.cif.gz	/Users/mitchellparker/Desktop/rascore_build/renum/4epy_renum.cif	/Users/mitchellparker/Desktop/rascore_build/rcsb_assembly/4epy-assembly-1.cif.gz	/Users/mitchellparker/Desktop/rascore_build/renum_assembly/4epy-assembly-1_renum.cif	/Users/mitchellparker/Desktop/rascore_build/sifts/4epy.xml.gz	/Users/mitchellparker/Desktop/rascore_build/pocket/4epyA_2_pocket.pdb
4g0nA	4g0n	0	A	Y32in.3P-ON	Disordered	Y32in	Y71in	P 3 2 1 (CF1)	4g0nA3	3	GTPase HRas	RASH_HUMAN	P01112	WT	WT	HRAS	3P	WT	None	None	Effector	Homodimer	Other-Unbound	P 3 2 1	166	1-63:66-166	2012-07-09	Other	231.3949	0.0038	Unbound	Unbound	131,134,135,138,139,141	GNP,CA,MG,CA,ACT,DTU	RAF proto-oncogene serine/threonine-protein kinase	None	B:37,41,39,40,38,36,31,29,33,25,24,21	RAF1_HUMAN	None	None	None	RBD	None	B	GNP	MG	None	ACT,CA,DTU	None	None	STP	XRAY	2.450	0.186	MTEYKLVVVGAGGVGKSALTIQLIQNHFVDEYDPTIEDSYRKQVVIDGETCLLDILDTAGQEEYSAMRDQYMRTGEGFLCVFAINNTKSFEDIHQYREQIKRVKDSDDVPMVLVGNKCDLAARTVESRQAQDLARSYGIPYIETSAKTRQGVEDAFYTLVREIRQH	True	90.440	90.440	92.703	90.00	90.00	120.00	/Users/mitchellparker/Desktop/rascore_build/core/4g0nA_core.cif	/Users/mitchellparker/Desktop/rascore_build/rcsb/4g0n.cif.gz	/Users/mitchellparker/Desktop/rascore_build/renum/4g0n_renum.cif	/Users/mitchellparker/Desktop/rascore_build/rcsb_assembly/4g0n-assembly-1.cif.gz	/Users/mitchellparker/Desktop/rascore_build/renum_assembly/4g0n-assembly-1_renum.cif	/Users/mitchellparker/Desktop/rascore_build/sifts/4g0n.xml.gz	/Users/mitchellparker/Desktop/rascore_build/pocket/4g0nA_3_pocket.pdb
4g3xA	4g3x	0	A	Outlier	Outlier	Y32in	Y71in	P 3 2 1 (CF1)	4g3xA2	2	GTPase HRas	RASH_HUMAN	P01112	Q61L	Q61	HRAS	3P	Other	None	None	Effector	Homodimer	SP2-Unbound	P 3 2 1	166	1-166	2012-07-15	Other	294.6491	0.0002	Unbound	Unbound	128,131,134,135,139,140,141	GNP,MG	RAF proto-oncogene serine/threonine-protein kinase	None	B:41,39,40,38,37,36,25	RAF1_HUMAN	None	None	None	RBD	None	B	GNP	MG	None	None	None	None	STP	XRAY	3.250	0.275	MTEYKLVVVGAGGVGKSALTIQLIQNHFVDEYDPTIEDSYRKQVVIDGETCLLDILDTAGLEEYSAMRDQYMRTGEGFLCVFAINNTKSFEDIHQYREQIKRVKDSDDVPMVLVGNKCDLAARTVESRQAQDLARSYGIPYIETSAKTRQGVEDAFYTLVREIRQH	True	91.400	91.400	93.110	90.00	90.00	120.00	/Users/mitchellparker/Desktop/rascore_build/core/4g3xA_core.cif	/Users/mitchellparker/Desktop/rascore_build/rcsb/4g3x.cif.gz	/Users/mitchellparker/Desktop/rascore_build/renum/4g3x_renum.cif	/Users/mitchellparker/Desktop/rascore_build/rcsb_assembly/4g3x-assembly-1.cif.gz	/Users/mitchellparker/Desktop/rascore_build/renum_assembly/4g3x-assembly-1_renum.cif	/Users/mitchellparker/Desktop/rascore_build/sifts/4g3x.xml.gz	/Users/mitchellparker/Desktop/rascore_build/pocket/4g3xA_2_pocket.pdb
4g3xA	4g3x	0	A	Outlier	Outlier	Y32in	Y71in	P 3 2 1 (CF1)	4g3xA3	3	GTPase HRas	RASH_HUMAN	P01112	Q61L	Q61	HRAS	3P	Other	None	None	Effector	Homodimer	SP2-Unbound	P 3 2 1	166	1-166	2012-07-15	Other	159.4953	0.0089	Unbound	Unbound	94,97,98,101,107,137	GNP,MG	RAF proto-oncogene serine/threonine-protein kinase	None	B:41,39,40,38,37,36,25	RAF1_HUMAN	None	None	None	RBD	None	B	GNP	MG	None	None	None	None	STP	XRAY	3.250	0.275	MTEYKLVVVGAGGVGKSALTIQLIQNHFVDEYDPTIEDSYRKQVVIDGETCLLDILDTAGLEEYSAMRDQYMRTGEGFLCVFAINNTKSFEDIHQYREQIKRVKDSDDVPMVLVGNKCDLAARTVESRQAQDLARSYGIPYIETSAKTRQGVEDAFYTLVREIRQH	True	91.400	91.400	93.110	90.00	90.00	120.00	/Users/mitchellparker/Desktop/rascore_build/core/4g3xA_core.cif	/Users/mitchellparker/Desktop/rascore_build/rcsb/4g3x.cif.gz	/Users/mitchellparker/Desktop/rascore_build/renum/4g3x_renum.cif	/Users/mitchellparker/Desktop/rascore_build/rcsb_assembly/4g3x-assembly-1.cif.gz	/Users/mitchellparker/Desktop/rascore_build/renum_assembly/4g3x-assembly-1_renum.cif	/Users/mitchellparker/Desktop/rascore_build/sifts/4g3x.xml.gz	/Users/mitchellparker/Desktop/rascore_build/pocket/4g3xA_3_pocket.pdb
4g3xA	4g3x	0	A	Outlier	Outlier	Y32in	Y71in	P 3 2 1 (CF1)	4g3xA4	4	GTPase HRas	RASH_HUMAN	P01112	Q61L	Q61	HRAS	3P	Other	None	None	Effector	Homodimer	SP2-Unbound	P 3 2 1	166	1-166	2012-07-15	Other	439.4732	0.0037	Unbound	Unbound	107,108,109,110,111,137,138,139,140,158,161,162,165,166	GNP,MG	RAF proto-oncogene serine/threonine-protein kinase	None	B:41,39,40,38,37,36,25	RAF1_HUMAN	None	None	None	RBD	None	B	GNP	MG	None	None	None	None	STP	XRAY	3.250	0.275	MTEYKLVVVGAGGVGKSALTIQLIQNHFVDEYDPTIEDSYRKQVVIDGETCLLDILDTAGLEEYSAMRDQYMRTGEGFLCVFAINNTKSFEDIHQYREQIKRVKDSDDVPMVLVGNKCDLAARTVESRQAQDLARSYGIPYIETSAKTRQGVEDAFYTLVREIRQH	True	91.400	91.400	93.110	90.00	90.00	120.00	/Users/mitchellparker/Desktop/rascore_build/core/4g3xA_core.cif	/Users/mitchellparker/Desktop/rascore_build/rcsb/4g3x.cif.gz	/Users/mitchellparker/Desktop/rascore_build/renum/4g3x_renum.cif	/Users/mitchellparker/Desktop/rascore_build/rcsb_assembly/4g3x-assembly-1.cif.gz	/Users/mitchellparker/Desktop/rascore_build/renum_assembly/4g3x-assembly-1_renum.cif	/Users/mitchellparker/Desktop/rascore_build/sifts/4g3x.xml.gz	/Users/mitchellparker/Desktop/rascore_build/pocket/4g3xA_4_pocket.pdb
4g3xA	4g3x	0	A	Outlier	Outlier	Y32in	Y71in	P 3 2 1 (CF1)	4g3xA5	5	GTPase HRas	RASH_HUMAN	P01112	Q61L	Q61	HRAS	3P	Other	None	None	Effector	Homodimer	SP2-Unbound	P 3 2 1	166	1-166	2012-07-15	Other	273.4674	0.0000	Unbound	Unbound	23,26,42,149,153,157	GNP,MG	RAF proto-oncogene serine/threonine-protein kinase	None	B:41,39,40,38,37,36,25	RAF1_HUMAN	None	None	None	RBD	None	B	GNP	MG	None	None	None	None	STP	XRAY	3.250	0.275	MTEYKLVVVGAGGVGKSALTIQLIQNHFVDEYDPTIEDSYRKQVVIDGETCLLDILDTAGLEEYSAMRDQYMRTGEGFLCVFAINNTKSFEDIHQYREQIKRVKDSDDVPMVLVGNKCDLAARTVESRQAQDLARSYGIPYIETSAKTRQGVEDAFYTLVREIRQH	True	91.400	91.400	93.110	90.00	90.00	120.00	/Users/mitchellparker/Desktop/rascore_build/core/4g3xA_core.cif	/Users/mitchellparker/Desktop/rascore_build/rcsb/4g3x.cif.gz	/Users/mitchellparker/Desktop/rascore_build/renum/4g3x_renum.cif	/Users/mitchellparker/Desktop/rascore_build/rcsb_assembly/4g3x-assembly-1.cif.gz	/Users/mitchellparker/Desktop/rascore_build/renum_assembly/4g3x-assembly-1_renum.cif	/Users/mitchellparker/Desktop/rascore_build/sifts/4g3x.xml.gz	/Users/mitchellparker/Desktop/rascore_build/pocket/4g3xA_5_pocket.pdb
4g3xA	4g3x	0	A	Outlier	Outlier	Y32in	Y71in	P 3 2 1 (CF1)	4g3xA6	6	GTPase HRas	RASH_HUMAN	P01112	Q61L	Q61	HRAS	3P	Other	None	None	Effector	Homodimer	SP2-Unbound	P 3 2 1	166	1-166	2012-07-15	SP2	361.6532	0.0009	Unbound	Unbound	11,60,62,65,68,92,95,96,99,102	GNP,MG	RAF proto-oncogene serine/threonine-protein kinase	None	B:41,39,40,38,37,36,25	RAF1_HUMAN	None	None	None	RBD	None	B	GNP	MG	None	None	None	None	STP	XRAY	3.250	0.275	MTEYKLVVVGAGGVGKSALTIQLIQNHFVDEYDPTIEDSYRKQVVIDGETCLLDILDTAGLEEYSAMRDQYMRTGEGFLCVFAINNTKSFEDIHQYREQIKRVKDSDDVPMVLVGNKCDLAARTVESRQAQDLARSYGIPYIETSAKTRQGVEDAFYTLVREIRQH	True	91.400	91.400	93.110	90.00	90.00	120.00	/Users/mitchellparker/Desktop/rascore_build/core/4g3xA_core.cif	/Users/mitchellparker/Desktop/rascore_build/rcsb/4g3x.cif.gz	/Users/mitchellparker/Desktop/rascore_build/renum/4g3x_renum.cif	/Users/mitchellparker/Desktop/rascore_build/rcsb_assembly/4g3x-assembly-1.cif.gz	/Users/mitchellparker/Desktop/rascore_build/renum_assembly/4g3x-assembly-1_renum.cif	/Users/mitchellparker/Desktop/rascore_build/sifts/4g3x.xml.gz	/Users/mitchellparker/Desktop/rascore_build/pocket/4g3xA_6_pocket.pdb
4g3xA	4g3x	0	A	Outlier	Outlier	Y32in	Y71in	P 3 2 1 (CF1)	4g3xA7	7	GTPase HRas	RASH_HUMAN	P01112	Q61L	Q61	HRAS	3P	Other	None	None	Effector	Homodimer	SP2-Unbound	P 3 2 1	166	1-166	2012-07-15	Other	516.8138	0.0005	Unbound	Unbound	11,12,13,32,60,61,62,63,86,88,89,92	GNP,MG	RAF proto-oncogene serine/threonine-protein kinase	None	B:41,39,40,38,37,36,25	RAF1_HUMAN	None	None	None	RBD	None	B	GNP	MG	None	None	None	None	STP	XRAY	3.250	0.275	MTEYKLVVVGAGGVGKSALTIQLIQNHFVDEYDPTIEDSYRKQVVIDGETCLLDILDTAGLEEYSAMRDQYMRTGEGFLCVFAINNTKSFEDIHQYREQIKRVKDSDDVPMVLVGNKCDLAARTVESRQAQDLARSYGIPYIETSAKTRQGVEDAFYTLVREIRQH	True	91.400	91.400	93.110	90.00	90.00	120.00	/Users/mitchellparker/Desktop/rascore_build/core/4g3xA_core.cif	/Users/mitchellparker/Desktop/rascore_build/rcsb/4g3x.cif.gz	/Users/mitchellparker/Desktop/rascore_build/renum/4g3x_renum.cif	/Users/mitchellparker/Desktop/rascore_build/rcsb_assembly/4g3x-assembly-1.cif.gz	/Users/mitchellparker/Desktop/rascore_build/renum_assembly/4g3x-assembly-1_renum.cif	/Users/mitchellparker/Desktop/rascore_build/sifts/4g3x.xml.gz	/Users/mitchellparker/Desktop/rascore_build/pocket/4g3xA_7_pocket.pdb
4k81B	4k81	0	B	Y32in.3P-ON	Y71in.3P-R	Y32in	Y71in	P 1 21 1 (CF2)	4k81B1	1	GTPase HRas	RASH_HUMAN	P01112	G12V	G12	HRAS	3P	G12V	None	None	Effector	None	SP2-Unbound	P 1 21 1	171	1-166	2013-04-17	Other	124.6803	0.0030	Unbound	Unbound	97,101,106,107,109,111,137,139	GOL,GTP,MG	Growth factor receptor-bound protein 14	None	A:64,37,41,39,40,38,36,33,31	GRB14_HUMAN	None	None	None	RA	None	A	GTP	MG	None	GOL	None	None	STP	XRAY	2.400	0.221	GAMGSMTEYKLVVVGAVGVGKSALTIQLIQNHFVDEYDPTIEDSYRKQVVIDGETCLLDILDTAGQEEYSAMRDQYMRTGEGFLCVFAINNTKSFEDIHQYREQIKRVKDSDDVPMVLVGNKCDLAARTVESRQAQDLARSYGIPYIETSAKTRQGVEDAFYTLVREIRQH	True	79.727	115.593	103.107	90.00	96.75	90.00	/Users/mitchellparker/Desktop/rascore_build/core/4k81B_core.cif	/Users/mitchellparker/Desktop/rascore_build/rcsb/4k81.cif.gz	/Users/mitchellparker/Desktop/rascore_build/renum/4k81_renum.cif	/Users/mitchellparker/Desktop/rascore_build/rcsb_assembly/4k81-assembly-4.cif.gz	/Users/mitchellparker/Desktop/rascore_build/renum_assembly/4k81-assembly-4_renum.cif	/Users/mitchellparker/Desktop/rascore_build/sifts/4k81.xml.gz	/Users/mitchellparker/Desktop/rascore_build/pocket/4k81B_1_pocket.pdb
4k81B	4k81	0	B	Y32in.3P-ON	Y71in.3P-R	Y32in	Y71in	P 1 21 1 (CF2)	4k81B2	2	GTPase HRas	RASH_HUMAN	P01112	G12V	G12	HRAS	3P	G12V	None	None	Effector	None	SP2-Unbound	P 1 21 1	171	1-166	2013-04-17	Other	287.9677	0.0048	Unbound	Unbound	75,76,104,106,108,109,110,163,166	GOL,GTP,MG	Growth factor receptor-bound protein 14	None	A:64,37,41,39,40,38,36,33,31	GRB14_HUMAN	None	None	None	RA	None	A	GTP	MG	None	GOL	None	None	STP	XRAY	2.400	0.221	GAMGSMTEYKLVVVGAVGVGKSALTIQLIQNHFVDEYDPTIEDSYRKQVVIDGETCLLDILDTAGQEEYSAMRDQYMRTGEGFLCVFAINNTKSFEDIHQYREQIKRVKDSDDVPMVLVGNKCDLAARTVESRQAQDLARSYGIPYIETSAKTRQGVEDAFYTLVREIRQH	True	79.727	115.593	103.107	90.00	96.75	90.00	/Users/mitchellparker/Desktop/rascore_build/core/4k81B_core.cif	/Users/mitchellparker/Desktop/rascore_build/rcsb/4k81.cif.gz	/Users/mitchellparker/Desktop/rascore_build/renum/4k81_renum.cif	/Users/mitchellparker/Desktop/rascore_build/rcsb_assembly/4k81-assembly-4.cif.gz	/Users/mitchellparker/Desktop/rascore_build/renum_assembly/4k81-assembly-4_renum.cif	/Users/mitchellparker/Desktop/rascore_build/sifts/4k81.xml.gz	/Users/mitchellparker/Desktop/rascore_build/pocket/4k81B_2_pocket.pdb
4k81B	4k81	0	B	Y32in.3P-ON	Y71in.3P-R	Y32in	Y71in	P 1 21 1 (CF2)	4k81B3	3	GTPase HRas	RASH_HUMAN	P01112	G12V	G12	HRAS	3P	G12V	None	None	Effector	None	SP2-Unbound	P 1 21 1	171	1-166	2013-04-17	Other	304.5900	0.0003	Unbound	Unbound	98,101,102,105,106,107	GOL,GTP,MG	Growth factor receptor-bound protein 14	None	A:64,37,41,39,40,38,36,33,31	GRB14_HUMAN	None	None	None	RA	None	A	GTP	MG	None	GOL	None	None	STP	XRAY	2.400	0.221	GAMGSMTEYKLVVVGAVGVGKSALTIQLIQNHFVDEYDPTIEDSYRKQVVIDGETCLLDILDTAGQEEYSAMRDQYMRTGEGFLCVFAINNTKSFEDIHQYREQIKRVKDSDDVPMVLVGNKCDLAARTVESRQAQDLARSYGIPYIETSAKTRQGVEDAFYTLVREIRQH	True	79.727	115.593	103.107	90.00	96.75	90.00	/Users/mitchellparker/Desktop/rascore_build/core/4k81B_core.cif	/Users/mitchellparker/Desktop/rascore_build/rcsb/4k81.cif.gz	/Users/mitchellparker/Desktop/rascore_build/renum/4k81_renum.cif	/Users/mitchellparker/Desktop/rascore_build/rcsb_assembly/4k81-assembly-4.cif.gz	/Users/mitchellparker/Desktop/rascore_build/renum_assembly/4k81-assembly-4_renum.cif	/Users/mitchellparker/Desktop/rascore_build/sifts/4k81.xml.gz	/Users/mitchellparker/Desktop/rascore_build/pocket/4k81B_3_pocket.pdb
4k81B	4k81	0	B	Y32in.3P-ON	Y71in.3P-R	Y32in	Y71in	P 1 21 1 (CF2)	4k81B4	4	GTPase HRas	RASH_HUMAN	P01112	G12V	G12	HRAS	3P	G12V	None	None	Effector	None	SP2-Unbound	P 1 21 1	171	1-166	2013-04-17	Other	251.4984	0.0007	Unbound	Unbound	11,12,60,62,86,88,89,92	GOL,GTP,MG	Growth factor receptor-bound protein 14	None	A:64,37,41,39,40,38,36,33,31	GRB14_HUMAN	None	None	None	RA	None	A	GTP	MG	None	GOL	None	None	STP	XRAY	2.400	0.221	GAMGSMTEYKLVVVGAVGVGKSALTIQLIQNHFVDEYDPTIEDSYRKQVVIDGETCLLDILDTAGQEEYSAMRDQYMRTGEGFLCVFAINNTKSFEDIHQYREQIKRVKDSDDVPMVLVGNKCDLAARTVESRQAQDLARSYGIPYIETSAKTRQGVEDAFYTLVREIRQH	True	79.727	115.593	103.107	90.00	96.75	90.00	/Users/mitchellparker/Desktop/rascore_build/core/4k81B_core.cif	/Users/mitchellparker/Desktop/rascore_build/rcsb/4k81.cif.gz	/Users/mitchellparker/Desktop/rascore_build/renum/4k81_renum.cif	/Users/mitchellparker/Desktop/rascore_build/rcsb_assembly/4k81-assembly-4.cif.gz	/Users/mitchellparker/Desktop/rascore_build/renum_assembly/4k81-assembly-4_renum.cif	/Users/mitchellparker/Desktop/rascore_build/sifts/4k81.xml.gz	/Users/mitchellparker/Desktop/rascore_build/pocket/4k81B_4_pocket.pdb
4k81B	4k81	0	B	Y32in.3P-ON	Y71in.3P-R	Y32in	Y71in	P 1 21 1 (CF2)	4k81B5	5	GTPase HRas	RASH_HUMAN	P01112	G12V	G12	HRAS	3P	G12V	None	None	Effector	None	SP2-Unbound	P 1 21 1	171	1-166	2013-04-17	SP2	217.2065	0.0007	Unbound	Unbound	11,60,62,68,92,95,96	GOL,GTP,MG	Growth factor receptor-bound protein 14	None	A:64,37,41,39,40,38,36,33,31	GRB14_HUMAN	None	None	None	RA	None	A	GTP	MG	None	GOL	None	None	STP	XRAY	2.400	0.221	GAMGSMTEYKLVVVGAVGVGKSALTIQLIQNHFVDEYDPTIEDSYRKQVVIDGETCLLDILDTAGQEEYSAMRDQYMRTGEGFLCVFAINNTKSFEDIHQYREQIKRVKDSDDVPMVLVGNKCDLAARTVESRQAQDLARSYGIPYIETSAKTRQGVEDAFYTLVREIRQH	True	79.727	115.593	103.107	90.00	96.75	90.00	/Users/mitchellparker/Desktop/rascore_build/core/4k81B_core.cif	/Users/mitchellparker/Desktop/rascore_build/rcsb/4k81.cif.gz	/Users/mitchellparker/Desktop/rascore_build/renum/4k81_renum.cif	/Users/mitchellparker/Desktop/rascore_build/rcsb_assembly/4k81-assembly-4.cif.gz	/Users/mitchellparker/Desktop/rascore_build/renum_assembly/4k81-assembly-4_renum.cif	/Users/mitchellparker/Desktop/rascore_build/sifts/4k81.xml.gz	/Users/mitchellparker/Desktop/rascore_build/pocket/4k81B_5_pocket.pdb
4k81B	4k81	0	B	Y32in.3P-ON	Y71in.3P-R	Y32in	Y71in	P 1 21 1 (CF2)	4k81B6	6	GTPase HRas	RASH_HUMAN	P01112	G12V	G12	HRAS	3P	G12V	None	None	Effector	None	SP2-Unbound	P 1 21 1	171	1-166	2013-04-17	Other	281.4996	0.0001	Unbound	Unbound	107,108,109,110,137,138,139,162,165,166	GOL,GTP,MG	Growth factor receptor-bound protein 14	None	A:64,37,41,39,40,38,36,33,31	GRB14_HUMAN	None	None	None	RA	None	A	GTP	MG	None	GOL	None	None	STP	XRAY	2.400	0.221	GAMGSMTEYKLVVVGAVGVGKSALTIQLIQNHFVDEYDPTIEDSYRKQVVIDGETCLLDILDTAGQEEYSAMRDQYMRTGEGFLCVFAINNTKSFEDIHQYREQIKRVKDSDDVPMVLVGNKCDLAARTVESRQAQDLARSYGIPYIETSAKTRQGVEDAFYTLVREIRQH	True	79.727	115.593	103.107	90.00	96.75	90.00	/Users/mitchellparker/Desktop/rascore_build/core/4k81B_core.cif	/Users/mitchellparker/Desktop/rascore_build/rcsb/4k81.cif.gz	/Users/mitchellparker/Desktop/rascore_build/renum/4k81_renum.cif	/Users/mitchellparker/Desktop/rascore_build/rcsb_assembly/4k81-assembly-4.cif.gz	/Users/mitchellparker/Desktop/rascore_build/renum_assembly/4k81-assembly-4_renum.cif	/Users/mitchellparker/Desktop/rascore_build/sifts/4k81.xml.gz	/Users/mitchellparker/Desktop/rascore_build/pocket/4k81B_6_pocket.pdb
4k81D	4k81	0	D	Y32in.3P-ON	Y71in.3P-R	Y32in	Y71in	P 1 21 1 (CF2)	4k81D1	1	GTPase HRas	RASH_HUMAN	P01112	G12V	G12	HRAS	3P	G12V	None	None	Effector	None	SP2-Unbound	P 1 21 1	171	1-166	2013-04-17	SP2	390.6722	0.1785	Unbound	Unbound	11,12,60,62,68,86,88,92,95,96,99	GTP,MG	Growth factor receptor-bound protein 14	None	C:37,41,39,40,38,33,36,64,34,31	GRB14_HUMAN	None	None	None	RA	None	C	GTP	MG	None	None	None	None	STP	XRAY	2.400	0.221	GAMGSMTEYKLVVVGAVGVGKSALTIQLIQNHFVDEYDPTIEDSYRKQVVIDGETCLLDILDTAGQEEYSAMRDQYMRTGEGFLCVFAINNTKSFEDIHQYREQIKRVKDSDDVPMVLVGNKCDLAARTVESRQAQDLARSYGIPYIETSAKTRQGVEDAFYTLVREIRQH	True	79.727	115.593	103.107	90.00	96.75	90.00	/Users/mitchellparker/Desktop/rascore_build/core/4k81D_core.cif	/Users/mitchellparker/Desktop/rascore_build/rcsb/4k81.cif.gz	/Users/mitchellparker/Desktop/rascore_build/renum/4k81_renum.cif	/Users/mitchellparker/Desktop/rascore_build/rcsb_assembly/4k81-assembly-4.cif.gz	/Users/mitchellparker/Desktop/rascore_build/renum_assembly/4k81-assembly-4_renum.cif	/Users/mitchellparker/Desktop/rascore_build/sifts/4k81.xml.gz	/Users/mitchellparker/Desktop/rascore_build/pocket/4k81D_1_pocket.pdb
4k81D	4k81	0	D	Y32in.3P-ON	Y71in.3P-R	Y32in	Y71in	P 1 21 1 (CF2)	4k81D2	2	GTPase HRas	RASH_HUMAN	P01112	G12V	G12	HRAS	3P	G12V	None	None	Effector	None	SP2-Unbound	P 1 21 1	171	1-166	2013-04-17	Other	127.0904	0.0047	Unbound	Unbound	97,100,101,106,107,109,111,137,139	GTP,MG	Growth factor receptor-bound protein 14	None	C:37,41,39,40,38,33,36,64,34,31	GRB14_HUMAN	None	None	None	RA	None	C	GTP	MG	None	None	None	None	STP	XRAY	2.400	0.221	GAMGSMTEYKLVVVGAVGVGKSALTIQLIQNHFVDEYDPTIEDSYRKQVVIDGETCLLDILDTAGQEEYSAMRDQYMRTGEGFLCVFAINNTKSFEDIHQYREQIKRVKDSDDVPMVLVGNKCDLAARTVESRQAQDLARSYGIPYIETSAKTRQGVEDAFYTLVREIRQH	True	79.727	115.593	103.107	90.00	96.75	90.00	/Users/mitchellparker/Desktop/rascore_build/core/4k81D_core.cif	/Users/mitchellparker/Desktop/rascore_build/rcsb/4k81.cif.gz	/Users/mitchellparker/Desktop/rascore_build/renum/4k81_renum.cif	/Users/mitchellparker/Desktop/rascore_build/rcsb_assembly/4k81-assembly-4.cif.gz	/Users/mitchellparker/Desktop/rascore_build/renum_assembly/4k81-assembly-4_renum.cif	/Users/mitchellparker/Desktop/rascore_build/sifts/4k81.xml.gz	/Users/mitchellparker/Desktop/rascore_build/pocket/4k81D_2_pocket.pdb
4k81D	4k81	0	D	Y32in.3P-ON	Y71in.3P-R	Y32in	Y71in	P 1 21 1 (CF2)	4k81D3	3	GTPase HRas	RASH_HUMAN	P01112	G12V	G12	HRAS	3P	G12V	None	None	Effector	None	SP2-Unbound	P 1 21 1	171	1-166	2013-04-17	Other	245.3640	0.0001	Unbound	Unbound	107,108,109,110,137,138,139,162,165,166	GTP,MG	Growth factor receptor-bound protein 14	None	C:37,41,39,40,38,33,36,64,34,31	GRB14_HUMAN	None	None	None	RA	None	C	GTP	MG	None	None	None	None	STP	XRAY	2.400	0.221	GAMGSMTEYKLVVVGAVGVGKSALTIQLIQNHFVDEYDPTIEDSYRKQVVIDGETCLLDILDTAGQEEYSAMRDQYMRTGEGFLCVFAINNTKSFEDIHQYREQIKRVKDSDDVPMVLVGNKCDLAARTVESRQAQDLARSYGIPYIETSAKTRQGVEDAFYTLVREIRQH	True	79.727	115.593	103.107	90.00	96.75	90.00	/Users/mitchellparker/Desktop/rascore_build/core/4k81D_core.cif	/Users/mitchellparker/Desktop/rascore_build/rcsb/4k81.cif.gz	/Users/mitchellparker/Desktop/rascore_build/renum/4k81_renum.cif	/Users/mitchellparker/Desktop/rascore_build/rcsb_assembly/4k81-assembly-4.cif.gz	/Users/mitchellparker/Desktop/rascore_build/renum_assembly/4k81-assembly-4_renum.cif	/Users/mitchellparker/Desktop/rascore_build/sifts/4k81.xml.gz	/Users/mitchellparker/Desktop/rascore_build/pocket/4k81D_3_pocket.pdb
4k81D	4k81	0	D	Y32in.3P-ON	Y71in.3P-R	Y32in	Y71in	P 1 21 1 (CF2)	4k81D4	4	GTPase HRas	RASH_HUMAN	P01112	G12V	G12	HRAS	3P	G12V	None	None	Effector	None	SP2-Unbound	P 1 21 1	171	1-166	2013-04-17	Other	274.2625	0.0033	Unbound	Unbound	73,74,75,76,104,106,109,110,163,166	GTP,MG	Growth factor receptor-bound protein 14	None	C:37,41,39,40,38,33,36,64,34,31	GRB14_HUMAN	None	None	None	RA	None	C	GTP	MG	None	None	None	None	STP	XRAY	2.400	0.221	GAMGSMTEYKLVVVGAVGVGKSALTIQLIQNHFVDEYDPTIEDSYRKQVVIDGETCLLDILDTAGQEEYSAMRDQYMRTGEGFLCVFAINNTKSFEDIHQYREQIKRVKDSDDVPMVLVGNKCDLAARTVESRQAQDLARSYGIPYIETSAKTRQGVEDAFYTLVREIRQH	True	79.727	115.593	103.107	90.00	96.75	90.00	/Users/mitchellparker/Desktop/rascore_build/core/4k81D_core.cif	/Users/mitchellparker/Desktop/rascore_build/rcsb/4k81.cif.gz	/Users/mitchellparker/Desktop/rascore_build/renum/4k81_renum.cif	/Users/mitchellparker/Desktop/rascore_build/rcsb_assembly/4k81-assembly-4.cif.gz	/Users/mitchellparker/Desktop/rascore_build/renum_assembly/4k81-assembly-4_renum.cif	/Users/mitchellparker/Desktop/rascore_build/sifts/4k81.xml.gz	/Users/mitchellparker/Desktop/rascore_build/pocket/4k81D_4_pocket.pdb
4k81D	4k81	0	D	Y32in.3P-ON	Y71in.3P-R	Y32in	Y71in	P 1 21 1 (CF2)	4k81D5	5	GTPase HRas	RASH_HUMAN	P01112	G12V	G12	HRAS	3P	G12V	None	None	Effector	None	SP2-Unbound	P 1 21 1	171	1-166	2013-04-17	Other	349.7462	0.0001	Unbound	Unbound	98,101,102,105,106,107	GTP,MG	Growth factor receptor-bound protein 14	None	C:37,41,39,40,38,33,36,64,34,31	GRB14_HUMAN	None	None	None	RA	None	C	GTP	MG	None	None	None	None	STP	XRAY	2.400	0.221	GAMGSMTEYKLVVVGAVGVGKSALTIQLIQNHFVDEYDPTIEDSYRKQVVIDGETCLLDILDTAGQEEYSAMRDQYMRTGEGFLCVFAINNTKSFEDIHQYREQIKRVKDSDDVPMVLVGNKCDLAARTVESRQAQDLARSYGIPYIETSAKTRQGVEDAFYTLVREIRQH	True	79.727	115.593	103.107	90.00	96.75	90.00	/Users/mitchellparker/Desktop/rascore_build/core/4k81D_core.cif	/Users/mitchellparker/Desktop/rascore_build/rcsb/4k81.cif.gz	/Users/mitchellparker/Desktop/rascore_build/renum/4k81_renum.cif	/Users/mitchellparker/Desktop/rascore_build/rcsb_assembly/4k81-assembly-4.cif.gz	/Users/mitchellparker/Desktop/rascore_build/renum_assembly/4k81-assembly-4_renum.cif	/Users/mitchellparker/Desktop/rascore_build/sifts/4k81.xml.gz	/Users/mitchellparker/Desktop/rascore_build/pocket/4k81D_5_pocket.pdb
4k81D	4k81	0	D	Y32in.3P-ON	Y71in.3P-R	Y32in	Y71in	P 1 21 1 (CF2)	4k81D6	6	GTPase HRas	RASH_HUMAN	P01112	G12V	G12	HRAS	3P	G12V	None	None	Effector	None	SP2-Unbound	P 1 21 1	171	1-166	2013-04-17	Other	256.6199	0.0005	Unbound	Unbound	87,90,91,94,124,125,129	GTP,MG	Growth factor receptor-bound protein 14	None	C:37,41,39,40,38,33,36,64,34,31	GRB14_HUMAN	None	None	None	RA	None	C	GTP	MG	None	None	None	None	STP	XRAY	2.400	0.221	GAMGSMTEYKLVVVGAVGVGKSALTIQLIQNHFVDEYDPTIEDSYRKQVVIDGETCLLDILDTAGQEEYSAMRDQYMRTGEGFLCVFAINNTKSFEDIHQYREQIKRVKDSDDVPMVLVGNKCDLAARTVESRQAQDLARSYGIPYIETSAKTRQGVEDAFYTLVREIRQH	True	79.727	115.593	103.107	90.00	96.75	90.00	/Users/mitchellparker/Desktop/rascore_build/core/4k81D_core.cif	/Users/mitchellparker/Desktop/rascore_build/rcsb/4k81.cif.gz	/Users/mitchellparker/Desktop/rascore_build/renum/4k81_renum.cif	/Users/mitchellparker/Desktop/rascore_build/rcsb_assembly/4k81-assembly-4.cif.gz	/Users/mitchellparker/Desktop/rascore_build/renum_assembly/4k81-assembly-4_renum.cif	/Users/mitchellparker/Desktop/rascore_build/sifts/4k81.xml.gz	/Users/mitchellparker/Desktop/rascore_build/pocket/4k81D_6_pocket.pdb
4k81F	4k81	0	F	Y32in.3P-ON	Y71in.3P-R	Y32in	Y71in	P 1 21 1 (CF2)	4k81F1	1	GTPase HRas	RASH_HUMAN	P01112	G12V	G12	HRAS	3P	G12V	None	None	Effector	None	Multiple-Unbound	P 1 21 1	171	1-166	2013-04-17	Other	129.9912	0.0023	Unbound	Unbound	97,100,101,106,107,109,111,137,139	GTP,MG	Growth factor receptor-bound protein 14	None	E:37,41,39,40,38,36,64,33,34	GRB14_HUMAN	None	None	None	RA	None	E	GTP	MG	None	None	None	None	STP	XRAY	2.400	0.221	GAMGSMTEYKLVVVGAVGVGKSALTIQLIQNHFVDEYDPTIEDSYRKQVVIDGETCLLDILDTAGQEEYSAMRDQYMRTGEGFLCVFAINNTKSFEDIHQYREQIKRVKDSDDVPMVLVGNKCDLAARTVESRQAQDLARSYGIPYIETSAKTRQGVEDAFYTLVREIRQH	True	79.727	115.593	103.107	90.00	96.75	90.00	/Users/mitchellparker/Desktop/rascore_build/core/4k81F_core.cif	/Users/mitchellparker/Desktop/rascore_build/rcsb/4k81.cif.gz	/Users/mitchellparker/Desktop/rascore_build/renum/4k81_renum.cif	/Users/mitchellparker/Desktop/rascore_build/rcsb_assembly/4k81-assembly-4.cif.gz	/Users/mitchellparker/Desktop/rascore_build/renum_assembly/4k81-assembly-4_renum.cif	/Users/mitchellparker/Desktop/rascore_build/sifts/4k81.xml.gz	/Users/mitchellparker/Desktop/rascore_build/pocket/4k81F_1_pocket.pdb
4k81F	4k81	0	F	Y32in.3P-ON	Y71in.3P-R	Y32in	Y71in	P 1 21 1 (CF2)	4k81F2	2	GTPase HRas	RASH_HUMAN	P01112	G12V	G12	HRAS	3P	G12V	None	None	Effector	None	Multiple-Unbound	P 1 21 1	171	1-166	2013-04-17	Other	224.9323	0.0003	Unbound	Unbound	98,101,102,105,106,107	GTP,MG	Growth factor receptor-bound protein 14	None	E:37,41,39,40,38,36,64,33,34	GRB14_HUMAN	None	None	None	RA	None	E	GTP	MG	None	None	None	None	STP	XRAY	2.400	0.221	GAMGSMTEYKLVVVGAVGVGKSALTIQLIQNHFVDEYDPTIEDSYRKQVVIDGETCLLDILDTAGQEEYSAMRDQYMRTGEGFLCVFAINNTKSFEDIHQYREQIKRVKDSDDVPMVLVGNKCDLAARTVESRQAQDLARSYGIPYIETSAKTRQGVEDAFYTLVREIRQH	True	79.727	115.593	103.107	90.00	96.75	90.00	/Users/mitchellparker/Desktop/rascore_build/core/4k81F_core.cif	/Users/mitchellparker/Desktop/rascore_build/rcsb/4k81.cif.gz	/Users/mitchellparker/Desktop/rascore_build/renum/4k81_renum.cif	/Users/mitchellparker/Desktop/rascore_build/rcsb_assembly/4k81-assembly-4.cif.gz	/Users/mitchellparker/Desktop/rascore_build/renum_assembly/4k81-assembly-4_renum.cif	/Users/mitchellparker/Desktop/rascore_build/sifts/4k81.xml.gz	/Users/mitchellparker/Desktop/rascore_build/pocket/4k81F_2_pocket.pdb
4k81F	4k81	0	F	Y32in.3P-ON	Y71in.3P-R	Y32in	Y71in	P 1 21 1 (CF2)	4k81F3	3	GTPase HRas	RASH_HUMAN	P01112	G12V	G12	HRAS	3P	G12V	None	None	Effector	None	Multiple-Unbound	P 1 21 1	171	1-166	2013-04-17	Other	387.0703	0.0009	Unbound	Unbound	73,74,75,76,104,106,109,110,163,166	GTP,MG	Growth factor receptor-bound protein 14	None	E:37,41,39,40,38,36,64,33,34	GRB14_HUMAN	None	None	None	RA	None	E	GTP	MG	None	None	None	None	STP	XRAY	2.400	0.221	GAMGSMTEYKLVVVGAVGVGKSALTIQLIQNHFVDEYDPTIEDSYRKQVVIDGETCLLDILDTAGQEEYSAMRDQYMRTGEGFLCVFAINNTKSFEDIHQYREQIKRVKDSDDVPMVLVGNKCDLAARTVESRQAQDLARSYGIPYIETSAKTRQGVEDAFYTLVREIRQH	True	79.727	115.593	103.107	90.00	96.75	90.00	/Users/mitchellparker/Desktop/rascore_build/core/4k81F_core.cif	/Users/mitchellparker/Desktop/rascore_build/rcsb/4k81.cif.gz	/Users/mitchellparker/Desktop/rascore_build/renum/4k81_renum.cif	/Users/mitchellparker/Desktop/rascore_build/rcsb_assembly/4k81-assembly-4.cif.gz	/Users/mitchellparker/Desktop/rascore_build/renum_assembly/4k81-assembly-4_renum.cif	/Users/mitchellparker/Desktop/rascore_build/sifts/4k81.xml.gz	/Users/mitchellparker/Desktop/rascore_build/pocket/4k81F_3_pocket.pdb
4k81F	4k81	0	F	Y32in.3P-ON	Y71in.3P-R	Y32in	Y71in	P 1 21 1 (CF2)	4k81F4	4	GTPase HRas	RASH_HUMAN	P01112	G12V	G12	HRAS	3P	G12V	None	None	Effector	None	Multiple-Unbound	P 1 21 1	171	1-166	2013-04-17	SP12	124.0480	0.0035	Unbound	Unbound	5,6,7,54,56,71,74,75	GTP,MG	Growth factor receptor-bound protein 14	None	E:37,41,39,40,38,36,64,33,34	GRB14_HUMAN	None	None	None	RA	None	E	GTP	MG	None	None	None	None	STP	XRAY	2.400	0.221	GAMGSMTEYKLVVVGAVGVGKSALTIQLIQNHFVDEYDPTIEDSYRKQVVIDGETCLLDILDTAGQEEYSAMRDQYMRTGEGFLCVFAINNTKSFEDIHQYREQIKRVKDSDDVPMVLVGNKCDLAARTVESRQAQDLARSYGIPYIETSAKTRQGVEDAFYTLVREIRQH	True	79.727	115.593	103.107	90.00	96.75	90.00	/Users/mitchellparker/Desktop/rascore_build/core/4k81F_core.cif	/Users/mitchellparker/Desktop/rascore_build/rcsb/4k81.cif.gz	/Users/mitchellparker/Desktop/rascore_build/renum/4k81_renum.cif	/Users/mitchellparker/Desktop/rascore_build/rcsb_assembly/4k81-assembly-4.cif.gz	/Users/mitchellparker/Desktop/rascore_build/renum_assembly/4k81-assembly-4_renum.cif	/Users/mitchellparker/Desktop/rascore_build/sifts/4k81.xml.gz	/Users/mitchellparker/Desktop/rascore_build/pocket/4k81F_4_pocket.pdb
4k81F	4k81	0	F	Y32in.3P-ON	Y71in.3P-R	Y32in	Y71in	P 1 21 1 (CF2)	4k81F5	5	GTPase HRas	RASH_HUMAN	P01112	G12V	G12	HRAS	3P	G12V	None	None	Effector	None	Multiple-Unbound	P 1 21 1	171	1-166	2013-04-17	SP2	185.5921	0.0002	Unbound	Unbound	11,60,62,68,92,95,96	GTP,MG	Growth factor receptor-bound protein 14	None	E:37,41,39,40,38,36,64,33,34	GRB14_HUMAN	None	None	None	RA	None	E	GTP	MG	None	None	None	None	STP	XRAY	2.400	0.221	GAMGSMTEYKLVVVGAVGVGKSALTIQLIQNHFVDEYDPTIEDSYRKQVVIDGETCLLDILDTAGQEEYSAMRDQYMRTGEGFLCVFAINNTKSFEDIHQYREQIKRVKDSDDVPMVLVGNKCDLAARTVESRQAQDLARSYGIPYIETSAKTRQGVEDAFYTLVREIRQH	True	79.727	115.593	103.107	90.00	96.75	90.00	/Users/mitchellparker/Desktop/rascore_build/core/4k81F_core.cif	/Users/mitchellparker/Desktop/rascore_build/rcsb/4k81.cif.gz	/Users/mitchellparker/Desktop/rascore_build/renum/4k81_renum.cif	/Users/mitchellparker/Desktop/rascore_build/rcsb_assembly/4k81-assembly-4.cif.gz	/Users/mitchellparker/Desktop/rascore_build/renum_assembly/4k81-assembly-4_renum.cif	/Users/mitchellparker/Desktop/rascore_build/sifts/4k81.xml.gz	/Users/mitchellparker/Desktop/rascore_build/pocket/4k81F_5_pocket.pdb
4k81F	4k81	0	F	Y32in.3P-ON	Y71in.3P-R	Y32in	Y71in	P 1 21 1 (CF2)	4k81F6	6	GTPase HRas	RASH_HUMAN	P01112	G12V	G12	HRAS	3P	G12V	None	None	Effector	None	Multiple-Unbound	P 1 21 1	171	1-166	2013-04-17	Other	341.2509	0.0001	Unbound	Unbound	107,108,109,110,111,137,138,139,162,165,166	GTP,MG	Growth factor receptor-bound protein 14	None	E:37,41,39,40,38,36,64,33,34	GRB14_HUMAN	None	None	None	RA	None	E	GTP	MG	None	None	None	None	STP	XRAY	2.400	0.221	GAMGSMTEYKLVVVGAVGVGKSALTIQLIQNHFVDEYDPTIEDSYRKQVVIDGETCLLDILDTAGQEEYSAMRDQYMRTGEGFLCVFAINNTKSFEDIHQYREQIKRVKDSDDVPMVLVGNKCDLAARTVESRQAQDLARSYGIPYIETSAKTRQGVEDAFYTLVREIRQH	True	79.727	115.593	103.107	90.00	96.75	90.00	/Users/mitchellparker/Desktop/rascore_build/core/4k81F_core.cif	/Users/mitchellparker/Desktop/rascore_build/rcsb/4k81.cif.gz	/Users/mitchellparker/Desktop/rascore_build/renum/4k81_renum.cif	/Users/mitchellparker/Desktop/rascore_build/rcsb_assembly/4k81-assembly-4.cif.gz	/Users/mitchellparker/Desktop/rascore_build/renum_assembly/4k81-assembly-4_renum.cif	/Users/mitchellparker/Desktop/rascore_build/sifts/4k81.xml.gz	/Users/mitchellparker/Desktop/rascore_build/pocket/4k81F_6_pocket.pdb
4k81H	4k81	0	H	Y32in.3P-ON	Outlier	Y32in	Y71in	P 1 21 1 (CF2)	4k81H1	1	GTPase HRas	RASH_HUMAN	P01112	G12V	G12	HRAS	3P	G12V	None	None	Effector	None	Multiple-Unbound	P 1 21 1	171	1-166	2013-04-17	Other	344.4566	0.0023	Unbound	Unbound	97,100,101,106,107,108,109,110,111,137,138,139,162,165,166	GTP,MG	Growth factor receptor-bound protein 14	None	G:67,41,39,40,37,38,36,64,33,34,31	GRB14_HUMAN	None	None	None	RA	None	G	GTP	MG	None	None	None	None	STP	XRAY	2.400	0.221	GAMGSMTEYKLVVVGAVGVGKSALTIQLIQNHFVDEYDPTIEDSYRKQVVIDGETCLLDILDTAGQEEYSAMRDQYMRTGEGFLCVFAINNTKSFEDIHQYREQIKRVKDSDDVPMVLVGNKCDLAARTVESRQAQDLARSYGIPYIETSAKTRQGVEDAFYTLVREIRQH	True	79.727	115.593	103.107	90.00	96.75	90.00	/Users/mitchellparker/Desktop/rascore_build/core/4k81H_core.cif	/Users/mitchellparker/Desktop/rascore_build/rcsb/4k81.cif.gz	/Users/mitchellparker/Desktop/rascore_build/renum/4k81_renum.cif	/Users/mitchellparker/Desktop/rascore_build/rcsb_assembly/4k81-assembly-4.cif.gz	/Users/mitchellparker/Desktop/rascore_build/renum_assembly/4k81-assembly-4_renum.cif	/Users/mitchellparker/Desktop/rascore_build/sifts/4k81.xml.gz	/Users/mitchellparker/Desktop/rascore_build/pocket/4k81H_1_pocket.pdb
4k81H	4k81	0	H	Y32in.3P-ON	Outlier	Y32in	Y71in	P 1 21 1 (CF2)	4k81H2	2	GTPase HRas	RASH_HUMAN	P01112	G12V	G12	HRAS	3P	G12V	None	None	Effector	None	Multiple-Unbound	P 1 21 1	171	1-166	2013-04-17	SP2	84.8858	0.0029	Unbound	Unbound	68,95,96,99	GTP,MG	Growth factor receptor-bound protein 14	None	G:67,41,39,40,37,38,36,64,33,34,31	GRB14_HUMAN	None	None	None	RA	None	G	GTP	MG	None	None	None	None	STP	XRAY	2.400	0.221	GAMGSMTEYKLVVVGAVGVGKSALTIQLIQNHFVDEYDPTIEDSYRKQVVIDGETCLLDILDTAGQEEYSAMRDQYMRTGEGFLCVFAINNTKSFEDIHQYREQIKRVKDSDDVPMVLVGNKCDLAARTVESRQAQDLARSYGIPYIETSAKTRQGVEDAFYTLVREIRQH	True	79.727	115.593	103.107	90.00	96.75	90.00	/Users/mitchellparker/Desktop/rascore_build/core/4k81H_core.cif	/Users/mitchellparker/Desktop/rascore_build/rcsb/4k81.cif.gz	/Users/mitchellparker/Desktop/rascore_build/renum/4k81_renum.cif	/Users/mitchellparker/Desktop/rascore_build/rcsb_assembly/4k81-assembly-4.cif.gz	/Users/mitchellparker/Desktop/rascore_build/renum_assembly/4k81-assembly-4_renum.cif	/Users/mitchellparker/Desktop/rascore_build/sifts/4k81.xml.gz	/Users/mitchellparker/Desktop/rascore_build/pocket/4k81H_2_pocket.pdb
4k81H	4k81	0	H	Y32in.3P-ON	Outlier	Y32in	Y71in	P 1 21 1 (CF2)	4k81H3	3	GTPase HRas	RASH_HUMAN	P01112	G12V	G12	HRAS	3P	G12V	None	None	Effector	None	Multiple-Unbound	P 1 21 1	171	1-166	2013-04-17	SP12	215.3837	0.0054	Unbound	Unbound	5,6,7,39,54,56,74,75	GTP,MG	Growth factor receptor-bound protein 14	None	G:67,41,39,40,37,38,36,64,33,34,31	GRB14_HUMAN	None	None	None	RA	None	G	GTP	MG	None	None	None	None	STP	XRAY	2.400	0.221	GAMGSMTEYKLVVVGAVGVGKSALTIQLIQNHFVDEYDPTIEDSYRKQVVIDGETCLLDILDTAGQEEYSAMRDQYMRTGEGFLCVFAINNTKSFEDIHQYREQIKRVKDSDDVPMVLVGNKCDLAARTVESRQAQDLARSYGIPYIETSAKTRQGVEDAFYTLVREIRQH	True	79.727	115.593	103.107	90.00	96.75	90.00	/Users/mitchellparker/Desktop/rascore_build/core/4k81H_core.cif	/Users/mitchellparker/Desktop/rascore_build/rcsb/4k81.cif.gz	/Users/mitchellparker/Desktop/rascore_build/renum/4k81_renum.cif	/Users/mitchellparker/Desktop/rascore_build/rcsb_assembly/4k81-assembly-4.cif.gz	/Users/mitchellparker/Desktop/rascore_build/renum_assembly/4k81-assembly-4_renum.cif	/Users/mitchellparker/Desktop/rascore_build/sifts/4k81.xml.gz	/Users/mitchellparker/Desktop/rascore_build/pocket/4k81H_3_pocket.pdb
4l8gA	4l8g	0	A	Y32out.2P-OFF	Disordered	Y32out	Disordered	P 63 (CF2)	4l8gA1	1	GTPase KRas	RASK_HUMAN	P01116-2	G12C	G12	KRAS	2P	G12C	None	None	None	None	Other-Unbound	P 63	170	1-59:70-167	2013-06-17	Other	286.1317	0.0026	Unbound	Unbound	22,26,42,149,152,153	GDP,MG,NA	None	None	None	None	None	None	None	None	None	None	GDP	MG	None	None	None	None	STP	XRAY	1.521	0.151	GMTEYKLVVVGACGVGKSALTIQLIQNHFVDEYDPTIEDSYRKQVVIDGETCLLDILDTAGQEEYSAMRDQYMRTGEGFLCVFAINNTKSFEDIHHYREQIKRVKDSEDVPMVLVGNKCDLPSRTVDTKQAQDLARSYGIPFIETSAKTRQGVDDAFYTLVREIRKHKEK	True	82.146	82.146	39.513	90.00	90.00	120.00	/Users/mitchellparker/Desktop/rascore_build/core/4l8gA_core.cif	/Users/mitchellparker/Desktop/rascore_build/rcsb/4l8g.cif.gz	/Users/mitchellparker/Desktop/rascore_build/renum/4l8g_renum.cif	/Users/mitchellparker/Desktop/rascore_build/rcsb_assembly/4l8g-assembly-1.cif.gz	/Users/mitchellparker/Desktop/rascore_build/renum_assembly/4l8g-assembly-1_renum.cif	/Users/mitchellparker/Desktop/rascore_build/sifts/4l8g.xml.gz	/Users/mitchellparker/Desktop/rascore_build/pocket/4l8gA_1_pocket.pdb
4l8gA	4l8g	0	A	Y32out.2P-OFF	Disordered	Y32out	Disordered	P 63 (CF2)	4l8gA2	2	GTPase KRas	RASK_HUMAN	P01116-2	G12C	G12	KRAS	2P	G12C	None	None	None	None	Other-Unbound	P 63	170	1-59:70-167	2013-06-17	Other	195.6294	0.0002	Unbound	Unbound	97,107,108,109,110,111,137,138,139,162,165,166	GDP,MG,NA	None	None	None	None	None	None	None	None	None	None	GDP	MG	None	None	None	None	STP	XRAY	1.521	0.151	GMTEYKLVVVGACGVGKSALTIQLIQNHFVDEYDPTIEDSYRKQVVIDGETCLLDILDTAGQEEYSAMRDQYMRTGEGFLCVFAINNTKSFEDIHHYREQIKRVKDSEDVPMVLVGNKCDLPSRTVDTKQAQDLARSYGIPFIETSAKTRQGVDDAFYTLVREIRKHKEK	True	82.146	82.146	39.513	90.00	90.00	120.00	/Users/mitchellparker/Desktop/rascore_build/core/4l8gA_core.cif	/Users/mitchellparker/Desktop/rascore_build/rcsb/4l8g.cif.gz	/Users/mitchellparker/Desktop/rascore_build/renum/4l8g_renum.cif	/Users/mitchellparker/Desktop/rascore_build/rcsb_assembly/4l8g-assembly-1.cif.gz	/Users/mitchellparker/Desktop/rascore_build/renum_assembly/4l8g-assembly-1_renum.cif	/Users/mitchellparker/Desktop/rascore_build/sifts/4l8g.xml.gz	/Users/mitchellparker/Desktop/rascore_build/pocket/4l8gA_2_pocket.pdb
4l8gA	4l8g	0	A	Y32out.2P-OFF	Disordered	Y32out	Disordered	P 63 (CF2)	4l8gA3	3	GTPase KRas	RASK_HUMAN	P01116-2	G12C	G12	KRAS	2P	G12C	None	None	None	None	Other-Unbound	P 63	170	1-59:70-167	2013-06-17	Other	219.7183	0.3732	Unbound	Unbound	75,76,104,106,109,110,163,166	GDP,MG,NA	None	None	None	None	None	None	None	None	None	None	GDP	MG	None	None	None	None	STP	XRAY	1.521	0.151	GMTEYKLVVVGACGVGKSALTIQLIQNHFVDEYDPTIEDSYRKQVVIDGETCLLDILDTAGQEEYSAMRDQYMRTGEGFLCVFAINNTKSFEDIHHYREQIKRVKDSEDVPMVLVGNKCDLPSRTVDTKQAQDLARSYGIPFIETSAKTRQGVDDAFYTLVREIRKHKEK	True	82.146	82.146	39.513	90.00	90.00	120.00	/Users/mitchellparker/Desktop/rascore_build/core/4l8gA_core.cif	/Users/mitchellparker/Desktop/rascore_build/rcsb/4l8g.cif.gz	/Users/mitchellparker/Desktop/rascore_build/renum/4l8g_renum.cif	/Users/mitchellparker/Desktop/rascore_build/rcsb_assembly/4l8g-assembly-1.cif.gz	/Users/mitchellparker/Desktop/rascore_build/renum_assembly/4l8g-assembly-1_renum.cif	/Users/mitchellparker/Desktop/rascore_build/sifts/4l8g.xml.gz	/Users/mitchellparker/Desktop/rascore_build/pocket/4l8gA_3_pocket.pdb
4l8gA	4l8g	0	A	Y32out.2P-OFF	Disordered	Y32out	Disordered	P 63 (CF2)	4l8gA4	4	GTPase KRas	RASK_HUMAN	P01116-2	G12C	G12	KRAS	2P	G12C	None	None	None	None	Other-Unbound	P 63	170	1-59:70-167	2013-06-17	Other	178.6512	0.0335	Unbound	Unbound	12,13,31,32,34	GDP,MG,NA	None	None	None	None	None	None	None	None	None	None	GDP	MG	None	None	None	None	STP	XRAY	1.521	0.151	GMTEYKLVVVGACGVGKSALTIQLIQNHFVDEYDPTIEDSYRKQVVIDGETCLLDILDTAGQEEYSAMRDQYMRTGEGFLCVFAINNTKSFEDIHHYREQIKRVKDSEDVPMVLVGNKCDLPSRTVDTKQAQDLARSYGIPFIETSAKTRQGVDDAFYTLVREIRKHKEK	True	82.146	82.146	39.513	90.00	90.00	120.00	/Users/mitchellparker/Desktop/rascore_build/core/4l8gA_core.cif	/Users/mitchellparker/Desktop/rascore_build/rcsb/4l8g.cif.gz	/Users/mitchellparker/Desktop/rascore_build/renum/4l8g_renum.cif	/Users/mitchellparker/Desktop/rascore_build/rcsb_assembly/4l8g-assembly-1.cif.gz	/Users/mitchellparker/Desktop/rascore_build/renum_assembly/4l8g-assembly-1_renum.cif	/Users/mitchellparker/Desktop/rascore_build/sifts/4l8g.xml.gz	/Users/mitchellparker/Desktop/rascore_build/pocket/4l8gA_4_pocket.pdb
4l9sA	4l9s	0	A	Y32out.2P-OFF	Disordered	Y32out	Y71out	H 3 2 (CF3)	4l9sA1	1	GTPase HRas	RASH_HUMAN	P01112	G12C	G12	HRAS	2P	G12C	None	None	None	Homodimer	Other-Unbound	H 3 2	171	1-60:68-166	2013-06-18	Other	302.7447	0.0004	Unbound	Unbound	97,107,108,109,110,137,138,139,162,165,166	GDP,MG,CA,CA,NA,NA	None	None	None	None	None	None	None	None	None	None	GDP	MG	None	CA,NA	None	None	STP	XRAY	1.606	0.156	GAMGSMTEYKLVVVGACGVGKSALTIQLIQNHFVDEYDPTIEDSYRKQVVIDGETCLLDILDTAGQEEYSAMRDQYMRTGEGFLCVFAINNTKSFEDIHQYREQIKRVKDSDDVPMVLVGNKCDLAARTVESRQAQDLARSYGIPYIETSAKTRQGVEDAFYTLVREIRQH	True	92.725	92.725	121.897	90.00	90.00	120.00	/Users/mitchellparker/Desktop/rascore_build/core/4l9sA_core.cif	/Users/mitchellparker/Desktop/rascore_build/rcsb/4l9s.cif.gz	/Users/mitchellparker/Desktop/rascore_build/renum/4l9s_renum.cif	/Users/mitchellparker/Desktop/rascore_build/rcsb_assembly/4l9s-assembly-1.cif.gz	/Users/mitchellparker/Desktop/rascore_build/renum_assembly/4l9s-assembly-1_renum.cif	/Users/mitchellparker/Desktop/rascore_build/sifts/4l9s.xml.gz	/Users/mitchellparker/Desktop/rascore_build/pocket/4l9sA_1_pocket.pdb
4l9sA	4l9s	0	A	Y32out.2P-OFF	Disordered	Y32out	Y71out	H 3 2 (CF3)	4l9sA2	2	GTPase HRas	RASH_HUMAN	P01112	G12C	G12	HRAS	2P	G12C	None	None	None	Homodimer	Other-Unbound	H 3 2	171	1-60:68-166	2013-06-18	Other	355.7166	0.1476	Unbound	Unbound	74,75,76,104,106,108,109,110,163,166	GDP,MG,CA,CA,NA,NA	None	None	None	None	None	None	None	None	None	None	GDP	MG	None	CA,NA	None	None	STP	XRAY	1.606	0.156	GAMGSMTEYKLVVVGACGVGKSALTIQLIQNHFVDEYDPTIEDSYRKQVVIDGETCLLDILDTAGQEEYSAMRDQYMRTGEGFLCVFAINNTKSFEDIHQYREQIKRVKDSDDVPMVLVGNKCDLAARTVESRQAQDLARSYGIPYIETSAKTRQGVEDAFYTLVREIRQH	True	92.725	92.725	121.897	90.00	90.00	120.00	/Users/mitchellparker/Desktop/rascore_build/core/4l9sA_core.cif	/Users/mitchellparker/Desktop/rascore_build/rcsb/4l9s.cif.gz	/Users/mitchellparker/Desktop/rascore_build/renum/4l9s_renum.cif	/Users/mitchellparker/Desktop/rascore_build/rcsb_assembly/4l9s-assembly-1.cif.gz	/Users/mitchellparker/Desktop/rascore_build/renum_assembly/4l9s-assembly-1_renum.cif	/Users/mitchellparker/Desktop/rascore_build/sifts/4l9s.xml.gz	/Users/mitchellparker/Desktop/rascore_build/pocket/4l9sA_2_pocket.pdb
4l9wA	4l9w	0	A	Y32in.3P-ON	Y71in.3P-R	Y32in	Y71in	H 3 2 (CF2)	4l9wA2	2	GTPase HRas	RASH_HUMAN	P01112	G12C	G12	HRAS	3P	G12C	None	None	None	Homodimer	Other-Unbound	H 3 2	171	1-166	2013-06-18	Other	261.7881	0.0023	Unbound	Unbound	73,74,75,76,104,109,110,163,166	GNP,MG,CA,CA	None	None	None	None	None	None	None	None	None	None	GNP	MG	None	CA	None	None	STP	XRAY	1.952	0.159	GAMGSMTEYKLVVVGACGVGKSALTIQLIQNHFVDEYDPTIEDSYRKQVVIDGETCLLDILDTAGQEEYSAMRDQYMRTGEGFLCVFAINNTKSFEDIHQYREQIKRVKDSDDVPMVLVGNKCDLAARTVESRQAQDLARSYGIPYIETSAKTRQGVEDAFYTLVREIRQH	True	89.148	89.148	136.314	90.000	90.000	120.000	/Users/mitchellparker/Desktop/rascore_build/core/4l9wA_core.cif	/Users/mitchellparker/Desktop/rascore_build/rcsb/4l9w.cif.gz	/Users/mitchellparker/Desktop/rascore_build/renum/4l9w_renum.cif	/Users/mitchellparker/Desktop/rascore_build/rcsb_assembly/4l9w-assembly-2.cif.gz	/Users/mitchellparker/Desktop/rascore_build/renum_assembly/4l9w-assembly-2_renum.cif	/Users/mitchellparker/Desktop/rascore_build/sifts/4l9w.xml.gz	/Users/mitchellparker/Desktop/rascore_build/pocket/4l9wA_2_pocket.pdb
4ldjA	4ldj	0	A	Y32out.2P-OFF	Y71in.2P-SP12	Y32out	Y71in	P 21 21 21 (CF6)	4ldjA1	1	GTPase KRas	RASK_HUMAN	P01116-2	G12C	G12	KRAS	2P	G12C	None	None	None	None	Multiple-Unbound	P 21 21 21	170	1-169	2013-06-24	SP12	394.3030	0.9382	Unbound	Unbound	5,6,7,37,39,54,56,62,66,67,70,71,74,75	GDP,MG	None	None	None	None	None	None	None	None	None	None	GDP	MG	None	None	None	None	STP	XRAY	1.150	0.133	GMTEYKLVVVGACGVGKSALTIQLIQNHFVDEYDPTIEDSYRKQVVIDGETCLLDILDTAGQEEYSAMRDQYMRTGEGFLCVFAINNTKSFEDIHHYREQIKRVKDSEDVPMVLVGNKCDLPSRTVDTKQAQDLARSYGIPFIETSAKTRQGVDDAFYTLVREIRKHKEK	True	39.071	40.724	91.431	90.00	90.00	90.00	/Users/mitchellparker/Desktop/rascore_build/core/4ldjA_core.cif	/Users/mitchellparker/Desktop/rascore_build/rcsb/4ldj.cif.gz	/Users/mitchellparker/Desktop/rascore_build/renum/4ldj_renum.cif	/Users/mitchellparker/Desktop/rascore_build/rcsb_assembly/4ldj-assembly-1.cif.gz	/Users/mitchellparker/Desktop/rascore_build/renum_assembly/4ldj-assembly-1_renum.cif	/Users/mitchellparker/Desktop/rascore_build/sifts/4ldj.xml.gz	/Users/mitchellparker/Desktop/rascore_build/pocket/4ldjA_1_pocket.pdb
4ldjA	4ldj	0	A	Y32out.2P-OFF	Y71in.2P-SP12	Y32out	Y71in	P 21 21 21 (CF6)	4ldjA2	2	GTPase KRas	RASK_HUMAN	P01116-2	G12C	G12	KRAS	2P	G12C	None	None	None	None	Multiple-Unbound	P 21 21 21	170	1-169	2013-06-24	Other	410.0726	0.0123	Unbound	Unbound	94,97,98,101,102,105,106,137	GDP,MG	None	None	None	None	None	None	None	None	None	None	GDP	MG	None	None	None	None	STP	XRAY	1.150	0.133	GMTEYKLVVVGACGVGKSALTIQLIQNHFVDEYDPTIEDSYRKQVVIDGETCLLDILDTAGQEEYSAMRDQYMRTGEGFLCVFAINNTKSFEDIHHYREQIKRVKDSEDVPMVLVGNKCDLPSRTVDTKQAQDLARSYGIPFIETSAKTRQGVDDAFYTLVREIRKHKEK	True	39.071	40.724	91.431	90.00	90.00	90.00	/Users/mitchellparker/Desktop/rascore_build/core/4ldjA_core.cif	/Users/mitchellparker/Desktop/rascore_build/rcsb/4ldj.cif.gz	/Users/mitchellparker/Desktop/rascore_build/renum/4ldj_renum.cif	/Users/mitchellparker/Desktop/rascore_build/rcsb_assembly/4ldj-assembly-1.cif.gz	/Users/mitchellparker/Desktop/rascore_build/renum_assembly/4ldj-assembly-1_renum.cif	/Users/mitchellparker/Desktop/rascore_build/sifts/4ldj.xml.gz	/Users/mitchellparker/Desktop/rascore_build/pocket/4ldjA_2_pocket.pdb
4ldjA	4ldj	0	A	Y32out.2P-OFF	Y71in.2P-SP12	Y32out	Y71in	P 21 21 21 (CF6)	4ldjA3	3	GTPase KRas	RASK_HUMAN	P01116-2	G12C	G12	KRAS	2P	G12C	None	None	None	None	Multiple-Unbound	P 21 21 21	170	1-169	2013-06-24	SP2	203.8562	0.0023	Unbound	Unbound	60,61,62,65,68,71,72,96,99	GDP,MG	None	None	None	None	None	None	None	None	None	None	GDP	MG	None	None	None	None	STP	XRAY	1.150	0.133	GMTEYKLVVVGACGVGKSALTIQLIQNHFVDEYDPTIEDSYRKQVVIDGETCLLDILDTAGQEEYSAMRDQYMRTGEGFLCVFAINNTKSFEDIHHYREQIKRVKDSEDVPMVLVGNKCDLPSRTVDTKQAQDLARSYGIPFIETSAKTRQGVDDAFYTLVREIRKHKEK	True	39.071	40.724	91.431	90.00	90.00	90.00	/Users/mitchellparker/Desktop/rascore_build/core/4ldjA_core.cif	/Users/mitchellparker/Desktop/rascore_build/rcsb/4ldj.cif.gz	/Users/mitchellparker/Desktop/rascore_build/renum/4ldj_renum.cif	/Users/mitchellparker/Desktop/rascore_build/rcsb_assembly/4ldj-assembly-1.cif.gz	/Users/mitchellparker/Desktop/rascore_build/renum_assembly/4ldj-assembly-1_renum.cif	/Users/mitchellparker/Desktop/rascore_build/sifts/4ldj.xml.gz	/Users/mitchellparker/Desktop/rascore_build/pocket/4ldjA_3_pocket.pdb
4ldjA	4ldj	0	A	Y32out.2P-OFF	Y71in.2P-SP12	Y32out	Y71in	P 21 21 21 (CF6)	4ldjA4	4	GTPase KRas	RASK_HUMAN	P01116-2	G12C	G12	KRAS	2P	G12C	None	None	None	None	Multiple-Unbound	P 21 21 21	170	1-169	2013-06-24	Other	215.7418	0.0002	Unbound	Unbound	97,107,108,109,110,111,137,138,139,162,165,166,169	GDP,MG	None	None	None	None	None	None	None	None	None	None	GDP	MG	None	None	None	None	STP	XRAY	1.150	0.133	GMTEYKLVVVGACGVGKSALTIQLIQNHFVDEYDPTIEDSYRKQVVIDGETCLLDILDTAGQEEYSAMRDQYMRTGEGFLCVFAINNTKSFEDIHHYREQIKRVKDSEDVPMVLVGNKCDLPSRTVDTKQAQDLARSYGIPFIETSAKTRQGVDDAFYTLVREIRKHKEK	True	39.071	40.724	91.431	90.00	90.00	90.00	/Users/mitchellparker/Desktop/rascore_build/core/4ldjA_core.cif	/Users/mitchellparker/Desktop/rascore_build/rcsb/4ldj.cif.gz	/Users/mitchellparker/Desktop/rascore_build/renum/4ldj_renum.cif	/Users/mitchellparker/Desktop/rascore_build/rcsb_assembly/4ldj-assembly-1.cif.gz	/Users/mitchellparker/Desktop/rascore_build/renum_assembly/4ldj-assembly-1_renum.cif	/Users/mitchellparker/Desktop/rascore_build/sifts/4ldj.xml.gz	/Users/mitchellparker/Desktop/rascore_build/pocket/4ldjA_4_pocket.pdb
4ldjA	4ldj	0	A	Y32out.2P-OFF	Y71in.2P-SP12	Y32out	Y71in	P 21 21 21 (CF6)	4ldjA5	5	GTPase KRas	RASK_HUMAN	P01116-2	G12C	G12	KRAS	2P	G12C	None	None	None	None	Multiple-Unbound	P 21 21 21	170	1-169	2013-06-24	Other	191.8627	0.0049	Unbound	Unbound	73,74,75,76,104,108,110,163,166,167	GDP,MG	None	None	None	None	None	None	None	None	None	None	GDP	MG	None	None	None	None	STP	XRAY	1.150	0.133	GMTEYKLVVVGACGVGKSALTIQLIQNHFVDEYDPTIEDSYRKQVVIDGETCLLDILDTAGQEEYSAMRDQYMRTGEGFLCVFAINNTKSFEDIHHYREQIKRVKDSEDVPMVLVGNKCDLPSRTVDTKQAQDLARSYGIPFIETSAKTRQGVDDAFYTLVREIRKHKEK	True	39.071	40.724	91.431	90.00	90.00	90.00	/Users/mitchellparker/Desktop/rascore_build/core/4ldjA_core.cif	/Users/mitchellparker/Desktop/rascore_build/rcsb/4ldj.cif.gz	/Users/mitchellparker/Desktop/rascore_build/renum/4ldj_renum.cif	/Users/mitchellparker/Desktop/rascore_build/rcsb_assembly/4ldj-assembly-1.cif.gz	/Users/mitchellparker/Desktop/rascore_build/renum_assembly/4ldj-assembly-1_renum.cif	/Users/mitchellparker/Desktop/rascore_build/sifts/4ldj.xml.gz	/Users/mitchellparker/Desktop/rascore_build/pocket/4ldjA_5_pocket.pdb
4ldjA	4ldj	0	A	Y32out.2P-OFF	Y71in.2P-SP12	Y32out	Y71in	P 21 21 21 (CF6)	4ldjA6	6	GTPase KRas	RASK_HUMAN	P01116-2	G12C	G12	KRAS	2P	G12C	None	None	None	None	Multiple-Unbound	P 21 21 21	170	1-169	2013-06-24	Other	141.5925	0.0004	Unbound	Unbound	12,13,14,83,85,86,117	GDP,MG	None	None	None	None	None	None	None	None	None	None	GDP	MG	None	None	None	None	STP	XRAY	1.150	0.133	GMTEYKLVVVGACGVGKSALTIQLIQNHFVDEYDPTIEDSYRKQVVIDGETCLLDILDTAGQEEYSAMRDQYMRTGEGFLCVFAINNTKSFEDIHHYREQIKRVKDSEDVPMVLVGNKCDLPSRTVDTKQAQDLARSYGIPFIETSAKTRQGVDDAFYTLVREIRKHKEK	True	39.071	40.724	91.431	90.00	90.00	90.00	/Users/mitchellparker/Desktop/rascore_build/core/4ldjA_core.cif	/Users/mitchellparker/Desktop/rascore_build/rcsb/4ldj.cif.gz	/Users/mitchellparker/Desktop/rascore_build/renum/4ldj_renum.cif	/Users/mitchellparker/Desktop/rascore_build/rcsb_assembly/4ldj-assembly-1.cif.gz	/Users/mitchellparker/Desktop/rascore_build/renum_assembly/4ldj-assembly-1_renum.cif	/Users/mitchellparker/Desktop/rascore_build/sifts/4ldj.xml.gz	/Users/mitchellparker/Desktop/rascore_build/pocket/4ldjA_6_pocket.pdb
4ldjA	4ldj	0	A	Y32out.2P-OFF	Y71in.2P-SP12	Y32out	Y71in	P 21 21 21 (CF6)	4ldjA7	7	GTPase KRas	RASK_HUMAN	P01116-2	G12C	G12	KRAS	2P	G12C	None	None	None	None	Multiple-Unbound	P 21 21 21	170	1-169	2013-06-24	Other	250.5014	0.0679	Unbound	Unbound	12,13,30,31,32,34	GDP,MG	None	None	None	None	None	None	None	None	None	None	GDP	MG	None	None	None	None	STP	XRAY	1.150	0.133	GMTEYKLVVVGACGVGKSALTIQLIQNHFVDEYDPTIEDSYRKQVVIDGETCLLDILDTAGQEEYSAMRDQYMRTGEGFLCVFAINNTKSFEDIHHYREQIKRVKDSEDVPMVLVGNKCDLPSRTVDTKQAQDLARSYGIPFIETSAKTRQGVDDAFYTLVREIRKHKEK	True	39.071	40.724	91.431	90.00	90.00	90.00	/Users/mitchellparker/Desktop/rascore_build/core/4ldjA_core.cif	/Users/mitchellparker/Desktop/rascore_build/rcsb/4ldj.cif.gz	/Users/mitchellparker/Desktop/rascore_build/renum/4ldj_renum.cif	/Users/mitchellparker/Desktop/rascore_build/rcsb_assembly/4ldj-assembly-1.cif.gz	/Users/mitchellparker/Desktop/rascore_build/renum_assembly/4ldj-assembly-1_renum.cif	/Users/mitchellparker/Desktop/rascore_build/sifts/4ldj.xml.gz	/Users/mitchellparker/Desktop/rascore_build/pocket/4ldjA_7_pocket.pdb
4lpkA	4lpk	0	A	Y32out.2P-OFF	Disordered	Y32out	Y71out	P 3 (CF2)	4lpkA1	1	GTPase KRas	RASK_HUMAN	P01116-2	WT	WT	KRAS	2P	WT	None	None	None	None	SP2-Unbound	P 3	170	1-60:71-166	2013-07-16	SP2	353.9518	0.0077	Unbound	Unbound	9,10,37,58,59,60,72,95,96,99	GDP,CA,NA	None	None	None	None	None	None	None	None	None	None	GDP	None	None	CA,NA	None	None	STP	XRAY	1.500	0.168	GMTEYKLVVVGAGGVGKSALTIQLIQNHFVDEYDPTIEDSYRKQVVIDGETCLLDILDTAGQEEYSAMRDQYMRTGEGFLCVFAINNTKSFEDIHHYREQIKRVKDSEDVPMVLVGNKCDLPSRTVDTKQAQDLARSYGIPFIETSAKTRQGVDDAFYTLVREIRKHKEK	True	84.282	84.282	41.267	90.00	90.00	120.00	/Users/mitchellparker/Desktop/rascore_build/core/4lpkA_core.cif	/Users/mitchellparker/Desktop/rascore_build/rcsb/4lpk.cif.gz	/Users/mitchellparker/Desktop/rascore_build/renum/4lpk_renum.cif	/Users/mitchellparker/Desktop/rascore_build/rcsb_assembly/4lpk-assembly-2.cif.gz	/Users/mitchellparker/Desktop/rascore_build/renum_assembly/4lpk-assembly-2_renum.cif	/Users/mitchellparker/Desktop/rascore_build/sifts/4lpk.xml.gz	/Users/mitchellparker/Desktop/rascore_build/pocket/4lpkA_1_pocket.pdb
4lpkA	4lpk	0	A	Y32out.2P-OFF	Disordered	Y32out	Y71out	P 3 (CF2)	4lpkA3	3	GTPase KRas	RASK_HUMAN	P01116-2	WT	WT	KRAS	2P	WT	None	None	None	None	SP2-Unbound	P 3	170	1-60:71-166	2013-07-16	Other	166.8302	0.0008	Unbound	Unbound	22,26,149,152,153	GDP,CA,NA	None	None	None	None	None	None	None	None	None	None	GDP	None	None	CA,NA	None	None	STP	XRAY	1.500	0.168	GMTEYKLVVVGAGGVGKSALTIQLIQNHFVDEYDPTIEDSYRKQVVIDGETCLLDILDTAGQEEYSAMRDQYMRTGEGFLCVFAINNTKSFEDIHHYREQIKRVKDSEDVPMVLVGNKCDLPSRTVDTKQAQDLARSYGIPFIETSAKTRQGVDDAFYTLVREIRKHKEK	True	84.282	84.282	41.267	90.00	90.00	120.00	/Users/mitchellparker/Desktop/rascore_build/core/4lpkA_core.cif	/Users/mitchellparker/Desktop/rascore_build/rcsb/4lpk.cif.gz	/Users/mitchellparker/Desktop/rascore_build/renum/4lpk_renum.cif	/Users/mitchellparker/Desktop/rascore_build/rcsb_assembly/4lpk-assembly-2.cif.gz	/Users/mitchellparker/Desktop/rascore_build/renum_assembly/4lpk-assembly-2_renum.cif	/Users/mitchellparker/Desktop/rascore_build/sifts/4lpk.xml.gz	/Users/mitchellparker/Desktop/rascore_build/pocket/4lpkA_3_pocket.pdb
4lpkA	4lpk	0	A	Y32out.2P-OFF	Disordered	Y32out	Y71out	P 3 (CF2)	4lpkA4	4	GTPase KRas	RASK_HUMAN	P01116-2	WT	WT	KRAS	2P	WT	None	None	None	None	SP2-Unbound	P 3	170	1-60:71-166	2013-07-16	Other	272.8951	0.0003	Unbound	Unbound	98,101,102,105,106,107	GDP,CA,NA	None	None	None	None	None	None	None	None	None	None	GDP	None	None	CA,NA	None	None	STP	XRAY	1.500	0.168	GMTEYKLVVVGAGGVGKSALTIQLIQNHFVDEYDPTIEDSYRKQVVIDGETCLLDILDTAGQEEYSAMRDQYMRTGEGFLCVFAINNTKSFEDIHHYREQIKRVKDSEDVPMVLVGNKCDLPSRTVDTKQAQDLARSYGIPFIETSAKTRQGVDDAFYTLVREIRKHKEK	True	84.282	84.282	41.267	90.00	90.00	120.00	/Users/mitchellparker/Desktop/rascore_build/core/4lpkA_core.cif	/Users/mitchellparker/Desktop/rascore_build/rcsb/4lpk.cif.gz	/Users/mitchellparker/Desktop/rascore_build/renum/4lpk_renum.cif	/Users/mitchellparker/Desktop/rascore_build/rcsb_assembly/4lpk-assembly-2.cif.gz	/Users/mitchellparker/Desktop/rascore_build/renum_assembly/4lpk-assembly-2_renum.cif	/Users/mitchellparker/Desktop/rascore_build/sifts/4lpk.xml.gz	/Users/mitchellparker/Desktop/rascore_build/pocket/4lpkA_4_pocket.pdb
4lpkA	4lpk	0	A	Y32out.2P-OFF	Disordered	Y32out	Y71out	P 3 (CF2)	4lpkA5	5	GTPase KRas	RASK_HUMAN	P01116-2	WT	WT	KRAS	2P	WT	None	None	None	None	SP2-Unbound	P 3	170	1-60:71-166	2013-07-16	Other	192.6117	0.0002	Unbound	Unbound	131,134,135,139,141	GDP,CA,NA	None	None	None	None	None	None	None	None	None	None	GDP	None	None	CA,NA	None	None	STP	XRAY	1.500	0.168	GMTEYKLVVVGAGGVGKSALTIQLIQNHFVDEYDPTIEDSYRKQVVIDGETCLLDILDTAGQEEYSAMRDQYMRTGEGFLCVFAINNTKSFEDIHHYREQIKRVKDSEDVPMVLVGNKCDLPSRTVDTKQAQDLARSYGIPFIETSAKTRQGVDDAFYTLVREIRKHKEK	True	84.282	84.282	41.267	90.00	90.00	120.00	/Users/mitchellparker/Desktop/rascore_build/core/4lpkA_core.cif	/Users/mitchellparker/Desktop/rascore_build/rcsb/4lpk.cif.gz	/Users/mitchellparker/Desktop/rascore_build/renum/4lpk_renum.cif	/Users/mitchellparker/Desktop/rascore_build/rcsb_assembly/4lpk-assembly-2.cif.gz	/Users/mitchellparker/Desktop/rascore_build/renum_assembly/4lpk-assembly-2_renum.cif	/Users/mitchellparker/Desktop/rascore_build/sifts/4lpk.xml.gz	/Users/mitchellparker/Desktop/rascore_build/pocket/4lpkA_5_pocket.pdb
4lpkA	4lpk	0	A	Y32out.2P-OFF	Disordered	Y32out	Y71out	P 3 (CF2)	4lpkA6	6	GTPase KRas	RASK_HUMAN	P01116-2	WT	WT	KRAS	2P	WT	None	None	None	None	SP2-Unbound	P 3	170	1-60:71-166	2013-07-16	Other	150.2717	0.2500	Unbound	Unbound	20,21,24,25,32,40	GDP,CA,NA	None	None	None	None	None	None	None	None	None	None	GDP	None	None	CA,NA	None	None	STP	XRAY	1.500	0.168	GMTEYKLVVVGAGGVGKSALTIQLIQNHFVDEYDPTIEDSYRKQVVIDGETCLLDILDTAGQEEYSAMRDQYMRTGEGFLCVFAINNTKSFEDIHHYREQIKRVKDSEDVPMVLVGNKCDLPSRTVDTKQAQDLARSYGIPFIETSAKTRQGVDDAFYTLVREIRKHKEK	True	84.282	84.282	41.267	90.00	90.00	120.00	/Users/mitchellparker/Desktop/rascore_build/core/4lpkA_core.cif	/Users/mitchellparker/Desktop/rascore_build/rcsb/4lpk.cif.gz	/Users/mitchellparker/Desktop/rascore_build/renum/4lpk_renum.cif	/Users/mitchellparker/Desktop/rascore_build/rcsb_assembly/4lpk-assembly-2.cif.gz	/Users/mitchellparker/Desktop/rascore_build/renum_assembly/4lpk-assembly-2_renum.cif	/Users/mitchellparker/Desktop/rascore_build/sifts/4lpk.xml.gz	/Users/mitchellparker/Desktop/rascore_build/pocket/4lpkA_6_pocket.pdb
4lpkB	4lpk	0	B	Y32out.2P-OFF	Y71out.2P-SP2-B	Y32out	Y71out	P 3 (CF2)	4lpkB1	1	GTPase KRas	RASK_HUMAN	P01116-2	WT	WT	KRAS	2P	WT	None	None	None	None	SP2-Unbound	P 3	170	1-166	2013-07-16	Other	327.9517	0.2145	Unbound	Unbound	75,76,104,106,108,109,110,163,166	GDP,CA,NA	None	None	None	None	None	None	None	None	None	None	GDP	None	None	CA	None	None	STP	XRAY	1.500	0.168	GMTEYKLVVVGAGGVGKSALTIQLIQNHFVDEYDPTIEDSYRKQVVIDGETCLLDILDTAGQEEYSAMRDQYMRTGEGFLCVFAINNTKSFEDIHHYREQIKRVKDSEDVPMVLVGNKCDLPSRTVDTKQAQDLARSYGIPFIETSAKTRQGVDDAFYTLVREIRKHKEK	True	84.282	84.282	41.267	90.00	90.00	120.00	/Users/mitchellparker/Desktop/rascore_build/core/4lpkB_core.cif	/Users/mitchellparker/Desktop/rascore_build/rcsb/4lpk.cif.gz	/Users/mitchellparker/Desktop/rascore_build/renum/4lpk_renum.cif	/Users/mitchellparker/Desktop/rascore_build/rcsb_assembly/4lpk-assembly-2.cif.gz	/Users/mitchellparker/Desktop/rascore_build/renum_assembly/4lpk-assembly-2_renum.cif	/Users/mitchellparker/Desktop/rascore_build/sifts/4lpk.xml.gz	/Users/mitchellparker/Desktop/rascore_build/pocket/4lpkB_1_pocket.pdb
4lpkB	4lpk	0	B	Y32out.2P-OFF	Y71out.2P-SP2-B	Y32out	Y71out	P 3 (CF2)	4lpkB2	2	GTPase KRas	RASK_HUMAN	P01116-2	WT	WT	KRAS	2P	WT	None	None	None	None	SP2-Unbound	P 3	170	1-166	2013-07-16	SP2	421.4921	0.1803	Unbound	Unbound	9,10,12,16,37,58,59,60,68,72,95,96,99	GDP,CA,NA	None	None	None	None	None	None	None	None	None	None	GDP	None	None	CA	None	None	STP	XRAY	1.500	0.168	GMTEYKLVVVGAGGVGKSALTIQLIQNHFVDEYDPTIEDSYRKQVVIDGETCLLDILDTAGQEEYSAMRDQYMRTGEGFLCVFAINNTKSFEDIHHYREQIKRVKDSEDVPMVLVGNKCDLPSRTVDTKQAQDLARSYGIPFIETSAKTRQGVDDAFYTLVREIRKHKEK	True	84.282	84.282	41.267	90.00	90.00	120.00	/Users/mitchellparker/Desktop/rascore_build/core/4lpkB_core.cif	/Users/mitchellparker/Desktop/rascore_build/rcsb/4lpk.cif.gz	/Users/mitchellparker/Desktop/rascore_build/renum/4lpk_renum.cif	/Users/mitchellparker/Desktop/rascore_build/rcsb_assembly/4lpk-assembly-2.cif.gz	/Users/mitchellparker/Desktop/rascore_build/renum_assembly/4lpk-assembly-2_renum.cif	/Users/mitchellparker/Desktop/rascore_build/sifts/4lpk.xml.gz	/Users/mitchellparker/Desktop/rascore_build/pocket/4lpkB_2_pocket.pdb
4lpkB	4lpk	0	B	Y32out.2P-OFF	Y71out.2P-SP2-B	Y32out	Y71out	P 3 (CF2)	4lpkB3	3	GTPase KRas	RASK_HUMAN	P01116-2	WT	WT	KRAS	2P	WT	None	None	None	None	SP2-Unbound	P 3	170	1-166	2013-07-16	Other	185.0631	0.0001	Unbound	Unbound	131,134,135,139,141	GDP,CA,NA	None	None	None	None	None	None	None	None	None	None	GDP	None	None	CA	None	None	STP	XRAY	1.500	0.168	GMTEYKLVVVGAGGVGKSALTIQLIQNHFVDEYDPTIEDSYRKQVVIDGETCLLDILDTAGQEEYSAMRDQYMRTGEGFLCVFAINNTKSFEDIHHYREQIKRVKDSEDVPMVLVGNKCDLPSRTVDTKQAQDLARSYGIPFIETSAKTRQGVDDAFYTLVREIRKHKEK	True	84.282	84.282	41.267	90.00	90.00	120.00	/Users/mitchellparker/Desktop/rascore_build/core/4lpkB_core.cif	/Users/mitchellparker/Desktop/rascore_build/rcsb/4lpk.cif.gz	/Users/mitchellparker/Desktop/rascore_build/renum/4lpk_renum.cif	/Users/mitchellparker/Desktop/rascore_build/rcsb_assembly/4lpk-assembly-2.cif.gz	/Users/mitchellparker/Desktop/rascore_build/renum_assembly/4lpk-assembly-2_renum.cif	/Users/mitchellparker/Desktop/rascore_build/sifts/4lpk.xml.gz	/Users/mitchellparker/Desktop/rascore_build/pocket/4lpkB_3_pocket.pdb
4lpkB	4lpk	0	B	Y32out.2P-OFF	Y71out.2P-SP2-B	Y32out	Y71out	P 3 (CF2)	4lpkB4	4	GTPase KRas	RASK_HUMAN	P01116-2	WT	WT	KRAS	2P	WT	None	None	None	None	SP2-Unbound	P 3	170	1-166	2013-07-16	Other	284.7285	0.0004	Unbound	Unbound	11,12,86,88,89,92	GDP,CA,NA	None	None	None	None	None	None	None	None	None	None	GDP	None	None	CA	None	None	STP	XRAY	1.500	0.168	GMTEYKLVVVGAGGVGKSALTIQLIQNHFVDEYDPTIEDSYRKQVVIDGETCLLDILDTAGQEEYSAMRDQYMRTGEGFLCVFAINNTKSFEDIHHYREQIKRVKDSEDVPMVLVGNKCDLPSRTVDTKQAQDLARSYGIPFIETSAKTRQGVDDAFYTLVREIRKHKEK	True	84.282	84.282	41.267	90.00	90.00	120.00	/Users/mitchellparker/Desktop/rascore_build/core/4lpkB_core.cif	/Users/mitchellparker/Desktop/rascore_build/rcsb/4lpk.cif.gz	/Users/mitchellparker/Desktop/rascore_build/renum/4lpk_renum.cif	/Users/mitchellparker/Desktop/rascore_build/rcsb_assembly/4lpk-assembly-2.cif.gz	/Users/mitchellparker/Desktop/rascore_build/renum_assembly/4lpk-assembly-2_renum.cif	/Users/mitchellparker/Desktop/rascore_build/sifts/4lpk.xml.gz	/Users/mitchellparker/Desktop/rascore_build/pocket/4lpkB_4_pocket.pdb
4lrwA	4lrw	0	A	Y32out.2P-OFF	Disordered	Y32out	Disordered	P 3 (CF1)	4lrwA1	1	GTPase KRas	RASK_HUMAN	P01116-2	G12C,C51S,C80L,C118S	G12,C51,C80,C118	KRAS	2P	G12C	None	None	None	None	Multiple-Unbound	P 3	170	2-59:71-167	2013-07-21	Other	404.0900	0.0719	Unbound	Unbound	131,134,135,138,139,140,141,162,165	MG,GDP,MG	None	None	None	None	None	None	None	None	None	None	GDP	MG	None	None	None	None	STP	XRAY	2.151	0.183	GMTEYKLVVVGACGVGKSALTIQLIQNHFVDEYDPTIEDSYRKQVVIDGETSLLDILDTAGQEEYSAMRDQYMRTGEGFLLVFAINNTKSFEDIHHYREQIKRVKDSEDVPMVLVGNKSDLPSRTVDTKQAQDLARSYGIPFIETSAKTRQGVDDAFYTLVREIRKHKEK	True	82.862	82.862	38.397	90.000	90.000	120.000	/Users/mitchellparker/Desktop/rascore_build/core/4lrwA_core.cif	/Users/mitchellparker/Desktop/rascore_build/rcsb/4lrw.cif.gz	/Users/mitchellparker/Desktop/rascore_build/renum/4lrw_renum.cif	/Users/mitchellparker/Desktop/rascore_build/rcsb_assembly/4lrw-assembly-1.cif.gz	/Users/mitchellparker/Desktop/rascore_build/renum_assembly/4lrw-assembly-1_renum.cif	/Users/mitchellparker/Desktop/rascore_build/sifts/4lrw.xml.gz	/Users/mitchellparker/Desktop/rascore_build/pocket/4lrwA_1_pocket.pdb
4lrwA	4lrw	0	A	Y32out.2P-OFF	Disordered	Y32out	Disordered	P 3 (CF1)	4lrwA2	2	GTPase KRas	RASK_HUMAN	P01116-2	G12C,C51S,C80L,C118S	G12,C51,C80,C118	KRAS	2P	G12C	None	None	None	None	Multiple-Unbound	P 3	170	2-59:71-167	2013-07-21	SP2	261.7213	0.0069	Unbound	Unbound	9,10,12,16,34,58,59,72,96,99	MG,GDP,MG	None	None	None	None	None	None	None	None	None	None	GDP	MG	None	None	None	None	STP	XRAY	2.151	0.183	GMTEYKLVVVGACGVGKSALTIQLIQNHFVDEYDPTIEDSYRKQVVIDGETSLLDILDTAGQEEYSAMRDQYMRTGEGFLLVFAINNTKSFEDIHHYREQIKRVKDSEDVPMVLVGNKSDLPSRTVDTKQAQDLARSYGIPFIETSAKTRQGVDDAFYTLVREIRKHKEK	True	82.862	82.862	38.397	90.000	90.000	120.000	/Users/mitchellparker/Desktop/rascore_build/core/4lrwA_core.cif	/Users/mitchellparker/Desktop/rascore_build/rcsb/4lrw.cif.gz	/Users/mitchellparker/Desktop/rascore_build/renum/4lrw_renum.cif	/Users/mitchellparker/Desktop/rascore_build/rcsb_assembly/4lrw-assembly-1.cif.gz	/Users/mitchellparker/Desktop/rascore_build/renum_assembly/4lrw-assembly-1_renum.cif	/Users/mitchellparker/Desktop/rascore_build/sifts/4lrw.xml.gz	/Users/mitchellparker/Desktop/rascore_build/pocket/4lrwA_2_pocket.pdb
4lrwA	4lrw	0	A	Y32out.2P-OFF	Disordered	Y32out	Disordered	P 3 (CF1)	4lrwA3	3	GTPase KRas	RASK_HUMAN	P01116-2	G12C,C51S,C80L,C118S	G12,C51,C80,C118	KRAS	2P	G12C	None	None	None	None	Multiple-Unbound	P 3	170	2-59:71-167	2013-07-21	SP12	167.8751	0.0004	Unbound	Unbound	5,6,7,39,54,56,71,74	MG,GDP,MG	None	None	None	None	None	None	None	None	None	None	GDP	MG	None	None	None	None	STP	XRAY	2.151	0.183	GMTEYKLVVVGACGVGKSALTIQLIQNHFVDEYDPTIEDSYRKQVVIDGETSLLDILDTAGQEEYSAMRDQYMRTGEGFLLVFAINNTKSFEDIHHYREQIKRVKDSEDVPMVLVGNKSDLPSRTVDTKQAQDLARSYGIPFIETSAKTRQGVDDAFYTLVREIRKHKEK	True	82.862	82.862	38.397	90.000	90.000	120.000	/Users/mitchellparker/Desktop/rascore_build/core/4lrwA_core.cif	/Users/mitchellparker/Desktop/rascore_build/rcsb/4lrw.cif.gz	/Users/mitchellparker/Desktop/rascore_build/renum/4lrw_renum.cif	/Users/mitchellparker/Desktop/rascore_build/rcsb_assembly/4lrw-assembly-1.cif.gz	/Users/mitchellparker/Desktop/rascore_build/renum_assembly/4lrw-assembly-1_renum.cif	/Users/mitchellparker/Desktop/rascore_build/sifts/4lrw.xml.gz	/Users/mitchellparker/Desktop/rascore_build/pocket/4lrwA_3_pocket.pdb
4lrwB	4lrw	0	B	Y32out.2P-OFF	Disordered	Y32out	Disordered	P 3 (CF1)	4lrwB1	1	GTPase KRas	RASK_HUMAN	P01116-2	G12C,C51S,C80L,C118S	G12,C51,C80,C118	KRAS	2P	G12C	None	None	None	None	SP2-Unbound	P 3	170	2-59:71-167	2013-07-21	SP2	353.5282	0.0003	Unbound	Unbound	9,10,12,16,34,58,59,96,99	MG,MG,GDP	None	None	None	None	None	None	None	None	None	None	GDP	MG	None	None	None	None	STP	XRAY	2.151	0.183	GMTEYKLVVVGACGVGKSALTIQLIQNHFVDEYDPTIEDSYRKQVVIDGETSLLDILDTAGQEEYSAMRDQYMRTGEGFLLVFAINNTKSFEDIHHYREQIKRVKDSEDVPMVLVGNKSDLPSRTVDTKQAQDLARSYGIPFIETSAKTRQGVDDAFYTLVREIRKHKEK	True	82.862	82.862	38.397	90.000	90.000	120.000	/Users/mitchellparker/Desktop/rascore_build/core/4lrwB_core.cif	/Users/mitchellparker/Desktop/rascore_build/rcsb/4lrw.cif.gz	/Users/mitchellparker/Desktop/rascore_build/renum/4lrw_renum.cif	/Users/mitchellparker/Desktop/rascore_build/rcsb_assembly/4lrw-assembly-1.cif.gz	/Users/mitchellparker/Desktop/rascore_build/renum_assembly/4lrw-assembly-1_renum.cif	/Users/mitchellparker/Desktop/rascore_build/sifts/4lrw.xml.gz	/Users/mitchellparker/Desktop/rascore_build/pocket/4lrwB_1_pocket.pdb
4lrwB	4lrw	0	B	Y32out.2P-OFF	Disordered	Y32out	Disordered	P 3 (CF1)	4lrwB2	2	GTPase KRas	RASK_HUMAN	P01116-2	G12C,C51S,C80L,C118S	G12,C51,C80,C118	KRAS	2P	G12C	None	None	None	None	SP2-Unbound	P 3	170	2-59:71-167	2013-07-21	SP2	184.8998	0.3708	Unbound	Unbound	9,72,99,100,103	MG,MG,GDP	None	None	None	None	None	None	None	None	None	None	GDP	MG	None	None	None	None	STP	XRAY	2.151	0.183	GMTEYKLVVVGACGVGKSALTIQLIQNHFVDEYDPTIEDSYRKQVVIDGETSLLDILDTAGQEEYSAMRDQYMRTGEGFLLVFAINNTKSFEDIHHYREQIKRVKDSEDVPMVLVGNKSDLPSRTVDTKQAQDLARSYGIPFIETSAKTRQGVDDAFYTLVREIRKHKEK	True	82.862	82.862	38.397	90.000	90.000	120.000	/Users/mitchellparker/Desktop/rascore_build/core/4lrwB_core.cif	/Users/mitchellparker/Desktop/rascore_build/rcsb/4lrw.cif.gz	/Users/mitchellparker/Desktop/rascore_build/renum/4lrw_renum.cif	/Users/mitchellparker/Desktop/rascore_build/rcsb_assembly/4lrw-assembly-1.cif.gz	/Users/mitchellparker/Desktop/rascore_build/renum_assembly/4lrw-assembly-1_renum.cif	/Users/mitchellparker/Desktop/rascore_build/sifts/4lrw.xml.gz	/Users/mitchellparker/Desktop/rascore_build/pocket/4lrwB_2_pocket.pdb
4lucA	4luc	0	A	Y32out.2P-OFF	Outlier	Y32out	Y71out	P 1 (CF1)	4lucA1	1	GTPase KRas	RASK_HUMAN	P01116-2	G12C,C51S,C80L,C118S	G12,C51,C80,C118	KRAS	2P	G12C	SP2	SP2.Sulfonamide	None	None	SP2-Bound	P 1	170	1-168	2013-07-25	SP2	1116.9470	0.9527	Bound	SP2	7,9,10,11,12,16,34,37,58,59,60,61,62,63,64,65,68,71,72,86,88,89,92,96,99,100	CA,CA,20G,GDP	None	20G:7,71,72,68,100,96,99,9,61,62,60,12,13,34,10,58	None	None	SP2	SP2.Sulfonamide	20G:O=C(CCCS)NC1CCN(C(=O)COc2ccc(Cl)cc2Cl)CC1	None	None	None	GDP	None	20G	CA	None	None	20G	XRAY	1.290	0.152	GMTEYKLVVVGACGVGKSALTIQLIQNHFVDEYDPTIEDSYRKQVVIDGETSLLDILDTAGQEEYSAMRDQYMRTGEGFLLVFAINNTKSFEDIHHYREQIKRVKDSEDVPMVLVGNKSDLPSRTVDTKQAQDLARSYGIPFIETSAKTRQGVDDAFYTLVREIRKHKEK	True	32.822	39.083	62.457	77.86	81.54	77.55	/Users/mitchellparker/Desktop/rascore_build/core/4lucA_core.cif	/Users/mitchellparker/Desktop/rascore_build/rcsb/4luc.cif.gz	/Users/mitchellparker/Desktop/rascore_build/renum/4luc_renum.cif	/Users/mitchellparker/Desktop/rascore_build/rcsb_assembly/4luc-assembly-1.cif.gz	/Users/mitchellparker/Desktop/rascore_build/renum_assembly/4luc-assembly-1_renum.cif	/Users/mitchellparker/Desktop/rascore_build/sifts/4luc.xml.gz	/Users/mitchellparker/Desktop/rascore_build/pocket/4lucA_1_pocket.pdb
4lucB	4luc	0	B	Y32out.2P-OFF	Outlier	Y32out	Y71out	P 1 (CF1)	4lucB1	1	GTPase KRas	RASK_HUMAN	P01116-2	G12C,C51S,C80L,C118S	G12,C51,C80,C118	KRAS	2P	G12C	SP2	SP2.Sulfonamide	None	None	SP2-Bound	P 1	170	1-168	2013-07-25	SP2	1198.7249	0.8918	Bound	SP2	7,9,10,11,12,16,34,37,58,59,60,61,62,63,64,65,67,68,71,72,86,88,89,92,95,96,99,100	CA,CA,20G,GDP	None	20G:7,72,68,71,96,99,100,9,62,61,60,12,10,58	None	None	SP2	SP2.Sulfonamide	20G:O=C(CCCS)NC1CCN(C(=O)COc2ccc(Cl)cc2Cl)CC1	None	None	None	GDP	None	20G	CA	None	None	20G	XRAY	1.290	0.152	GMTEYKLVVVGACGVGKSALTIQLIQNHFVDEYDPTIEDSYRKQVVIDGETSLLDILDTAGQEEYSAMRDQYMRTGEGFLLVFAINNTKSFEDIHHYREQIKRVKDSEDVPMVLVGNKSDLPSRTVDTKQAQDLARSYGIPFIETSAKTRQGVDDAFYTLVREIRKHKEK	True	32.822	39.083	62.457	77.86	81.54	77.55	/Users/mitchellparker/Desktop/rascore_build/core/4lucB_core.cif	/Users/mitchellparker/Desktop/rascore_build/rcsb/4luc.cif.gz	/Users/mitchellparker/Desktop/rascore_build/renum/4luc_renum.cif	/Users/mitchellparker/Desktop/rascore_build/rcsb_assembly/4luc-assembly-1.cif.gz	/Users/mitchellparker/Desktop/rascore_build/renum_assembly/4luc-assembly-1_renum.cif	/Users/mitchellparker/Desktop/rascore_build/sifts/4luc.xml.gz	/Users/mitchellparker/Desktop/rascore_build/pocket/4lucB_1_pocket.pdb
4lv6A	4lv6	0	A	Y32out.2P-OFF	Outlier	Y32out	Y71out	P 1 (CF1)	4lv6A1	1	GTPase KRas	RASK_HUMAN	P01116-2	G12C,C51S,C80L,C118S	G12,C51,C80,C118	KRAS	2P	G12C	SP2	SP2.Sulfonamide	None	None	SP2-Bound	P 1	170	1-168	2013-07-26	SP2	982.2281	0.9138	Bound	SP2	7,9,10,11,12,16,17,34,36,37,58,59,60,61,62,63,65,67,68,71,72,95,96,99,100	CA,CA,20H,GDP	None	20H:7,68,71,72,100,96,9,58,10,11,12,60,34,59,61	None	None	SP2	SP2.Sulfonamide	20H:O=C(NCCS)C1CCN(C(=O)COc2ccc(Cl)cc2Cl)CC1	None	None	None	GDP	None	20H	CA	None	None	20H	XRAY	1.500	0.158	GMTEYKLVVVGACGVGKSALTIQLIQNHFVDEYDPTIEDSYRKQVVIDGETSLLDILDTAGQEEYSAMRDQYMRTGEGFLLVFAINNTKSFEDIHHYREQIKRVKDSEDVPMVLVGNKSDLPSRTVDTKQAQDLARSYGIPFIETSAKTRQGVDDAFYTLVREIRKHKEK	True	33.140	39.320	62.790	77.33	81.21	77.35	/Users/mitchellparker/Desktop/rascore_build/core/4lv6A_core.cif	/Users/mitchellparker/Desktop/rascore_build/rcsb/4lv6.cif.gz	/Users/mitchellparker/Desktop/rascore_build/renum/4lv6_renum.cif	/Users/mitchellparker/Desktop/rascore_build/rcsb_assembly/4lv6-assembly-1.cif.gz	/Users/mitchellparker/Desktop/rascore_build/renum_assembly/4lv6-assembly-1_renum.cif	/Users/mitchellparker/Desktop/rascore_build/sifts/4lv6.xml.gz	/Users/mitchellparker/Desktop/rascore_build/pocket/4lv6A_1_pocket.pdb
4lv6B	4lv6	0	B	Y32out.2P-OFF	Outlier	Y32out	Y71out	P 1 (CF1)	4lv6B1	1	GTPase KRas	RASK_HUMAN	P01116-2	G12C,C51S,C80L,C118S	G12,C51,C80,C118	KRAS	2P	G12C	SP2	SP2.Sulfonamide	None	None	SP2-Bound	P 1	170	1-167	2013-07-26	SP2	891.6147	0.9349	Bound	SP2	7,9,10,11,12,16,34,37,58,59,60,61,62,63,64,68,71,72,96,99,100	CA,CA,20H,GDP	None	20H:71,7,72,68,99,100,96,9,58,10,11,12,60,34,59,61	None	None	SP2	SP2.Sulfonamide	20H:O=C(NCCS)C1CCN(C(=O)COc2ccc(Cl)cc2Cl)CC1	None	None	None	GDP	None	20H	CA	None	None	20H	XRAY	1.500	0.158	GMTEYKLVVVGACGVGKSALTIQLIQNHFVDEYDPTIEDSYRKQVVIDGETSLLDILDTAGQEEYSAMRDQYMRTGEGFLLVFAINNTKSFEDIHHYREQIKRVKDSEDVPMVLVGNKSDLPSRTVDTKQAQDLARSYGIPFIETSAKTRQGVDDAFYTLVREIRKHKEK	True	33.140	39.320	62.790	77.33	81.21	77.35	/Users/mitchellparker/Desktop/rascore_build/core/4lv6B_core.cif	/Users/mitchellparker/Desktop/rascore_build/rcsb/4lv6.cif.gz	/Users/mitchellparker/Desktop/rascore_build/renum/4lv6_renum.cif	/Users/mitchellparker/Desktop/rascore_build/rcsb_assembly/4lv6-assembly-1.cif.gz	/Users/mitchellparker/Desktop/rascore_build/renum_assembly/4lv6-assembly-1_renum.cif	/Users/mitchellparker/Desktop/rascore_build/sifts/4lv6.xml.gz	/Users/mitchellparker/Desktop/rascore_build/pocket/4lv6B_1_pocket.pdb
4lyfA	4lyf	0	A	Disordered	Outlier	Disordered	Y71out	C 1 2 1 (CF3)	4lyfA1	1	GTPase KRas	RASK_HUMAN	P01116-2	G12C,C51S,C80L,C118S	G12,C51,C80,C118	KRAS	2P	G12C	None	None	None	None	Other-Unbound	C 1 2 1	170	1-30:37-167	2013-07-31	Other	239.2693	0.3133	Unbound	Unbound	17,18,21,27,28,29	GDP	None	None	None	None	None	None	None	None	None	None	GDP	None	None	None	None	None	STP	XRAY	1.568	0.170	GMTEYKLVVVGACGVGKSALTIQLIQNHFVDEYDPTIEDSYRKQVVIDGETSLLDILDTAGQEEYSAMRDQYMRTGEGFLLVFAINNTKSFEDIHHYREQIKRVKDSEDVPMVLVGNKSDLPSRTVDTKQAQDLARSYGIPFIETSAKTRQGVDDAFYTLVREIRKHKEK	True	68.265	83.835	86.186	90.00	110.90	90.00	/Users/mitchellparker/Desktop/rascore_build/core/4lyfA_core.cif	/Users/mitchellparker/Desktop/rascore_build/rcsb/4lyf.cif.gz	/Users/mitchellparker/Desktop/rascore_build/renum/4lyf_renum.cif	/Users/mitchellparker/Desktop/rascore_build/rcsb_assembly/4lyf-assembly-1.cif.gz	/Users/mitchellparker/Desktop/rascore_build/renum_assembly/4lyf-assembly-1_renum.cif	/Users/mitchellparker/Desktop/rascore_build/sifts/4lyf.xml.gz	/Users/mitchellparker/Desktop/rascore_build/pocket/4lyfA_1_pocket.pdb
4lyfA	4lyf	0	A	Disordered	Outlier	Disordered	Y71out	C 1 2 1 (CF3)	4lyfA2	2	GTPase KRas	RASK_HUMAN	P01116-2	G12C,C51S,C80L,C118S	G12,C51,C80,C118	KRAS	2P	G12C	None	None	None	None	Other-Unbound	C 1 2 1	170	1-30:37-167	2013-07-31	Other	164.7193	0.1802	Unbound	Unbound	75,76,104,108,109,110,163,166,167	GDP	None	None	None	None	None	None	None	None	None	None	GDP	None	None	None	None	None	STP	XRAY	1.568	0.170	GMTEYKLVVVGACGVGKSALTIQLIQNHFVDEYDPTIEDSYRKQVVIDGETSLLDILDTAGQEEYSAMRDQYMRTGEGFLLVFAINNTKSFEDIHHYREQIKRVKDSEDVPMVLVGNKSDLPSRTVDTKQAQDLARSYGIPFIETSAKTRQGVDDAFYTLVREIRKHKEK	True	68.265	83.835	86.186	90.00	110.90	90.00	/Users/mitchellparker/Desktop/rascore_build/core/4lyfA_core.cif	/Users/mitchellparker/Desktop/rascore_build/rcsb/4lyf.cif.gz	/Users/mitchellparker/Desktop/rascore_build/renum/4lyf_renum.cif	/Users/mitchellparker/Desktop/rascore_build/rcsb_assembly/4lyf-assembly-1.cif.gz	/Users/mitchellparker/Desktop/rascore_build/renum_assembly/4lyf-assembly-1_renum.cif	/Users/mitchellparker/Desktop/rascore_build/sifts/4lyf.xml.gz	/Users/mitchellparker/Desktop/rascore_build/pocket/4lyfA_2_pocket.pdb
4lyfA	4lyf	0	A	Disordered	Outlier	Disordered	Y71out	C 1 2 1 (CF3)	4lyfA3	3	GTPase KRas	RASK_HUMAN	P01116-2	G12C,C51S,C80L,C118S	G12,C51,C80,C118	KRAS	2P	G12C	None	None	None	None	Other-Unbound	C 1 2 1	170	1-30:37-167	2013-07-31	Other	133.8774	0.0082	Unbound	Unbound	38,56,57,58,60,62,64,67,68	GDP	None	None	None	None	None	None	None	None	None	None	GDP	None	None	None	None	None	STP	XRAY	1.568	0.170	GMTEYKLVVVGACGVGKSALTIQLIQNHFVDEYDPTIEDSYRKQVVIDGETSLLDILDTAGQEEYSAMRDQYMRTGEGFLLVFAINNTKSFEDIHHYREQIKRVKDSEDVPMVLVGNKSDLPSRTVDTKQAQDLARSYGIPFIETSAKTRQGVDDAFYTLVREIRKHKEK	True	68.265	83.835	86.186	90.00	110.90	90.00	/Users/mitchellparker/Desktop/rascore_build/core/4lyfA_core.cif	/Users/mitchellparker/Desktop/rascore_build/rcsb/4lyf.cif.gz	/Users/mitchellparker/Desktop/rascore_build/renum/4lyf_renum.cif	/Users/mitchellparker/Desktop/rascore_build/rcsb_assembly/4lyf-assembly-1.cif.gz	/Users/mitchellparker/Desktop/rascore_build/renum_assembly/4lyf-assembly-1_renum.cif	/Users/mitchellparker/Desktop/rascore_build/sifts/4lyf.xml.gz	/Users/mitchellparker/Desktop/rascore_build/pocket/4lyfA_3_pocket.pdb
4lyfA	4lyf	0	A	Disordered	Outlier	Disordered	Y71out	C 1 2 1 (CF3)	4lyfA4	4	GTPase KRas	RASK_HUMAN	P01116-2	G12C,C51S,C80L,C118S	G12,C51,C80,C118	KRAS	2P	G12C	None	None	None	None	Other-Unbound	C 1 2 1	170	1-30:37-167	2013-07-31	Other	244.4837	0.0337	Unbound	Unbound	90,129,132,133,136	GDP	None	None	None	None	None	None	None	None	None	None	GDP	None	None	None	None	None	STP	XRAY	1.568	0.170	GMTEYKLVVVGACGVGKSALTIQLIQNHFVDEYDPTIEDSYRKQVVIDGETSLLDILDTAGQEEYSAMRDQYMRTGEGFLLVFAINNTKSFEDIHHYREQIKRVKDSEDVPMVLVGNKSDLPSRTVDTKQAQDLARSYGIPFIETSAKTRQGVDDAFYTLVREIRKHKEK	True	68.265	83.835	86.186	90.00	110.90	90.00	/Users/mitchellparker/Desktop/rascore_build/core/4lyfA_core.cif	/Users/mitchellparker/Desktop/rascore_build/rcsb/4lyf.cif.gz	/Users/mitchellparker/Desktop/rascore_build/renum/4lyf_renum.cif	/Users/mitchellparker/Desktop/rascore_build/rcsb_assembly/4lyf-assembly-1.cif.gz	/Users/mitchellparker/Desktop/rascore_build/renum_assembly/4lyf-assembly-1_renum.cif	/Users/mitchellparker/Desktop/rascore_build/sifts/4lyf.xml.gz	/Users/mitchellparker/Desktop/rascore_build/pocket/4lyfA_4_pocket.pdb
4lyfB	4lyf	0	B	Disordered	Outlier	Disordered	Y71out	C 1 2 1 (CF3)	4lyfB1	1	GTPase KRas	RASK_HUMAN	P01116-2	G12C,C51S,C80L,C118S	G12,C51,C80,C118	KRAS	2P	G12C	SP2	SP2.Sulfonamide	None	None	SP2-Bound	C 1 2 1	170	1-29:39-167	2013-07-31	SP2	573.2993	0.7345	Bound	SP2	7,8,9,10,16,58,62,68,69,71,72,95,96,99,100	21C,GDP	None	21C:62,12,68,71,58,9,72,10,96,63,16	None	None	SP2	SP2.Sulfonamide	21C:CCS(=O)(=O)NC1CCN(C(=O)CNc2cc(Cl)c(Cl)cc2O)CC1	None	None	None	GDP	None	21C	None	None	None	21C	XRAY	1.568	0.170	GMTEYKLVVVGACGVGKSALTIQLIQNHFVDEYDPTIEDSYRKQVVIDGETSLLDILDTAGQEEYSAMRDQYMRTGEGFLLVFAINNTKSFEDIHHYREQIKRVKDSEDVPMVLVGNKSDLPSRTVDTKQAQDLARSYGIPFIETSAKTRQGVDDAFYTLVREIRKHKEK	True	68.265	83.835	86.186	90.00	110.90	90.00	/Users/mitchellparker/Desktop/rascore_build/core/4lyfB_core.cif	/Users/mitchellparker/Desktop/rascore_build/rcsb/4lyf.cif.gz	/Users/mitchellparker/Desktop/rascore_build/renum/4lyf_renum.cif	/Users/mitchellparker/Desktop/rascore_build/rcsb_assembly/4lyf-assembly-1.cif.gz	/Users/mitchellparker/Desktop/rascore_build/renum_assembly/4lyf-assembly-1_renum.cif	/Users/mitchellparker/Desktop/rascore_build/sifts/4lyf.xml.gz	/Users/mitchellparker/Desktop/rascore_build/pocket/4lyfB_1_pocket.pdb
4lyfC	4lyf	0	C	Disordered	Disordered	Disordered	Y71out	C 1 2 1 (CF3)	4lyfC1	1	GTPase KRas	RASK_HUMAN	P01116-2	G12C,C51S,C80L,C118S	G12,C51,C80,C118	KRAS	2P	G12C	None	None	None	None	Multiple-Unbound	C 1 2 1	170	2-29:39-64:68-167	2013-07-31	Other	348.8571	0.0003	Unbound	Unbound	97,107,108,109,110,111,137,138,139,162,165,166	GDP	None	None	None	None	None	None	None	None	None	None	GDP	None	None	None	None	None	STP	XRAY	1.568	0.170	GMTEYKLVVVGACGVGKSALTIQLIQNHFVDEYDPTIEDSYRKQVVIDGETSLLDILDTAGQEEYSAMRDQYMRTGEGFLLVFAINNTKSFEDIHHYREQIKRVKDSEDVPMVLVGNKSDLPSRTVDTKQAQDLARSYGIPFIETSAKTRQGVDDAFYTLVREIRKHKEK	True	68.265	83.835	86.186	90.00	110.90	90.00	/Users/mitchellparker/Desktop/rascore_build/core/4lyfC_core.cif	/Users/mitchellparker/Desktop/rascore_build/rcsb/4lyf.cif.gz	/Users/mitchellparker/Desktop/rascore_build/renum/4lyf_renum.cif	/Users/mitchellparker/Desktop/rascore_build/rcsb_assembly/4lyf-assembly-1.cif.gz	/Users/mitchellparker/Desktop/rascore_build/renum_assembly/4lyf-assembly-1_renum.cif	/Users/mitchellparker/Desktop/rascore_build/sifts/4lyf.xml.gz	/Users/mitchellparker/Desktop/rascore_build/pocket/4lyfC_1_pocket.pdb
4lyfC	4lyf	0	C	Disordered	Disordered	Disordered	Y71out	C 1 2 1 (CF3)	4lyfC2	2	GTPase KRas	RASK_HUMAN	P01116-2	G12C,C51S,C80L,C118S	G12,C51,C80,C118	KRAS	2P	G12C	None	None	None	None	Multiple-Unbound	C 1 2 1	170	2-29:39-64:68-167	2013-07-31	SP12	194.0818	0.4871	Unbound	Unbound	5,6,7,39,54,55,56,71,74,75	GDP	None	None	None	None	None	None	None	None	None	None	GDP	None	None	None	None	None	STP	XRAY	1.568	0.170	GMTEYKLVVVGACGVGKSALTIQLIQNHFVDEYDPTIEDSYRKQVVIDGETSLLDILDTAGQEEYSAMRDQYMRTGEGFLLVFAINNTKSFEDIHHYREQIKRVKDSEDVPMVLVGNKSDLPSRTVDTKQAQDLARSYGIPFIETSAKTRQGVDDAFYTLVREIRKHKEK	True	68.265	83.835	86.186	90.00	110.90	90.00	/Users/mitchellparker/Desktop/rascore_build/core/4lyfC_core.cif	/Users/mitchellparker/Desktop/rascore_build/rcsb/4lyf.cif.gz	/Users/mitchellparker/Desktop/rascore_build/renum/4lyf_renum.cif	/Users/mitchellparker/Desktop/rascore_build/rcsb_assembly/4lyf-assembly-1.cif.gz	/Users/mitchellparker/Desktop/rascore_build/renum_assembly/4lyf-assembly-1_renum.cif	/Users/mitchellparker/Desktop/rascore_build/sifts/4lyf.xml.gz	/Users/mitchellparker/Desktop/rascore_build/pocket/4lyfC_2_pocket.pdb
4lyfC	4lyf	0	C	Disordered	Disordered	Disordered	Y71out	C 1 2 1 (CF3)	4lyfC3	3	GTPase KRas	RASK_HUMAN	P01116-2	G12C,C51S,C80L,C118S	G12,C51,C80,C118	KRAS	2P	G12C	None	None	None	None	Multiple-Unbound	C 1 2 1	170	2-29:39-64:68-167	2013-07-31	Other	267.2688	0.0355	Unbound	Unbound	73,74,75,76,104,106,108,109,110,163,166,167	GDP	None	None	None	None	None	None	None	None	None	None	GDP	None	None	None	None	None	STP	XRAY	1.568	0.170	GMTEYKLVVVGACGVGKSALTIQLIQNHFVDEYDPTIEDSYRKQVVIDGETSLLDILDTAGQEEYSAMRDQYMRTGEGFLLVFAINNTKSFEDIHHYREQIKRVKDSEDVPMVLVGNKSDLPSRTVDTKQAQDLARSYGIPFIETSAKTRQGVDDAFYTLVREIRKHKEK	True	68.265	83.835	86.186	90.00	110.90	90.00	/Users/mitchellparker/Desktop/rascore_build/core/4lyfC_core.cif	/Users/mitchellparker/Desktop/rascore_build/rcsb/4lyf.cif.gz	/Users/mitchellparker/Desktop/rascore_build/renum/4lyf_renum.cif	/Users/mitchellparker/Desktop/rascore_build/rcsb_assembly/4lyf-assembly-1.cif.gz	/Users/mitchellparker/Desktop/rascore_build/renum_assembly/4lyf-assembly-1_renum.cif	/Users/mitchellparker/Desktop/rascore_build/sifts/4lyf.xml.gz	/Users/mitchellparker/Desktop/rascore_build/pocket/4lyfC_3_pocket.pdb
4lyfC	4lyf	0	C	Disordered	Disordered	Disordered	Y71out	C 1 2 1 (CF3)	4lyfC4	4	GTPase KRas	RASK_HUMAN	P01116-2	G12C,C51S,C80L,C118S	G12,C51,C80,C118	KRAS	2P	G12C	None	None	None	None	Multiple-Unbound	C 1 2 1	170	2-29:39-64:68-167	2013-07-31	Other	277.8503	0.0040	Unbound	Unbound	94,95,98,99,102	GDP	None	None	None	None	None	None	None	None	None	None	GDP	None	None	None	None	None	STP	XRAY	1.568	0.170	GMTEYKLVVVGACGVGKSALTIQLIQNHFVDEYDPTIEDSYRKQVVIDGETSLLDILDTAGQEEYSAMRDQYMRTGEGFLLVFAINNTKSFEDIHHYREQIKRVKDSEDVPMVLVGNKSDLPSRTVDTKQAQDLARSYGIPFIETSAKTRQGVDDAFYTLVREIRKHKEK	True	68.265	83.835	86.186	90.00	110.90	90.00	/Users/mitchellparker/Desktop/rascore_build/core/4lyfC_core.cif	/Users/mitchellparker/Desktop/rascore_build/rcsb/4lyf.cif.gz	/Users/mitchellparker/Desktop/rascore_build/renum/4lyf_renum.cif	/Users/mitchellparker/Desktop/rascore_build/rcsb_assembly/4lyf-assembly-1.cif.gz	/Users/mitchellparker/Desktop/rascore_build/renum_assembly/4lyf-assembly-1_renum.cif	/Users/mitchellparker/Desktop/rascore_build/sifts/4lyf.xml.gz	/Users/mitchellparker/Desktop/rascore_build/pocket/4lyfC_4_pocket.pdb
4lyfC	4lyf	0	C	Disordered	Disordered	Disordered	Y71out	C 1 2 1 (CF3)	4lyfC5	5	GTPase KRas	RASK_HUMAN	P01116-2	G12C,C51S,C80L,C118S	G12,C51,C80,C118	KRAS	2P	G12C	None	None	None	None	Multiple-Unbound	C 1 2 1	170	2-29:39-64:68-167	2013-07-31	SP2	274.3614	0.0002	Unbound	Unbound	10,12,16,58,59,60,61,68,96	GDP	None	None	None	None	None	None	None	None	None	None	GDP	None	None	None	None	None	STP	XRAY	1.568	0.170	GMTEYKLVVVGACGVGKSALTIQLIQNHFVDEYDPTIEDSYRKQVVIDGETSLLDILDTAGQEEYSAMRDQYMRTGEGFLLVFAINNTKSFEDIHHYREQIKRVKDSEDVPMVLVGNKSDLPSRTVDTKQAQDLARSYGIPFIETSAKTRQGVDDAFYTLVREIRKHKEK	True	68.265	83.835	86.186	90.00	110.90	90.00	/Users/mitchellparker/Desktop/rascore_build/core/4lyfC_core.cif	/Users/mitchellparker/Desktop/rascore_build/rcsb/4lyf.cif.gz	/Users/mitchellparker/Desktop/rascore_build/renum/4lyf_renum.cif	/Users/mitchellparker/Desktop/rascore_build/rcsb_assembly/4lyf-assembly-1.cif.gz	/Users/mitchellparker/Desktop/rascore_build/renum_assembly/4lyf-assembly-1_renum.cif	/Users/mitchellparker/Desktop/rascore_build/sifts/4lyf.xml.gz	/Users/mitchellparker/Desktop/rascore_build/pocket/4lyfC_5_pocket.pdb
4lyfC	4lyf	0	C	Disordered	Disordered	Disordered	Y71out	C 1 2 1 (CF3)	4lyfC6	6	GTPase KRas	RASK_HUMAN	P01116-2	G12C,C51S,C80L,C118S	G12,C51,C80,C118	KRAS	2P	G12C	None	None	None	None	Multiple-Unbound	C 1 2 1	170	2-29:39-64:68-167	2013-07-31	Other	293.0215	0.0001	Unbound	Unbound	131,134,135,139,141	GDP	None	None	None	None	None	None	None	None	None	None	GDP	None	None	None	None	None	STP	XRAY	1.568	0.170	GMTEYKLVVVGACGVGKSALTIQLIQNHFVDEYDPTIEDSYRKQVVIDGETSLLDILDTAGQEEYSAMRDQYMRTGEGFLLVFAINNTKSFEDIHHYREQIKRVKDSEDVPMVLVGNKSDLPSRTVDTKQAQDLARSYGIPFIETSAKTRQGVDDAFYTLVREIRKHKEK	True	68.265	83.835	86.186	90.00	110.90	90.00	/Users/mitchellparker/Desktop/rascore_build/core/4lyfC_core.cif	/Users/mitchellparker/Desktop/rascore_build/rcsb/4lyf.cif.gz	/Users/mitchellparker/Desktop/rascore_build/renum/4lyf_renum.cif	/Users/mitchellparker/Desktop/rascore_build/rcsb_assembly/4lyf-assembly-1.cif.gz	/Users/mitchellparker/Desktop/rascore_build/renum_assembly/4lyf-assembly-1_renum.cif	/Users/mitchellparker/Desktop/rascore_build/sifts/4lyf.xml.gz	/Users/mitchellparker/Desktop/rascore_build/pocket/4lyfC_6_pocket.pdb
4lyhA	4lyh	0	A	Disordered	Outlier	Disordered	Y71out	C 1 2 1 (CF3)	4lyhA1	1	GTPase KRas	RASK_HUMAN	P01116-2	G12C,C51S,C80L,C118S	G12,C51,C80,C118	KRAS	2P	G12C	None	None	None	None	SP12-Unbound	C 1 2 1	170	1-30:36-168	2013-07-31	Other	151.2077	0.2031	Unbound	Unbound	17,18,21,27,28,29,36	SO4,GDP	None	None	None	None	None	None	None	None	None	None	GDP	None	None	SO4	None	None	STP	XRAY	1.371	0.165	GMTEYKLVVVGACGVGKSALTIQLIQNHFVDEYDPTIEDSYRKQVVIDGETSLLDILDTAGQEEYSAMRDQYMRTGEGFLLVFAINNTKSFEDIHHYREQIKRVKDSEDVPMVLVGNKSDLPSRTVDTKQAQDLARSYGIPFIETSAKTRQGVDDAFYTLVREIRKHKEK	True	68.029	83.525	86.975	90.00	111.13	90.00	/Users/mitchellparker/Desktop/rascore_build/core/4lyhA_core.cif	/Users/mitchellparker/Desktop/rascore_build/rcsb/4lyh.cif.gz	/Users/mitchellparker/Desktop/rascore_build/renum/4lyh_renum.cif	/Users/mitchellparker/Desktop/rascore_build/rcsb_assembly/4lyh-assembly-4.cif.gz	/Users/mitchellparker/Desktop/rascore_build/renum_assembly/4lyh-assembly-4_renum.cif	/Users/mitchellparker/Desktop/rascore_build/sifts/4lyh.xml.gz	/Users/mitchellparker/Desktop/rascore_build/pocket/4lyhA_1_pocket.pdb
4lyhA	4lyh	0	A	Disordered	Outlier	Disordered	Y71out	C 1 2 1 (CF3)	4lyhA2	2	GTPase KRas	RASK_HUMAN	P01116-2	G12C,C51S,C80L,C118S	G12,C51,C80,C118	KRAS	2P	G12C	None	None	None	None	SP12-Unbound	C 1 2 1	170	1-30:36-168	2013-07-31	Other	215.8362	0.0004	Unbound	Unbound	97,107,108,109,110,111,137,138,139,162,166	SO4,GDP	None	None	None	None	None	None	None	None	None	None	GDP	None	None	SO4	None	None	STP	XRAY	1.371	0.165	GMTEYKLVVVGACGVGKSALTIQLIQNHFVDEYDPTIEDSYRKQVVIDGETSLLDILDTAGQEEYSAMRDQYMRTGEGFLLVFAINNTKSFEDIHHYREQIKRVKDSEDVPMVLVGNKSDLPSRTVDTKQAQDLARSYGIPFIETSAKTRQGVDDAFYTLVREIRKHKEK	True	68.029	83.525	86.975	90.00	111.13	90.00	/Users/mitchellparker/Desktop/rascore_build/core/4lyhA_core.cif	/Users/mitchellparker/Desktop/rascore_build/rcsb/4lyh.cif.gz	/Users/mitchellparker/Desktop/rascore_build/renum/4lyh_renum.cif	/Users/mitchellparker/Desktop/rascore_build/rcsb_assembly/4lyh-assembly-4.cif.gz	/Users/mitchellparker/Desktop/rascore_build/renum_assembly/4lyh-assembly-4_renum.cif	/Users/mitchellparker/Desktop/rascore_build/sifts/4lyh.xml.gz	/Users/mitchellparker/Desktop/rascore_build/pocket/4lyhA_2_pocket.pdb
4lyhA	4lyh	0	A	Disordered	Outlier	Disordered	Y71out	C 1 2 1 (CF3)	4lyhA3	3	GTPase KRas	RASK_HUMAN	P01116-2	G12C,C51S,C80L,C118S	G12,C51,C80,C118	KRAS	2P	G12C	None	None	None	None	SP12-Unbound	C 1 2 1	170	1-30:36-168	2013-07-31	Other	149.7330	0.3514	Unbound	Unbound	76,104,108,109,110,163,166	SO4,GDP	None	None	None	None	None	None	None	None	None	None	GDP	None	None	SO4	None	None	STP	XRAY	1.371	0.165	GMTEYKLVVVGACGVGKSALTIQLIQNHFVDEYDPTIEDSYRKQVVIDGETSLLDILDTAGQEEYSAMRDQYMRTGEGFLLVFAINNTKSFEDIHHYREQIKRVKDSEDVPMVLVGNKSDLPSRTVDTKQAQDLARSYGIPFIETSAKTRQGVDDAFYTLVREIRKHKEK	True	68.029	83.525	86.975	90.00	111.13	90.00	/Users/mitchellparker/Desktop/rascore_build/core/4lyhA_core.cif	/Users/mitchellparker/Desktop/rascore_build/rcsb/4lyh.cif.gz	/Users/mitchellparker/Desktop/rascore_build/renum/4lyh_renum.cif	/Users/mitchellparker/Desktop/rascore_build/rcsb_assembly/4lyh-assembly-4.cif.gz	/Users/mitchellparker/Desktop/rascore_build/renum_assembly/4lyh-assembly-4_renum.cif	/Users/mitchellparker/Desktop/rascore_build/sifts/4lyh.xml.gz	/Users/mitchellparker/Desktop/rascore_build/pocket/4lyhA_3_pocket.pdb
4lyhA	4lyh	0	A	Disordered	Outlier	Disordered	Y71out	C 1 2 1 (CF3)	4lyhA4	4	GTPase KRas	RASK_HUMAN	P01116-2	G12C,C51S,C80L,C118S	G12,C51,C80,C118	KRAS	2P	G12C	None	None	None	None	SP12-Unbound	C 1 2 1	170	1-30:36-168	2013-07-31	SP12	134.7958	0.0024	Unbound	Unbound	39,40,41,54,71	SO4,GDP	None	None	None	None	None	None	None	None	None	None	GDP	None	None	SO4	None	None	STP	XRAY	1.371	0.165	GMTEYKLVVVGACGVGKSALTIQLIQNHFVDEYDPTIEDSYRKQVVIDGETSLLDILDTAGQEEYSAMRDQYMRTGEGFLLVFAINNTKSFEDIHHYREQIKRVKDSEDVPMVLVGNKSDLPSRTVDTKQAQDLARSYGIPFIETSAKTRQGVDDAFYTLVREIRKHKEK	True	68.029	83.525	86.975	90.00	111.13	90.00	/Users/mitchellparker/Desktop/rascore_build/core/4lyhA_core.cif	/Users/mitchellparker/Desktop/rascore_build/rcsb/4lyh.cif.gz	/Users/mitchellparker/Desktop/rascore_build/renum/4lyh_renum.cif	/Users/mitchellparker/Desktop/rascore_build/rcsb_assembly/4lyh-assembly-4.cif.gz	/Users/mitchellparker/Desktop/rascore_build/renum_assembly/4lyh-assembly-4_renum.cif	/Users/mitchellparker/Desktop/rascore_build/sifts/4lyh.xml.gz	/Users/mitchellparker/Desktop/rascore_build/pocket/4lyhA_4_pocket.pdb
4lyhB	4lyh	0	B	Disordered	Outlier	Disordered	Y71out	C 1 2 1 (CF3)	4lyhB1	1	GTPase KRas	RASK_HUMAN	P01116-2	G12C,C51S,C80L,C118S	G12,C51,C80,C118	KRAS	2P	G12C	SP2	SP2.Sulfonamide	None	None	SP2-Bound	C 1 2 1	170	1-29:40-169	2013-07-31	SP2	543.4004	0.7309	Bound	SP2	7,8,9,10,16,58,62,68,71,72,95,96,99,100	21F,GDP	None	21F:62,12,10,9,71,72,68,7,58,96,63,99,100	None	None	SP2	SP2.Sulfonamide	21F:CCS(=O)(=O)NC1CCN(C(=O)CNc2cc(I)c(Cl)cc2OC)CC1	None	None	None	GDP	None	21F	None	None	None	21F	XRAY	1.371	0.165	GMTEYKLVVVGACGVGKSALTIQLIQNHFVDEYDPTIEDSYRKQVVIDGETSLLDILDTAGQEEYSAMRDQYMRTGEGFLLVFAINNTKSFEDIHHYREQIKRVKDSEDVPMVLVGNKSDLPSRTVDTKQAQDLARSYGIPFIETSAKTRQGVDDAFYTLVREIRKHKEK	True	68.029	83.525	86.975	90.00	111.13	90.00	/Users/mitchellparker/Desktop/rascore_build/core/4lyhB_core.cif	/Users/mitchellparker/Desktop/rascore_build/rcsb/4lyh.cif.gz	/Users/mitchellparker/Desktop/rascore_build/renum/4lyh_renum.cif	/Users/mitchellparker/Desktop/rascore_build/rcsb_assembly/4lyh-assembly-4.cif.gz	/Users/mitchellparker/Desktop/rascore_build/renum_assembly/4lyh-assembly-4_renum.cif	/Users/mitchellparker/Desktop/rascore_build/sifts/4lyh.xml.gz	/Users/mitchellparker/Desktop/rascore_build/pocket/4lyhB_1_pocket.pdb
4lyjA	4lyj	0	A	Outlier	Outlier	Y32in	Y71out	P 21 21 21 (CF6)	4lyjA1	1	GTPase KRas	RASK_HUMAN	P01116-2	G12C,C51S,C80L,C118S	G12,C51,C80,C118	KRAS	2P	G12C	SP2	SP2.Sulfonamide	None	None	SP2-Bound	P 21 21 21	170	2-167	2013-07-31	SP2	649.6733	0.8198	Bound	SP2	7,8,9,10,11,12,16,58,62,63,68,71,72,96,99,100	MG,21F,GDP	None	21F:62,12,10,9,71,72,68,58,8,96,63,99,100	None	None	SP2	SP2.Sulfonamide	21F:CCS(=O)(=O)NC1CCN(C(=O)CNc2cc(I)c(Cl)cc2OC)CC1	None	None	None	GDP	MG	21F	None	None	None	21F	XRAY	1.927	0.182	GMTEYKLVVVGACGVGKSALTIQLIQNHFVDEYDPTIEDSYRKQVVIDGETSLLDILDTAGQEEYSAMRDQYMRTGEGFLLVFAINNTKSFEDIHHYREQIKRVKDSEDVPMVLVGNKSDLPSRTVDTKQAQDLARSYGIPFIETSAKTRQGVDDAFYTLVREIRKHKEK	True	38.775	43.195	87.536	90.000	90.000	90.000	/Users/mitchellparker/Desktop/rascore_build/core/4lyjA_core.cif	/Users/mitchellparker/Desktop/rascore_build/rcsb/4lyj.cif.gz	/Users/mitchellparker/Desktop/rascore_build/renum/4lyj_renum.cif	/Users/mitchellparker/Desktop/rascore_build/rcsb_assembly/4lyj-assembly-1.cif.gz	/Users/mitchellparker/Desktop/rascore_build/renum_assembly/4lyj-assembly-1_renum.cif	/Users/mitchellparker/Desktop/rascore_build/sifts/4lyj.xml.gz	/Users/mitchellparker/Desktop/rascore_build/pocket/4lyjA_1_pocket.pdb
4m1oA	4m1o	0	A	Disordered	Outlier	Disordered	Y71out	C 1 2 1 (CF3)	4m1oA1	1	GTPase KRas	RASK_HUMAN	P01116-2	G12C,C51S,C80L,C118S	G12,C51,C80,C118	KRAS	2P	G12C	None	None	None	None	Other-Unbound	C 1 2 1	170	1-30:37-167	2013-08-03	Other	227.1463	0.2041	Unbound	Unbound	17,18,21,27,28,29	GDP	None	None	None	None	None	None	None	None	None	None	GDP	None	None	None	None	None	STP	XRAY	1.571	0.184	GMTEYKLVVVGACGVGKSALTIQLIQNHFVDEYDPTIEDSYRKQVVIDGETSLLDILDTAGQEEYSAMRDQYMRTGEGFLLVFAINNTKSFEDIHHYREQIKRVKDSEDVPMVLVGNKSDLPSRTVDTKQAQDLARSYGIPFIETSAKTRQGVDDAFYTLVREIRKHKEK	True	68.333	84.163	86.432	90.00	110.95	90.00	/Users/mitchellparker/Desktop/rascore_build/core/4m1oA_core.cif	/Users/mitchellparker/Desktop/rascore_build/rcsb/4m1o.cif.gz	/Users/mitchellparker/Desktop/rascore_build/renum/4m1o_renum.cif	/Users/mitchellparker/Desktop/rascore_build/rcsb_assembly/4m1o-assembly-1.cif.gz	/Users/mitchellparker/Desktop/rascore_build/renum_assembly/4m1o-assembly-1_renum.cif	/Users/mitchellparker/Desktop/rascore_build/sifts/4m1o.xml.gz	/Users/mitchellparker/Desktop/rascore_build/pocket/4m1oA_1_pocket.pdb
4m1oA	4m1o	0	A	Disordered	Outlier	Disordered	Y71out	C 1 2 1 (CF3)	4m1oA2	2	GTPase KRas	RASK_HUMAN	P01116-2	G12C,C51S,C80L,C118S	G12,C51,C80,C118	KRAS	2P	G12C	None	None	None	None	Other-Unbound	C 1 2 1	170	1-30:37-167	2013-08-03	Other	233.5569	0.2238	Unbound	Unbound	75,76,104,108,109,110,163,166,167	GDP	None	None	None	None	None	None	None	None	None	None	GDP	None	None	None	None	None	STP	XRAY	1.571	0.184	GMTEYKLVVVGACGVGKSALTIQLIQNHFVDEYDPTIEDSYRKQVVIDGETSLLDILDTAGQEEYSAMRDQYMRTGEGFLLVFAINNTKSFEDIHHYREQIKRVKDSEDVPMVLVGNKSDLPSRTVDTKQAQDLARSYGIPFIETSAKTRQGVDDAFYTLVREIRKHKEK	True	68.333	84.163	86.432	90.00	110.95	90.00	/Users/mitchellparker/Desktop/rascore_build/core/4m1oA_core.cif	/Users/mitchellparker/Desktop/rascore_build/rcsb/4m1o.cif.gz	/Users/mitchellparker/Desktop/rascore_build/renum/4m1o_renum.cif	/Users/mitchellparker/Desktop/rascore_build/rcsb_assembly/4m1o-assembly-1.cif.gz	/Users/mitchellparker/Desktop/rascore_build/renum_assembly/4m1o-assembly-1_renum.cif	/Users/mitchellparker/Desktop/rascore_build/sifts/4m1o.xml.gz	/Users/mitchellparker/Desktop/rascore_build/pocket/4m1oA_2_pocket.pdb
4m1oB	4m1o	0	B	Disordered	Outlier	Disordered	Y71out	C 1 2 1 (CF3)	4m1oB1	1	GTPase KRas	RASK_HUMAN	P01116-2	G12C,C51S,C80L,C118S	G12,C51,C80,C118	KRAS	2P	G12C	SP2	SP2.Sulfonamide	None	None	SP2-Bound	C 1 2 1	170	1-29:38-168	2013-08-03	SP2	401.2973	0.7066	Bound	SP2	7,8,9,10,16,58,62,68,71,72,96,99,100	21J,GDP	None	21J:68,9,72,99,62,10,12,63,96,100,71,16,58,8	None	None	SP2	SP2.Sulfonamide	21J:CCS(=O)(=O)NC1CCN(C(=O)COc2c(Cl)cc(Cl)c3c2OC(C)(C)O3)CC1	None	None	None	GDP	None	21J	None	None	None	21J	XRAY	1.571	0.184	GMTEYKLVVVGACGVGKSALTIQLIQNHFVDEYDPTIEDSYRKQVVIDGETSLLDILDTAGQEEYSAMRDQYMRTGEGFLLVFAINNTKSFEDIHHYREQIKRVKDSEDVPMVLVGNKSDLPSRTVDTKQAQDLARSYGIPFIETSAKTRQGVDDAFYTLVREIRKHKEK	True	68.333	84.163	86.432	90.00	110.95	90.00	/Users/mitchellparker/Desktop/rascore_build/core/4m1oB_core.cif	/Users/mitchellparker/Desktop/rascore_build/rcsb/4m1o.cif.gz	/Users/mitchellparker/Desktop/rascore_build/renum/4m1o_renum.cif	/Users/mitchellparker/Desktop/rascore_build/rcsb_assembly/4m1o-assembly-1.cif.gz	/Users/mitchellparker/Desktop/rascore_build/renum_assembly/4m1o-assembly-1_renum.cif	/Users/mitchellparker/Desktop/rascore_build/sifts/4m1o.xml.gz	/Users/mitchellparker/Desktop/rascore_build/pocket/4m1oB_1_pocket.pdb
4m1oC	4m1o	0	C	Disordered	Disordered	Disordered	Y71out	C 1 2 1 (CF3)	4m1oC1	1	GTPase KRas	RASK_HUMAN	P01116-2	G12C,C51S,C80L,C118S	G12,C51,C80,C118	KRAS	2P	G12C	None	None	None	None	Multiple-Unbound	C 1 2 1	170	1-29:39-60:68-167	2013-08-03	SP2	617.0262	0.6542	Unbound	Unbound	7,9,10,12,16,56,57,58,59,60,68,71,72,96,99	GDP	None	None	None	None	None	None	None	None	None	None	GDP	None	None	None	None	None	STP	XRAY	1.571	0.184	GMTEYKLVVVGACGVGKSALTIQLIQNHFVDEYDPTIEDSYRKQVVIDGETSLLDILDTAGQEEYSAMRDQYMRTGEGFLLVFAINNTKSFEDIHHYREQIKRVKDSEDVPMVLVGNKSDLPSRTVDTKQAQDLARSYGIPFIETSAKTRQGVDDAFYTLVREIRKHKEK	True	68.333	84.163	86.432	90.00	110.95	90.00	/Users/mitchellparker/Desktop/rascore_build/core/4m1oC_core.cif	/Users/mitchellparker/Desktop/rascore_build/rcsb/4m1o.cif.gz	/Users/mitchellparker/Desktop/rascore_build/renum/4m1o_renum.cif	/Users/mitchellparker/Desktop/rascore_build/rcsb_assembly/4m1o-assembly-1.cif.gz	/Users/mitchellparker/Desktop/rascore_build/renum_assembly/4m1o-assembly-1_renum.cif	/Users/mitchellparker/Desktop/rascore_build/sifts/4m1o.xml.gz	/Users/mitchellparker/Desktop/rascore_build/pocket/4m1oC_1_pocket.pdb
4m1oC	4m1o	0	C	Disordered	Disordered	Disordered	Y71out	C 1 2 1 (CF3)	4m1oC2	2	GTPase KRas	RASK_HUMAN	P01116-2	G12C,C51S,C80L,C118S	G12,C51,C80,C118	KRAS	2P	G12C	None	None	None	None	Multiple-Unbound	C 1 2 1	170	1-29:39-60:68-167	2013-08-03	SP12	210.3911	0.0422	Unbound	Unbound	5,6,7,39,40,54,55,56,71,74,75	GDP	None	None	None	None	None	None	None	None	None	None	GDP	None	None	None	None	None	STP	XRAY	1.571	0.184	GMTEYKLVVVGACGVGKSALTIQLIQNHFVDEYDPTIEDSYRKQVVIDGETSLLDILDTAGQEEYSAMRDQYMRTGEGFLLVFAINNTKSFEDIHHYREQIKRVKDSEDVPMVLVGNKSDLPSRTVDTKQAQDLARSYGIPFIETSAKTRQGVDDAFYTLVREIRKHKEK	True	68.333	84.163	86.432	90.00	110.95	90.00	/Users/mitchellparker/Desktop/rascore_build/core/4m1oC_core.cif	/Users/mitchellparker/Desktop/rascore_build/rcsb/4m1o.cif.gz	/Users/mitchellparker/Desktop/rascore_build/renum/4m1o_renum.cif	/Users/mitchellparker/Desktop/rascore_build/rcsb_assembly/4m1o-assembly-1.cif.gz	/Users/mitchellparker/Desktop/rascore_build/renum_assembly/4m1o-assembly-1_renum.cif	/Users/mitchellparker/Desktop/rascore_build/sifts/4m1o.xml.gz	/Users/mitchellparker/Desktop/rascore_build/pocket/4m1oC_2_pocket.pdb
4m1oC	4m1o	0	C	Disordered	Disordered	Disordered	Y71out	C 1 2 1 (CF3)	4m1oC3	3	GTPase KRas	RASK_HUMAN	P01116-2	G12C,C51S,C80L,C118S	G12,C51,C80,C118	KRAS	2P	G12C	None	None	None	None	Multiple-Unbound	C 1 2 1	170	1-29:39-60:68-167	2013-08-03	Other	202.0585	0.0002	Unbound	Unbound	97,107,108,109,110,111,137,138,139,162,165,166	GDP	None	None	None	None	None	None	None	None	None	None	GDP	None	None	None	None	None	STP	XRAY	1.571	0.184	GMTEYKLVVVGACGVGKSALTIQLIQNHFVDEYDPTIEDSYRKQVVIDGETSLLDILDTAGQEEYSAMRDQYMRTGEGFLLVFAINNTKSFEDIHHYREQIKRVKDSEDVPMVLVGNKSDLPSRTVDTKQAQDLARSYGIPFIETSAKTRQGVDDAFYTLVREIRKHKEK	True	68.333	84.163	86.432	90.00	110.95	90.00	/Users/mitchellparker/Desktop/rascore_build/core/4m1oC_core.cif	/Users/mitchellparker/Desktop/rascore_build/rcsb/4m1o.cif.gz	/Users/mitchellparker/Desktop/rascore_build/renum/4m1o_renum.cif	/Users/mitchellparker/Desktop/rascore_build/rcsb_assembly/4m1o-assembly-1.cif.gz	/Users/mitchellparker/Desktop/rascore_build/renum_assembly/4m1o-assembly-1_renum.cif	/Users/mitchellparker/Desktop/rascore_build/sifts/4m1o.xml.gz	/Users/mitchellparker/Desktop/rascore_build/pocket/4m1oC_3_pocket.pdb
4m1oC	4m1o	0	C	Disordered	Disordered	Disordered	Y71out	C 1 2 1 (CF3)	4m1oC4	4	GTPase KRas	RASK_HUMAN	P01116-2	G12C,C51S,C80L,C118S	G12,C51,C80,C118	KRAS	2P	G12C	None	None	None	None	Multiple-Unbound	C 1 2 1	170	1-29:39-60:68-167	2013-08-03	Other	216.9828	0.0361	Unbound	Unbound	17,20,21,24,25,40,57	GDP	None	None	None	None	None	None	None	None	None	None	GDP	None	None	None	None	None	STP	XRAY	1.571	0.184	GMTEYKLVVVGACGVGKSALTIQLIQNHFVDEYDPTIEDSYRKQVVIDGETSLLDILDTAGQEEYSAMRDQYMRTGEGFLLVFAINNTKSFEDIHHYREQIKRVKDSEDVPMVLVGNKSDLPSRTVDTKQAQDLARSYGIPFIETSAKTRQGVDDAFYTLVREIRKHKEK	True	68.333	84.163	86.432	90.00	110.95	90.00	/Users/mitchellparker/Desktop/rascore_build/core/4m1oC_core.cif	/Users/mitchellparker/Desktop/rascore_build/rcsb/4m1o.cif.gz	/Users/mitchellparker/Desktop/rascore_build/renum/4m1o_renum.cif	/Users/mitchellparker/Desktop/rascore_build/rcsb_assembly/4m1o-assembly-1.cif.gz	/Users/mitchellparker/Desktop/rascore_build/renum_assembly/4m1o-assembly-1_renum.cif	/Users/mitchellparker/Desktop/rascore_build/sifts/4m1o.xml.gz	/Users/mitchellparker/Desktop/rascore_build/pocket/4m1oC_4_pocket.pdb
4m1oC	4m1o	0	C	Disordered	Disordered	Disordered	Y71out	C 1 2 1 (CF3)	4m1oC5	5	GTPase KRas	RASK_HUMAN	P01116-2	G12C,C51S,C80L,C118S	G12,C51,C80,C118	KRAS	2P	G12C	None	None	None	None	Multiple-Unbound	C 1 2 1	170	1-29:39-60:68-167	2013-08-03	Other	250.5539	0.0006	Unbound	Unbound	11,12,86,88,89,92,96	GDP	None	None	None	None	None	None	None	None	None	None	GDP	None	None	None	None	None	STP	XRAY	1.571	0.184	GMTEYKLVVVGACGVGKSALTIQLIQNHFVDEYDPTIEDSYRKQVVIDGETSLLDILDTAGQEEYSAMRDQYMRTGEGFLLVFAINNTKSFEDIHHYREQIKRVKDSEDVPMVLVGNKSDLPSRTVDTKQAQDLARSYGIPFIETSAKTRQGVDDAFYTLVREIRKHKEK	True	68.333	84.163	86.432	90.00	110.95	90.00	/Users/mitchellparker/Desktop/rascore_build/core/4m1oC_core.cif	/Users/mitchellparker/Desktop/rascore_build/rcsb/4m1o.cif.gz	/Users/mitchellparker/Desktop/rascore_build/renum/4m1o_renum.cif	/Users/mitchellparker/Desktop/rascore_build/rcsb_assembly/4m1o-assembly-1.cif.gz	/Users/mitchellparker/Desktop/rascore_build/renum_assembly/4m1o-assembly-1_renum.cif	/Users/mitchellparker/Desktop/rascore_build/sifts/4m1o.xml.gz	/Users/mitchellparker/Desktop/rascore_build/pocket/4m1oC_5_pocket.pdb
4m1oC	4m1o	0	C	Disordered	Disordered	Disordered	Y71out	C 1 2 1 (CF3)	4m1oC6	6	GTPase KRas	RASK_HUMAN	P01116-2	G12C,C51S,C80L,C118S	G12,C51,C80,C118	KRAS	2P	G12C	None	None	None	None	Multiple-Unbound	C 1 2 1	170	1-29:39-60:68-167	2013-08-03	Other	224.9767	0.0014	Unbound	Unbound	73,74,75,76,104,110,163,166,167	GDP	None	None	None	None	None	None	None	None	None	None	GDP	None	None	None	None	None	STP	XRAY	1.571	0.184	GMTEYKLVVVGACGVGKSALTIQLIQNHFVDEYDPTIEDSYRKQVVIDGETSLLDILDTAGQEEYSAMRDQYMRTGEGFLLVFAINNTKSFEDIHHYREQIKRVKDSEDVPMVLVGNKSDLPSRTVDTKQAQDLARSYGIPFIETSAKTRQGVDDAFYTLVREIRKHKEK	True	68.333	84.163	86.432	90.00	110.95	90.00	/Users/mitchellparker/Desktop/rascore_build/core/4m1oC_core.cif	/Users/mitchellparker/Desktop/rascore_build/rcsb/4m1o.cif.gz	/Users/mitchellparker/Desktop/rascore_build/renum/4m1o_renum.cif	/Users/mitchellparker/Desktop/rascore_build/rcsb_assembly/4m1o-assembly-1.cif.gz	/Users/mitchellparker/Desktop/rascore_build/renum_assembly/4m1o-assembly-1_renum.cif	/Users/mitchellparker/Desktop/rascore_build/sifts/4m1o.xml.gz	/Users/mitchellparker/Desktop/rascore_build/pocket/4m1oC_6_pocket.pdb
4m1sA	4m1s	0	A	Disordered	Outlier	Disordered	Disordered	C 1 2 1 (CF3)	4m1sA1	1	GTPase KRas	RASK_HUMAN	P01116-2	G12C,C51S,C80L,C118S	G12,C51,C80,C118	KRAS	2P	G12C	None	None	None	None	Other-Unbound	C 1 2 1	170	1-30:37-167	2013-08-04	Other	260.6829	0.1099	Unbound	Unbound	87,90,91,94,124,125,129,133,137	GDP	None	None	None	None	None	None	None	None	None	None	GDP	None	None	None	None	None	STP	XRAY	1.552	0.180	GMTEYKLVVVGACGVGKSALTIQLIQNHFVDEYDPTIEDSYRKQVVIDGETSLLDILDTAGQEEYSAMRDQYMRTGEGFLLVFAINNTKSFEDIHHYREQIKRVKDSEDVPMVLVGNKSDLPSRTVDTKQAQDLARSYGIPFIETSAKTRQGVDDAFYTLVREIRKHKEK	True	68.493	84.821	86.778	90.000	110.930	90.000	/Users/mitchellparker/Desktop/rascore_build/core/4m1sA_core.cif	/Users/mitchellparker/Desktop/rascore_build/rcsb/4m1s.cif.gz	/Users/mitchellparker/Desktop/rascore_build/renum/4m1s_renum.cif	/Users/mitchellparker/Desktop/rascore_build/rcsb_assembly/4m1s-assembly-2.cif.gz	/Users/mitchellparker/Desktop/rascore_build/renum_assembly/4m1s-assembly-2_renum.cif	/Users/mitchellparker/Desktop/rascore_build/sifts/4m1s.xml.gz	/Users/mitchellparker/Desktop/rascore_build/pocket/4m1sA_1_pocket.pdb
4m1sA	4m1s	0	A	Disordered	Outlier	Disordered	Disordered	C 1 2 1 (CF3)	4m1sA2	2	GTPase KRas	RASK_HUMAN	P01116-2	G12C,C51S,C80L,C118S	G12,C51,C80,C118	KRAS	2P	G12C	None	None	None	None	Other-Unbound	C 1 2 1	170	1-30:37-167	2013-08-04	Other	239.2118	0.4072	Unbound	Unbound	17,18,21,27,28,29	GDP	None	None	None	None	None	None	None	None	None	None	GDP	None	None	None	None	None	STP	XRAY	1.552	0.180	GMTEYKLVVVGACGVGKSALTIQLIQNHFVDEYDPTIEDSYRKQVVIDGETSLLDILDTAGQEEYSAMRDQYMRTGEGFLLVFAINNTKSFEDIHHYREQIKRVKDSEDVPMVLVGNKSDLPSRTVDTKQAQDLARSYGIPFIETSAKTRQGVDDAFYTLVREIRKHKEK	True	68.493	84.821	86.778	90.000	110.930	90.000	/Users/mitchellparker/Desktop/rascore_build/core/4m1sA_core.cif	/Users/mitchellparker/Desktop/rascore_build/rcsb/4m1s.cif.gz	/Users/mitchellparker/Desktop/rascore_build/renum/4m1s_renum.cif	/Users/mitchellparker/Desktop/rascore_build/rcsb_assembly/4m1s-assembly-2.cif.gz	/Users/mitchellparker/Desktop/rascore_build/renum_assembly/4m1s-assembly-2_renum.cif	/Users/mitchellparker/Desktop/rascore_build/sifts/4m1s.xml.gz	/Users/mitchellparker/Desktop/rascore_build/pocket/4m1sA_2_pocket.pdb
4m1sA	4m1s	0	A	Disordered	Outlier	Disordered	Disordered	C 1 2 1 (CF3)	4m1sA3	3	GTPase KRas	RASK_HUMAN	P01116-2	G12C,C51S,C80L,C118S	G12,C51,C80,C118	KRAS	2P	G12C	None	None	None	None	Other-Unbound	C 1 2 1	170	1-30:37-167	2013-08-04	Other	178.1839	0.2585	Unbound	Unbound	75,76,104,108,109,110,163,166	GDP	None	None	None	None	None	None	None	None	None	None	GDP	None	None	None	None	None	STP	XRAY	1.552	0.180	GMTEYKLVVVGACGVGKSALTIQLIQNHFVDEYDPTIEDSYRKQVVIDGETSLLDILDTAGQEEYSAMRDQYMRTGEGFLLVFAINNTKSFEDIHHYREQIKRVKDSEDVPMVLVGNKSDLPSRTVDTKQAQDLARSYGIPFIETSAKTRQGVDDAFYTLVREIRKHKEK	True	68.493	84.821	86.778	90.000	110.930	90.000	/Users/mitchellparker/Desktop/rascore_build/core/4m1sA_core.cif	/Users/mitchellparker/Desktop/rascore_build/rcsb/4m1s.cif.gz	/Users/mitchellparker/Desktop/rascore_build/renum/4m1s_renum.cif	/Users/mitchellparker/Desktop/rascore_build/rcsb_assembly/4m1s-assembly-2.cif.gz	/Users/mitchellparker/Desktop/rascore_build/renum_assembly/4m1s-assembly-2_renum.cif	/Users/mitchellparker/Desktop/rascore_build/sifts/4m1s.xml.gz	/Users/mitchellparker/Desktop/rascore_build/pocket/4m1sA_3_pocket.pdb
4m1sA	4m1s	0	A	Disordered	Outlier	Disordered	Disordered	C 1 2 1 (CF3)	4m1sA4	4	GTPase KRas	RASK_HUMAN	P01116-2	G12C,C51S,C80L,C118S	G12,C51,C80,C118	KRAS	2P	G12C	None	None	None	None	Other-Unbound	C 1 2 1	170	1-30:37-167	2013-08-04	Other	279.9647	0.0026	Unbound	Unbound	24,25,37,39,40,41,54	GDP	None	None	None	None	None	None	None	None	None	None	GDP	None	None	None	None	None	STP	XRAY	1.552	0.180	GMTEYKLVVVGACGVGKSALTIQLIQNHFVDEYDPTIEDSYRKQVVIDGETSLLDILDTAGQEEYSAMRDQYMRTGEGFLLVFAINNTKSFEDIHHYREQIKRVKDSEDVPMVLVGNKSDLPSRTVDTKQAQDLARSYGIPFIETSAKTRQGVDDAFYTLVREIRKHKEK	True	68.493	84.821	86.778	90.000	110.930	90.000	/Users/mitchellparker/Desktop/rascore_build/core/4m1sA_core.cif	/Users/mitchellparker/Desktop/rascore_build/rcsb/4m1s.cif.gz	/Users/mitchellparker/Desktop/rascore_build/renum/4m1s_renum.cif	/Users/mitchellparker/Desktop/rascore_build/rcsb_assembly/4m1s-assembly-2.cif.gz	/Users/mitchellparker/Desktop/rascore_build/renum_assembly/4m1s-assembly-2_renum.cif	/Users/mitchellparker/Desktop/rascore_build/sifts/4m1s.xml.gz	/Users/mitchellparker/Desktop/rascore_build/pocket/4m1sA_4_pocket.pdb
4m1sB	4m1s	0	B	Disordered	Outlier	Disordered	Y71out	C 1 2 1 (CF3)	4m1sB1	1	GTPase KRas	RASK_HUMAN	P01116-2	G12C,C51S,C80L,C118S	G12,C51,C80,C118	KRAS	2P	G12C	SP2	SP2.Sulfonamide	None	None	SP2-Bound	C 1 2 1	170	1-29:39-168	2013-08-04	SP2	623.5637	0.9361	Bound	SP2	7,8,9,10,12,16,17,58,59,61,63,68,71,72,96,99,100	21K,GDP	None	21K:68,9,63,61,12,10,96,7,58,72,71,99	None	None	SP2	SP2.Sulfonamide	21K:CCS(=O)(=O)NC1CCN(C(=O)CNc2ccc(Cl)cc2Cl)CC1	None	None	None	GDP	None	21K	None	None	None	21K	XRAY	1.552	0.180	GMTEYKLVVVGACGVGKSALTIQLIQNHFVDEYDPTIEDSYRKQVVIDGETSLLDILDTAGQEEYSAMRDQYMRTGEGFLLVFAINNTKSFEDIHHYREQIKRVKDSEDVPMVLVGNKSDLPSRTVDTKQAQDLARSYGIPFIETSAKTRQGVDDAFYTLVREIRKHKEK	True	68.493	84.821	86.778	90.000	110.930	90.000	/Users/mitchellparker/Desktop/rascore_build/core/4m1sB_core.cif	/Users/mitchellparker/Desktop/rascore_build/rcsb/4m1s.cif.gz	/Users/mitchellparker/Desktop/rascore_build/renum/4m1s_renum.cif	/Users/mitchellparker/Desktop/rascore_build/rcsb_assembly/4m1s-assembly-2.cif.gz	/Users/mitchellparker/Desktop/rascore_build/renum_assembly/4m1s-assembly-2_renum.cif	/Users/mitchellparker/Desktop/rascore_build/sifts/4m1s.xml.gz	/Users/mitchellparker/Desktop/rascore_build/pocket/4m1sB_1_pocket.pdb
4m1sC	4m1s	0	C	Disordered	Disordered	Disordered	Disordered	C 1 2 1 (CF3)	4m1sC1	1	GTPase KRas	RASK_HUMAN	P01116-2	G12C,C51S,C80L,C118S	G12,C51,C80,C118	KRAS	2P	G12C	None	None	None	None	Multiple-Unbound	C 1 2 1	170	1-28:39-59:69-167	2013-08-04	Other	219.0974	0.0002	Unbound	Unbound	97,107,108,109,110,111,137,138,139,162,165,166	GDP	None	None	None	None	None	None	None	None	None	None	GDP	None	None	None	None	None	STP	XRAY	1.552	0.180	GMTEYKLVVVGACGVGKSALTIQLIQNHFVDEYDPTIEDSYRKQVVIDGETSLLDILDTAGQEEYSAMRDQYMRTGEGFLLVFAINNTKSFEDIHHYREQIKRVKDSEDVPMVLVGNKSDLPSRTVDTKQAQDLARSYGIPFIETSAKTRQGVDDAFYTLVREIRKHKEK	True	68.493	84.821	86.778	90.000	110.930	90.000	/Users/mitchellparker/Desktop/rascore_build/core/4m1sC_core.cif	/Users/mitchellparker/Desktop/rascore_build/rcsb/4m1s.cif.gz	/Users/mitchellparker/Desktop/rascore_build/renum/4m1s_renum.cif	/Users/mitchellparker/Desktop/rascore_build/rcsb_assembly/4m1s-assembly-2.cif.gz	/Users/mitchellparker/Desktop/rascore_build/renum_assembly/4m1s-assembly-2_renum.cif	/Users/mitchellparker/Desktop/rascore_build/sifts/4m1s.xml.gz	/Users/mitchellparker/Desktop/rascore_build/pocket/4m1sC_1_pocket.pdb
4m1sC	4m1s	0	C	Disordered	Disordered	Disordered	Disordered	C 1 2 1 (CF3)	4m1sC2	2	GTPase KRas	RASK_HUMAN	P01116-2	G12C,C51S,C80L,C118S	G12,C51,C80,C118	KRAS	2P	G12C	None	None	None	None	Multiple-Unbound	C 1 2 1	170	1-28:39-59:69-167	2013-08-04	SP2	391.5126	0.0130	Unbound	Unbound	9,10,12,16,58,59,72,96	GDP	None	None	None	None	None	None	None	None	None	None	GDP	None	None	None	None	None	STP	XRAY	1.552	0.180	GMTEYKLVVVGACGVGKSALTIQLIQNHFVDEYDPTIEDSYRKQVVIDGETSLLDILDTAGQEEYSAMRDQYMRTGEGFLLVFAINNTKSFEDIHHYREQIKRVKDSEDVPMVLVGNKSDLPSRTVDTKQAQDLARSYGIPFIETSAKTRQGVDDAFYTLVREIRKHKEK	True	68.493	84.821	86.778	90.000	110.930	90.000	/Users/mitchellparker/Desktop/rascore_build/core/4m1sC_core.cif	/Users/mitchellparker/Desktop/rascore_build/rcsb/4m1s.cif.gz	/Users/mitchellparker/Desktop/rascore_build/renum/4m1s_renum.cif	/Users/mitchellparker/Desktop/rascore_build/rcsb_assembly/4m1s-assembly-2.cif.gz	/Users/mitchellparker/Desktop/rascore_build/renum_assembly/4m1s-assembly-2_renum.cif	/Users/mitchellparker/Desktop/rascore_build/sifts/4m1s.xml.gz	/Users/mitchellparker/Desktop/rascore_build/pocket/4m1sC_2_pocket.pdb
4m1sC	4m1s	0	C	Disordered	Disordered	Disordered	Disordered	C 1 2 1 (CF3)	4m1sC3	3	GTPase KRas	RASK_HUMAN	P01116-2	G12C,C51S,C80L,C118S	G12,C51,C80,C118	KRAS	2P	G12C	None	None	None	None	Multiple-Unbound	C 1 2 1	170	1-28:39-59:69-167	2013-08-04	Other	211.7410	0.0383	Unbound	Unbound	11,12,86,88,89,92,96	GDP	None	None	None	None	None	None	None	None	None	None	GDP	None	None	None	None	None	STP	XRAY	1.552	0.180	GMTEYKLVVVGACGVGKSALTIQLIQNHFVDEYDPTIEDSYRKQVVIDGETSLLDILDTAGQEEYSAMRDQYMRTGEGFLLVFAINNTKSFEDIHHYREQIKRVKDSEDVPMVLVGNKSDLPSRTVDTKQAQDLARSYGIPFIETSAKTRQGVDDAFYTLVREIRKHKEK	True	68.493	84.821	86.778	90.000	110.930	90.000	/Users/mitchellparker/Desktop/rascore_build/core/4m1sC_core.cif	/Users/mitchellparker/Desktop/rascore_build/rcsb/4m1s.cif.gz	/Users/mitchellparker/Desktop/rascore_build/renum/4m1s_renum.cif	/Users/mitchellparker/Desktop/rascore_build/rcsb_assembly/4m1s-assembly-2.cif.gz	/Users/mitchellparker/Desktop/rascore_build/renum_assembly/4m1s-assembly-2_renum.cif	/Users/mitchellparker/Desktop/rascore_build/sifts/4m1s.xml.gz	/Users/mitchellparker/Desktop/rascore_build/pocket/4m1sC_3_pocket.pdb
4m1sC	4m1s	0	C	Disordered	Disordered	Disordered	Disordered	C 1 2 1 (CF3)	4m1sC4	4	GTPase KRas	RASK_HUMAN	P01116-2	G12C,C51S,C80L,C118S	G12,C51,C80,C118	KRAS	2P	G12C	None	None	None	None	Multiple-Unbound	C 1 2 1	170	1-28:39-59:69-167	2013-08-04	Other	279.8929	0.0116	Unbound	Unbound	94,95,98,99,102	GDP	None	None	None	None	None	None	None	None	None	None	GDP	None	None	None	None	None	STP	XRAY	1.552	0.180	GMTEYKLVVVGACGVGKSALTIQLIQNHFVDEYDPTIEDSYRKQVVIDGETSLLDILDTAGQEEYSAMRDQYMRTGEGFLLVFAINNTKSFEDIHHYREQIKRVKDSEDVPMVLVGNKSDLPSRTVDTKQAQDLARSYGIPFIETSAKTRQGVDDAFYTLVREIRKHKEK	True	68.493	84.821	86.778	90.000	110.930	90.000	/Users/mitchellparker/Desktop/rascore_build/core/4m1sC_core.cif	/Users/mitchellparker/Desktop/rascore_build/rcsb/4m1s.cif.gz	/Users/mitchellparker/Desktop/rascore_build/renum/4m1s_renum.cif	/Users/mitchellparker/Desktop/rascore_build/rcsb_assembly/4m1s-assembly-2.cif.gz	/Users/mitchellparker/Desktop/rascore_build/renum_assembly/4m1s-assembly-2_renum.cif	/Users/mitchellparker/Desktop/rascore_build/sifts/4m1s.xml.gz	/Users/mitchellparker/Desktop/rascore_build/pocket/4m1sC_4_pocket.pdb
4m1sC	4m1s	0	C	Disordered	Disordered	Disordered	Disordered	C 1 2 1 (CF3)	4m1sC5	5	GTPase KRas	RASK_HUMAN	P01116-2	G12C,C51S,C80L,C118S	G12,C51,C80,C118	KRAS	2P	G12C	None	None	None	None	Multiple-Unbound	C 1 2 1	170	1-28:39-59:69-167	2013-08-04	SP12	193.1497	0.2109	Unbound	Unbound	5,6,7,39,54,56,71,74,75	GDP	None	None	None	None	None	None	None	None	None	None	GDP	None	None	None	None	None	STP	XRAY	1.552	0.180	GMTEYKLVVVGACGVGKSALTIQLIQNHFVDEYDPTIEDSYRKQVVIDGETSLLDILDTAGQEEYSAMRDQYMRTGEGFLLVFAINNTKSFEDIHHYREQIKRVKDSEDVPMVLVGNKSDLPSRTVDTKQAQDLARSYGIPFIETSAKTRQGVDDAFYTLVREIRKHKEK	True	68.493	84.821	86.778	90.000	110.930	90.000	/Users/mitchellparker/Desktop/rascore_build/core/4m1sC_core.cif	/Users/mitchellparker/Desktop/rascore_build/rcsb/4m1s.cif.gz	/Users/mitchellparker/Desktop/rascore_build/renum/4m1s_renum.cif	/Users/mitchellparker/Desktop/rascore_build/rcsb_assembly/4m1s-assembly-2.cif.gz	/Users/mitchellparker/Desktop/rascore_build/renum_assembly/4m1s-assembly-2_renum.cif	/Users/mitchellparker/Desktop/rascore_build/sifts/4m1s.xml.gz	/Users/mitchellparker/Desktop/rascore_build/pocket/4m1sC_5_pocket.pdb
4m1sC	4m1s	0	C	Disordered	Disordered	Disordered	Disordered	C 1 2 1 (CF3)	4m1sC6	6	GTPase KRas	RASK_HUMAN	P01116-2	G12C,C51S,C80L,C118S	G12,C51,C80,C118	KRAS	2P	G12C	None	None	None	None	Multiple-Unbound	C 1 2 1	170	1-28:39-59:69-167	2013-08-04	Other	148.0202	0.0127	Unbound	Unbound	76,104,108,109,110,163,166,167	GDP	None	None	None	None	None	None	None	None	None	None	GDP	None	None	None	None	None	STP	XRAY	1.552	0.180	GMTEYKLVVVGACGVGKSALTIQLIQNHFVDEYDPTIEDSYRKQVVIDGETSLLDILDTAGQEEYSAMRDQYMRTGEGFLLVFAINNTKSFEDIHHYREQIKRVKDSEDVPMVLVGNKSDLPSRTVDTKQAQDLARSYGIPFIETSAKTRQGVDDAFYTLVREIRKHKEK	True	68.493	84.821	86.778	90.000	110.930	90.000	/Users/mitchellparker/Desktop/rascore_build/core/4m1sC_core.cif	/Users/mitchellparker/Desktop/rascore_build/rcsb/4m1s.cif.gz	/Users/mitchellparker/Desktop/rascore_build/renum/4m1s_renum.cif	/Users/mitchellparker/Desktop/rascore_build/rcsb_assembly/4m1s-assembly-2.cif.gz	/Users/mitchellparker/Desktop/rascore_build/renum_assembly/4m1s-assembly-2_renum.cif	/Users/mitchellparker/Desktop/rascore_build/sifts/4m1s.xml.gz	/Users/mitchellparker/Desktop/rascore_build/pocket/4m1sC_6_pocket.pdb
4m1sC	4m1s	0	C	Disordered	Disordered	Disordered	Disordered	C 1 2 1 (CF3)	4m1sC7	7	GTPase KRas	RASK_HUMAN	P01116-2	G12C,C51S,C80L,C118S	G12,C51,C80,C118	KRAS	2P	G12C	None	None	None	None	Multiple-Unbound	C 1 2 1	170	1-28:39-59:69-167	2013-08-04	Other	240.3198	0.0003	Unbound	Unbound	134,135,138,139,140,162,165	GDP	None	None	None	None	None	None	None	None	None	None	GDP	None	None	None	None	None	STP	XRAY	1.552	0.180	GMTEYKLVVVGACGVGKSALTIQLIQNHFVDEYDPTIEDSYRKQVVIDGETSLLDILDTAGQEEYSAMRDQYMRTGEGFLLVFAINNTKSFEDIHHYREQIKRVKDSEDVPMVLVGNKSDLPSRTVDTKQAQDLARSYGIPFIETSAKTRQGVDDAFYTLVREIRKHKEK	True	68.493	84.821	86.778	90.000	110.930	90.000	/Users/mitchellparker/Desktop/rascore_build/core/4m1sC_core.cif	/Users/mitchellparker/Desktop/rascore_build/rcsb/4m1s.cif.gz	/Users/mitchellparker/Desktop/rascore_build/renum/4m1s_renum.cif	/Users/mitchellparker/Desktop/rascore_build/rcsb_assembly/4m1s-assembly-2.cif.gz	/Users/mitchellparker/Desktop/rascore_build/renum_assembly/4m1s-assembly-2_renum.cif	/Users/mitchellparker/Desktop/rascore_build/sifts/4m1s.xml.gz	/Users/mitchellparker/Desktop/rascore_build/pocket/4m1sC_7_pocket.pdb
4m1tA	4m1t	0	A	Disordered	Outlier	Disordered	Y71out	C 1 2 1 (CF3)	4m1tA1	1	GTPase KRas	RASK_HUMAN	P01116-2	G12C,C51S,C80L,C118S	G12,C51,C80,C118	KRAS	2P	G12C	None	None	None	None	Other-Unbound	C 1 2 1	170	1-30:36-168	2013-08-04	Other	233.3965	0.0150	Unbound	Unbound	17,18,21,27,28,29,30,36	GDP	None	None	None	None	None	None	None	None	None	None	GDP	None	None	None	None	None	STP	XRAY	1.703	0.171	GMTEYKLVVVGACGVGKSALTIQLIQNHFVDEYDPTIEDSYRKQVVIDGETSLLDILDTAGQEEYSAMRDQYMRTGEGFLLVFAINNTKSFEDIHHYREQIKRVKDSEDVPMVLVGNKSDLPSRTVDTKQAQDLARSYGIPFIETSAKTRQGVDDAFYTLVREIRKHKEK	True	68.166	83.480	85.747	90.000	110.630	90.000	/Users/mitchellparker/Desktop/rascore_build/core/4m1tA_core.cif	/Users/mitchellparker/Desktop/rascore_build/rcsb/4m1t.cif.gz	/Users/mitchellparker/Desktop/rascore_build/renum/4m1t_renum.cif	/Users/mitchellparker/Desktop/rascore_build/rcsb_assembly/4m1t-assembly-1.cif.gz	/Users/mitchellparker/Desktop/rascore_build/renum_assembly/4m1t-assembly-1_renum.cif	/Users/mitchellparker/Desktop/rascore_build/sifts/4m1t.xml.gz	/Users/mitchellparker/Desktop/rascore_build/pocket/4m1tA_1_pocket.pdb
4m1tA	4m1t	0	A	Disordered	Outlier	Disordered	Y71out	C 1 2 1 (CF3)	4m1tA2	2	GTPase KRas	RASK_HUMAN	P01116-2	G12C,C51S,C80L,C118S	G12,C51,C80,C118	KRAS	2P	G12C	None	None	None	None	Other-Unbound	C 1 2 1	170	1-30:36-168	2013-08-04	Other	168.2881	0.2783	Unbound	Unbound	75,76,104,108,109,110,163,166,167	GDP	None	None	None	None	None	None	None	None	None	None	GDP	None	None	None	None	None	STP	XRAY	1.703	0.171	GMTEYKLVVVGACGVGKSALTIQLIQNHFVDEYDPTIEDSYRKQVVIDGETSLLDILDTAGQEEYSAMRDQYMRTGEGFLLVFAINNTKSFEDIHHYREQIKRVKDSEDVPMVLVGNKSDLPSRTVDTKQAQDLARSYGIPFIETSAKTRQGVDDAFYTLVREIRKHKEK	True	68.166	83.480	85.747	90.000	110.630	90.000	/Users/mitchellparker/Desktop/rascore_build/core/4m1tA_core.cif	/Users/mitchellparker/Desktop/rascore_build/rcsb/4m1t.cif.gz	/Users/mitchellparker/Desktop/rascore_build/renum/4m1t_renum.cif	/Users/mitchellparker/Desktop/rascore_build/rcsb_assembly/4m1t-assembly-1.cif.gz	/Users/mitchellparker/Desktop/rascore_build/renum_assembly/4m1t-assembly-1_renum.cif	/Users/mitchellparker/Desktop/rascore_build/sifts/4m1t.xml.gz	/Users/mitchellparker/Desktop/rascore_build/pocket/4m1tA_2_pocket.pdb
4m1tB	4m1t	0	B	Disordered	Outlier	Disordered	Y71out	C 1 2 1 (CF3)	4m1tB1	1	GTPase KRas	RASK_HUMAN	P01116-2	G12C,C51S,C80L,C118S	G12,C51,C80,C118	KRAS	2P	G12C	SP2	SP2.Sulfonamide	None	None	SP2-Bound	C 1 2 1	170	1-30:37-168	2013-08-04	SP2	346.0565	0.8295	Bound	SP2	7,9,10,11,12,58,62,68,71,72,96,99,100	21M,GDP	None	21M:71,7,72,68,99,100,96,9,62,10,12,63	None	None	SP2	SP2.Sulfonamide	21M:CCS(=O)(=O)NC1CCN(C(=O)COc2ccc(Cl)cc2Cl)CC1	None	None	None	GDP	None	21M	None	None	None	21M	XRAY	1.703	0.171	GMTEYKLVVVGACGVGKSALTIQLIQNHFVDEYDPTIEDSYRKQVVIDGETSLLDILDTAGQEEYSAMRDQYMRTGEGFLLVFAINNTKSFEDIHHYREQIKRVKDSEDVPMVLVGNKSDLPSRTVDTKQAQDLARSYGIPFIETSAKTRQGVDDAFYTLVREIRKHKEK	True	68.166	83.480	85.747	90.000	110.630	90.000	/Users/mitchellparker/Desktop/rascore_build/core/4m1tB_core.cif	/Users/mitchellparker/Desktop/rascore_build/rcsb/4m1t.cif.gz	/Users/mitchellparker/Desktop/rascore_build/renum/4m1t_renum.cif	/Users/mitchellparker/Desktop/rascore_build/rcsb_assembly/4m1t-assembly-1.cif.gz	/Users/mitchellparker/Desktop/rascore_build/renum_assembly/4m1t-assembly-1_renum.cif	/Users/mitchellparker/Desktop/rascore_build/sifts/4m1t.xml.gz	/Users/mitchellparker/Desktop/rascore_build/pocket/4m1tB_1_pocket.pdb
4m1tC	4m1t	0	C	Disordered	Disordered	Disordered	Y71out	C 1 2 1 (CF3)	4m1tC1	1	GTPase KRas	RASK_HUMAN	P01116-2	G12C,C51S,C80L,C118S	G12,C51,C80,C118	KRAS	2P	G12C	None	None	None	None	Other-Unbound	C 1 2 1	170	1-29:39-60:69-168	2013-08-04	Other	372.7516	0.0002	Unbound	Unbound	97,107,108,109,110,111,137,138,139,162,165,166	GDP	None	None	None	None	None	None	None	None	None	None	GDP	None	None	None	None	None	STP	XRAY	1.703	0.171	GMTEYKLVVVGACGVGKSALTIQLIQNHFVDEYDPTIEDSYRKQVVIDGETSLLDILDTAGQEEYSAMRDQYMRTGEGFLLVFAINNTKSFEDIHHYREQIKRVKDSEDVPMVLVGNKSDLPSRTVDTKQAQDLARSYGIPFIETSAKTRQGVDDAFYTLVREIRKHKEK	True	68.166	83.480	85.747	90.000	110.630	90.000	/Users/mitchellparker/Desktop/rascore_build/core/4m1tC_core.cif	/Users/mitchellparker/Desktop/rascore_build/rcsb/4m1t.cif.gz	/Users/mitchellparker/Desktop/rascore_build/renum/4m1t_renum.cif	/Users/mitchellparker/Desktop/rascore_build/rcsb_assembly/4m1t-assembly-1.cif.gz	/Users/mitchellparker/Desktop/rascore_build/renum_assembly/4m1t-assembly-1_renum.cif	/Users/mitchellparker/Desktop/rascore_build/sifts/4m1t.xml.gz	/Users/mitchellparker/Desktop/rascore_build/pocket/4m1tC_1_pocket.pdb
4m1tC	4m1t	0	C	Disordered	Disordered	Disordered	Y71out	C 1 2 1 (CF3)	4m1tC2	2	GTPase KRas	RASK_HUMAN	P01116-2	G12C,C51S,C80L,C118S	G12,C51,C80,C118	KRAS	2P	G12C	None	None	None	None	Other-Unbound	C 1 2 1	170	1-29:39-60:69-168	2013-08-04	Other	250.4687	0.1866	Unbound	Unbound	73,74,75,76,104,108,109,110,163,166,167	GDP	None	None	None	None	None	None	None	None	None	None	GDP	None	None	None	None	None	STP	XRAY	1.703	0.171	GMTEYKLVVVGACGVGKSALTIQLIQNHFVDEYDPTIEDSYRKQVVIDGETSLLDILDTAGQEEYSAMRDQYMRTGEGFLLVFAINNTKSFEDIHHYREQIKRVKDSEDVPMVLVGNKSDLPSRTVDTKQAQDLARSYGIPFIETSAKTRQGVDDAFYTLVREIRKHKEK	True	68.166	83.480	85.747	90.000	110.630	90.000	/Users/mitchellparker/Desktop/rascore_build/core/4m1tC_core.cif	/Users/mitchellparker/Desktop/rascore_build/rcsb/4m1t.cif.gz	/Users/mitchellparker/Desktop/rascore_build/renum/4m1t_renum.cif	/Users/mitchellparker/Desktop/rascore_build/rcsb_assembly/4m1t-assembly-1.cif.gz	/Users/mitchellparker/Desktop/rascore_build/renum_assembly/4m1t-assembly-1_renum.cif	/Users/mitchellparker/Desktop/rascore_build/sifts/4m1t.xml.gz	/Users/mitchellparker/Desktop/rascore_build/pocket/4m1tC_2_pocket.pdb
4m1tC	4m1t	0	C	Disordered	Disordered	Disordered	Y71out	C 1 2 1 (CF3)	4m1tC3	3	GTPase KRas	RASK_HUMAN	P01116-2	G12C,C51S,C80L,C118S	G12,C51,C80,C118	KRAS	2P	G12C	None	None	None	None	Other-Unbound	C 1 2 1	170	1-29:39-60:69-168	2013-08-04	Other	267.4598	0.0123	Unbound	Unbound	11,12,86,88,89,92,96	GDP	None	None	None	None	None	None	None	None	None	None	GDP	None	None	None	None	None	STP	XRAY	1.703	0.171	GMTEYKLVVVGACGVGKSALTIQLIQNHFVDEYDPTIEDSYRKQVVIDGETSLLDILDTAGQEEYSAMRDQYMRTGEGFLLVFAINNTKSFEDIHHYREQIKRVKDSEDVPMVLVGNKSDLPSRTVDTKQAQDLARSYGIPFIETSAKTRQGVDDAFYTLVREIRKHKEK	True	68.166	83.480	85.747	90.000	110.630	90.000	/Users/mitchellparker/Desktop/rascore_build/core/4m1tC_core.cif	/Users/mitchellparker/Desktop/rascore_build/rcsb/4m1t.cif.gz	/Users/mitchellparker/Desktop/rascore_build/renum/4m1t_renum.cif	/Users/mitchellparker/Desktop/rascore_build/rcsb_assembly/4m1t-assembly-1.cif.gz	/Users/mitchellparker/Desktop/rascore_build/renum_assembly/4m1t-assembly-1_renum.cif	/Users/mitchellparker/Desktop/rascore_build/sifts/4m1t.xml.gz	/Users/mitchellparker/Desktop/rascore_build/pocket/4m1tC_3_pocket.pdb
4m1wA	4m1w	0	A	Disordered	Disordered	Disordered	Disordered	C 1 2 1 (CF3)	4m1wA1	1	GTPase KRas	RASK_HUMAN	P01116-2	G12C,C51S,C80L,C118S	G12,C51,C80,C118	KRAS	2P	G12C	None	None	None	None	Other-Unbound	C 1 2 1	170	1-30:37-62:65-168	2013-08-04	Other	436.6758	0.0003	Unbound	Unbound	131,134,135,139,141,142,143,150,151,154	MG,GDP	None	None	None	None	None	None	None	None	None	None	GDP	MG	None	None	None	None	STP	XRAY	1.580	0.170	GMTEYKLVVVGACGVGKSALTIQLIQNHFVDEYDPTIEDSYRKQVVIDGETSLLDILDTAGQEEYSAMRDQYMRTGEGFLLVFAINNTKSFEDIHHYREQIKRVKDSEDVPMVLVGNKSDLPSRTVDTKQAQDLARSYGIPFIETSAKTRQGVDDAFYTLVREIRKHKEK	True	68.095	83.817	87.238	90.000	111.060	90.000	/Users/mitchellparker/Desktop/rascore_build/core/4m1wA_core.cif	/Users/mitchellparker/Desktop/rascore_build/rcsb/4m1w.cif.gz	/Users/mitchellparker/Desktop/rascore_build/renum/4m1w_renum.cif	/Users/mitchellparker/Desktop/rascore_build/rcsb_assembly/4m1w-assembly-3.cif.gz	/Users/mitchellparker/Desktop/rascore_build/renum_assembly/4m1w-assembly-3_renum.cif	/Users/mitchellparker/Desktop/rascore_build/sifts/4m1w.xml.gz	/Users/mitchellparker/Desktop/rascore_build/pocket/4m1wA_1_pocket.pdb
4m1wA	4m1w	0	A	Disordered	Disordered	Disordered	Disordered	C 1 2 1 (CF3)	4m1wA2	2	GTPase KRas	RASK_HUMAN	P01116-2	G12C,C51S,C80L,C118S	G12,C51,C80,C118	KRAS	2P	G12C	None	None	None	None	Other-Unbound	C 1 2 1	170	1-30:37-62:65-168	2013-08-04	Other	175.0814	0.3585	Unbound	Unbound	75,76,104,108,109,110,163,166,167	MG,GDP	None	None	None	None	None	None	None	None	None	None	GDP	MG	None	None	None	None	STP	XRAY	1.580	0.170	GMTEYKLVVVGACGVGKSALTIQLIQNHFVDEYDPTIEDSYRKQVVIDGETSLLDILDTAGQEEYSAMRDQYMRTGEGFLLVFAINNTKSFEDIHHYREQIKRVKDSEDVPMVLVGNKSDLPSRTVDTKQAQDLARSYGIPFIETSAKTRQGVDDAFYTLVREIRKHKEK	True	68.095	83.817	87.238	90.000	111.060	90.000	/Users/mitchellparker/Desktop/rascore_build/core/4m1wA_core.cif	/Users/mitchellparker/Desktop/rascore_build/rcsb/4m1w.cif.gz	/Users/mitchellparker/Desktop/rascore_build/renum/4m1w_renum.cif	/Users/mitchellparker/Desktop/rascore_build/rcsb_assembly/4m1w-assembly-3.cif.gz	/Users/mitchellparker/Desktop/rascore_build/renum_assembly/4m1w-assembly-3_renum.cif	/Users/mitchellparker/Desktop/rascore_build/sifts/4m1w.xml.gz	/Users/mitchellparker/Desktop/rascore_build/pocket/4m1wA_2_pocket.pdb
4m1wA	4m1w	0	A	Disordered	Disordered	Disordered	Disordered	C 1 2 1 (CF3)	4m1wA3	3	GTPase KRas	RASK_HUMAN	P01116-2	G12C,C51S,C80L,C118S	G12,C51,C80,C118	KRAS	2P	G12C	None	None	None	None	Other-Unbound	C 1 2 1	170	1-30:37-62:65-168	2013-08-04	Other	432.7200	0.3588	Unbound	Unbound	90,91,94,129,132,133,136,137	MG,GDP	None	None	None	None	None	None	None	None	None	None	GDP	MG	None	None	None	None	STP	XRAY	1.580	0.170	GMTEYKLVVVGACGVGKSALTIQLIQNHFVDEYDPTIEDSYRKQVVIDGETSLLDILDTAGQEEYSAMRDQYMRTGEGFLLVFAINNTKSFEDIHHYREQIKRVKDSEDVPMVLVGNKSDLPSRTVDTKQAQDLARSYGIPFIETSAKTRQGVDDAFYTLVREIRKHKEK	True	68.095	83.817	87.238	90.000	111.060	90.000	/Users/mitchellparker/Desktop/rascore_build/core/4m1wA_core.cif	/Users/mitchellparker/Desktop/rascore_build/rcsb/4m1w.cif.gz	/Users/mitchellparker/Desktop/rascore_build/renum/4m1w_renum.cif	/Users/mitchellparker/Desktop/rascore_build/rcsb_assembly/4m1w-assembly-3.cif.gz	/Users/mitchellparker/Desktop/rascore_build/renum_assembly/4m1w-assembly-3_renum.cif	/Users/mitchellparker/Desktop/rascore_build/sifts/4m1w.xml.gz	/Users/mitchellparker/Desktop/rascore_build/pocket/4m1wA_3_pocket.pdb
4m1wA	4m1w	0	A	Disordered	Disordered	Disordered	Disordered	C 1 2 1 (CF3)	4m1wA4	4	GTPase KRas	RASK_HUMAN	P01116-2	G12C,C51S,C80L,C118S	G12,C51,C80,C118	KRAS	2P	G12C	None	None	None	None	Other-Unbound	C 1 2 1	170	1-30:37-62:65-168	2013-08-04	Other	185.2785	0.0217	Unbound	Unbound	17,18,21,27,28,29	MG,GDP	None	None	None	None	None	None	None	None	None	None	GDP	MG	None	None	None	None	STP	XRAY	1.580	0.170	GMTEYKLVVVGACGVGKSALTIQLIQNHFVDEYDPTIEDSYRKQVVIDGETSLLDILDTAGQEEYSAMRDQYMRTGEGFLLVFAINNTKSFEDIHHYREQIKRVKDSEDVPMVLVGNKSDLPSRTVDTKQAQDLARSYGIPFIETSAKTRQGVDDAFYTLVREIRKHKEK	True	68.095	83.817	87.238	90.000	111.060	90.000	/Users/mitchellparker/Desktop/rascore_build/core/4m1wA_core.cif	/Users/mitchellparker/Desktop/rascore_build/rcsb/4m1w.cif.gz	/Users/mitchellparker/Desktop/rascore_build/renum/4m1w_renum.cif	/Users/mitchellparker/Desktop/rascore_build/rcsb_assembly/4m1w-assembly-3.cif.gz	/Users/mitchellparker/Desktop/rascore_build/renum_assembly/4m1w-assembly-3_renum.cif	/Users/mitchellparker/Desktop/rascore_build/sifts/4m1w.xml.gz	/Users/mitchellparker/Desktop/rascore_build/pocket/4m1wA_4_pocket.pdb
4m1wB	4m1w	0	B	Disordered	Outlier	Disordered	Y71out	C 1 2 1 (CF3)	4m1wB1	1	GTPase KRas	RASK_HUMAN	P01116-2	G12C,C51S,C80L,C118S	G12,C51,C80,C118	KRAS	2P	G12C	SP2	SP2.Sulfonamide	None	None	SP2-Bound	C 1 2 1	170	1-29:39-168	2013-08-04	SP2	622.0822	0.5644	Bound	SP2	7,8,9,10,16,58,62,68,71,72,95,96,99,100	21R,GDP	None	21R:9,68,96,100,72,99,10,12,63,62,8,58,7,71	None	None	SP2	SP2.Sulfonamide	21R:CCc1cc(Cl)c(Cl)cc1NCC(=O)N1CCC(NS(=O)(=O)CC)CC1	None	None	None	GDP	None	21R	None	None	None	21R	XRAY	1.580	0.170	GMTEYKLVVVGACGVGKSALTIQLIQNHFVDEYDPTIEDSYRKQVVIDGETSLLDILDTAGQEEYSAMRDQYMRTGEGFLLVFAINNTKSFEDIHHYREQIKRVKDSEDVPMVLVGNKSDLPSRTVDTKQAQDLARSYGIPFIETSAKTRQGVDDAFYTLVREIRKHKEK	True	68.095	83.817	87.238	90.000	111.060	90.000	/Users/mitchellparker/Desktop/rascore_build/core/4m1wB_core.cif	/Users/mitchellparker/Desktop/rascore_build/rcsb/4m1w.cif.gz	/Users/mitchellparker/Desktop/rascore_build/renum/4m1w_renum.cif	/Users/mitchellparker/Desktop/rascore_build/rcsb_assembly/4m1w-assembly-3.cif.gz	/Users/mitchellparker/Desktop/rascore_build/renum_assembly/4m1w-assembly-3_renum.cif	/Users/mitchellparker/Desktop/rascore_build/sifts/4m1w.xml.gz	/Users/mitchellparker/Desktop/rascore_build/pocket/4m1wB_1_pocket.pdb
4m1wC	4m1w	0	C	Disordered	Disordered	Disordered	Y71out	C 1 2 1 (CF3)	4m1wC1	1	GTPase KRas	RASK_HUMAN	P01116-2	G12C,C51S,C80L,C118S	G12,C51,C80,C118	KRAS	2P	G12C	SP2	SP2.Sulfonamide	None	None	SP2-Bound	C 1 2 1	170	1-29:39-61:63-167	2013-08-04	SP2	728.9469	0.8082	Bound	SP2	7,9,10,12,16,56,58,59,61,63,67,68,71,72,95,96,99,100	21R,GDP	None	21R:58,72,9,100,96,99,59,12,10,61,56,71,7	None	None	SP2	SP2.Sulfonamide	21R:CCc1cc(Cl)c(Cl)cc1NCC(=O)N1CCC(NS(=O)(=O)CC)CC1	None	None	None	GDP	None	21R	None	None	None	21R	XRAY	1.580	0.170	GMTEYKLVVVGACGVGKSALTIQLIQNHFVDEYDPTIEDSYRKQVVIDGETSLLDILDTAGQEEYSAMRDQYMRTGEGFLLVFAINNTKSFEDIHHYREQIKRVKDSEDVPMVLVGNKSDLPSRTVDTKQAQDLARSYGIPFIETSAKTRQGVDDAFYTLVREIRKHKEK	True	68.095	83.817	87.238	90.000	111.060	90.000	/Users/mitchellparker/Desktop/rascore_build/core/4m1wC_core.cif	/Users/mitchellparker/Desktop/rascore_build/rcsb/4m1w.cif.gz	/Users/mitchellparker/Desktop/rascore_build/renum/4m1w_renum.cif	/Users/mitchellparker/Desktop/rascore_build/rcsb_assembly/4m1w-assembly-3.cif.gz	/Users/mitchellparker/Desktop/rascore_build/renum_assembly/4m1w-assembly-3_renum.cif	/Users/mitchellparker/Desktop/rascore_build/sifts/4m1w.xml.gz	/Users/mitchellparker/Desktop/rascore_build/pocket/4m1wC_1_pocket.pdb
4m1yA	4m1y	0	A	Disordered	Disordered	Disordered	Y71out	C 1 2 1 (CF3)	4m1yA1	1	GTPase KRas	RASK_HUMAN	P01116-2	G12C,C51S,C80L,C118S	G12,C51,C80,C118	KRAS	2P	G12C	None	None	None	None	SP2-Unbound	C 1 2 1	170	1-31:37-60:62-168	2013-08-04	Other	254.7178	0.0005	Unbound	Unbound	97,101,107,108,109,110,111,137,138,139,162,165,166	GDP	None	None	None	None	None	None	None	None	None	None	GDP	None	None	None	None	None	STP	XRAY	1.491	0.168	GMTEYKLVVVGACGVGKSALTIQLIQNHFVDEYDPTIEDSYRKQVVIDGETSLLDILDTAGQEEYSAMRDQYMRTGEGFLLVFAINNTKSFEDIHHYREQIKRVKDSEDVPMVLVGNKSDLPSRTVDTKQAQDLARSYGIPFIETSAKTRQGVDDAFYTLVREIRKHKEK	True	68.121	83.540	86.224	90.00	110.88	90.00	/Users/mitchellparker/Desktop/rascore_build/core/4m1yA_core.cif	/Users/mitchellparker/Desktop/rascore_build/rcsb/4m1y.cif.gz	/Users/mitchellparker/Desktop/rascore_build/renum/4m1y_renum.cif	/Users/mitchellparker/Desktop/rascore_build/rcsb_assembly/4m1y-assembly-2.cif.gz	/Users/mitchellparker/Desktop/rascore_build/renum_assembly/4m1y-assembly-2_renum.cif	/Users/mitchellparker/Desktop/rascore_build/sifts/4m1y.xml.gz	/Users/mitchellparker/Desktop/rascore_build/pocket/4m1yA_1_pocket.pdb
4m1yA	4m1y	0	A	Disordered	Disordered	Disordered	Y71out	C 1 2 1 (CF3)	4m1yA2	2	GTPase KRas	RASK_HUMAN	P01116-2	G12C,C51S,C80L,C118S	G12,C51,C80,C118	KRAS	2P	G12C	None	None	None	None	SP2-Unbound	C 1 2 1	170	1-31:37-60:62-168	2013-08-04	Other	204.1843	0.2015	Unbound	Unbound	74,75,76,104,108,109,110,163,166,167	GDP	None	None	None	None	None	None	None	None	None	None	GDP	None	None	None	None	None	STP	XRAY	1.491	0.168	GMTEYKLVVVGACGVGKSALTIQLIQNHFVDEYDPTIEDSYRKQVVIDGETSLLDILDTAGQEEYSAMRDQYMRTGEGFLLVFAINNTKSFEDIHHYREQIKRVKDSEDVPMVLVGNKSDLPSRTVDTKQAQDLARSYGIPFIETSAKTRQGVDDAFYTLVREIRKHKEK	True	68.121	83.540	86.224	90.00	110.88	90.00	/Users/mitchellparker/Desktop/rascore_build/core/4m1yA_core.cif	/Users/mitchellparker/Desktop/rascore_build/rcsb/4m1y.cif.gz	/Users/mitchellparker/Desktop/rascore_build/renum/4m1y_renum.cif	/Users/mitchellparker/Desktop/rascore_build/rcsb_assembly/4m1y-assembly-2.cif.gz	/Users/mitchellparker/Desktop/rascore_build/renum_assembly/4m1y-assembly-2_renum.cif	/Users/mitchellparker/Desktop/rascore_build/sifts/4m1y.xml.gz	/Users/mitchellparker/Desktop/rascore_build/pocket/4m1yA_2_pocket.pdb
4m1yA	4m1y	0	A	Disordered	Disordered	Disordered	Y71out	C 1 2 1 (CF3)	4m1yA3	3	GTPase KRas	RASK_HUMAN	P01116-2	G12C,C51S,C80L,C118S	G12,C51,C80,C118	KRAS	2P	G12C	None	None	None	None	SP2-Unbound	C 1 2 1	170	1-31:37-60:62-168	2013-08-04	SP2	142.8539	0.4276	Unbound	Unbound	9,58,59,60,68,72,96,99,100	GDP	None	None	None	None	None	None	None	None	None	None	GDP	None	None	None	None	None	STP	XRAY	1.491	0.168	GMTEYKLVVVGACGVGKSALTIQLIQNHFVDEYDPTIEDSYRKQVVIDGETSLLDILDTAGQEEYSAMRDQYMRTGEGFLLVFAINNTKSFEDIHHYREQIKRVKDSEDVPMVLVGNKSDLPSRTVDTKQAQDLARSYGIPFIETSAKTRQGVDDAFYTLVREIRKHKEK	True	68.121	83.540	86.224	90.00	110.88	90.00	/Users/mitchellparker/Desktop/rascore_build/core/4m1yA_core.cif	/Users/mitchellparker/Desktop/rascore_build/rcsb/4m1y.cif.gz	/Users/mitchellparker/Desktop/rascore_build/renum/4m1y_renum.cif	/Users/mitchellparker/Desktop/rascore_build/rcsb_assembly/4m1y-assembly-2.cif.gz	/Users/mitchellparker/Desktop/rascore_build/renum_assembly/4m1y-assembly-2_renum.cif	/Users/mitchellparker/Desktop/rascore_build/sifts/4m1y.xml.gz	/Users/mitchellparker/Desktop/rascore_build/pocket/4m1yA_3_pocket.pdb
4m1yA	4m1y	0	A	Disordered	Disordered	Disordered	Y71out	C 1 2 1 (CF3)	4m1yA4	4	GTPase KRas	RASK_HUMAN	P01116-2	G12C,C51S,C80L,C118S	G12,C51,C80,C118	KRAS	2P	G12C	None	None	None	None	SP2-Unbound	C 1 2 1	170	1-31:37-60:62-168	2013-08-04	Other	159.7739	0.0066	Unbound	Unbound	17,18,21,27,28,29	GDP	None	None	None	None	None	None	None	None	None	None	GDP	None	None	None	None	None	STP	XRAY	1.491	0.168	GMTEYKLVVVGACGVGKSALTIQLIQNHFVDEYDPTIEDSYRKQVVIDGETSLLDILDTAGQEEYSAMRDQYMRTGEGFLLVFAINNTKSFEDIHHYREQIKRVKDSEDVPMVLVGNKSDLPSRTVDTKQAQDLARSYGIPFIETSAKTRQGVDDAFYTLVREIRKHKEK	True	68.121	83.540	86.224	90.00	110.88	90.00	/Users/mitchellparker/Desktop/rascore_build/core/4m1yA_core.cif	/Users/mitchellparker/Desktop/rascore_build/rcsb/4m1y.cif.gz	/Users/mitchellparker/Desktop/rascore_build/renum/4m1y_renum.cif	/Users/mitchellparker/Desktop/rascore_build/rcsb_assembly/4m1y-assembly-2.cif.gz	/Users/mitchellparker/Desktop/rascore_build/renum_assembly/4m1y-assembly-2_renum.cif	/Users/mitchellparker/Desktop/rascore_build/sifts/4m1y.xml.gz	/Users/mitchellparker/Desktop/rascore_build/pocket/4m1yA_4_pocket.pdb
4m1yA	4m1y	0	A	Disordered	Disordered	Disordered	Y71out	C 1 2 1 (CF3)	4m1yA5	5	GTPase KRas	RASK_HUMAN	P01116-2	G12C,C51S,C80L,C118S	G12,C51,C80,C118	KRAS	2P	G12C	None	None	None	None	SP2-Unbound	C 1 2 1	170	1-31:37-60:62-168	2013-08-04	Other	200.8647	0.0048	Unbound	Unbound	41,42,43,52	GDP	None	None	None	None	None	None	None	None	None	None	GDP	None	None	None	None	None	STP	XRAY	1.491	0.168	GMTEYKLVVVGACGVGKSALTIQLIQNHFVDEYDPTIEDSYRKQVVIDGETSLLDILDTAGQEEYSAMRDQYMRTGEGFLLVFAINNTKSFEDIHHYREQIKRVKDSEDVPMVLVGNKSDLPSRTVDTKQAQDLARSYGIPFIETSAKTRQGVDDAFYTLVREIRKHKEK	True	68.121	83.540	86.224	90.00	110.88	90.00	/Users/mitchellparker/Desktop/rascore_build/core/4m1yA_core.cif	/Users/mitchellparker/Desktop/rascore_build/rcsb/4m1y.cif.gz	/Users/mitchellparker/Desktop/rascore_build/renum/4m1y_renum.cif	/Users/mitchellparker/Desktop/rascore_build/rcsb_assembly/4m1y-assembly-2.cif.gz	/Users/mitchellparker/Desktop/rascore_build/renum_assembly/4m1y-assembly-2_renum.cif	/Users/mitchellparker/Desktop/rascore_build/sifts/4m1y.xml.gz	/Users/mitchellparker/Desktop/rascore_build/pocket/4m1yA_5_pocket.pdb
4m1yB	4m1y	0	B	Disordered	Outlier	Disordered	Y71out	C 1 2 1 (CF3)	4m1yB1	1	GTPase KRas	RASK_HUMAN	P01116-2	G12C,C51S,C80L,C118S	G12,C51,C80,C118	KRAS	2P	G12C	SP2	SP2.Sulfonamide	None	None	SP2-Bound	C 1 2 1	170	1-29:38-169	2013-08-04	SP2	529.1249	0.8141	Bound	SP2	7,8,9,10,16,58,62,68,71,72,96,99,100	21S,GDP	None	21S:62,12,10,9,96,99,68,16,58,8,71,72,7	None	None	SP2	SP2.Sulfonamide	21S:CCS(=O)(=O)NC1CCN(C(=O)CNc2c(Cl)cc(Cl)c3nsnc23)CC1	None	None	None	GDP	None	21S	None	None	None	21S	XRAY	1.491	0.168	GMTEYKLVVVGACGVGKSALTIQLIQNHFVDEYDPTIEDSYRKQVVIDGETSLLDILDTAGQEEYSAMRDQYMRTGEGFLLVFAINNTKSFEDIHHYREQIKRVKDSEDVPMVLVGNKSDLPSRTVDTKQAQDLARSYGIPFIETSAKTRQGVDDAFYTLVREIRKHKEK	True	68.121	83.540	86.224	90.00	110.88	90.00	/Users/mitchellparker/Desktop/rascore_build/core/4m1yB_core.cif	/Users/mitchellparker/Desktop/rascore_build/rcsb/4m1y.cif.gz	/Users/mitchellparker/Desktop/rascore_build/renum/4m1y_renum.cif	/Users/mitchellparker/Desktop/rascore_build/rcsb_assembly/4m1y-assembly-2.cif.gz	/Users/mitchellparker/Desktop/rascore_build/renum_assembly/4m1y-assembly-2_renum.cif	/Users/mitchellparker/Desktop/rascore_build/sifts/4m1y.xml.gz	/Users/mitchellparker/Desktop/rascore_build/pocket/4m1yB_1_pocket.pdb
4m1yC	4m1y	0	C	Disordered	Disordered	Disordered	Y71in	C 1 2 1 (CF3)	4m1yC1	1	GTPase KRas	RASK_HUMAN	P01116-2	G12C,C51S,C80L,C118S	G12,C51,C80,C118	KRAS	2P	G12C	None	None	None	None	SP12-Unbound	C 1 2 1	170	1-29:39-60:68-167	2013-08-04	Other	292.9530	0.0017	Unbound	Unbound	97,107,108,109,110,111,137,138,139,162,165,166	GDP	None	None	None	None	None	None	None	None	None	None	GDP	None	None	None	None	None	STP	XRAY	1.491	0.168	GMTEYKLVVVGACGVGKSALTIQLIQNHFVDEYDPTIEDSYRKQVVIDGETSLLDILDTAGQEEYSAMRDQYMRTGEGFLLVFAINNTKSFEDIHHYREQIKRVKDSEDVPMVLVGNKSDLPSRTVDTKQAQDLARSYGIPFIETSAKTRQGVDDAFYTLVREIRKHKEK	True	68.121	83.540	86.224	90.00	110.88	90.00	/Users/mitchellparker/Desktop/rascore_build/core/4m1yC_core.cif	/Users/mitchellparker/Desktop/rascore_build/rcsb/4m1y.cif.gz	/Users/mitchellparker/Desktop/rascore_build/renum/4m1y_renum.cif	/Users/mitchellparker/Desktop/rascore_build/rcsb_assembly/4m1y-assembly-2.cif.gz	/Users/mitchellparker/Desktop/rascore_build/renum_assembly/4m1y-assembly-2_renum.cif	/Users/mitchellparker/Desktop/rascore_build/sifts/4m1y.xml.gz	/Users/mitchellparker/Desktop/rascore_build/pocket/4m1yC_1_pocket.pdb
4m1yC	4m1y	0	C	Disordered	Disordered	Disordered	Y71in	C 1 2 1 (CF3)	4m1yC2	2	GTPase KRas	RASK_HUMAN	P01116-2	G12C,C51S,C80L,C118S	G12,C51,C80,C118	KRAS	2P	G12C	None	None	None	None	SP12-Unbound	C 1 2 1	170	1-29:39-60:68-167	2013-08-04	Other	265.0161	0.0001	Unbound	Unbound	131,141,142,143,150,151,154	GDP	None	None	None	None	None	None	None	None	None	None	GDP	None	None	None	None	None	STP	XRAY	1.491	0.168	GMTEYKLVVVGACGVGKSALTIQLIQNHFVDEYDPTIEDSYRKQVVIDGETSLLDILDTAGQEEYSAMRDQYMRTGEGFLLVFAINNTKSFEDIHHYREQIKRVKDSEDVPMVLVGNKSDLPSRTVDTKQAQDLARSYGIPFIETSAKTRQGVDDAFYTLVREIRKHKEK	True	68.121	83.540	86.224	90.00	110.88	90.00	/Users/mitchellparker/Desktop/rascore_build/core/4m1yC_core.cif	/Users/mitchellparker/Desktop/rascore_build/rcsb/4m1y.cif.gz	/Users/mitchellparker/Desktop/rascore_build/renum/4m1y_renum.cif	/Users/mitchellparker/Desktop/rascore_build/rcsb_assembly/4m1y-assembly-2.cif.gz	/Users/mitchellparker/Desktop/rascore_build/renum_assembly/4m1y-assembly-2_renum.cif	/Users/mitchellparker/Desktop/rascore_build/sifts/4m1y.xml.gz	/Users/mitchellparker/Desktop/rascore_build/pocket/4m1yC_2_pocket.pdb
4m1yC	4m1y	0	C	Disordered	Disordered	Disordered	Y71in	C 1 2 1 (CF3)	4m1yC3	3	GTPase KRas	RASK_HUMAN	P01116-2	G12C,C51S,C80L,C118S	G12,C51,C80,C118	KRAS	2P	G12C	None	None	None	None	SP12-Unbound	C 1 2 1	170	1-29:39-60:68-167	2013-08-04	Other	219.4822	0.0229	Unbound	Unbound	73,74,75,76,104,108,109,110,163,166,167	GDP	None	None	None	None	None	None	None	None	None	None	GDP	None	None	None	None	None	STP	XRAY	1.491	0.168	GMTEYKLVVVGACGVGKSALTIQLIQNHFVDEYDPTIEDSYRKQVVIDGETSLLDILDTAGQEEYSAMRDQYMRTGEGFLLVFAINNTKSFEDIHHYREQIKRVKDSEDVPMVLVGNKSDLPSRTVDTKQAQDLARSYGIPFIETSAKTRQGVDDAFYTLVREIRKHKEK	True	68.121	83.540	86.224	90.00	110.88	90.00	/Users/mitchellparker/Desktop/rascore_build/core/4m1yC_core.cif	/Users/mitchellparker/Desktop/rascore_build/rcsb/4m1y.cif.gz	/Users/mitchellparker/Desktop/rascore_build/renum/4m1y_renum.cif	/Users/mitchellparker/Desktop/rascore_build/rcsb_assembly/4m1y-assembly-2.cif.gz	/Users/mitchellparker/Desktop/rascore_build/renum_assembly/4m1y-assembly-2_renum.cif	/Users/mitchellparker/Desktop/rascore_build/sifts/4m1y.xml.gz	/Users/mitchellparker/Desktop/rascore_build/pocket/4m1yC_3_pocket.pdb
4m1yC	4m1y	0	C	Disordered	Disordered	Disordered	Y71in	C 1 2 1 (CF3)	4m1yC4	4	GTPase KRas	RASK_HUMAN	P01116-2	G12C,C51S,C80L,C118S	G12,C51,C80,C118	KRAS	2P	G12C	None	None	None	None	SP12-Unbound	C 1 2 1	170	1-29:39-60:68-167	2013-08-04	SP12	238.0015	0.4310	Unbound	Unbound	5,6,7,39,54,55,56,71,74,75	GDP	None	None	None	None	None	None	None	None	None	None	GDP	None	None	None	None	None	STP	XRAY	1.491	0.168	GMTEYKLVVVGACGVGKSALTIQLIQNHFVDEYDPTIEDSYRKQVVIDGETSLLDILDTAGQEEYSAMRDQYMRTGEGFLLVFAINNTKSFEDIHHYREQIKRVKDSEDVPMVLVGNKSDLPSRTVDTKQAQDLARSYGIPFIETSAKTRQGVDDAFYTLVREIRKHKEK	True	68.121	83.540	86.224	90.00	110.88	90.00	/Users/mitchellparker/Desktop/rascore_build/core/4m1yC_core.cif	/Users/mitchellparker/Desktop/rascore_build/rcsb/4m1y.cif.gz	/Users/mitchellparker/Desktop/rascore_build/renum/4m1y_renum.cif	/Users/mitchellparker/Desktop/rascore_build/rcsb_assembly/4m1y-assembly-2.cif.gz	/Users/mitchellparker/Desktop/rascore_build/renum_assembly/4m1y-assembly-2_renum.cif	/Users/mitchellparker/Desktop/rascore_build/sifts/4m1y.xml.gz	/Users/mitchellparker/Desktop/rascore_build/pocket/4m1yC_4_pocket.pdb
4m21A	4m21	0	A	Disordered	Disordered	Disordered	Y71out	C 1 2 1 (CF3)	4m21A1	1	GTPase KRas	RASK_HUMAN	P01116-2	G12C,C51S,C80L,C118S	G12,C51,C80,C118	KRAS	2P	G12C	None	None	None	None	Other-Unbound	C 1 2 1	170	1-30:36-61:65-167	2013-08-05	Other	296.1621	0.3441	Unbound	Unbound	17,18,21,27,28,29,30,36	GDP	None	None	None	None	None	None	None	None	None	None	GDP	None	None	None	None	None	STP	XRAY	1.940	0.192	GMTEYKLVVVGACGVGKSALTIQLIQNHFVDEYDPTIEDSYRKQVVIDGETSLLDILDTAGQEEYSAMRDQYMRTGEGFLLVFAINNTKSFEDIHHYREQIKRVKDSEDVPMVLVGNKSDLPSRTVDTKQAQDLARSYGIPFIETSAKTRQGVDDAFYTLVREIRKHKEK	True	68.561	83.931	87.056	90.000	111.240	90.000	/Users/mitchellparker/Desktop/rascore_build/core/4m21A_core.cif	/Users/mitchellparker/Desktop/rascore_build/rcsb/4m21.cif.gz	/Users/mitchellparker/Desktop/rascore_build/renum/4m21_renum.cif	/Users/mitchellparker/Desktop/rascore_build/rcsb_assembly/4m21-assembly-3.cif.gz	/Users/mitchellparker/Desktop/rascore_build/renum_assembly/4m21-assembly-3_renum.cif	/Users/mitchellparker/Desktop/rascore_build/sifts/4m21.xml.gz	/Users/mitchellparker/Desktop/rascore_build/pocket/4m21A_1_pocket.pdb
4m21A	4m21	0	A	Disordered	Disordered	Disordered	Y71out	C 1 2 1 (CF3)	4m21A2	2	GTPase KRas	RASK_HUMAN	P01116-2	G12C,C51S,C80L,C118S	G12,C51,C80,C118	KRAS	2P	G12C	None	None	None	None	Other-Unbound	C 1 2 1	170	1-30:36-61:65-167	2013-08-05	Other	276.8801	0.0005	Unbound	Unbound	97,107,108,109,110,111,137,138,139,162,165,166	GDP	None	None	None	None	None	None	None	None	None	None	GDP	None	None	None	None	None	STP	XRAY	1.940	0.192	GMTEYKLVVVGACGVGKSALTIQLIQNHFVDEYDPTIEDSYRKQVVIDGETSLLDILDTAGQEEYSAMRDQYMRTGEGFLLVFAINNTKSFEDIHHYREQIKRVKDSEDVPMVLVGNKSDLPSRTVDTKQAQDLARSYGIPFIETSAKTRQGVDDAFYTLVREIRKHKEK	True	68.561	83.931	87.056	90.000	111.240	90.000	/Users/mitchellparker/Desktop/rascore_build/core/4m21A_core.cif	/Users/mitchellparker/Desktop/rascore_build/rcsb/4m21.cif.gz	/Users/mitchellparker/Desktop/rascore_build/renum/4m21_renum.cif	/Users/mitchellparker/Desktop/rascore_build/rcsb_assembly/4m21-assembly-3.cif.gz	/Users/mitchellparker/Desktop/rascore_build/renum_assembly/4m21-assembly-3_renum.cif	/Users/mitchellparker/Desktop/rascore_build/sifts/4m21.xml.gz	/Users/mitchellparker/Desktop/rascore_build/pocket/4m21A_2_pocket.pdb
4m21A	4m21	0	A	Disordered	Disordered	Disordered	Y71out	C 1 2 1 (CF3)	4m21A3	3	GTPase KRas	RASK_HUMAN	P01116-2	G12C,C51S,C80L,C118S	G12,C51,C80,C118	KRAS	2P	G12C	None	None	None	None	Other-Unbound	C 1 2 1	170	1-30:36-61:65-167	2013-08-05	Other	244.7290	0.1913	Unbound	Unbound	76,104,106,108,109,110,163,166,167	GDP	None	None	None	None	None	None	None	None	None	None	GDP	None	None	None	None	None	STP	XRAY	1.940	0.192	GMTEYKLVVVGACGVGKSALTIQLIQNHFVDEYDPTIEDSYRKQVVIDGETSLLDILDTAGQEEYSAMRDQYMRTGEGFLLVFAINNTKSFEDIHHYREQIKRVKDSEDVPMVLVGNKSDLPSRTVDTKQAQDLARSYGIPFIETSAKTRQGVDDAFYTLVREIRKHKEK	True	68.561	83.931	87.056	90.000	111.240	90.000	/Users/mitchellparker/Desktop/rascore_build/core/4m21A_core.cif	/Users/mitchellparker/Desktop/rascore_build/rcsb/4m21.cif.gz	/Users/mitchellparker/Desktop/rascore_build/renum/4m21_renum.cif	/Users/mitchellparker/Desktop/rascore_build/rcsb_assembly/4m21-assembly-3.cif.gz	/Users/mitchellparker/Desktop/rascore_build/renum_assembly/4m21-assembly-3_renum.cif	/Users/mitchellparker/Desktop/rascore_build/sifts/4m21.xml.gz	/Users/mitchellparker/Desktop/rascore_build/pocket/4m21A_3_pocket.pdb
4m21A	4m21	0	A	Disordered	Disordered	Disordered	Y71out	C 1 2 1 (CF3)	4m21A4	4	GTPase KRas	RASK_HUMAN	P01116-2	G12C,C51S,C80L,C118S	G12,C51,C80,C118	KRAS	2P	G12C	None	None	None	None	Other-Unbound	C 1 2 1	170	1-30:36-61:65-167	2013-08-05	Other	290.8782	0.0007	Unbound	Unbound	94,95,98,99,102	GDP	None	None	None	None	None	None	None	None	None	None	GDP	None	None	None	None	None	STP	XRAY	1.940	0.192	GMTEYKLVVVGACGVGKSALTIQLIQNHFVDEYDPTIEDSYRKQVVIDGETSLLDILDTAGQEEYSAMRDQYMRTGEGFLLVFAINNTKSFEDIHHYREQIKRVKDSEDVPMVLVGNKSDLPSRTVDTKQAQDLARSYGIPFIETSAKTRQGVDDAFYTLVREIRKHKEK	True	68.561	83.931	87.056	90.000	111.240	90.000	/Users/mitchellparker/Desktop/rascore_build/core/4m21A_core.cif	/Users/mitchellparker/Desktop/rascore_build/rcsb/4m21.cif.gz	/Users/mitchellparker/Desktop/rascore_build/renum/4m21_renum.cif	/Users/mitchellparker/Desktop/rascore_build/rcsb_assembly/4m21-assembly-3.cif.gz	/Users/mitchellparker/Desktop/rascore_build/renum_assembly/4m21-assembly-3_renum.cif	/Users/mitchellparker/Desktop/rascore_build/sifts/4m21.xml.gz	/Users/mitchellparker/Desktop/rascore_build/pocket/4m21A_4_pocket.pdb
4m21B	4m21	0	B	Disordered	Disordered	Disordered	Y71out	C 1 2 1 (CF3)	4m21B1	1	GTPase KRas	RASK_HUMAN	P01116-2	G12C,C51S,C80L,C118S	G12,C51,C80,C118	KRAS	2P	G12C	SP2	SP2.Acrylamide	None	None	SP2-Bound	C 1 2 1	170	1-29:38-59:64-168	2013-08-05	SP2	316.3121	0.6638	Bound	SP2	7,8,9,10,16,58,68,71,72,96,99,100	21Y,GDP	None	21Y:12,10,96,9,58,72,68,71,99,100	None	None	SP2	SP2.Acrylamide	21Y:CCC(=O)N1CCN(C(=O)CNc2cc(Cl)c(Cl)cc2OC)CC1	None	None	None	GDP	None	21Y	None	None	None	21Y	XRAY	1.940	0.192	GMTEYKLVVVGACGVGKSALTIQLIQNHFVDEYDPTIEDSYRKQVVIDGETSLLDILDTAGQEEYSAMRDQYMRTGEGFLLVFAINNTKSFEDIHHYREQIKRVKDSEDVPMVLVGNKSDLPSRTVDTKQAQDLARSYGIPFIETSAKTRQGVDDAFYTLVREIRKHKEK	True	68.561	83.931	87.056	90.000	111.240	90.000	/Users/mitchellparker/Desktop/rascore_build/core/4m21B_core.cif	/Users/mitchellparker/Desktop/rascore_build/rcsb/4m21.cif.gz	/Users/mitchellparker/Desktop/rascore_build/renum/4m21_renum.cif	/Users/mitchellparker/Desktop/rascore_build/rcsb_assembly/4m21-assembly-3.cif.gz	/Users/mitchellparker/Desktop/rascore_build/renum_assembly/4m21-assembly-3_renum.cif	/Users/mitchellparker/Desktop/rascore_build/sifts/4m21.xml.gz	/Users/mitchellparker/Desktop/rascore_build/pocket/4m21B_1_pocket.pdb
4m21C	4m21	0	C	Disordered	Disordered	Disordered	Y71in	C 1 2 1 (CF3)	4m21C1	1	GTPase KRas	RASK_HUMAN	P01116-2	G12C,C51S,C80L,C118S	G12,C51,C80,C118	KRAS	2P	G12C	None	None	None	None	Other-Unbound	C 1 2 1	170	2-28:40-59:69-167	2013-08-05	Other	257.2295	0.0006	Unbound	Unbound	97,107,108,109,110,111,137,138,139,162,165,166	GDP	None	None	None	None	None	None	None	None	None	None	GDP	None	None	None	None	None	STP	XRAY	1.940	0.192	GMTEYKLVVVGACGVGKSALTIQLIQNHFVDEYDPTIEDSYRKQVVIDGETSLLDILDTAGQEEYSAMRDQYMRTGEGFLLVFAINNTKSFEDIHHYREQIKRVKDSEDVPMVLVGNKSDLPSRTVDTKQAQDLARSYGIPFIETSAKTRQGVDDAFYTLVREIRKHKEK	True	68.561	83.931	87.056	90.000	111.240	90.000	/Users/mitchellparker/Desktop/rascore_build/core/4m21C_core.cif	/Users/mitchellparker/Desktop/rascore_build/rcsb/4m21.cif.gz	/Users/mitchellparker/Desktop/rascore_build/renum/4m21_renum.cif	/Users/mitchellparker/Desktop/rascore_build/rcsb_assembly/4m21-assembly-3.cif.gz	/Users/mitchellparker/Desktop/rascore_build/renum_assembly/4m21-assembly-3_renum.cif	/Users/mitchellparker/Desktop/rascore_build/sifts/4m21.xml.gz	/Users/mitchellparker/Desktop/rascore_build/pocket/4m21C_1_pocket.pdb
4m21C	4m21	0	C	Disordered	Disordered	Disordered	Y71in	C 1 2 1 (CF3)	4m21C2	2	GTPase KRas	RASK_HUMAN	P01116-2	G12C,C51S,C80L,C118S	G12,C51,C80,C118	KRAS	2P	G12C	None	None	None	None	Other-Unbound	C 1 2 1	170	2-28:40-59:69-167	2013-08-05	Other	175.0147	0.0375	Unbound	Unbound	17,18,21,28	GDP	None	None	None	None	None	None	None	None	None	None	GDP	None	None	None	None	None	STP	XRAY	1.940	0.192	GMTEYKLVVVGACGVGKSALTIQLIQNHFVDEYDPTIEDSYRKQVVIDGETSLLDILDTAGQEEYSAMRDQYMRTGEGFLLVFAINNTKSFEDIHHYREQIKRVKDSEDVPMVLVGNKSDLPSRTVDTKQAQDLARSYGIPFIETSAKTRQGVDDAFYTLVREIRKHKEK	True	68.561	83.931	87.056	90.000	111.240	90.000	/Users/mitchellparker/Desktop/rascore_build/core/4m21C_core.cif	/Users/mitchellparker/Desktop/rascore_build/rcsb/4m21.cif.gz	/Users/mitchellparker/Desktop/rascore_build/renum/4m21_renum.cif	/Users/mitchellparker/Desktop/rascore_build/rcsb_assembly/4m21-assembly-3.cif.gz	/Users/mitchellparker/Desktop/rascore_build/renum_assembly/4m21-assembly-3_renum.cif	/Users/mitchellparker/Desktop/rascore_build/sifts/4m21.xml.gz	/Users/mitchellparker/Desktop/rascore_build/pocket/4m21C_2_pocket.pdb
4m21C	4m21	0	C	Disordered	Disordered	Disordered	Y71in	C 1 2 1 (CF3)	4m21C3	3	GTPase KRas	RASK_HUMAN	P01116-2	G12C,C51S,C80L,C118S	G12,C51,C80,C118	KRAS	2P	G12C	None	None	None	None	Other-Unbound	C 1 2 1	170	2-28:40-59:69-167	2013-08-05	Other	250.4334	0.0003	Unbound	Unbound	131,134,135,139,141	GDP	None	None	None	None	None	None	None	None	None	None	GDP	None	None	None	None	None	STP	XRAY	1.940	0.192	GMTEYKLVVVGACGVGKSALTIQLIQNHFVDEYDPTIEDSYRKQVVIDGETSLLDILDTAGQEEYSAMRDQYMRTGEGFLLVFAINNTKSFEDIHHYREQIKRVKDSEDVPMVLVGNKSDLPSRTVDTKQAQDLARSYGIPFIETSAKTRQGVDDAFYTLVREIRKHKEK	True	68.561	83.931	87.056	90.000	111.240	90.000	/Users/mitchellparker/Desktop/rascore_build/core/4m21C_core.cif	/Users/mitchellparker/Desktop/rascore_build/rcsb/4m21.cif.gz	/Users/mitchellparker/Desktop/rascore_build/renum/4m21_renum.cif	/Users/mitchellparker/Desktop/rascore_build/rcsb_assembly/4m21-assembly-3.cif.gz	/Users/mitchellparker/Desktop/rascore_build/renum_assembly/4m21-assembly-3_renum.cif	/Users/mitchellparker/Desktop/rascore_build/sifts/4m21.xml.gz	/Users/mitchellparker/Desktop/rascore_build/pocket/4m21C_3_pocket.pdb
4m21C	4m21	0	C	Disordered	Disordered	Disordered	Y71in	C 1 2 1 (CF3)	4m21C4	4	GTPase KRas	RASK_HUMAN	P01116-2	G12C,C51S,C80L,C118S	G12,C51,C80,C118	KRAS	2P	G12C	None	None	None	None	Other-Unbound	C 1 2 1	170	2-28:40-59:69-167	2013-08-05	Other	242.0960	0.0057	Unbound	Unbound	11,12,86,88,89,92,96	GDP	None	None	None	None	None	None	None	None	None	None	GDP	None	None	None	None	None	STP	XRAY	1.940	0.192	GMTEYKLVVVGACGVGKSALTIQLIQNHFVDEYDPTIEDSYRKQVVIDGETSLLDILDTAGQEEYSAMRDQYMRTGEGFLLVFAINNTKSFEDIHHYREQIKRVKDSEDVPMVLVGNKSDLPSRTVDTKQAQDLARSYGIPFIETSAKTRQGVDDAFYTLVREIRKHKEK	True	68.561	83.931	87.056	90.000	111.240	90.000	/Users/mitchellparker/Desktop/rascore_build/core/4m21C_core.cif	/Users/mitchellparker/Desktop/rascore_build/rcsb/4m21.cif.gz	/Users/mitchellparker/Desktop/rascore_build/renum/4m21_renum.cif	/Users/mitchellparker/Desktop/rascore_build/rcsb_assembly/4m21-assembly-3.cif.gz	/Users/mitchellparker/Desktop/rascore_build/renum_assembly/4m21-assembly-3_renum.cif	/Users/mitchellparker/Desktop/rascore_build/sifts/4m21.xml.gz	/Users/mitchellparker/Desktop/rascore_build/pocket/4m21C_4_pocket.pdb
4m21C	4m21	0	C	Disordered	Disordered	Disordered	Y71in	C 1 2 1 (CF3)	4m21C5	5	GTPase KRas	RASK_HUMAN	P01116-2	G12C,C51S,C80L,C118S	G12,C51,C80,C118	KRAS	2P	G12C	None	None	None	None	Other-Unbound	C 1 2 1	170	2-28:40-59:69-167	2013-08-05	Other	238.2702	0.1256	Unbound	Unbound	23,24,42,43,44,53,149,153,157	GDP	None	None	None	None	None	None	None	None	None	None	GDP	None	None	None	None	None	STP	XRAY	1.940	0.192	GMTEYKLVVVGACGVGKSALTIQLIQNHFVDEYDPTIEDSYRKQVVIDGETSLLDILDTAGQEEYSAMRDQYMRTGEGFLLVFAINNTKSFEDIHHYREQIKRVKDSEDVPMVLVGNKSDLPSRTVDTKQAQDLARSYGIPFIETSAKTRQGVDDAFYTLVREIRKHKEK	True	68.561	83.931	87.056	90.000	111.240	90.000	/Users/mitchellparker/Desktop/rascore_build/core/4m21C_core.cif	/Users/mitchellparker/Desktop/rascore_build/rcsb/4m21.cif.gz	/Users/mitchellparker/Desktop/rascore_build/renum/4m21_renum.cif	/Users/mitchellparker/Desktop/rascore_build/rcsb_assembly/4m21-assembly-3.cif.gz	/Users/mitchellparker/Desktop/rascore_build/renum_assembly/4m21-assembly-3_renum.cif	/Users/mitchellparker/Desktop/rascore_build/sifts/4m21.xml.gz	/Users/mitchellparker/Desktop/rascore_build/pocket/4m21C_5_pocket.pdb
4m22A	4m22	0	A	Y32out.2P-OFF	Disordered	Y32out	Disordered	C 1 2 1 (CF3)	4m22A1	1	GTPase KRas	RASK_HUMAN	P01116-2	G12C,C51S,C80L,C118S	G12,C51,C80,C118	KRAS	2P	G12C	None	None	None	None	Multiple-Unbound	C 1 2 1	170	1-59:68-168	2013-08-05	Other	407.4318	0.0019	Unbound	Unbound	97,101,107,108,109,110,111,137,138,139,162,165,166	MG,GDP	None	None	None	None	None	None	None	None	None	None	GDP	MG	None	None	None	None	STP	XRAY	2.090	0.182	GMTEYKLVVVGACGVGKSALTIQLIQNHFVDEYDPTIEDSYRKQVVIDGETSLLDILDTAGQEEYSAMRDQYMRTGEGFLLVFAINNTKSFEDIHHYREQIKRVKDSEDVPMVLVGNKSDLPSRTVDTKQAQDLARSYGIPFIETSAKTRQGVDDAFYTLVREIRKHKEK	True	70.906	83.457	86.924	90.000	109.290	90.000	/Users/mitchellparker/Desktop/rascore_build/core/4m22A_core.cif	/Users/mitchellparker/Desktop/rascore_build/rcsb/4m22.cif.gz	/Users/mitchellparker/Desktop/rascore_build/renum/4m22_renum.cif	/Users/mitchellparker/Desktop/rascore_build/rcsb_assembly/4m22-assembly-1.cif.gz	/Users/mitchellparker/Desktop/rascore_build/renum_assembly/4m22-assembly-1_renum.cif	/Users/mitchellparker/Desktop/rascore_build/sifts/4m22.xml.gz	/Users/mitchellparker/Desktop/rascore_build/pocket/4m22A_1_pocket.pdb
4m22A	4m22	0	A	Y32out.2P-OFF	Disordered	Y32out	Disordered	C 1 2 1 (CF3)	4m22A2	2	GTPase KRas	RASK_HUMAN	P01116-2	G12C,C51S,C80L,C118S	G12,C51,C80,C118	KRAS	2P	G12C	None	None	None	None	Multiple-Unbound	C 1 2 1	170	1-59:68-168	2013-08-05	SP2	262.9517	0.0025	Unbound	Unbound	10,12,16,34,37,58,59,96	MG,GDP	None	None	None	None	None	None	None	None	None	None	GDP	MG	None	None	None	None	STP	XRAY	2.090	0.182	GMTEYKLVVVGACGVGKSALTIQLIQNHFVDEYDPTIEDSYRKQVVIDGETSLLDILDTAGQEEYSAMRDQYMRTGEGFLLVFAINNTKSFEDIHHYREQIKRVKDSEDVPMVLVGNKSDLPSRTVDTKQAQDLARSYGIPFIETSAKTRQGVDDAFYTLVREIRKHKEK	True	70.906	83.457	86.924	90.000	109.290	90.000	/Users/mitchellparker/Desktop/rascore_build/core/4m22A_core.cif	/Users/mitchellparker/Desktop/rascore_build/rcsb/4m22.cif.gz	/Users/mitchellparker/Desktop/rascore_build/renum/4m22_renum.cif	/Users/mitchellparker/Desktop/rascore_build/rcsb_assembly/4m22-assembly-1.cif.gz	/Users/mitchellparker/Desktop/rascore_build/renum_assembly/4m22-assembly-1_renum.cif	/Users/mitchellparker/Desktop/rascore_build/sifts/4m22.xml.gz	/Users/mitchellparker/Desktop/rascore_build/pocket/4m22A_2_pocket.pdb
4m22A	4m22	0	A	Y32out.2P-OFF	Disordered	Y32out	Disordered	C 1 2 1 (CF3)	4m22A3	3	GTPase KRas	RASK_HUMAN	P01116-2	G12C,C51S,C80L,C118S	G12,C51,C80,C118	KRAS	2P	G12C	None	None	None	None	Multiple-Unbound	C 1 2 1	170	1-59:68-168	2013-08-05	SP12	203.5696	0.0276	Unbound	Unbound	5,6,7,39,54,56,68,71,74	MG,GDP	None	None	None	None	None	None	None	None	None	None	GDP	MG	None	None	None	None	STP	XRAY	2.090	0.182	GMTEYKLVVVGACGVGKSALTIQLIQNHFVDEYDPTIEDSYRKQVVIDGETSLLDILDTAGQEEYSAMRDQYMRTGEGFLLVFAINNTKSFEDIHHYREQIKRVKDSEDVPMVLVGNKSDLPSRTVDTKQAQDLARSYGIPFIETSAKTRQGVDDAFYTLVREIRKHKEK	True	70.906	83.457	86.924	90.000	109.290	90.000	/Users/mitchellparker/Desktop/rascore_build/core/4m22A_core.cif	/Users/mitchellparker/Desktop/rascore_build/rcsb/4m22.cif.gz	/Users/mitchellparker/Desktop/rascore_build/renum/4m22_renum.cif	/Users/mitchellparker/Desktop/rascore_build/rcsb_assembly/4m22-assembly-1.cif.gz	/Users/mitchellparker/Desktop/rascore_build/renum_assembly/4m22-assembly-1_renum.cif	/Users/mitchellparker/Desktop/rascore_build/sifts/4m22.xml.gz	/Users/mitchellparker/Desktop/rascore_build/pocket/4m22A_3_pocket.pdb
4m22A	4m22	0	A	Y32out.2P-OFF	Disordered	Y32out	Disordered	C 1 2 1 (CF3)	4m22A4	4	GTPase KRas	RASK_HUMAN	P01116-2	G12C,C51S,C80L,C118S	G12,C51,C80,C118	KRAS	2P	G12C	None	None	None	None	Multiple-Unbound	C 1 2 1	170	1-59:68-168	2013-08-05	SP2	190.4701	0.2397	Unbound	Unbound	9,58,68,72,96,99,100	MG,GDP	None	None	None	None	None	None	None	None	None	None	GDP	MG	None	None	None	None	STP	XRAY	2.090	0.182	GMTEYKLVVVGACGVGKSALTIQLIQNHFVDEYDPTIEDSYRKQVVIDGETSLLDILDTAGQEEYSAMRDQYMRTGEGFLLVFAINNTKSFEDIHHYREQIKRVKDSEDVPMVLVGNKSDLPSRTVDTKQAQDLARSYGIPFIETSAKTRQGVDDAFYTLVREIRKHKEK	True	70.906	83.457	86.924	90.000	109.290	90.000	/Users/mitchellparker/Desktop/rascore_build/core/4m22A_core.cif	/Users/mitchellparker/Desktop/rascore_build/rcsb/4m22.cif.gz	/Users/mitchellparker/Desktop/rascore_build/renum/4m22_renum.cif	/Users/mitchellparker/Desktop/rascore_build/rcsb_assembly/4m22-assembly-1.cif.gz	/Users/mitchellparker/Desktop/rascore_build/renum_assembly/4m22-assembly-1_renum.cif	/Users/mitchellparker/Desktop/rascore_build/sifts/4m22.xml.gz	/Users/mitchellparker/Desktop/rascore_build/pocket/4m22A_4_pocket.pdb
4m22A	4m22	0	A	Y32out.2P-OFF	Disordered	Y32out	Disordered	C 1 2 1 (CF3)	4m22A5	5	GTPase KRas	RASK_HUMAN	P01116-2	G12C,C51S,C80L,C118S	G12,C51,C80,C118	KRAS	2P	G12C	None	None	None	None	Multiple-Unbound	C 1 2 1	170	1-59:68-168	2013-08-05	Other	263.9154	0.1313	Unbound	Unbound	74,75,76,104,106,109,110,163,166,167	MG,GDP	None	None	None	None	None	None	None	None	None	None	GDP	MG	None	None	None	None	STP	XRAY	2.090	0.182	GMTEYKLVVVGACGVGKSALTIQLIQNHFVDEYDPTIEDSYRKQVVIDGETSLLDILDTAGQEEYSAMRDQYMRTGEGFLLVFAINNTKSFEDIHHYREQIKRVKDSEDVPMVLVGNKSDLPSRTVDTKQAQDLARSYGIPFIETSAKTRQGVDDAFYTLVREIRKHKEK	True	70.906	83.457	86.924	90.000	109.290	90.000	/Users/mitchellparker/Desktop/rascore_build/core/4m22A_core.cif	/Users/mitchellparker/Desktop/rascore_build/rcsb/4m22.cif.gz	/Users/mitchellparker/Desktop/rascore_build/renum/4m22_renum.cif	/Users/mitchellparker/Desktop/rascore_build/rcsb_assembly/4m22-assembly-1.cif.gz	/Users/mitchellparker/Desktop/rascore_build/renum_assembly/4m22-assembly-1_renum.cif	/Users/mitchellparker/Desktop/rascore_build/sifts/4m22.xml.gz	/Users/mitchellparker/Desktop/rascore_build/pocket/4m22A_5_pocket.pdb
4m22B	4m22	0	B	Y32out.2P-OFF	Outlier	Y32out	Y71in	C 1 2 1 (CF3)	4m22B1	1	GTPase KRas	RASK_HUMAN	P01116-2	G12C,C51S,C80L,C118S	G12,C51,C80,C118	KRAS	2P	G12C	SP2	SP2.Acrylamide	None	None	SP2-Bound	C 1 2 1	170	2-167	2013-08-05	SP2	573.9542	0.8444	Bound	SP2	9,10,12,16,34,58,59,60,61,68,71,72,95,96,99,100	MG,22C,GDP	None	22C:60,59,12,61,34,96,10,68,58,71,72,16,11	None	None	SP2	SP2.Acrylamide	22C:CCC(=O)N1CCN(C(=O)COc2ccc(Cl)cc2Cl)CC1	None	None	None	GDP	MG	22C	None	None	None	22C	XRAY	2.090	0.182	GMTEYKLVVVGACGVGKSALTIQLIQNHFVDEYDPTIEDSYRKQVVIDGETSLLDILDTAGQEEYSAMRDQYMRTGEGFLLVFAINNTKSFEDIHHYREQIKRVKDSEDVPMVLVGNKSDLPSRTVDTKQAQDLARSYGIPFIETSAKTRQGVDDAFYTLVREIRKHKEK	True	70.906	83.457	86.924	90.000	109.290	90.000	/Users/mitchellparker/Desktop/rascore_build/core/4m22B_core.cif	/Users/mitchellparker/Desktop/rascore_build/rcsb/4m22.cif.gz	/Users/mitchellparker/Desktop/rascore_build/renum/4m22_renum.cif	/Users/mitchellparker/Desktop/rascore_build/rcsb_assembly/4m22-assembly-1.cif.gz	/Users/mitchellparker/Desktop/rascore_build/renum_assembly/4m22-assembly-1_renum.cif	/Users/mitchellparker/Desktop/rascore_build/sifts/4m22.xml.gz	/Users/mitchellparker/Desktop/rascore_build/pocket/4m22B_1_pocket.pdb
4m22C	4m22	0	C	Disordered	Disordered	Disordered	Y71in	C 1 2 1 (CF3)	4m22C1	1	GTPase KRas	RASK_HUMAN	P01116-2	G12C,C51S,C80L,C118S	G12,C51,C80,C118	KRAS	2P	G12C	SP2	SP2.Acrylamide	None	None	SP2-Bound	C 1 2 1	170	2-30:33-60:67-168	2013-08-05	SP2	405.2775	0.2995	Bound	SP2	9,10,12,16,34,58,59,60,68,71,72,96,99,100	MG,22C,GDP	None	22C:96,10,60,34,12,71,59,99,72,16	None	None	SP2	SP2.Acrylamide	22C:CCC(=O)N1CCN(C(=O)COc2ccc(Cl)cc2Cl)CC1	None	None	None	GDP	MG	22C	None	None	None	22C	XRAY	2.090	0.182	GMTEYKLVVVGACGVGKSALTIQLIQNHFVDEYDPTIEDSYRKQVVIDGETSLLDILDTAGQEEYSAMRDQYMRTGEGFLLVFAINNTKSFEDIHHYREQIKRVKDSEDVPMVLVGNKSDLPSRTVDTKQAQDLARSYGIPFIETSAKTRQGVDDAFYTLVREIRKHKEK	True	70.906	83.457	86.924	90.000	109.290	90.000	/Users/mitchellparker/Desktop/rascore_build/core/4m22C_core.cif	/Users/mitchellparker/Desktop/rascore_build/rcsb/4m22.cif.gz	/Users/mitchellparker/Desktop/rascore_build/renum/4m22_renum.cif	/Users/mitchellparker/Desktop/rascore_build/rcsb_assembly/4m22-assembly-1.cif.gz	/Users/mitchellparker/Desktop/rascore_build/renum_assembly/4m22-assembly-1_renum.cif	/Users/mitchellparker/Desktop/rascore_build/sifts/4m22.xml.gz	/Users/mitchellparker/Desktop/rascore_build/pocket/4m22C_1_pocket.pdb
4nyiQ	4nyi	0	Q	Y32in.3P-ON	Y71in.3P-R	Y32in	Y71in	I 4 2 2 (CF2)	4nyiQ1	1	GTPase HRas	RASH_HUMAN	P01112	Y64A	Y64	HRAS	3P	Other	None	None	GEF.REM	None	Other-Unbound	I 4 2 2	167	1-166	2013-12-10	Other	120.8325	0.0002	Unbound	Unbound	12,13,14,83,85,86,117	MG,GNP	Son of sevenless homolog 1	None	S:74,70,37,39,56,66,36,67,64,38,34,33,63,61,35,31,27,28,26,25,149,153,43,50,1,45,44,41,24,42	SOS1_HUMAN	None	None	None	RasGEF	None	S	GNP	MG	None	None	None	None	STP	XRAY	2.961	0.167	GMTEYKLVVVGAGGVGKSALTIQLIQNHFVDEYDPTIEDSYRKQVVIDGETCLLDILDTAGQEEASAMRDQYMRTGEGFLCVFAINNTKSFEDIHQYREQIKRVKDSDDVPMVLVGNKCDLAARTVESRQAQDLARSYGIPYIETSAKTRQGVEDAFYTLVREIRQH	True	183.285	183.285	177.860	90.00	90.00	90.00	/Users/mitchellparker/Desktop/rascore_build/core/4nyiQ_core.cif	/Users/mitchellparker/Desktop/rascore_build/rcsb/4nyi.cif.gz	/Users/mitchellparker/Desktop/rascore_build/renum/4nyi_renum.cif	/Users/mitchellparker/Desktop/rascore_build/rcsb_assembly/4nyi-assembly-1.cif.gz	/Users/mitchellparker/Desktop/rascore_build/renum_assembly/4nyi-assembly-1_renum.cif	/Users/mitchellparker/Desktop/rascore_build/sifts/4nyi.xml.gz	/Users/mitchellparker/Desktop/rascore_build/pocket/4nyiQ_1_pocket.pdb
4nyiR	4nyi	0	R	Outlier	Y71out.0P-GEF	Y32out	Y71out	I 4 2 2 (CF2)	4nyiR1	1	GTPase HRas	RASH_HUMAN	P01112	WT	WT	HRAS	0P	WT	None	None	GEF.CDC25	None	SP2-Unbound	I 4 2 2	167	1-166	2013-12-10	SP2	233.9673	0.0061	Unbound	Unbound	7,8,9,10,16,58,61,62,64,68,71,72,96	None	Son of sevenless homolog 1	None	S:31,60,13,63,64,65,66,70,67,73,69,102,103,40,54,55,56,71,37,61,59,58,57,34,21,17,18,32,27,25,30,95,105,74	SOS1_HUMAN	None	None	None	RasGEF	None	S	None	None	None	None	None	None	STP	XRAY	2.961	0.167	GMTEYKLVVVGAGGVGKSALTIQLIQNHFVDEYDPTIEDSYRKQVVIDGETCLLDILDTAGQEEYSAMRDQYMRTGEGFLCVFAINNTKSFEDIHQYREQIKRVKDSDDVPMVLVGNKCDLAARTVESRQAQDLARSYGIPYIETSAKTRQGVEDAFYTLVREIRQH	True	183.285	183.285	177.860	90.00	90.00	90.00	/Users/mitchellparker/Desktop/rascore_build/core/4nyiR_core.cif	/Users/mitchellparker/Desktop/rascore_build/rcsb/4nyi.cif.gz	/Users/mitchellparker/Desktop/rascore_build/renum/4nyi_renum.cif	/Users/mitchellparker/Desktop/rascore_build/rcsb_assembly/4nyi-assembly-1.cif.gz	/Users/mitchellparker/Desktop/rascore_build/renum_assembly/4nyi-assembly-1_renum.cif	/Users/mitchellparker/Desktop/rascore_build/sifts/4nyi.xml.gz	/Users/mitchellparker/Desktop/rascore_build/pocket/4nyiR_1_pocket.pdb
4nyiR	4nyi	0	R	Outlier	Y71out.0P-GEF	Y32out	Y71out	I 4 2 2 (CF2)	4nyiR2	2	GTPase HRas	RASH_HUMAN	P01112	WT	WT	HRAS	0P	WT	None	None	GEF.CDC25	None	SP2-Unbound	I 4 2 2	167	1-166	2013-12-10	SP2	199.4445	0.0002	Unbound	Unbound	68,92,95,96	None	Son of sevenless homolog 1	None	S:31,60,13,63,64,65,66,70,67,73,69,102,103,40,54,55,56,71,37,61,59,58,57,34,21,17,18,32,27,25,30,95,105,74	SOS1_HUMAN	None	None	None	RasGEF	None	S	None	None	None	None	None	None	STP	XRAY	2.961	0.167	GMTEYKLVVVGAGGVGKSALTIQLIQNHFVDEYDPTIEDSYRKQVVIDGETCLLDILDTAGQEEYSAMRDQYMRTGEGFLCVFAINNTKSFEDIHQYREQIKRVKDSDDVPMVLVGNKCDLAARTVESRQAQDLARSYGIPYIETSAKTRQGVEDAFYTLVREIRQH	True	183.285	183.285	177.860	90.00	90.00	90.00	/Users/mitchellparker/Desktop/rascore_build/core/4nyiR_core.cif	/Users/mitchellparker/Desktop/rascore_build/rcsb/4nyi.cif.gz	/Users/mitchellparker/Desktop/rascore_build/renum/4nyi_renum.cif	/Users/mitchellparker/Desktop/rascore_build/rcsb_assembly/4nyi-assembly-1.cif.gz	/Users/mitchellparker/Desktop/rascore_build/renum_assembly/4nyi-assembly-1_renum.cif	/Users/mitchellparker/Desktop/rascore_build/sifts/4nyi.xml.gz	/Users/mitchellparker/Desktop/rascore_build/pocket/4nyiR_2_pocket.pdb
4nyiR	4nyi	0	R	Outlier	Y71out.0P-GEF	Y32out	Y71out	I 4 2 2 (CF2)	4nyiR3	3	GTPase HRas	RASH_HUMAN	P01112	WT	WT	HRAS	0P	WT	None	None	GEF.CDC25	None	SP2-Unbound	I 4 2 2	167	1-166	2013-12-10	Other	173.5716	0.0001	Unbound	Unbound	117,123,143,144,145,150	None	Son of sevenless homolog 1	None	S:31,60,13,63,64,65,66,70,67,73,69,102,103,40,54,55,56,71,37,61,59,58,57,34,21,17,18,32,27,25,30,95,105,74	SOS1_HUMAN	None	None	None	RasGEF	None	S	None	None	None	None	None	None	STP	XRAY	2.961	0.167	GMTEYKLVVVGAGGVGKSALTIQLIQNHFVDEYDPTIEDSYRKQVVIDGETCLLDILDTAGQEEYSAMRDQYMRTGEGFLCVFAINNTKSFEDIHQYREQIKRVKDSDDVPMVLVGNKCDLAARTVESRQAQDLARSYGIPYIETSAKTRQGVEDAFYTLVREIRQH	True	183.285	183.285	177.860	90.00	90.00	90.00	/Users/mitchellparker/Desktop/rascore_build/core/4nyiR_core.cif	/Users/mitchellparker/Desktop/rascore_build/rcsb/4nyi.cif.gz	/Users/mitchellparker/Desktop/rascore_build/renum/4nyi_renum.cif	/Users/mitchellparker/Desktop/rascore_build/rcsb_assembly/4nyi-assembly-1.cif.gz	/Users/mitchellparker/Desktop/rascore_build/renum_assembly/4nyi-assembly-1_renum.cif	/Users/mitchellparker/Desktop/rascore_build/sifts/4nyi.xml.gz	/Users/mitchellparker/Desktop/rascore_build/pocket/4nyiR_3_pocket.pdb
4nyjQ	4nyj	0	Q	Y32in.3P-ON	Y71in.3P-R	Y32in	Y71in	I 4 2 2 (CF2)	4nyjQ2	2	GTPase HRas	RASH_HUMAN	P01112	Y64A	Y64	HRAS	3P	Other	None	None	GEF.REM	None	Other-Unbound	I 4 2 2	166	1-166	2013-12-10	Other	269.8257	0.0068	Unbound	Unbound	74,75,76,104,106,108,109,110,163,166	MG,GNP	Son of sevenless homolog 1	None	S:70,37,39,56,66,36,67,34,38,33,63,61,35,31,27,26,149,153,43,50,1,45,44,41,42,24,25,151,152,148,150	SOS1_HUMAN	None	None	None	RasGEF	None	S	GNP	MG	None	None	None	None	STP	XRAY	2.852	0.157	MTEYKLVVVGAGGVGKSALTIQLIQNHFVDEYDPTIEDSYRKQVVIDGETCLLDILDTAGQEEASAMRDQYMRTGEGFLCVFAINNTKSFEDIHQYREQIKRVKDSDDVPMVLVGNKCDLAARTVESRQAQDLARSYGIPYIETSAKTRQGVEDAFYTLVREIRQH	True	185.338	185.338	179.535	90.00	90.00	90.00	/Users/mitchellparker/Desktop/rascore_build/core/4nyjQ_core.cif	/Users/mitchellparker/Desktop/rascore_build/rcsb/4nyj.cif.gz	/Users/mitchellparker/Desktop/rascore_build/renum/4nyj_renum.cif	/Users/mitchellparker/Desktop/rascore_build/rcsb_assembly/4nyj-assembly-1.cif.gz	/Users/mitchellparker/Desktop/rascore_build/renum_assembly/4nyj-assembly-1_renum.cif	/Users/mitchellparker/Desktop/rascore_build/sifts/4nyj.xml.gz	/Users/mitchellparker/Desktop/rascore_build/pocket/4nyjQ_2_pocket.pdb
4nyjR	4nyj	0	R	Outlier	Y71out.0P-GEF	Y32out	Y71out	I 4 2 2 (CF2)	4nyjR1	1	GTPase HRas	RASH_HUMAN	P01112	WT	WT	HRAS	0P	WT	None	None	GEF.CDC25	None	SP2-Unbound	I 4 2 2	166	1-166	2013-12-10	SP2	276.3044	0.2350	Unbound	Unbound	7,8,9,10,16,58,61,62,64,68,71,72,96	None	Son of sevenless homolog 1	None	S:31,60,13,64,63,65,66,70,67,73,69,103,40,54,55,56,71,61,59,58,57,34,35,17,32,21,25,30,68,95,102,105	SOS1_HUMAN	None	None	None	RasGEF	None	S	None	None	None	None	None	None	STP	XRAY	2.852	0.157	MTEYKLVVVGAGGVGKSALTIQLIQNHFVDEYDPTIEDSYRKQVVIDGETCLLDILDTAGQEEYSAMRDQYMRTGEGFLCVFAINNTKSFEDIHQYREQIKRVKDSDDVPMVLVGNKCDLAARTVESRQAQDLARSYGIPYIETSAKTRQGVEDAFYTLVREIRQH	True	185.338	185.338	179.535	90.00	90.00	90.00	/Users/mitchellparker/Desktop/rascore_build/core/4nyjR_core.cif	/Users/mitchellparker/Desktop/rascore_build/rcsb/4nyj.cif.gz	/Users/mitchellparker/Desktop/rascore_build/renum/4nyj_renum.cif	/Users/mitchellparker/Desktop/rascore_build/rcsb_assembly/4nyj-assembly-1.cif.gz	/Users/mitchellparker/Desktop/rascore_build/renum_assembly/4nyj-assembly-1_renum.cif	/Users/mitchellparker/Desktop/rascore_build/sifts/4nyj.xml.gz	/Users/mitchellparker/Desktop/rascore_build/pocket/4nyjR_1_pocket.pdb
4nyjR	4nyj	0	R	Outlier	Y71out.0P-GEF	Y32out	Y71out	I 4 2 2 (CF2)	4nyjR2	2	GTPase HRas	RASH_HUMAN	P01112	WT	WT	HRAS	0P	WT	None	None	GEF.CDC25	None	SP2-Unbound	I 4 2 2	166	1-166	2013-12-10	Other	204.3935	0.0002	Unbound	Unbound	97,107,108,109,110,111,137,138,139,162,165,166	None	Son of sevenless homolog 1	None	S:31,60,13,64,63,65,66,70,67,73,69,103,40,54,55,56,71,61,59,58,57,34,35,17,32,21,25,30,68,95,102,105	SOS1_HUMAN	None	None	None	RasGEF	None	S	None	None	None	None	None	None	STP	XRAY	2.852	0.157	MTEYKLVVVGAGGVGKSALTIQLIQNHFVDEYDPTIEDSYRKQVVIDGETCLLDILDTAGQEEYSAMRDQYMRTGEGFLCVFAINNTKSFEDIHQYREQIKRVKDSDDVPMVLVGNKCDLAARTVESRQAQDLARSYGIPYIETSAKTRQGVEDAFYTLVREIRQH	True	185.338	185.338	179.535	90.00	90.00	90.00	/Users/mitchellparker/Desktop/rascore_build/core/4nyjR_core.cif	/Users/mitchellparker/Desktop/rascore_build/rcsb/4nyj.cif.gz	/Users/mitchellparker/Desktop/rascore_build/renum/4nyj_renum.cif	/Users/mitchellparker/Desktop/rascore_build/rcsb_assembly/4nyj-assembly-1.cif.gz	/Users/mitchellparker/Desktop/rascore_build/renum_assembly/4nyj-assembly-1_renum.cif	/Users/mitchellparker/Desktop/rascore_build/sifts/4nyj.xml.gz	/Users/mitchellparker/Desktop/rascore_build/pocket/4nyjR_2_pocket.pdb
4nyjR	4nyj	0	R	Outlier	Y71out.0P-GEF	Y32out	Y71out	I 4 2 2 (CF2)	4nyjR3	3	GTPase HRas	RASH_HUMAN	P01112	WT	WT	HRAS	0P	WT	None	None	GEF.CDC25	None	SP2-Unbound	I 4 2 2	166	1-166	2013-12-10	Other	374.2359	0.0000	Unbound	Unbound	131,134,135,138,139,140,141,162	None	Son of sevenless homolog 1	None	S:31,60,13,64,63,65,66,70,67,73,69,103,40,54,55,56,71,61,59,58,57,34,35,17,32,21,25,30,68,95,102,105	SOS1_HUMAN	None	None	None	RasGEF	None	S	None	None	None	None	None	None	STP	XRAY	2.852	0.157	MTEYKLVVVGAGGVGKSALTIQLIQNHFVDEYDPTIEDSYRKQVVIDGETCLLDILDTAGQEEYSAMRDQYMRTGEGFLCVFAINNTKSFEDIHQYREQIKRVKDSDDVPMVLVGNKCDLAARTVESRQAQDLARSYGIPYIETSAKTRQGVEDAFYTLVREIRQH	True	185.338	185.338	179.535	90.00	90.00	90.00	/Users/mitchellparker/Desktop/rascore_build/core/4nyjR_core.cif	/Users/mitchellparker/Desktop/rascore_build/rcsb/4nyj.cif.gz	/Users/mitchellparker/Desktop/rascore_build/renum/4nyj_renum.cif	/Users/mitchellparker/Desktop/rascore_build/rcsb_assembly/4nyj-assembly-1.cif.gz	/Users/mitchellparker/Desktop/rascore_build/renum_assembly/4nyj-assembly-1_renum.cif	/Users/mitchellparker/Desktop/rascore_build/sifts/4nyj.xml.gz	/Users/mitchellparker/Desktop/rascore_build/pocket/4nyjR_3_pocket.pdb
4nyjR	4nyj	0	R	Outlier	Y71out.0P-GEF	Y32out	Y71out	I 4 2 2 (CF2)	4nyjR4	4	GTPase HRas	RASH_HUMAN	P01112	WT	WT	HRAS	0P	WT	None	None	GEF.CDC25	None	SP2-Unbound	I 4 2 2	166	1-166	2013-12-10	Other	263.8067	0.0043	Unbound	Unbound	76,104,106,108,109,110,163,166	None	Son of sevenless homolog 1	None	S:31,60,13,64,63,65,66,70,67,73,69,103,40,54,55,56,71,61,59,58,57,34,35,17,32,21,25,30,68,95,102,105	SOS1_HUMAN	None	None	None	RasGEF	None	S	None	None	None	None	None	None	STP	XRAY	2.852	0.157	MTEYKLVVVGAGGVGKSALTIQLIQNHFVDEYDPTIEDSYRKQVVIDGETCLLDILDTAGQEEYSAMRDQYMRTGEGFLCVFAINNTKSFEDIHQYREQIKRVKDSDDVPMVLVGNKCDLAARTVESRQAQDLARSYGIPYIETSAKTRQGVEDAFYTLVREIRQH	True	185.338	185.338	179.535	90.00	90.00	90.00	/Users/mitchellparker/Desktop/rascore_build/core/4nyjR_core.cif	/Users/mitchellparker/Desktop/rascore_build/rcsb/4nyj.cif.gz	/Users/mitchellparker/Desktop/rascore_build/renum/4nyj_renum.cif	/Users/mitchellparker/Desktop/rascore_build/rcsb_assembly/4nyj-assembly-1.cif.gz	/Users/mitchellparker/Desktop/rascore_build/renum_assembly/4nyj-assembly-1_renum.cif	/Users/mitchellparker/Desktop/rascore_build/sifts/4nyj.xml.gz	/Users/mitchellparker/Desktop/rascore_build/pocket/4nyjR_4_pocket.pdb
4nymQ	4nym	0	Q	Y32in.3P-ON	Y71in.3P-R	Y32in	Y71in	I 4 2 2 (CF2)	4nymQ1	1	GTPase HRas	RASH_HUMAN	P01112	Y64A	Y64	HRAS	3P	Other	None	None	GEF.REM	None	SP2-Unbound	I 4 2 2	166	1-166	2013-12-10	Other	395.2603	0.0003	Unbound	Unbound	98,101,102,105,106	MG,GNP	Son of sevenless homolog 1	None	S:74,70,37,39,66,63,36,67,34,33,38,61,35,31,27,26,25,22,149,153,43,1,50,45,44,41,42,24	SOS1_HUMAN	None	None	None	RasGEF	None	S	GNP	MG	None	None	None	None	STP	XRAY	3.553	0.161	MTEYKLVVVGAGGVGKSALTIQLIQNHFVDEYDPTIEDSYRKQVVIDGETCLLDILDTAGQEEASAMRDQYMRTGEGFLCVFAINNTKSFEDIHQYREQIKRVKDSDDVPMVLVGNKCDLAARTVESRQAQDLARSYGIPYIETSAKTRQGVEDAFYTLVREIRQH	True	186.805	186.805	178.684	90.00	90.00	90.00	/Users/mitchellparker/Desktop/rascore_build/core/4nymQ_core.cif	/Users/mitchellparker/Desktop/rascore_build/rcsb/4nym.cif.gz	/Users/mitchellparker/Desktop/rascore_build/renum/4nym_renum.cif	/Users/mitchellparker/Desktop/rascore_build/rcsb_assembly/4nym-assembly-1.cif.gz	/Users/mitchellparker/Desktop/rascore_build/renum_assembly/4nym-assembly-1_renum.cif	/Users/mitchellparker/Desktop/rascore_build/sifts/4nym.xml.gz	/Users/mitchellparker/Desktop/rascore_build/pocket/4nymQ_1_pocket.pdb
4nymQ	4nym	0	Q	Y32in.3P-ON	Y71in.3P-R	Y32in	Y71in	I 4 2 2 (CF2)	4nymQ2	2	GTPase HRas	RASH_HUMAN	P01112	Y64A	Y64	HRAS	3P	Other	None	None	GEF.REM	None	SP2-Unbound	I 4 2 2	166	1-166	2013-12-10	Other	184.1578	0.0005	Unbound	Unbound	97,107,108,109,110,137,138,139,162,165,166	MG,GNP	Son of sevenless homolog 1	None	S:74,70,37,39,66,63,36,67,34,33,38,61,35,31,27,26,25,22,149,153,43,1,50,45,44,41,42,24	SOS1_HUMAN	None	None	None	RasGEF	None	S	GNP	MG	None	None	None	None	STP	XRAY	3.553	0.161	MTEYKLVVVGAGGVGKSALTIQLIQNHFVDEYDPTIEDSYRKQVVIDGETCLLDILDTAGQEEASAMRDQYMRTGEGFLCVFAINNTKSFEDIHQYREQIKRVKDSDDVPMVLVGNKCDLAARTVESRQAQDLARSYGIPYIETSAKTRQGVEDAFYTLVREIRQH	True	186.805	186.805	178.684	90.00	90.00	90.00	/Users/mitchellparker/Desktop/rascore_build/core/4nymQ_core.cif	/Users/mitchellparker/Desktop/rascore_build/rcsb/4nym.cif.gz	/Users/mitchellparker/Desktop/rascore_build/renum/4nym_renum.cif	/Users/mitchellparker/Desktop/rascore_build/rcsb_assembly/4nym-assembly-1.cif.gz	/Users/mitchellparker/Desktop/rascore_build/renum_assembly/4nym-assembly-1_renum.cif	/Users/mitchellparker/Desktop/rascore_build/sifts/4nym.xml.gz	/Users/mitchellparker/Desktop/rascore_build/pocket/4nymQ_2_pocket.pdb
4nymQ	4nym	0	Q	Y32in.3P-ON	Y71in.3P-R	Y32in	Y71in	I 4 2 2 (CF2)	4nymQ3	3	GTPase HRas	RASH_HUMAN	P01112	Y64A	Y64	HRAS	3P	Other	None	None	GEF.REM	None	SP2-Unbound	I 4 2 2	166	1-166	2013-12-10	Other	311.7010	0.0021	Unbound	Unbound	76,104,106,108,109,110,163,166	MG,GNP	Son of sevenless homolog 1	None	S:74,70,37,39,66,63,36,67,34,33,38,61,35,31,27,26,25,22,149,153,43,1,50,45,44,41,42,24	SOS1_HUMAN	None	None	None	RasGEF	None	S	GNP	MG	None	None	None	None	STP	XRAY	3.553	0.161	MTEYKLVVVGAGGVGKSALTIQLIQNHFVDEYDPTIEDSYRKQVVIDGETCLLDILDTAGQEEASAMRDQYMRTGEGFLCVFAINNTKSFEDIHQYREQIKRVKDSDDVPMVLVGNKCDLAARTVESRQAQDLARSYGIPYIETSAKTRQGVEDAFYTLVREIRQH	True	186.805	186.805	178.684	90.00	90.00	90.00	/Users/mitchellparker/Desktop/rascore_build/core/4nymQ_core.cif	/Users/mitchellparker/Desktop/rascore_build/rcsb/4nym.cif.gz	/Users/mitchellparker/Desktop/rascore_build/renum/4nym_renum.cif	/Users/mitchellparker/Desktop/rascore_build/rcsb_assembly/4nym-assembly-1.cif.gz	/Users/mitchellparker/Desktop/rascore_build/renum_assembly/4nym-assembly-1_renum.cif	/Users/mitchellparker/Desktop/rascore_build/sifts/4nym.xml.gz	/Users/mitchellparker/Desktop/rascore_build/pocket/4nymQ_3_pocket.pdb
4nymQ	4nym	0	Q	Y32in.3P-ON	Y71in.3P-R	Y32in	Y71in	I 4 2 2 (CF2)	4nymQ4	4	GTPase HRas	RASH_HUMAN	P01112	Y64A	Y64	HRAS	3P	Other	None	None	GEF.REM	None	SP2-Unbound	I 4 2 2	166	1-166	2013-12-10	SP2	358.1328	0.0102	Unbound	Unbound	11,12,60,62,68,92,95,96,98,99,102	MG,GNP	Son of sevenless homolog 1	None	S:74,70,37,39,66,63,36,67,34,33,38,61,35,31,27,26,25,22,149,153,43,1,50,45,44,41,42,24	SOS1_HUMAN	None	None	None	RasGEF	None	S	GNP	MG	None	None	None	None	STP	XRAY	3.553	0.161	MTEYKLVVVGAGGVGKSALTIQLIQNHFVDEYDPTIEDSYRKQVVIDGETCLLDILDTAGQEEASAMRDQYMRTGEGFLCVFAINNTKSFEDIHQYREQIKRVKDSDDVPMVLVGNKCDLAARTVESRQAQDLARSYGIPYIETSAKTRQGVEDAFYTLVREIRQH	True	186.805	186.805	178.684	90.00	90.00	90.00	/Users/mitchellparker/Desktop/rascore_build/core/4nymQ_core.cif	/Users/mitchellparker/Desktop/rascore_build/rcsb/4nym.cif.gz	/Users/mitchellparker/Desktop/rascore_build/renum/4nym_renum.cif	/Users/mitchellparker/Desktop/rascore_build/rcsb_assembly/4nym-assembly-1.cif.gz	/Users/mitchellparker/Desktop/rascore_build/renum_assembly/4nym-assembly-1_renum.cif	/Users/mitchellparker/Desktop/rascore_build/sifts/4nym.xml.gz	/Users/mitchellparker/Desktop/rascore_build/pocket/4nymQ_4_pocket.pdb
4nymR	4nym	0	R	Outlier	Outlier	Y32out	Y71out	I 4 2 2 (CF2)	4nymR1	1	GTPase HRas	RASH_HUMAN	P01112	WT	WT	HRAS	0P	WT	None	None	GEF.CDC25	None	SP2-Unbound	I 4 2 2	166	1-166	2013-12-10	SP2	154.8910	0.0021	Unbound	Unbound	7,8,9,10,16,58,62,68,71,72,96	None	Son of sevenless homolog 1	None	S:60,13,63,64,65,66,67,70,73,69,102,103,41,37,40,55,54,71,61,59,58,57,34,21,17,18,15,25,32,30,33,31,68,95,105	SOS1_HUMAN	None	None	None	RasGEF	None	S	None	None	None	None	None	None	STP	XRAY	3.553	0.161	MTEYKLVVVGAGGVGKSALTIQLIQNHFVDEYDPTIEDSYRKQVVIDGETCLLDILDTAGQEEYSAMRDQYMRTGEGFLCVFAINNTKSFEDIHQYREQIKRVKDSDDVPMVLVGNKCDLAARTVESRQAQDLARSYGIPYIETSAKTRQGVEDAFYTLVREIRQH	True	186.805	186.805	178.684	90.00	90.00	90.00	/Users/mitchellparker/Desktop/rascore_build/core/4nymR_core.cif	/Users/mitchellparker/Desktop/rascore_build/rcsb/4nym.cif.gz	/Users/mitchellparker/Desktop/rascore_build/renum/4nym_renum.cif	/Users/mitchellparker/Desktop/rascore_build/rcsb_assembly/4nym-assembly-1.cif.gz	/Users/mitchellparker/Desktop/rascore_build/renum_assembly/4nym-assembly-1_renum.cif	/Users/mitchellparker/Desktop/rascore_build/sifts/4nym.xml.gz	/Users/mitchellparker/Desktop/rascore_build/pocket/4nymR_1_pocket.pdb
4nymR	4nym	0	R	Outlier	Outlier	Y32out	Y71out	I 4 2 2 (CF2)	4nymR2	2	GTPase HRas	RASH_HUMAN	P01112	WT	WT	HRAS	0P	WT	None	None	GEF.CDC25	None	SP2-Unbound	I 4 2 2	166	1-166	2013-12-10	Other	304.1582	0.0001	Unbound	Unbound	149,151,152,153,154,157,161	None	Son of sevenless homolog 1	None	S:60,13,63,64,65,66,67,70,73,69,102,103,41,37,40,55,54,71,61,59,58,57,34,21,17,18,15,25,32,30,33,31,68,95,105	SOS1_HUMAN	None	None	None	RasGEF	None	S	None	None	None	None	None	None	STP	XRAY	3.553	0.161	MTEYKLVVVGAGGVGKSALTIQLIQNHFVDEYDPTIEDSYRKQVVIDGETCLLDILDTAGQEEYSAMRDQYMRTGEGFLCVFAINNTKSFEDIHQYREQIKRVKDSDDVPMVLVGNKCDLAARTVESRQAQDLARSYGIPYIETSAKTRQGVEDAFYTLVREIRQH	True	186.805	186.805	178.684	90.00	90.00	90.00	/Users/mitchellparker/Desktop/rascore_build/core/4nymR_core.cif	/Users/mitchellparker/Desktop/rascore_build/rcsb/4nym.cif.gz	/Users/mitchellparker/Desktop/rascore_build/renum/4nym_renum.cif	/Users/mitchellparker/Desktop/rascore_build/rcsb_assembly/4nym-assembly-1.cif.gz	/Users/mitchellparker/Desktop/rascore_build/renum_assembly/4nym-assembly-1_renum.cif	/Users/mitchellparker/Desktop/rascore_build/sifts/4nym.xml.gz	/Users/mitchellparker/Desktop/rascore_build/pocket/4nymR_2_pocket.pdb
4nymR	4nym	0	R	Outlier	Outlier	Y32out	Y71out	I 4 2 2 (CF2)	4nymR3	3	GTPase HRas	RASH_HUMAN	P01112	WT	WT	HRAS	0P	WT	None	None	GEF.CDC25	None	SP2-Unbound	I 4 2 2	166	1-166	2013-12-10	Other	228.1487	0.0011	Unbound	Unbound	24,25,31,32,33,36,39	None	Son of sevenless homolog 1	None	S:60,13,63,64,65,66,67,70,73,69,102,103,41,37,40,55,54,71,61,59,58,57,34,21,17,18,15,25,32,30,33,31,68,95,105	SOS1_HUMAN	None	None	None	RasGEF	None	S	None	None	None	None	None	None	STP	XRAY	3.553	0.161	MTEYKLVVVGAGGVGKSALTIQLIQNHFVDEYDPTIEDSYRKQVVIDGETCLLDILDTAGQEEYSAMRDQYMRTGEGFLCVFAINNTKSFEDIHQYREQIKRVKDSDDVPMVLVGNKCDLAARTVESRQAQDLARSYGIPYIETSAKTRQGVEDAFYTLVREIRQH	True	186.805	186.805	178.684	90.00	90.00	90.00	/Users/mitchellparker/Desktop/rascore_build/core/4nymR_core.cif	/Users/mitchellparker/Desktop/rascore_build/rcsb/4nym.cif.gz	/Users/mitchellparker/Desktop/rascore_build/renum/4nym_renum.cif	/Users/mitchellparker/Desktop/rascore_build/rcsb_assembly/4nym-assembly-1.cif.gz	/Users/mitchellparker/Desktop/rascore_build/renum_assembly/4nym-assembly-1_renum.cif	/Users/mitchellparker/Desktop/rascore_build/sifts/4nym.xml.gz	/Users/mitchellparker/Desktop/rascore_build/pocket/4nymR_3_pocket.pdb
4nymR	4nym	0	R	Outlier	Outlier	Y32out	Y71out	I 4 2 2 (CF2)	4nymR4	4	GTPase HRas	RASH_HUMAN	P01112	WT	WT	HRAS	0P	WT	None	None	GEF.CDC25	None	SP2-Unbound	I 4 2 2	166	1-166	2013-12-10	Other	188.9521	0.0001	Unbound	Unbound	117,123,143,144,145,150	None	Son of sevenless homolog 1	None	S:60,13,63,64,65,66,67,70,73,69,102,103,41,37,40,55,54,71,61,59,58,57,34,21,17,18,15,25,32,30,33,31,68,95,105	SOS1_HUMAN	None	None	None	RasGEF	None	S	None	None	None	None	None	None	STP	XRAY	3.553	0.161	MTEYKLVVVGAGGVGKSALTIQLIQNHFVDEYDPTIEDSYRKQVVIDGETCLLDILDTAGQEEYSAMRDQYMRTGEGFLCVFAINNTKSFEDIHQYREQIKRVKDSDDVPMVLVGNKCDLAARTVESRQAQDLARSYGIPYIETSAKTRQGVEDAFYTLVREIRQH	True	186.805	186.805	178.684	90.00	90.00	90.00	/Users/mitchellparker/Desktop/rascore_build/core/4nymR_core.cif	/Users/mitchellparker/Desktop/rascore_build/rcsb/4nym.cif.gz	/Users/mitchellparker/Desktop/rascore_build/renum/4nym_renum.cif	/Users/mitchellparker/Desktop/rascore_build/rcsb_assembly/4nym-assembly-1.cif.gz	/Users/mitchellparker/Desktop/rascore_build/renum_assembly/4nym-assembly-1_renum.cif	/Users/mitchellparker/Desktop/rascore_build/sifts/4nym.xml.gz	/Users/mitchellparker/Desktop/rascore_build/pocket/4nymR_4_pocket.pdb
4nymR	4nym	0	R	Outlier	Outlier	Y32out	Y71out	I 4 2 2 (CF2)	4nymR5	5	GTPase HRas	RASH_HUMAN	P01112	WT	WT	HRAS	0P	WT	None	None	GEF.CDC25	None	SP2-Unbound	I 4 2 2	166	1-166	2013-12-10	Other	250.8761	0.0002	Unbound	Unbound	97,107,108,109,137,138,139,162	None	Son of sevenless homolog 1	None	S:60,13,63,64,65,66,67,70,73,69,102,103,41,37,40,55,54,71,61,59,58,57,34,21,17,18,15,25,32,30,33,31,68,95,105	SOS1_HUMAN	None	None	None	RasGEF	None	S	None	None	None	None	None	None	STP	XRAY	3.553	0.161	MTEYKLVVVGAGGVGKSALTIQLIQNHFVDEYDPTIEDSYRKQVVIDGETCLLDILDTAGQEEYSAMRDQYMRTGEGFLCVFAINNTKSFEDIHQYREQIKRVKDSDDVPMVLVGNKCDLAARTVESRQAQDLARSYGIPYIETSAKTRQGVEDAFYTLVREIRQH	True	186.805	186.805	178.684	90.00	90.00	90.00	/Users/mitchellparker/Desktop/rascore_build/core/4nymR_core.cif	/Users/mitchellparker/Desktop/rascore_build/rcsb/4nym.cif.gz	/Users/mitchellparker/Desktop/rascore_build/renum/4nym_renum.cif	/Users/mitchellparker/Desktop/rascore_build/rcsb_assembly/4nym-assembly-1.cif.gz	/Users/mitchellparker/Desktop/rascore_build/renum_assembly/4nym-assembly-1_renum.cif	/Users/mitchellparker/Desktop/rascore_build/sifts/4nym.xml.gz	/Users/mitchellparker/Desktop/rascore_build/pocket/4nymR_5_pocket.pdb
4nymR	4nym	0	R	Outlier	Outlier	Y32out	Y71out	I 4 2 2 (CF2)	4nymR6	6	GTPase HRas	RASH_HUMAN	P01112	WT	WT	HRAS	0P	WT	None	None	GEF.CDC25	None	SP2-Unbound	I 4 2 2	166	1-166	2013-12-10	Other	231.6402	0.0010	Unbound	Unbound	140,158,161,162,165	None	Son of sevenless homolog 1	None	S:60,13,63,64,65,66,67,70,73,69,102,103,41,37,40,55,54,71,61,59,58,57,34,21,17,18,15,25,32,30,33,31,68,95,105	SOS1_HUMAN	None	None	None	RasGEF	None	S	None	None	None	None	None	None	STP	XRAY	3.553	0.161	MTEYKLVVVGAGGVGKSALTIQLIQNHFVDEYDPTIEDSYRKQVVIDGETCLLDILDTAGQEEYSAMRDQYMRTGEGFLCVFAINNTKSFEDIHQYREQIKRVKDSDDVPMVLVGNKCDLAARTVESRQAQDLARSYGIPYIETSAKTRQGVEDAFYTLVREIRQH	True	186.805	186.805	178.684	90.00	90.00	90.00	/Users/mitchellparker/Desktop/rascore_build/core/4nymR_core.cif	/Users/mitchellparker/Desktop/rascore_build/rcsb/4nym.cif.gz	/Users/mitchellparker/Desktop/rascore_build/renum/4nym_renum.cif	/Users/mitchellparker/Desktop/rascore_build/rcsb_assembly/4nym-assembly-1.cif.gz	/Users/mitchellparker/Desktop/rascore_build/renum_assembly/4nym-assembly-1_renum.cif	/Users/mitchellparker/Desktop/rascore_build/sifts/4nym.xml.gz	/Users/mitchellparker/Desktop/rascore_build/pocket/4nymR_6_pocket.pdb
4nymR	4nym	0	R	Outlier	Outlier	Y32out	Y71out	I 4 2 2 (CF2)	4nymR7	7	GTPase HRas	RASH_HUMAN	P01112	WT	WT	HRAS	0P	WT	None	None	GEF.CDC25	None	SP2-Unbound	I 4 2 2	166	1-166	2013-12-10	Other	329.2221	0.0010	Unbound	Unbound	75,76,104,106,108,109,110,163,166	None	Son of sevenless homolog 1	None	S:60,13,63,64,65,66,67,70,73,69,102,103,41,37,40,55,54,71,61,59,58,57,34,21,17,18,15,25,32,30,33,31,68,95,105	SOS1_HUMAN	None	None	None	RasGEF	None	S	None	None	None	None	None	None	STP	XRAY	3.553	0.161	MTEYKLVVVGAGGVGKSALTIQLIQNHFVDEYDPTIEDSYRKQVVIDGETCLLDILDTAGQEEYSAMRDQYMRTGEGFLCVFAINNTKSFEDIHQYREQIKRVKDSDDVPMVLVGNKCDLAARTVESRQAQDLARSYGIPYIETSAKTRQGVEDAFYTLVREIRQH	True	186.805	186.805	178.684	90.00	90.00	90.00	/Users/mitchellparker/Desktop/rascore_build/core/4nymR_core.cif	/Users/mitchellparker/Desktop/rascore_build/rcsb/4nym.cif.gz	/Users/mitchellparker/Desktop/rascore_build/renum/4nym_renum.cif	/Users/mitchellparker/Desktop/rascore_build/rcsb_assembly/4nym-assembly-1.cif.gz	/Users/mitchellparker/Desktop/rascore_build/renum_assembly/4nym-assembly-1_renum.cif	/Users/mitchellparker/Desktop/rascore_build/sifts/4nym.xml.gz	/Users/mitchellparker/Desktop/rascore_build/pocket/4nymR_7_pocket.pdb
4obeA	4obe	0	A	Y32out.2P-OFF	Y71in.2P-SP12	Y32out	Y71in	C 1 2 1 (CF4)	4obeA1	1	GTPase KRas	RASK_HUMAN	P01116-2	WT	WT	KRAS	2P	WT	None	None	None	None	Multiple-Unbound	C 1 2 1	170	1-169	2014-01-07	SP2	372.7340	0.0031	Unbound	Unbound	9,10,58,60,61,62,65,68,71,72,95,96,99	GDP,MG	None	None	None	None	None	None	None	None	None	None	GDP	MG	None	None	None	None	STP	XRAY	1.240	0.157	GMTEYKLVVVGAGGVGKSALTIQLIQNHFVDEYDPTIEDSYRKQVVIDGETCLLDILDTAGQEEYSAMRDQYMRTGEGFLCVFAINNTKSFEDIHHYREQIKRVKDSEDVPMVLVGNKCDLPSRTVDTKQAQDLARSYGIPFIETSAKTRQGVDDAFYTLVREIRKHKEK	True	66.147	42.096	114.393	90.00	105.32	90.00	/Users/mitchellparker/Desktop/rascore_build/core/4obeA_core.cif	/Users/mitchellparker/Desktop/rascore_build/rcsb/4obe.cif.gz	/Users/mitchellparker/Desktop/rascore_build/renum/4obe_renum.cif	/Users/mitchellparker/Desktop/rascore_build/rcsb_assembly/4obe-assembly-1.cif.gz	/Users/mitchellparker/Desktop/rascore_build/renum_assembly/4obe-assembly-1_renum.cif	/Users/mitchellparker/Desktop/rascore_build/sifts/4obe.xml.gz	/Users/mitchellparker/Desktop/rascore_build/pocket/4obeA_1_pocket.pdb
4obeA	4obe	0	A	Y32out.2P-OFF	Y71in.2P-SP12	Y32out	Y71in	C 1 2 1 (CF4)	4obeA2	2	GTPase KRas	RASK_HUMAN	P01116-2	WT	WT	KRAS	2P	WT	None	None	None	None	Multiple-Unbound	C 1 2 1	170	1-169	2014-01-07	Other	446.3284	0.6463	Unbound	Unbound	94,97,98,101,102,105,106,107,137	GDP,MG	None	None	None	None	None	None	None	None	None	None	GDP	MG	None	None	None	None	STP	XRAY	1.240	0.157	GMTEYKLVVVGAGGVGKSALTIQLIQNHFVDEYDPTIEDSYRKQVVIDGETCLLDILDTAGQEEYSAMRDQYMRTGEGFLCVFAINNTKSFEDIHHYREQIKRVKDSEDVPMVLVGNKCDLPSRTVDTKQAQDLARSYGIPFIETSAKTRQGVDDAFYTLVREIRKHKEK	True	66.147	42.096	114.393	90.00	105.32	90.00	/Users/mitchellparker/Desktop/rascore_build/core/4obeA_core.cif	/Users/mitchellparker/Desktop/rascore_build/rcsb/4obe.cif.gz	/Users/mitchellparker/Desktop/rascore_build/renum/4obe_renum.cif	/Users/mitchellparker/Desktop/rascore_build/rcsb_assembly/4obe-assembly-1.cif.gz	/Users/mitchellparker/Desktop/rascore_build/renum_assembly/4obe-assembly-1_renum.cif	/Users/mitchellparker/Desktop/rascore_build/sifts/4obe.xml.gz	/Users/mitchellparker/Desktop/rascore_build/pocket/4obeA_2_pocket.pdb
4obeA	4obe	0	A	Y32out.2P-OFF	Y71in.2P-SP12	Y32out	Y71in	C 1 2 1 (CF4)	4obeA3	3	GTPase KRas	RASK_HUMAN	P01116-2	WT	WT	KRAS	2P	WT	None	None	None	None	Multiple-Unbound	C 1 2 1	170	1-169	2014-01-07	SP12	391.7363	0.0395	Unbound	Unbound	5,6,7,37,39,54,56,62,67,70,71,74	GDP,MG	None	None	None	None	None	None	None	None	None	None	GDP	MG	None	None	None	None	STP	XRAY	1.240	0.157	GMTEYKLVVVGAGGVGKSALTIQLIQNHFVDEYDPTIEDSYRKQVVIDGETCLLDILDTAGQEEYSAMRDQYMRTGEGFLCVFAINNTKSFEDIHHYREQIKRVKDSEDVPMVLVGNKCDLPSRTVDTKQAQDLARSYGIPFIETSAKTRQGVDDAFYTLVREIRKHKEK	True	66.147	42.096	114.393	90.00	105.32	90.00	/Users/mitchellparker/Desktop/rascore_build/core/4obeA_core.cif	/Users/mitchellparker/Desktop/rascore_build/rcsb/4obe.cif.gz	/Users/mitchellparker/Desktop/rascore_build/renum/4obe_renum.cif	/Users/mitchellparker/Desktop/rascore_build/rcsb_assembly/4obe-assembly-1.cif.gz	/Users/mitchellparker/Desktop/rascore_build/renum_assembly/4obe-assembly-1_renum.cif	/Users/mitchellparker/Desktop/rascore_build/sifts/4obe.xml.gz	/Users/mitchellparker/Desktop/rascore_build/pocket/4obeA_3_pocket.pdb
4obeA	4obe	0	A	Y32out.2P-OFF	Y71in.2P-SP12	Y32out	Y71in	C 1 2 1 (CF4)	4obeA4	4	GTPase KRas	RASK_HUMAN	P01116-2	WT	WT	KRAS	2P	WT	None	None	None	None	Multiple-Unbound	C 1 2 1	170	1-169	2014-01-07	Other	461.2054	0.0255	Unbound	Unbound	73,75,76,103,104,106,108,110,163,166,167	GDP,MG	None	None	None	None	None	None	None	None	None	None	GDP	MG	None	None	None	None	STP	XRAY	1.240	0.157	GMTEYKLVVVGAGGVGKSALTIQLIQNHFVDEYDPTIEDSYRKQVVIDGETCLLDILDTAGQEEYSAMRDQYMRTGEGFLCVFAINNTKSFEDIHHYREQIKRVKDSEDVPMVLVGNKCDLPSRTVDTKQAQDLARSYGIPFIETSAKTRQGVDDAFYTLVREIRKHKEK	True	66.147	42.096	114.393	90.00	105.32	90.00	/Users/mitchellparker/Desktop/rascore_build/core/4obeA_core.cif	/Users/mitchellparker/Desktop/rascore_build/rcsb/4obe.cif.gz	/Users/mitchellparker/Desktop/rascore_build/renum/4obe_renum.cif	/Users/mitchellparker/Desktop/rascore_build/rcsb_assembly/4obe-assembly-1.cif.gz	/Users/mitchellparker/Desktop/rascore_build/renum_assembly/4obe-assembly-1_renum.cif	/Users/mitchellparker/Desktop/rascore_build/sifts/4obe.xml.gz	/Users/mitchellparker/Desktop/rascore_build/pocket/4obeA_4_pocket.pdb
4obeA	4obe	0	A	Y32out.2P-OFF	Y71in.2P-SP12	Y32out	Y71in	C 1 2 1 (CF4)	4obeA5	5	GTPase KRas	RASK_HUMAN	P01116-2	WT	WT	KRAS	2P	WT	None	None	None	None	Multiple-Unbound	C 1 2 1	170	1-169	2014-01-07	Other	211.6267	0.0001	Unbound	Unbound	97,108,109,110,111,137,138,139,162,165,166	GDP,MG	None	None	None	None	None	None	None	None	None	None	GDP	MG	None	None	None	None	STP	XRAY	1.240	0.157	GMTEYKLVVVGAGGVGKSALTIQLIQNHFVDEYDPTIEDSYRKQVVIDGETCLLDILDTAGQEEYSAMRDQYMRTGEGFLCVFAINNTKSFEDIHHYREQIKRVKDSEDVPMVLVGNKCDLPSRTVDTKQAQDLARSYGIPFIETSAKTRQGVDDAFYTLVREIRKHKEK	True	66.147	42.096	114.393	90.00	105.32	90.00	/Users/mitchellparker/Desktop/rascore_build/core/4obeA_core.cif	/Users/mitchellparker/Desktop/rascore_build/rcsb/4obe.cif.gz	/Users/mitchellparker/Desktop/rascore_build/renum/4obe_renum.cif	/Users/mitchellparker/Desktop/rascore_build/rcsb_assembly/4obe-assembly-1.cif.gz	/Users/mitchellparker/Desktop/rascore_build/renum_assembly/4obe-assembly-1_renum.cif	/Users/mitchellparker/Desktop/rascore_build/sifts/4obe.xml.gz	/Users/mitchellparker/Desktop/rascore_build/pocket/4obeA_5_pocket.pdb
4obeA	4obe	0	A	Y32out.2P-OFF	Y71in.2P-SP12	Y32out	Y71in	C 1 2 1 (CF4)	4obeA6	6	GTPase KRas	RASK_HUMAN	P01116-2	WT	WT	KRAS	2P	WT	None	None	None	None	Multiple-Unbound	C 1 2 1	170	1-169	2014-01-07	Other	277.4570	0.0040	Unbound	Unbound	68,69,95,98,99,102,103	GDP,MG	None	None	None	None	None	None	None	None	None	None	GDP	MG	None	None	None	None	STP	XRAY	1.240	0.157	GMTEYKLVVVGAGGVGKSALTIQLIQNHFVDEYDPTIEDSYRKQVVIDGETCLLDILDTAGQEEYSAMRDQYMRTGEGFLCVFAINNTKSFEDIHHYREQIKRVKDSEDVPMVLVGNKCDLPSRTVDTKQAQDLARSYGIPFIETSAKTRQGVDDAFYTLVREIRKHKEK	True	66.147	42.096	114.393	90.00	105.32	90.00	/Users/mitchellparker/Desktop/rascore_build/core/4obeA_core.cif	/Users/mitchellparker/Desktop/rascore_build/rcsb/4obe.cif.gz	/Users/mitchellparker/Desktop/rascore_build/renum/4obe_renum.cif	/Users/mitchellparker/Desktop/rascore_build/rcsb_assembly/4obe-assembly-1.cif.gz	/Users/mitchellparker/Desktop/rascore_build/renum_assembly/4obe-assembly-1_renum.cif	/Users/mitchellparker/Desktop/rascore_build/sifts/4obe.xml.gz	/Users/mitchellparker/Desktop/rascore_build/pocket/4obeA_6_pocket.pdb
4obeB	4obe	0	B	Y32out.2P-OFF	Y71in.2P-SP12	Y32out	Y71in	C 1 2 1 (CF4)	4obeB1	1	GTPase KRas	RASK_HUMAN	P01116-2	WT	WT	KRAS	2P	WT	None	None	None	None	Multiple-Unbound	C 1 2 1	170	1-169	2014-01-07	SP2	305.3557	0.0018	Unbound	Unbound	10,58,60,61,62,65,68,71,72,95,96,99	GDP,MG	None	None	None	None	None	None	None	None	None	None	GDP	MG	None	None	None	None	STP	XRAY	1.240	0.157	GMTEYKLVVVGAGGVGKSALTIQLIQNHFVDEYDPTIEDSYRKQVVIDGETCLLDILDTAGQEEYSAMRDQYMRTGEGFLCVFAINNTKSFEDIHHYREQIKRVKDSEDVPMVLVGNKCDLPSRTVDTKQAQDLARSYGIPFIETSAKTRQGVDDAFYTLVREIRKHKEK	True	66.147	42.096	114.393	90.00	105.32	90.00	/Users/mitchellparker/Desktop/rascore_build/core/4obeB_core.cif	/Users/mitchellparker/Desktop/rascore_build/rcsb/4obe.cif.gz	/Users/mitchellparker/Desktop/rascore_build/renum/4obe_renum.cif	/Users/mitchellparker/Desktop/rascore_build/rcsb_assembly/4obe-assembly-1.cif.gz	/Users/mitchellparker/Desktop/rascore_build/renum_assembly/4obe-assembly-1_renum.cif	/Users/mitchellparker/Desktop/rascore_build/sifts/4obe.xml.gz	/Users/mitchellparker/Desktop/rascore_build/pocket/4obeB_1_pocket.pdb
4obeB	4obe	0	B	Y32out.2P-OFF	Y71in.2P-SP12	Y32out	Y71in	C 1 2 1 (CF4)	4obeB2	2	GTPase KRas	RASK_HUMAN	P01116-2	WT	WT	KRAS	2P	WT	None	None	None	None	Multiple-Unbound	C 1 2 1	170	1-169	2014-01-07	Other	436.4732	0.4243	Unbound	Unbound	94,97,98,101,102,105,106,107,137	GDP,MG	None	None	None	None	None	None	None	None	None	None	GDP	MG	None	None	None	None	STP	XRAY	1.240	0.157	GMTEYKLVVVGAGGVGKSALTIQLIQNHFVDEYDPTIEDSYRKQVVIDGETCLLDILDTAGQEEYSAMRDQYMRTGEGFLCVFAINNTKSFEDIHHYREQIKRVKDSEDVPMVLVGNKCDLPSRTVDTKQAQDLARSYGIPFIETSAKTRQGVDDAFYTLVREIRKHKEK	True	66.147	42.096	114.393	90.00	105.32	90.00	/Users/mitchellparker/Desktop/rascore_build/core/4obeB_core.cif	/Users/mitchellparker/Desktop/rascore_build/rcsb/4obe.cif.gz	/Users/mitchellparker/Desktop/rascore_build/renum/4obe_renum.cif	/Users/mitchellparker/Desktop/rascore_build/rcsb_assembly/4obe-assembly-1.cif.gz	/Users/mitchellparker/Desktop/rascore_build/renum_assembly/4obe-assembly-1_renum.cif	/Users/mitchellparker/Desktop/rascore_build/sifts/4obe.xml.gz	/Users/mitchellparker/Desktop/rascore_build/pocket/4obeB_2_pocket.pdb
4obeB	4obe	0	B	Y32out.2P-OFF	Y71in.2P-SP12	Y32out	Y71in	C 1 2 1 (CF4)	4obeB3	3	GTPase KRas	RASK_HUMAN	P01116-2	WT	WT	KRAS	2P	WT	None	None	None	None	Multiple-Unbound	C 1 2 1	170	1-169	2014-01-07	Other	373.0986	0.0461	Unbound	Unbound	68,69,73,95,98,99,102,103	GDP,MG	None	None	None	None	None	None	None	None	None	None	GDP	MG	None	None	None	None	STP	XRAY	1.240	0.157	GMTEYKLVVVGAGGVGKSALTIQLIQNHFVDEYDPTIEDSYRKQVVIDGETCLLDILDTAGQEEYSAMRDQYMRTGEGFLCVFAINNTKSFEDIHHYREQIKRVKDSEDVPMVLVGNKCDLPSRTVDTKQAQDLARSYGIPFIETSAKTRQGVDDAFYTLVREIRKHKEK	True	66.147	42.096	114.393	90.00	105.32	90.00	/Users/mitchellparker/Desktop/rascore_build/core/4obeB_core.cif	/Users/mitchellparker/Desktop/rascore_build/rcsb/4obe.cif.gz	/Users/mitchellparker/Desktop/rascore_build/renum/4obe_renum.cif	/Users/mitchellparker/Desktop/rascore_build/rcsb_assembly/4obe-assembly-1.cif.gz	/Users/mitchellparker/Desktop/rascore_build/renum_assembly/4obe-assembly-1_renum.cif	/Users/mitchellparker/Desktop/rascore_build/sifts/4obe.xml.gz	/Users/mitchellparker/Desktop/rascore_build/pocket/4obeB_3_pocket.pdb
4obeB	4obe	0	B	Y32out.2P-OFF	Y71in.2P-SP12	Y32out	Y71in	C 1 2 1 (CF4)	4obeB4	4	GTPase KRas	RASK_HUMAN	P01116-2	WT	WT	KRAS	2P	WT	None	None	None	None	Multiple-Unbound	C 1 2 1	170	1-169	2014-01-07	SP12	263.2244	0.0001	Unbound	Unbound	5,37,56,62,67,70,71,74	GDP,MG	None	None	None	None	None	None	None	None	None	None	GDP	MG	None	None	None	None	STP	XRAY	1.240	0.157	GMTEYKLVVVGAGGVGKSALTIQLIQNHFVDEYDPTIEDSYRKQVVIDGETCLLDILDTAGQEEYSAMRDQYMRTGEGFLCVFAINNTKSFEDIHHYREQIKRVKDSEDVPMVLVGNKCDLPSRTVDTKQAQDLARSYGIPFIETSAKTRQGVDDAFYTLVREIRKHKEK	True	66.147	42.096	114.393	90.00	105.32	90.00	/Users/mitchellparker/Desktop/rascore_build/core/4obeB_core.cif	/Users/mitchellparker/Desktop/rascore_build/rcsb/4obe.cif.gz	/Users/mitchellparker/Desktop/rascore_build/renum/4obe_renum.cif	/Users/mitchellparker/Desktop/rascore_build/rcsb_assembly/4obe-assembly-1.cif.gz	/Users/mitchellparker/Desktop/rascore_build/renum_assembly/4obe-assembly-1_renum.cif	/Users/mitchellparker/Desktop/rascore_build/sifts/4obe.xml.gz	/Users/mitchellparker/Desktop/rascore_build/pocket/4obeB_4_pocket.pdb
4obeB	4obe	0	B	Y32out.2P-OFF	Y71in.2P-SP12	Y32out	Y71in	C 1 2 1 (CF4)	4obeB5	5	GTPase KRas	RASK_HUMAN	P01116-2	WT	WT	KRAS	2P	WT	None	None	None	None	Multiple-Unbound	C 1 2 1	170	1-169	2014-01-07	Other	158.5787	0.0007	Unbound	Unbound	73,74,75,76,104,108,110,166	GDP,MG	None	None	None	None	None	None	None	None	None	None	GDP	MG	None	None	None	None	STP	XRAY	1.240	0.157	GMTEYKLVVVGAGGVGKSALTIQLIQNHFVDEYDPTIEDSYRKQVVIDGETCLLDILDTAGQEEYSAMRDQYMRTGEGFLCVFAINNTKSFEDIHHYREQIKRVKDSEDVPMVLVGNKCDLPSRTVDTKQAQDLARSYGIPFIETSAKTRQGVDDAFYTLVREIRKHKEK	True	66.147	42.096	114.393	90.00	105.32	90.00	/Users/mitchellparker/Desktop/rascore_build/core/4obeB_core.cif	/Users/mitchellparker/Desktop/rascore_build/rcsb/4obe.cif.gz	/Users/mitchellparker/Desktop/rascore_build/renum/4obe_renum.cif	/Users/mitchellparker/Desktop/rascore_build/rcsb_assembly/4obe-assembly-1.cif.gz	/Users/mitchellparker/Desktop/rascore_build/renum_assembly/4obe-assembly-1_renum.cif	/Users/mitchellparker/Desktop/rascore_build/sifts/4obe.xml.gz	/Users/mitchellparker/Desktop/rascore_build/pocket/4obeB_5_pocket.pdb
4obeB	4obe	0	B	Y32out.2P-OFF	Y71in.2P-SP12	Y32out	Y71in	C 1 2 1 (CF4)	4obeB6	6	GTPase KRas	RASK_HUMAN	P01116-2	WT	WT	KRAS	2P	WT	None	None	None	None	Multiple-Unbound	C 1 2 1	170	1-169	2014-01-07	Other	154.7616	0.0017	Unbound	Unbound	13,30,31,32,34	GDP,MG	None	None	None	None	None	None	None	None	None	None	GDP	MG	None	None	None	None	STP	XRAY	1.240	0.157	GMTEYKLVVVGAGGVGKSALTIQLIQNHFVDEYDPTIEDSYRKQVVIDGETCLLDILDTAGQEEYSAMRDQYMRTGEGFLCVFAINNTKSFEDIHHYREQIKRVKDSEDVPMVLVGNKCDLPSRTVDTKQAQDLARSYGIPFIETSAKTRQGVDDAFYTLVREIRKHKEK	True	66.147	42.096	114.393	90.00	105.32	90.00	/Users/mitchellparker/Desktop/rascore_build/core/4obeB_core.cif	/Users/mitchellparker/Desktop/rascore_build/rcsb/4obe.cif.gz	/Users/mitchellparker/Desktop/rascore_build/renum/4obe_renum.cif	/Users/mitchellparker/Desktop/rascore_build/rcsb_assembly/4obe-assembly-1.cif.gz	/Users/mitchellparker/Desktop/rascore_build/renum_assembly/4obe-assembly-1_renum.cif	/Users/mitchellparker/Desktop/rascore_build/sifts/4obe.xml.gz	/Users/mitchellparker/Desktop/rascore_build/pocket/4obeB_6_pocket.pdb
4pzyA	4pzy	0	A	Y32out.2P-OFF	Outlier	Y32out	Y71in	P 21 21 21 (CF7)	4pzyA1	1	GTPase KRas	RASK_HUMAN	P01116-2	G12V,Q70C,C118S	G12,Q70,C118	KRAS	2P	G12V	None	None	None	None	Multiple-Unbound	P 21 21 21	170	1-169	2014-03-31	SP2	204.6654	0.0139	Unbound	Unbound	9,10,12,16,34,58,59,60,61,68,71,72,96,99	GDP,MG	None	None	None	None	None	None	None	None	None	None	GDP	MG	None	None	None	None	STP	XRAY	1.880	0.188	GMTEYKLVVVGAVGVGKSALTIQLIQNHFVDEYDPTIEDSYRKQVVIDGETCLLDILDTAGQEEYSAMRDCYMRTGEGFLCVFAINNTKSFEDIHHYREQIKRVKDSEDVPMVLVGNKSDLPSRTVDTKQAQDLARSYGIPFIETSAKTRQGVDDAFYTLVREIRKHKEK	True	44.101	55.964	120.761	90.00	90.00	90.00	/Users/mitchellparker/Desktop/rascore_build/core/4pzyA_core.cif	/Users/mitchellparker/Desktop/rascore_build/rcsb/4pzy.cif.gz	/Users/mitchellparker/Desktop/rascore_build/renum/4pzy_renum.cif	/Users/mitchellparker/Desktop/rascore_build/rcsb_assembly/4pzy-assembly-3.cif.gz	/Users/mitchellparker/Desktop/rascore_build/renum_assembly/4pzy-assembly-3_renum.cif	/Users/mitchellparker/Desktop/rascore_build/sifts/4pzy.xml.gz	/Users/mitchellparker/Desktop/rascore_build/pocket/4pzyA_1_pocket.pdb
4pzyA	4pzy	0	A	Y32out.2P-OFF	Outlier	Y32out	Y71in	P 21 21 21 (CF7)	4pzyA2	2	GTPase KRas	RASK_HUMAN	P01116-2	G12V,Q70C,C118S	G12,Q70,C118	KRAS	2P	G12V	None	None	None	None	Multiple-Unbound	P 21 21 21	170	1-169	2014-03-31	Other	305.7149	0.5377	Unbound	Unbound	12,13,30,31,32,33,34	GDP,MG	None	None	None	None	None	None	None	None	None	None	GDP	MG	None	None	None	None	STP	XRAY	1.880	0.188	GMTEYKLVVVGAVGVGKSALTIQLIQNHFVDEYDPTIEDSYRKQVVIDGETCLLDILDTAGQEEYSAMRDCYMRTGEGFLCVFAINNTKSFEDIHHYREQIKRVKDSEDVPMVLVGNKSDLPSRTVDTKQAQDLARSYGIPFIETSAKTRQGVDDAFYTLVREIRKHKEK	True	44.101	55.964	120.761	90.00	90.00	90.00	/Users/mitchellparker/Desktop/rascore_build/core/4pzyA_core.cif	/Users/mitchellparker/Desktop/rascore_build/rcsb/4pzy.cif.gz	/Users/mitchellparker/Desktop/rascore_build/renum/4pzy_renum.cif	/Users/mitchellparker/Desktop/rascore_build/rcsb_assembly/4pzy-assembly-3.cif.gz	/Users/mitchellparker/Desktop/rascore_build/renum_assembly/4pzy-assembly-3_renum.cif	/Users/mitchellparker/Desktop/rascore_build/sifts/4pzy.xml.gz	/Users/mitchellparker/Desktop/rascore_build/pocket/4pzyA_2_pocket.pdb
4pzyA	4pzy	0	A	Y32out.2P-OFF	Outlier	Y32out	Y71in	P 21 21 21 (CF7)	4pzyA3	3	GTPase KRas	RASK_HUMAN	P01116-2	G12V,Q70C,C118S	G12,Q70,C118	KRAS	2P	G12V	None	None	None	None	Multiple-Unbound	P 21 21 21	170	1-169	2014-03-31	Other	219.7145	0.0010	Unbound	Unbound	98,101,102,105,106,107	GDP,MG	None	None	None	None	None	None	None	None	None	None	GDP	MG	None	None	None	None	STP	XRAY	1.880	0.188	GMTEYKLVVVGAVGVGKSALTIQLIQNHFVDEYDPTIEDSYRKQVVIDGETCLLDILDTAGQEEYSAMRDCYMRTGEGFLCVFAINNTKSFEDIHHYREQIKRVKDSEDVPMVLVGNKSDLPSRTVDTKQAQDLARSYGIPFIETSAKTRQGVDDAFYTLVREIRKHKEK	True	44.101	55.964	120.761	90.00	90.00	90.00	/Users/mitchellparker/Desktop/rascore_build/core/4pzyA_core.cif	/Users/mitchellparker/Desktop/rascore_build/rcsb/4pzy.cif.gz	/Users/mitchellparker/Desktop/rascore_build/renum/4pzy_renum.cif	/Users/mitchellparker/Desktop/rascore_build/rcsb_assembly/4pzy-assembly-3.cif.gz	/Users/mitchellparker/Desktop/rascore_build/renum_assembly/4pzy-assembly-3_renum.cif	/Users/mitchellparker/Desktop/rascore_build/sifts/4pzy.xml.gz	/Users/mitchellparker/Desktop/rascore_build/pocket/4pzyA_3_pocket.pdb
4pzyA	4pzy	0	A	Y32out.2P-OFF	Outlier	Y32out	Y71in	P 21 21 21 (CF7)	4pzyA4	4	GTPase KRas	RASK_HUMAN	P01116-2	G12V,Q70C,C118S	G12,Q70,C118	KRAS	2P	G12V	None	None	None	None	Multiple-Unbound	P 21 21 21	170	1-169	2014-03-31	Other	182.5617	0.1169	Unbound	Unbound	76,104,106,108,109,110,163,166,167	GDP,MG	None	None	None	None	None	None	None	None	None	None	GDP	MG	None	None	None	None	STP	XRAY	1.880	0.188	GMTEYKLVVVGAVGVGKSALTIQLIQNHFVDEYDPTIEDSYRKQVVIDGETCLLDILDTAGQEEYSAMRDCYMRTGEGFLCVFAINNTKSFEDIHHYREQIKRVKDSEDVPMVLVGNKSDLPSRTVDTKQAQDLARSYGIPFIETSAKTRQGVDDAFYTLVREIRKHKEK	True	44.101	55.964	120.761	90.00	90.00	90.00	/Users/mitchellparker/Desktop/rascore_build/core/4pzyA_core.cif	/Users/mitchellparker/Desktop/rascore_build/rcsb/4pzy.cif.gz	/Users/mitchellparker/Desktop/rascore_build/renum/4pzy_renum.cif	/Users/mitchellparker/Desktop/rascore_build/rcsb_assembly/4pzy-assembly-3.cif.gz	/Users/mitchellparker/Desktop/rascore_build/renum_assembly/4pzy-assembly-3_renum.cif	/Users/mitchellparker/Desktop/rascore_build/sifts/4pzy.xml.gz	/Users/mitchellparker/Desktop/rascore_build/pocket/4pzyA_4_pocket.pdb
4pzyA	4pzy	0	A	Y32out.2P-OFF	Outlier	Y32out	Y71in	P 21 21 21 (CF7)	4pzyA5	5	GTPase KRas	RASK_HUMAN	P01116-2	G12V,Q70C,C118S	G12,Q70,C118	KRAS	2P	G12V	None	None	None	None	Multiple-Unbound	P 21 21 21	170	1-169	2014-03-31	SP12	212.5821	0.0117	Unbound	Unbound	5,6,7,39,54,56,71,74,75	GDP,MG	None	None	None	None	None	None	None	None	None	None	GDP	MG	None	None	None	None	STP	XRAY	1.880	0.188	GMTEYKLVVVGAVGVGKSALTIQLIQNHFVDEYDPTIEDSYRKQVVIDGETCLLDILDTAGQEEYSAMRDCYMRTGEGFLCVFAINNTKSFEDIHHYREQIKRVKDSEDVPMVLVGNKSDLPSRTVDTKQAQDLARSYGIPFIETSAKTRQGVDDAFYTLVREIRKHKEK	True	44.101	55.964	120.761	90.00	90.00	90.00	/Users/mitchellparker/Desktop/rascore_build/core/4pzyA_core.cif	/Users/mitchellparker/Desktop/rascore_build/rcsb/4pzy.cif.gz	/Users/mitchellparker/Desktop/rascore_build/renum/4pzy_renum.cif	/Users/mitchellparker/Desktop/rascore_build/rcsb_assembly/4pzy-assembly-3.cif.gz	/Users/mitchellparker/Desktop/rascore_build/renum_assembly/4pzy-assembly-3_renum.cif	/Users/mitchellparker/Desktop/rascore_build/sifts/4pzy.xml.gz	/Users/mitchellparker/Desktop/rascore_build/pocket/4pzyA_5_pocket.pdb
4pzyB	4pzy	0	B	Y32out.2P-OFF	Outlier	Y32out	Y71out	P 21 21 21 (CF7)	4pzyB1	1	GTPase KRas	RASK_HUMAN	P01116-2	G12V,Q70C,C118S	G12,Q70,C118	KRAS	2P	G12V	SP12	SP12.Indole	None	None	SP12-Bound	P 21 21 21	170	1-169	2014-03-31	SP12	240.0947	0.4156	Bound	SP12	5,6,7,39,54,56,71,74,75	GDP,MG,2XR	None	2XR:71,74,75,7,6,56,5,54,39	None	None	SP12	SP12.Indole	2XR:O=C(CCl)c1c[nH]c2ccccc12	None	None	None	GDP	MG	2XR	None	None	None	2XR	XRAY	1.880	0.188	GMTEYKLVVVGAVGVGKSALTIQLIQNHFVDEYDPTIEDSYRKQVVIDGETCLLDILDTAGQEEYSAMRDCYMRTGEGFLCVFAINNTKSFEDIHHYREQIKRVKDSEDVPMVLVGNKSDLPSRTVDTKQAQDLARSYGIPFIETSAKTRQGVDDAFYTLVREIRKHKEK	True	44.101	55.964	120.761	90.00	90.00	90.00	/Users/mitchellparker/Desktop/rascore_build/core/4pzyB_core.cif	/Users/mitchellparker/Desktop/rascore_build/rcsb/4pzy.cif.gz	/Users/mitchellparker/Desktop/rascore_build/renum/4pzy_renum.cif	/Users/mitchellparker/Desktop/rascore_build/rcsb_assembly/4pzy-assembly-3.cif.gz	/Users/mitchellparker/Desktop/rascore_build/renum_assembly/4pzy-assembly-3_renum.cif	/Users/mitchellparker/Desktop/rascore_build/sifts/4pzy.xml.gz	/Users/mitchellparker/Desktop/rascore_build/pocket/4pzyB_1_pocket.pdb
4pzzA	4pzz	0	A	Y32out.2P-OFF	Y71in.2P-SP12	Y32out	Y71in	P 21 21 21 (CF6)	4pzzA1	1	GTPase KRas	RASK_HUMAN	P01116-2	G12V,S39C,C118S	G12,S39,C118	KRAS	2P	G12V	SP12	SP12.Unclassified	None	None	SP12-Bound	P 21 21 21	170	1-169	2014-03-31	SP12	551.5452	0.9912	Bound	SP12	5,6,7,37,39,54,56,62,64,66,67,70,71,74,75	GDP,MG,2XO	None	2XO:39,54,71,74,75,7,6,5	None	None	SP12	SP12.Unclassified	2XO:SCc1nc2ccccc2[nH]1	None	None	None	GDP	MG	2XO	None	None	None	2XO	XRAY	1.403	0.132	GMTEYKLVVVGAVGVGKSALTIQLIQNHFVDEYDPTIEDCYRKQVVIDGETCLLDILDTAGQEEYSAMRDQYMRTGEGFLCVFAINNTKSFEDIHHYREQIKRVKDSEDVPMVLVGNKSDLPSRTVDTKQAQDLARSYGIPFIETSAKTRQGVDDAFYTLVREIRKHKEK	True	39.076	41.063	91.678	90.00	90.00	90.00	/Users/mitchellparker/Desktop/rascore_build/core/4pzzA_core.cif	/Users/mitchellparker/Desktop/rascore_build/rcsb/4pzz.cif.gz	/Users/mitchellparker/Desktop/rascore_build/renum/4pzz_renum.cif	/Users/mitchellparker/Desktop/rascore_build/rcsb_assembly/4pzz-assembly-1.cif.gz	/Users/mitchellparker/Desktop/rascore_build/renum_assembly/4pzz-assembly-1_renum.cif	/Users/mitchellparker/Desktop/rascore_build/sifts/4pzz.xml.gz	/Users/mitchellparker/Desktop/rascore_build/pocket/4pzzA_1_pocket.pdb
4q01A	4q01	0	A	Y32out.2P-OFF	Outlier	Y32out	Y71out	P 21 21 21 (CF8)	4q01A1	1	GTPase KRas	RASK_HUMAN	P01116-2	G12V,S39C,C118S	G12,S39,C118	KRAS	2P	G12V	SP12	SP12.Unclassified	None	None	SP12-Bound	P 21 21 21	169	1-166	2014-03-31	SP12	732.7462	0.4133	Bound	SP12	5,6,7,35,37,38,39,41,54,56,61,62,67,70,71,74,75	GDP,MG,2XH	None	2XH:6,5,7,75,71,74,41,39,54,56,55	None	None	SP12	SP12.Unclassified	2XH:Sc1cccc2ccccc12	None	None	None	GDP	MG	2XH	None	None	None	2XH	XRAY	1.291	0.189	MTEYKLVVVGAVGVGKSALTIQLIQNHFVDEYDPTIEDCYRKQVVIDGETCLLDILDTAGQEEYSAMRDQYMRTGEGFLCVFAINNTKSFEDIHHYREQIKRVKDSEDVPMVLVGNKSDLPSRTVDTKQAQDLARSYGIPFIETSAKTRQGVDDAFYTLVREIRKHKEK	True	36.314	83.671	104.835	90.00	90.00	90.00	/Users/mitchellparker/Desktop/rascore_build/core/4q01A_core.cif	/Users/mitchellparker/Desktop/rascore_build/rcsb/4q01.cif.gz	/Users/mitchellparker/Desktop/rascore_build/renum/4q01_renum.cif	/Users/mitchellparker/Desktop/rascore_build/rcsb_assembly/4q01-assembly-1.cif.gz	/Users/mitchellparker/Desktop/rascore_build/renum_assembly/4q01-assembly-1_renum.cif	/Users/mitchellparker/Desktop/rascore_build/sifts/4q01.xml.gz	/Users/mitchellparker/Desktop/rascore_build/pocket/4q01A_1_pocket.pdb
4q01B	4q01	0	B	Y32out.2P-OFF	Outlier	Y32out	Y71out	P 21 21 21 (CF8)	4q01B1	1	GTPase KRas	RASK_HUMAN	P01116-2	G12V,S39C,C118S	G12,S39,C118	KRAS	2P	G12V	SP12	SP12.Unclassified	None	None	SP12-Bound	P 21 21 21	169	1-169	2014-03-31	SP12	250.3539	0.4798	Bound	SP12	5,6,7,39,54,56,71,74,75	GDP,MG,2XH	None	2XH:6,56,5,7,71,75,74,39,54,55	None	None	SP12	SP12.Unclassified	2XH:Sc1cccc2ccccc12	None	None	None	GDP	MG	2XH	None	None	None	2XH	XRAY	1.291	0.189	MTEYKLVVVGAVGVGKSALTIQLIQNHFVDEYDPTIEDCYRKQVVIDGETCLLDILDTAGQEEYSAMRDQYMRTGEGFLCVFAINNTKSFEDIHHYREQIKRVKDSEDVPMVLVGNKSDLPSRTVDTKQAQDLARSYGIPFIETSAKTRQGVDDAFYTLVREIRKHKEK	True	36.314	83.671	104.835	90.00	90.00	90.00	/Users/mitchellparker/Desktop/rascore_build/core/4q01B_core.cif	/Users/mitchellparker/Desktop/rascore_build/rcsb/4q01.cif.gz	/Users/mitchellparker/Desktop/rascore_build/renum/4q01_renum.cif	/Users/mitchellparker/Desktop/rascore_build/rcsb_assembly/4q01-assembly-1.cif.gz	/Users/mitchellparker/Desktop/rascore_build/renum_assembly/4q01-assembly-1_renum.cif	/Users/mitchellparker/Desktop/rascore_build/sifts/4q01.xml.gz	/Users/mitchellparker/Desktop/rascore_build/pocket/4q01B_1_pocket.pdb
4q02A	4q02	0	A	Y32out.2P-OFF	Y71in.2P-SP12	Y32out	Y71in	P 21 21 21 (CF6)	4q02A1	1	GTPase KRas	RASK_HUMAN	P01116-2	G12V,S39C,C118S	G12,S39,C118	KRAS	2P	G12V	SP12	SP12.Unclassified	None	None	SP12-Bound	P 21 21 21	170	1-169	2014-03-31	SP12	310.3155	0.4416	Bound	SP12	5,6,7,39,54,56,70,71,74,75	GDP,MG,2XG	None	2XG:56,39,40,55,54,74,71,75,6,7,5	None	None	SP12	SP12.Unclassified	2XG:Fc1ccc(S)cc1F	None	None	None	GDP	MG	2XG	None	None	None	2XG	XRAY	1.702	0.163	GMTEYKLVVVGAVGVGKSALTIQLIQNHFVDEYDPTIEDCYRKQVVIDGETCLLDILDTAGQEEYSAMRDQYMRTGEGFLCVFAINNTKSFEDIHHYREQIKRVKDSEDVPMVLVGNKSDLPSRTVDTKQAQDLARSYGIPFIETSAKTRQGVDDAFYTLVREIRKHKEK	True	39.193	40.931	92.695	90.00	90.00	90.00	/Users/mitchellparker/Desktop/rascore_build/core/4q02A_core.cif	/Users/mitchellparker/Desktop/rascore_build/rcsb/4q02.cif.gz	/Users/mitchellparker/Desktop/rascore_build/renum/4q02_renum.cif	/Users/mitchellparker/Desktop/rascore_build/rcsb_assembly/4q02-assembly-1.cif.gz	/Users/mitchellparker/Desktop/rascore_build/renum_assembly/4q02-assembly-1_renum.cif	/Users/mitchellparker/Desktop/rascore_build/sifts/4q02.xml.gz	/Users/mitchellparker/Desktop/rascore_build/pocket/4q02A_1_pocket.pdb
4q03A	4q03	0	A	Y32out.2P-OFF	Y71in.2P-SP12	Y32out	Y71in	P 21 21 21 (CF6)	4q03A1	1	GTPase KRas	RASK_HUMAN	P01116-2	G12V,S39C,C118S	G12,S39,C118	KRAS	2P	G12V	SP12	SP12.Unclassified	None	None	SP12-Bound	P 21 21 21	170	1-169	2014-03-31	SP12	268.9248	0.4931	Bound	SP12	5,6,7,39,54,56,71,74,75	GDP,MG,2XE	None	2XE:55,56,39,40,54,75,71,74,7,6,5	None	None	SP12	SP12.Unclassified	2XE:Sc1ccc(Br)cc1	None	None	None	GDP	MG	2XE	None	None	None	2XE	XRAY	1.201	0.166	GMTEYKLVVVGAVGVGKSALTIQLIQNHFVDEYDPTIEDCYRKQVVIDGETCLLDILDTAGQEEYSAMRDQYMRTGEGFLCVFAINNTKSFEDIHHYREQIKRVKDSEDVPMVLVGNKSDLPSRTVDTKQAQDLARSYGIPFIETSAKTRQGVDDAFYTLVREIRKHKEK	True	39.040	41.542	91.756	90.00	90.00	90.00	/Users/mitchellparker/Desktop/rascore_build/core/4q03A_core.cif	/Users/mitchellparker/Desktop/rascore_build/rcsb/4q03.cif.gz	/Users/mitchellparker/Desktop/rascore_build/renum/4q03_renum.cif	/Users/mitchellparker/Desktop/rascore_build/rcsb_assembly/4q03-assembly-1.cif.gz	/Users/mitchellparker/Desktop/rascore_build/renum_assembly/4q03-assembly-1_renum.cif	/Users/mitchellparker/Desktop/rascore_build/sifts/4q03.xml.gz	/Users/mitchellparker/Desktop/rascore_build/pocket/4q03A_1_pocket.pdb
4q21A	4q21	0	A	Y32out.2P-OFF	Outlier	Y32out	Y71out	I 4 (CF1)	4q21A1	1	GTPase HRas	RASH_HUMAN	P01112	WT	WT	HRAS	2P	WT	None	None	None	None	SP2-Unbound	I 4	189	1-169	1991-09-25	Other	374.0032	0.1085	Unbound	Unbound	74,75,76,104,106,108,109,110,163,166,167	MG,GDP	None	None	None	None	None	None	None	None	None	None	GDP	MG	None	None	None	None	STP	XRAY	2.000	0.195	MTEYKLVVVGAGGVGKSALTIQLIQNHFVDEYDPTIEDSYRKQVVIDGETCLLDILDTAGQEEYSAMRDQYMRTGEGFLCVFAINNTKSFEDIHQYREQIKRVKDSDDVPMVLVGNKCDLAARTVESRQAQDLARSYGIPYIETSAKTRQGVEDAFYTLVREIRQHKLRKLNPPDESGPGCMSCKCVLS	True	96.300	96.300	41.370	90.00	90.00	90.00	/Users/mitchellparker/Desktop/rascore_build/core/4q21A_core.cif	/Users/mitchellparker/Desktop/rascore_build/rcsb/4q21.cif.gz	/Users/mitchellparker/Desktop/rascore_build/renum/4q21_renum.cif	/Users/mitchellparker/Desktop/rascore_build/rcsb_assembly/4q21-assembly-1.cif.gz	/Users/mitchellparker/Desktop/rascore_build/renum_assembly/4q21-assembly-1_renum.cif	/Users/mitchellparker/Desktop/rascore_build/sifts/4q21.xml.gz	/Users/mitchellparker/Desktop/rascore_build/pocket/4q21A_1_pocket.pdb
4q21A	4q21	0	A	Y32out.2P-OFF	Outlier	Y32out	Y71out	I 4 (CF1)	4q21A2	2	GTPase HRas	RASH_HUMAN	P01112	WT	WT	HRAS	2P	WT	None	None	None	None	SP2-Unbound	I 4	189	1-169	1991-09-25	Other	311.7109	0.0023	Unbound	Unbound	97,107,108,109,110,137,138,139,162,165,166	MG,GDP	None	None	None	None	None	None	None	None	None	None	GDP	MG	None	None	None	None	STP	XRAY	2.000	0.195	MTEYKLVVVGAGGVGKSALTIQLIQNHFVDEYDPTIEDSYRKQVVIDGETCLLDILDTAGQEEYSAMRDQYMRTGEGFLCVFAINNTKSFEDIHQYREQIKRVKDSDDVPMVLVGNKCDLAARTVESRQAQDLARSYGIPYIETSAKTRQGVEDAFYTLVREIRQHKLRKLNPPDESGPGCMSCKCVLS	True	96.300	96.300	41.370	90.00	90.00	90.00	/Users/mitchellparker/Desktop/rascore_build/core/4q21A_core.cif	/Users/mitchellparker/Desktop/rascore_build/rcsb/4q21.cif.gz	/Users/mitchellparker/Desktop/rascore_build/renum/4q21_renum.cif	/Users/mitchellparker/Desktop/rascore_build/rcsb_assembly/4q21-assembly-1.cif.gz	/Users/mitchellparker/Desktop/rascore_build/renum_assembly/4q21-assembly-1_renum.cif	/Users/mitchellparker/Desktop/rascore_build/sifts/4q21.xml.gz	/Users/mitchellparker/Desktop/rascore_build/pocket/4q21A_2_pocket.pdb
4q21A	4q21	0	A	Y32out.2P-OFF	Outlier	Y32out	Y71out	I 4 (CF1)	4q21A3	3	GTPase HRas	RASH_HUMAN	P01112	WT	WT	HRAS	2P	WT	None	None	None	None	SP2-Unbound	I 4	189	1-169	1991-09-25	Other	259.6068	0.0960	Unbound	Unbound	21,25,27,29,30,31,32,40	MG,GDP	None	None	None	None	None	None	None	None	None	None	GDP	MG	None	None	None	None	STP	XRAY	2.000	0.195	MTEYKLVVVGAGGVGKSALTIQLIQNHFVDEYDPTIEDSYRKQVVIDGETCLLDILDTAGQEEYSAMRDQYMRTGEGFLCVFAINNTKSFEDIHQYREQIKRVKDSDDVPMVLVGNKCDLAARTVESRQAQDLARSYGIPYIETSAKTRQGVEDAFYTLVREIRQHKLRKLNPPDESGPGCMSCKCVLS	True	96.300	96.300	41.370	90.00	90.00	90.00	/Users/mitchellparker/Desktop/rascore_build/core/4q21A_core.cif	/Users/mitchellparker/Desktop/rascore_build/rcsb/4q21.cif.gz	/Users/mitchellparker/Desktop/rascore_build/renum/4q21_renum.cif	/Users/mitchellparker/Desktop/rascore_build/rcsb_assembly/4q21-assembly-1.cif.gz	/Users/mitchellparker/Desktop/rascore_build/renum_assembly/4q21-assembly-1_renum.cif	/Users/mitchellparker/Desktop/rascore_build/sifts/4q21.xml.gz	/Users/mitchellparker/Desktop/rascore_build/pocket/4q21A_3_pocket.pdb
4q21A	4q21	0	A	Y32out.2P-OFF	Outlier	Y32out	Y71out	I 4 (CF1)	4q21A4	4	GTPase HRas	RASH_HUMAN	P01112	WT	WT	HRAS	2P	WT	None	None	None	None	SP2-Unbound	I 4	189	1-169	1991-09-25	Other	201.7271	0.0081	Unbound	Unbound	13,31,32,34	MG,GDP	None	None	None	None	None	None	None	None	None	None	GDP	MG	None	None	None	None	STP	XRAY	2.000	0.195	MTEYKLVVVGAGGVGKSALTIQLIQNHFVDEYDPTIEDSYRKQVVIDGETCLLDILDTAGQEEYSAMRDQYMRTGEGFLCVFAINNTKSFEDIHQYREQIKRVKDSDDVPMVLVGNKCDLAARTVESRQAQDLARSYGIPYIETSAKTRQGVEDAFYTLVREIRQHKLRKLNPPDESGPGCMSCKCVLS	True	96.300	96.300	41.370	90.00	90.00	90.00	/Users/mitchellparker/Desktop/rascore_build/core/4q21A_core.cif	/Users/mitchellparker/Desktop/rascore_build/rcsb/4q21.cif.gz	/Users/mitchellparker/Desktop/rascore_build/renum/4q21_renum.cif	/Users/mitchellparker/Desktop/rascore_build/rcsb_assembly/4q21-assembly-1.cif.gz	/Users/mitchellparker/Desktop/rascore_build/renum_assembly/4q21-assembly-1_renum.cif	/Users/mitchellparker/Desktop/rascore_build/sifts/4q21.xml.gz	/Users/mitchellparker/Desktop/rascore_build/pocket/4q21A_4_pocket.pdb
4q21A	4q21	0	A	Y32out.2P-OFF	Outlier	Y32out	Y71out	I 4 (CF1)	4q21A5	5	GTPase HRas	RASH_HUMAN	P01112	WT	WT	HRAS	2P	WT	None	None	None	None	SP2-Unbound	I 4	189	1-169	1991-09-25	SP2	169.9323	0.0003	Unbound	Unbound	9,10,58,59,60,68,72,96,99	MG,GDP	None	None	None	None	None	None	None	None	None	None	GDP	MG	None	None	None	None	STP	XRAY	2.000	0.195	MTEYKLVVVGAGGVGKSALTIQLIQNHFVDEYDPTIEDSYRKQVVIDGETCLLDILDTAGQEEYSAMRDQYMRTGEGFLCVFAINNTKSFEDIHQYREQIKRVKDSDDVPMVLVGNKCDLAARTVESRQAQDLARSYGIPYIETSAKTRQGVEDAFYTLVREIRQHKLRKLNPPDESGPGCMSCKCVLS	True	96.300	96.300	41.370	90.00	90.00	90.00	/Users/mitchellparker/Desktop/rascore_build/core/4q21A_core.cif	/Users/mitchellparker/Desktop/rascore_build/rcsb/4q21.cif.gz	/Users/mitchellparker/Desktop/rascore_build/renum/4q21_renum.cif	/Users/mitchellparker/Desktop/rascore_build/rcsb_assembly/4q21-assembly-1.cif.gz	/Users/mitchellparker/Desktop/rascore_build/renum_assembly/4q21-assembly-1_renum.cif	/Users/mitchellparker/Desktop/rascore_build/sifts/4q21.xml.gz	/Users/mitchellparker/Desktop/rascore_build/pocket/4q21A_5_pocket.pdb
4q21A	4q21	0	A	Y32out.2P-OFF	Outlier	Y32out	Y71out	I 4 (CF1)	4q21A6	6	GTPase HRas	RASH_HUMAN	P01112	WT	WT	HRAS	2P	WT	None	None	None	None	SP2-Unbound	I 4	189	1-169	1991-09-25	Other	156.4112	0.0001	Unbound	Unbound	3,5,54,76	MG,GDP	None	None	None	None	None	None	None	None	None	None	GDP	MG	None	None	None	None	STP	XRAY	2.000	0.195	MTEYKLVVVGAGGVGKSALTIQLIQNHFVDEYDPTIEDSYRKQVVIDGETCLLDILDTAGQEEYSAMRDQYMRTGEGFLCVFAINNTKSFEDIHQYREQIKRVKDSDDVPMVLVGNKCDLAARTVESRQAQDLARSYGIPYIETSAKTRQGVEDAFYTLVREIRQHKLRKLNPPDESGPGCMSCKCVLS	True	96.300	96.300	41.370	90.00	90.00	90.00	/Users/mitchellparker/Desktop/rascore_build/core/4q21A_core.cif	/Users/mitchellparker/Desktop/rascore_build/rcsb/4q21.cif.gz	/Users/mitchellparker/Desktop/rascore_build/renum/4q21_renum.cif	/Users/mitchellparker/Desktop/rascore_build/rcsb_assembly/4q21-assembly-1.cif.gz	/Users/mitchellparker/Desktop/rascore_build/renum_assembly/4q21-assembly-1_renum.cif	/Users/mitchellparker/Desktop/rascore_build/sifts/4q21.xml.gz	/Users/mitchellparker/Desktop/rascore_build/pocket/4q21A_6_pocket.pdb
4ql3A	4ql3	0	A	Y32out.2P-OFF	Y71in.2P-SP12	Y32out	Y71in	P 21 21 21 (CF6)	4ql3A1	1	GTPase KRas	RASK_HUMAN	P01116-2	G12R	G12	KRAS	2P	Other	None	None	None	None	Multiple-Unbound	P 21 21 21	170	1-169	2014-06-10	Other	410.4951	0.0881	Unbound	Unbound	73,74,75,76,104,106,108,110,163,166,167	GDP,MG	None	None	None	None	None	None	None	None	None	None	GDP	MG	None	None	None	None	STP	XRAY	1.041	0.139	GMTEYKLVVVGARGVGKSALTIQLIQNHFVDEYDPTIEDSYRKQVVIDGETCLLDILDTAGQEEYSAMRDQYMRTGEGFLCVFAINNTKSFEDIHHYREQIKRVKDSEDVPMVLVGNKCDLPSRTVDTKQAQDLARSYGIPFIETSAKTRQGVDDAFYTLVREIRKHKEK	True	39.125	40.908	91.806	90.000	90.000	90.000	/Users/mitchellparker/Desktop/rascore_build/core/4ql3A_core.cif	/Users/mitchellparker/Desktop/rascore_build/rcsb/4ql3.cif.gz	/Users/mitchellparker/Desktop/rascore_build/renum/4ql3_renum.cif	/Users/mitchellparker/Desktop/rascore_build/rcsb_assembly/4ql3-assembly-1.cif.gz	/Users/mitchellparker/Desktop/rascore_build/renum_assembly/4ql3-assembly-1_renum.cif	/Users/mitchellparker/Desktop/rascore_build/sifts/4ql3.xml.gz	/Users/mitchellparker/Desktop/rascore_build/pocket/4ql3A_1_pocket.pdb
4ql3A	4ql3	0	A	Y32out.2P-OFF	Y71in.2P-SP12	Y32out	Y71in	P 21 21 21 (CF6)	4ql3A2	2	GTPase KRas	RASK_HUMAN	P01116-2	G12R	G12	KRAS	2P	Other	None	None	None	None	Multiple-Unbound	P 21 21 21	170	1-169	2014-06-10	SP12	374.6383	0.1011	Unbound	Unbound	5,6,7,37,39,54,56,62,67,70,71,74,75	GDP,MG	None	None	None	None	None	None	None	None	None	None	GDP	MG	None	None	None	None	STP	XRAY	1.041	0.139	GMTEYKLVVVGARGVGKSALTIQLIQNHFVDEYDPTIEDSYRKQVVIDGETCLLDILDTAGQEEYSAMRDQYMRTGEGFLCVFAINNTKSFEDIHHYREQIKRVKDSEDVPMVLVGNKCDLPSRTVDTKQAQDLARSYGIPFIETSAKTRQGVDDAFYTLVREIRKHKEK	True	39.125	40.908	91.806	90.000	90.000	90.000	/Users/mitchellparker/Desktop/rascore_build/core/4ql3A_core.cif	/Users/mitchellparker/Desktop/rascore_build/rcsb/4ql3.cif.gz	/Users/mitchellparker/Desktop/rascore_build/renum/4ql3_renum.cif	/Users/mitchellparker/Desktop/rascore_build/rcsb_assembly/4ql3-assembly-1.cif.gz	/Users/mitchellparker/Desktop/rascore_build/renum_assembly/4ql3-assembly-1_renum.cif	/Users/mitchellparker/Desktop/rascore_build/sifts/4ql3.xml.gz	/Users/mitchellparker/Desktop/rascore_build/pocket/4ql3A_2_pocket.pdb
4ql3A	4ql3	0	A	Y32out.2P-OFF	Y71in.2P-SP12	Y32out	Y71in	P 21 21 21 (CF6)	4ql3A3	3	GTPase KRas	RASK_HUMAN	P01116-2	G12R	G12	KRAS	2P	Other	None	None	None	None	Multiple-Unbound	P 21 21 21	170	1-169	2014-06-10	Other	448.3655	0.2236	Unbound	Unbound	94,97,98,101,102,105,106,107,137	GDP,MG	None	None	None	None	None	None	None	None	None	None	GDP	MG	None	None	None	None	STP	XRAY	1.041	0.139	GMTEYKLVVVGARGVGKSALTIQLIQNHFVDEYDPTIEDSYRKQVVIDGETCLLDILDTAGQEEYSAMRDQYMRTGEGFLCVFAINNTKSFEDIHHYREQIKRVKDSEDVPMVLVGNKCDLPSRTVDTKQAQDLARSYGIPFIETSAKTRQGVDDAFYTLVREIRKHKEK	True	39.125	40.908	91.806	90.000	90.000	90.000	/Users/mitchellparker/Desktop/rascore_build/core/4ql3A_core.cif	/Users/mitchellparker/Desktop/rascore_build/rcsb/4ql3.cif.gz	/Users/mitchellparker/Desktop/rascore_build/renum/4ql3_renum.cif	/Users/mitchellparker/Desktop/rascore_build/rcsb_assembly/4ql3-assembly-1.cif.gz	/Users/mitchellparker/Desktop/rascore_build/renum_assembly/4ql3-assembly-1_renum.cif	/Users/mitchellparker/Desktop/rascore_build/sifts/4ql3.xml.gz	/Users/mitchellparker/Desktop/rascore_build/pocket/4ql3A_3_pocket.pdb
4ql3A	4ql3	0	A	Y32out.2P-OFF	Y71in.2P-SP12	Y32out	Y71in	P 21 21 21 (CF6)	4ql3A4	4	GTPase KRas	RASK_HUMAN	P01116-2	G12R	G12	KRAS	2P	Other	None	None	None	None	Multiple-Unbound	P 21 21 21	170	1-169	2014-06-10	SP2	224.5361	0.0155	Unbound	Unbound	60,61,62,65,68,71,72,95,96,99	GDP,MG	None	None	None	None	None	None	None	None	None	None	GDP	MG	None	None	None	None	STP	XRAY	1.041	0.139	GMTEYKLVVVGARGVGKSALTIQLIQNHFVDEYDPTIEDSYRKQVVIDGETCLLDILDTAGQEEYSAMRDQYMRTGEGFLCVFAINNTKSFEDIHHYREQIKRVKDSEDVPMVLVGNKCDLPSRTVDTKQAQDLARSYGIPFIETSAKTRQGVDDAFYTLVREIRKHKEK	True	39.125	40.908	91.806	90.000	90.000	90.000	/Users/mitchellparker/Desktop/rascore_build/core/4ql3A_core.cif	/Users/mitchellparker/Desktop/rascore_build/rcsb/4ql3.cif.gz	/Users/mitchellparker/Desktop/rascore_build/renum/4ql3_renum.cif	/Users/mitchellparker/Desktop/rascore_build/rcsb_assembly/4ql3-assembly-1.cif.gz	/Users/mitchellparker/Desktop/rascore_build/renum_assembly/4ql3-assembly-1_renum.cif	/Users/mitchellparker/Desktop/rascore_build/sifts/4ql3.xml.gz	/Users/mitchellparker/Desktop/rascore_build/pocket/4ql3A_4_pocket.pdb
4ql3A	4ql3	0	A	Y32out.2P-OFF	Y71in.2P-SP12	Y32out	Y71in	P 21 21 21 (CF6)	4ql3A5	5	GTPase KRas	RASK_HUMAN	P01116-2	G12R	G12	KRAS	2P	Other	None	None	None	None	Multiple-Unbound	P 21 21 21	170	1-169	2014-06-10	Other	220.1256	0.0002	Unbound	Unbound	97,107,108,109,110,111,137,138,139,162,165,166,169	GDP,MG	None	None	None	None	None	None	None	None	None	None	GDP	MG	None	None	None	None	STP	XRAY	1.041	0.139	GMTEYKLVVVGARGVGKSALTIQLIQNHFVDEYDPTIEDSYRKQVVIDGETCLLDILDTAGQEEYSAMRDQYMRTGEGFLCVFAINNTKSFEDIHHYREQIKRVKDSEDVPMVLVGNKCDLPSRTVDTKQAQDLARSYGIPFIETSAKTRQGVDDAFYTLVREIRKHKEK	True	39.125	40.908	91.806	90.000	90.000	90.000	/Users/mitchellparker/Desktop/rascore_build/core/4ql3A_core.cif	/Users/mitchellparker/Desktop/rascore_build/rcsb/4ql3.cif.gz	/Users/mitchellparker/Desktop/rascore_build/renum/4ql3_renum.cif	/Users/mitchellparker/Desktop/rascore_build/rcsb_assembly/4ql3-assembly-1.cif.gz	/Users/mitchellparker/Desktop/rascore_build/renum_assembly/4ql3-assembly-1_renum.cif	/Users/mitchellparker/Desktop/rascore_build/sifts/4ql3.xml.gz	/Users/mitchellparker/Desktop/rascore_build/pocket/4ql3A_5_pocket.pdb
4ql3A	4ql3	0	A	Y32out.2P-OFF	Y71in.2P-SP12	Y32out	Y71in	P 21 21 21 (CF6)	4ql3A6	6	GTPase KRas	RASK_HUMAN	P01116-2	G12R	G12	KRAS	2P	Other	None	None	None	None	Multiple-Unbound	P 21 21 21	170	1-169	2014-06-10	Other	196.4469	0.1023	Unbound	Unbound	12,13,32,34	GDP,MG	None	None	None	None	None	None	None	None	None	None	GDP	MG	None	None	None	None	STP	XRAY	1.041	0.139	GMTEYKLVVVGARGVGKSALTIQLIQNHFVDEYDPTIEDSYRKQVVIDGETCLLDILDTAGQEEYSAMRDQYMRTGEGFLCVFAINNTKSFEDIHHYREQIKRVKDSEDVPMVLVGNKCDLPSRTVDTKQAQDLARSYGIPFIETSAKTRQGVDDAFYTLVREIRKHKEK	True	39.125	40.908	91.806	90.000	90.000	90.000	/Users/mitchellparker/Desktop/rascore_build/core/4ql3A_core.cif	/Users/mitchellparker/Desktop/rascore_build/rcsb/4ql3.cif.gz	/Users/mitchellparker/Desktop/rascore_build/renum/4ql3_renum.cif	/Users/mitchellparker/Desktop/rascore_build/rcsb_assembly/4ql3-assembly-1.cif.gz	/Users/mitchellparker/Desktop/rascore_build/renum_assembly/4ql3-assembly-1_renum.cif	/Users/mitchellparker/Desktop/rascore_build/sifts/4ql3.xml.gz	/Users/mitchellparker/Desktop/rascore_build/pocket/4ql3A_6_pocket.pdb
4ql3A	4ql3	0	A	Y32out.2P-OFF	Y71in.2P-SP12	Y32out	Y71in	P 21 21 21 (CF6)	4ql3A7	7	GTPase KRas	RASK_HUMAN	P01116-2	G12R	G12	KRAS	2P	Other	None	None	None	None	Multiple-Unbound	P 21 21 21	170	1-169	2014-06-10	Other	144.9532	0.0006	Unbound	Unbound	12,13,14,83,85,86,117	GDP,MG	None	None	None	None	None	None	None	None	None	None	GDP	MG	None	None	None	None	STP	XRAY	1.041	0.139	GMTEYKLVVVGARGVGKSALTIQLIQNHFVDEYDPTIEDSYRKQVVIDGETCLLDILDTAGQEEYSAMRDQYMRTGEGFLCVFAINNTKSFEDIHHYREQIKRVKDSEDVPMVLVGNKCDLPSRTVDTKQAQDLARSYGIPFIETSAKTRQGVDDAFYTLVREIRKHKEK	True	39.125	40.908	91.806	90.000	90.000	90.000	/Users/mitchellparker/Desktop/rascore_build/core/4ql3A_core.cif	/Users/mitchellparker/Desktop/rascore_build/rcsb/4ql3.cif.gz	/Users/mitchellparker/Desktop/rascore_build/renum/4ql3_renum.cif	/Users/mitchellparker/Desktop/rascore_build/rcsb_assembly/4ql3-assembly-1.cif.gz	/Users/mitchellparker/Desktop/rascore_build/renum_assembly/4ql3-assembly-1_renum.cif	/Users/mitchellparker/Desktop/rascore_build/sifts/4ql3.xml.gz	/Users/mitchellparker/Desktop/rascore_build/pocket/4ql3A_7_pocket.pdb
4rsgA	4rsg	0	A	Y32in.3P-ON	Disordered	Y32in	Y71in	None	4rsgA4	4	GTPase HRas	RASH_HUMAN	P01112	WT	WT	HRAS	3P	WT	None	None	None	None	SP2-Unbound	None	166	1-61:66-166	2014-11-07	SP2	225.4409	0.0026	Unbound	Unbound	11,12,60,68,92,95,96,99	GNP,MG,DOD,DOD,DOD,DOD,DOD,DOD,DOD,DOD,DOD,DOD,DOD,DOD,DOD,DOD,DOD,DOD,DOD,DOD,DOD,DOD,DOD,DOD,DOD,DOD,DOD,DOD,DOD,DOD,DOD,DOD,DOD,DOD,DOD,DOD,DOD,DOD,DOD,DOD,DOD,DOD,DOD,DOD,DOD,DOD,DOD,DOD,DOD,DOD,DOD,DOD,DOD,DOD,DOD,DOD,DOD,DOD,DOD,DOD,DOD,DOD,DOD,DOD,DOD,DOD,DOD,DOD,DOD,DOD,DOD,DOD,DOD,DOD,DOD,DOD,DOD	None	None	None	None	None	None	None	None	None	None	GNP	MG	None	DOD	None	None	STP	NEUTRON	1.907	0.253	MTEYKLVVVGAGGVGKSALTIQLIQNHFVDEYDPTIEDSYRKQVVIDGETCLLDILDTAGQEEYSAMRDQYMRTGEGFLCVFAINNTKSFEDIHQYREQIKRVKDSDDVPMVLVGNKCDLAARTVESRQAQDLARSYGIPYIETSAKTRQGVEDAFYTLVREIRQH	True	999.0	999.0	999.0	999.0	999.0	999.0	/Users/mitchellparker/Desktop/rascore_build/core/4rsgA_core.cif	/Users/mitchellparker/Desktop/rascore_build/rcsb/4rsg.cif.gz	/Users/mitchellparker/Desktop/rascore_build/renum/4rsg_renum.cif	/Users/mitchellparker/Desktop/rascore_build/rcsb_assembly/4rsg-assembly-1.cif.gz	/Users/mitchellparker/Desktop/rascore_build/renum_assembly/4rsg-assembly-1_renum.cif	/Users/mitchellparker/Desktop/rascore_build/sifts/4rsg.xml.gz	/Users/mitchellparker/Desktop/rascore_build/pocket/4rsgA_4_pocket.pdb
4rsgA	4rsg	0	A	Y32in.3P-ON	Disordered	Y32in	Y71in	None	4rsgA5	5	GTPase HRas	RASH_HUMAN	P01112	WT	WT	HRAS	3P	WT	None	None	None	None	SP2-Unbound	None	166	1-61:66-166	2014-11-07	Other	363.5337	0.0437	Unbound	Unbound	76,104,106,109,110,163,166	GNP,MG,DOD,DOD,DOD,DOD,DOD,DOD,DOD,DOD,DOD,DOD,DOD,DOD,DOD,DOD,DOD,DOD,DOD,DOD,DOD,DOD,DOD,DOD,DOD,DOD,DOD,DOD,DOD,DOD,DOD,DOD,DOD,DOD,DOD,DOD,DOD,DOD,DOD,DOD,DOD,DOD,DOD,DOD,DOD,DOD,DOD,DOD,DOD,DOD,DOD,DOD,DOD,DOD,DOD,DOD,DOD,DOD,DOD,DOD,DOD,DOD,DOD,DOD,DOD,DOD,DOD,DOD,DOD,DOD,DOD,DOD,DOD,DOD,DOD,DOD,DOD	None	None	None	None	None	None	None	None	None	None	GNP	MG	None	DOD	None	None	STP	NEUTRON	1.907	0.253	MTEYKLVVVGAGGVGKSALTIQLIQNHFVDEYDPTIEDSYRKQVVIDGETCLLDILDTAGQEEYSAMRDQYMRTGEGFLCVFAINNTKSFEDIHQYREQIKRVKDSDDVPMVLVGNKCDLAARTVESRQAQDLARSYGIPYIETSAKTRQGVEDAFYTLVREIRQH	True	999.0	999.0	999.0	999.0	999.0	999.0	/Users/mitchellparker/Desktop/rascore_build/core/4rsgA_core.cif	/Users/mitchellparker/Desktop/rascore_build/rcsb/4rsg.cif.gz	/Users/mitchellparker/Desktop/rascore_build/renum/4rsg_renum.cif	/Users/mitchellparker/Desktop/rascore_build/rcsb_assembly/4rsg-assembly-1.cif.gz	/Users/mitchellparker/Desktop/rascore_build/renum_assembly/4rsg-assembly-1_renum.cif	/Users/mitchellparker/Desktop/rascore_build/sifts/4rsg.xml.gz	/Users/mitchellparker/Desktop/rascore_build/pocket/4rsgA_5_pocket.pdb
4tq9A	4tq9	0	A	Y32out.2P-OFF	Y71in.2P-SP12	Y32out	Y71in	C 1 2 1 (CF4)	4tq9A1	1	GTPase KRas	RASK_HUMAN	P01116-2	G12V	G12	KRAS	2P	G12V	None	None	None	None	Multiple-Unbound	C 1 2 1	169	1-167	2014-06-10	Other	407.4703	0.3865	Unbound	Unbound	94,97,98,101,102,105,106,107,137	GDP,MG	None	None	None	None	None	None	None	None	None	None	GDP	MG	None	None	None	None	STP	XRAY	1.491	0.166	GMTEYKLVVVGAVGVGKSALTIQLIQNHFVDEYDPTIEDSYRKQVVIDGETCLLDILDTAGQEEYSAMRDQYMRTGEGFLCVFAINNTKSFEDIHHYREQIKRVKDSEDVPMVLVGNKCDLPSRTVDTKQAQDLARSYGIPFIETSAKTRQGVDDAFYTLVREIRKHKE	True	65.320	41.427	115.119	90.000	105.090	90.000	/Users/mitchellparker/Desktop/rascore_build/core/4tq9A_core.cif	/Users/mitchellparker/Desktop/rascore_build/rcsb/4tq9.cif.gz	/Users/mitchellparker/Desktop/rascore_build/renum/4tq9_renum.cif	/Users/mitchellparker/Desktop/rascore_build/rcsb_assembly/4tq9-assembly-1.cif.gz	/Users/mitchellparker/Desktop/rascore_build/renum_assembly/4tq9-assembly-1_renum.cif	/Users/mitchellparker/Desktop/rascore_build/sifts/4tq9.xml.gz	/Users/mitchellparker/Desktop/rascore_build/pocket/4tq9A_1_pocket.pdb
4tq9A	4tq9	0	A	Y32out.2P-OFF	Y71in.2P-SP12	Y32out	Y71in	C 1 2 1 (CF4)	4tq9A2	2	GTPase KRas	RASK_HUMAN	P01116-2	G12V	G12	KRAS	2P	G12V	None	None	None	None	Multiple-Unbound	C 1 2 1	169	1-167	2014-06-10	Other	445.2139	0.0009	Unbound	Unbound	73,74,75,76,103,104,106,108,110,166,167	GDP,MG	None	None	None	None	None	None	None	None	None	None	GDP	MG	None	None	None	None	STP	XRAY	1.491	0.166	GMTEYKLVVVGAVGVGKSALTIQLIQNHFVDEYDPTIEDSYRKQVVIDGETCLLDILDTAGQEEYSAMRDQYMRTGEGFLCVFAINNTKSFEDIHHYREQIKRVKDSEDVPMVLVGNKCDLPSRTVDTKQAQDLARSYGIPFIETSAKTRQGVDDAFYTLVREIRKHKE	True	65.320	41.427	115.119	90.000	105.090	90.000	/Users/mitchellparker/Desktop/rascore_build/core/4tq9A_core.cif	/Users/mitchellparker/Desktop/rascore_build/rcsb/4tq9.cif.gz	/Users/mitchellparker/Desktop/rascore_build/renum/4tq9_renum.cif	/Users/mitchellparker/Desktop/rascore_build/rcsb_assembly/4tq9-assembly-1.cif.gz	/Users/mitchellparker/Desktop/rascore_build/renum_assembly/4tq9-assembly-1_renum.cif	/Users/mitchellparker/Desktop/rascore_build/sifts/4tq9.xml.gz	/Users/mitchellparker/Desktop/rascore_build/pocket/4tq9A_2_pocket.pdb
4tq9A	4tq9	0	A	Y32out.2P-OFF	Y71in.2P-SP12	Y32out	Y71in	C 1 2 1 (CF4)	4tq9A3	3	GTPase KRas	RASK_HUMAN	P01116-2	G12V	G12	KRAS	2P	G12V	None	None	None	None	Multiple-Unbound	C 1 2 1	169	1-167	2014-06-10	SP2	216.9734	0.0369	Unbound	Unbound	60,61,62,65,68,71,72,95,96,99	GDP,MG	None	None	None	None	None	None	None	None	None	None	GDP	MG	None	None	None	None	STP	XRAY	1.491	0.166	GMTEYKLVVVGAVGVGKSALTIQLIQNHFVDEYDPTIEDSYRKQVVIDGETCLLDILDTAGQEEYSAMRDQYMRTGEGFLCVFAINNTKSFEDIHHYREQIKRVKDSEDVPMVLVGNKCDLPSRTVDTKQAQDLARSYGIPFIETSAKTRQGVDDAFYTLVREIRKHKE	True	65.320	41.427	115.119	90.000	105.090	90.000	/Users/mitchellparker/Desktop/rascore_build/core/4tq9A_core.cif	/Users/mitchellparker/Desktop/rascore_build/rcsb/4tq9.cif.gz	/Users/mitchellparker/Desktop/rascore_build/renum/4tq9_renum.cif	/Users/mitchellparker/Desktop/rascore_build/rcsb_assembly/4tq9-assembly-1.cif.gz	/Users/mitchellparker/Desktop/rascore_build/renum_assembly/4tq9-assembly-1_renum.cif	/Users/mitchellparker/Desktop/rascore_build/sifts/4tq9.xml.gz	/Users/mitchellparker/Desktop/rascore_build/pocket/4tq9A_3_pocket.pdb
4tq9A	4tq9	0	A	Y32out.2P-OFF	Y71in.2P-SP12	Y32out	Y71in	C 1 2 1 (CF4)	4tq9A4	4	GTPase KRas	RASK_HUMAN	P01116-2	G12V	G12	KRAS	2P	G12V	None	None	None	None	Multiple-Unbound	C 1 2 1	169	1-167	2014-06-10	Other	371.8770	0.0137	Unbound	Unbound	68,69,73,95,98,99,102,103	GDP,MG	None	None	None	None	None	None	None	None	None	None	GDP	MG	None	None	None	None	STP	XRAY	1.491	0.166	GMTEYKLVVVGAVGVGKSALTIQLIQNHFVDEYDPTIEDSYRKQVVIDGETCLLDILDTAGQEEYSAMRDQYMRTGEGFLCVFAINNTKSFEDIHHYREQIKRVKDSEDVPMVLVGNKCDLPSRTVDTKQAQDLARSYGIPFIETSAKTRQGVDDAFYTLVREIRKHKE	True	65.320	41.427	115.119	90.000	105.090	90.000	/Users/mitchellparker/Desktop/rascore_build/core/4tq9A_core.cif	/Users/mitchellparker/Desktop/rascore_build/rcsb/4tq9.cif.gz	/Users/mitchellparker/Desktop/rascore_build/renum/4tq9_renum.cif	/Users/mitchellparker/Desktop/rascore_build/rcsb_assembly/4tq9-assembly-1.cif.gz	/Users/mitchellparker/Desktop/rascore_build/renum_assembly/4tq9-assembly-1_renum.cif	/Users/mitchellparker/Desktop/rascore_build/sifts/4tq9.xml.gz	/Users/mitchellparker/Desktop/rascore_build/pocket/4tq9A_4_pocket.pdb
4tq9A	4tq9	0	A	Y32out.2P-OFF	Y71in.2P-SP12	Y32out	Y71in	C 1 2 1 (CF4)	4tq9A5	5	GTPase KRas	RASK_HUMAN	P01116-2	G12V	G12	KRAS	2P	G12V	None	None	None	None	Multiple-Unbound	C 1 2 1	169	1-167	2014-06-10	SP12	143.1355	0.0210	Unbound	Unbound	5,6,7,39,54,56,71,74	GDP,MG	None	None	None	None	None	None	None	None	None	None	GDP	MG	None	None	None	None	STP	XRAY	1.491	0.166	GMTEYKLVVVGAVGVGKSALTIQLIQNHFVDEYDPTIEDSYRKQVVIDGETCLLDILDTAGQEEYSAMRDQYMRTGEGFLCVFAINNTKSFEDIHHYREQIKRVKDSEDVPMVLVGNKCDLPSRTVDTKQAQDLARSYGIPFIETSAKTRQGVDDAFYTLVREIRKHKE	True	65.320	41.427	115.119	90.000	105.090	90.000	/Users/mitchellparker/Desktop/rascore_build/core/4tq9A_core.cif	/Users/mitchellparker/Desktop/rascore_build/rcsb/4tq9.cif.gz	/Users/mitchellparker/Desktop/rascore_build/renum/4tq9_renum.cif	/Users/mitchellparker/Desktop/rascore_build/rcsb_assembly/4tq9-assembly-1.cif.gz	/Users/mitchellparker/Desktop/rascore_build/renum_assembly/4tq9-assembly-1_renum.cif	/Users/mitchellparker/Desktop/rascore_build/sifts/4tq9.xml.gz	/Users/mitchellparker/Desktop/rascore_build/pocket/4tq9A_5_pocket.pdb
4tq9A	4tq9	0	A	Y32out.2P-OFF	Y71in.2P-SP12	Y32out	Y71in	C 1 2 1 (CF4)	4tq9A6	6	GTPase KRas	RASK_HUMAN	P01116-2	G12V	G12	KRAS	2P	G12V	None	None	None	None	Multiple-Unbound	C 1 2 1	169	1-167	2014-06-10	Other	217.2590	0.1200	Unbound	Unbound	12,13,30,31,32,34	GDP,MG	None	None	None	None	None	None	None	None	None	None	GDP	MG	None	None	None	None	STP	XRAY	1.491	0.166	GMTEYKLVVVGAVGVGKSALTIQLIQNHFVDEYDPTIEDSYRKQVVIDGETCLLDILDTAGQEEYSAMRDQYMRTGEGFLCVFAINNTKSFEDIHHYREQIKRVKDSEDVPMVLVGNKCDLPSRTVDTKQAQDLARSYGIPFIETSAKTRQGVDDAFYTLVREIRKHKE	True	65.320	41.427	115.119	90.000	105.090	90.000	/Users/mitchellparker/Desktop/rascore_build/core/4tq9A_core.cif	/Users/mitchellparker/Desktop/rascore_build/rcsb/4tq9.cif.gz	/Users/mitchellparker/Desktop/rascore_build/renum/4tq9_renum.cif	/Users/mitchellparker/Desktop/rascore_build/rcsb_assembly/4tq9-assembly-1.cif.gz	/Users/mitchellparker/Desktop/rascore_build/renum_assembly/4tq9-assembly-1_renum.cif	/Users/mitchellparker/Desktop/rascore_build/sifts/4tq9.xml.gz	/Users/mitchellparker/Desktop/rascore_build/pocket/4tq9A_6_pocket.pdb
4tq9A	4tq9	0	A	Y32out.2P-OFF	Y71in.2P-SP12	Y32out	Y71in	C 1 2 1 (CF4)	4tq9A7	7	GTPase KRas	RASK_HUMAN	P01116-2	G12V	G12	KRAS	2P	G12V	None	None	None	None	Multiple-Unbound	C 1 2 1	169	1-167	2014-06-10	SP12	334.8734	0.0007	Unbound	Unbound	5,37,56,62,67,70,71,74	GDP,MG	None	None	None	None	None	None	None	None	None	None	GDP	MG	None	None	None	None	STP	XRAY	1.491	0.166	GMTEYKLVVVGAVGVGKSALTIQLIQNHFVDEYDPTIEDSYRKQVVIDGETCLLDILDTAGQEEYSAMRDQYMRTGEGFLCVFAINNTKSFEDIHHYREQIKRVKDSEDVPMVLVGNKCDLPSRTVDTKQAQDLARSYGIPFIETSAKTRQGVDDAFYTLVREIRKHKE	True	65.320	41.427	115.119	90.000	105.090	90.000	/Users/mitchellparker/Desktop/rascore_build/core/4tq9A_core.cif	/Users/mitchellparker/Desktop/rascore_build/rcsb/4tq9.cif.gz	/Users/mitchellparker/Desktop/rascore_build/renum/4tq9_renum.cif	/Users/mitchellparker/Desktop/rascore_build/rcsb_assembly/4tq9-assembly-1.cif.gz	/Users/mitchellparker/Desktop/rascore_build/renum_assembly/4tq9-assembly-1_renum.cif	/Users/mitchellparker/Desktop/rascore_build/sifts/4tq9.xml.gz	/Users/mitchellparker/Desktop/rascore_build/pocket/4tq9A_7_pocket.pdb
4tq9B	4tq9	0	B	Y32out.2P-OFF	Y71in.2P-SP12	Y32out	Y71in	C 1 2 1 (CF4)	4tq9B1	1	GTPase KRas	RASK_HUMAN	P01116-2	G12V	G12	KRAS	2P	G12V	None	None	None	None	Multiple-Unbound	C 1 2 1	169	1-167	2014-06-10	Other	458.2520	0.3039	Unbound	Unbound	94,97,98,101,102,105,106,107,137	GDP,MG	None	None	None	None	None	None	None	None	None	None	GDP	MG	None	None	None	None	STP	XRAY	1.491	0.166	GMTEYKLVVVGAVGVGKSALTIQLIQNHFVDEYDPTIEDSYRKQVVIDGETCLLDILDTAGQEEYSAMRDQYMRTGEGFLCVFAINNTKSFEDIHHYREQIKRVKDSEDVPMVLVGNKCDLPSRTVDTKQAQDLARSYGIPFIETSAKTRQGVDDAFYTLVREIRKHKE	True	65.320	41.427	115.119	90.000	105.090	90.000	/Users/mitchellparker/Desktop/rascore_build/core/4tq9B_core.cif	/Users/mitchellparker/Desktop/rascore_build/rcsb/4tq9.cif.gz	/Users/mitchellparker/Desktop/rascore_build/renum/4tq9_renum.cif	/Users/mitchellparker/Desktop/rascore_build/rcsb_assembly/4tq9-assembly-1.cif.gz	/Users/mitchellparker/Desktop/rascore_build/renum_assembly/4tq9-assembly-1_renum.cif	/Users/mitchellparker/Desktop/rascore_build/sifts/4tq9.xml.gz	/Users/mitchellparker/Desktop/rascore_build/pocket/4tq9B_1_pocket.pdb
4tq9B	4tq9	0	B	Y32out.2P-OFF	Y71in.2P-SP12	Y32out	Y71in	C 1 2 1 (CF4)	4tq9B2	2	GTPase KRas	RASK_HUMAN	P01116-2	G12V	G12	KRAS	2P	G12V	None	None	None	None	Multiple-Unbound	C 1 2 1	169	1-167	2014-06-10	Other	433.3793	0.0004	Unbound	Unbound	73,74,75,76,103,104,106,108,110,166,167	GDP,MG	None	None	None	None	None	None	None	None	None	None	GDP	MG	None	None	None	None	STP	XRAY	1.491	0.166	GMTEYKLVVVGAVGVGKSALTIQLIQNHFVDEYDPTIEDSYRKQVVIDGETCLLDILDTAGQEEYSAMRDQYMRTGEGFLCVFAINNTKSFEDIHHYREQIKRVKDSEDVPMVLVGNKCDLPSRTVDTKQAQDLARSYGIPFIETSAKTRQGVDDAFYTLVREIRKHKE	True	65.320	41.427	115.119	90.000	105.090	90.000	/Users/mitchellparker/Desktop/rascore_build/core/4tq9B_core.cif	/Users/mitchellparker/Desktop/rascore_build/rcsb/4tq9.cif.gz	/Users/mitchellparker/Desktop/rascore_build/renum/4tq9_renum.cif	/Users/mitchellparker/Desktop/rascore_build/rcsb_assembly/4tq9-assembly-1.cif.gz	/Users/mitchellparker/Desktop/rascore_build/renum_assembly/4tq9-assembly-1_renum.cif	/Users/mitchellparker/Desktop/rascore_build/sifts/4tq9.xml.gz	/Users/mitchellparker/Desktop/rascore_build/pocket/4tq9B_2_pocket.pdb
4tq9B	4tq9	0	B	Y32out.2P-OFF	Y71in.2P-SP12	Y32out	Y71in	C 1 2 1 (CF4)	4tq9B3	3	GTPase KRas	RASK_HUMAN	P01116-2	G12V	G12	KRAS	2P	G12V	None	None	None	None	Multiple-Unbound	C 1 2 1	169	1-167	2014-06-10	SP12	147.4877	0.0215	Unbound	Unbound	5,6,7,39,54,56,71,74	GDP,MG	None	None	None	None	None	None	None	None	None	None	GDP	MG	None	None	None	None	STP	XRAY	1.491	0.166	GMTEYKLVVVGAVGVGKSALTIQLIQNHFVDEYDPTIEDSYRKQVVIDGETCLLDILDTAGQEEYSAMRDQYMRTGEGFLCVFAINNTKSFEDIHHYREQIKRVKDSEDVPMVLVGNKCDLPSRTVDTKQAQDLARSYGIPFIETSAKTRQGVDDAFYTLVREIRKHKE	True	65.320	41.427	115.119	90.000	105.090	90.000	/Users/mitchellparker/Desktop/rascore_build/core/4tq9B_core.cif	/Users/mitchellparker/Desktop/rascore_build/rcsb/4tq9.cif.gz	/Users/mitchellparker/Desktop/rascore_build/renum/4tq9_renum.cif	/Users/mitchellparker/Desktop/rascore_build/rcsb_assembly/4tq9-assembly-1.cif.gz	/Users/mitchellparker/Desktop/rascore_build/renum_assembly/4tq9-assembly-1_renum.cif	/Users/mitchellparker/Desktop/rascore_build/sifts/4tq9.xml.gz	/Users/mitchellparker/Desktop/rascore_build/pocket/4tq9B_3_pocket.pdb
4tq9B	4tq9	0	B	Y32out.2P-OFF	Y71in.2P-SP12	Y32out	Y71in	C 1 2 1 (CF4)	4tq9B4	4	GTPase KRas	RASK_HUMAN	P01116-2	G12V	G12	KRAS	2P	G12V	None	None	None	None	Multiple-Unbound	C 1 2 1	169	1-167	2014-06-10	SP2	221.6075	0.0013	Unbound	Unbound	60,61,62,68,71,72,95,96,99	GDP,MG	None	None	None	None	None	None	None	None	None	None	GDP	MG	None	None	None	None	STP	XRAY	1.491	0.166	GMTEYKLVVVGAVGVGKSALTIQLIQNHFVDEYDPTIEDSYRKQVVIDGETCLLDILDTAGQEEYSAMRDQYMRTGEGFLCVFAINNTKSFEDIHHYREQIKRVKDSEDVPMVLVGNKCDLPSRTVDTKQAQDLARSYGIPFIETSAKTRQGVDDAFYTLVREIRKHKE	True	65.320	41.427	115.119	90.000	105.090	90.000	/Users/mitchellparker/Desktop/rascore_build/core/4tq9B_core.cif	/Users/mitchellparker/Desktop/rascore_build/rcsb/4tq9.cif.gz	/Users/mitchellparker/Desktop/rascore_build/renum/4tq9_renum.cif	/Users/mitchellparker/Desktop/rascore_build/rcsb_assembly/4tq9-assembly-1.cif.gz	/Users/mitchellparker/Desktop/rascore_build/renum_assembly/4tq9-assembly-1_renum.cif	/Users/mitchellparker/Desktop/rascore_build/sifts/4tq9.xml.gz	/Users/mitchellparker/Desktop/rascore_build/pocket/4tq9B_4_pocket.pdb
4tq9B	4tq9	0	B	Y32out.2P-OFF	Y71in.2P-SP12	Y32out	Y71in	C 1 2 1 (CF4)	4tq9B5	5	GTPase KRas	RASK_HUMAN	P01116-2	G12V	G12	KRAS	2P	G12V	None	None	None	None	Multiple-Unbound	C 1 2 1	169	1-167	2014-06-10	Other	259.3110	0.1927	Unbound	Unbound	12,13,30,31,32,34	GDP,MG	None	None	None	None	None	None	None	None	None	None	GDP	MG	None	None	None	None	STP	XRAY	1.491	0.166	GMTEYKLVVVGAVGVGKSALTIQLIQNHFVDEYDPTIEDSYRKQVVIDGETCLLDILDTAGQEEYSAMRDQYMRTGEGFLCVFAINNTKSFEDIHHYREQIKRVKDSEDVPMVLVGNKCDLPSRTVDTKQAQDLARSYGIPFIETSAKTRQGVDDAFYTLVREIRKHKE	True	65.320	41.427	115.119	90.000	105.090	90.000	/Users/mitchellparker/Desktop/rascore_build/core/4tq9B_core.cif	/Users/mitchellparker/Desktop/rascore_build/rcsb/4tq9.cif.gz	/Users/mitchellparker/Desktop/rascore_build/renum/4tq9_renum.cif	/Users/mitchellparker/Desktop/rascore_build/rcsb_assembly/4tq9-assembly-1.cif.gz	/Users/mitchellparker/Desktop/rascore_build/renum_assembly/4tq9-assembly-1_renum.cif	/Users/mitchellparker/Desktop/rascore_build/sifts/4tq9.xml.gz	/Users/mitchellparker/Desktop/rascore_build/pocket/4tq9B_5_pocket.pdb
4tq9B	4tq9	0	B	Y32out.2P-OFF	Y71in.2P-SP12	Y32out	Y71in	C 1 2 1 (CF4)	4tq9B6	6	GTPase KRas	RASK_HUMAN	P01116-2	G12V	G12	KRAS	2P	G12V	None	None	None	None	Multiple-Unbound	C 1 2 1	169	1-167	2014-06-10	Other	274.4236	0.0058	Unbound	Unbound	68,69,95,98,99,102,103	GDP,MG	None	None	None	None	None	None	None	None	None	None	GDP	MG	None	None	None	None	STP	XRAY	1.491	0.166	GMTEYKLVVVGAVGVGKSALTIQLIQNHFVDEYDPTIEDSYRKQVVIDGETCLLDILDTAGQEEYSAMRDQYMRTGEGFLCVFAINNTKSFEDIHHYREQIKRVKDSEDVPMVLVGNKCDLPSRTVDTKQAQDLARSYGIPFIETSAKTRQGVDDAFYTLVREIRKHKE	True	65.320	41.427	115.119	90.000	105.090	90.000	/Users/mitchellparker/Desktop/rascore_build/core/4tq9B_core.cif	/Users/mitchellparker/Desktop/rascore_build/rcsb/4tq9.cif.gz	/Users/mitchellparker/Desktop/rascore_build/renum/4tq9_renum.cif	/Users/mitchellparker/Desktop/rascore_build/rcsb_assembly/4tq9-assembly-1.cif.gz	/Users/mitchellparker/Desktop/rascore_build/renum_assembly/4tq9-assembly-1_renum.cif	/Users/mitchellparker/Desktop/rascore_build/sifts/4tq9.xml.gz	/Users/mitchellparker/Desktop/rascore_build/pocket/4tq9B_6_pocket.pdb
4tqaA	4tqa	0	A	Y32out.2P-OFF	Y71in.2P-SP12	Y32out	Y71in	C 1 2 1 (CF4)	4tqaA1	1	GTPase KRas	RASK_HUMAN	P01116-2	G13D	G13	KRAS	2P	G13D	None	None	None	None	Multiple-Unbound	C 1 2 1	169	1-167	2014-06-10	Other	661.2906	0.0977	Unbound	Unbound	94,97,98,101,102,105,106,107,108,137	GDP,MG	None	None	None	None	None	None	None	None	None	None	GDP	MG	None	None	None	None	STP	XRAY	1.130	0.141	GMTEYKLVVVGAGDVGKSALTIQLIQNHFVDEYDPTIEDSYRKQVVIDGETCLLDILDTAGQEEYSAMRDQYMRTGEGFLCVFAINNTKSFEDIHHYREQIKRVKDSEDVPMVLVGNKCDLPSRTVDTKQAQDLARSYGIPFIETSAKTRQGVDDAFYTLVREIRKHKE	True	66.157	41.283	114.464	90.000	105.030	90.000	/Users/mitchellparker/Desktop/rascore_build/core/4tqaA_core.cif	/Users/mitchellparker/Desktop/rascore_build/rcsb/4tqa.cif.gz	/Users/mitchellparker/Desktop/rascore_build/renum/4tqa_renum.cif	/Users/mitchellparker/Desktop/rascore_build/rcsb_assembly/4tqa-assembly-2.cif.gz	/Users/mitchellparker/Desktop/rascore_build/renum_assembly/4tqa-assembly-2_renum.cif	/Users/mitchellparker/Desktop/rascore_build/sifts/4tqa.xml.gz	/Users/mitchellparker/Desktop/rascore_build/pocket/4tqaA_1_pocket.pdb
4tqaA	4tqa	0	A	Y32out.2P-OFF	Y71in.2P-SP12	Y32out	Y71in	C 1 2 1 (CF4)	4tqaA2	2	GTPase KRas	RASK_HUMAN	P01116-2	G13D	G13	KRAS	2P	G13D	None	None	None	None	Multiple-Unbound	C 1 2 1	169	1-167	2014-06-10	SP12	351.3544	0.0214	Unbound	Unbound	5,6,7,37,39,54,56,62,67,70,71,74	GDP,MG	None	None	None	None	None	None	None	None	None	None	GDP	MG	None	None	None	None	STP	XRAY	1.130	0.141	GMTEYKLVVVGAGDVGKSALTIQLIQNHFVDEYDPTIEDSYRKQVVIDGETCLLDILDTAGQEEYSAMRDQYMRTGEGFLCVFAINNTKSFEDIHHYREQIKRVKDSEDVPMVLVGNKCDLPSRTVDTKQAQDLARSYGIPFIETSAKTRQGVDDAFYTLVREIRKHKE	True	66.157	41.283	114.464	90.000	105.030	90.000	/Users/mitchellparker/Desktop/rascore_build/core/4tqaA_core.cif	/Users/mitchellparker/Desktop/rascore_build/rcsb/4tqa.cif.gz	/Users/mitchellparker/Desktop/rascore_build/renum/4tqa_renum.cif	/Users/mitchellparker/Desktop/rascore_build/rcsb_assembly/4tqa-assembly-2.cif.gz	/Users/mitchellparker/Desktop/rascore_build/renum_assembly/4tqa-assembly-2_renum.cif	/Users/mitchellparker/Desktop/rascore_build/sifts/4tqa.xml.gz	/Users/mitchellparker/Desktop/rascore_build/pocket/4tqaA_2_pocket.pdb
4tqaA	4tqa	0	A	Y32out.2P-OFF	Y71in.2P-SP12	Y32out	Y71in	C 1 2 1 (CF4)	4tqaA3	3	GTPase KRas	RASK_HUMAN	P01116-2	G13D	G13	KRAS	2P	G13D	None	None	None	None	Multiple-Unbound	C 1 2 1	169	1-167	2014-06-10	SP2	268.3075	0.0041	Unbound	Unbound	10,58,60,61,62,65,68,71,72,95,96,99	GDP,MG	None	None	None	None	None	None	None	None	None	None	GDP	MG	None	None	None	None	STP	XRAY	1.130	0.141	GMTEYKLVVVGAGDVGKSALTIQLIQNHFVDEYDPTIEDSYRKQVVIDGETCLLDILDTAGQEEYSAMRDQYMRTGEGFLCVFAINNTKSFEDIHHYREQIKRVKDSEDVPMVLVGNKCDLPSRTVDTKQAQDLARSYGIPFIETSAKTRQGVDDAFYTLVREIRKHKE	True	66.157	41.283	114.464	90.000	105.030	90.000	/Users/mitchellparker/Desktop/rascore_build/core/4tqaA_core.cif	/Users/mitchellparker/Desktop/rascore_build/rcsb/4tqa.cif.gz	/Users/mitchellparker/Desktop/rascore_build/renum/4tqa_renum.cif	/Users/mitchellparker/Desktop/rascore_build/rcsb_assembly/4tqa-assembly-2.cif.gz	/Users/mitchellparker/Desktop/rascore_build/renum_assembly/4tqa-assembly-2_renum.cif	/Users/mitchellparker/Desktop/rascore_build/sifts/4tqa.xml.gz	/Users/mitchellparker/Desktop/rascore_build/pocket/4tqaA_3_pocket.pdb
4tqaA	4tqa	0	A	Y32out.2P-OFF	Y71in.2P-SP12	Y32out	Y71in	C 1 2 1 (CF4)	4tqaA4	4	GTPase KRas	RASK_HUMAN	P01116-2	G13D	G13	KRAS	2P	G13D	None	None	None	None	Multiple-Unbound	C 1 2 1	169	1-167	2014-06-10	Other	441.1001	0.0396	Unbound	Unbound	73,74,75,76,103,104,106,108,110,163,166,167	GDP,MG	None	None	None	None	None	None	None	None	None	None	GDP	MG	None	None	None	None	STP	XRAY	1.130	0.141	GMTEYKLVVVGAGDVGKSALTIQLIQNHFVDEYDPTIEDSYRKQVVIDGETCLLDILDTAGQEEYSAMRDQYMRTGEGFLCVFAINNTKSFEDIHHYREQIKRVKDSEDVPMVLVGNKCDLPSRTVDTKQAQDLARSYGIPFIETSAKTRQGVDDAFYTLVREIRKHKE	True	66.157	41.283	114.464	90.000	105.030	90.000	/Users/mitchellparker/Desktop/rascore_build/core/4tqaA_core.cif	/Users/mitchellparker/Desktop/rascore_build/rcsb/4tqa.cif.gz	/Users/mitchellparker/Desktop/rascore_build/renum/4tqa_renum.cif	/Users/mitchellparker/Desktop/rascore_build/rcsb_assembly/4tqa-assembly-2.cif.gz	/Users/mitchellparker/Desktop/rascore_build/renum_assembly/4tqa-assembly-2_renum.cif	/Users/mitchellparker/Desktop/rascore_build/sifts/4tqa.xml.gz	/Users/mitchellparker/Desktop/rascore_build/pocket/4tqaA_4_pocket.pdb
4tqaA	4tqa	0	A	Y32out.2P-OFF	Y71in.2P-SP12	Y32out	Y71in	C 1 2 1 (CF4)	4tqaA5	5	GTPase KRas	RASK_HUMAN	P01116-2	G13D	G13	KRAS	2P	G13D	None	None	None	None	Multiple-Unbound	C 1 2 1	169	1-167	2014-06-10	Other	172.4817	0.0002	Unbound	Unbound	97,107,108,109,110,111,137,138,139,162,165,166	GDP,MG	None	None	None	None	None	None	None	None	None	None	GDP	MG	None	None	None	None	STP	XRAY	1.130	0.141	GMTEYKLVVVGAGDVGKSALTIQLIQNHFVDEYDPTIEDSYRKQVVIDGETCLLDILDTAGQEEYSAMRDQYMRTGEGFLCVFAINNTKSFEDIHHYREQIKRVKDSEDVPMVLVGNKCDLPSRTVDTKQAQDLARSYGIPFIETSAKTRQGVDDAFYTLVREIRKHKE	True	66.157	41.283	114.464	90.000	105.030	90.000	/Users/mitchellparker/Desktop/rascore_build/core/4tqaA_core.cif	/Users/mitchellparker/Desktop/rascore_build/rcsb/4tqa.cif.gz	/Users/mitchellparker/Desktop/rascore_build/renum/4tqa_renum.cif	/Users/mitchellparker/Desktop/rascore_build/rcsb_assembly/4tqa-assembly-2.cif.gz	/Users/mitchellparker/Desktop/rascore_build/renum_assembly/4tqa-assembly-2_renum.cif	/Users/mitchellparker/Desktop/rascore_build/sifts/4tqa.xml.gz	/Users/mitchellparker/Desktop/rascore_build/pocket/4tqaA_5_pocket.pdb
4tqaA	4tqa	0	A	Y32out.2P-OFF	Y71in.2P-SP12	Y32out	Y71in	C 1 2 1 (CF4)	4tqaA6	6	GTPase KRas	RASK_HUMAN	P01116-2	G13D	G13	KRAS	2P	G13D	None	None	None	None	Multiple-Unbound	C 1 2 1	169	1-167	2014-06-10	Other	385.4199	0.0015	Unbound	Unbound	68,69,73,95,98,99,102,103	GDP,MG	None	None	None	None	None	None	None	None	None	None	GDP	MG	None	None	None	None	STP	XRAY	1.130	0.141	GMTEYKLVVVGAGDVGKSALTIQLIQNHFVDEYDPTIEDSYRKQVVIDGETCLLDILDTAGQEEYSAMRDQYMRTGEGFLCVFAINNTKSFEDIHHYREQIKRVKDSEDVPMVLVGNKCDLPSRTVDTKQAQDLARSYGIPFIETSAKTRQGVDDAFYTLVREIRKHKE	True	66.157	41.283	114.464	90.000	105.030	90.000	/Users/mitchellparker/Desktop/rascore_build/core/4tqaA_core.cif	/Users/mitchellparker/Desktop/rascore_build/rcsb/4tqa.cif.gz	/Users/mitchellparker/Desktop/rascore_build/renum/4tqa_renum.cif	/Users/mitchellparker/Desktop/rascore_build/rcsb_assembly/4tqa-assembly-2.cif.gz	/Users/mitchellparker/Desktop/rascore_build/renum_assembly/4tqa-assembly-2_renum.cif	/Users/mitchellparker/Desktop/rascore_build/sifts/4tqa.xml.gz	/Users/mitchellparker/Desktop/rascore_build/pocket/4tqaA_6_pocket.pdb
4tqaB	4tqa	0	B	Y32out.2P-OFF	Y71in.2P-SP12	Y32out	Y71in	C 1 2 1 (CF4)	4tqaB1	1	GTPase KRas	RASK_HUMAN	P01116-2	G13D	G13	KRAS	2P	G13D	None	None	None	None	Multiple-Unbound	C 1 2 1	169	1-167	2014-06-10	Other	428.5197	0.1143	Unbound	Unbound	94,97,98,101,102,105,106,107,137	GDP,MG	None	None	None	None	None	None	None	None	None	None	GDP	MG	None	None	None	None	STP	XRAY	1.130	0.141	GMTEYKLVVVGAGDVGKSALTIQLIQNHFVDEYDPTIEDSYRKQVVIDGETCLLDILDTAGQEEYSAMRDQYMRTGEGFLCVFAINNTKSFEDIHHYREQIKRVKDSEDVPMVLVGNKCDLPSRTVDTKQAQDLARSYGIPFIETSAKTRQGVDDAFYTLVREIRKHKE	True	66.157	41.283	114.464	90.000	105.030	90.000	/Users/mitchellparker/Desktop/rascore_build/core/4tqaB_core.cif	/Users/mitchellparker/Desktop/rascore_build/rcsb/4tqa.cif.gz	/Users/mitchellparker/Desktop/rascore_build/renum/4tqa_renum.cif	/Users/mitchellparker/Desktop/rascore_build/rcsb_assembly/4tqa-assembly-2.cif.gz	/Users/mitchellparker/Desktop/rascore_build/renum_assembly/4tqa-assembly-2_renum.cif	/Users/mitchellparker/Desktop/rascore_build/sifts/4tqa.xml.gz	/Users/mitchellparker/Desktop/rascore_build/pocket/4tqaB_1_pocket.pdb
4tqaB	4tqa	0	B	Y32out.2P-OFF	Y71in.2P-SP12	Y32out	Y71in	C 1 2 1 (CF4)	4tqaB2	2	GTPase KRas	RASK_HUMAN	P01116-2	G13D	G13	KRAS	2P	G13D	None	None	None	None	Multiple-Unbound	C 1 2 1	169	1-167	2014-06-10	Other	413.5794	0.0091	Unbound	Unbound	73,74,75,76,103,104,106,108,110,163,166,167	GDP,MG	None	None	None	None	None	None	None	None	None	None	GDP	MG	None	None	None	None	STP	XRAY	1.130	0.141	GMTEYKLVVVGAGDVGKSALTIQLIQNHFVDEYDPTIEDSYRKQVVIDGETCLLDILDTAGQEEYSAMRDQYMRTGEGFLCVFAINNTKSFEDIHHYREQIKRVKDSEDVPMVLVGNKCDLPSRTVDTKQAQDLARSYGIPFIETSAKTRQGVDDAFYTLVREIRKHKE	True	66.157	41.283	114.464	90.000	105.030	90.000	/Users/mitchellparker/Desktop/rascore_build/core/4tqaB_core.cif	/Users/mitchellparker/Desktop/rascore_build/rcsb/4tqa.cif.gz	/Users/mitchellparker/Desktop/rascore_build/renum/4tqa_renum.cif	/Users/mitchellparker/Desktop/rascore_build/rcsb_assembly/4tqa-assembly-2.cif.gz	/Users/mitchellparker/Desktop/rascore_build/renum_assembly/4tqa-assembly-2_renum.cif	/Users/mitchellparker/Desktop/rascore_build/sifts/4tqa.xml.gz	/Users/mitchellparker/Desktop/rascore_build/pocket/4tqaB_2_pocket.pdb
4tqaB	4tqa	0	B	Y32out.2P-OFF	Y71in.2P-SP12	Y32out	Y71in	C 1 2 1 (CF4)	4tqaB3	3	GTPase KRas	RASK_HUMAN	P01116-2	G13D	G13	KRAS	2P	G13D	None	None	None	None	Multiple-Unbound	C 1 2 1	169	1-167	2014-06-10	Other	386.1154	0.0089	Unbound	Unbound	68,69,73,95,98,99,102,103	GDP,MG	None	None	None	None	None	None	None	None	None	None	GDP	MG	None	None	None	None	STP	XRAY	1.130	0.141	GMTEYKLVVVGAGDVGKSALTIQLIQNHFVDEYDPTIEDSYRKQVVIDGETCLLDILDTAGQEEYSAMRDQYMRTGEGFLCVFAINNTKSFEDIHHYREQIKRVKDSEDVPMVLVGNKCDLPSRTVDTKQAQDLARSYGIPFIETSAKTRQGVDDAFYTLVREIRKHKE	True	66.157	41.283	114.464	90.000	105.030	90.000	/Users/mitchellparker/Desktop/rascore_build/core/4tqaB_core.cif	/Users/mitchellparker/Desktop/rascore_build/rcsb/4tqa.cif.gz	/Users/mitchellparker/Desktop/rascore_build/renum/4tqa_renum.cif	/Users/mitchellparker/Desktop/rascore_build/rcsb_assembly/4tqa-assembly-2.cif.gz	/Users/mitchellparker/Desktop/rascore_build/renum_assembly/4tqa-assembly-2_renum.cif	/Users/mitchellparker/Desktop/rascore_build/sifts/4tqa.xml.gz	/Users/mitchellparker/Desktop/rascore_build/pocket/4tqaB_3_pocket.pdb
4tqaB	4tqa	0	B	Y32out.2P-OFF	Y71in.2P-SP12	Y32out	Y71in	C 1 2 1 (CF4)	4tqaB4	4	GTPase KRas	RASK_HUMAN	P01116-2	G13D	G13	KRAS	2P	G13D	None	None	None	None	Multiple-Unbound	C 1 2 1	169	1-167	2014-06-10	SP2	218.2985	0.0016	Unbound	Unbound	60,61,62,65,68,71,72,95,96,99	GDP,MG	None	None	None	None	None	None	None	None	None	None	GDP	MG	None	None	None	None	STP	XRAY	1.130	0.141	GMTEYKLVVVGAGDVGKSALTIQLIQNHFVDEYDPTIEDSYRKQVVIDGETCLLDILDTAGQEEYSAMRDQYMRTGEGFLCVFAINNTKSFEDIHHYREQIKRVKDSEDVPMVLVGNKCDLPSRTVDTKQAQDLARSYGIPFIETSAKTRQGVDDAFYTLVREIRKHKE	True	66.157	41.283	114.464	90.000	105.030	90.000	/Users/mitchellparker/Desktop/rascore_build/core/4tqaB_core.cif	/Users/mitchellparker/Desktop/rascore_build/rcsb/4tqa.cif.gz	/Users/mitchellparker/Desktop/rascore_build/renum/4tqa_renum.cif	/Users/mitchellparker/Desktop/rascore_build/rcsb_assembly/4tqa-assembly-2.cif.gz	/Users/mitchellparker/Desktop/rascore_build/renum_assembly/4tqa-assembly-2_renum.cif	/Users/mitchellparker/Desktop/rascore_build/sifts/4tqa.xml.gz	/Users/mitchellparker/Desktop/rascore_build/pocket/4tqaB_4_pocket.pdb
4tqaB	4tqa	0	B	Y32out.2P-OFF	Y71in.2P-SP12	Y32out	Y71in	C 1 2 1 (CF4)	4tqaB5	5	GTPase KRas	RASK_HUMAN	P01116-2	G13D	G13	KRAS	2P	G13D	None	None	None	None	Multiple-Unbound	C 1 2 1	169	1-167	2014-06-10	Other	205.0540	0.0003	Unbound	Unbound	97,108,109,110,111,137,138,139,162,165,166	GDP,MG	None	None	None	None	None	None	None	None	None	None	GDP	MG	None	None	None	None	STP	XRAY	1.130	0.141	GMTEYKLVVVGAGDVGKSALTIQLIQNHFVDEYDPTIEDSYRKQVVIDGETCLLDILDTAGQEEYSAMRDQYMRTGEGFLCVFAINNTKSFEDIHHYREQIKRVKDSEDVPMVLVGNKCDLPSRTVDTKQAQDLARSYGIPFIETSAKTRQGVDDAFYTLVREIRKHKE	True	66.157	41.283	114.464	90.000	105.030	90.000	/Users/mitchellparker/Desktop/rascore_build/core/4tqaB_core.cif	/Users/mitchellparker/Desktop/rascore_build/rcsb/4tqa.cif.gz	/Users/mitchellparker/Desktop/rascore_build/renum/4tqa_renum.cif	/Users/mitchellparker/Desktop/rascore_build/rcsb_assembly/4tqa-assembly-2.cif.gz	/Users/mitchellparker/Desktop/rascore_build/renum_assembly/4tqa-assembly-2_renum.cif	/Users/mitchellparker/Desktop/rascore_build/sifts/4tqa.xml.gz	/Users/mitchellparker/Desktop/rascore_build/pocket/4tqaB_5_pocket.pdb
4tqaB	4tqa	0	B	Y32out.2P-OFF	Y71in.2P-SP12	Y32out	Y71in	C 1 2 1 (CF4)	4tqaB6	6	GTPase KRas	RASK_HUMAN	P01116-2	G13D	G13	KRAS	2P	G13D	None	None	None	None	Multiple-Unbound	C 1 2 1	169	1-167	2014-06-10	Other	269.0701	0.2739	Unbound	Unbound	90,94,129,132,133,136	GDP,MG	None	None	None	None	None	None	None	None	None	None	GDP	MG	None	None	None	None	STP	XRAY	1.130	0.141	GMTEYKLVVVGAGDVGKSALTIQLIQNHFVDEYDPTIEDSYRKQVVIDGETCLLDILDTAGQEEYSAMRDQYMRTGEGFLCVFAINNTKSFEDIHHYREQIKRVKDSEDVPMVLVGNKCDLPSRTVDTKQAQDLARSYGIPFIETSAKTRQGVDDAFYTLVREIRKHKE	True	66.157	41.283	114.464	90.000	105.030	90.000	/Users/mitchellparker/Desktop/rascore_build/core/4tqaB_core.cif	/Users/mitchellparker/Desktop/rascore_build/rcsb/4tqa.cif.gz	/Users/mitchellparker/Desktop/rascore_build/renum/4tqa_renum.cif	/Users/mitchellparker/Desktop/rascore_build/rcsb_assembly/4tqa-assembly-2.cif.gz	/Users/mitchellparker/Desktop/rascore_build/renum_assembly/4tqa-assembly-2_renum.cif	/Users/mitchellparker/Desktop/rascore_build/sifts/4tqa.xml.gz	/Users/mitchellparker/Desktop/rascore_build/pocket/4tqaB_6_pocket.pdb
4tqaB	4tqa	0	B	Y32out.2P-OFF	Y71in.2P-SP12	Y32out	Y71in	C 1 2 1 (CF4)	4tqaB7	7	GTPase KRas	RASK_HUMAN	P01116-2	G13D	G13	KRAS	2P	G13D	None	None	None	None	Multiple-Unbound	C 1 2 1	169	1-167	2014-06-10	SP12	147.2500	0.0149	Unbound	Unbound	5,6,7,39,54,56,71,74	GDP,MG	None	None	None	None	None	None	None	None	None	None	GDP	MG	None	None	None	None	STP	XRAY	1.130	0.141	GMTEYKLVVVGAGDVGKSALTIQLIQNHFVDEYDPTIEDSYRKQVVIDGETCLLDILDTAGQEEYSAMRDQYMRTGEGFLCVFAINNTKSFEDIHHYREQIKRVKDSEDVPMVLVGNKCDLPSRTVDTKQAQDLARSYGIPFIETSAKTRQGVDDAFYTLVREIRKHKE	True	66.157	41.283	114.464	90.000	105.030	90.000	/Users/mitchellparker/Desktop/rascore_build/core/4tqaB_core.cif	/Users/mitchellparker/Desktop/rascore_build/rcsb/4tqa.cif.gz	/Users/mitchellparker/Desktop/rascore_build/renum/4tqa_renum.cif	/Users/mitchellparker/Desktop/rascore_build/rcsb_assembly/4tqa-assembly-2.cif.gz	/Users/mitchellparker/Desktop/rascore_build/renum_assembly/4tqa-assembly-2_renum.cif	/Users/mitchellparker/Desktop/rascore_build/sifts/4tqa.xml.gz	/Users/mitchellparker/Desktop/rascore_build/pocket/4tqaB_7_pocket.pdb
4uruR	4uru	0	R	Outlier	Y71out.0P-GEF	Y32out	Y71out	I 4 2 2 (CF1)	4uruR1	1	GTPase HRas	RASH_HUMAN	P01112	WT	WT	HRAS	0P	WT	None	None	GEF.CDC25	None	SP2-Unbound	I 4 2 2	185	1-166	2014-07-02	SP2	239.7607	0.0679	Unbound	Unbound	7,8,9,10,16,58,61,62,64,68,71,72,96	None	Son of sevenless homolog 1	None	S:60,13,63,64,65,66,70,67,73,69,102,103,40,54,55,71,61,59,58,57,34,32,21,17,15,30,31,25,68,95,105,56	SOS1_HUMAN	None	None	None	RasGEF	None	S	None	None	None	None	None	None	STP	XRAY	2.830	0.192	MHHHHHHGGGENLYFQGSHMTEYKLVVVGAGGVGKSALTIQLIQNHFVDEYDPTIEDSYRKQVVIDGETCLLDILDTAGQEEYSAMRDQYMRTGEGFLCVFAINNTKSFEDIHQYREQIKRVKDSDDVPMVLVGNKCDLAARTVESRQAQDLARSYGIPYIETSAKTRQGVEDAFYTLVREIRQH	True	149.282	149.282	200.517	90.00	90.00	90.00	/Users/mitchellparker/Desktop/rascore_build/core/4uruR_core.cif	/Users/mitchellparker/Desktop/rascore_build/rcsb/4uru.cif.gz	/Users/mitchellparker/Desktop/rascore_build/renum/4uru_renum.cif	/Users/mitchellparker/Desktop/rascore_build/rcsb_assembly/4uru-assembly-1.cif.gz	/Users/mitchellparker/Desktop/rascore_build/renum_assembly/4uru-assembly-1_renum.cif	/Users/mitchellparker/Desktop/rascore_build/sifts/4uru.xml.gz	/Users/mitchellparker/Desktop/rascore_build/pocket/4uruR_1_pocket.pdb
4uruR	4uru	0	R	Outlier	Y71out.0P-GEF	Y32out	Y71out	I 4 2 2 (CF1)	4uruR2	2	GTPase HRas	RASH_HUMAN	P01112	WT	WT	HRAS	0P	WT	None	None	GEF.CDC25	None	SP2-Unbound	I 4 2 2	185	1-166	2014-07-02	Other	206.9446	0.0048	Unbound	Unbound	24,25,29,31,32,33,36,38,39	None	Son of sevenless homolog 1	None	S:60,13,63,64,65,66,70,67,73,69,102,103,40,54,55,71,61,59,58,57,34,32,21,17,15,30,31,25,68,95,105,56	SOS1_HUMAN	None	None	None	RasGEF	None	S	None	None	None	None	None	None	STP	XRAY	2.830	0.192	MHHHHHHGGGENLYFQGSHMTEYKLVVVGAGGVGKSALTIQLIQNHFVDEYDPTIEDSYRKQVVIDGETCLLDILDTAGQEEYSAMRDQYMRTGEGFLCVFAINNTKSFEDIHQYREQIKRVKDSDDVPMVLVGNKCDLAARTVESRQAQDLARSYGIPYIETSAKTRQGVEDAFYTLVREIRQH	True	149.282	149.282	200.517	90.00	90.00	90.00	/Users/mitchellparker/Desktop/rascore_build/core/4uruR_core.cif	/Users/mitchellparker/Desktop/rascore_build/rcsb/4uru.cif.gz	/Users/mitchellparker/Desktop/rascore_build/renum/4uru_renum.cif	/Users/mitchellparker/Desktop/rascore_build/rcsb_assembly/4uru-assembly-1.cif.gz	/Users/mitchellparker/Desktop/rascore_build/renum_assembly/4uru-assembly-1_renum.cif	/Users/mitchellparker/Desktop/rascore_build/sifts/4uru.xml.gz	/Users/mitchellparker/Desktop/rascore_build/pocket/4uruR_2_pocket.pdb
4uruR	4uru	0	R	Outlier	Y71out.0P-GEF	Y32out	Y71out	I 4 2 2 (CF1)	4uruR3	3	GTPase HRas	RASH_HUMAN	P01112	WT	WT	HRAS	0P	WT	None	None	GEF.CDC25	None	SP2-Unbound	I 4 2 2	185	1-166	2014-07-02	Other	407.9497	0.0009	Unbound	Unbound	22,23,27,42,148,149,150,152,153,157	None	Son of sevenless homolog 1	None	S:60,13,63,64,65,66,70,67,73,69,102,103,40,54,55,71,61,59,58,57,34,32,21,17,15,30,31,25,68,95,105,56	SOS1_HUMAN	None	None	None	RasGEF	None	S	None	None	None	None	None	None	STP	XRAY	2.830	0.192	MHHHHHHGGGENLYFQGSHMTEYKLVVVGAGGVGKSALTIQLIQNHFVDEYDPTIEDSYRKQVVIDGETCLLDILDTAGQEEYSAMRDQYMRTGEGFLCVFAINNTKSFEDIHQYREQIKRVKDSDDVPMVLVGNKCDLAARTVESRQAQDLARSYGIPYIETSAKTRQGVEDAFYTLVREIRQH	True	149.282	149.282	200.517	90.00	90.00	90.00	/Users/mitchellparker/Desktop/rascore_build/core/4uruR_core.cif	/Users/mitchellparker/Desktop/rascore_build/rcsb/4uru.cif.gz	/Users/mitchellparker/Desktop/rascore_build/renum/4uru_renum.cif	/Users/mitchellparker/Desktop/rascore_build/rcsb_assembly/4uru-assembly-1.cif.gz	/Users/mitchellparker/Desktop/rascore_build/renum_assembly/4uru-assembly-1_renum.cif	/Users/mitchellparker/Desktop/rascore_build/sifts/4uru.xml.gz	/Users/mitchellparker/Desktop/rascore_build/pocket/4uruR_3_pocket.pdb
4uruR	4uru	0	R	Outlier	Y71out.0P-GEF	Y32out	Y71out	I 4 2 2 (CF1)	4uruR4	4	GTPase HRas	RASH_HUMAN	P01112	WT	WT	HRAS	0P	WT	None	None	GEF.CDC25	None	SP2-Unbound	I 4 2 2	185	1-166	2014-07-02	Other	153.5253	0.0002	Unbound	Unbound	117,143,144,145,150	None	Son of sevenless homolog 1	None	S:60,13,63,64,65,66,70,67,73,69,102,103,40,54,55,71,61,59,58,57,34,32,21,17,15,30,31,25,68,95,105,56	SOS1_HUMAN	None	None	None	RasGEF	None	S	None	None	None	None	None	None	STP	XRAY	2.830	0.192	MHHHHHHGGGENLYFQGSHMTEYKLVVVGAGGVGKSALTIQLIQNHFVDEYDPTIEDSYRKQVVIDGETCLLDILDTAGQEEYSAMRDQYMRTGEGFLCVFAINNTKSFEDIHQYREQIKRVKDSDDVPMVLVGNKCDLAARTVESRQAQDLARSYGIPYIETSAKTRQGVEDAFYTLVREIRQH	True	149.282	149.282	200.517	90.00	90.00	90.00	/Users/mitchellparker/Desktop/rascore_build/core/4uruR_core.cif	/Users/mitchellparker/Desktop/rascore_build/rcsb/4uru.cif.gz	/Users/mitchellparker/Desktop/rascore_build/renum/4uru_renum.cif	/Users/mitchellparker/Desktop/rascore_build/rcsb_assembly/4uru-assembly-1.cif.gz	/Users/mitchellparker/Desktop/rascore_build/renum_assembly/4uru-assembly-1_renum.cif	/Users/mitchellparker/Desktop/rascore_build/sifts/4uru.xml.gz	/Users/mitchellparker/Desktop/rascore_build/pocket/4uruR_4_pocket.pdb
4uruR	4uru	0	R	Outlier	Y71out.0P-GEF	Y32out	Y71out	I 4 2 2 (CF1)	4uruR5	5	GTPase HRas	RASH_HUMAN	P01112	WT	WT	HRAS	0P	WT	None	None	GEF.CDC25	None	SP2-Unbound	I 4 2 2	185	1-166	2014-07-02	Other	303.9419	0.0092	Unbound	Unbound	76,104,106,108,109,110,163,166	None	Son of sevenless homolog 1	None	S:60,13,63,64,65,66,70,67,73,69,102,103,40,54,55,71,61,59,58,57,34,32,21,17,15,30,31,25,68,95,105,56	SOS1_HUMAN	None	None	None	RasGEF	None	S	None	None	None	None	None	None	STP	XRAY	2.830	0.192	MHHHHHHGGGENLYFQGSHMTEYKLVVVGAGGVGKSALTIQLIQNHFVDEYDPTIEDSYRKQVVIDGETCLLDILDTAGQEEYSAMRDQYMRTGEGFLCVFAINNTKSFEDIHQYREQIKRVKDSDDVPMVLVGNKCDLAARTVESRQAQDLARSYGIPYIETSAKTRQGVEDAFYTLVREIRQH	True	149.282	149.282	200.517	90.00	90.00	90.00	/Users/mitchellparker/Desktop/rascore_build/core/4uruR_core.cif	/Users/mitchellparker/Desktop/rascore_build/rcsb/4uru.cif.gz	/Users/mitchellparker/Desktop/rascore_build/renum/4uru_renum.cif	/Users/mitchellparker/Desktop/rascore_build/rcsb_assembly/4uru-assembly-1.cif.gz	/Users/mitchellparker/Desktop/rascore_build/renum_assembly/4uru-assembly-1_renum.cif	/Users/mitchellparker/Desktop/rascore_build/sifts/4uru.xml.gz	/Users/mitchellparker/Desktop/rascore_build/pocket/4uruR_5_pocket.pdb
4uruR	4uru	0	R	Outlier	Y71out.0P-GEF	Y32out	Y71out	I 4 2 2 (CF1)	4uruR6	6	GTPase HRas	RASH_HUMAN	P01112	WT	WT	HRAS	0P	WT	None	None	GEF.CDC25	None	SP2-Unbound	I 4 2 2	185	1-166	2014-07-02	Other	175.6179	0.0003	Unbound	Unbound	128,131,132,135	None	Son of sevenless homolog 1	None	S:60,13,63,64,65,66,70,67,73,69,102,103,40,54,55,71,61,59,58,57,34,32,21,17,15,30,31,25,68,95,105,56	SOS1_HUMAN	None	None	None	RasGEF	None	S	None	None	None	None	None	None	STP	XRAY	2.830	0.192	MHHHHHHGGGENLYFQGSHMTEYKLVVVGAGGVGKSALTIQLIQNHFVDEYDPTIEDSYRKQVVIDGETCLLDILDTAGQEEYSAMRDQYMRTGEGFLCVFAINNTKSFEDIHQYREQIKRVKDSDDVPMVLVGNKCDLAARTVESRQAQDLARSYGIPYIETSAKTRQGVEDAFYTLVREIRQH	True	149.282	149.282	200.517	90.00	90.00	90.00	/Users/mitchellparker/Desktop/rascore_build/core/4uruR_core.cif	/Users/mitchellparker/Desktop/rascore_build/rcsb/4uru.cif.gz	/Users/mitchellparker/Desktop/rascore_build/renum/4uru_renum.cif	/Users/mitchellparker/Desktop/rascore_build/rcsb_assembly/4uru-assembly-1.cif.gz	/Users/mitchellparker/Desktop/rascore_build/renum_assembly/4uru-assembly-1_renum.cif	/Users/mitchellparker/Desktop/rascore_build/sifts/4uru.xml.gz	/Users/mitchellparker/Desktop/rascore_build/pocket/4uruR_6_pocket.pdb
4uruR	4uru	0	R	Outlier	Y71out.0P-GEF	Y32out	Y71out	I 4 2 2 (CF1)	4uruR7	7	GTPase HRas	RASH_HUMAN	P01112	WT	WT	HRAS	0P	WT	None	None	GEF.CDC25	None	SP2-Unbound	I 4 2 2	185	1-166	2014-07-02	Other	367.3468	0.0001	Unbound	Unbound	131,134,135,138,139,140,141,162	None	Son of sevenless homolog 1	None	S:60,13,63,64,65,66,70,67,73,69,102,103,40,54,55,71,61,59,58,57,34,32,21,17,15,30,31,25,68,95,105,56	SOS1_HUMAN	None	None	None	RasGEF	None	S	None	None	None	None	None	None	STP	XRAY	2.830	0.192	MHHHHHHGGGENLYFQGSHMTEYKLVVVGAGGVGKSALTIQLIQNHFVDEYDPTIEDSYRKQVVIDGETCLLDILDTAGQEEYSAMRDQYMRTGEGFLCVFAINNTKSFEDIHQYREQIKRVKDSDDVPMVLVGNKCDLAARTVESRQAQDLARSYGIPYIETSAKTRQGVEDAFYTLVREIRQH	True	149.282	149.282	200.517	90.00	90.00	90.00	/Users/mitchellparker/Desktop/rascore_build/core/4uruR_core.cif	/Users/mitchellparker/Desktop/rascore_build/rcsb/4uru.cif.gz	/Users/mitchellparker/Desktop/rascore_build/renum/4uru_renum.cif	/Users/mitchellparker/Desktop/rascore_build/rcsb_assembly/4uru-assembly-1.cif.gz	/Users/mitchellparker/Desktop/rascore_build/renum_assembly/4uru-assembly-1_renum.cif	/Users/mitchellparker/Desktop/rascore_build/sifts/4uru.xml.gz	/Users/mitchellparker/Desktop/rascore_build/pocket/4uruR_7_pocket.pdb
4urvR	4urv	0	R	Outlier	Y71out.0P-GEF	Y32out	Y71out	I 4 2 2 (CF1)	4urvR1	1	GTPase HRas	RASH_HUMAN	P01112	WT	WT	HRAS	0P	WT	None	None	GEF.CDC25	None	SP2-Unbound	I 4 2 2	185	1-166	2014-07-02	SP2	245.1559	0.1209	Unbound	Unbound	7,8,9,10,16,58,61,62,64,68,71,72,96	FMT	Son of sevenless homolog 1	None	S:60,13,63,64,65,66,70,67,73,69,102,103,40,56,54,55,71,61,59,58,57,34,32,21,17,15,30,25,31,68,95,105,12,74	SOS1_HUMAN	None	None	None	RasGEF	None	S	None	None	None	FMT	None	None	STP	XRAY	2.580	0.195	MHHHHHHGGGENLYFQGSHMTEYKLVVVGAGGVGKSALTIQLIQNHFVDEYDPTIEDSYRKQVVIDGETCLLDILDTAGQEEYSAMRDQYMRTGEGFLCVFAINNTKSFEDIHQYREQIKRVKDSDDVPMVLVGNKCDLAARTVESRQAQDLARSYGIPYIETSAKTRQGVEDAFYTLVREIRQH	True	149.900	149.900	200.200	90.00	90.00	90.00	/Users/mitchellparker/Desktop/rascore_build/core/4urvR_core.cif	/Users/mitchellparker/Desktop/rascore_build/rcsb/4urv.cif.gz	/Users/mitchellparker/Desktop/rascore_build/renum/4urv_renum.cif	/Users/mitchellparker/Desktop/rascore_build/rcsb_assembly/4urv-assembly-1.cif.gz	/Users/mitchellparker/Desktop/rascore_build/renum_assembly/4urv-assembly-1_renum.cif	/Users/mitchellparker/Desktop/rascore_build/sifts/4urv.xml.gz	/Users/mitchellparker/Desktop/rascore_build/pocket/4urvR_1_pocket.pdb
4urvR	4urv	0	R	Outlier	Y71out.0P-GEF	Y32out	Y71out	I 4 2 2 (CF1)	4urvR2	2	GTPase HRas	RASH_HUMAN	P01112	WT	WT	HRAS	0P	WT	None	None	GEF.CDC25	None	SP2-Unbound	I 4 2 2	185	1-166	2014-07-02	Other	229.3910	0.0013	Unbound	Unbound	22,23,25,42,149,152,153,157	FMT	Son of sevenless homolog 1	None	S:60,13,63,64,65,66,70,67,73,69,102,103,40,56,54,55,71,61,59,58,57,34,32,21,17,15,30,25,31,68,95,105,12,74	SOS1_HUMAN	None	None	None	RasGEF	None	S	None	None	None	FMT	None	None	STP	XRAY	2.580	0.195	MHHHHHHGGGENLYFQGSHMTEYKLVVVGAGGVGKSALTIQLIQNHFVDEYDPTIEDSYRKQVVIDGETCLLDILDTAGQEEYSAMRDQYMRTGEGFLCVFAINNTKSFEDIHQYREQIKRVKDSDDVPMVLVGNKCDLAARTVESRQAQDLARSYGIPYIETSAKTRQGVEDAFYTLVREIRQH	True	149.900	149.900	200.200	90.00	90.00	90.00	/Users/mitchellparker/Desktop/rascore_build/core/4urvR_core.cif	/Users/mitchellparker/Desktop/rascore_build/rcsb/4urv.cif.gz	/Users/mitchellparker/Desktop/rascore_build/renum/4urv_renum.cif	/Users/mitchellparker/Desktop/rascore_build/rcsb_assembly/4urv-assembly-1.cif.gz	/Users/mitchellparker/Desktop/rascore_build/renum_assembly/4urv-assembly-1_renum.cif	/Users/mitchellparker/Desktop/rascore_build/sifts/4urv.xml.gz	/Users/mitchellparker/Desktop/rascore_build/pocket/4urvR_2_pocket.pdb
4urvR	4urv	0	R	Outlier	Y71out.0P-GEF	Y32out	Y71out	I 4 2 2 (CF1)	4urvR3	3	GTPase HRas	RASH_HUMAN	P01112	WT	WT	HRAS	0P	WT	None	None	GEF.CDC25	None	SP2-Unbound	I 4 2 2	185	1-166	2014-07-02	Other	146.1143	0.0018	Unbound	Unbound	24,25,31,32,33,36,38,39	FMT	Son of sevenless homolog 1	None	S:60,13,63,64,65,66,70,67,73,69,102,103,40,56,54,55,71,61,59,58,57,34,32,21,17,15,30,25,31,68,95,105,12,74	SOS1_HUMAN	None	None	None	RasGEF	None	S	None	None	None	FMT	None	None	STP	XRAY	2.580	0.195	MHHHHHHGGGENLYFQGSHMTEYKLVVVGAGGVGKSALTIQLIQNHFVDEYDPTIEDSYRKQVVIDGETCLLDILDTAGQEEYSAMRDQYMRTGEGFLCVFAINNTKSFEDIHQYREQIKRVKDSDDVPMVLVGNKCDLAARTVESRQAQDLARSYGIPYIETSAKTRQGVEDAFYTLVREIRQH	True	149.900	149.900	200.200	90.00	90.00	90.00	/Users/mitchellparker/Desktop/rascore_build/core/4urvR_core.cif	/Users/mitchellparker/Desktop/rascore_build/rcsb/4urv.cif.gz	/Users/mitchellparker/Desktop/rascore_build/renum/4urv_renum.cif	/Users/mitchellparker/Desktop/rascore_build/rcsb_assembly/4urv-assembly-1.cif.gz	/Users/mitchellparker/Desktop/rascore_build/renum_assembly/4urv-assembly-1_renum.cif	/Users/mitchellparker/Desktop/rascore_build/sifts/4urv.xml.gz	/Users/mitchellparker/Desktop/rascore_build/pocket/4urvR_3_pocket.pdb
4urvR	4urv	0	R	Outlier	Y71out.0P-GEF	Y32out	Y71out	I 4 2 2 (CF1)	4urvR4	4	GTPase HRas	RASH_HUMAN	P01112	WT	WT	HRAS	0P	WT	None	None	GEF.CDC25	None	SP2-Unbound	I 4 2 2	185	1-166	2014-07-02	Other	163.8118	0.0002	Unbound	Unbound	108,109,110,138,139,162,165,166	FMT	Son of sevenless homolog 1	None	S:60,13,63,64,65,66,70,67,73,69,102,103,40,56,54,55,71,61,59,58,57,34,32,21,17,15,30,25,31,68,95,105,12,74	SOS1_HUMAN	None	None	None	RasGEF	None	S	None	None	None	FMT	None	None	STP	XRAY	2.580	0.195	MHHHHHHGGGENLYFQGSHMTEYKLVVVGAGGVGKSALTIQLIQNHFVDEYDPTIEDSYRKQVVIDGETCLLDILDTAGQEEYSAMRDQYMRTGEGFLCVFAINNTKSFEDIHQYREQIKRVKDSDDVPMVLVGNKCDLAARTVESRQAQDLARSYGIPYIETSAKTRQGVEDAFYTLVREIRQH	True	149.900	149.900	200.200	90.00	90.00	90.00	/Users/mitchellparker/Desktop/rascore_build/core/4urvR_core.cif	/Users/mitchellparker/Desktop/rascore_build/rcsb/4urv.cif.gz	/Users/mitchellparker/Desktop/rascore_build/renum/4urv_renum.cif	/Users/mitchellparker/Desktop/rascore_build/rcsb_assembly/4urv-assembly-1.cif.gz	/Users/mitchellparker/Desktop/rascore_build/renum_assembly/4urv-assembly-1_renum.cif	/Users/mitchellparker/Desktop/rascore_build/sifts/4urv.xml.gz	/Users/mitchellparker/Desktop/rascore_build/pocket/4urvR_4_pocket.pdb
4urvR	4urv	0	R	Outlier	Y71out.0P-GEF	Y32out	Y71out	I 4 2 2 (CF1)	4urvR5	5	GTPase HRas	RASH_HUMAN	P01112	WT	WT	HRAS	0P	WT	None	None	GEF.CDC25	None	SP2-Unbound	I 4 2 2	185	1-166	2014-07-02	Other	160.0339	0.0002	Unbound	Unbound	117,143,144,145,150	FMT	Son of sevenless homolog 1	None	S:60,13,63,64,65,66,70,67,73,69,102,103,40,56,54,55,71,61,59,58,57,34,32,21,17,15,30,25,31,68,95,105,12,74	SOS1_HUMAN	None	None	None	RasGEF	None	S	None	None	None	FMT	None	None	STP	XRAY	2.580	0.195	MHHHHHHGGGENLYFQGSHMTEYKLVVVGAGGVGKSALTIQLIQNHFVDEYDPTIEDSYRKQVVIDGETCLLDILDTAGQEEYSAMRDQYMRTGEGFLCVFAINNTKSFEDIHQYREQIKRVKDSDDVPMVLVGNKCDLAARTVESRQAQDLARSYGIPYIETSAKTRQGVEDAFYTLVREIRQH	True	149.900	149.900	200.200	90.00	90.00	90.00	/Users/mitchellparker/Desktop/rascore_build/core/4urvR_core.cif	/Users/mitchellparker/Desktop/rascore_build/rcsb/4urv.cif.gz	/Users/mitchellparker/Desktop/rascore_build/renum/4urv_renum.cif	/Users/mitchellparker/Desktop/rascore_build/rcsb_assembly/4urv-assembly-1.cif.gz	/Users/mitchellparker/Desktop/rascore_build/renum_assembly/4urv-assembly-1_renum.cif	/Users/mitchellparker/Desktop/rascore_build/sifts/4urv.xml.gz	/Users/mitchellparker/Desktop/rascore_build/pocket/4urvR_5_pocket.pdb
4urvR	4urv	0	R	Outlier	Y71out.0P-GEF	Y32out	Y71out	I 4 2 2 (CF1)	4urvR6	6	GTPase HRas	RASH_HUMAN	P01112	WT	WT	HRAS	0P	WT	None	None	GEF.CDC25	None	SP2-Unbound	I 4 2 2	185	1-166	2014-07-02	Other	228.2396	0.0000	Unbound	Unbound	135,138,139,140,162	FMT	Son of sevenless homolog 1	None	S:60,13,63,64,65,66,70,67,73,69,102,103,40,56,54,55,71,61,59,58,57,34,32,21,17,15,30,25,31,68,95,105,12,74	SOS1_HUMAN	None	None	None	RasGEF	None	S	None	None	None	FMT	None	None	STP	XRAY	2.580	0.195	MHHHHHHGGGENLYFQGSHMTEYKLVVVGAGGVGKSALTIQLIQNHFVDEYDPTIEDSYRKQVVIDGETCLLDILDTAGQEEYSAMRDQYMRTGEGFLCVFAINNTKSFEDIHQYREQIKRVKDSDDVPMVLVGNKCDLAARTVESRQAQDLARSYGIPYIETSAKTRQGVEDAFYTLVREIRQH	True	149.900	149.900	200.200	90.00	90.00	90.00	/Users/mitchellparker/Desktop/rascore_build/core/4urvR_core.cif	/Users/mitchellparker/Desktop/rascore_build/rcsb/4urv.cif.gz	/Users/mitchellparker/Desktop/rascore_build/renum/4urv_renum.cif	/Users/mitchellparker/Desktop/rascore_build/rcsb_assembly/4urv-assembly-1.cif.gz	/Users/mitchellparker/Desktop/rascore_build/renum_assembly/4urv-assembly-1_renum.cif	/Users/mitchellparker/Desktop/rascore_build/sifts/4urv.xml.gz	/Users/mitchellparker/Desktop/rascore_build/pocket/4urvR_6_pocket.pdb
4urwR	4urw	0	R	Outlier	Y71out.0P-GEF	Y32out	Y71out	I 4 2 2 (CF1)	4urwR1	1	GTPase HRas	RASH_HUMAN	P01112	WT	WT	HRAS	0P	WT	None	None	GEF.CDC25	None	SP2-Unbound	I 4 2 2	185	1-166	2014-07-02	SP2	268.0846	0.0210	Unbound	Unbound	7,8,9,10,16,56,58,61,62,64,68,71,72,96	None	Son of sevenless homolog 1	None	S:31,60,13,63,64,65,66,70,67,73,69,102,103,40,56,54,55,71,61,59,58,57,34,35,32,21,17,15,30,25,33,68,95,105,74	SOS1_HUMAN	None	None	None	RasGEF	None	S	None	None	None	None	None	None	STP	XRAY	2.760	0.184	MHHHHHHGGGENLYFQGSHMTEYKLVVVGAGGVGKSALTIQLIQNHFVDEYDPTIEDSYRKQVVIDGETCLLDILDTAGQEEYSAMRDQYMRTGEGFLCVFAINNTKSFEDIHQYREQIKRVKDSDDVPMVLVGNKCDLAARTVESRQAQDLARSYGIPYIETSAKTRQGVEDAFYTLVREIRQH	True	149.411	149.411	200.344	90.00	90.00	90.00	/Users/mitchellparker/Desktop/rascore_build/core/4urwR_core.cif	/Users/mitchellparker/Desktop/rascore_build/rcsb/4urw.cif.gz	/Users/mitchellparker/Desktop/rascore_build/renum/4urw_renum.cif	/Users/mitchellparker/Desktop/rascore_build/rcsb_assembly/4urw-assembly-1.cif.gz	/Users/mitchellparker/Desktop/rascore_build/renum_assembly/4urw-assembly-1_renum.cif	/Users/mitchellparker/Desktop/rascore_build/sifts/4urw.xml.gz	/Users/mitchellparker/Desktop/rascore_build/pocket/4urwR_1_pocket.pdb
4urwR	4urw	0	R	Outlier	Y71out.0P-GEF	Y32out	Y71out	I 4 2 2 (CF1)	4urwR2	2	GTPase HRas	RASH_HUMAN	P01112	WT	WT	HRAS	0P	WT	None	None	GEF.CDC25	None	SP2-Unbound	I 4 2 2	185	1-166	2014-07-02	Other	218.1341	0.0004	Unbound	Unbound	97,107,108,109,110,137,138,139,162,165,166	None	Son of sevenless homolog 1	None	S:31,60,13,63,64,65,66,70,67,73,69,102,103,40,56,54,55,71,61,59,58,57,34,35,32,21,17,15,30,25,33,68,95,105,74	SOS1_HUMAN	None	None	None	RasGEF	None	S	None	None	None	None	None	None	STP	XRAY	2.760	0.184	MHHHHHHGGGENLYFQGSHMTEYKLVVVGAGGVGKSALTIQLIQNHFVDEYDPTIEDSYRKQVVIDGETCLLDILDTAGQEEYSAMRDQYMRTGEGFLCVFAINNTKSFEDIHQYREQIKRVKDSDDVPMVLVGNKCDLAARTVESRQAQDLARSYGIPYIETSAKTRQGVEDAFYTLVREIRQH	True	149.411	149.411	200.344	90.00	90.00	90.00	/Users/mitchellparker/Desktop/rascore_build/core/4urwR_core.cif	/Users/mitchellparker/Desktop/rascore_build/rcsb/4urw.cif.gz	/Users/mitchellparker/Desktop/rascore_build/renum/4urw_renum.cif	/Users/mitchellparker/Desktop/rascore_build/rcsb_assembly/4urw-assembly-1.cif.gz	/Users/mitchellparker/Desktop/rascore_build/renum_assembly/4urw-assembly-1_renum.cif	/Users/mitchellparker/Desktop/rascore_build/sifts/4urw.xml.gz	/Users/mitchellparker/Desktop/rascore_build/pocket/4urwR_2_pocket.pdb
4urwR	4urw	0	R	Outlier	Y71out.0P-GEF	Y32out	Y71out	I 4 2 2 (CF1)	4urwR3	3	GTPase HRas	RASH_HUMAN	P01112	WT	WT	HRAS	0P	WT	None	None	GEF.CDC25	None	SP2-Unbound	I 4 2 2	185	1-166	2014-07-02	Other	198.2999	0.0005	Unbound	Unbound	24,25,31,32,33,36,38,39	None	Son of sevenless homolog 1	None	S:31,60,13,63,64,65,66,70,67,73,69,102,103,40,56,54,55,71,61,59,58,57,34,35,32,21,17,15,30,25,33,68,95,105,74	SOS1_HUMAN	None	None	None	RasGEF	None	S	None	None	None	None	None	None	STP	XRAY	2.760	0.184	MHHHHHHGGGENLYFQGSHMTEYKLVVVGAGGVGKSALTIQLIQNHFVDEYDPTIEDSYRKQVVIDGETCLLDILDTAGQEEYSAMRDQYMRTGEGFLCVFAINNTKSFEDIHQYREQIKRVKDSDDVPMVLVGNKCDLAARTVESRQAQDLARSYGIPYIETSAKTRQGVEDAFYTLVREIRQH	True	149.411	149.411	200.344	90.00	90.00	90.00	/Users/mitchellparker/Desktop/rascore_build/core/4urwR_core.cif	/Users/mitchellparker/Desktop/rascore_build/rcsb/4urw.cif.gz	/Users/mitchellparker/Desktop/rascore_build/renum/4urw_renum.cif	/Users/mitchellparker/Desktop/rascore_build/rcsb_assembly/4urw-assembly-1.cif.gz	/Users/mitchellparker/Desktop/rascore_build/renum_assembly/4urw-assembly-1_renum.cif	/Users/mitchellparker/Desktop/rascore_build/sifts/4urw.xml.gz	/Users/mitchellparker/Desktop/rascore_build/pocket/4urwR_3_pocket.pdb
4urwR	4urw	0	R	Outlier	Y71out.0P-GEF	Y32out	Y71out	I 4 2 2 (CF1)	4urwR4	4	GTPase HRas	RASH_HUMAN	P01112	WT	WT	HRAS	0P	WT	None	None	GEF.CDC25	None	SP2-Unbound	I 4 2 2	185	1-166	2014-07-02	Other	276.0636	0.0000	Unbound	Unbound	131,135,138,139,140,141,162	None	Son of sevenless homolog 1	None	S:31,60,13,63,64,65,66,70,67,73,69,102,103,40,56,54,55,71,61,59,58,57,34,35,32,21,17,15,30,25,33,68,95,105,74	SOS1_HUMAN	None	None	None	RasGEF	None	S	None	None	None	None	None	None	STP	XRAY	2.760	0.184	MHHHHHHGGGENLYFQGSHMTEYKLVVVGAGGVGKSALTIQLIQNHFVDEYDPTIEDSYRKQVVIDGETCLLDILDTAGQEEYSAMRDQYMRTGEGFLCVFAINNTKSFEDIHQYREQIKRVKDSDDVPMVLVGNKCDLAARTVESRQAQDLARSYGIPYIETSAKTRQGVEDAFYTLVREIRQH	True	149.411	149.411	200.344	90.00	90.00	90.00	/Users/mitchellparker/Desktop/rascore_build/core/4urwR_core.cif	/Users/mitchellparker/Desktop/rascore_build/rcsb/4urw.cif.gz	/Users/mitchellparker/Desktop/rascore_build/renum/4urw_renum.cif	/Users/mitchellparker/Desktop/rascore_build/rcsb_assembly/4urw-assembly-1.cif.gz	/Users/mitchellparker/Desktop/rascore_build/renum_assembly/4urw-assembly-1_renum.cif	/Users/mitchellparker/Desktop/rascore_build/sifts/4urw.xml.gz	/Users/mitchellparker/Desktop/rascore_build/pocket/4urwR_4_pocket.pdb
4urxR	4urx	0	R	Outlier	Y71out.0P-GEF	Y32out	Y71out	I 4 2 2 (CF1)	4urxR1	1	GTPase HRas	RASH_HUMAN	P01112	WT	WT	HRAS	0P	WT	None	None	GEF.CDC25	None	SP2-Unbound	I 4 2 2	185	1-166	2014-07-02	SP2	243.5010	0.0086	Unbound	Unbound	7,8,9,10,16,58,61,62,64,68,71,72,96	None	Son of sevenless homolog 1	None	S:60,13,63,64,65,66,70,67,73,69,102,103,40,56,54,55,71,61,59,58,57,34,35,32,21,17,15,30,25,31,68,105,12,74	SOS1_HUMAN	None	None	None	RasGEF	None	S	None	None	None	None	None	None	STP	XRAY	2.490	0.195	MHHHHHHGGGENLYFQGSHMTEYKLVVVGAGGVGKSALTIQLIQNHFVDEYDPTIEDSYRKQVVIDGETCLLDILDTAGQEEYSAMRDQYMRTGEGFLCVFAINNTKSFEDIHQYREQIKRVKDSDDVPMVLVGNKCDLAARTVESRQAQDLARSYGIPYIETSAKTRQGVEDAFYTLVREIRQH	True	149.874	149.874	199.701	90.00	90.00	90.00	/Users/mitchellparker/Desktop/rascore_build/core/4urxR_core.cif	/Users/mitchellparker/Desktop/rascore_build/rcsb/4urx.cif.gz	/Users/mitchellparker/Desktop/rascore_build/renum/4urx_renum.cif	/Users/mitchellparker/Desktop/rascore_build/rcsb_assembly/4urx-assembly-1.cif.gz	/Users/mitchellparker/Desktop/rascore_build/renum_assembly/4urx-assembly-1_renum.cif	/Users/mitchellparker/Desktop/rascore_build/sifts/4urx.xml.gz	/Users/mitchellparker/Desktop/rascore_build/pocket/4urxR_1_pocket.pdb
4urxR	4urx	0	R	Outlier	Y71out.0P-GEF	Y32out	Y71out	I 4 2 2 (CF1)	4urxR2	2	GTPase HRas	RASH_HUMAN	P01112	WT	WT	HRAS	0P	WT	None	None	GEF.CDC25	None	SP2-Unbound	I 4 2 2	185	1-166	2014-07-02	Other	342.9552	0.0014	Unbound	Unbound	22,23,25,27,42,148,149,150,152,153	None	Son of sevenless homolog 1	None	S:60,13,63,64,65,66,70,67,73,69,102,103,40,56,54,55,71,61,59,58,57,34,35,32,21,17,15,30,25,31,68,105,12,74	SOS1_HUMAN	None	None	None	RasGEF	None	S	None	None	None	None	None	None	STP	XRAY	2.490	0.195	MHHHHHHGGGENLYFQGSHMTEYKLVVVGAGGVGKSALTIQLIQNHFVDEYDPTIEDSYRKQVVIDGETCLLDILDTAGQEEYSAMRDQYMRTGEGFLCVFAINNTKSFEDIHQYREQIKRVKDSDDVPMVLVGNKCDLAARTVESRQAQDLARSYGIPYIETSAKTRQGVEDAFYTLVREIRQH	True	149.874	149.874	199.701	90.00	90.00	90.00	/Users/mitchellparker/Desktop/rascore_build/core/4urxR_core.cif	/Users/mitchellparker/Desktop/rascore_build/rcsb/4urx.cif.gz	/Users/mitchellparker/Desktop/rascore_build/renum/4urx_renum.cif	/Users/mitchellparker/Desktop/rascore_build/rcsb_assembly/4urx-assembly-1.cif.gz	/Users/mitchellparker/Desktop/rascore_build/renum_assembly/4urx-assembly-1_renum.cif	/Users/mitchellparker/Desktop/rascore_build/sifts/4urx.xml.gz	/Users/mitchellparker/Desktop/rascore_build/pocket/4urxR_2_pocket.pdb
4urxR	4urx	0	R	Outlier	Y71out.0P-GEF	Y32out	Y71out	I 4 2 2 (CF1)	4urxR3	3	GTPase HRas	RASH_HUMAN	P01112	WT	WT	HRAS	0P	WT	None	None	GEF.CDC25	None	SP2-Unbound	I 4 2 2	185	1-166	2014-07-02	Other	162.9744	0.0001	Unbound	Unbound	117,123,143,144,145,150	None	Son of sevenless homolog 1	None	S:60,13,63,64,65,66,70,67,73,69,102,103,40,56,54,55,71,61,59,58,57,34,35,32,21,17,15,30,25,31,68,105,12,74	SOS1_HUMAN	None	None	None	RasGEF	None	S	None	None	None	None	None	None	STP	XRAY	2.490	0.195	MHHHHHHGGGENLYFQGSHMTEYKLVVVGAGGVGKSALTIQLIQNHFVDEYDPTIEDSYRKQVVIDGETCLLDILDTAGQEEYSAMRDQYMRTGEGFLCVFAINNTKSFEDIHQYREQIKRVKDSDDVPMVLVGNKCDLAARTVESRQAQDLARSYGIPYIETSAKTRQGVEDAFYTLVREIRQH	True	149.874	149.874	199.701	90.00	90.00	90.00	/Users/mitchellparker/Desktop/rascore_build/core/4urxR_core.cif	/Users/mitchellparker/Desktop/rascore_build/rcsb/4urx.cif.gz	/Users/mitchellparker/Desktop/rascore_build/renum/4urx_renum.cif	/Users/mitchellparker/Desktop/rascore_build/rcsb_assembly/4urx-assembly-1.cif.gz	/Users/mitchellparker/Desktop/rascore_build/renum_assembly/4urx-assembly-1_renum.cif	/Users/mitchellparker/Desktop/rascore_build/sifts/4urx.xml.gz	/Users/mitchellparker/Desktop/rascore_build/pocket/4urxR_3_pocket.pdb
4urxR	4urx	0	R	Outlier	Y71out.0P-GEF	Y32out	Y71out	I 4 2 2 (CF1)	4urxR4	4	GTPase HRas	RASH_HUMAN	P01112	WT	WT	HRAS	0P	WT	None	None	GEF.CDC25	None	SP2-Unbound	I 4 2 2	185	1-166	2014-07-02	Other	264.1496	0.0001	Unbound	Unbound	131,135,138,139,140,162	None	Son of sevenless homolog 1	None	S:60,13,63,64,65,66,70,67,73,69,102,103,40,56,54,55,71,61,59,58,57,34,35,32,21,17,15,30,25,31,68,105,12,74	SOS1_HUMAN	None	None	None	RasGEF	None	S	None	None	None	None	None	None	STP	XRAY	2.490	0.195	MHHHHHHGGGENLYFQGSHMTEYKLVVVGAGGVGKSALTIQLIQNHFVDEYDPTIEDSYRKQVVIDGETCLLDILDTAGQEEYSAMRDQYMRTGEGFLCVFAINNTKSFEDIHQYREQIKRVKDSDDVPMVLVGNKCDLAARTVESRQAQDLARSYGIPYIETSAKTRQGVEDAFYTLVREIRQH	True	149.874	149.874	199.701	90.00	90.00	90.00	/Users/mitchellparker/Desktop/rascore_build/core/4urxR_core.cif	/Users/mitchellparker/Desktop/rascore_build/rcsb/4urx.cif.gz	/Users/mitchellparker/Desktop/rascore_build/renum/4urx_renum.cif	/Users/mitchellparker/Desktop/rascore_build/rcsb_assembly/4urx-assembly-1.cif.gz	/Users/mitchellparker/Desktop/rascore_build/renum_assembly/4urx-assembly-1_renum.cif	/Users/mitchellparker/Desktop/rascore_build/sifts/4urx.xml.gz	/Users/mitchellparker/Desktop/rascore_build/pocket/4urxR_4_pocket.pdb
4wa7A	4wa7	0	A	Y32out.2P-OFF	Disordered	Y32out	Disordered	P 63 (CF2)	4wa7A1	1	GTPase KRas	RASK_HUMAN	P01116-2	WT	WT	KRAS	2P	WT	None	None	None	None	SP2-Unbound	P 63	170	1-59:71-167	2014-08-28	Other	283.6798	0.1292	Unbound	Unbound	12,13,31,32,33,34	GDP,MG	None	None	None	None	None	None	None	None	None	None	GDP	MG	None	None	None	None	STP	XRAY	1.986	0.188	GMTEYKLVVVGAGGVGKSALTIQLIQNHFVDEYDPTIEDSYRKQVVIDGETCLLDILDTAGLEEYSAMRDQYMRTGEGFLCVFAINNTKSFEDIHHYREQIKRVKDSEDVPMVLVGNKCDLPSRTVDTKQAQDLARSYGIPFIETSAKTRQGVDDAFYTLVREIRKHKEK	True	82.493	82.493	40.761	90.000	90.000	120.000	/Users/mitchellparker/Desktop/rascore_build/core/4wa7A_core.cif	/Users/mitchellparker/Desktop/rascore_build/rcsb/4wa7.cif.gz	/Users/mitchellparker/Desktop/rascore_build/renum/4wa7_renum.cif	/Users/mitchellparker/Desktop/rascore_build/rcsb_assembly/4wa7-assembly-1.cif.gz	/Users/mitchellparker/Desktop/rascore_build/renum_assembly/4wa7-assembly-1_renum.cif	/Users/mitchellparker/Desktop/rascore_build/sifts/4wa7.xml.gz	/Users/mitchellparker/Desktop/rascore_build/pocket/4wa7A_1_pocket.pdb
4wa7A	4wa7	0	A	Y32out.2P-OFF	Disordered	Y32out	Disordered	P 63 (CF2)	4wa7A2	2	GTPase KRas	RASK_HUMAN	P01116-2	WT	WT	KRAS	2P	WT	None	None	None	None	SP2-Unbound	P 63	170	1-59:71-167	2014-08-28	SP2	322.4461	0.2158	Unbound	Unbound	9,10,37,56,58,59,72,96,99	GDP,MG	None	None	None	None	None	None	None	None	None	None	GDP	MG	None	None	None	None	STP	XRAY	1.986	0.188	GMTEYKLVVVGAGGVGKSALTIQLIQNHFVDEYDPTIEDSYRKQVVIDGETCLLDILDTAGLEEYSAMRDQYMRTGEGFLCVFAINNTKSFEDIHHYREQIKRVKDSEDVPMVLVGNKCDLPSRTVDTKQAQDLARSYGIPFIETSAKTRQGVDDAFYTLVREIRKHKEK	True	82.493	82.493	40.761	90.000	90.000	120.000	/Users/mitchellparker/Desktop/rascore_build/core/4wa7A_core.cif	/Users/mitchellparker/Desktop/rascore_build/rcsb/4wa7.cif.gz	/Users/mitchellparker/Desktop/rascore_build/renum/4wa7_renum.cif	/Users/mitchellparker/Desktop/rascore_build/rcsb_assembly/4wa7-assembly-1.cif.gz	/Users/mitchellparker/Desktop/rascore_build/renum_assembly/4wa7-assembly-1_renum.cif	/Users/mitchellparker/Desktop/rascore_build/sifts/4wa7.xml.gz	/Users/mitchellparker/Desktop/rascore_build/pocket/4wa7A_2_pocket.pdb
4wa7A	4wa7	0	A	Y32out.2P-OFF	Disordered	Y32out	Disordered	P 63 (CF2)	4wa7A3	3	GTPase KRas	RASK_HUMAN	P01116-2	WT	WT	KRAS	2P	WT	None	None	None	None	SP2-Unbound	P 63	170	1-59:71-167	2014-08-28	Other	232.7118	0.0003	Unbound	Unbound	11,12,86,88,89,92,96	GDP,MG	None	None	None	None	None	None	None	None	None	None	GDP	MG	None	None	None	None	STP	XRAY	1.986	0.188	GMTEYKLVVVGAGGVGKSALTIQLIQNHFVDEYDPTIEDSYRKQVVIDGETCLLDILDTAGLEEYSAMRDQYMRTGEGFLCVFAINNTKSFEDIHHYREQIKRVKDSEDVPMVLVGNKCDLPSRTVDTKQAQDLARSYGIPFIETSAKTRQGVDDAFYTLVREIRKHKEK	True	82.493	82.493	40.761	90.000	90.000	120.000	/Users/mitchellparker/Desktop/rascore_build/core/4wa7A_core.cif	/Users/mitchellparker/Desktop/rascore_build/rcsb/4wa7.cif.gz	/Users/mitchellparker/Desktop/rascore_build/renum/4wa7_renum.cif	/Users/mitchellparker/Desktop/rascore_build/rcsb_assembly/4wa7-assembly-1.cif.gz	/Users/mitchellparker/Desktop/rascore_build/renum_assembly/4wa7-assembly-1_renum.cif	/Users/mitchellparker/Desktop/rascore_build/sifts/4wa7.xml.gz	/Users/mitchellparker/Desktop/rascore_build/pocket/4wa7A_3_pocket.pdb
4wa7A	4wa7	0	A	Y32out.2P-OFF	Disordered	Y32out	Disordered	P 63 (CF2)	4wa7A4	4	GTPase KRas	RASK_HUMAN	P01116-2	WT	WT	KRAS	2P	WT	None	None	None	None	SP2-Unbound	P 63	170	1-59:71-167	2014-08-28	Other	186.2698	0.0003	Unbound	Unbound	131,134,135,139,140,141	GDP,MG	None	None	None	None	None	None	None	None	None	None	GDP	MG	None	None	None	None	STP	XRAY	1.986	0.188	GMTEYKLVVVGAGGVGKSALTIQLIQNHFVDEYDPTIEDSYRKQVVIDGETCLLDILDTAGLEEYSAMRDQYMRTGEGFLCVFAINNTKSFEDIHHYREQIKRVKDSEDVPMVLVGNKCDLPSRTVDTKQAQDLARSYGIPFIETSAKTRQGVDDAFYTLVREIRKHKEK	True	82.493	82.493	40.761	90.000	90.000	120.000	/Users/mitchellparker/Desktop/rascore_build/core/4wa7A_core.cif	/Users/mitchellparker/Desktop/rascore_build/rcsb/4wa7.cif.gz	/Users/mitchellparker/Desktop/rascore_build/renum/4wa7_renum.cif	/Users/mitchellparker/Desktop/rascore_build/rcsb_assembly/4wa7-assembly-1.cif.gz	/Users/mitchellparker/Desktop/rascore_build/renum_assembly/4wa7-assembly-1_renum.cif	/Users/mitchellparker/Desktop/rascore_build/sifts/4wa7.xml.gz	/Users/mitchellparker/Desktop/rascore_build/pocket/4wa7A_4_pocket.pdb
4xvqA	4xvq	0	A	Outlier	Disordered	Y32in	Y71in	P 32 2 1 (CF1)	4xvqA3	3	GTPase HRas	RASH_HUMAN	P01112	Y137E	Y137	HRAS	3P	Other	None	None	None	Homodimer	Multiple-Unbound	P 32 2 1	166	1-61:64-166	2015-01-27	Other	396.0215	0.0007	Unbound	Unbound	97,101,107,108,109,110,111,137,138,139,162,165,166	MG,GNP,MG,GOL	None	None	None	None	None	None	None	None	None	None	GNP	MG	None	GOL	None	None	STP	XRAY	1.887	0.207	MTEYKLVVVGAGGVGKSALTIQLIQNHFVDEYDPTIEDSYRKQVVIDGETCLLDILDTAGQEEYSAMRDQYMRTGEGFLCVFAINNTKSFEDIHQYREQIKRVKDSDDVPMVLVGNKCDLAARTVESRQAQDLARSEGIPYIETSAKTRQGVEDAFYTLVREIRQH	True	39.046	39.046	158.737	90.000	90.000	120.000	/Users/mitchellparker/Desktop/rascore_build/core/4xvqA_core.cif	/Users/mitchellparker/Desktop/rascore_build/rcsb/4xvq.cif.gz	/Users/mitchellparker/Desktop/rascore_build/renum/4xvq_renum.cif	/Users/mitchellparker/Desktop/rascore_build/rcsb_assembly/4xvq-assembly-1.cif.gz	/Users/mitchellparker/Desktop/rascore_build/renum_assembly/4xvq-assembly-1_renum.cif	/Users/mitchellparker/Desktop/rascore_build/sifts/4xvq.xml.gz	/Users/mitchellparker/Desktop/rascore_build/pocket/4xvqA_3_pocket.pdb
4xvqA	4xvq	0	A	Outlier	Disordered	Y32in	Y71in	P 32 2 1 (CF1)	4xvqA4	4	GTPase HRas	RASH_HUMAN	P01112	Y137E	Y137	HRAS	3P	Other	None	None	None	Homodimer	Multiple-Unbound	P 32 2 1	166	1-61:64-166	2015-01-27	Other	319.7118	0.0002	Unbound	Unbound	98,101,102,105,106,107	MG,GNP,MG,GOL	None	None	None	None	None	None	None	None	None	None	GNP	MG	None	GOL	None	None	STP	XRAY	1.887	0.207	MTEYKLVVVGAGGVGKSALTIQLIQNHFVDEYDPTIEDSYRKQVVIDGETCLLDILDTAGQEEYSAMRDQYMRTGEGFLCVFAINNTKSFEDIHQYREQIKRVKDSDDVPMVLVGNKCDLAARTVESRQAQDLARSEGIPYIETSAKTRQGVEDAFYTLVREIRQH	True	39.046	39.046	158.737	90.000	90.000	120.000	/Users/mitchellparker/Desktop/rascore_build/core/4xvqA_core.cif	/Users/mitchellparker/Desktop/rascore_build/rcsb/4xvq.cif.gz	/Users/mitchellparker/Desktop/rascore_build/renum/4xvq_renum.cif	/Users/mitchellparker/Desktop/rascore_build/rcsb_assembly/4xvq-assembly-1.cif.gz	/Users/mitchellparker/Desktop/rascore_build/renum_assembly/4xvq-assembly-1_renum.cif	/Users/mitchellparker/Desktop/rascore_build/sifts/4xvq.xml.gz	/Users/mitchellparker/Desktop/rascore_build/pocket/4xvqA_4_pocket.pdb
4xvqA	4xvq	0	A	Outlier	Disordered	Y32in	Y71in	P 32 2 1 (CF1)	4xvqA5	5	GTPase HRas	RASH_HUMAN	P01112	Y137E	Y137	HRAS	3P	Other	None	None	None	Homodimer	Multiple-Unbound	P 32 2 1	166	1-61:64-166	2015-01-27	Other	215.5787	0.0161	Unbound	Unbound	75,76,104,106,108,109,110,166	MG,GNP,MG,GOL	None	None	None	None	None	None	None	None	None	None	GNP	MG	None	GOL	None	None	STP	XRAY	1.887	0.207	MTEYKLVVVGAGGVGKSALTIQLIQNHFVDEYDPTIEDSYRKQVVIDGETCLLDILDTAGQEEYSAMRDQYMRTGEGFLCVFAINNTKSFEDIHQYREQIKRVKDSDDVPMVLVGNKCDLAARTVESRQAQDLARSEGIPYIETSAKTRQGVEDAFYTLVREIRQH	True	39.046	39.046	158.737	90.000	90.000	120.000	/Users/mitchellparker/Desktop/rascore_build/core/4xvqA_core.cif	/Users/mitchellparker/Desktop/rascore_build/rcsb/4xvq.cif.gz	/Users/mitchellparker/Desktop/rascore_build/renum/4xvq_renum.cif	/Users/mitchellparker/Desktop/rascore_build/rcsb_assembly/4xvq-assembly-1.cif.gz	/Users/mitchellparker/Desktop/rascore_build/renum_assembly/4xvq-assembly-1_renum.cif	/Users/mitchellparker/Desktop/rascore_build/sifts/4xvq.xml.gz	/Users/mitchellparker/Desktop/rascore_build/pocket/4xvqA_5_pocket.pdb
4xvqA	4xvq	0	A	Outlier	Disordered	Y32in	Y71in	P 32 2 1 (CF1)	4xvqA6	6	GTPase HRas	RASH_HUMAN	P01112	Y137E	Y137	HRAS	3P	Other	None	None	None	Homodimer	Multiple-Unbound	P 32 2 1	166	1-61:64-166	2015-01-27	SP12	232.7221	0.0011	Unbound	Unbound	5,6,7,54,56,71,74,75	MG,GNP,MG,GOL	None	None	None	None	None	None	None	None	None	None	GNP	MG	None	GOL	None	None	STP	XRAY	1.887	0.207	MTEYKLVVVGAGGVGKSALTIQLIQNHFVDEYDPTIEDSYRKQVVIDGETCLLDILDTAGQEEYSAMRDQYMRTGEGFLCVFAINNTKSFEDIHQYREQIKRVKDSDDVPMVLVGNKCDLAARTVESRQAQDLARSEGIPYIETSAKTRQGVEDAFYTLVREIRQH	True	39.046	39.046	158.737	90.000	90.000	120.000	/Users/mitchellparker/Desktop/rascore_build/core/4xvqA_core.cif	/Users/mitchellparker/Desktop/rascore_build/rcsb/4xvq.cif.gz	/Users/mitchellparker/Desktop/rascore_build/renum/4xvq_renum.cif	/Users/mitchellparker/Desktop/rascore_build/rcsb_assembly/4xvq-assembly-1.cif.gz	/Users/mitchellparker/Desktop/rascore_build/renum_assembly/4xvq-assembly-1_renum.cif	/Users/mitchellparker/Desktop/rascore_build/sifts/4xvq.xml.gz	/Users/mitchellparker/Desktop/rascore_build/pocket/4xvqA_6_pocket.pdb
4xvqA	4xvq	0	A	Outlier	Disordered	Y32in	Y71in	P 32 2 1 (CF1)	4xvqA7	7	GTPase HRas	RASH_HUMAN	P01112	Y137E	Y137	HRAS	3P	Other	None	None	None	Homodimer	Multiple-Unbound	P 32 2 1	166	1-61:64-166	2015-01-27	SP2	213.4788	0.0001	Unbound	Unbound	11,12,60,68,92,95,96	MG,GNP,MG,GOL	None	None	None	None	None	None	None	None	None	None	GNP	MG	None	GOL	None	None	STP	XRAY	1.887	0.207	MTEYKLVVVGAGGVGKSALTIQLIQNHFVDEYDPTIEDSYRKQVVIDGETCLLDILDTAGQEEYSAMRDQYMRTGEGFLCVFAINNTKSFEDIHQYREQIKRVKDSDDVPMVLVGNKCDLAARTVESRQAQDLARSEGIPYIETSAKTRQGVEDAFYTLVREIRQH	True	39.046	39.046	158.737	90.000	90.000	120.000	/Users/mitchellparker/Desktop/rascore_build/core/4xvqA_core.cif	/Users/mitchellparker/Desktop/rascore_build/rcsb/4xvq.cif.gz	/Users/mitchellparker/Desktop/rascore_build/renum/4xvq_renum.cif	/Users/mitchellparker/Desktop/rascore_build/rcsb_assembly/4xvq-assembly-1.cif.gz	/Users/mitchellparker/Desktop/rascore_build/renum_assembly/4xvq-assembly-1_renum.cif	/Users/mitchellparker/Desktop/rascore_build/sifts/4xvq.xml.gz	/Users/mitchellparker/Desktop/rascore_build/pocket/4xvqA_7_pocket.pdb
4xvrA	4xvr	0	A	Outlier	Disordered	Y32in	Disordered	P 32 2 1 (CF1)	4xvrA2	2	GTPase HRas	RASH_HUMAN	P01112	Y137F	Y137	HRAS	3P	Other	None	None	None	Homodimer	SP2-Unbound	P 32 2 1	166	1-61:67-166	2015-01-27	SP2	653.1552	0.1495	Unbound	Unbound	7,9,36,37,58,59,60,61,67,68,71,72,92,95,96,99	MG,GNP,CA	None	None	None	None	None	None	None	None	None	None	GNP	MG	None	CA	None	None	STP	XRAY	2.031	0.228	MTEYKLVVVGAGGVGKSALTIQLIQNHFVDEYDPTIEDSYRKQVVIDGETCLLDILDTAGQEEYSAMRDQYMRTGEGFLCVFAINNTKSFEDIHQYREQIKRVKDSDDVPMVLVGNKCDLAARTVESRQAQDLARSFGIPYIETSAKTRQGVEDAFYTLVREIRQH	True	39.234	39.234	157.204	90.000	90.000	120.000	/Users/mitchellparker/Desktop/rascore_build/core/4xvrA_core.cif	/Users/mitchellparker/Desktop/rascore_build/rcsb/4xvr.cif.gz	/Users/mitchellparker/Desktop/rascore_build/renum/4xvr_renum.cif	/Users/mitchellparker/Desktop/rascore_build/rcsb_assembly/4xvr-assembly-1.cif.gz	/Users/mitchellparker/Desktop/rascore_build/renum_assembly/4xvr-assembly-1_renum.cif	/Users/mitchellparker/Desktop/rascore_build/sifts/4xvr.xml.gz	/Users/mitchellparker/Desktop/rascore_build/pocket/4xvrA_2_pocket.pdb
4xvrA	4xvr	0	A	Outlier	Disordered	Y32in	Disordered	P 32 2 1 (CF1)	4xvrA4	4	GTPase HRas	RASH_HUMAN	P01112	Y137F	Y137	HRAS	3P	Other	None	None	None	Homodimer	SP2-Unbound	P 32 2 1	166	1-61:67-166	2015-01-27	Other	281.3992	0.0642	Unbound	Unbound	75,76,104,106,108,109,110,163,166	MG,GNP,CA	None	None	None	None	None	None	None	None	None	None	GNP	MG	None	CA	None	None	STP	XRAY	2.031	0.228	MTEYKLVVVGAGGVGKSALTIQLIQNHFVDEYDPTIEDSYRKQVVIDGETCLLDILDTAGQEEYSAMRDQYMRTGEGFLCVFAINNTKSFEDIHQYREQIKRVKDSDDVPMVLVGNKCDLAARTVESRQAQDLARSFGIPYIETSAKTRQGVEDAFYTLVREIRQH	True	39.234	39.234	157.204	90.000	90.000	120.000	/Users/mitchellparker/Desktop/rascore_build/core/4xvrA_core.cif	/Users/mitchellparker/Desktop/rascore_build/rcsb/4xvr.cif.gz	/Users/mitchellparker/Desktop/rascore_build/renum/4xvr_renum.cif	/Users/mitchellparker/Desktop/rascore_build/rcsb_assembly/4xvr-assembly-1.cif.gz	/Users/mitchellparker/Desktop/rascore_build/renum_assembly/4xvr-assembly-1_renum.cif	/Users/mitchellparker/Desktop/rascore_build/sifts/4xvr.xml.gz	/Users/mitchellparker/Desktop/rascore_build/pocket/4xvrA_4_pocket.pdb
4xvrA	4xvr	0	A	Outlier	Disordered	Y32in	Disordered	P 32 2 1 (CF1)	4xvrA5	5	GTPase HRas	RASH_HUMAN	P01112	Y137F	Y137	HRAS	3P	Other	None	None	None	Homodimer	SP2-Unbound	P 32 2 1	166	1-61:67-166	2015-01-27	Other	330.3718	0.0002	Unbound	Unbound	1,3,41,42,43,52	MG,GNP,CA	None	None	None	None	None	None	None	None	None	None	GNP	MG	None	CA	None	None	STP	XRAY	2.031	0.228	MTEYKLVVVGAGGVGKSALTIQLIQNHFVDEYDPTIEDSYRKQVVIDGETCLLDILDTAGQEEYSAMRDQYMRTGEGFLCVFAINNTKSFEDIHQYREQIKRVKDSDDVPMVLVGNKCDLAARTVESRQAQDLARSFGIPYIETSAKTRQGVEDAFYTLVREIRQH	True	39.234	39.234	157.204	90.000	90.000	120.000	/Users/mitchellparker/Desktop/rascore_build/core/4xvrA_core.cif	/Users/mitchellparker/Desktop/rascore_build/rcsb/4xvr.cif.gz	/Users/mitchellparker/Desktop/rascore_build/renum/4xvr_renum.cif	/Users/mitchellparker/Desktop/rascore_build/rcsb_assembly/4xvr-assembly-1.cif.gz	/Users/mitchellparker/Desktop/rascore_build/renum_assembly/4xvr-assembly-1_renum.cif	/Users/mitchellparker/Desktop/rascore_build/sifts/4xvr.xml.gz	/Users/mitchellparker/Desktop/rascore_build/pocket/4xvrA_5_pocket.pdb
4xvrA	4xvr	0	A	Outlier	Disordered	Y32in	Disordered	P 32 2 1 (CF1)	4xvrA6	6	GTPase HRas	RASH_HUMAN	P01112	Y137F	Y137	HRAS	3P	Other	None	None	None	Homodimer	SP2-Unbound	P 32 2 1	166	1-61:67-166	2015-01-27	Other	228.2161	0.0000	Unbound	Unbound	108,109,110,138,139,162,165,166	MG,GNP,CA	None	None	None	None	None	None	None	None	None	None	GNP	MG	None	CA	None	None	STP	XRAY	2.031	0.228	MTEYKLVVVGAGGVGKSALTIQLIQNHFVDEYDPTIEDSYRKQVVIDGETCLLDILDTAGQEEYSAMRDQYMRTGEGFLCVFAINNTKSFEDIHQYREQIKRVKDSDDVPMVLVGNKCDLAARTVESRQAQDLARSFGIPYIETSAKTRQGVEDAFYTLVREIRQH	True	39.234	39.234	157.204	90.000	90.000	120.000	/Users/mitchellparker/Desktop/rascore_build/core/4xvrA_core.cif	/Users/mitchellparker/Desktop/rascore_build/rcsb/4xvr.cif.gz	/Users/mitchellparker/Desktop/rascore_build/renum/4xvr_renum.cif	/Users/mitchellparker/Desktop/rascore_build/rcsb_assembly/4xvr-assembly-1.cif.gz	/Users/mitchellparker/Desktop/rascore_build/renum_assembly/4xvr-assembly-1_renum.cif	/Users/mitchellparker/Desktop/rascore_build/sifts/4xvr.xml.gz	/Users/mitchellparker/Desktop/rascore_build/pocket/4xvrA_6_pocket.pdb
4xvrA	4xvr	0	A	Outlier	Disordered	Y32in	Disordered	P 32 2 1 (CF1)	4xvrA7	7	GTPase HRas	RASH_HUMAN	P01112	Y137F	Y137	HRAS	3P	Other	None	None	None	Homodimer	SP2-Unbound	P 32 2 1	166	1-61:67-166	2015-01-27	Other	136.3387	0.0010	Unbound	Unbound	17,18,21,28,29,31,33	MG,GNP,CA	None	None	None	None	None	None	None	None	None	None	GNP	MG	None	CA	None	None	STP	XRAY	2.031	0.228	MTEYKLVVVGAGGVGKSALTIQLIQNHFVDEYDPTIEDSYRKQVVIDGETCLLDILDTAGQEEYSAMRDQYMRTGEGFLCVFAINNTKSFEDIHQYREQIKRVKDSDDVPMVLVGNKCDLAARTVESRQAQDLARSFGIPYIETSAKTRQGVEDAFYTLVREIRQH	True	39.234	39.234	157.204	90.000	90.000	120.000	/Users/mitchellparker/Desktop/rascore_build/core/4xvrA_core.cif	/Users/mitchellparker/Desktop/rascore_build/rcsb/4xvr.cif.gz	/Users/mitchellparker/Desktop/rascore_build/renum/4xvr_renum.cif	/Users/mitchellparker/Desktop/rascore_build/rcsb_assembly/4xvr-assembly-1.cif.gz	/Users/mitchellparker/Desktop/rascore_build/renum_assembly/4xvr-assembly-1_renum.cif	/Users/mitchellparker/Desktop/rascore_build/sifts/4xvr.xml.gz	/Users/mitchellparker/Desktop/rascore_build/pocket/4xvrA_7_pocket.pdb
521pA	521p	0	A	Y32in.3P-ON	Outlier	Y32in	Y71in	P 32 2 1 (CF1)	521pA2	2	GTPase HRas	RASH_HUMAN	P01112	G12V,A59T	G12,A59	HRAS	3P	G12V	None	None	None	Homodimer	SP12-Unbound	P 32 2 1	166	1-166	1991-06-06	Other	80.0741	0.0071	Unbound	Unbound	80,93,97,111,112,113,137,139	MG,GTP	None	None	None	None	None	None	None	None	None	None	GTP	MG	None	None	None	None	STP	XRAY	2.600	0.214	MTEYKLVVVGAVGVGKSALTIQLIQNHFVDEYDPTIEDSYRKQVVIDGETCLLDILDTTGQEEYSAMRDQYMRTGEGFLCVFAINNTKSFEDIHQYREQIKRVKDSDDVPMVLVGNKCDLAARTVESRQAQDLARSYGIPYIETSAKTRQGVEDAFYTLVREIRQH	True	40.500	40.500	161.300	90.00	90.00	120.00	/Users/mitchellparker/Desktop/rascore_build/core/521pA_core.cif	/Users/mitchellparker/Desktop/rascore_build/rcsb/521p.cif.gz	/Users/mitchellparker/Desktop/rascore_build/renum/521p_renum.cif	/Users/mitchellparker/Desktop/rascore_build/rcsb_assembly/521p-assembly-1.cif.gz	/Users/mitchellparker/Desktop/rascore_build/renum_assembly/521p-assembly-1_renum.cif	/Users/mitchellparker/Desktop/rascore_build/sifts/521p.xml.gz	/Users/mitchellparker/Desktop/rascore_build/pocket/521pA_2_pocket.pdb
521pA	521p	0	A	Y32in.3P-ON	Outlier	Y32in	Y71in	P 32 2 1 (CF1)	521pA3	3	GTPase HRas	RASH_HUMAN	P01112	G12V,A59T	G12,A59	HRAS	3P	G12V	None	None	None	Homodimer	SP12-Unbound	P 32 2 1	166	1-166	1991-06-06	Other	378.3923	0.0004	Unbound	Unbound	76,104,106,108,109,110,163,166	MG,GTP	None	None	None	None	None	None	None	None	None	None	GTP	MG	None	None	None	None	STP	XRAY	2.600	0.214	MTEYKLVVVGAVGVGKSALTIQLIQNHFVDEYDPTIEDSYRKQVVIDGETCLLDILDTTGQEEYSAMRDQYMRTGEGFLCVFAINNTKSFEDIHQYREQIKRVKDSDDVPMVLVGNKCDLAARTVESRQAQDLARSYGIPYIETSAKTRQGVEDAFYTLVREIRQH	True	40.500	40.500	161.300	90.00	90.00	120.00	/Users/mitchellparker/Desktop/rascore_build/core/521pA_core.cif	/Users/mitchellparker/Desktop/rascore_build/rcsb/521p.cif.gz	/Users/mitchellparker/Desktop/rascore_build/renum/521p_renum.cif	/Users/mitchellparker/Desktop/rascore_build/rcsb_assembly/521p-assembly-1.cif.gz	/Users/mitchellparker/Desktop/rascore_build/renum_assembly/521p-assembly-1_renum.cif	/Users/mitchellparker/Desktop/rascore_build/sifts/521p.xml.gz	/Users/mitchellparker/Desktop/rascore_build/pocket/521pA_3_pocket.pdb
521pA	521p	0	A	Y32in.3P-ON	Outlier	Y32in	Y71in	P 32 2 1 (CF1)	521pA4	4	GTPase HRas	RASH_HUMAN	P01112	G12V,A59T	G12,A59	HRAS	3P	G12V	None	None	None	Homodimer	SP12-Unbound	P 32 2 1	166	1-166	1991-06-06	SP12	289.3869	0.0089	Unbound	Unbound	5,6,7,37,54,56,70,71,74,75	MG,GTP	None	None	None	None	None	None	None	None	None	None	GTP	MG	None	None	None	None	STP	XRAY	2.600	0.214	MTEYKLVVVGAVGVGKSALTIQLIQNHFVDEYDPTIEDSYRKQVVIDGETCLLDILDTTGQEEYSAMRDQYMRTGEGFLCVFAINNTKSFEDIHQYREQIKRVKDSDDVPMVLVGNKCDLAARTVESRQAQDLARSYGIPYIETSAKTRQGVEDAFYTLVREIRQH	True	40.500	40.500	161.300	90.00	90.00	120.00	/Users/mitchellparker/Desktop/rascore_build/core/521pA_core.cif	/Users/mitchellparker/Desktop/rascore_build/rcsb/521p.cif.gz	/Users/mitchellparker/Desktop/rascore_build/renum/521p_renum.cif	/Users/mitchellparker/Desktop/rascore_build/rcsb_assembly/521p-assembly-1.cif.gz	/Users/mitchellparker/Desktop/rascore_build/renum_assembly/521p-assembly-1_renum.cif	/Users/mitchellparker/Desktop/rascore_build/sifts/521p.xml.gz	/Users/mitchellparker/Desktop/rascore_build/pocket/521pA_4_pocket.pdb
521pA	521p	0	A	Y32in.3P-ON	Outlier	Y32in	Y71in	P 32 2 1 (CF1)	521pA5	5	GTPase HRas	RASH_HUMAN	P01112	G12V,A59T	G12,A59	HRAS	3P	G12V	None	None	None	Homodimer	SP12-Unbound	P 32 2 1	166	1-166	1991-06-06	Other	299.0957	0.0024	Unbound	Unbound	90,91,94,129,133,137	MG,GTP	None	None	None	None	None	None	None	None	None	None	GTP	MG	None	None	None	None	STP	XRAY	2.600	0.214	MTEYKLVVVGAVGVGKSALTIQLIQNHFVDEYDPTIEDSYRKQVVIDGETCLLDILDTTGQEEYSAMRDQYMRTGEGFLCVFAINNTKSFEDIHQYREQIKRVKDSDDVPMVLVGNKCDLAARTVESRQAQDLARSYGIPYIETSAKTRQGVEDAFYTLVREIRQH	True	40.500	40.500	161.300	90.00	90.00	120.00	/Users/mitchellparker/Desktop/rascore_build/core/521pA_core.cif	/Users/mitchellparker/Desktop/rascore_build/rcsb/521p.cif.gz	/Users/mitchellparker/Desktop/rascore_build/renum/521p_renum.cif	/Users/mitchellparker/Desktop/rascore_build/rcsb_assembly/521p-assembly-1.cif.gz	/Users/mitchellparker/Desktop/rascore_build/renum_assembly/521p-assembly-1_renum.cif	/Users/mitchellparker/Desktop/rascore_build/sifts/521p.xml.gz	/Users/mitchellparker/Desktop/rascore_build/pocket/521pA_5_pocket.pdb
5b2zA	5b2z	0	A	Y32in.3P-ON	Y71out.3P-T	Y32in	Y71out	H 3 2 (CF2)	5b2zA2	2	GTPase HRas	RASH_HUMAN	P01112	WT	WT	HRAS	3P	WT	None	None	None	Homodimer	SP2-Unbound	H 3 2	171	1-166	2016-02-07	Other	284.9467	0.0040	Unbound	Unbound	90,91,94,129,132,133	GNP,CA,MG,CA	None	None	None	None	None	None	None	None	None	None	GNP	MG	None	CA	None	None	STP	XRAY	1.560	0.150	GPLGSMTEYKLVVVGAGGVGKSALTIQLIQNHFVDEYDPTIEDSYRKQVVIDGETCLLDILDTAGQEEYSAMRDQYMRTGEGFLCVFAINNTKSFEDIHQYREQIKRVKDSDDVPMVLVGNKCDLAARTVESRQAQDLARSYGIPYIETSAKTRQGVEDAFYTLVREIRQH	True	87.974	87.974	132.966	90.00	90.00	120.00	/Users/mitchellparker/Desktop/rascore_build/core/5b2zA_core.cif	/Users/mitchellparker/Desktop/rascore_build/rcsb/5b2z.cif.gz	/Users/mitchellparker/Desktop/rascore_build/renum/5b2z_renum.cif	/Users/mitchellparker/Desktop/rascore_build/rcsb_assembly/5b2z-assembly-1.cif.gz	/Users/mitchellparker/Desktop/rascore_build/renum_assembly/5b2z-assembly-1_renum.cif	/Users/mitchellparker/Desktop/rascore_build/sifts/5b2z.xml.gz	/Users/mitchellparker/Desktop/rascore_build/pocket/5b2zA_2_pocket.pdb
5b2zA	5b2z	0	A	Y32in.3P-ON	Y71out.3P-T	Y32in	Y71out	H 3 2 (CF2)	5b2zA3	3	GTPase HRas	RASH_HUMAN	P01112	WT	WT	HRAS	3P	WT	None	None	None	Homodimer	SP2-Unbound	H 3 2	171	1-166	2016-02-07	Other	406.4742	0.0282	Unbound	Unbound	2,3,4,75,76,104,106,108,109,110,163,166	GNP,CA,MG,CA	None	None	None	None	None	None	None	None	None	None	GNP	MG	None	CA	None	None	STP	XRAY	1.560	0.150	GPLGSMTEYKLVVVGAGGVGKSALTIQLIQNHFVDEYDPTIEDSYRKQVVIDGETCLLDILDTAGQEEYSAMRDQYMRTGEGFLCVFAINNTKSFEDIHQYREQIKRVKDSDDVPMVLVGNKCDLAARTVESRQAQDLARSYGIPYIETSAKTRQGVEDAFYTLVREIRQH	True	87.974	87.974	132.966	90.00	90.00	120.00	/Users/mitchellparker/Desktop/rascore_build/core/5b2zA_core.cif	/Users/mitchellparker/Desktop/rascore_build/rcsb/5b2z.cif.gz	/Users/mitchellparker/Desktop/rascore_build/renum/5b2z_renum.cif	/Users/mitchellparker/Desktop/rascore_build/rcsb_assembly/5b2z-assembly-1.cif.gz	/Users/mitchellparker/Desktop/rascore_build/renum_assembly/5b2z-assembly-1_renum.cif	/Users/mitchellparker/Desktop/rascore_build/sifts/5b2z.xml.gz	/Users/mitchellparker/Desktop/rascore_build/pocket/5b2zA_3_pocket.pdb
5b2zA	5b2z	0	A	Y32in.3P-ON	Y71out.3P-T	Y32in	Y71out	H 3 2 (CF2)	5b2zA4	4	GTPase HRas	RASH_HUMAN	P01112	WT	WT	HRAS	3P	WT	None	None	None	Homodimer	SP2-Unbound	H 3 2	171	1-166	2016-02-07	SP2	204.5906	0.0024	Unbound	Unbound	68,92,95,96,99,102	GNP,CA,MG,CA	None	None	None	None	None	None	None	None	None	None	GNP	MG	None	CA	None	None	STP	XRAY	1.560	0.150	GPLGSMTEYKLVVVGAGGVGKSALTIQLIQNHFVDEYDPTIEDSYRKQVVIDGETCLLDILDTAGQEEYSAMRDQYMRTGEGFLCVFAINNTKSFEDIHQYREQIKRVKDSDDVPMVLVGNKCDLAARTVESRQAQDLARSYGIPYIETSAKTRQGVEDAFYTLVREIRQH	True	87.974	87.974	132.966	90.00	90.00	120.00	/Users/mitchellparker/Desktop/rascore_build/core/5b2zA_core.cif	/Users/mitchellparker/Desktop/rascore_build/rcsb/5b2z.cif.gz	/Users/mitchellparker/Desktop/rascore_build/renum/5b2z_renum.cif	/Users/mitchellparker/Desktop/rascore_build/rcsb_assembly/5b2z-assembly-1.cif.gz	/Users/mitchellparker/Desktop/rascore_build/renum_assembly/5b2z-assembly-1_renum.cif	/Users/mitchellparker/Desktop/rascore_build/sifts/5b2z.xml.gz	/Users/mitchellparker/Desktop/rascore_build/pocket/5b2zA_4_pocket.pdb
5b30A	5b30	0	A	Outlier	Outlier	Y32in	Y71out	H 3 2 (CF3)	5b30A2	2	GTPase HRas	RASH_HUMAN	P01112	WT	WT	HRAS	3P	WT	None	None	None	Homodimer	SP2-Unbound	H 3 2	171	1-166	2016-02-08	Other	103.7755	0.0015	Unbound	Unbound	97,100,101,106,107,109,111,137,139	GNP,MG,CA,CA,NA	None	None	None	None	None	None	None	None	None	None	GNP	MG	None	CA,NA	None	None	STP	XRAY	1.600	0.168	GPLGSMTEYKLVVVGAGGVGKSALTIQLIQNHFVDEYDPTIEDSYRKQVVIDGETCLLDILDTAGQEEYSAMRDQYMRTGEGFLCVFAINNTKSFEDIHQYREQIKRVKDSDDVPMVLVGNKCDLAARTVESRQAQDLARSYGIPYIETSAKTRQGVEDAFYTLVREIRQH	True	91.791	91.791	121.417	90.00	90.00	120.00	/Users/mitchellparker/Desktop/rascore_build/core/5b30A_core.cif	/Users/mitchellparker/Desktop/rascore_build/rcsb/5b30.cif.gz	/Users/mitchellparker/Desktop/rascore_build/renum/5b30_renum.cif	/Users/mitchellparker/Desktop/rascore_build/rcsb_assembly/5b30-assembly-1.cif.gz	/Users/mitchellparker/Desktop/rascore_build/renum_assembly/5b30-assembly-1_renum.cif	/Users/mitchellparker/Desktop/rascore_build/sifts/5b30.xml.gz	/Users/mitchellparker/Desktop/rascore_build/pocket/5b30A_2_pocket.pdb
5b30A	5b30	0	A	Outlier	Outlier	Y32in	Y71out	H 3 2 (CF3)	5b30A3	3	GTPase HRas	RASH_HUMAN	P01112	WT	WT	HRAS	3P	WT	None	None	None	Homodimer	SP2-Unbound	H 3 2	171	1-166	2016-02-08	Other	420.6927	0.0002	Unbound	Unbound	127,131,134,135,139,141,143	GNP,MG,CA,CA,NA	None	None	None	None	None	None	None	None	None	None	GNP	MG	None	CA,NA	None	None	STP	XRAY	1.600	0.168	GPLGSMTEYKLVVVGAGGVGKSALTIQLIQNHFVDEYDPTIEDSYRKQVVIDGETCLLDILDTAGQEEYSAMRDQYMRTGEGFLCVFAINNTKSFEDIHQYREQIKRVKDSDDVPMVLVGNKCDLAARTVESRQAQDLARSYGIPYIETSAKTRQGVEDAFYTLVREIRQH	True	91.791	91.791	121.417	90.00	90.00	120.00	/Users/mitchellparker/Desktop/rascore_build/core/5b30A_core.cif	/Users/mitchellparker/Desktop/rascore_build/rcsb/5b30.cif.gz	/Users/mitchellparker/Desktop/rascore_build/renum/5b30_renum.cif	/Users/mitchellparker/Desktop/rascore_build/rcsb_assembly/5b30-assembly-1.cif.gz	/Users/mitchellparker/Desktop/rascore_build/renum_assembly/5b30-assembly-1_renum.cif	/Users/mitchellparker/Desktop/rascore_build/sifts/5b30.xml.gz	/Users/mitchellparker/Desktop/rascore_build/pocket/5b30A_3_pocket.pdb
5b30A	5b30	0	A	Outlier	Outlier	Y32in	Y71out	H 3 2 (CF3)	5b30A4	4	GTPase HRas	RASH_HUMAN	P01112	WT	WT	HRAS	3P	WT	None	None	None	Homodimer	SP2-Unbound	H 3 2	171	1-166	2016-02-08	Other	219.3712	0.0024	Unbound	Unbound	76,104,106,109,110,163,166	GNP,MG,CA,CA,NA	None	None	None	None	None	None	None	None	None	None	GNP	MG	None	CA,NA	None	None	STP	XRAY	1.600	0.168	GPLGSMTEYKLVVVGAGGVGKSALTIQLIQNHFVDEYDPTIEDSYRKQVVIDGETCLLDILDTAGQEEYSAMRDQYMRTGEGFLCVFAINNTKSFEDIHQYREQIKRVKDSDDVPMVLVGNKCDLAARTVESRQAQDLARSYGIPYIETSAKTRQGVEDAFYTLVREIRQH	True	91.791	91.791	121.417	90.00	90.00	120.00	/Users/mitchellparker/Desktop/rascore_build/core/5b30A_core.cif	/Users/mitchellparker/Desktop/rascore_build/rcsb/5b30.cif.gz	/Users/mitchellparker/Desktop/rascore_build/renum/5b30_renum.cif	/Users/mitchellparker/Desktop/rascore_build/rcsb_assembly/5b30-assembly-1.cif.gz	/Users/mitchellparker/Desktop/rascore_build/renum_assembly/5b30-assembly-1_renum.cif	/Users/mitchellparker/Desktop/rascore_build/sifts/5b30.xml.gz	/Users/mitchellparker/Desktop/rascore_build/pocket/5b30A_4_pocket.pdb
5b30A	5b30	0	A	Outlier	Outlier	Y32in	Y71out	H 3 2 (CF3)	5b30A5	5	GTPase HRas	RASH_HUMAN	P01112	WT	WT	HRAS	3P	WT	None	None	None	Homodimer	SP2-Unbound	H 3 2	171	1-166	2016-02-08	Other	290.2469	0.0000	Unbound	Unbound	107,108,109,110,137,138,139,162,165,166	GNP,MG,CA,CA,NA	None	None	None	None	None	None	None	None	None	None	GNP	MG	None	CA,NA	None	None	STP	XRAY	1.600	0.168	GPLGSMTEYKLVVVGAGGVGKSALTIQLIQNHFVDEYDPTIEDSYRKQVVIDGETCLLDILDTAGQEEYSAMRDQYMRTGEGFLCVFAINNTKSFEDIHQYREQIKRVKDSDDVPMVLVGNKCDLAARTVESRQAQDLARSYGIPYIETSAKTRQGVEDAFYTLVREIRQH	True	91.791	91.791	121.417	90.00	90.00	120.00	/Users/mitchellparker/Desktop/rascore_build/core/5b30A_core.cif	/Users/mitchellparker/Desktop/rascore_build/rcsb/5b30.cif.gz	/Users/mitchellparker/Desktop/rascore_build/renum/5b30_renum.cif	/Users/mitchellparker/Desktop/rascore_build/rcsb_assembly/5b30-assembly-1.cif.gz	/Users/mitchellparker/Desktop/rascore_build/renum_assembly/5b30-assembly-1_renum.cif	/Users/mitchellparker/Desktop/rascore_build/sifts/5b30.xml.gz	/Users/mitchellparker/Desktop/rascore_build/pocket/5b30A_5_pocket.pdb
5b30A	5b30	0	A	Outlier	Outlier	Y32in	Y71out	H 3 2 (CF3)	5b30A6	6	GTPase HRas	RASH_HUMAN	P01112	WT	WT	HRAS	3P	WT	None	None	None	Homodimer	SP2-Unbound	H 3 2	171	1-166	2016-02-08	SP2	223.6916	0.0002	Unbound	Unbound	61,62,64,95,96,99,102	GNP,MG,CA,CA,NA	None	None	None	None	None	None	None	None	None	None	GNP	MG	None	CA,NA	None	None	STP	XRAY	1.600	0.168	GPLGSMTEYKLVVVGAGGVGKSALTIQLIQNHFVDEYDPTIEDSYRKQVVIDGETCLLDILDTAGQEEYSAMRDQYMRTGEGFLCVFAINNTKSFEDIHQYREQIKRVKDSDDVPMVLVGNKCDLAARTVESRQAQDLARSYGIPYIETSAKTRQGVEDAFYTLVREIRQH	True	91.791	91.791	121.417	90.00	90.00	120.00	/Users/mitchellparker/Desktop/rascore_build/core/5b30A_core.cif	/Users/mitchellparker/Desktop/rascore_build/rcsb/5b30.cif.gz	/Users/mitchellparker/Desktop/rascore_build/renum/5b30_renum.cif	/Users/mitchellparker/Desktop/rascore_build/rcsb_assembly/5b30-assembly-1.cif.gz	/Users/mitchellparker/Desktop/rascore_build/renum_assembly/5b30-assembly-1_renum.cif	/Users/mitchellparker/Desktop/rascore_build/sifts/5b30.xml.gz	/Users/mitchellparker/Desktop/rascore_build/pocket/5b30A_6_pocket.pdb
5e95A	5e95	0	A	Outlier	Outlier	Y32out	Y71out	P 1 (CF2)	5e95A1	1	GTPase HRas	RASH_HUMAN	P01112	WT	WT	HRAS	2P	WT	None	None	Binder	None	Other-Unbound	P 1	168	1-166	2015-10-14	Other	491.0850	0.0048	Unbound	Unbound	63,64,65,66,68,69,72,99,102,103	GDP,MG	Mb(NS1)	None	B:128,131,135,139,134,138,141,142,143,154,150,151,118,158,140,162,165	None	None	None	None	Binder	None	B	GDP	MG	None	None	None	None	STP	XRAY	1.402	0.164	GSMTEYKLVVVGAGGVGKSALTIQLIQNHFVDEYDPTIEDSYRKQVVIDGETCLLDILDTAGQEEYSAMRDQYMRTGEGFLCVFAINNTKSFEDIHQYREQIKRVKDSDDVPMVLVGNKCDLAARTVESRQAQDLARSYGIPYIETSAKTRQGVEDAFYTLVREIRQH	True	35.897	36.276	54.348	86.30	74.23	85.20	/Users/mitchellparker/Desktop/rascore_build/core/5e95A_core.cif	/Users/mitchellparker/Desktop/rascore_build/rcsb/5e95.cif.gz	/Users/mitchellparker/Desktop/rascore_build/renum/5e95_renum.cif	/Users/mitchellparker/Desktop/rascore_build/rcsb_assembly/5e95-assembly-1.cif.gz	/Users/mitchellparker/Desktop/rascore_build/renum_assembly/5e95-assembly-1_renum.cif	/Users/mitchellparker/Desktop/rascore_build/sifts/5e95.xml.gz	/Users/mitchellparker/Desktop/rascore_build/pocket/5e95A_1_pocket.pdb
5e95A	5e95	0	A	Outlier	Outlier	Y32out	Y71out	P 1 (CF2)	5e95A2	2	GTPase HRas	RASH_HUMAN	P01112	WT	WT	HRAS	2P	WT	None	None	Binder	None	Other-Unbound	P 1	168	1-166	2015-10-14	Other	296.1458	0.2701	Unbound	Unbound	75,76,104,108,109,110,163,166	GDP,MG	Mb(NS1)	None	B:128,131,135,139,134,138,141,142,143,154,150,151,118,158,140,162,165	None	None	None	None	Binder	None	B	GDP	MG	None	None	None	None	STP	XRAY	1.402	0.164	GSMTEYKLVVVGAGGVGKSALTIQLIQNHFVDEYDPTIEDSYRKQVVIDGETCLLDILDTAGQEEYSAMRDQYMRTGEGFLCVFAINNTKSFEDIHQYREQIKRVKDSDDVPMVLVGNKCDLAARTVESRQAQDLARSYGIPYIETSAKTRQGVEDAFYTLVREIRQH	True	35.897	36.276	54.348	86.30	74.23	85.20	/Users/mitchellparker/Desktop/rascore_build/core/5e95A_core.cif	/Users/mitchellparker/Desktop/rascore_build/rcsb/5e95.cif.gz	/Users/mitchellparker/Desktop/rascore_build/renum/5e95_renum.cif	/Users/mitchellparker/Desktop/rascore_build/rcsb_assembly/5e95-assembly-1.cif.gz	/Users/mitchellparker/Desktop/rascore_build/renum_assembly/5e95-assembly-1_renum.cif	/Users/mitchellparker/Desktop/rascore_build/sifts/5e95.xml.gz	/Users/mitchellparker/Desktop/rascore_build/pocket/5e95A_2_pocket.pdb
5e95A	5e95	0	A	Outlier	Outlier	Y32out	Y71out	P 1 (CF2)	5e95A3	3	GTPase HRas	RASH_HUMAN	P01112	WT	WT	HRAS	2P	WT	None	None	Binder	None	Other-Unbound	P 1	168	1-166	2015-10-14	Other	281.8990	0.0001	Unbound	Unbound	148,149,150,151,153,154	GDP,MG	Mb(NS1)	None	B:128,131,135,139,134,138,141,142,143,154,150,151,118,158,140,162,165	None	None	None	None	Binder	None	B	GDP	MG	None	None	None	None	STP	XRAY	1.402	0.164	GSMTEYKLVVVGAGGVGKSALTIQLIQNHFVDEYDPTIEDSYRKQVVIDGETCLLDILDTAGQEEYSAMRDQYMRTGEGFLCVFAINNTKSFEDIHQYREQIKRVKDSDDVPMVLVGNKCDLAARTVESRQAQDLARSYGIPYIETSAKTRQGVEDAFYTLVREIRQH	True	35.897	36.276	54.348	86.30	74.23	85.20	/Users/mitchellparker/Desktop/rascore_build/core/5e95A_core.cif	/Users/mitchellparker/Desktop/rascore_build/rcsb/5e95.cif.gz	/Users/mitchellparker/Desktop/rascore_build/renum/5e95_renum.cif	/Users/mitchellparker/Desktop/rascore_build/rcsb_assembly/5e95-assembly-1.cif.gz	/Users/mitchellparker/Desktop/rascore_build/renum_assembly/5e95-assembly-1_renum.cif	/Users/mitchellparker/Desktop/rascore_build/sifts/5e95.xml.gz	/Users/mitchellparker/Desktop/rascore_build/pocket/5e95A_3_pocket.pdb
5e95A	5e95	0	A	Outlier	Outlier	Y32out	Y71out	P 1 (CF2)	5e95A4	4	GTPase HRas	RASH_HUMAN	P01112	WT	WT	HRAS	2P	WT	None	None	Binder	None	Other-Unbound	P 1	168	1-166	2015-10-14	Other	258.5459	0.0002	Unbound	Unbound	36,37,38,57,59,60,61,67,71	GDP,MG	Mb(NS1)	None	B:128,131,135,139,134,138,141,142,143,154,150,151,118,158,140,162,165	None	None	None	None	Binder	None	B	GDP	MG	None	None	None	None	STP	XRAY	1.402	0.164	GSMTEYKLVVVGAGGVGKSALTIQLIQNHFVDEYDPTIEDSYRKQVVIDGETCLLDILDTAGQEEYSAMRDQYMRTGEGFLCVFAINNTKSFEDIHQYREQIKRVKDSDDVPMVLVGNKCDLAARTVESRQAQDLARSYGIPYIETSAKTRQGVEDAFYTLVREIRQH	True	35.897	36.276	54.348	86.30	74.23	85.20	/Users/mitchellparker/Desktop/rascore_build/core/5e95A_core.cif	/Users/mitchellparker/Desktop/rascore_build/rcsb/5e95.cif.gz	/Users/mitchellparker/Desktop/rascore_build/renum/5e95_renum.cif	/Users/mitchellparker/Desktop/rascore_build/rcsb_assembly/5e95-assembly-1.cif.gz	/Users/mitchellparker/Desktop/rascore_build/renum_assembly/5e95-assembly-1_renum.cif	/Users/mitchellparker/Desktop/rascore_build/sifts/5e95.xml.gz	/Users/mitchellparker/Desktop/rascore_build/pocket/5e95A_4_pocket.pdb
5e95A	5e95	0	A	Outlier	Outlier	Y32out	Y71out	P 1 (CF2)	5e95A5	5	GTPase HRas	RASH_HUMAN	P01112	WT	WT	HRAS	2P	WT	None	None	Binder	None	Other-Unbound	P 1	168	1-166	2015-10-14	Other	325.0981	0.0001	Unbound	Unbound	11,12,13,14,83,85,86,88,89,92,117	GDP,MG	Mb(NS1)	None	B:128,131,135,139,134,138,141,142,143,154,150,151,118,158,140,162,165	None	None	None	None	Binder	None	B	GDP	MG	None	None	None	None	STP	XRAY	1.402	0.164	GSMTEYKLVVVGAGGVGKSALTIQLIQNHFVDEYDPTIEDSYRKQVVIDGETCLLDILDTAGQEEYSAMRDQYMRTGEGFLCVFAINNTKSFEDIHQYREQIKRVKDSDDVPMVLVGNKCDLAARTVESRQAQDLARSYGIPYIETSAKTRQGVEDAFYTLVREIRQH	True	35.897	36.276	54.348	86.30	74.23	85.20	/Users/mitchellparker/Desktop/rascore_build/core/5e95A_core.cif	/Users/mitchellparker/Desktop/rascore_build/rcsb/5e95.cif.gz	/Users/mitchellparker/Desktop/rascore_build/renum/5e95_renum.cif	/Users/mitchellparker/Desktop/rascore_build/rcsb_assembly/5e95-assembly-1.cif.gz	/Users/mitchellparker/Desktop/rascore_build/renum_assembly/5e95-assembly-1_renum.cif	/Users/mitchellparker/Desktop/rascore_build/sifts/5e95.xml.gz	/Users/mitchellparker/Desktop/rascore_build/pocket/5e95A_5_pocket.pdb
5f2eA	5f2e	0	A	Y32out.2P-OFF	Outlier	Y32out	Y71out	P 21 21 21 (CF6)	5f2eA1	1	GTPase KRas	RASK_HUMAN	P01116-2	G12C,C51S,C80L,C118S	G12,C51,C80,C118	KRAS	2P	G12C	SP2	SP2.Acrylamide	None	None	SP2-Bound	P 21 21 21	170	1-167	2015-12-01	SP2	564.9711	0.9710	Bound	SP2	9,10,12,16,34,58,59,60,61,64,68,69,72,78,96,99,100,102,103	MG,GOL,GOL,5UT,GLY,GDP	None	5UT:72,64,69,68,62,96,10,34,60,12,58,59,100,9,61,63,65,103,99,16	None	None	SP2	SP2.Acrylamide	5UT:C=CC(=O)N1CC(N2CCN(C(=O)CNc3cc(C4(C)CC4)c(Cl)cc3O)CC2)C1	None	None	None	GDP	MG	5UT	GLY,GOL	None	None	5UT	XRAY	1.400	0.152	GMTEYKLVVVGACGVGKSALTIQLIQNHFVDEYDPTIEDSYRKQVVIDGETSLLDILDTAGQEEYSAMRDQYMRTGEGFLLVFAINNTKSFEDIHHYREQIKRVKDSEDVPMVLVGNKSDLPSRTVDTKQAQDLARSYGIPFIETSAKTRQGVDDAFYTLVREIRKHKEK	True	39.110	43.080	93.960	90.000	90.000	90.000	/Users/mitchellparker/Desktop/rascore_build/core/5f2eA_core.cif	/Users/mitchellparker/Desktop/rascore_build/rcsb/5f2e.cif.gz	/Users/mitchellparker/Desktop/rascore_build/renum/5f2e_renum.cif	/Users/mitchellparker/Desktop/rascore_build/rcsb_assembly/5f2e-assembly-1.cif.gz	/Users/mitchellparker/Desktop/rascore_build/renum_assembly/5f2e-assembly-1_renum.cif	/Users/mitchellparker/Desktop/rascore_build/sifts/5f2e.xml.gz	/Users/mitchellparker/Desktop/rascore_build/pocket/5f2eA_1_pocket.pdb
5mlaA	5mla	0	A	Outlier	Y71in.3P-R	Y32out	Y71in	H 3 (CF2)	5mlaA2	2	GTPase KRas	RASK_HUMAN	P01116-2	G12V	G12	KRAS	3P	G12V	None	None	Binder	None	SP2-Unbound	H 3	169	1-164	2016-12-06	Other	606.3842	0.0017	Unbound	Unbound	62,65,68,95,98,99,101,102,105,106,107	MG,GSP,SO4	darpin k55	None	B:33,31,40,25,39,38,34,37,56,36,67,64,54,5,70,66,63,73,74,24,41	None	None	None	None	Binder	None	B	GSP	MG	None	SO4	None	None	STP	XRAY	2.190	0.184	GSHMTEYKLVVVGAVGVGKSALTIQLIQNHFVDEYDPTIEDSYRKQVVIDGETCLLDILDTAGQEEYSAMRDQYMRTGEGFLCVFAINNTKSFEDIHHYREQIKRVKDSEDVPMVLVGNKCDLPSRTVDTKQAQDLARSYGIPFIETSAKTRQGVDDAFYTLVREIRKH	True	112.830	112.830	66.770	90.00	90.00	120.00	/Users/mitchellparker/Desktop/rascore_build/core/5mlaA_core.cif	/Users/mitchellparker/Desktop/rascore_build/rcsb/5mla.cif.gz	/Users/mitchellparker/Desktop/rascore_build/renum/5mla_renum.cif	/Users/mitchellparker/Desktop/rascore_build/rcsb_assembly/5mla-assembly-1.cif.gz	/Users/mitchellparker/Desktop/rascore_build/renum_assembly/5mla-assembly-1_renum.cif	/Users/mitchellparker/Desktop/rascore_build/sifts/5mla.xml.gz	/Users/mitchellparker/Desktop/rascore_build/pocket/5mlaA_2_pocket.pdb
5mlaA	5mla	0	A	Outlier	Y71in.3P-R	Y32out	Y71in	H 3 (CF2)	5mlaA3	3	GTPase KRas	RASK_HUMAN	P01116-2	G12V	G12	KRAS	3P	G12V	None	None	Binder	None	SP2-Unbound	H 3	169	1-164	2016-12-06	Other	479.1922	0.0094	Unbound	Unbound	1,2,4,46,47,49,50,51,160,161,164	MG,GSP,SO4	darpin k55	None	B:33,31,40,25,39,38,34,37,56,36,67,64,54,5,70,66,63,73,74,24,41	None	None	None	None	Binder	None	B	GSP	MG	None	SO4	None	None	STP	XRAY	2.190	0.184	GSHMTEYKLVVVGAVGVGKSALTIQLIQNHFVDEYDPTIEDSYRKQVVIDGETCLLDILDTAGQEEYSAMRDQYMRTGEGFLCVFAINNTKSFEDIHHYREQIKRVKDSEDVPMVLVGNKCDLPSRTVDTKQAQDLARSYGIPFIETSAKTRQGVDDAFYTLVREIRKH	True	112.830	112.830	66.770	90.00	90.00	120.00	/Users/mitchellparker/Desktop/rascore_build/core/5mlaA_core.cif	/Users/mitchellparker/Desktop/rascore_build/rcsb/5mla.cif.gz	/Users/mitchellparker/Desktop/rascore_build/renum/5mla_renum.cif	/Users/mitchellparker/Desktop/rascore_build/rcsb_assembly/5mla-assembly-1.cif.gz	/Users/mitchellparker/Desktop/rascore_build/renum_assembly/5mla-assembly-1_renum.cif	/Users/mitchellparker/Desktop/rascore_build/sifts/5mla.xml.gz	/Users/mitchellparker/Desktop/rascore_build/pocket/5mlaA_3_pocket.pdb
5mlaA	5mla	0	A	Outlier	Y71in.3P-R	Y32out	Y71in	H 3 (CF2)	5mlaA4	4	GTPase KRas	RASK_HUMAN	P01116-2	G12V	G12	KRAS	3P	G12V	None	None	Binder	None	SP2-Unbound	H 3	169	1-164	2016-12-06	SP2	139.9638	0.0008	Unbound	Unbound	11,12,60,62,88,92,96	MG,GSP,SO4	darpin k55	None	B:33,31,40,25,39,38,34,37,56,36,67,64,54,5,70,66,63,73,74,24,41	None	None	None	None	Binder	None	B	GSP	MG	None	SO4	None	None	STP	XRAY	2.190	0.184	GSHMTEYKLVVVGAVGVGKSALTIQLIQNHFVDEYDPTIEDSYRKQVVIDGETCLLDILDTAGQEEYSAMRDQYMRTGEGFLCVFAINNTKSFEDIHHYREQIKRVKDSEDVPMVLVGNKCDLPSRTVDTKQAQDLARSYGIPFIETSAKTRQGVDDAFYTLVREIRKH	True	112.830	112.830	66.770	90.00	90.00	120.00	/Users/mitchellparker/Desktop/rascore_build/core/5mlaA_core.cif	/Users/mitchellparker/Desktop/rascore_build/rcsb/5mla.cif.gz	/Users/mitchellparker/Desktop/rascore_build/renum/5mla_renum.cif	/Users/mitchellparker/Desktop/rascore_build/rcsb_assembly/5mla-assembly-1.cif.gz	/Users/mitchellparker/Desktop/rascore_build/renum_assembly/5mla-assembly-1_renum.cif	/Users/mitchellparker/Desktop/rascore_build/sifts/5mla.xml.gz	/Users/mitchellparker/Desktop/rascore_build/pocket/5mlaA_4_pocket.pdb
5mlaA	5mla	0	A	Outlier	Y71in.3P-R	Y32out	Y71in	H 3 (CF2)	5mlaA5	5	GTPase KRas	RASK_HUMAN	P01116-2	G12V	G12	KRAS	3P	G12V	None	None	Binder	None	SP2-Unbound	H 3	169	1-164	2016-12-06	SP2	220.9858	0.0003	Unbound	Unbound	62,68,88,92,95,96	MG,GSP,SO4	darpin k55	None	B:33,31,40,25,39,38,34,37,56,36,67,64,54,5,70,66,63,73,74,24,41	None	None	None	None	Binder	None	B	GSP	MG	None	SO4	None	None	STP	XRAY	2.190	0.184	GSHMTEYKLVVVGAVGVGKSALTIQLIQNHFVDEYDPTIEDSYRKQVVIDGETCLLDILDTAGQEEYSAMRDQYMRTGEGFLCVFAINNTKSFEDIHHYREQIKRVKDSEDVPMVLVGNKCDLPSRTVDTKQAQDLARSYGIPFIETSAKTRQGVDDAFYTLVREIRKH	True	112.830	112.830	66.770	90.00	90.00	120.00	/Users/mitchellparker/Desktop/rascore_build/core/5mlaA_core.cif	/Users/mitchellparker/Desktop/rascore_build/rcsb/5mla.cif.gz	/Users/mitchellparker/Desktop/rascore_build/renum/5mla_renum.cif	/Users/mitchellparker/Desktop/rascore_build/rcsb_assembly/5mla-assembly-1.cif.gz	/Users/mitchellparker/Desktop/rascore_build/renum_assembly/5mla-assembly-1_renum.cif	/Users/mitchellparker/Desktop/rascore_build/sifts/5mla.xml.gz	/Users/mitchellparker/Desktop/rascore_build/pocket/5mlaA_5_pocket.pdb
5mlaA	5mla	0	A	Outlier	Y71in.3P-R	Y32out	Y71in	H 3 (CF2)	5mlaA6	6	GTPase KRas	RASK_HUMAN	P01116-2	G12V	G12	KRAS	3P	G12V	None	None	Binder	None	SP2-Unbound	H 3	169	1-164	2016-12-06	Other	181.9734	0.0001	Unbound	Unbound	97,107,108,109,110,137,138,139,162	MG,GSP,SO4	darpin k55	None	B:33,31,40,25,39,38,34,37,56,36,67,64,54,5,70,66,63,73,74,24,41	None	None	None	None	Binder	None	B	GSP	MG	None	SO4	None	None	STP	XRAY	2.190	0.184	GSHMTEYKLVVVGAVGVGKSALTIQLIQNHFVDEYDPTIEDSYRKQVVIDGETCLLDILDTAGQEEYSAMRDQYMRTGEGFLCVFAINNTKSFEDIHHYREQIKRVKDSEDVPMVLVGNKCDLPSRTVDTKQAQDLARSYGIPFIETSAKTRQGVDDAFYTLVREIRKH	True	112.830	112.830	66.770	90.00	90.00	120.00	/Users/mitchellparker/Desktop/rascore_build/core/5mlaA_core.cif	/Users/mitchellparker/Desktop/rascore_build/rcsb/5mla.cif.gz	/Users/mitchellparker/Desktop/rascore_build/renum/5mla_renum.cif	/Users/mitchellparker/Desktop/rascore_build/rcsb_assembly/5mla-assembly-1.cif.gz	/Users/mitchellparker/Desktop/rascore_build/renum_assembly/5mla-assembly-1_renum.cif	/Users/mitchellparker/Desktop/rascore_build/sifts/5mla.xml.gz	/Users/mitchellparker/Desktop/rascore_build/pocket/5mlaA_6_pocket.pdb
5mlbA	5mlb	0	A	Y32out.2P-OFF	Y71out.2P-BINDER	Y32out	Y71out	P 65 (CF1)	5mlbA1	1	GTPase KRas	RASK_HUMAN	P01116-2	G12V	G12	KRAS	2P	G12V	None	None	Binder	None	SP2-Unbound	P 65	169	1-165	2016-12-06	Other	336.6382	0.0002	Unbound	Unbound	141,142,143,149,150,151,153,154	GDP,MG	DARPin K27	None	B:33,31,30,29,32,36,35,25,24,40,38,37,41,39,67,71,66,52,70	None	None	None	None	Binder	None	B	GDP	MG	None	None	None	None	STP	XRAY	3.220	0.203	GSHMTEYKLVVVGAVGVGKSALTIQLIQNHFVDEYDPTIEDSYRKQVVIDGETCLLDILDTAGQEEYSAMRDQYMRTGEGFLCVFAINNTKSFEDIHHYREQIKRVKDSEDVPMVLVGNKCDLPSRTVDTKQAQDLARSYGIPFIETSAKTRQGVDDAFYTLVREIRKH	True	197.140	197.140	84.610	90.00	90.00	120.00	/Users/mitchellparker/Desktop/rascore_build/core/5mlbA_core.cif	/Users/mitchellparker/Desktop/rascore_build/rcsb/5mlb.cif.gz	/Users/mitchellparker/Desktop/rascore_build/renum/5mlb_renum.cif	/Users/mitchellparker/Desktop/rascore_build/rcsb_assembly/5mlb-assembly-1.cif.gz	/Users/mitchellparker/Desktop/rascore_build/renum_assembly/5mlb-assembly-1_renum.cif	/Users/mitchellparker/Desktop/rascore_build/sifts/5mlb.xml.gz	/Users/mitchellparker/Desktop/rascore_build/pocket/5mlbA_1_pocket.pdb
5mlbA	5mlb	0	A	Y32out.2P-OFF	Y71out.2P-BINDER	Y32out	Y71out	P 65 (CF1)	5mlbA2	2	GTPase KRas	RASK_HUMAN	P01116-2	G12V	G12	KRAS	2P	G12V	None	None	Binder	None	SP2-Unbound	P 65	169	1-165	2016-12-06	SP2	472.0032	0.0043	Unbound	Unbound	61,68,69,72,73,92,95,96,99,103	GDP,MG	DARPin K27	None	B:33,31,30,29,32,36,35,25,24,40,38,37,41,39,67,71,66,52,70	None	None	None	None	Binder	None	B	GDP	MG	None	None	None	None	STP	XRAY	3.220	0.203	GSHMTEYKLVVVGAVGVGKSALTIQLIQNHFVDEYDPTIEDSYRKQVVIDGETCLLDILDTAGQEEYSAMRDQYMRTGEGFLCVFAINNTKSFEDIHHYREQIKRVKDSEDVPMVLVGNKCDLPSRTVDTKQAQDLARSYGIPFIETSAKTRQGVDDAFYTLVREIRKH	True	197.140	197.140	84.610	90.00	90.00	120.00	/Users/mitchellparker/Desktop/rascore_build/core/5mlbA_core.cif	/Users/mitchellparker/Desktop/rascore_build/rcsb/5mlb.cif.gz	/Users/mitchellparker/Desktop/rascore_build/renum/5mlb_renum.cif	/Users/mitchellparker/Desktop/rascore_build/rcsb_assembly/5mlb-assembly-1.cif.gz	/Users/mitchellparker/Desktop/rascore_build/renum_assembly/5mlb-assembly-1_renum.cif	/Users/mitchellparker/Desktop/rascore_build/sifts/5mlb.xml.gz	/Users/mitchellparker/Desktop/rascore_build/pocket/5mlbA_2_pocket.pdb
5mlbA	5mlb	0	A	Y32out.2P-OFF	Y71out.2P-BINDER	Y32out	Y71out	P 65 (CF1)	5mlbA3	3	GTPase KRas	RASK_HUMAN	P01116-2	G12V	G12	KRAS	2P	G12V	None	None	Binder	None	SP2-Unbound	P 65	169	1-165	2016-12-06	Other	396.5694	0.0001	Unbound	Unbound	131,134,135,138,139,140,141,162	GDP,MG	DARPin K27	None	B:33,31,30,29,32,36,35,25,24,40,38,37,41,39,67,71,66,52,70	None	None	None	None	Binder	None	B	GDP	MG	None	None	None	None	STP	XRAY	3.220	0.203	GSHMTEYKLVVVGAVGVGKSALTIQLIQNHFVDEYDPTIEDSYRKQVVIDGETCLLDILDTAGQEEYSAMRDQYMRTGEGFLCVFAINNTKSFEDIHHYREQIKRVKDSEDVPMVLVGNKCDLPSRTVDTKQAQDLARSYGIPFIETSAKTRQGVDDAFYTLVREIRKH	True	197.140	197.140	84.610	90.00	90.00	120.00	/Users/mitchellparker/Desktop/rascore_build/core/5mlbA_core.cif	/Users/mitchellparker/Desktop/rascore_build/rcsb/5mlb.cif.gz	/Users/mitchellparker/Desktop/rascore_build/renum/5mlb_renum.cif	/Users/mitchellparker/Desktop/rascore_build/rcsb_assembly/5mlb-assembly-1.cif.gz	/Users/mitchellparker/Desktop/rascore_build/renum_assembly/5mlb-assembly-1_renum.cif	/Users/mitchellparker/Desktop/rascore_build/sifts/5mlb.xml.gz	/Users/mitchellparker/Desktop/rascore_build/pocket/5mlbA_3_pocket.pdb
5mlbA	5mlb	0	A	Y32out.2P-OFF	Y71out.2P-BINDER	Y32out	Y71out	P 65 (CF1)	5mlbA4	4	GTPase KRas	RASK_HUMAN	P01116-2	G12V	G12	KRAS	2P	G12V	None	None	Binder	None	SP2-Unbound	P 65	169	1-165	2016-12-06	Other	502.7850	0.0001	Unbound	Unbound	97,107,108,109,110,111,137,138,139,162,165	GDP,MG	DARPin K27	None	B:33,31,30,29,32,36,35,25,24,40,38,37,41,39,67,71,66,52,70	None	None	None	None	Binder	None	B	GDP	MG	None	None	None	None	STP	XRAY	3.220	0.203	GSHMTEYKLVVVGAVGVGKSALTIQLIQNHFVDEYDPTIEDSYRKQVVIDGETCLLDILDTAGQEEYSAMRDQYMRTGEGFLCVFAINNTKSFEDIHHYREQIKRVKDSEDVPMVLVGNKCDLPSRTVDTKQAQDLARSYGIPFIETSAKTRQGVDDAFYTLVREIRKH	True	197.140	197.140	84.610	90.00	90.00	120.00	/Users/mitchellparker/Desktop/rascore_build/core/5mlbA_core.cif	/Users/mitchellparker/Desktop/rascore_build/rcsb/5mlb.cif.gz	/Users/mitchellparker/Desktop/rascore_build/renum/5mlb_renum.cif	/Users/mitchellparker/Desktop/rascore_build/rcsb_assembly/5mlb-assembly-1.cif.gz	/Users/mitchellparker/Desktop/rascore_build/renum_assembly/5mlb-assembly-1_renum.cif	/Users/mitchellparker/Desktop/rascore_build/sifts/5mlb.xml.gz	/Users/mitchellparker/Desktop/rascore_build/pocket/5mlbA_4_pocket.pdb
5mlbC	5mlb	0	C	Y32out.2P-OFF	Y71out.2P-BINDER	Y32out	Y71out	P 65 (CF1)	5mlbC1	1	GTPase KRas	RASK_HUMAN	P01116-2	G12V	G12	KRAS	2P	G12V	None	None	Binder	None	SP2-Unbound	P 65	169	1-165	2016-12-06	SP2	308.5940	0.0012	Unbound	Unbound	61,68,92,95,96,99	GDP,MG	DARPin K27	None	D:33,31,30,32,29,25,36,35,40,38,37,41,39,71,66,67,52	None	None	None	None	Binder	None	D	GDP	MG	None	None	None	None	STP	XRAY	3.220	0.203	GSHMTEYKLVVVGAVGVGKSALTIQLIQNHFVDEYDPTIEDSYRKQVVIDGETCLLDILDTAGQEEYSAMRDQYMRTGEGFLCVFAINNTKSFEDIHHYREQIKRVKDSEDVPMVLVGNKCDLPSRTVDTKQAQDLARSYGIPFIETSAKTRQGVDDAFYTLVREIRKH	True	197.140	197.140	84.610	90.00	90.00	120.00	/Users/mitchellparker/Desktop/rascore_build/core/5mlbC_core.cif	/Users/mitchellparker/Desktop/rascore_build/rcsb/5mlb.cif.gz	/Users/mitchellparker/Desktop/rascore_build/renum/5mlb_renum.cif	/Users/mitchellparker/Desktop/rascore_build/rcsb_assembly/5mlb-assembly-1.cif.gz	/Users/mitchellparker/Desktop/rascore_build/renum_assembly/5mlb-assembly-1_renum.cif	/Users/mitchellparker/Desktop/rascore_build/sifts/5mlb.xml.gz	/Users/mitchellparker/Desktop/rascore_build/pocket/5mlbC_1_pocket.pdb
5mlbC	5mlb	0	C	Y32out.2P-OFF	Y71out.2P-BINDER	Y32out	Y71out	P 65 (CF1)	5mlbC2	2	GTPase KRas	RASK_HUMAN	P01116-2	G12V	G12	KRAS	2P	G12V	None	None	Binder	None	SP2-Unbound	P 65	169	1-165	2016-12-06	Other	368.4612	0.0017	Unbound	Unbound	131,134,135,138,139,140,141,162	GDP,MG	DARPin K27	None	D:33,31,30,32,29,25,36,35,40,38,37,41,39,71,66,67,52	None	None	None	None	Binder	None	D	GDP	MG	None	None	None	None	STP	XRAY	3.220	0.203	GSHMTEYKLVVVGAVGVGKSALTIQLIQNHFVDEYDPTIEDSYRKQVVIDGETCLLDILDTAGQEEYSAMRDQYMRTGEGFLCVFAINNTKSFEDIHHYREQIKRVKDSEDVPMVLVGNKCDLPSRTVDTKQAQDLARSYGIPFIETSAKTRQGVDDAFYTLVREIRKH	True	197.140	197.140	84.610	90.00	90.00	120.00	/Users/mitchellparker/Desktop/rascore_build/core/5mlbC_core.cif	/Users/mitchellparker/Desktop/rascore_build/rcsb/5mlb.cif.gz	/Users/mitchellparker/Desktop/rascore_build/renum/5mlb_renum.cif	/Users/mitchellparker/Desktop/rascore_build/rcsb_assembly/5mlb-assembly-1.cif.gz	/Users/mitchellparker/Desktop/rascore_build/renum_assembly/5mlb-assembly-1_renum.cif	/Users/mitchellparker/Desktop/rascore_build/sifts/5mlb.xml.gz	/Users/mitchellparker/Desktop/rascore_build/pocket/5mlbC_2_pocket.pdb
5mlbC	5mlb	0	C	Y32out.2P-OFF	Y71out.2P-BINDER	Y32out	Y71out	P 65 (CF1)	5mlbC3	3	GTPase KRas	RASK_HUMAN	P01116-2	G12V	G12	KRAS	2P	G12V	None	None	Binder	None	SP2-Unbound	P 65	169	1-165	2016-12-06	SP2	190.9119	0.0010	Unbound	Unbound	64,65,68,69,72,99,103	GDP,MG	DARPin K27	None	D:33,31,30,32,29,25,36,35,40,38,37,41,39,71,66,67,52	None	None	None	None	Binder	None	D	GDP	MG	None	None	None	None	STP	XRAY	3.220	0.203	GSHMTEYKLVVVGAVGVGKSALTIQLIQNHFVDEYDPTIEDSYRKQVVIDGETCLLDILDTAGQEEYSAMRDQYMRTGEGFLCVFAINNTKSFEDIHHYREQIKRVKDSEDVPMVLVGNKCDLPSRTVDTKQAQDLARSYGIPFIETSAKTRQGVDDAFYTLVREIRKH	True	197.140	197.140	84.610	90.00	90.00	120.00	/Users/mitchellparker/Desktop/rascore_build/core/5mlbC_core.cif	/Users/mitchellparker/Desktop/rascore_build/rcsb/5mlb.cif.gz	/Users/mitchellparker/Desktop/rascore_build/renum/5mlb_renum.cif	/Users/mitchellparker/Desktop/rascore_build/rcsb_assembly/5mlb-assembly-1.cif.gz	/Users/mitchellparker/Desktop/rascore_build/renum_assembly/5mlb-assembly-1_renum.cif	/Users/mitchellparker/Desktop/rascore_build/sifts/5mlb.xml.gz	/Users/mitchellparker/Desktop/rascore_build/pocket/5mlbC_3_pocket.pdb
5mlbC	5mlb	0	C	Y32out.2P-OFF	Y71out.2P-BINDER	Y32out	Y71out	P 65 (CF1)	5mlbC4	4	GTPase KRas	RASK_HUMAN	P01116-2	G12V	G12	KRAS	2P	G12V	None	None	Binder	None	SP2-Unbound	P 65	169	1-165	2016-12-06	Other	427.7882	0.0000	Unbound	Unbound	97,107,108,109,110,111,137,138,139,162,165	GDP,MG	DARPin K27	None	D:33,31,30,32,29,25,36,35,40,38,37,41,39,71,66,67,52	None	None	None	None	Binder	None	D	GDP	MG	None	None	None	None	STP	XRAY	3.220	0.203	GSHMTEYKLVVVGAVGVGKSALTIQLIQNHFVDEYDPTIEDSYRKQVVIDGETCLLDILDTAGQEEYSAMRDQYMRTGEGFLCVFAINNTKSFEDIHHYREQIKRVKDSEDVPMVLVGNKCDLPSRTVDTKQAQDLARSYGIPFIETSAKTRQGVDDAFYTLVREIRKH	True	197.140	197.140	84.610	90.00	90.00	120.00	/Users/mitchellparker/Desktop/rascore_build/core/5mlbC_core.cif	/Users/mitchellparker/Desktop/rascore_build/rcsb/5mlb.cif.gz	/Users/mitchellparker/Desktop/rascore_build/renum/5mlb_renum.cif	/Users/mitchellparker/Desktop/rascore_build/rcsb_assembly/5mlb-assembly-1.cif.gz	/Users/mitchellparker/Desktop/rascore_build/renum_assembly/5mlb-assembly-1_renum.cif	/Users/mitchellparker/Desktop/rascore_build/sifts/5mlb.xml.gz	/Users/mitchellparker/Desktop/rascore_build/pocket/5mlbC_4_pocket.pdb
5mlbE	5mlb	0	E	Y32out.2P-OFF	Y71out.2P-BINDER	Y32out	Y71out	P 65 (CF1)	5mlbE1	1	GTPase KRas	RASK_HUMAN	P01116-2	G12V	G12	KRAS	2P	G12V	None	None	Binder	None	SP2-Unbound	P 65	169	1-165	2016-12-06	SP2	274.1852	0.0082	Unbound	Unbound	9,58,61,68,72,92,95,96,99	GDP,MG	DARPin K27	None	F:33,30,31,32,29,36,35,25,24,40,38,37,63,41,39,67,71,66,52,70	None	None	None	None	Binder	None	F	GDP	MG	None	None	None	None	STP	XRAY	3.220	0.203	GSHMTEYKLVVVGAVGVGKSALTIQLIQNHFVDEYDPTIEDSYRKQVVIDGETCLLDILDTAGQEEYSAMRDQYMRTGEGFLCVFAINNTKSFEDIHHYREQIKRVKDSEDVPMVLVGNKCDLPSRTVDTKQAQDLARSYGIPFIETSAKTRQGVDDAFYTLVREIRKH	True	197.140	197.140	84.610	90.00	90.00	120.00	/Users/mitchellparker/Desktop/rascore_build/core/5mlbE_core.cif	/Users/mitchellparker/Desktop/rascore_build/rcsb/5mlb.cif.gz	/Users/mitchellparker/Desktop/rascore_build/renum/5mlb_renum.cif	/Users/mitchellparker/Desktop/rascore_build/rcsb_assembly/5mlb-assembly-1.cif.gz	/Users/mitchellparker/Desktop/rascore_build/renum_assembly/5mlb-assembly-1_renum.cif	/Users/mitchellparker/Desktop/rascore_build/sifts/5mlb.xml.gz	/Users/mitchellparker/Desktop/rascore_build/pocket/5mlbE_1_pocket.pdb
5mlbE	5mlb	0	E	Y32out.2P-OFF	Y71out.2P-BINDER	Y32out	Y71out	P 65 (CF1)	5mlbE2	2	GTPase KRas	RASK_HUMAN	P01116-2	G12V	G12	KRAS	2P	G12V	None	None	Binder	None	SP2-Unbound	P 65	169	1-165	2016-12-06	SP2	316.6050	0.0002	Unbound	Unbound	61,68,69,72,73,99,102,103	GDP,MG	DARPin K27	None	F:33,30,31,32,29,36,35,25,24,40,38,37,63,41,39,67,71,66,52,70	None	None	None	None	Binder	None	F	GDP	MG	None	None	None	None	STP	XRAY	3.220	0.203	GSHMTEYKLVVVGAVGVGKSALTIQLIQNHFVDEYDPTIEDSYRKQVVIDGETCLLDILDTAGQEEYSAMRDQYMRTGEGFLCVFAINNTKSFEDIHHYREQIKRVKDSEDVPMVLVGNKCDLPSRTVDTKQAQDLARSYGIPFIETSAKTRQGVDDAFYTLVREIRKH	True	197.140	197.140	84.610	90.00	90.00	120.00	/Users/mitchellparker/Desktop/rascore_build/core/5mlbE_core.cif	/Users/mitchellparker/Desktop/rascore_build/rcsb/5mlb.cif.gz	/Users/mitchellparker/Desktop/rascore_build/renum/5mlb_renum.cif	/Users/mitchellparker/Desktop/rascore_build/rcsb_assembly/5mlb-assembly-1.cif.gz	/Users/mitchellparker/Desktop/rascore_build/renum_assembly/5mlb-assembly-1_renum.cif	/Users/mitchellparker/Desktop/rascore_build/sifts/5mlb.xml.gz	/Users/mitchellparker/Desktop/rascore_build/pocket/5mlbE_2_pocket.pdb
5mlbE	5mlb	0	E	Y32out.2P-OFF	Y71out.2P-BINDER	Y32out	Y71out	P 65 (CF1)	5mlbE3	3	GTPase KRas	RASK_HUMAN	P01116-2	G12V	G12	KRAS	2P	G12V	None	None	Binder	None	SP2-Unbound	P 65	169	1-165	2016-12-06	Other	525.0549	0.0000	Unbound	Unbound	97,107,108,109,110,111,137,138,139,162,165	GDP,MG	DARPin K27	None	F:33,30,31,32,29,36,35,25,24,40,38,37,63,41,39,67,71,66,52,70	None	None	None	None	Binder	None	F	GDP	MG	None	None	None	None	STP	XRAY	3.220	0.203	GSHMTEYKLVVVGAVGVGKSALTIQLIQNHFVDEYDPTIEDSYRKQVVIDGETCLLDILDTAGQEEYSAMRDQYMRTGEGFLCVFAINNTKSFEDIHHYREQIKRVKDSEDVPMVLVGNKCDLPSRTVDTKQAQDLARSYGIPFIETSAKTRQGVDDAFYTLVREIRKH	True	197.140	197.140	84.610	90.00	90.00	120.00	/Users/mitchellparker/Desktop/rascore_build/core/5mlbE_core.cif	/Users/mitchellparker/Desktop/rascore_build/rcsb/5mlb.cif.gz	/Users/mitchellparker/Desktop/rascore_build/renum/5mlb_renum.cif	/Users/mitchellparker/Desktop/rascore_build/rcsb_assembly/5mlb-assembly-1.cif.gz	/Users/mitchellparker/Desktop/rascore_build/renum_assembly/5mlb-assembly-1_renum.cif	/Users/mitchellparker/Desktop/rascore_build/sifts/5mlb.xml.gz	/Users/mitchellparker/Desktop/rascore_build/pocket/5mlbE_3_pocket.pdb
5mlbG	5mlb	0	G	Y32out.2P-OFF	Y71out.2P-BINDER	Y32out	Y71out	P 65 (CF1)	5mlbG1	1	GTPase KRas	RASK_HUMAN	P01116-2	G12V	G12	KRAS	2P	G12V	None	None	Binder	None	SP2-Unbound	P 65	169	1-164	2016-12-06	SP2	208.3114	0.1943	Unbound	Unbound	9,10,12,16,34,58,59,60,61,68,72,96,99	GDP,MG	DARPin K27	None	H:33,31,30,32,29,25,36,35,40,38,37,41,39,71,66,67,52	None	None	None	None	Binder	None	H	GDP	MG	None	None	None	None	STP	XRAY	3.220	0.203	GSHMTEYKLVVVGAVGVGKSALTIQLIQNHFVDEYDPTIEDSYRKQVVIDGETCLLDILDTAGQEEYSAMRDQYMRTGEGFLCVFAINNTKSFEDIHHYREQIKRVKDSEDVPMVLVGNKCDLPSRTVDTKQAQDLARSYGIPFIETSAKTRQGVDDAFYTLVREIRKH	True	197.140	197.140	84.610	90.00	90.00	120.00	/Users/mitchellparker/Desktop/rascore_build/core/5mlbG_core.cif	/Users/mitchellparker/Desktop/rascore_build/rcsb/5mlb.cif.gz	/Users/mitchellparker/Desktop/rascore_build/renum/5mlb_renum.cif	/Users/mitchellparker/Desktop/rascore_build/rcsb_assembly/5mlb-assembly-1.cif.gz	/Users/mitchellparker/Desktop/rascore_build/renum_assembly/5mlb-assembly-1_renum.cif	/Users/mitchellparker/Desktop/rascore_build/sifts/5mlb.xml.gz	/Users/mitchellparker/Desktop/rascore_build/pocket/5mlbG_1_pocket.pdb
5mlbG	5mlb	0	G	Y32out.2P-OFF	Y71out.2P-BINDER	Y32out	Y71out	P 65 (CF1)	5mlbG2	2	GTPase KRas	RASK_HUMAN	P01116-2	G12V	G12	KRAS	2P	G12V	None	None	Binder	None	SP2-Unbound	P 65	169	1-164	2016-12-06	Other	415.2613	0.0049	Unbound	Unbound	97,98,101,106,107,108,109,111,136,137,139	GDP,MG	DARPin K27	None	H:33,31,30,32,29,25,36,35,40,38,37,41,39,71,66,67,52	None	None	None	None	Binder	None	H	GDP	MG	None	None	None	None	STP	XRAY	3.220	0.203	GSHMTEYKLVVVGAVGVGKSALTIQLIQNHFVDEYDPTIEDSYRKQVVIDGETCLLDILDTAGQEEYSAMRDQYMRTGEGFLCVFAINNTKSFEDIHHYREQIKRVKDSEDVPMVLVGNKCDLPSRTVDTKQAQDLARSYGIPFIETSAKTRQGVDDAFYTLVREIRKH	True	197.140	197.140	84.610	90.00	90.00	120.00	/Users/mitchellparker/Desktop/rascore_build/core/5mlbG_core.cif	/Users/mitchellparker/Desktop/rascore_build/rcsb/5mlb.cif.gz	/Users/mitchellparker/Desktop/rascore_build/renum/5mlb_renum.cif	/Users/mitchellparker/Desktop/rascore_build/rcsb_assembly/5mlb-assembly-1.cif.gz	/Users/mitchellparker/Desktop/rascore_build/renum_assembly/5mlb-assembly-1_renum.cif	/Users/mitchellparker/Desktop/rascore_build/sifts/5mlb.xml.gz	/Users/mitchellparker/Desktop/rascore_build/pocket/5mlbG_2_pocket.pdb
5mlbG	5mlb	0	G	Y32out.2P-OFF	Y71out.2P-BINDER	Y32out	Y71out	P 65 (CF1)	5mlbG3	3	GTPase KRas	RASK_HUMAN	P01116-2	G12V	G12	KRAS	2P	G12V	None	None	Binder	None	SP2-Unbound	P 65	169	1-164	2016-12-06	Other	206.6625	0.0003	Unbound	Unbound	4,46,47,49,51,160,161,164	GDP,MG	DARPin K27	None	H:33,31,30,32,29,25,36,35,40,38,37,41,39,71,66,67,52	None	None	None	None	Binder	None	H	GDP	MG	None	None	None	None	STP	XRAY	3.220	0.203	GSHMTEYKLVVVGAVGVGKSALTIQLIQNHFVDEYDPTIEDSYRKQVVIDGETCLLDILDTAGQEEYSAMRDQYMRTGEGFLCVFAINNTKSFEDIHHYREQIKRVKDSEDVPMVLVGNKCDLPSRTVDTKQAQDLARSYGIPFIETSAKTRQGVDDAFYTLVREIRKH	True	197.140	197.140	84.610	90.00	90.00	120.00	/Users/mitchellparker/Desktop/rascore_build/core/5mlbG_core.cif	/Users/mitchellparker/Desktop/rascore_build/rcsb/5mlb.cif.gz	/Users/mitchellparker/Desktop/rascore_build/renum/5mlb_renum.cif	/Users/mitchellparker/Desktop/rascore_build/rcsb_assembly/5mlb-assembly-1.cif.gz	/Users/mitchellparker/Desktop/rascore_build/renum_assembly/5mlb-assembly-1_renum.cif	/Users/mitchellparker/Desktop/rascore_build/sifts/5mlb.xml.gz	/Users/mitchellparker/Desktop/rascore_build/pocket/5mlbG_3_pocket.pdb
5mlbG	5mlb	0	G	Y32out.2P-OFF	Y71out.2P-BINDER	Y32out	Y71out	P 65 (CF1)	5mlbG4	4	GTPase KRas	RASK_HUMAN	P01116-2	G12V	G12	KRAS	2P	G12V	None	None	Binder	None	SP2-Unbound	P 65	169	1-164	2016-12-06	SP2	386.2440	0.0007	Unbound	Unbound	61,68,69,72,73,96,99,103	GDP,MG	DARPin K27	None	H:33,31,30,32,29,25,36,35,40,38,37,41,39,71,66,67,52	None	None	None	None	Binder	None	H	GDP	MG	None	None	None	None	STP	XRAY	3.220	0.203	GSHMTEYKLVVVGAVGVGKSALTIQLIQNHFVDEYDPTIEDSYRKQVVIDGETCLLDILDTAGQEEYSAMRDQYMRTGEGFLCVFAINNTKSFEDIHHYREQIKRVKDSEDVPMVLVGNKCDLPSRTVDTKQAQDLARSYGIPFIETSAKTRQGVDDAFYTLVREIRKH	True	197.140	197.140	84.610	90.00	90.00	120.00	/Users/mitchellparker/Desktop/rascore_build/core/5mlbG_core.cif	/Users/mitchellparker/Desktop/rascore_build/rcsb/5mlb.cif.gz	/Users/mitchellparker/Desktop/rascore_build/renum/5mlb_renum.cif	/Users/mitchellparker/Desktop/rascore_build/rcsb_assembly/5mlb-assembly-1.cif.gz	/Users/mitchellparker/Desktop/rascore_build/renum_assembly/5mlb-assembly-1_renum.cif	/Users/mitchellparker/Desktop/rascore_build/sifts/5mlb.xml.gz	/Users/mitchellparker/Desktop/rascore_build/pocket/5mlbG_4_pocket.pdb
5mlbG	5mlb	0	G	Y32out.2P-OFF	Y71out.2P-BINDER	Y32out	Y71out	P 65 (CF1)	5mlbG5	5	GTPase KRas	RASK_HUMAN	P01116-2	G12V	G12	KRAS	2P	G12V	None	None	Binder	None	SP2-Unbound	P 65	169	1-164	2016-12-06	Other	327.1983	0.0000	Unbound	Unbound	108,110,138,162,164	GDP,MG	DARPin K27	None	H:33,31,30,32,29,25,36,35,40,38,37,41,39,71,66,67,52	None	None	None	None	Binder	None	H	GDP	MG	None	None	None	None	STP	XRAY	3.220	0.203	GSHMTEYKLVVVGAVGVGKSALTIQLIQNHFVDEYDPTIEDSYRKQVVIDGETCLLDILDTAGQEEYSAMRDQYMRTGEGFLCVFAINNTKSFEDIHHYREQIKRVKDSEDVPMVLVGNKCDLPSRTVDTKQAQDLARSYGIPFIETSAKTRQGVDDAFYTLVREIRKH	True	197.140	197.140	84.610	90.00	90.00	120.00	/Users/mitchellparker/Desktop/rascore_build/core/5mlbG_core.cif	/Users/mitchellparker/Desktop/rascore_build/rcsb/5mlb.cif.gz	/Users/mitchellparker/Desktop/rascore_build/renum/5mlb_renum.cif	/Users/mitchellparker/Desktop/rascore_build/rcsb_assembly/5mlb-assembly-1.cif.gz	/Users/mitchellparker/Desktop/rascore_build/renum_assembly/5mlb-assembly-1_renum.cif	/Users/mitchellparker/Desktop/rascore_build/sifts/5mlb.xml.gz	/Users/mitchellparker/Desktop/rascore_build/pocket/5mlbG_5_pocket.pdb
5o2sA	5o2s	0	A	Y32out.2P-OFF	Y71out.2P-BINDER	Y32out	Y71out	P 65 (CF1)	5o2sA1	1	GTPase KRas	RASK_HUMAN	P01116-2	G12V	G12	KRAS	2P	G12V	None	None	Binder	None	SP2-Unbound	P 65	169	1-165	2017-05-22	Other	343.2260	0.0002	Unbound	Unbound	141,142,143,149,150,151,153,154	GDP,MG	darpin K27	None	B:33,31,30,29,32,36,35,25,24,40,38,37,41,39,67,71,66,52,70	None	None	None	None	Binder	None	B	GDP	MG	None	None	None	None	STP	XRAY	3.220	0.203	GSHMTEYKLVVVGAVGVGKSALTIQLIQNHFVDEYDPTIEDSYRKQVVIDGETCLLDILDTAGQEEYSAMRDQYMRTGEGFLCVFAINNTKSFEDIHHYREQIKRVKDSEDVPMVLVGNKCDLPSRTVDTKQAQDLARSYGIPFIETSAKTRQGVDDAFYTLVREIRKH	True	197.140	197.140	84.610	90.00	90.00	120.00	/Users/mitchellparker/Desktop/rascore_build/core/5o2sA_core.cif	/Users/mitchellparker/Desktop/rascore_build/rcsb/5o2s.cif.gz	/Users/mitchellparker/Desktop/rascore_build/renum/5o2s_renum.cif	/Users/mitchellparker/Desktop/rascore_build/rcsb_assembly/5o2s-assembly-3.cif.gz	/Users/mitchellparker/Desktop/rascore_build/renum_assembly/5o2s-assembly-3_renum.cif	/Users/mitchellparker/Desktop/rascore_build/sifts/5o2s.xml.gz	/Users/mitchellparker/Desktop/rascore_build/pocket/5o2sA_1_pocket.pdb
5o2sA	5o2s	0	A	Y32out.2P-OFF	Y71out.2P-BINDER	Y32out	Y71out	P 65 (CF1)	5o2sA2	2	GTPase KRas	RASK_HUMAN	P01116-2	G12V	G12	KRAS	2P	G12V	None	None	Binder	None	SP2-Unbound	P 65	169	1-165	2017-05-22	SP2	474.9498	0.0043	Unbound	Unbound	61,68,69,72,73,92,95,96,99,103	GDP,MG	darpin K27	None	B:33,31,30,29,32,36,35,25,24,40,38,37,41,39,67,71,66,52,70	None	None	None	None	Binder	None	B	GDP	MG	None	None	None	None	STP	XRAY	3.220	0.203	GSHMTEYKLVVVGAVGVGKSALTIQLIQNHFVDEYDPTIEDSYRKQVVIDGETCLLDILDTAGQEEYSAMRDQYMRTGEGFLCVFAINNTKSFEDIHHYREQIKRVKDSEDVPMVLVGNKCDLPSRTVDTKQAQDLARSYGIPFIETSAKTRQGVDDAFYTLVREIRKH	True	197.140	197.140	84.610	90.00	90.00	120.00	/Users/mitchellparker/Desktop/rascore_build/core/5o2sA_core.cif	/Users/mitchellparker/Desktop/rascore_build/rcsb/5o2s.cif.gz	/Users/mitchellparker/Desktop/rascore_build/renum/5o2s_renum.cif	/Users/mitchellparker/Desktop/rascore_build/rcsb_assembly/5o2s-assembly-3.cif.gz	/Users/mitchellparker/Desktop/rascore_build/renum_assembly/5o2s-assembly-3_renum.cif	/Users/mitchellparker/Desktop/rascore_build/sifts/5o2s.xml.gz	/Users/mitchellparker/Desktop/rascore_build/pocket/5o2sA_2_pocket.pdb
5o2sA	5o2s	0	A	Y32out.2P-OFF	Y71out.2P-BINDER	Y32out	Y71out	P 65 (CF1)	5o2sA3	3	GTPase KRas	RASK_HUMAN	P01116-2	G12V	G12	KRAS	2P	G12V	None	None	Binder	None	SP2-Unbound	P 65	169	1-165	2017-05-22	Other	402.1182	0.0001	Unbound	Unbound	131,134,135,138,139,140,141,162	GDP,MG	darpin K27	None	B:33,31,30,29,32,36,35,25,24,40,38,37,41,39,67,71,66,52,70	None	None	None	None	Binder	None	B	GDP	MG	None	None	None	None	STP	XRAY	3.220	0.203	GSHMTEYKLVVVGAVGVGKSALTIQLIQNHFVDEYDPTIEDSYRKQVVIDGETCLLDILDTAGQEEYSAMRDQYMRTGEGFLCVFAINNTKSFEDIHHYREQIKRVKDSEDVPMVLVGNKCDLPSRTVDTKQAQDLARSYGIPFIETSAKTRQGVDDAFYTLVREIRKH	True	197.140	197.140	84.610	90.00	90.00	120.00	/Users/mitchellparker/Desktop/rascore_build/core/5o2sA_core.cif	/Users/mitchellparker/Desktop/rascore_build/rcsb/5o2s.cif.gz	/Users/mitchellparker/Desktop/rascore_build/renum/5o2s_renum.cif	/Users/mitchellparker/Desktop/rascore_build/rcsb_assembly/5o2s-assembly-3.cif.gz	/Users/mitchellparker/Desktop/rascore_build/renum_assembly/5o2s-assembly-3_renum.cif	/Users/mitchellparker/Desktop/rascore_build/sifts/5o2s.xml.gz	/Users/mitchellparker/Desktop/rascore_build/pocket/5o2sA_3_pocket.pdb
5o2sA	5o2s	0	A	Y32out.2P-OFF	Y71out.2P-BINDER	Y32out	Y71out	P 65 (CF1)	5o2sA4	4	GTPase KRas	RASK_HUMAN	P01116-2	G12V	G12	KRAS	2P	G12V	None	None	Binder	None	SP2-Unbound	P 65	169	1-165	2017-05-22	Other	487.6519	0.0001	Unbound	Unbound	97,107,108,109,110,111,137,138,139,162,165	GDP,MG	darpin K27	None	B:33,31,30,29,32,36,35,25,24,40,38,37,41,39,67,71,66,52,70	None	None	None	None	Binder	None	B	GDP	MG	None	None	None	None	STP	XRAY	3.220	0.203	GSHMTEYKLVVVGAVGVGKSALTIQLIQNHFVDEYDPTIEDSYRKQVVIDGETCLLDILDTAGQEEYSAMRDQYMRTGEGFLCVFAINNTKSFEDIHHYREQIKRVKDSEDVPMVLVGNKCDLPSRTVDTKQAQDLARSYGIPFIETSAKTRQGVDDAFYTLVREIRKH	True	197.140	197.140	84.610	90.00	90.00	120.00	/Users/mitchellparker/Desktop/rascore_build/core/5o2sA_core.cif	/Users/mitchellparker/Desktop/rascore_build/rcsb/5o2s.cif.gz	/Users/mitchellparker/Desktop/rascore_build/renum/5o2s_renum.cif	/Users/mitchellparker/Desktop/rascore_build/rcsb_assembly/5o2s-assembly-3.cif.gz	/Users/mitchellparker/Desktop/rascore_build/renum_assembly/5o2s-assembly-3_renum.cif	/Users/mitchellparker/Desktop/rascore_build/sifts/5o2s.xml.gz	/Users/mitchellparker/Desktop/rascore_build/pocket/5o2sA_4_pocket.pdb
5o2sC	5o2s	0	C	Y32out.2P-OFF	Y71out.2P-BINDER	Y32out	Y71out	P 65 (CF1)	5o2sC1	1	GTPase KRas	RASK_HUMAN	P01116-2	G12V	G12	KRAS	2P	G12V	None	None	Binder	None	SP2-Unbound	P 65	169	1-165	2017-05-22	SP2	305.5378	0.0012	Unbound	Unbound	61,68,92,95,96,99	GDP,MG	darpin K27	None	D:33,31,30,32,29,25,36,35,40,38,37,41,39,71,66,67,52	None	None	None	None	Binder	None	D	GDP	MG	None	None	None	None	STP	XRAY	3.220	0.203	GSHMTEYKLVVVGAVGVGKSALTIQLIQNHFVDEYDPTIEDSYRKQVVIDGETCLLDILDTAGQEEYSAMRDQYMRTGEGFLCVFAINNTKSFEDIHHYREQIKRVKDSEDVPMVLVGNKCDLPSRTVDTKQAQDLARSYGIPFIETSAKTRQGVDDAFYTLVREIRKH	True	197.140	197.140	84.610	90.00	90.00	120.00	/Users/mitchellparker/Desktop/rascore_build/core/5o2sC_core.cif	/Users/mitchellparker/Desktop/rascore_build/rcsb/5o2s.cif.gz	/Users/mitchellparker/Desktop/rascore_build/renum/5o2s_renum.cif	/Users/mitchellparker/Desktop/rascore_build/rcsb_assembly/5o2s-assembly-3.cif.gz	/Users/mitchellparker/Desktop/rascore_build/renum_assembly/5o2s-assembly-3_renum.cif	/Users/mitchellparker/Desktop/rascore_build/sifts/5o2s.xml.gz	/Users/mitchellparker/Desktop/rascore_build/pocket/5o2sC_1_pocket.pdb
5o2sC	5o2s	0	C	Y32out.2P-OFF	Y71out.2P-BINDER	Y32out	Y71out	P 65 (CF1)	5o2sC2	2	GTPase KRas	RASK_HUMAN	P01116-2	G12V	G12	KRAS	2P	G12V	None	None	Binder	None	SP2-Unbound	P 65	169	1-165	2017-05-22	Other	377.6198	0.0017	Unbound	Unbound	131,134,135,138,139,140,141,162	GDP,MG	darpin K27	None	D:33,31,30,32,29,25,36,35,40,38,37,41,39,71,66,67,52	None	None	None	None	Binder	None	D	GDP	MG	None	None	None	None	STP	XRAY	3.220	0.203	GSHMTEYKLVVVGAVGVGKSALTIQLIQNHFVDEYDPTIEDSYRKQVVIDGETCLLDILDTAGQEEYSAMRDQYMRTGEGFLCVFAINNTKSFEDIHHYREQIKRVKDSEDVPMVLVGNKCDLPSRTVDTKQAQDLARSYGIPFIETSAKTRQGVDDAFYTLVREIRKH	True	197.140	197.140	84.610	90.00	90.00	120.00	/Users/mitchellparker/Desktop/rascore_build/core/5o2sC_core.cif	/Users/mitchellparker/Desktop/rascore_build/rcsb/5o2s.cif.gz	/Users/mitchellparker/Desktop/rascore_build/renum/5o2s_renum.cif	/Users/mitchellparker/Desktop/rascore_build/rcsb_assembly/5o2s-assembly-3.cif.gz	/Users/mitchellparker/Desktop/rascore_build/renum_assembly/5o2s-assembly-3_renum.cif	/Users/mitchellparker/Desktop/rascore_build/sifts/5o2s.xml.gz	/Users/mitchellparker/Desktop/rascore_build/pocket/5o2sC_2_pocket.pdb
5o2sC	5o2s	0	C	Y32out.2P-OFF	Y71out.2P-BINDER	Y32out	Y71out	P 65 (CF1)	5o2sC3	3	GTPase KRas	RASK_HUMAN	P01116-2	G12V	G12	KRAS	2P	G12V	None	None	Binder	None	SP2-Unbound	P 65	169	1-165	2017-05-22	SP2	189.0325	0.0010	Unbound	Unbound	64,65,68,69,72,99,103	GDP,MG	darpin K27	None	D:33,31,30,32,29,25,36,35,40,38,37,41,39,71,66,67,52	None	None	None	None	Binder	None	D	GDP	MG	None	None	None	None	STP	XRAY	3.220	0.203	GSHMTEYKLVVVGAVGVGKSALTIQLIQNHFVDEYDPTIEDSYRKQVVIDGETCLLDILDTAGQEEYSAMRDQYMRTGEGFLCVFAINNTKSFEDIHHYREQIKRVKDSEDVPMVLVGNKCDLPSRTVDTKQAQDLARSYGIPFIETSAKTRQGVDDAFYTLVREIRKH	True	197.140	197.140	84.610	90.00	90.00	120.00	/Users/mitchellparker/Desktop/rascore_build/core/5o2sC_core.cif	/Users/mitchellparker/Desktop/rascore_build/rcsb/5o2s.cif.gz	/Users/mitchellparker/Desktop/rascore_build/renum/5o2s_renum.cif	/Users/mitchellparker/Desktop/rascore_build/rcsb_assembly/5o2s-assembly-3.cif.gz	/Users/mitchellparker/Desktop/rascore_build/renum_assembly/5o2s-assembly-3_renum.cif	/Users/mitchellparker/Desktop/rascore_build/sifts/5o2s.xml.gz	/Users/mitchellparker/Desktop/rascore_build/pocket/5o2sC_3_pocket.pdb
5o2sC	5o2s	0	C	Y32out.2P-OFF	Y71out.2P-BINDER	Y32out	Y71out	P 65 (CF1)	5o2sC4	4	GTPase KRas	RASK_HUMAN	P01116-2	G12V	G12	KRAS	2P	G12V	None	None	Binder	None	SP2-Unbound	P 65	169	1-165	2017-05-22	Other	438.7545	0.0000	Unbound	Unbound	97,107,108,109,110,111,137,138,139,162,165	GDP,MG	darpin K27	None	D:33,31,30,32,29,25,36,35,40,38,37,41,39,71,66,67,52	None	None	None	None	Binder	None	D	GDP	MG	None	None	None	None	STP	XRAY	3.220	0.203	GSHMTEYKLVVVGAVGVGKSALTIQLIQNHFVDEYDPTIEDSYRKQVVIDGETCLLDILDTAGQEEYSAMRDQYMRTGEGFLCVFAINNTKSFEDIHHYREQIKRVKDSEDVPMVLVGNKCDLPSRTVDTKQAQDLARSYGIPFIETSAKTRQGVDDAFYTLVREIRKH	True	197.140	197.140	84.610	90.00	90.00	120.00	/Users/mitchellparker/Desktop/rascore_build/core/5o2sC_core.cif	/Users/mitchellparker/Desktop/rascore_build/rcsb/5o2s.cif.gz	/Users/mitchellparker/Desktop/rascore_build/renum/5o2s_renum.cif	/Users/mitchellparker/Desktop/rascore_build/rcsb_assembly/5o2s-assembly-3.cif.gz	/Users/mitchellparker/Desktop/rascore_build/renum_assembly/5o2s-assembly-3_renum.cif	/Users/mitchellparker/Desktop/rascore_build/sifts/5o2s.xml.gz	/Users/mitchellparker/Desktop/rascore_build/pocket/5o2sC_4_pocket.pdb
5o2sE	5o2s	0	E	Y32out.2P-OFF	Y71out.2P-BINDER	Y32out	Y71out	P 65 (CF1)	5o2sE1	1	GTPase KRas	RASK_HUMAN	P01116-2	G12V	G12	KRAS	2P	G12V	None	None	Binder	None	SP2-Unbound	P 65	169	1-165	2017-05-22	SP2	292.3598	0.0082	Unbound	Unbound	9,58,61,68,72,92,95,96,99	GDP,MG	darpin K27	None	F:33,30,31,32,29,36,35,25,24,40,38,37,63,41,39,67,71,66,52,70	None	None	None	None	Binder	None	F	GDP	MG	None	None	None	None	STP	XRAY	3.220	0.203	GSHMTEYKLVVVGAVGVGKSALTIQLIQNHFVDEYDPTIEDSYRKQVVIDGETCLLDILDTAGQEEYSAMRDQYMRTGEGFLCVFAINNTKSFEDIHHYREQIKRVKDSEDVPMVLVGNKCDLPSRTVDTKQAQDLARSYGIPFIETSAKTRQGVDDAFYTLVREIRKH	True	197.140	197.140	84.610	90.00	90.00	120.00	/Users/mitchellparker/Desktop/rascore_build/core/5o2sE_core.cif	/Users/mitchellparker/Desktop/rascore_build/rcsb/5o2s.cif.gz	/Users/mitchellparker/Desktop/rascore_build/renum/5o2s_renum.cif	/Users/mitchellparker/Desktop/rascore_build/rcsb_assembly/5o2s-assembly-3.cif.gz	/Users/mitchellparker/Desktop/rascore_build/renum_assembly/5o2s-assembly-3_renum.cif	/Users/mitchellparker/Desktop/rascore_build/sifts/5o2s.xml.gz	/Users/mitchellparker/Desktop/rascore_build/pocket/5o2sE_1_pocket.pdb
5o2sE	5o2s	0	E	Y32out.2P-OFF	Y71out.2P-BINDER	Y32out	Y71out	P 65 (CF1)	5o2sE2	2	GTPase KRas	RASK_HUMAN	P01116-2	G12V	G12	KRAS	2P	G12V	None	None	Binder	None	SP2-Unbound	P 65	169	1-165	2017-05-22	SP2	308.2876	0.0002	Unbound	Unbound	61,68,69,72,73,99,102,103	GDP,MG	darpin K27	None	F:33,30,31,32,29,36,35,25,24,40,38,37,63,41,39,67,71,66,52,70	None	None	None	None	Binder	None	F	GDP	MG	None	None	None	None	STP	XRAY	3.220	0.203	GSHMTEYKLVVVGAVGVGKSALTIQLIQNHFVDEYDPTIEDSYRKQVVIDGETCLLDILDTAGQEEYSAMRDQYMRTGEGFLCVFAINNTKSFEDIHHYREQIKRVKDSEDVPMVLVGNKCDLPSRTVDTKQAQDLARSYGIPFIETSAKTRQGVDDAFYTLVREIRKH	True	197.140	197.140	84.610	90.00	90.00	120.00	/Users/mitchellparker/Desktop/rascore_build/core/5o2sE_core.cif	/Users/mitchellparker/Desktop/rascore_build/rcsb/5o2s.cif.gz	/Users/mitchellparker/Desktop/rascore_build/renum/5o2s_renum.cif	/Users/mitchellparker/Desktop/rascore_build/rcsb_assembly/5o2s-assembly-3.cif.gz	/Users/mitchellparker/Desktop/rascore_build/renum_assembly/5o2s-assembly-3_renum.cif	/Users/mitchellparker/Desktop/rascore_build/sifts/5o2s.xml.gz	/Users/mitchellparker/Desktop/rascore_build/pocket/5o2sE_2_pocket.pdb
5o2sE	5o2s	0	E	Y32out.2P-OFF	Y71out.2P-BINDER	Y32out	Y71out	P 65 (CF1)	5o2sE3	3	GTPase KRas	RASK_HUMAN	P01116-2	G12V	G12	KRAS	2P	G12V	None	None	Binder	None	SP2-Unbound	P 65	169	1-165	2017-05-22	Other	549.2155	0.0000	Unbound	Unbound	97,107,108,109,110,111,137,138,139,162,165	GDP,MG	darpin K27	None	F:33,30,31,32,29,36,35,25,24,40,38,37,63,41,39,67,71,66,52,70	None	None	None	None	Binder	None	F	GDP	MG	None	None	None	None	STP	XRAY	3.220	0.203	GSHMTEYKLVVVGAVGVGKSALTIQLIQNHFVDEYDPTIEDSYRKQVVIDGETCLLDILDTAGQEEYSAMRDQYMRTGEGFLCVFAINNTKSFEDIHHYREQIKRVKDSEDVPMVLVGNKCDLPSRTVDTKQAQDLARSYGIPFIETSAKTRQGVDDAFYTLVREIRKH	True	197.140	197.140	84.610	90.00	90.00	120.00	/Users/mitchellparker/Desktop/rascore_build/core/5o2sE_core.cif	/Users/mitchellparker/Desktop/rascore_build/rcsb/5o2s.cif.gz	/Users/mitchellparker/Desktop/rascore_build/renum/5o2s_renum.cif	/Users/mitchellparker/Desktop/rascore_build/rcsb_assembly/5o2s-assembly-3.cif.gz	/Users/mitchellparker/Desktop/rascore_build/renum_assembly/5o2s-assembly-3_renum.cif	/Users/mitchellparker/Desktop/rascore_build/sifts/5o2s.xml.gz	/Users/mitchellparker/Desktop/rascore_build/pocket/5o2sE_3_pocket.pdb
5o2sG	5o2s	0	G	Y32out.2P-OFF	Y71out.2P-BINDER	Y32out	Y71out	P 65 (CF1)	5o2sG1	1	GTPase KRas	RASK_HUMAN	P01116-2	G12V	G12	KRAS	2P	G12V	None	None	Binder	None	SP2-Unbound	P 65	169	1-164	2017-05-22	SP2	206.7430	0.1943	Unbound	Unbound	9,10,12,16,34,58,59,60,61,68,72,96,99	GDP,MG	darpin K27	None	H:33,31,30,32,29,25,36,35,40,38,37,41,39,71,66,67,52	None	None	None	None	Binder	None	H	GDP	MG	None	None	None	None	STP	XRAY	3.220	0.203	GSHMTEYKLVVVGAVGVGKSALTIQLIQNHFVDEYDPTIEDSYRKQVVIDGETCLLDILDTAGQEEYSAMRDQYMRTGEGFLCVFAINNTKSFEDIHHYREQIKRVKDSEDVPMVLVGNKCDLPSRTVDTKQAQDLARSYGIPFIETSAKTRQGVDDAFYTLVREIRKH	True	197.140	197.140	84.610	90.00	90.00	120.00	/Users/mitchellparker/Desktop/rascore_build/core/5o2sG_core.cif	/Users/mitchellparker/Desktop/rascore_build/rcsb/5o2s.cif.gz	/Users/mitchellparker/Desktop/rascore_build/renum/5o2s_renum.cif	/Users/mitchellparker/Desktop/rascore_build/rcsb_assembly/5o2s-assembly-3.cif.gz	/Users/mitchellparker/Desktop/rascore_build/renum_assembly/5o2s-assembly-3_renum.cif	/Users/mitchellparker/Desktop/rascore_build/sifts/5o2s.xml.gz	/Users/mitchellparker/Desktop/rascore_build/pocket/5o2sG_1_pocket.pdb
5o2sG	5o2s	0	G	Y32out.2P-OFF	Y71out.2P-BINDER	Y32out	Y71out	P 65 (CF1)	5o2sG2	2	GTPase KRas	RASK_HUMAN	P01116-2	G12V	G12	KRAS	2P	G12V	None	None	Binder	None	SP2-Unbound	P 65	169	1-164	2017-05-22	Other	411.7776	0.0049	Unbound	Unbound	97,98,101,106,107,108,109,111,136,137,139	GDP,MG	darpin K27	None	H:33,31,30,32,29,25,36,35,40,38,37,41,39,71,66,67,52	None	None	None	None	Binder	None	H	GDP	MG	None	None	None	None	STP	XRAY	3.220	0.203	GSHMTEYKLVVVGAVGVGKSALTIQLIQNHFVDEYDPTIEDSYRKQVVIDGETCLLDILDTAGQEEYSAMRDQYMRTGEGFLCVFAINNTKSFEDIHHYREQIKRVKDSEDVPMVLVGNKCDLPSRTVDTKQAQDLARSYGIPFIETSAKTRQGVDDAFYTLVREIRKH	True	197.140	197.140	84.610	90.00	90.00	120.00	/Users/mitchellparker/Desktop/rascore_build/core/5o2sG_core.cif	/Users/mitchellparker/Desktop/rascore_build/rcsb/5o2s.cif.gz	/Users/mitchellparker/Desktop/rascore_build/renum/5o2s_renum.cif	/Users/mitchellparker/Desktop/rascore_build/rcsb_assembly/5o2s-assembly-3.cif.gz	/Users/mitchellparker/Desktop/rascore_build/renum_assembly/5o2s-assembly-3_renum.cif	/Users/mitchellparker/Desktop/rascore_build/sifts/5o2s.xml.gz	/Users/mitchellparker/Desktop/rascore_build/pocket/5o2sG_2_pocket.pdb
5o2sG	5o2s	0	G	Y32out.2P-OFF	Y71out.2P-BINDER	Y32out	Y71out	P 65 (CF1)	5o2sG3	3	GTPase KRas	RASK_HUMAN	P01116-2	G12V	G12	KRAS	2P	G12V	None	None	Binder	None	SP2-Unbound	P 65	169	1-164	2017-05-22	Other	211.1625	0.0003	Unbound	Unbound	4,46,47,49,51,160,161,164	GDP,MG	darpin K27	None	H:33,31,30,32,29,25,36,35,40,38,37,41,39,71,66,67,52	None	None	None	None	Binder	None	H	GDP	MG	None	None	None	None	STP	XRAY	3.220	0.203	GSHMTEYKLVVVGAVGVGKSALTIQLIQNHFVDEYDPTIEDSYRKQVVIDGETCLLDILDTAGQEEYSAMRDQYMRTGEGFLCVFAINNTKSFEDIHHYREQIKRVKDSEDVPMVLVGNKCDLPSRTVDTKQAQDLARSYGIPFIETSAKTRQGVDDAFYTLVREIRKH	True	197.140	197.140	84.610	90.00	90.00	120.00	/Users/mitchellparker/Desktop/rascore_build/core/5o2sG_core.cif	/Users/mitchellparker/Desktop/rascore_build/rcsb/5o2s.cif.gz	/Users/mitchellparker/Desktop/rascore_build/renum/5o2s_renum.cif	/Users/mitchellparker/Desktop/rascore_build/rcsb_assembly/5o2s-assembly-3.cif.gz	/Users/mitchellparker/Desktop/rascore_build/renum_assembly/5o2s-assembly-3_renum.cif	/Users/mitchellparker/Desktop/rascore_build/sifts/5o2s.xml.gz	/Users/mitchellparker/Desktop/rascore_build/pocket/5o2sG_3_pocket.pdb
5o2sG	5o2s	0	G	Y32out.2P-OFF	Y71out.2P-BINDER	Y32out	Y71out	P 65 (CF1)	5o2sG4	4	GTPase KRas	RASK_HUMAN	P01116-2	G12V	G12	KRAS	2P	G12V	None	None	Binder	None	SP2-Unbound	P 65	169	1-164	2017-05-22	SP2	399.1693	0.0007	Unbound	Unbound	61,68,69,72,73,96,99,103	GDP,MG	darpin K27	None	H:33,31,30,32,29,25,36,35,40,38,37,41,39,71,66,67,52	None	None	None	None	Binder	None	H	GDP	MG	None	None	None	None	STP	XRAY	3.220	0.203	GSHMTEYKLVVVGAVGVGKSALTIQLIQNHFVDEYDPTIEDSYRKQVVIDGETCLLDILDTAGQEEYSAMRDQYMRTGEGFLCVFAINNTKSFEDIHHYREQIKRVKDSEDVPMVLVGNKCDLPSRTVDTKQAQDLARSYGIPFIETSAKTRQGVDDAFYTLVREIRKH	True	197.140	197.140	84.610	90.00	90.00	120.00	/Users/mitchellparker/Desktop/rascore_build/core/5o2sG_core.cif	/Users/mitchellparker/Desktop/rascore_build/rcsb/5o2s.cif.gz	/Users/mitchellparker/Desktop/rascore_build/renum/5o2s_renum.cif	/Users/mitchellparker/Desktop/rascore_build/rcsb_assembly/5o2s-assembly-3.cif.gz	/Users/mitchellparker/Desktop/rascore_build/renum_assembly/5o2s-assembly-3_renum.cif	/Users/mitchellparker/Desktop/rascore_build/sifts/5o2s.xml.gz	/Users/mitchellparker/Desktop/rascore_build/pocket/5o2sG_4_pocket.pdb
5o2sG	5o2s	0	G	Y32out.2P-OFF	Y71out.2P-BINDER	Y32out	Y71out	P 65 (CF1)	5o2sG5	5	GTPase KRas	RASK_HUMAN	P01116-2	G12V	G12	KRAS	2P	G12V	None	None	Binder	None	SP2-Unbound	P 65	169	1-164	2017-05-22	Other	312.8000	0.0000	Unbound	Unbound	108,110,138,162,164	GDP,MG	darpin K27	None	H:33,31,30,32,29,25,36,35,40,38,37,41,39,71,66,67,52	None	None	None	None	Binder	None	H	GDP	MG	None	None	None	None	STP	XRAY	3.220	0.203	GSHMTEYKLVVVGAVGVGKSALTIQLIQNHFVDEYDPTIEDSYRKQVVIDGETCLLDILDTAGQEEYSAMRDQYMRTGEGFLCVFAINNTKSFEDIHHYREQIKRVKDSEDVPMVLVGNKCDLPSRTVDTKQAQDLARSYGIPFIETSAKTRQGVDDAFYTLVREIRKH	True	197.140	197.140	84.610	90.00	90.00	120.00	/Users/mitchellparker/Desktop/rascore_build/core/5o2sG_core.cif	/Users/mitchellparker/Desktop/rascore_build/rcsb/5o2s.cif.gz	/Users/mitchellparker/Desktop/rascore_build/renum/5o2s_renum.cif	/Users/mitchellparker/Desktop/rascore_build/rcsb_assembly/5o2s-assembly-3.cif.gz	/Users/mitchellparker/Desktop/rascore_build/renum_assembly/5o2s-assembly-3_renum.cif	/Users/mitchellparker/Desktop/rascore_build/sifts/5o2s.xml.gz	/Users/mitchellparker/Desktop/rascore_build/pocket/5o2sG_5_pocket.pdb
5o2tA	5o2t	0	A	Outlier	Y71in.3P-R	Y32out	Y71in	H 3 (CF2)	5o2tA2	2	GTPase KRas	RASK_HUMAN	P01116-2	G12V	G12	KRAS	3P	G12V	None	None	Binder	None	SP2-Unbound	H 3	169	1-164	2017-05-22	Other	635.9581	0.0017	Unbound	Unbound	62,65,68,95,98,99,101,102,105,106,107	MG,GSP,SO4	darpin 55	None	B:33,31,40,25,39,38,34,37,56,36,67,64,54,5,70,66,63,73,74,24,41	None	None	None	None	Binder	None	B	GSP	MG	None	SO4	None	None	STP	XRAY	2.190	0.184	GSHMTEYKLVVVGAVGVGKSALTIQLIQNHFVDEYDPTIEDSYRKQVVIDGETCLLDILDTAGQEEYSAMRDQYMRTGEGFLCVFAINNTKSFEDIHHYREQIKRVKDSEDVPMVLVGNKCDLPSRTVDTKQAQDLARSYGIPFIETSAKTRQGVDDAFYTLVREIRKH	True	112.830	112.830	66.770	90.00	90.00	120.00	/Users/mitchellparker/Desktop/rascore_build/core/5o2tA_core.cif	/Users/mitchellparker/Desktop/rascore_build/rcsb/5o2t.cif.gz	/Users/mitchellparker/Desktop/rascore_build/renum/5o2t_renum.cif	/Users/mitchellparker/Desktop/rascore_build/rcsb_assembly/5o2t-assembly-1.cif.gz	/Users/mitchellparker/Desktop/rascore_build/renum_assembly/5o2t-assembly-1_renum.cif	/Users/mitchellparker/Desktop/rascore_build/sifts/5o2t.xml.gz	/Users/mitchellparker/Desktop/rascore_build/pocket/5o2tA_2_pocket.pdb
5o2tA	5o2t	0	A	Outlier	Y71in.3P-R	Y32out	Y71in	H 3 (CF2)	5o2tA3	3	GTPase KRas	RASK_HUMAN	P01116-2	G12V	G12	KRAS	3P	G12V	None	None	Binder	None	SP2-Unbound	H 3	169	1-164	2017-05-22	Other	501.5643	0.0094	Unbound	Unbound	1,2,4,46,47,49,50,51,160,161,164	MG,GSP,SO4	darpin 55	None	B:33,31,40,25,39,38,34,37,56,36,67,64,54,5,70,66,63,73,74,24,41	None	None	None	None	Binder	None	B	GSP	MG	None	SO4	None	None	STP	XRAY	2.190	0.184	GSHMTEYKLVVVGAVGVGKSALTIQLIQNHFVDEYDPTIEDSYRKQVVIDGETCLLDILDTAGQEEYSAMRDQYMRTGEGFLCVFAINNTKSFEDIHHYREQIKRVKDSEDVPMVLVGNKCDLPSRTVDTKQAQDLARSYGIPFIETSAKTRQGVDDAFYTLVREIRKH	True	112.830	112.830	66.770	90.00	90.00	120.00	/Users/mitchellparker/Desktop/rascore_build/core/5o2tA_core.cif	/Users/mitchellparker/Desktop/rascore_build/rcsb/5o2t.cif.gz	/Users/mitchellparker/Desktop/rascore_build/renum/5o2t_renum.cif	/Users/mitchellparker/Desktop/rascore_build/rcsb_assembly/5o2t-assembly-1.cif.gz	/Users/mitchellparker/Desktop/rascore_build/renum_assembly/5o2t-assembly-1_renum.cif	/Users/mitchellparker/Desktop/rascore_build/sifts/5o2t.xml.gz	/Users/mitchellparker/Desktop/rascore_build/pocket/5o2tA_3_pocket.pdb
5o2tA	5o2t	0	A	Outlier	Y71in.3P-R	Y32out	Y71in	H 3 (CF2)	5o2tA4	4	GTPase KRas	RASK_HUMAN	P01116-2	G12V	G12	KRAS	3P	G12V	None	None	Binder	None	SP2-Unbound	H 3	169	1-164	2017-05-22	SP2	139.6961	0.0008	Unbound	Unbound	11,12,60,62,88,92,96	MG,GSP,SO4	darpin 55	None	B:33,31,40,25,39,38,34,37,56,36,67,64,54,5,70,66,63,73,74,24,41	None	None	None	None	Binder	None	B	GSP	MG	None	SO4	None	None	STP	XRAY	2.190	0.184	GSHMTEYKLVVVGAVGVGKSALTIQLIQNHFVDEYDPTIEDSYRKQVVIDGETCLLDILDTAGQEEYSAMRDQYMRTGEGFLCVFAINNTKSFEDIHHYREQIKRVKDSEDVPMVLVGNKCDLPSRTVDTKQAQDLARSYGIPFIETSAKTRQGVDDAFYTLVREIRKH	True	112.830	112.830	66.770	90.00	90.00	120.00	/Users/mitchellparker/Desktop/rascore_build/core/5o2tA_core.cif	/Users/mitchellparker/Desktop/rascore_build/rcsb/5o2t.cif.gz	/Users/mitchellparker/Desktop/rascore_build/renum/5o2t_renum.cif	/Users/mitchellparker/Desktop/rascore_build/rcsb_assembly/5o2t-assembly-1.cif.gz	/Users/mitchellparker/Desktop/rascore_build/renum_assembly/5o2t-assembly-1_renum.cif	/Users/mitchellparker/Desktop/rascore_build/sifts/5o2t.xml.gz	/Users/mitchellparker/Desktop/rascore_build/pocket/5o2tA_4_pocket.pdb
5o2tA	5o2t	0	A	Outlier	Y71in.3P-R	Y32out	Y71in	H 3 (CF2)	5o2tA5	5	GTPase KRas	RASK_HUMAN	P01116-2	G12V	G12	KRAS	3P	G12V	None	None	Binder	None	SP2-Unbound	H 3	169	1-164	2017-05-22	SP2	219.6062	0.0003	Unbound	Unbound	62,68,88,92,95,96	MG,GSP,SO4	darpin 55	None	B:33,31,40,25,39,38,34,37,56,36,67,64,54,5,70,66,63,73,74,24,41	None	None	None	None	Binder	None	B	GSP	MG	None	SO4	None	None	STP	XRAY	2.190	0.184	GSHMTEYKLVVVGAVGVGKSALTIQLIQNHFVDEYDPTIEDSYRKQVVIDGETCLLDILDTAGQEEYSAMRDQYMRTGEGFLCVFAINNTKSFEDIHHYREQIKRVKDSEDVPMVLVGNKCDLPSRTVDTKQAQDLARSYGIPFIETSAKTRQGVDDAFYTLVREIRKH	True	112.830	112.830	66.770	90.00	90.00	120.00	/Users/mitchellparker/Desktop/rascore_build/core/5o2tA_core.cif	/Users/mitchellparker/Desktop/rascore_build/rcsb/5o2t.cif.gz	/Users/mitchellparker/Desktop/rascore_build/renum/5o2t_renum.cif	/Users/mitchellparker/Desktop/rascore_build/rcsb_assembly/5o2t-assembly-1.cif.gz	/Users/mitchellparker/Desktop/rascore_build/renum_assembly/5o2t-assembly-1_renum.cif	/Users/mitchellparker/Desktop/rascore_build/sifts/5o2t.xml.gz	/Users/mitchellparker/Desktop/rascore_build/pocket/5o2tA_5_pocket.pdb
5o2tA	5o2t	0	A	Outlier	Y71in.3P-R	Y32out	Y71in	H 3 (CF2)	5o2tA6	6	GTPase KRas	RASK_HUMAN	P01116-2	G12V	G12	KRAS	3P	G12V	None	None	Binder	None	SP2-Unbound	H 3	169	1-164	2017-05-22	Other	177.2535	0.0001	Unbound	Unbound	97,107,108,109,110,137,138,139,162	MG,GSP,SO4	darpin 55	None	B:33,31,40,25,39,38,34,37,56,36,67,64,54,5,70,66,63,73,74,24,41	None	None	None	None	Binder	None	B	GSP	MG	None	SO4	None	None	STP	XRAY	2.190	0.184	GSHMTEYKLVVVGAVGVGKSALTIQLIQNHFVDEYDPTIEDSYRKQVVIDGETCLLDILDTAGQEEYSAMRDQYMRTGEGFLCVFAINNTKSFEDIHHYREQIKRVKDSEDVPMVLVGNKCDLPSRTVDTKQAQDLARSYGIPFIETSAKTRQGVDDAFYTLVREIRKH	True	112.830	112.830	66.770	90.00	90.00	120.00	/Users/mitchellparker/Desktop/rascore_build/core/5o2tA_core.cif	/Users/mitchellparker/Desktop/rascore_build/rcsb/5o2t.cif.gz	/Users/mitchellparker/Desktop/rascore_build/renum/5o2t_renum.cif	/Users/mitchellparker/Desktop/rascore_build/rcsb_assembly/5o2t-assembly-1.cif.gz	/Users/mitchellparker/Desktop/rascore_build/renum_assembly/5o2t-assembly-1_renum.cif	/Users/mitchellparker/Desktop/rascore_build/sifts/5o2t.xml.gz	/Users/mitchellparker/Desktop/rascore_build/pocket/5o2tA_6_pocket.pdb
5ocgA	5ocg	0	A	Y32in.3P-ON	Y71in.3P-SP12-A	Y32in	Y71in	H 3 (CF1)	5ocgA2	2	GTPase KRas	RASK_HUMAN	P01116-2	G12D	G12	KRAS	3P	G12D	SP12	SP12.Benzodioxane	None	None	SP12-Bound	H 3	189	2-167:169-173	2017-06-30	SP12	404.7415	0.3891	Bound	SP12	5,6,7,37,39,54,56,58,62,67,70,71,74,75	MG,GNP,9R5,GOL,MG,PEG	None	9R5:54,56,74,37,71,70,6,5	None	None	SP12	SP12.Benzodioxane	9R5:NCC1COc2cc(Cl)ccc2O1	None	None	None	GNP	MG	9R5	GOL,PEG	None	None	9R5	XRAY	1.480	0.177	GSTEYKLVVVGADGVGKSALTIQLIQNHFVDEYDPTIEDSYRKQVVIDGETCLLDILDTAGQEEYSAMRDQYMRTGEGFLCVFAINNTKSFEDIHHYREQIKRVKDSEDVPMVLVGNKCDLPSRTVDTKQAQDLARSYGIPFIETSAKTRQGVDDAFYTLVREIRKHKEKMSKDGKKKKKKSKTKCVIM	True	78.085	78.085	77.650	90.00	90.00	120.00	/Users/mitchellparker/Desktop/rascore_build/core/5ocgA_core.cif	/Users/mitchellparker/Desktop/rascore_build/rcsb/5ocg.cif.gz	/Users/mitchellparker/Desktop/rascore_build/renum/5ocg_renum.cif	/Users/mitchellparker/Desktop/rascore_build/rcsb_assembly/5ocg-assembly-1.cif.gz	/Users/mitchellparker/Desktop/rascore_build/renum_assembly/5ocg-assembly-1_renum.cif	/Users/mitchellparker/Desktop/rascore_build/sifts/5ocg.xml.gz	/Users/mitchellparker/Desktop/rascore_build/pocket/5ocgA_2_pocket.pdb
5ocoA	5oco	0	A	Y32in.3P-ON	Y71in.3P-SP12-B	Y32in	Y71in	P 21 21 21 (CF5)	5ocoA3	3	GTPase KRas	RASK_HUMAN	P01116-2	Q61H	Q61	KRAS	3P	Q61H	None	None	None	None	SP12-Unbound	P 21 21 21	187	1-50:52-168	2017-07-03	Other	261.2255	0.0007	Unbound	Unbound	97,107,108,109,110,111,137,138,139,162,165,166	CSO,GNP,CIT,CIT,MG	None	None	None	None	None	None	None	None	None	None	GNP	MG	None	CIT	CSO	None	STP	XRAY	1.660	0.180	MHHHHHHSSGRENLYFQGMTEYKLVVVGAGGVGKSALTIQLIQNHFVDEYDPTIEDSYRKQVVIDGETCLLDILDTAGHEEYSAMRDQYMRTGEGFLCVFAINNTKSFEDIHHYREQIKRVKDSEDVPMVLVGNKCDLPSRTVDTKQAQDLARSYGIPFIETSAKTRQGVDDAFYTLVREIRKHKEK	True	63.600	118.760	156.900	90.00	90.00	90.00	/Users/mitchellparker/Desktop/rascore_build/core/5ocoA_core.cif	/Users/mitchellparker/Desktop/rascore_build/rcsb/5oco.cif.gz	/Users/mitchellparker/Desktop/rascore_build/renum/5oco_renum.cif	/Users/mitchellparker/Desktop/rascore_build/rcsb_assembly/5oco-assembly-1.cif.gz	/Users/mitchellparker/Desktop/rascore_build/renum_assembly/5oco-assembly-1_renum.cif	/Users/mitchellparker/Desktop/rascore_build/sifts/5oco.xml.gz	/Users/mitchellparker/Desktop/rascore_build/pocket/5ocoA_3_pocket.pdb
5ocoA	5oco	0	A	Y32in.3P-ON	Y71in.3P-SP12-B	Y32in	Y71in	P 21 21 21 (CF5)	5ocoA4	4	GTPase KRas	RASK_HUMAN	P01116-2	Q61H	Q61	KRAS	3P	Q61H	None	None	None	None	SP12-Unbound	P 21 21 21	187	1-50:52-168	2017-07-03	SP12	254.4360	0.0002	Unbound	Unbound	5,6,7,37,39,54,55,56,71,74	CSO,GNP,CIT,CIT,MG	None	None	None	None	None	None	None	None	None	None	GNP	MG	None	CIT	CSO	None	STP	XRAY	1.660	0.180	MHHHHHHSSGRENLYFQGMTEYKLVVVGAGGVGKSALTIQLIQNHFVDEYDPTIEDSYRKQVVIDGETCLLDILDTAGHEEYSAMRDQYMRTGEGFLCVFAINNTKSFEDIHHYREQIKRVKDSEDVPMVLVGNKCDLPSRTVDTKQAQDLARSYGIPFIETSAKTRQGVDDAFYTLVREIRKHKEK	True	63.600	118.760	156.900	90.00	90.00	90.00	/Users/mitchellparker/Desktop/rascore_build/core/5ocoA_core.cif	/Users/mitchellparker/Desktop/rascore_build/rcsb/5oco.cif.gz	/Users/mitchellparker/Desktop/rascore_build/renum/5oco_renum.cif	/Users/mitchellparker/Desktop/rascore_build/rcsb_assembly/5oco-assembly-1.cif.gz	/Users/mitchellparker/Desktop/rascore_build/renum_assembly/5oco-assembly-1_renum.cif	/Users/mitchellparker/Desktop/rascore_build/sifts/5oco.xml.gz	/Users/mitchellparker/Desktop/rascore_build/pocket/5ocoA_4_pocket.pdb
5ocoA	5oco	0	A	Y32in.3P-ON	Y71in.3P-SP12-B	Y32in	Y71in	P 21 21 21 (CF5)	5ocoA5	5	GTPase KRas	RASK_HUMAN	P01116-2	Q61H	Q61	KRAS	3P	Q61H	None	None	None	None	SP12-Unbound	P 21 21 21	187	1-50:52-168	2017-07-03	Other	264.6797	0.0068	Unbound	Unbound	76,104,106,108,109,110,163,166	CSO,GNP,CIT,CIT,MG	None	None	None	None	None	None	None	None	None	None	GNP	MG	None	CIT	CSO	None	STP	XRAY	1.660	0.180	MHHHHHHSSGRENLYFQGMTEYKLVVVGAGGVGKSALTIQLIQNHFVDEYDPTIEDSYRKQVVIDGETCLLDILDTAGHEEYSAMRDQYMRTGEGFLCVFAINNTKSFEDIHHYREQIKRVKDSEDVPMVLVGNKCDLPSRTVDTKQAQDLARSYGIPFIETSAKTRQGVDDAFYTLVREIRKHKEK	True	63.600	118.760	156.900	90.00	90.00	90.00	/Users/mitchellparker/Desktop/rascore_build/core/5ocoA_core.cif	/Users/mitchellparker/Desktop/rascore_build/rcsb/5oco.cif.gz	/Users/mitchellparker/Desktop/rascore_build/renum/5oco_renum.cif	/Users/mitchellparker/Desktop/rascore_build/rcsb_assembly/5oco-assembly-1.cif.gz	/Users/mitchellparker/Desktop/rascore_build/renum_assembly/5oco-assembly-1_renum.cif	/Users/mitchellparker/Desktop/rascore_build/sifts/5oco.xml.gz	/Users/mitchellparker/Desktop/rascore_build/pocket/5ocoA_5_pocket.pdb
5ocoA	5oco	0	A	Y32in.3P-ON	Y71in.3P-SP12-B	Y32in	Y71in	P 21 21 21 (CF5)	5ocoA6	6	GTPase KRas	RASK_HUMAN	P01116-2	Q61H	Q61	KRAS	3P	Q61H	None	None	None	None	SP12-Unbound	P 21 21 21	187	1-50:52-168	2017-07-03	Other	165.9729	0.0002	Unbound	Unbound	131,134,135,139,141	CSO,GNP,CIT,CIT,MG	None	None	None	None	None	None	None	None	None	None	GNP	MG	None	CIT	CSO	None	STP	XRAY	1.660	0.180	MHHHHHHSSGRENLYFQGMTEYKLVVVGAGGVGKSALTIQLIQNHFVDEYDPTIEDSYRKQVVIDGETCLLDILDTAGHEEYSAMRDQYMRTGEGFLCVFAINNTKSFEDIHHYREQIKRVKDSEDVPMVLVGNKCDLPSRTVDTKQAQDLARSYGIPFIETSAKTRQGVDDAFYTLVREIRKHKEK	True	63.600	118.760	156.900	90.00	90.00	90.00	/Users/mitchellparker/Desktop/rascore_build/core/5ocoA_core.cif	/Users/mitchellparker/Desktop/rascore_build/rcsb/5oco.cif.gz	/Users/mitchellparker/Desktop/rascore_build/renum/5oco_renum.cif	/Users/mitchellparker/Desktop/rascore_build/rcsb_assembly/5oco-assembly-1.cif.gz	/Users/mitchellparker/Desktop/rascore_build/renum_assembly/5oco-assembly-1_renum.cif	/Users/mitchellparker/Desktop/rascore_build/sifts/5oco.xml.gz	/Users/mitchellparker/Desktop/rascore_build/pocket/5ocoA_6_pocket.pdb
5ocoB	5oco	0	B	Y32in.3P-ON	Y71in.3P-SP12-A	Y32in	Y71in	P 21 21 21 (CF5)	5ocoB2	2	GTPase KRas	RASK_HUMAN	P01116-2	Q61H	Q61	KRAS	3P	Q61H	SP12	SP12.Benzodioxane	None	None	SP12-Bound	P 21 21 21	187	1-50:52-169	2017-07-03	SP12	182.3979	0.0098	Bound	SP12	5,6,7,54,56,71,74,75	CSO,GNP,9RK,PEG,MG	None	9RK:6,56,5,7,54,74,75,39,37,71	None	None	SP12	SP12.Benzodioxane	9RK:O=C(NCC1COc2ccccc2O1)c1ccco1	None	None	None	GNP	MG	9RK	PEG	CSO	None	9RK	XRAY	1.660	0.180	MHHHHHHSSGRENLYFQGMTEYKLVVVGAGGVGKSALTIQLIQNHFVDEYDPTIEDSYRKQVVIDGETCLLDILDTAGHEEYSAMRDQYMRTGEGFLCVFAINNTKSFEDIHHYREQIKRVKDSEDVPMVLVGNKCDLPSRTVDTKQAQDLARSYGIPFIETSAKTRQGVDDAFYTLVREIRKHKEK	True	63.600	118.760	156.900	90.00	90.00	90.00	/Users/mitchellparker/Desktop/rascore_build/core/5ocoB_core.cif	/Users/mitchellparker/Desktop/rascore_build/rcsb/5oco.cif.gz	/Users/mitchellparker/Desktop/rascore_build/renum/5oco_renum.cif	/Users/mitchellparker/Desktop/rascore_build/rcsb_assembly/5oco-assembly-1.cif.gz	/Users/mitchellparker/Desktop/rascore_build/renum_assembly/5oco-assembly-1_renum.cif	/Users/mitchellparker/Desktop/rascore_build/sifts/5oco.xml.gz	/Users/mitchellparker/Desktop/rascore_build/pocket/5ocoB_2_pocket.pdb
5ocoC	5oco	0	C	Y32in.3P-ON	Y71in.3P-SP12-A	Y32in	Y71in	P 21 21 21 (CF5)	5ocoC2	2	GTPase KRas	RASK_HUMAN	P01116-2	Q61H	Q61	KRAS	3P	Q61H	SP12	SP12.Benzodioxane	None	None	SP12-Bound	P 21 21 21	187	1-50:52-168	2017-07-03	SP12	220.8488	0.0538	Bound	SP12	5,6,7,39,54,55,56,71,74,75	CSO,GNP,9RK,MG	None	9RK:6,5,56,7,54,74,75,39,71,37	None	None	SP12	SP12.Benzodioxane	9RK:O=C(NCC1COc2ccccc2O1)c1ccco1	None	None	None	GNP	MG	9RK	None	CSO	None	9RK	XRAY	1.660	0.180	MHHHHHHSSGRENLYFQGMTEYKLVVVGAGGVGKSALTIQLIQNHFVDEYDPTIEDSYRKQVVIDGETCLLDILDTAGHEEYSAMRDQYMRTGEGFLCVFAINNTKSFEDIHHYREQIKRVKDSEDVPMVLVGNKCDLPSRTVDTKQAQDLARSYGIPFIETSAKTRQGVDDAFYTLVREIRKHKEK	True	63.600	118.760	156.900	90.00	90.00	90.00	/Users/mitchellparker/Desktop/rascore_build/core/5ocoC_core.cif	/Users/mitchellparker/Desktop/rascore_build/rcsb/5oco.cif.gz	/Users/mitchellparker/Desktop/rascore_build/renum/5oco_renum.cif	/Users/mitchellparker/Desktop/rascore_build/rcsb_assembly/5oco-assembly-1.cif.gz	/Users/mitchellparker/Desktop/rascore_build/renum_assembly/5oco-assembly-1_renum.cif	/Users/mitchellparker/Desktop/rascore_build/sifts/5oco.xml.gz	/Users/mitchellparker/Desktop/rascore_build/pocket/5ocoC_2_pocket.pdb
5ocoD	5oco	0	D	Y32in.3P-ON	Y71in.3P-SP12-A	Y32in	Y71in	P 21 21 21 (CF5)	5ocoD2	2	GTPase KRas	RASK_HUMAN	P01116-2	Q61H	Q61	KRAS	3P	Q61H	SP12	SP12.Benzodioxane	None	None	SP12-Bound	P 21 21 21	187	1-50:52-168	2017-07-03	SP12	268.1061	0.1195	Bound	SP12	5,6,7,39,54,56,71,74,75	CSO,GNP,9RK,CIT,MG	None	9RK:7,5,6,56,54,74,75,39,37,71	None	None	SP12	SP12.Benzodioxane	9RK:O=C(NCC1COc2ccccc2O1)c1ccco1	None	None	None	GNP	MG	9RK	CIT	CSO	None	9RK	XRAY	1.660	0.180	MHHHHHHSSGRENLYFQGMTEYKLVVVGAGGVGKSALTIQLIQNHFVDEYDPTIEDSYRKQVVIDGETCLLDILDTAGHEEYSAMRDQYMRTGEGFLCVFAINNTKSFEDIHHYREQIKRVKDSEDVPMVLVGNKCDLPSRTVDTKQAQDLARSYGIPFIETSAKTRQGVDDAFYTLVREIRKHKEK	True	63.600	118.760	156.900	90.00	90.00	90.00	/Users/mitchellparker/Desktop/rascore_build/core/5ocoD_core.cif	/Users/mitchellparker/Desktop/rascore_build/rcsb/5oco.cif.gz	/Users/mitchellparker/Desktop/rascore_build/renum/5oco_renum.cif	/Users/mitchellparker/Desktop/rascore_build/rcsb_assembly/5oco-assembly-1.cif.gz	/Users/mitchellparker/Desktop/rascore_build/renum_assembly/5oco-assembly-1_renum.cif	/Users/mitchellparker/Desktop/rascore_build/sifts/5oco.xml.gz	/Users/mitchellparker/Desktop/rascore_build/pocket/5ocoD_2_pocket.pdb
5ocoE	5oco	0	E	Y32in.3P-ON	Y71in.3P-SP12-A	Y32in	Y71in	P 21 21 21 (CF5)	5ocoE2	2	GTPase KRas	RASK_HUMAN	P01116-2	Q61H	Q61	KRAS	3P	Q61H	SP12	SP12.Benzodioxane	None	None	SP12-Bound	P 21 21 21	187	1-50:52-169	2017-07-03	SP12	286.2761	0.1588	Bound	SP12	5,6,7,39,54,55,56,70,71,74,75	CSO,GNP,9RK,MG	None	9RK:5,6,56,54,74,39,37,71	None	None	SP12	SP12.Benzodioxane	9RK:O=C(NCC1COc2ccccc2O1)c1ccco1	None	None	None	GNP	MG	9RK	None	CSO	None	9RK	XRAY	1.660	0.180	MHHHHHHSSGRENLYFQGMTEYKLVVVGAGGVGKSALTIQLIQNHFVDEYDPTIEDSYRKQVVIDGETCLLDILDTAGHEEYSAMRDQYMRTGEGFLCVFAINNTKSFEDIHHYREQIKRVKDSEDVPMVLVGNKCDLPSRTVDTKQAQDLARSYGIPFIETSAKTRQGVDDAFYTLVREIRKHKEK	True	63.600	118.760	156.900	90.00	90.00	90.00	/Users/mitchellparker/Desktop/rascore_build/core/5ocoE_core.cif	/Users/mitchellparker/Desktop/rascore_build/rcsb/5oco.cif.gz	/Users/mitchellparker/Desktop/rascore_build/renum/5oco_renum.cif	/Users/mitchellparker/Desktop/rascore_build/rcsb_assembly/5oco-assembly-1.cif.gz	/Users/mitchellparker/Desktop/rascore_build/renum_assembly/5oco-assembly-1_renum.cif	/Users/mitchellparker/Desktop/rascore_build/sifts/5oco.xml.gz	/Users/mitchellparker/Desktop/rascore_build/pocket/5ocoE_2_pocket.pdb
5ocoF	5oco	0	F	Y32in.3P-ON	Y71in.3P-SP12-A	Y32in	Y71in	P 21 21 21 (CF5)	5ocoF2	2	GTPase KRas	RASK_HUMAN	P01116-2	Q61H	Q61	KRAS	3P	Q61H	SP12	SP12.Benzodioxane	None	None	SP12-Bound	P 21 21 21	187	1-50:52-168	2017-07-03	SP12	222.9668	0.0643	Bound	SP12	5,6,7,39,54,56,71,74,75	CSO,GNP,9RK,MG	None	9RK:75,7,6,56,5,54,74,39,71	None	None	SP12	SP12.Benzodioxane	9RK:O=C(NCC1COc2ccccc2O1)c1ccco1	None	None	None	GNP	MG	9RK	None	CSO	None	9RK	XRAY	1.660	0.180	MHHHHHHSSGRENLYFQGMTEYKLVVVGAGGVGKSALTIQLIQNHFVDEYDPTIEDSYRKQVVIDGETCLLDILDTAGHEEYSAMRDQYMRTGEGFLCVFAINNTKSFEDIHHYREQIKRVKDSEDVPMVLVGNKCDLPSRTVDTKQAQDLARSYGIPFIETSAKTRQGVDDAFYTLVREIRKHKEK	True	63.600	118.760	156.900	90.00	90.00	90.00	/Users/mitchellparker/Desktop/rascore_build/core/5ocoF_core.cif	/Users/mitchellparker/Desktop/rascore_build/rcsb/5oco.cif.gz	/Users/mitchellparker/Desktop/rascore_build/renum/5oco_renum.cif	/Users/mitchellparker/Desktop/rascore_build/rcsb_assembly/5oco-assembly-1.cif.gz	/Users/mitchellparker/Desktop/rascore_build/renum_assembly/5oco-assembly-1_renum.cif	/Users/mitchellparker/Desktop/rascore_build/sifts/5oco.xml.gz	/Users/mitchellparker/Desktop/rascore_build/pocket/5ocoF_2_pocket.pdb
5octA	5oct	0	A	Y32in.3P-ON	Outlier	Y32in	Y71in	P 21 21 21 (CF5)	5octA2	2	GTPase KRas	RASK_HUMAN	P01116-2	Q61H	Q61	KRAS	3P	Q61H	SP2	SP2.Unclassified	None	None	SP2-Bound	P 21 21 21	187	1-50:52-168	2017-07-03	SP2	146.4775	0.0068	Bound	SP2	61,92,95,96,99	CSO,GNP,9R5,PEG,MG	None	9R5:95,96,61,92,99	None	None	SP2	SP2.Unclassified	9R5:NCC1COc2cc(Cl)ccc2O1	None	None	None	GNP	MG	9R5	PEG	CSO	None	9R5	XRAY	2.070	0.189	MHHHHHHSSGRENLYFQGMTEYKLVVVGAGGVGKSALTIQLIQNHFVDEYDPTIEDSYRKQVVIDGETCLLDILDTAGHEEYSAMRDQYMRTGEGFLCVFAINNTKSFEDIHHYREQIKRVKDSEDVPMVLVGNKCDLPSRTVDTKQAQDLARSYGIPFIETSAKTRQGVDDAFYTLVREIRKHKEK	True	63.490	118.450	155.360	90.00	90.00	90.00	/Users/mitchellparker/Desktop/rascore_build/core/5octA_core.cif	/Users/mitchellparker/Desktop/rascore_build/rcsb/5oct.cif.gz	/Users/mitchellparker/Desktop/rascore_build/renum/5oct_renum.cif	/Users/mitchellparker/Desktop/rascore_build/rcsb_assembly/5oct-assembly-1.cif.gz	/Users/mitchellparker/Desktop/rascore_build/renum_assembly/5oct-assembly-1_renum.cif	/Users/mitchellparker/Desktop/rascore_build/sifts/5oct.xml.gz	/Users/mitchellparker/Desktop/rascore_build/pocket/5octA_2_pocket.pdb
5octB	5oct	0	B	Y32in.3P-ON	Disordered	Y32in	Y71in	P 21 21 21 (CF5)	5octB2	2	GTPase KRas	RASK_HUMAN	P01116-2	Q61H	Q61	KRAS	3P	Q61H	SP12	SP12.Benzodioxane	None	None	SP12-Bound	P 21 21 21	187	1-50:52-61:65-168	2017-07-03	SP12	228.0481	0.0169	Bound	SP12	5,6,7,39,54,56,74,75	CSO,GNP,9R5,MG	None	9R5:56,54,5,74,39,7,75,41	None	None	SP12	SP12.Benzodioxane	9R5:NCC1COc2cc(Cl)ccc2O1	None	None	None	GNP	MG	9R5	None	CSO	None	9R5	XRAY	2.070	0.189	MHHHHHHSSGRENLYFQGMTEYKLVVVGAGGVGKSALTIQLIQNHFVDEYDPTIEDSYRKQVVIDGETCLLDILDTAGHEEYSAMRDQYMRTGEGFLCVFAINNTKSFEDIHHYREQIKRVKDSEDVPMVLVGNKCDLPSRTVDTKQAQDLARSYGIPFIETSAKTRQGVDDAFYTLVREIRKHKEK	True	63.490	118.450	155.360	90.00	90.00	90.00	/Users/mitchellparker/Desktop/rascore_build/core/5octB_core.cif	/Users/mitchellparker/Desktop/rascore_build/rcsb/5oct.cif.gz	/Users/mitchellparker/Desktop/rascore_build/renum/5oct_renum.cif	/Users/mitchellparker/Desktop/rascore_build/rcsb_assembly/5oct-assembly-1.cif.gz	/Users/mitchellparker/Desktop/rascore_build/renum_assembly/5oct-assembly-1_renum.cif	/Users/mitchellparker/Desktop/rascore_build/sifts/5oct.xml.gz	/Users/mitchellparker/Desktop/rascore_build/pocket/5octB_2_pocket.pdb
5p21A	5p21	0	A	Y32in.3P-ON	Outlier	Y32in	Y71in	P 32 2 1 (CF1)	5p21A3	3	GTPase HRas	RASH_HUMAN	P01112	WT	WT	HRAS	3P	WT	None	None	None	Homodimer	SP2-Unbound	P 32 2 1	166	1-166	1990-04-30	Other	407.4792	0.0004	Unbound	Unbound	94,95,98,99,101,102,107	MG,GNP	None	None	None	None	None	None	None	None	None	None	GNP	MG	None	None	None	None	STP	XRAY	1.350	0.196	MTEYKLVVVGAGGVGKSALTIQLIQNHFVDEYDPTIEDSYRKQVVIDGETCLLDILDTAGQEEYSAMRDQYMRTGEGFLCVFAINNTKSFEDIHQYREQIKRVKDSDDVPMVLVGNKCDLAARTVESRQAQDLARSYGIPYIETSAKTRQGVEDAFYTLVREIRQH	True	40.300	40.300	162.200	90.00	90.00	120.00	/Users/mitchellparker/Desktop/rascore_build/core/5p21A_core.cif	/Users/mitchellparker/Desktop/rascore_build/rcsb/5p21.cif.gz	/Users/mitchellparker/Desktop/rascore_build/renum/5p21_renum.cif	/Users/mitchellparker/Desktop/rascore_build/rcsb_assembly/5p21-assembly-1.cif.gz	/Users/mitchellparker/Desktop/rascore_build/renum_assembly/5p21-assembly-1_renum.cif	/Users/mitchellparker/Desktop/rascore_build/sifts/5p21.xml.gz	/Users/mitchellparker/Desktop/rascore_build/pocket/5p21A_3_pocket.pdb
5p21A	5p21	0	A	Y32in.3P-ON	Outlier	Y32in	Y71in	P 32 2 1 (CF1)	5p21A4	4	GTPase HRas	RASH_HUMAN	P01112	WT	WT	HRAS	3P	WT	None	None	None	Homodimer	SP2-Unbound	P 32 2 1	166	1-166	1990-04-30	Other	223.1069	0.0012	Unbound	Unbound	97,108,109,110,137,138,139,162,165,166	MG,GNP	None	None	None	None	None	None	None	None	None	None	GNP	MG	None	None	None	None	STP	XRAY	1.350	0.196	MTEYKLVVVGAGGVGKSALTIQLIQNHFVDEYDPTIEDSYRKQVVIDGETCLLDILDTAGQEEYSAMRDQYMRTGEGFLCVFAINNTKSFEDIHQYREQIKRVKDSDDVPMVLVGNKCDLAARTVESRQAQDLARSYGIPYIETSAKTRQGVEDAFYTLVREIRQH	True	40.300	40.300	162.200	90.00	90.00	120.00	/Users/mitchellparker/Desktop/rascore_build/core/5p21A_core.cif	/Users/mitchellparker/Desktop/rascore_build/rcsb/5p21.cif.gz	/Users/mitchellparker/Desktop/rascore_build/renum/5p21_renum.cif	/Users/mitchellparker/Desktop/rascore_build/rcsb_assembly/5p21-assembly-1.cif.gz	/Users/mitchellparker/Desktop/rascore_build/renum_assembly/5p21-assembly-1_renum.cif	/Users/mitchellparker/Desktop/rascore_build/sifts/5p21.xml.gz	/Users/mitchellparker/Desktop/rascore_build/pocket/5p21A_4_pocket.pdb
5p21A	5p21	0	A	Y32in.3P-ON	Outlier	Y32in	Y71in	P 32 2 1 (CF1)	5p21A5	5	GTPase HRas	RASH_HUMAN	P01112	WT	WT	HRAS	3P	WT	None	None	None	Homodimer	SP2-Unbound	P 32 2 1	166	1-166	1990-04-30	Other	396.2852	0.0072	Unbound	Unbound	73,74,75,76,104,106,108,109,110,163,166	MG,GNP	None	None	None	None	None	None	None	None	None	None	GNP	MG	None	None	None	None	STP	XRAY	1.350	0.196	MTEYKLVVVGAGGVGKSALTIQLIQNHFVDEYDPTIEDSYRKQVVIDGETCLLDILDTAGQEEYSAMRDQYMRTGEGFLCVFAINNTKSFEDIHQYREQIKRVKDSDDVPMVLVGNKCDLAARTVESRQAQDLARSYGIPYIETSAKTRQGVEDAFYTLVREIRQH	True	40.300	40.300	162.200	90.00	90.00	120.00	/Users/mitchellparker/Desktop/rascore_build/core/5p21A_core.cif	/Users/mitchellparker/Desktop/rascore_build/rcsb/5p21.cif.gz	/Users/mitchellparker/Desktop/rascore_build/renum/5p21_renum.cif	/Users/mitchellparker/Desktop/rascore_build/rcsb_assembly/5p21-assembly-1.cif.gz	/Users/mitchellparker/Desktop/rascore_build/renum_assembly/5p21-assembly-1_renum.cif	/Users/mitchellparker/Desktop/rascore_build/sifts/5p21.xml.gz	/Users/mitchellparker/Desktop/rascore_build/pocket/5p21A_5_pocket.pdb
5p21A	5p21	0	A	Y32in.3P-ON	Outlier	Y32in	Y71in	P 32 2 1 (CF1)	5p21A6	6	GTPase HRas	RASH_HUMAN	P01112	WT	WT	HRAS	3P	WT	None	None	None	Homodimer	SP2-Unbound	P 32 2 1	166	1-166	1990-04-30	SP2	115.5309	0.0644	Unbound	Unbound	68,92,95,96,99	MG,GNP	None	None	None	None	None	None	None	None	None	None	GNP	MG	None	None	None	None	STP	XRAY	1.350	0.196	MTEYKLVVVGAGGVGKSALTIQLIQNHFVDEYDPTIEDSYRKQVVIDGETCLLDILDTAGQEEYSAMRDQYMRTGEGFLCVFAINNTKSFEDIHQYREQIKRVKDSDDVPMVLVGNKCDLAARTVESRQAQDLARSYGIPYIETSAKTRQGVEDAFYTLVREIRQH	True	40.300	40.300	162.200	90.00	90.00	120.00	/Users/mitchellparker/Desktop/rascore_build/core/5p21A_core.cif	/Users/mitchellparker/Desktop/rascore_build/rcsb/5p21.cif.gz	/Users/mitchellparker/Desktop/rascore_build/renum/5p21_renum.cif	/Users/mitchellparker/Desktop/rascore_build/rcsb_assembly/5p21-assembly-1.cif.gz	/Users/mitchellparker/Desktop/rascore_build/renum_assembly/5p21-assembly-1_renum.cif	/Users/mitchellparker/Desktop/rascore_build/sifts/5p21.xml.gz	/Users/mitchellparker/Desktop/rascore_build/pocket/5p21A_6_pocket.pdb
5tarA	5tar	0	A	Outlier	Outlier	Y32out	Y71in	P 21 21 21 (CF9)	5tarA1	1	GTPase KRas	RASK_HUMAN	P01116-2	WT	WT	KRAS	2P	WT	None	None	Other	None	SP2-Unbound	P 21 21 21	185	2-167:169-185	2016-09-10	SP2	578.3076	0.0003	Unbound	Unbound	62,65,68,69,72,92,95,96,99,102,103	CMT,FAR,GDP	Retinal rod rhodopsin-sensitive cGMP 3',5'-cyclic phosphodiesterase subunit delta	None	B:185,184,183,182,181	PDE6D_HUMAN	None	None	None	Other	None	B	GDP	None	None	None	CMT	None	STP	XRAY	1.900	0.226	GTEYKLVVVGAGGVGKSALTIQLIQNHFVDEYDPTIEDSYRKQVVIDGETCLLDILDTAGQEEYSAMRDQYMRTGEGFLCVFAINNTKSFEDIHHYREQIKRVKDSEDVPMVLVGNKCDLPSRTVDTKQAQDLARSYGIPFIETSAKTRQGVDDAFYTLVREIRKHKEKMSKDGKKKKKKSKTKC	True	58.140	70.495	84.684	90.00	90.00	90.00	/Users/mitchellparker/Desktop/rascore_build/core/5tarA_core.cif	/Users/mitchellparker/Desktop/rascore_build/rcsb/5tar.cif.gz	/Users/mitchellparker/Desktop/rascore_build/renum/5tar_renum.cif	/Users/mitchellparker/Desktop/rascore_build/rcsb_assembly/5tar-assembly-1.cif.gz	/Users/mitchellparker/Desktop/rascore_build/renum_assembly/5tar-assembly-1_renum.cif	/Users/mitchellparker/Desktop/rascore_build/sifts/5tar.xml.gz	/Users/mitchellparker/Desktop/rascore_build/pocket/5tarA_1_pocket.pdb
5tarA	5tar	0	A	Outlier	Outlier	Y32out	Y71in	P 21 21 21 (CF9)	5tarA2	2	GTPase KRas	RASK_HUMAN	P01116-2	WT	WT	KRAS	2P	WT	None	None	Other	None	SP2-Unbound	P 21 21 21	185	2-167:169-185	2016-09-10	Other	359.1046	0.0042	Unbound	Unbound	73,74,75,76,104,106,108,109,110,163,166,167,171	CMT,FAR,GDP	Retinal rod rhodopsin-sensitive cGMP 3',5'-cyclic phosphodiesterase subunit delta	None	B:185,184,183,182,181	PDE6D_HUMAN	None	None	None	Other	None	B	GDP	None	None	None	CMT	None	STP	XRAY	1.900	0.226	GTEYKLVVVGAGGVGKSALTIQLIQNHFVDEYDPTIEDSYRKQVVIDGETCLLDILDTAGQEEYSAMRDQYMRTGEGFLCVFAINNTKSFEDIHHYREQIKRVKDSEDVPMVLVGNKCDLPSRTVDTKQAQDLARSYGIPFIETSAKTRQGVDDAFYTLVREIRKHKEKMSKDGKKKKKKSKTKC	True	58.140	70.495	84.684	90.00	90.00	90.00	/Users/mitchellparker/Desktop/rascore_build/core/5tarA_core.cif	/Users/mitchellparker/Desktop/rascore_build/rcsb/5tar.cif.gz	/Users/mitchellparker/Desktop/rascore_build/renum/5tar_renum.cif	/Users/mitchellparker/Desktop/rascore_build/rcsb_assembly/5tar-assembly-1.cif.gz	/Users/mitchellparker/Desktop/rascore_build/renum_assembly/5tar-assembly-1_renum.cif	/Users/mitchellparker/Desktop/rascore_build/sifts/5tar.xml.gz	/Users/mitchellparker/Desktop/rascore_build/pocket/5tarA_2_pocket.pdb
5tarA	5tar	0	A	Outlier	Outlier	Y32out	Y71in	P 21 21 21 (CF9)	5tarA3	3	GTPase KRas	RASK_HUMAN	P01116-2	WT	WT	KRAS	2P	WT	None	None	Other	None	SP2-Unbound	P 21 21 21	185	2-167:169-185	2016-09-10	Other	374.2484	0.0012	Unbound	Unbound	128,131,132,134,135,139,141	CMT,FAR,GDP	Retinal rod rhodopsin-sensitive cGMP 3',5'-cyclic phosphodiesterase subunit delta	None	B:185,184,183,182,181	PDE6D_HUMAN	None	None	None	Other	None	B	GDP	None	None	None	CMT	None	STP	XRAY	1.900	0.226	GTEYKLVVVGAGGVGKSALTIQLIQNHFVDEYDPTIEDSYRKQVVIDGETCLLDILDTAGQEEYSAMRDQYMRTGEGFLCVFAINNTKSFEDIHHYREQIKRVKDSEDVPMVLVGNKCDLPSRTVDTKQAQDLARSYGIPFIETSAKTRQGVDDAFYTLVREIRKHKEKMSKDGKKKKKKSKTKC	True	58.140	70.495	84.684	90.00	90.00	90.00	/Users/mitchellparker/Desktop/rascore_build/core/5tarA_core.cif	/Users/mitchellparker/Desktop/rascore_build/rcsb/5tar.cif.gz	/Users/mitchellparker/Desktop/rascore_build/renum/5tar_renum.cif	/Users/mitchellparker/Desktop/rascore_build/rcsb_assembly/5tar-assembly-1.cif.gz	/Users/mitchellparker/Desktop/rascore_build/renum_assembly/5tar-assembly-1_renum.cif	/Users/mitchellparker/Desktop/rascore_build/sifts/5tar.xml.gz	/Users/mitchellparker/Desktop/rascore_build/pocket/5tarA_3_pocket.pdb
5tarA	5tar	0	A	Outlier	Outlier	Y32out	Y71in	P 21 21 21 (CF9)	5tarA4	4	GTPase KRas	RASK_HUMAN	P01116-2	WT	WT	KRAS	2P	WT	None	None	Other	None	SP2-Unbound	P 21 21 21	185	2-167:169-185	2016-09-10	Other	261.6540	0.0010	Unbound	Unbound	4,49,164,167,169,172	CMT,FAR,GDP	Retinal rod rhodopsin-sensitive cGMP 3',5'-cyclic phosphodiesterase subunit delta	None	B:185,184,183,182,181	PDE6D_HUMAN	None	None	None	Other	None	B	GDP	None	None	None	CMT	None	STP	XRAY	1.900	0.226	GTEYKLVVVGAGGVGKSALTIQLIQNHFVDEYDPTIEDSYRKQVVIDGETCLLDILDTAGQEEYSAMRDQYMRTGEGFLCVFAINNTKSFEDIHHYREQIKRVKDSEDVPMVLVGNKCDLPSRTVDTKQAQDLARSYGIPFIETSAKTRQGVDDAFYTLVREIRKHKEKMSKDGKKKKKKSKTKC	True	58.140	70.495	84.684	90.00	90.00	90.00	/Users/mitchellparker/Desktop/rascore_build/core/5tarA_core.cif	/Users/mitchellparker/Desktop/rascore_build/rcsb/5tar.cif.gz	/Users/mitchellparker/Desktop/rascore_build/renum/5tar_renum.cif	/Users/mitchellparker/Desktop/rascore_build/rcsb_assembly/5tar-assembly-1.cif.gz	/Users/mitchellparker/Desktop/rascore_build/renum_assembly/5tar-assembly-1_renum.cif	/Users/mitchellparker/Desktop/rascore_build/sifts/5tar.xml.gz	/Users/mitchellparker/Desktop/rascore_build/pocket/5tarA_4_pocket.pdb
5tarA	5tar	0	A	Outlier	Outlier	Y32out	Y71in	P 21 21 21 (CF9)	5tarA5	5	GTPase KRas	RASK_HUMAN	P01116-2	WT	WT	KRAS	2P	WT	None	None	Other	None	SP2-Unbound	P 21 21 21	185	2-167:169-185	2016-09-10	Other	338.5247	0.0367	Unbound	Unbound	20,21,24,25,27,33,35,36,37,38,39,40	CMT,FAR,GDP	Retinal rod rhodopsin-sensitive cGMP 3',5'-cyclic phosphodiesterase subunit delta	None	B:185,184,183,182,181	PDE6D_HUMAN	None	None	None	Other	None	B	GDP	None	None	None	CMT	None	STP	XRAY	1.900	0.226	GTEYKLVVVGAGGVGKSALTIQLIQNHFVDEYDPTIEDSYRKQVVIDGETCLLDILDTAGQEEYSAMRDQYMRTGEGFLCVFAINNTKSFEDIHHYREQIKRVKDSEDVPMVLVGNKCDLPSRTVDTKQAQDLARSYGIPFIETSAKTRQGVDDAFYTLVREIRKHKEKMSKDGKKKKKKSKTKC	True	58.140	70.495	84.684	90.00	90.00	90.00	/Users/mitchellparker/Desktop/rascore_build/core/5tarA_core.cif	/Users/mitchellparker/Desktop/rascore_build/rcsb/5tar.cif.gz	/Users/mitchellparker/Desktop/rascore_build/renum/5tar_renum.cif	/Users/mitchellparker/Desktop/rascore_build/rcsb_assembly/5tar-assembly-1.cif.gz	/Users/mitchellparker/Desktop/rascore_build/renum_assembly/5tar-assembly-1_renum.cif	/Users/mitchellparker/Desktop/rascore_build/sifts/5tar.xml.gz	/Users/mitchellparker/Desktop/rascore_build/pocket/5tarA_5_pocket.pdb
5tarA	5tar	0	A	Outlier	Outlier	Y32out	Y71in	P 21 21 21 (CF9)	5tarA6	6	GTPase KRas	RASK_HUMAN	P01116-2	WT	WT	KRAS	2P	WT	None	None	Other	None	SP2-Unbound	P 21 21 21	185	2-167:169-185	2016-09-10	Other	276.4947	0.0003	Unbound	Unbound	47,49,161,164,165,169	CMT,FAR,GDP	Retinal rod rhodopsin-sensitive cGMP 3',5'-cyclic phosphodiesterase subunit delta	None	B:185,184,183,182,181	PDE6D_HUMAN	None	None	None	Other	None	B	GDP	None	None	None	CMT	None	STP	XRAY	1.900	0.226	GTEYKLVVVGAGGVGKSALTIQLIQNHFVDEYDPTIEDSYRKQVVIDGETCLLDILDTAGQEEYSAMRDQYMRTGEGFLCVFAINNTKSFEDIHHYREQIKRVKDSEDVPMVLVGNKCDLPSRTVDTKQAQDLARSYGIPFIETSAKTRQGVDDAFYTLVREIRKHKEKMSKDGKKKKKKSKTKC	True	58.140	70.495	84.684	90.00	90.00	90.00	/Users/mitchellparker/Desktop/rascore_build/core/5tarA_core.cif	/Users/mitchellparker/Desktop/rascore_build/rcsb/5tar.cif.gz	/Users/mitchellparker/Desktop/rascore_build/renum/5tar_renum.cif	/Users/mitchellparker/Desktop/rascore_build/rcsb_assembly/5tar-assembly-1.cif.gz	/Users/mitchellparker/Desktop/rascore_build/renum_assembly/5tar-assembly-1_renum.cif	/Users/mitchellparker/Desktop/rascore_build/sifts/5tar.xml.gz	/Users/mitchellparker/Desktop/rascore_build/pocket/5tarA_6_pocket.pdb
5tarA	5tar	0	A	Outlier	Outlier	Y32out	Y71in	P 21 21 21 (CF9)	5tarA7	7	GTPase KRas	RASK_HUMAN	P01116-2	WT	WT	KRAS	2P	WT	None	None	Other	None	SP2-Unbound	P 21 21 21	185	2-167:169-185	2016-09-10	Other	396.8711	0.0017	Unbound	Unbound	97,107,108,109,110,111,137,138,139,162,165,166,170	CMT,FAR,GDP	Retinal rod rhodopsin-sensitive cGMP 3',5'-cyclic phosphodiesterase subunit delta	None	B:185,184,183,182,181	PDE6D_HUMAN	None	None	None	Other	None	B	GDP	None	None	None	CMT	None	STP	XRAY	1.900	0.226	GTEYKLVVVGAGGVGKSALTIQLIQNHFVDEYDPTIEDSYRKQVVIDGETCLLDILDTAGQEEYSAMRDQYMRTGEGFLCVFAINNTKSFEDIHHYREQIKRVKDSEDVPMVLVGNKCDLPSRTVDTKQAQDLARSYGIPFIETSAKTRQGVDDAFYTLVREIRKHKEKMSKDGKKKKKKSKTKC	True	58.140	70.495	84.684	90.00	90.00	90.00	/Users/mitchellparker/Desktop/rascore_build/core/5tarA_core.cif	/Users/mitchellparker/Desktop/rascore_build/rcsb/5tar.cif.gz	/Users/mitchellparker/Desktop/rascore_build/renum/5tar_renum.cif	/Users/mitchellparker/Desktop/rascore_build/rcsb_assembly/5tar-assembly-1.cif.gz	/Users/mitchellparker/Desktop/rascore_build/renum_assembly/5tar-assembly-1_renum.cif	/Users/mitchellparker/Desktop/rascore_build/sifts/5tar.xml.gz	/Users/mitchellparker/Desktop/rascore_build/pocket/5tarA_7_pocket.pdb
5tb5A	5tb5	0	A	Disordered	Outlier	Disordered	Y71in	P 1 21 1 (CF3)	5tb5A1	1	GTPase KRas	RASK_HUMAN	P01116-2	WT	WT	KRAS	2P	WT	None	None	Other	None	Multiple-Unbound	P 1 21 1	185	2-28:38-167:169-174:178-185	2016-09-11	Other	466.8930	0.0120	Unbound	Unbound	73,74,75,76,104,106,108,109,110,163,166,167,171	CMT,FAR,GDP	Retinal rod rhodopsin-sensitive cGMP 3',5'-cyclic phosphodiesterase subunit delta	None	B:185,184,183,182,181,180	PDE6D_HUMAN	None	None	None	Other	None	B	GDP	None	None	None	CMT,FAR	None	STP	XRAY	2.000	0.205	GTEYKLVVVGAGGVGKSALTIQLIQNHFVDEYDPTIEDSYRKQVVIDGETCLLDILDTAGQEEYSAMRDQYMRTGEGFLCVFAINNTKSFEDIHHYREQIKRVKDSEDVPMVLVGNKCDLPSRTVDTKQAQDLARSYGIPFIETSAKTRQGVDDAFYTLVREIRKHKEKMSKDGKKKKKKSKTKC	True	58.386	70.651	94.307	90.00	92.40	90.00	/Users/mitchellparker/Desktop/rascore_build/core/5tb5A_core.cif	/Users/mitchellparker/Desktop/rascore_build/rcsb/5tb5.cif.gz	/Users/mitchellparker/Desktop/rascore_build/renum/5tb5_renum.cif	/Users/mitchellparker/Desktop/rascore_build/rcsb_assembly/5tb5-assembly-1.cif.gz	/Users/mitchellparker/Desktop/rascore_build/renum_assembly/5tb5-assembly-1_renum.cif	/Users/mitchellparker/Desktop/rascore_build/sifts/5tb5.xml.gz	/Users/mitchellparker/Desktop/rascore_build/pocket/5tb5A_1_pocket.pdb
5tb5A	5tb5	0	A	Disordered	Outlier	Disordered	Y71in	P 1 21 1 (CF3)	5tb5A2	2	GTPase KRas	RASK_HUMAN	P01116-2	WT	WT	KRAS	2P	WT	None	None	Other	None	Multiple-Unbound	P 1 21 1	185	2-28:38-167:169-174:178-185	2016-09-11	SP12	473.1837	0.0003	Unbound	Unbound	5,6,7,38,39,41,54,56,61,67,70,71,74,75	CMT,FAR,GDP	Retinal rod rhodopsin-sensitive cGMP 3',5'-cyclic phosphodiesterase subunit delta	None	B:185,184,183,182,181,180	PDE6D_HUMAN	None	None	None	Other	None	B	GDP	None	None	None	CMT,FAR	None	STP	XRAY	2.000	0.205	GTEYKLVVVGAGGVGKSALTIQLIQNHFVDEYDPTIEDSYRKQVVIDGETCLLDILDTAGQEEYSAMRDQYMRTGEGFLCVFAINNTKSFEDIHHYREQIKRVKDSEDVPMVLVGNKCDLPSRTVDTKQAQDLARSYGIPFIETSAKTRQGVDDAFYTLVREIRKHKEKMSKDGKKKKKKSKTKC	True	58.386	70.651	94.307	90.00	92.40	90.00	/Users/mitchellparker/Desktop/rascore_build/core/5tb5A_core.cif	/Users/mitchellparker/Desktop/rascore_build/rcsb/5tb5.cif.gz	/Users/mitchellparker/Desktop/rascore_build/renum/5tb5_renum.cif	/Users/mitchellparker/Desktop/rascore_build/rcsb_assembly/5tb5-assembly-1.cif.gz	/Users/mitchellparker/Desktop/rascore_build/renum_assembly/5tb5-assembly-1_renum.cif	/Users/mitchellparker/Desktop/rascore_build/sifts/5tb5.xml.gz	/Users/mitchellparker/Desktop/rascore_build/pocket/5tb5A_2_pocket.pdb
5tb5A	5tb5	0	A	Disordered	Outlier	Disordered	Y71in	P 1 21 1 (CF3)	5tb5A3	3	GTPase KRas	RASK_HUMAN	P01116-2	WT	WT	KRAS	2P	WT	None	None	Other	None	Multiple-Unbound	P 1 21 1	185	2-28:38-167:169-174:178-185	2016-09-11	Other	278.8868	0.0003	Unbound	Unbound	97,107,108,109,110,137,138,139,162,165,166,170	CMT,FAR,GDP	Retinal rod rhodopsin-sensitive cGMP 3',5'-cyclic phosphodiesterase subunit delta	None	B:185,184,183,182,181,180	PDE6D_HUMAN	None	None	None	Other	None	B	GDP	None	None	None	CMT,FAR	None	STP	XRAY	2.000	0.205	GTEYKLVVVGAGGVGKSALTIQLIQNHFVDEYDPTIEDSYRKQVVIDGETCLLDILDTAGQEEYSAMRDQYMRTGEGFLCVFAINNTKSFEDIHHYREQIKRVKDSEDVPMVLVGNKCDLPSRTVDTKQAQDLARSYGIPFIETSAKTRQGVDDAFYTLVREIRKHKEKMSKDGKKKKKKSKTKC	True	58.386	70.651	94.307	90.00	92.40	90.00	/Users/mitchellparker/Desktop/rascore_build/core/5tb5A_core.cif	/Users/mitchellparker/Desktop/rascore_build/rcsb/5tb5.cif.gz	/Users/mitchellparker/Desktop/rascore_build/renum/5tb5_renum.cif	/Users/mitchellparker/Desktop/rascore_build/rcsb_assembly/5tb5-assembly-1.cif.gz	/Users/mitchellparker/Desktop/rascore_build/renum_assembly/5tb5-assembly-1_renum.cif	/Users/mitchellparker/Desktop/rascore_build/sifts/5tb5.xml.gz	/Users/mitchellparker/Desktop/rascore_build/pocket/5tb5A_3_pocket.pdb
5tb5A	5tb5	0	A	Disordered	Outlier	Disordered	Y71in	P 1 21 1 (CF3)	5tb5A4	4	GTPase KRas	RASK_HUMAN	P01116-2	WT	WT	KRAS	2P	WT	None	None	Other	None	Multiple-Unbound	P 1 21 1	185	2-28:38-167:169-174:178-185	2016-09-11	Other	215.5439	0.0002	Unbound	Unbound	131,134,135,139,141	CMT,FAR,GDP	Retinal rod rhodopsin-sensitive cGMP 3',5'-cyclic phosphodiesterase subunit delta	None	B:185,184,183,182,181,180	PDE6D_HUMAN	None	None	None	Other	None	B	GDP	None	None	None	CMT,FAR	None	STP	XRAY	2.000	0.205	GTEYKLVVVGAGGVGKSALTIQLIQNHFVDEYDPTIEDSYRKQVVIDGETCLLDILDTAGQEEYSAMRDQYMRTGEGFLCVFAINNTKSFEDIHHYREQIKRVKDSEDVPMVLVGNKCDLPSRTVDTKQAQDLARSYGIPFIETSAKTRQGVDDAFYTLVREIRKHKEKMSKDGKKKKKKSKTKC	True	58.386	70.651	94.307	90.00	92.40	90.00	/Users/mitchellparker/Desktop/rascore_build/core/5tb5A_core.cif	/Users/mitchellparker/Desktop/rascore_build/rcsb/5tb5.cif.gz	/Users/mitchellparker/Desktop/rascore_build/renum/5tb5_renum.cif	/Users/mitchellparker/Desktop/rascore_build/rcsb_assembly/5tb5-assembly-1.cif.gz	/Users/mitchellparker/Desktop/rascore_build/renum_assembly/5tb5-assembly-1_renum.cif	/Users/mitchellparker/Desktop/rascore_build/sifts/5tb5.xml.gz	/Users/mitchellparker/Desktop/rascore_build/pocket/5tb5A_4_pocket.pdb
5tb5A	5tb5	0	A	Disordered	Outlier	Disordered	Y71in	P 1 21 1 (CF3)	5tb5A5	5	GTPase KRas	RASK_HUMAN	P01116-2	WT	WT	KRAS	2P	WT	None	None	Other	None	Multiple-Unbound	P 1 21 1	185	2-28:38-167:169-174:178-185	2016-09-11	Other	204.4409	0.0003	Unbound	Unbound	2,4,164,167,169,172	CMT,FAR,GDP	Retinal rod rhodopsin-sensitive cGMP 3',5'-cyclic phosphodiesterase subunit delta	None	B:185,184,183,182,181,180	PDE6D_HUMAN	None	None	None	Other	None	B	GDP	None	None	None	CMT,FAR	None	STP	XRAY	2.000	0.205	GTEYKLVVVGAGGVGKSALTIQLIQNHFVDEYDPTIEDSYRKQVVIDGETCLLDILDTAGQEEYSAMRDQYMRTGEGFLCVFAINNTKSFEDIHHYREQIKRVKDSEDVPMVLVGNKCDLPSRTVDTKQAQDLARSYGIPFIETSAKTRQGVDDAFYTLVREIRKHKEKMSKDGKKKKKKSKTKC	True	58.386	70.651	94.307	90.00	92.40	90.00	/Users/mitchellparker/Desktop/rascore_build/core/5tb5A_core.cif	/Users/mitchellparker/Desktop/rascore_build/rcsb/5tb5.cif.gz	/Users/mitchellparker/Desktop/rascore_build/renum/5tb5_renum.cif	/Users/mitchellparker/Desktop/rascore_build/rcsb_assembly/5tb5-assembly-1.cif.gz	/Users/mitchellparker/Desktop/rascore_build/renum_assembly/5tb5-assembly-1_renum.cif	/Users/mitchellparker/Desktop/rascore_build/sifts/5tb5.xml.gz	/Users/mitchellparker/Desktop/rascore_build/pocket/5tb5A_5_pocket.pdb
5tb5A	5tb5	0	A	Disordered	Outlier	Disordered	Y71in	P 1 21 1 (CF3)	5tb5A6	6	GTPase KRas	RASK_HUMAN	P01116-2	WT	WT	KRAS	2P	WT	None	None	Other	None	Multiple-Unbound	P 1 21 1	185	2-28:38-167:169-174:178-185	2016-09-11	SP2	167.6406	0.0002	Unbound	Unbound	62,92,95,96,99	CMT,FAR,GDP	Retinal rod rhodopsin-sensitive cGMP 3',5'-cyclic phosphodiesterase subunit delta	None	B:185,184,183,182,181,180	PDE6D_HUMAN	None	None	None	Other	None	B	GDP	None	None	None	CMT,FAR	None	STP	XRAY	2.000	0.205	GTEYKLVVVGAGGVGKSALTIQLIQNHFVDEYDPTIEDSYRKQVVIDGETCLLDILDTAGQEEYSAMRDQYMRTGEGFLCVFAINNTKSFEDIHHYREQIKRVKDSEDVPMVLVGNKCDLPSRTVDTKQAQDLARSYGIPFIETSAKTRQGVDDAFYTLVREIRKHKEKMSKDGKKKKKKSKTKC	True	58.386	70.651	94.307	90.00	92.40	90.00	/Users/mitchellparker/Desktop/rascore_build/core/5tb5A_core.cif	/Users/mitchellparker/Desktop/rascore_build/rcsb/5tb5.cif.gz	/Users/mitchellparker/Desktop/rascore_build/renum/5tb5_renum.cif	/Users/mitchellparker/Desktop/rascore_build/rcsb_assembly/5tb5-assembly-1.cif.gz	/Users/mitchellparker/Desktop/rascore_build/renum_assembly/5tb5-assembly-1_renum.cif	/Users/mitchellparker/Desktop/rascore_build/sifts/5tb5.xml.gz	/Users/mitchellparker/Desktop/rascore_build/pocket/5tb5A_6_pocket.pdb
5tb5A	5tb5	0	A	Disordered	Outlier	Disordered	Y71in	P 1 21 1 (CF3)	5tb5A7	7	GTPase KRas	RASK_HUMAN	P01116-2	WT	WT	KRAS	2P	WT	None	None	Other	None	Multiple-Unbound	P 1 21 1	185	2-28:38-167:169-174:178-185	2016-09-11	Other	318.5300	0.0008	Unbound	Unbound	17,20,21,24,25,38,40,57	CMT,FAR,GDP	Retinal rod rhodopsin-sensitive cGMP 3',5'-cyclic phosphodiesterase subunit delta	None	B:185,184,183,182,181,180	PDE6D_HUMAN	None	None	None	Other	None	B	GDP	None	None	None	CMT,FAR	None	STP	XRAY	2.000	0.205	GTEYKLVVVGAGGVGKSALTIQLIQNHFVDEYDPTIEDSYRKQVVIDGETCLLDILDTAGQEEYSAMRDQYMRTGEGFLCVFAINNTKSFEDIHHYREQIKRVKDSEDVPMVLVGNKCDLPSRTVDTKQAQDLARSYGIPFIETSAKTRQGVDDAFYTLVREIRKHKEKMSKDGKKKKKKSKTKC	True	58.386	70.651	94.307	90.00	92.40	90.00	/Users/mitchellparker/Desktop/rascore_build/core/5tb5A_core.cif	/Users/mitchellparker/Desktop/rascore_build/rcsb/5tb5.cif.gz	/Users/mitchellparker/Desktop/rascore_build/renum/5tb5_renum.cif	/Users/mitchellparker/Desktop/rascore_build/rcsb_assembly/5tb5-assembly-1.cif.gz	/Users/mitchellparker/Desktop/rascore_build/renum_assembly/5tb5-assembly-1_renum.cif	/Users/mitchellparker/Desktop/rascore_build/sifts/5tb5.xml.gz	/Users/mitchellparker/Desktop/rascore_build/pocket/5tb5A_7_pocket.pdb
5tb5A	5tb5	0	A	Disordered	Outlier	Disordered	Y71in	P 1 21 1 (CF3)	5tb5A8	8	GTPase KRas	RASK_HUMAN	P01116-2	WT	WT	KRAS	2P	WT	None	None	Other	None	Multiple-Unbound	P 1 21 1	185	2-28:38-167:169-174:178-185	2016-09-11	SP2	240.3549	0.0003	Unbound	Unbound	65,68,69,72,99,102,103	CMT,FAR,GDP	Retinal rod rhodopsin-sensitive cGMP 3',5'-cyclic phosphodiesterase subunit delta	None	B:185,184,183,182,181,180	PDE6D_HUMAN	None	None	None	Other	None	B	GDP	None	None	None	CMT,FAR	None	STP	XRAY	2.000	0.205	GTEYKLVVVGAGGVGKSALTIQLIQNHFVDEYDPTIEDSYRKQVVIDGETCLLDILDTAGQEEYSAMRDQYMRTGEGFLCVFAINNTKSFEDIHHYREQIKRVKDSEDVPMVLVGNKCDLPSRTVDTKQAQDLARSYGIPFIETSAKTRQGVDDAFYTLVREIRKHKEKMSKDGKKKKKKSKTKC	True	58.386	70.651	94.307	90.00	92.40	90.00	/Users/mitchellparker/Desktop/rascore_build/core/5tb5A_core.cif	/Users/mitchellparker/Desktop/rascore_build/rcsb/5tb5.cif.gz	/Users/mitchellparker/Desktop/rascore_build/renum/5tb5_renum.cif	/Users/mitchellparker/Desktop/rascore_build/rcsb_assembly/5tb5-assembly-1.cif.gz	/Users/mitchellparker/Desktop/rascore_build/renum_assembly/5tb5-assembly-1_renum.cif	/Users/mitchellparker/Desktop/rascore_build/sifts/5tb5.xml.gz	/Users/mitchellparker/Desktop/rascore_build/pocket/5tb5A_8_pocket.pdb
5tb5A	5tb5	0	A	Disordered	Outlier	Disordered	Y71in	P 1 21 1 (CF3)	5tb5A9	9	GTPase KRas	RASK_HUMAN	P01116-2	WT	WT	KRAS	2P	WT	None	None	Other	None	Multiple-Unbound	P 1 21 1	185	2-28:38-167:169-174:178-185	2016-09-11	Other	165.1558	0.0003	Unbound	Unbound	94,97,98,101,137	CMT,FAR,GDP	Retinal rod rhodopsin-sensitive cGMP 3',5'-cyclic phosphodiesterase subunit delta	None	B:185,184,183,182,181,180	PDE6D_HUMAN	None	None	None	Other	None	B	GDP	None	None	None	CMT,FAR	None	STP	XRAY	2.000	0.205	GTEYKLVVVGAGGVGKSALTIQLIQNHFVDEYDPTIEDSYRKQVVIDGETCLLDILDTAGQEEYSAMRDQYMRTGEGFLCVFAINNTKSFEDIHHYREQIKRVKDSEDVPMVLVGNKCDLPSRTVDTKQAQDLARSYGIPFIETSAKTRQGVDDAFYTLVREIRKHKEKMSKDGKKKKKKSKTKC	True	58.386	70.651	94.307	90.00	92.40	90.00	/Users/mitchellparker/Desktop/rascore_build/core/5tb5A_core.cif	/Users/mitchellparker/Desktop/rascore_build/rcsb/5tb5.cif.gz	/Users/mitchellparker/Desktop/rascore_build/renum/5tb5_renum.cif	/Users/mitchellparker/Desktop/rascore_build/rcsb_assembly/5tb5-assembly-1.cif.gz	/Users/mitchellparker/Desktop/rascore_build/renum_assembly/5tb5-assembly-1_renum.cif	/Users/mitchellparker/Desktop/rascore_build/sifts/5tb5.xml.gz	/Users/mitchellparker/Desktop/rascore_build/pocket/5tb5A_9_pocket.pdb
5tb5C	5tb5	0	C	Disordered	Outlier	Disordered	Y71in	P 1 21 1 (CF3)	5tb5C10	10	GTPase KRas	RASK_HUMAN	P01116-2	WT	WT	KRAS	2P	WT	None	None	Other	None	Multiple-Unbound	P 1 21 1	185	2-30:38-167:169-172:178-185	2016-09-11	Other	191.1820	0.0000	Unbound	Unbound	69,73,102,103	CMT,FAR,GDP	Retinal rod rhodopsin-sensitive cGMP 3',5'-cyclic phosphodiesterase subunit delta	None	D:185,184,183,182,180,181	PDE6D_HUMAN	None	None	None	Other	None	D	GDP	None	None	None	CMT,FAR	None	STP	XRAY	2.000	0.205	GTEYKLVVVGAGGVGKSALTIQLIQNHFVDEYDPTIEDSYRKQVVIDGETCLLDILDTAGQEEYSAMRDQYMRTGEGFLCVFAINNTKSFEDIHHYREQIKRVKDSEDVPMVLVGNKCDLPSRTVDTKQAQDLARSYGIPFIETSAKTRQGVDDAFYTLVREIRKHKEKMSKDGKKKKKKSKTKC	True	58.386	70.651	94.307	90.00	92.40	90.00	/Users/mitchellparker/Desktop/rascore_build/core/5tb5C_core.cif	/Users/mitchellparker/Desktop/rascore_build/rcsb/5tb5.cif.gz	/Users/mitchellparker/Desktop/rascore_build/renum/5tb5_renum.cif	/Users/mitchellparker/Desktop/rascore_build/rcsb_assembly/5tb5-assembly-1.cif.gz	/Users/mitchellparker/Desktop/rascore_build/renum_assembly/5tb5-assembly-1_renum.cif	/Users/mitchellparker/Desktop/rascore_build/sifts/5tb5.xml.gz	/Users/mitchellparker/Desktop/rascore_build/pocket/5tb5C_10_pocket.pdb
5tb5C	5tb5	0	C	Disordered	Outlier	Disordered	Y71in	P 1 21 1 (CF3)	5tb5C1	1	GTPase KRas	RASK_HUMAN	P01116-2	WT	WT	KRAS	2P	WT	None	None	Other	None	Multiple-Unbound	P 1 21 1	185	2-30:38-167:169-172:178-185	2016-09-11	Other	547.6171	0.0051	Unbound	Unbound	73,74,75,76,103,104,106,108,109,110,163,166,167	CMT,FAR,GDP	Retinal rod rhodopsin-sensitive cGMP 3',5'-cyclic phosphodiesterase subunit delta	None	D:185,184,183,182,180,181	PDE6D_HUMAN	None	None	None	Other	None	D	GDP	None	None	None	CMT,FAR	None	STP	XRAY	2.000	0.205	GTEYKLVVVGAGGVGKSALTIQLIQNHFVDEYDPTIEDSYRKQVVIDGETCLLDILDTAGQEEYSAMRDQYMRTGEGFLCVFAINNTKSFEDIHHYREQIKRVKDSEDVPMVLVGNKCDLPSRTVDTKQAQDLARSYGIPFIETSAKTRQGVDDAFYTLVREIRKHKEKMSKDGKKKKKKSKTKC	True	58.386	70.651	94.307	90.00	92.40	90.00	/Users/mitchellparker/Desktop/rascore_build/core/5tb5C_core.cif	/Users/mitchellparker/Desktop/rascore_build/rcsb/5tb5.cif.gz	/Users/mitchellparker/Desktop/rascore_build/renum/5tb5_renum.cif	/Users/mitchellparker/Desktop/rascore_build/rcsb_assembly/5tb5-assembly-1.cif.gz	/Users/mitchellparker/Desktop/rascore_build/renum_assembly/5tb5-assembly-1_renum.cif	/Users/mitchellparker/Desktop/rascore_build/sifts/5tb5.xml.gz	/Users/mitchellparker/Desktop/rascore_build/pocket/5tb5C_1_pocket.pdb
5tb5C	5tb5	0	C	Disordered	Outlier	Disordered	Y71in	P 1 21 1 (CF3)	5tb5C2	2	GTPase KRas	RASK_HUMAN	P01116-2	WT	WT	KRAS	2P	WT	None	None	Other	None	Multiple-Unbound	P 1 21 1	185	2-30:38-167:169-172:178-185	2016-09-11	Other	308.1968	0.0013	Unbound	Unbound	17,18,21,27,28,29,30	CMT,FAR,GDP	Retinal rod rhodopsin-sensitive cGMP 3',5'-cyclic phosphodiesterase subunit delta	None	D:185,184,183,182,180,181	PDE6D_HUMAN	None	None	None	Other	None	D	GDP	None	None	None	CMT,FAR	None	STP	XRAY	2.000	0.205	GTEYKLVVVGAGGVGKSALTIQLIQNHFVDEYDPTIEDSYRKQVVIDGETCLLDILDTAGQEEYSAMRDQYMRTGEGFLCVFAINNTKSFEDIHHYREQIKRVKDSEDVPMVLVGNKCDLPSRTVDTKQAQDLARSYGIPFIETSAKTRQGVDDAFYTLVREIRKHKEKMSKDGKKKKKKSKTKC	True	58.386	70.651	94.307	90.00	92.40	90.00	/Users/mitchellparker/Desktop/rascore_build/core/5tb5C_core.cif	/Users/mitchellparker/Desktop/rascore_build/rcsb/5tb5.cif.gz	/Users/mitchellparker/Desktop/rascore_build/renum/5tb5_renum.cif	/Users/mitchellparker/Desktop/rascore_build/rcsb_assembly/5tb5-assembly-1.cif.gz	/Users/mitchellparker/Desktop/rascore_build/renum_assembly/5tb5-assembly-1_renum.cif	/Users/mitchellparker/Desktop/rascore_build/sifts/5tb5.xml.gz	/Users/mitchellparker/Desktop/rascore_build/pocket/5tb5C_2_pocket.pdb
5tb5C	5tb5	0	C	Disordered	Outlier	Disordered	Y71in	P 1 21 1 (CF3)	5tb5C3	3	GTPase KRas	RASK_HUMAN	P01116-2	WT	WT	KRAS	2P	WT	None	None	Other	None	Multiple-Unbound	P 1 21 1	185	2-30:38-167:169-172:178-185	2016-09-11	Other	425.3224	0.0009	Unbound	Unbound	127,131,134,135,139,141,142,143,154	CMT,FAR,GDP	Retinal rod rhodopsin-sensitive cGMP 3',5'-cyclic phosphodiesterase subunit delta	None	D:185,184,183,182,180,181	PDE6D_HUMAN	None	None	None	Other	None	D	GDP	None	None	None	CMT,FAR	None	STP	XRAY	2.000	0.205	GTEYKLVVVGAGGVGKSALTIQLIQNHFVDEYDPTIEDSYRKQVVIDGETCLLDILDTAGQEEYSAMRDQYMRTGEGFLCVFAINNTKSFEDIHHYREQIKRVKDSEDVPMVLVGNKCDLPSRTVDTKQAQDLARSYGIPFIETSAKTRQGVDDAFYTLVREIRKHKEKMSKDGKKKKKKSKTKC	True	58.386	70.651	94.307	90.00	92.40	90.00	/Users/mitchellparker/Desktop/rascore_build/core/5tb5C_core.cif	/Users/mitchellparker/Desktop/rascore_build/rcsb/5tb5.cif.gz	/Users/mitchellparker/Desktop/rascore_build/renum/5tb5_renum.cif	/Users/mitchellparker/Desktop/rascore_build/rcsb_assembly/5tb5-assembly-1.cif.gz	/Users/mitchellparker/Desktop/rascore_build/renum_assembly/5tb5-assembly-1_renum.cif	/Users/mitchellparker/Desktop/rascore_build/sifts/5tb5.xml.gz	/Users/mitchellparker/Desktop/rascore_build/pocket/5tb5C_3_pocket.pdb
5tb5C	5tb5	0	C	Disordered	Outlier	Disordered	Y71in	P 1 21 1 (CF3)	5tb5C4	4	GTPase KRas	RASK_HUMAN	P01116-2	WT	WT	KRAS	2P	WT	None	None	Other	None	Multiple-Unbound	P 1 21 1	185	2-30:38-167:169-172:178-185	2016-09-11	Other	302.7366	0.0009	Unbound	Unbound	4,46,47,48,49,51,160,161,164,165,169	CMT,FAR,GDP	Retinal rod rhodopsin-sensitive cGMP 3',5'-cyclic phosphodiesterase subunit delta	None	D:185,184,183,182,180,181	PDE6D_HUMAN	None	None	None	Other	None	D	GDP	None	None	None	CMT,FAR	None	STP	XRAY	2.000	0.205	GTEYKLVVVGAGGVGKSALTIQLIQNHFVDEYDPTIEDSYRKQVVIDGETCLLDILDTAGQEEYSAMRDQYMRTGEGFLCVFAINNTKSFEDIHHYREQIKRVKDSEDVPMVLVGNKCDLPSRTVDTKQAQDLARSYGIPFIETSAKTRQGVDDAFYTLVREIRKHKEKMSKDGKKKKKKSKTKC	True	58.386	70.651	94.307	90.00	92.40	90.00	/Users/mitchellparker/Desktop/rascore_build/core/5tb5C_core.cif	/Users/mitchellparker/Desktop/rascore_build/rcsb/5tb5.cif.gz	/Users/mitchellparker/Desktop/rascore_build/renum/5tb5_renum.cif	/Users/mitchellparker/Desktop/rascore_build/rcsb_assembly/5tb5-assembly-1.cif.gz	/Users/mitchellparker/Desktop/rascore_build/renum_assembly/5tb5-assembly-1_renum.cif	/Users/mitchellparker/Desktop/rascore_build/sifts/5tb5.xml.gz	/Users/mitchellparker/Desktop/rascore_build/pocket/5tb5C_4_pocket.pdb
5tb5C	5tb5	0	C	Disordered	Outlier	Disordered	Y71in	P 1 21 1 (CF3)	5tb5C5	5	GTPase KRas	RASK_HUMAN	P01116-2	WT	WT	KRAS	2P	WT	None	None	Other	None	Multiple-Unbound	P 1 21 1	185	2-30:38-167:169-172:178-185	2016-09-11	SP12	308.5419	0.0007	Unbound	Unbound	5,6,7,39,54,56,61,67,70,71,74	CMT,FAR,GDP	Retinal rod rhodopsin-sensitive cGMP 3',5'-cyclic phosphodiesterase subunit delta	None	D:185,184,183,182,180,181	PDE6D_HUMAN	None	None	None	Other	None	D	GDP	None	None	None	CMT,FAR	None	STP	XRAY	2.000	0.205	GTEYKLVVVGAGGVGKSALTIQLIQNHFVDEYDPTIEDSYRKQVVIDGETCLLDILDTAGQEEYSAMRDQYMRTGEGFLCVFAINNTKSFEDIHHYREQIKRVKDSEDVPMVLVGNKCDLPSRTVDTKQAQDLARSYGIPFIETSAKTRQGVDDAFYTLVREIRKHKEKMSKDGKKKKKKSKTKC	True	58.386	70.651	94.307	90.00	92.40	90.00	/Users/mitchellparker/Desktop/rascore_build/core/5tb5C_core.cif	/Users/mitchellparker/Desktop/rascore_build/rcsb/5tb5.cif.gz	/Users/mitchellparker/Desktop/rascore_build/renum/5tb5_renum.cif	/Users/mitchellparker/Desktop/rascore_build/rcsb_assembly/5tb5-assembly-1.cif.gz	/Users/mitchellparker/Desktop/rascore_build/renum_assembly/5tb5-assembly-1_renum.cif	/Users/mitchellparker/Desktop/rascore_build/sifts/5tb5.xml.gz	/Users/mitchellparker/Desktop/rascore_build/pocket/5tb5C_5_pocket.pdb
5tb5C	5tb5	0	C	Disordered	Outlier	Disordered	Y71in	P 1 21 1 (CF3)	5tb5C6	6	GTPase KRas	RASK_HUMAN	P01116-2	WT	WT	KRAS	2P	WT	None	None	Other	None	Multiple-Unbound	P 1 21 1	185	2-30:38-167:169-172:178-185	2016-09-11	SP2	286.0875	0.0003	Unbound	Unbound	62,88,92,95,96,99	CMT,FAR,GDP	Retinal rod rhodopsin-sensitive cGMP 3',5'-cyclic phosphodiesterase subunit delta	None	D:185,184,183,182,180,181	PDE6D_HUMAN	None	None	None	Other	None	D	GDP	None	None	None	CMT,FAR	None	STP	XRAY	2.000	0.205	GTEYKLVVVGAGGVGKSALTIQLIQNHFVDEYDPTIEDSYRKQVVIDGETCLLDILDTAGQEEYSAMRDQYMRTGEGFLCVFAINNTKSFEDIHHYREQIKRVKDSEDVPMVLVGNKCDLPSRTVDTKQAQDLARSYGIPFIETSAKTRQGVDDAFYTLVREIRKHKEKMSKDGKKKKKKSKTKC	True	58.386	70.651	94.307	90.00	92.40	90.00	/Users/mitchellparker/Desktop/rascore_build/core/5tb5C_core.cif	/Users/mitchellparker/Desktop/rascore_build/rcsb/5tb5.cif.gz	/Users/mitchellparker/Desktop/rascore_build/renum/5tb5_renum.cif	/Users/mitchellparker/Desktop/rascore_build/rcsb_assembly/5tb5-assembly-1.cif.gz	/Users/mitchellparker/Desktop/rascore_build/renum_assembly/5tb5-assembly-1_renum.cif	/Users/mitchellparker/Desktop/rascore_build/sifts/5tb5.xml.gz	/Users/mitchellparker/Desktop/rascore_build/pocket/5tb5C_6_pocket.pdb
5tb5C	5tb5	0	C	Disordered	Outlier	Disordered	Y71in	P 1 21 1 (CF3)	5tb5C7	7	GTPase KRas	RASK_HUMAN	P01116-2	WT	WT	KRAS	2P	WT	None	None	Other	None	Multiple-Unbound	P 1 21 1	185	2-30:38-167:169-172:178-185	2016-09-11	SP2	159.9184	0.0005	Unbound	Unbound	68,69,72,99,102,103	CMT,FAR,GDP	Retinal rod rhodopsin-sensitive cGMP 3',5'-cyclic phosphodiesterase subunit delta	None	D:185,184,183,182,180,181	PDE6D_HUMAN	None	None	None	Other	None	D	GDP	None	None	None	CMT,FAR	None	STP	XRAY	2.000	0.205	GTEYKLVVVGAGGVGKSALTIQLIQNHFVDEYDPTIEDSYRKQVVIDGETCLLDILDTAGQEEYSAMRDQYMRTGEGFLCVFAINNTKSFEDIHHYREQIKRVKDSEDVPMVLVGNKCDLPSRTVDTKQAQDLARSYGIPFIETSAKTRQGVDDAFYTLVREIRKHKEKMSKDGKKKKKKSKTKC	True	58.386	70.651	94.307	90.00	92.40	90.00	/Users/mitchellparker/Desktop/rascore_build/core/5tb5C_core.cif	/Users/mitchellparker/Desktop/rascore_build/rcsb/5tb5.cif.gz	/Users/mitchellparker/Desktop/rascore_build/renum/5tb5_renum.cif	/Users/mitchellparker/Desktop/rascore_build/rcsb_assembly/5tb5-assembly-1.cif.gz	/Users/mitchellparker/Desktop/rascore_build/renum_assembly/5tb5-assembly-1_renum.cif	/Users/mitchellparker/Desktop/rascore_build/sifts/5tb5.xml.gz	/Users/mitchellparker/Desktop/rascore_build/pocket/5tb5C_7_pocket.pdb
5tb5C	5tb5	0	C	Disordered	Outlier	Disordered	Y71in	P 1 21 1 (CF3)	5tb5C8	8	GTPase KRas	RASK_HUMAN	P01116-2	WT	WT	KRAS	2P	WT	None	None	Other	None	Multiple-Unbound	P 1 21 1	185	2-30:38-167:169-172:178-185	2016-09-11	Other	234.1628	0.0002	Unbound	Unbound	94,97,98,101,107,137	CMT,FAR,GDP	Retinal rod rhodopsin-sensitive cGMP 3',5'-cyclic phosphodiesterase subunit delta	None	D:185,184,183,182,180,181	PDE6D_HUMAN	None	None	None	Other	None	D	GDP	None	None	None	CMT,FAR	None	STP	XRAY	2.000	0.205	GTEYKLVVVGAGGVGKSALTIQLIQNHFVDEYDPTIEDSYRKQVVIDGETCLLDILDTAGQEEYSAMRDQYMRTGEGFLCVFAINNTKSFEDIHHYREQIKRVKDSEDVPMVLVGNKCDLPSRTVDTKQAQDLARSYGIPFIETSAKTRQGVDDAFYTLVREIRKHKEKMSKDGKKKKKKSKTKC	True	58.386	70.651	94.307	90.00	92.40	90.00	/Users/mitchellparker/Desktop/rascore_build/core/5tb5C_core.cif	/Users/mitchellparker/Desktop/rascore_build/rcsb/5tb5.cif.gz	/Users/mitchellparker/Desktop/rascore_build/renum/5tb5_renum.cif	/Users/mitchellparker/Desktop/rascore_build/rcsb_assembly/5tb5-assembly-1.cif.gz	/Users/mitchellparker/Desktop/rascore_build/renum_assembly/5tb5-assembly-1_renum.cif	/Users/mitchellparker/Desktop/rascore_build/sifts/5tb5.xml.gz	/Users/mitchellparker/Desktop/rascore_build/pocket/5tb5C_8_pocket.pdb
5tb5C	5tb5	0	C	Disordered	Outlier	Disordered	Y71in	P 1 21 1 (CF3)	5tb5C9	9	GTPase KRas	RASK_HUMAN	P01116-2	WT	WT	KRAS	2P	WT	None	None	Other	None	Multiple-Unbound	P 1 21 1	185	2-30:38-167:169-172:178-185	2016-09-11	Other	240.1301	0.0001	Unbound	Unbound	108,138,162,165,166,170	CMT,FAR,GDP	Retinal rod rhodopsin-sensitive cGMP 3',5'-cyclic phosphodiesterase subunit delta	None	D:185,184,183,182,180,181	PDE6D_HUMAN	None	None	None	Other	None	D	GDP	None	None	None	CMT,FAR	None	STP	XRAY	2.000	0.205	GTEYKLVVVGAGGVGKSALTIQLIQNHFVDEYDPTIEDSYRKQVVIDGETCLLDILDTAGQEEYSAMRDQYMRTGEGFLCVFAINNTKSFEDIHHYREQIKRVKDSEDVPMVLVGNKCDLPSRTVDTKQAQDLARSYGIPFIETSAKTRQGVDDAFYTLVREIRKHKEKMSKDGKKKKKKSKTKC	True	58.386	70.651	94.307	90.00	92.40	90.00	/Users/mitchellparker/Desktop/rascore_build/core/5tb5C_core.cif	/Users/mitchellparker/Desktop/rascore_build/rcsb/5tb5.cif.gz	/Users/mitchellparker/Desktop/rascore_build/renum/5tb5_renum.cif	/Users/mitchellparker/Desktop/rascore_build/rcsb_assembly/5tb5-assembly-1.cif.gz	/Users/mitchellparker/Desktop/rascore_build/renum_assembly/5tb5-assembly-1_renum.cif	/Users/mitchellparker/Desktop/rascore_build/sifts/5tb5.xml.gz	/Users/mitchellparker/Desktop/rascore_build/pocket/5tb5C_9_pocket.pdb
5ufeA	5ufe	0	A	Outlier	Outlier	Y32out	Y71out	P 21 21 21 (CF10)	5ufeA4	4	GTPase KRas	RASK_HUMAN	P01116-2	WT	WT	KRAS	3P	WT	None	None	Binder	None	SP2-Unbound	P 21 21 21	166	1-166	2017-01-04	Other	464.9021	0.0030	Unbound	Unbound	123,127,131,134,135,139,141,143	GNP,CA,CA,CD,CD,CD,CD,CL,CL,CL,MG,CO,CO,CO	R11.1.6	None	B:36,37,67,71,38,56,39,54,55,6,5,7,74,75,70,64,63,66	None	None	None	None	Binder	None	B	GNP	CO,MG	None	CA,CD,CL	None	None	STP	XRAY	2.302	0.190	MTEYKLVVVGAGGVGKSALTIQLIQNHFVDEYDPTIEDSYRKQVVIDGETCLLDILDTAGQEEYSAMRDQYMRTGEGFLCVFAINNTKSFEDIHHYREQIKRVKDSEDVPMVLVGNKCDLPSRTVDTKQAQDLARSYGIPFIETSAKTRQGVDDAFYTLVREIRKH	True	48.713	64.648	74.506	90.00	90.00	90.00	/Users/mitchellparker/Desktop/rascore_build/core/5ufeA_core.cif	/Users/mitchellparker/Desktop/rascore_build/rcsb/5ufe.cif.gz	/Users/mitchellparker/Desktop/rascore_build/renum/5ufe_renum.cif	/Users/mitchellparker/Desktop/rascore_build/rcsb_assembly/5ufe-assembly-1.cif.gz	/Users/mitchellparker/Desktop/rascore_build/renum_assembly/5ufe-assembly-1_renum.cif	/Users/mitchellparker/Desktop/rascore_build/sifts/5ufe.xml.gz	/Users/mitchellparker/Desktop/rascore_build/pocket/5ufeA_4_pocket.pdb
5ufeA	5ufe	0	A	Outlier	Outlier	Y32out	Y71out	P 21 21 21 (CF10)	5ufeA5	5	GTPase KRas	RASK_HUMAN	P01116-2	WT	WT	KRAS	3P	WT	None	None	Binder	None	SP2-Unbound	P 21 21 21	166	1-166	2017-01-04	SP2	349.9032	0.2924	Unbound	Unbound	9,10,58,59,60,62,68,71,72,96,99,100	GNP,CA,CA,CD,CD,CD,CD,CL,CL,CL,MG,CO,CO,CO	R11.1.6	None	B:36,37,67,71,38,56,39,54,55,6,5,7,74,75,70,64,63,66	None	None	None	None	Binder	None	B	GNP	CO,MG	None	CA,CD,CL	None	None	STP	XRAY	2.302	0.190	MTEYKLVVVGAGGVGKSALTIQLIQNHFVDEYDPTIEDSYRKQVVIDGETCLLDILDTAGQEEYSAMRDQYMRTGEGFLCVFAINNTKSFEDIHHYREQIKRVKDSEDVPMVLVGNKCDLPSRTVDTKQAQDLARSYGIPFIETSAKTRQGVDDAFYTLVREIRKH	True	48.713	64.648	74.506	90.00	90.00	90.00	/Users/mitchellparker/Desktop/rascore_build/core/5ufeA_core.cif	/Users/mitchellparker/Desktop/rascore_build/rcsb/5ufe.cif.gz	/Users/mitchellparker/Desktop/rascore_build/renum/5ufe_renum.cif	/Users/mitchellparker/Desktop/rascore_build/rcsb_assembly/5ufe-assembly-1.cif.gz	/Users/mitchellparker/Desktop/rascore_build/renum_assembly/5ufe-assembly-1_renum.cif	/Users/mitchellparker/Desktop/rascore_build/sifts/5ufe.xml.gz	/Users/mitchellparker/Desktop/rascore_build/pocket/5ufeA_5_pocket.pdb
5ufeA	5ufe	0	A	Outlier	Outlier	Y32out	Y71out	P 21 21 21 (CF10)	5ufeA6	6	GTPase KRas	RASK_HUMAN	P01116-2	WT	WT	KRAS	3P	WT	None	None	Binder	None	SP2-Unbound	P 21 21 21	166	1-166	2017-01-04	Other	526.1090	0.0006	Unbound	Unbound	94,97,98,101,102,105,106	GNP,CA,CA,CD,CD,CD,CD,CL,CL,CL,MG,CO,CO,CO	R11.1.6	None	B:36,37,67,71,38,56,39,54,55,6,5,7,74,75,70,64,63,66	None	None	None	None	Binder	None	B	GNP	CO,MG	None	CA,CD,CL	None	None	STP	XRAY	2.302	0.190	MTEYKLVVVGAGGVGKSALTIQLIQNHFVDEYDPTIEDSYRKQVVIDGETCLLDILDTAGQEEYSAMRDQYMRTGEGFLCVFAINNTKSFEDIHHYREQIKRVKDSEDVPMVLVGNKCDLPSRTVDTKQAQDLARSYGIPFIETSAKTRQGVDDAFYTLVREIRKH	True	48.713	64.648	74.506	90.00	90.00	90.00	/Users/mitchellparker/Desktop/rascore_build/core/5ufeA_core.cif	/Users/mitchellparker/Desktop/rascore_build/rcsb/5ufe.cif.gz	/Users/mitchellparker/Desktop/rascore_build/renum/5ufe_renum.cif	/Users/mitchellparker/Desktop/rascore_build/rcsb_assembly/5ufe-assembly-1.cif.gz	/Users/mitchellparker/Desktop/rascore_build/renum_assembly/5ufe-assembly-1_renum.cif	/Users/mitchellparker/Desktop/rascore_build/sifts/5ufe.xml.gz	/Users/mitchellparker/Desktop/rascore_build/pocket/5ufeA_6_pocket.pdb
5ufqA	5ufq	0	A	Outlier	Outlier	Y32out	Y71out	C 1 2 1 (CF6)	5ufqA2	2	GTPase KRas	RASK_HUMAN	P01116-2	G12D	G12	KRAS	3P	G12D	None	None	Binder	None	SP2-Unbound	C 1 2 1	166	1-166	2017-01-05	SP2	345.2472	0.0420	Unbound	Unbound	7,9,58,59,60,61,62,63,65,68,71,72,96,99	GNP,MG,CL,CL,CA,CD	R11.1.6	None	C:37,67,71,38,56,39,54,55,6,7,74,75,5,3,70,63,64,66	None	None	None	None	Binder	None	C	GNP	MG	None	CA,CD,CL	None	None	STP	XRAY	2.199	0.206	MTEYKLVVVGADGVGKSALTIQLIQNHFVDEYDPTIEDSYRKQVVIDGETCLLDILDTAGQEEYSAMRDQYMRTGEGFLCVFAINNTKSFEDIHHYREQIKRVKDSEDVPMVLVGNKCDLPSRTVDTKQAQDLARSYGIPFIETSAKTRQGVDDAFYTLVREIRKH	True	119.717	42.707	100.235	90.00	113.33	90.00	/Users/mitchellparker/Desktop/rascore_build/core/5ufqA_core.cif	/Users/mitchellparker/Desktop/rascore_build/rcsb/5ufq.cif.gz	/Users/mitchellparker/Desktop/rascore_build/renum/5ufq_renum.cif	/Users/mitchellparker/Desktop/rascore_build/rcsb_assembly/5ufq-assembly-1.cif.gz	/Users/mitchellparker/Desktop/rascore_build/renum_assembly/5ufq-assembly-1_renum.cif	/Users/mitchellparker/Desktop/rascore_build/sifts/5ufq.xml.gz	/Users/mitchellparker/Desktop/rascore_build/pocket/5ufqA_2_pocket.pdb
5ufqA	5ufq	0	A	Outlier	Outlier	Y32out	Y71out	C 1 2 1 (CF6)	5ufqA3	3	GTPase KRas	RASK_HUMAN	P01116-2	G12D	G12	KRAS	3P	G12D	None	None	Binder	None	SP2-Unbound	C 1 2 1	166	1-166	2017-01-05	Other	341.1277	0.0004	Unbound	Unbound	131,134,135,138,139,140,141,162,165	GNP,MG,CL,CL,CA,CD	R11.1.6	None	C:37,67,71,38,56,39,54,55,6,7,74,75,5,3,70,63,64,66	None	None	None	None	Binder	None	C	GNP	MG	None	CA,CD,CL	None	None	STP	XRAY	2.199	0.206	MTEYKLVVVGADGVGKSALTIQLIQNHFVDEYDPTIEDSYRKQVVIDGETCLLDILDTAGQEEYSAMRDQYMRTGEGFLCVFAINNTKSFEDIHHYREQIKRVKDSEDVPMVLVGNKCDLPSRTVDTKQAQDLARSYGIPFIETSAKTRQGVDDAFYTLVREIRKH	True	119.717	42.707	100.235	90.00	113.33	90.00	/Users/mitchellparker/Desktop/rascore_build/core/5ufqA_core.cif	/Users/mitchellparker/Desktop/rascore_build/rcsb/5ufq.cif.gz	/Users/mitchellparker/Desktop/rascore_build/renum/5ufq_renum.cif	/Users/mitchellparker/Desktop/rascore_build/rcsb_assembly/5ufq-assembly-1.cif.gz	/Users/mitchellparker/Desktop/rascore_build/renum_assembly/5ufq-assembly-1_renum.cif	/Users/mitchellparker/Desktop/rascore_build/sifts/5ufq.xml.gz	/Users/mitchellparker/Desktop/rascore_build/pocket/5ufqA_3_pocket.pdb
5ufqA	5ufq	0	A	Outlier	Outlier	Y32out	Y71out	C 1 2 1 (CF6)	5ufqA4	4	GTPase KRas	RASK_HUMAN	P01116-2	G12D	G12	KRAS	3P	G12D	None	None	Binder	None	SP2-Unbound	C 1 2 1	166	1-166	2017-01-05	Other	325.5085	0.0000	Unbound	Unbound	101,102,105,106,107	GNP,MG,CL,CL,CA,CD	R11.1.6	None	C:37,67,71,38,56,39,54,55,6,7,74,75,5,3,70,63,64,66	None	None	None	None	Binder	None	C	GNP	MG	None	CA,CD,CL	None	None	STP	XRAY	2.199	0.206	MTEYKLVVVGADGVGKSALTIQLIQNHFVDEYDPTIEDSYRKQVVIDGETCLLDILDTAGQEEYSAMRDQYMRTGEGFLCVFAINNTKSFEDIHHYREQIKRVKDSEDVPMVLVGNKCDLPSRTVDTKQAQDLARSYGIPFIETSAKTRQGVDDAFYTLVREIRKH	True	119.717	42.707	100.235	90.00	113.33	90.00	/Users/mitchellparker/Desktop/rascore_build/core/5ufqA_core.cif	/Users/mitchellparker/Desktop/rascore_build/rcsb/5ufq.cif.gz	/Users/mitchellparker/Desktop/rascore_build/renum/5ufq_renum.cif	/Users/mitchellparker/Desktop/rascore_build/rcsb_assembly/5ufq-assembly-1.cif.gz	/Users/mitchellparker/Desktop/rascore_build/renum_assembly/5ufq-assembly-1_renum.cif	/Users/mitchellparker/Desktop/rascore_build/sifts/5ufq.xml.gz	/Users/mitchellparker/Desktop/rascore_build/pocket/5ufqA_4_pocket.pdb
5ufqA	5ufq	0	A	Outlier	Outlier	Y32out	Y71out	C 1 2 1 (CF6)	5ufqA5	5	GTPase KRas	RASK_HUMAN	P01116-2	G12D	G12	KRAS	3P	G12D	None	None	Binder	None	SP2-Unbound	C 1 2 1	166	1-166	2017-01-05	SP2	307.2071	0.0001	Unbound	Unbound	11,12,60,61,88,92,95,96,99	GNP,MG,CL,CL,CA,CD	R11.1.6	None	C:37,67,71,38,56,39,54,55,6,7,74,75,5,3,70,63,64,66	None	None	None	None	Binder	None	C	GNP	MG	None	CA,CD,CL	None	None	STP	XRAY	2.199	0.206	MTEYKLVVVGADGVGKSALTIQLIQNHFVDEYDPTIEDSYRKQVVIDGETCLLDILDTAGQEEYSAMRDQYMRTGEGFLCVFAINNTKSFEDIHHYREQIKRVKDSEDVPMVLVGNKCDLPSRTVDTKQAQDLARSYGIPFIETSAKTRQGVDDAFYTLVREIRKH	True	119.717	42.707	100.235	90.00	113.33	90.00	/Users/mitchellparker/Desktop/rascore_build/core/5ufqA_core.cif	/Users/mitchellparker/Desktop/rascore_build/rcsb/5ufq.cif.gz	/Users/mitchellparker/Desktop/rascore_build/renum/5ufq_renum.cif	/Users/mitchellparker/Desktop/rascore_build/rcsb_assembly/5ufq-assembly-1.cif.gz	/Users/mitchellparker/Desktop/rascore_build/renum_assembly/5ufq-assembly-1_renum.cif	/Users/mitchellparker/Desktop/rascore_build/sifts/5ufq.xml.gz	/Users/mitchellparker/Desktop/rascore_build/pocket/5ufqA_5_pocket.pdb
5ufqA	5ufq	0	A	Outlier	Outlier	Y32out	Y71out	C 1 2 1 (CF6)	5ufqA6	6	GTPase KRas	RASK_HUMAN	P01116-2	G12D	G12	KRAS	3P	G12D	None	None	Binder	None	SP2-Unbound	C 1 2 1	166	1-166	2017-01-05	Other	336.8668	0.0001	Unbound	Unbound	97,107,108,109,110,111,137,138,139,162,165,166	GNP,MG,CL,CL,CA,CD	R11.1.6	None	C:37,67,71,38,56,39,54,55,6,7,74,75,5,3,70,63,64,66	None	None	None	None	Binder	None	C	GNP	MG	None	CA,CD,CL	None	None	STP	XRAY	2.199	0.206	MTEYKLVVVGADGVGKSALTIQLIQNHFVDEYDPTIEDSYRKQVVIDGETCLLDILDTAGQEEYSAMRDQYMRTGEGFLCVFAINNTKSFEDIHHYREQIKRVKDSEDVPMVLVGNKCDLPSRTVDTKQAQDLARSYGIPFIETSAKTRQGVDDAFYTLVREIRKH	True	119.717	42.707	100.235	90.00	113.33	90.00	/Users/mitchellparker/Desktop/rascore_build/core/5ufqA_core.cif	/Users/mitchellparker/Desktop/rascore_build/rcsb/5ufq.cif.gz	/Users/mitchellparker/Desktop/rascore_build/renum/5ufq_renum.cif	/Users/mitchellparker/Desktop/rascore_build/rcsb_assembly/5ufq-assembly-1.cif.gz	/Users/mitchellparker/Desktop/rascore_build/renum_assembly/5ufq-assembly-1_renum.cif	/Users/mitchellparker/Desktop/rascore_build/sifts/5ufq.xml.gz	/Users/mitchellparker/Desktop/rascore_build/pocket/5ufqA_6_pocket.pdb
5ufqB	5ufq	0	B	Outlier	Outlier	Y32out	Y71out	C 1 2 1 (CF6)	5ufqB2	2	GTPase KRas	RASK_HUMAN	P01116-2	G12D	G12	KRAS	3P	G12D	None	None	Binder	None	Multiple-Unbound	C 1 2 1	166	1-166	2017-01-05	SP2	441.4500	0.0018	Unbound	Unbound	7,9,58,59,60,62,65,68,71,72,92,95,96,99	GNP,MG,CL,CA,CD	R11.1.6	None	D:27,33,28,30,26,32	None	None	None	None	Binder	None	D	GNP	MG	None	CA,CD,CL	None	None	STP	XRAY	2.199	0.206	MTEYKLVVVGADGVGKSALTIQLIQNHFVDEYDPTIEDSYRKQVVIDGETCLLDILDTAGQEEYSAMRDQYMRTGEGFLCVFAINNTKSFEDIHHYREQIKRVKDSEDVPMVLVGNKCDLPSRTVDTKQAQDLARSYGIPFIETSAKTRQGVDDAFYTLVREIRKH	True	119.717	42.707	100.235	90.00	113.33	90.00	/Users/mitchellparker/Desktop/rascore_build/core/5ufqB_core.cif	/Users/mitchellparker/Desktop/rascore_build/rcsb/5ufq.cif.gz	/Users/mitchellparker/Desktop/rascore_build/renum/5ufq_renum.cif	/Users/mitchellparker/Desktop/rascore_build/rcsb_assembly/5ufq-assembly-1.cif.gz	/Users/mitchellparker/Desktop/rascore_build/renum_assembly/5ufq-assembly-1_renum.cif	/Users/mitchellparker/Desktop/rascore_build/sifts/5ufq.xml.gz	/Users/mitchellparker/Desktop/rascore_build/pocket/5ufqB_2_pocket.pdb
5ufqB	5ufq	0	B	Outlier	Outlier	Y32out	Y71out	C 1 2 1 (CF6)	5ufqB4	4	GTPase KRas	RASK_HUMAN	P01116-2	G12D	G12	KRAS	3P	G12D	None	None	Binder	None	Multiple-Unbound	C 1 2 1	166	1-166	2017-01-05	SP12	439.6428	0.1057	Unbound	Unbound	5,6,7,39,54,55,56,67,70,71,74,75	GNP,MG,CL,CA,CD	R11.1.6	None	D:27,33,28,30,26,32	None	None	None	None	Binder	None	D	GNP	MG	None	CA,CD,CL	None	None	STP	XRAY	2.199	0.206	MTEYKLVVVGADGVGKSALTIQLIQNHFVDEYDPTIEDSYRKQVVIDGETCLLDILDTAGQEEYSAMRDQYMRTGEGFLCVFAINNTKSFEDIHHYREQIKRVKDSEDVPMVLVGNKCDLPSRTVDTKQAQDLARSYGIPFIETSAKTRQGVDDAFYTLVREIRKH	True	119.717	42.707	100.235	90.00	113.33	90.00	/Users/mitchellparker/Desktop/rascore_build/core/5ufqB_core.cif	/Users/mitchellparker/Desktop/rascore_build/rcsb/5ufq.cif.gz	/Users/mitchellparker/Desktop/rascore_build/renum/5ufq_renum.cif	/Users/mitchellparker/Desktop/rascore_build/rcsb_assembly/5ufq-assembly-1.cif.gz	/Users/mitchellparker/Desktop/rascore_build/renum_assembly/5ufq-assembly-1_renum.cif	/Users/mitchellparker/Desktop/rascore_build/sifts/5ufq.xml.gz	/Users/mitchellparker/Desktop/rascore_build/pocket/5ufqB_4_pocket.pdb
5ufqB	5ufq	0	B	Outlier	Outlier	Y32out	Y71out	C 1 2 1 (CF6)	5ufqB5	5	GTPase KRas	RASK_HUMAN	P01116-2	G12D	G12	KRAS	3P	G12D	None	None	Binder	None	Multiple-Unbound	C 1 2 1	166	1-166	2017-01-05	Other	129.7038	0.0006	Unbound	Unbound	97,101,106,107,109,111,137,139	GNP,MG,CL,CA,CD	R11.1.6	None	D:27,33,28,30,26,32	None	None	None	None	Binder	None	D	GNP	MG	None	CA,CD,CL	None	None	STP	XRAY	2.199	0.206	MTEYKLVVVGADGVGKSALTIQLIQNHFVDEYDPTIEDSYRKQVVIDGETCLLDILDTAGQEEYSAMRDQYMRTGEGFLCVFAINNTKSFEDIHHYREQIKRVKDSEDVPMVLVGNKCDLPSRTVDTKQAQDLARSYGIPFIETSAKTRQGVDDAFYTLVREIRKH	True	119.717	42.707	100.235	90.00	113.33	90.00	/Users/mitchellparker/Desktop/rascore_build/core/5ufqB_core.cif	/Users/mitchellparker/Desktop/rascore_build/rcsb/5ufq.cif.gz	/Users/mitchellparker/Desktop/rascore_build/renum/5ufq_renum.cif	/Users/mitchellparker/Desktop/rascore_build/rcsb_assembly/5ufq-assembly-1.cif.gz	/Users/mitchellparker/Desktop/rascore_build/renum_assembly/5ufq-assembly-1_renum.cif	/Users/mitchellparker/Desktop/rascore_build/sifts/5ufq.xml.gz	/Users/mitchellparker/Desktop/rascore_build/pocket/5ufqB_5_pocket.pdb
5ufqB	5ufq	0	B	Outlier	Outlier	Y32out	Y71out	C 1 2 1 (CF6)	5ufqB6	6	GTPase KRas	RASK_HUMAN	P01116-2	G12D	G12	KRAS	3P	G12D	None	None	Binder	None	Multiple-Unbound	C 1 2 1	166	1-166	2017-01-05	Other	286.7298	0.0001	Unbound	Unbound	107,108,109,110,111,137,138,139,162,165,166	GNP,MG,CL,CA,CD	R11.1.6	None	D:27,33,28,30,26,32	None	None	None	None	Binder	None	D	GNP	MG	None	CA,CD,CL	None	None	STP	XRAY	2.199	0.206	MTEYKLVVVGADGVGKSALTIQLIQNHFVDEYDPTIEDSYRKQVVIDGETCLLDILDTAGQEEYSAMRDQYMRTGEGFLCVFAINNTKSFEDIHHYREQIKRVKDSEDVPMVLVGNKCDLPSRTVDTKQAQDLARSYGIPFIETSAKTRQGVDDAFYTLVREIRKH	True	119.717	42.707	100.235	90.00	113.33	90.00	/Users/mitchellparker/Desktop/rascore_build/core/5ufqB_core.cif	/Users/mitchellparker/Desktop/rascore_build/rcsb/5ufq.cif.gz	/Users/mitchellparker/Desktop/rascore_build/renum/5ufq_renum.cif	/Users/mitchellparker/Desktop/rascore_build/rcsb_assembly/5ufq-assembly-1.cif.gz	/Users/mitchellparker/Desktop/rascore_build/renum_assembly/5ufq-assembly-1_renum.cif	/Users/mitchellparker/Desktop/rascore_build/sifts/5ufq.xml.gz	/Users/mitchellparker/Desktop/rascore_build/pocket/5ufqB_6_pocket.pdb
5uhvA	5uhv	0	A	Outlier	Outlier	Y32in	Disordered	P 32 2 1 (CF1)	5uhvA2	2	GTPase NRas	RASN_HUMAN	P01111	WT	WT	NRAS	3P	WT	None	None	None	Homodimer	SP2-Unbound	P 32 2 1	166	1-166	2017-01-12	Other	246.2412	0.0001	Unbound	Unbound	108,109,110,111,137,138,139,162,165,166	GNP,MG,GOL	None	None	None	None	None	None	None	None	None	None	GNP	MG	None	GOL	None	None	STP	XRAY	1.672	0.191	MTEYKLVVVGAGGVGKSALTIQLIQNHFVDEYDPTIEDSYRKQVVIDGETCLLDILDTAGQEEYSAMRDQYMRTGEGFLCVFAINNSKSFADINLYREQIKRVKDSDDVPMVLVGNKCDLPTRTVDTKQAHELAKSYGIPFIETSAKTRQGVEDAFYTLVREIRQY	True	39.007	39.007	159.175	90.00	90.00	120.00	/Users/mitchellparker/Desktop/rascore_build/core/5uhvA_core.cif	/Users/mitchellparker/Desktop/rascore_build/rcsb/5uhv.cif.gz	/Users/mitchellparker/Desktop/rascore_build/renum/5uhv_renum.cif	/Users/mitchellparker/Desktop/rascore_build/rcsb_assembly/5uhv-assembly-2.cif.gz	/Users/mitchellparker/Desktop/rascore_build/renum_assembly/5uhv-assembly-2_renum.cif	/Users/mitchellparker/Desktop/rascore_build/sifts/5uhv.xml.gz	/Users/mitchellparker/Desktop/rascore_build/pocket/5uhvA_2_pocket.pdb
5uhvA	5uhv	0	A	Outlier	Outlier	Y32in	Disordered	P 32 2 1 (CF1)	5uhvA3	3	GTPase NRas	RASN_HUMAN	P01111	WT	WT	NRAS	3P	WT	None	None	None	Homodimer	SP2-Unbound	P 32 2 1	166	1-166	2017-01-12	Other	343.2731	0.0151	Unbound	Unbound	75,76,104,106,109,110,163,166	GNP,MG,GOL	None	None	None	None	None	None	None	None	None	None	GNP	MG	None	GOL	None	None	STP	XRAY	1.672	0.191	MTEYKLVVVGAGGVGKSALTIQLIQNHFVDEYDPTIEDSYRKQVVIDGETCLLDILDTAGQEEYSAMRDQYMRTGEGFLCVFAINNSKSFADINLYREQIKRVKDSDDVPMVLVGNKCDLPTRTVDTKQAHELAKSYGIPFIETSAKTRQGVEDAFYTLVREIRQY	True	39.007	39.007	159.175	90.00	90.00	120.00	/Users/mitchellparker/Desktop/rascore_build/core/5uhvA_core.cif	/Users/mitchellparker/Desktop/rascore_build/rcsb/5uhv.cif.gz	/Users/mitchellparker/Desktop/rascore_build/renum/5uhv_renum.cif	/Users/mitchellparker/Desktop/rascore_build/rcsb_assembly/5uhv-assembly-2.cif.gz	/Users/mitchellparker/Desktop/rascore_build/renum_assembly/5uhv-assembly-2_renum.cif	/Users/mitchellparker/Desktop/rascore_build/sifts/5uhv.xml.gz	/Users/mitchellparker/Desktop/rascore_build/pocket/5uhvA_3_pocket.pdb
5uhvA	5uhv	0	A	Outlier	Outlier	Y32in	Disordered	P 32 2 1 (CF1)	5uhvA4	4	GTPase NRas	RASN_HUMAN	P01111	WT	WT	NRAS	3P	WT	None	None	None	Homodimer	SP2-Unbound	P 32 2 1	166	1-166	2017-01-12	SP2	200.1234	0.0051	Unbound	Unbound	68,92,95,96,99	GNP,MG,GOL	None	None	None	None	None	None	None	None	None	None	GNP	MG	None	GOL	None	None	STP	XRAY	1.672	0.191	MTEYKLVVVGAGGVGKSALTIQLIQNHFVDEYDPTIEDSYRKQVVIDGETCLLDILDTAGQEEYSAMRDQYMRTGEGFLCVFAINNSKSFADINLYREQIKRVKDSDDVPMVLVGNKCDLPTRTVDTKQAHELAKSYGIPFIETSAKTRQGVEDAFYTLVREIRQY	True	39.007	39.007	159.175	90.00	90.00	120.00	/Users/mitchellparker/Desktop/rascore_build/core/5uhvA_core.cif	/Users/mitchellparker/Desktop/rascore_build/rcsb/5uhv.cif.gz	/Users/mitchellparker/Desktop/rascore_build/renum/5uhv_renum.cif	/Users/mitchellparker/Desktop/rascore_build/rcsb_assembly/5uhv-assembly-2.cif.gz	/Users/mitchellparker/Desktop/rascore_build/renum_assembly/5uhv-assembly-2_renum.cif	/Users/mitchellparker/Desktop/rascore_build/sifts/5uhv.xml.gz	/Users/mitchellparker/Desktop/rascore_build/pocket/5uhvA_4_pocket.pdb
5uk9A	5uk9	0	A	Y32out.2P-OFF	Disordered	Y32out	Y71out	P 21 21 21 (CF11)	5uk9A1	1	GTPase KRas	RASK_HUMAN	P01116-2	WT	WT	KRAS	2P	WT	None	None	None	None	SP2-Unbound	P 21 21 21	166	1-60:62-63:65-166	2017-01-20	Other	302.5213	0.0011	Unbound	Unbound	97,101,107,108,109,110,111,137,138,139,162,165,166	GDP,MG,GOL,GOL	None	None	None	None	None	None	None	None	None	None	GDP	MG	None	GOL	None	None	STP	XRAY	1.887	0.167	MTEYKLVVVGAGGVGKSALTIQLIQNHFVDEYDPTIEDSYRKQVVIDGETCLLDILDTAGQEEYSAMRDQYMRTGEGFLCVFAINNTKSFEDIHHYREQIKRVKDSEDVPMVLVGNKCDLPSRTVDTKQAQDLARSYGIPFIETSAKTRQGVDDAFYTLVREIRKH	True	39.107	87.553	93.692	90.00	90.00	90.00	/Users/mitchellparker/Desktop/rascore_build/core/5uk9A_core.cif	/Users/mitchellparker/Desktop/rascore_build/rcsb/5uk9.cif.gz	/Users/mitchellparker/Desktop/rascore_build/renum/5uk9_renum.cif	/Users/mitchellparker/Desktop/rascore_build/rcsb_assembly/5uk9-assembly-1.cif.gz	/Users/mitchellparker/Desktop/rascore_build/renum_assembly/5uk9-assembly-1_renum.cif	/Users/mitchellparker/Desktop/rascore_build/sifts/5uk9.xml.gz	/Users/mitchellparker/Desktop/rascore_build/pocket/5uk9A_1_pocket.pdb
5uk9A	5uk9	0	A	Y32out.2P-OFF	Disordered	Y32out	Y71out	P 21 21 21 (CF11)	5uk9A3	3	GTPase KRas	RASK_HUMAN	P01116-2	WT	WT	KRAS	2P	WT	None	None	None	None	SP2-Unbound	P 21 21 21	166	1-60:62-63:65-166	2017-01-20	Other	209.7547	0.4294	Unbound	Unbound	74,75,76,104,108,109,110,163,166	GDP,MG,GOL,GOL	None	None	None	None	None	None	None	None	None	None	GDP	MG	None	GOL	None	None	STP	XRAY	1.887	0.167	MTEYKLVVVGAGGVGKSALTIQLIQNHFVDEYDPTIEDSYRKQVVIDGETCLLDILDTAGQEEYSAMRDQYMRTGEGFLCVFAINNTKSFEDIHHYREQIKRVKDSEDVPMVLVGNKCDLPSRTVDTKQAQDLARSYGIPFIETSAKTRQGVDDAFYTLVREIRKH	True	39.107	87.553	93.692	90.00	90.00	90.00	/Users/mitchellparker/Desktop/rascore_build/core/5uk9A_core.cif	/Users/mitchellparker/Desktop/rascore_build/rcsb/5uk9.cif.gz	/Users/mitchellparker/Desktop/rascore_build/renum/5uk9_renum.cif	/Users/mitchellparker/Desktop/rascore_build/rcsb_assembly/5uk9-assembly-1.cif.gz	/Users/mitchellparker/Desktop/rascore_build/renum_assembly/5uk9-assembly-1_renum.cif	/Users/mitchellparker/Desktop/rascore_build/sifts/5uk9.xml.gz	/Users/mitchellparker/Desktop/rascore_build/pocket/5uk9A_3_pocket.pdb
5uk9A	5uk9	0	A	Y32out.2P-OFF	Disordered	Y32out	Y71out	P 21 21 21 (CF11)	5uk9A4	4	GTPase KRas	RASK_HUMAN	P01116-2	WT	WT	KRAS	2P	WT	None	None	None	None	SP2-Unbound	P 21 21 21	166	1-60:62-63:65-166	2017-01-20	SP2	216.7646	0.0005	Unbound	Unbound	10,12,16,34,58,59,60,68,96	GDP,MG,GOL,GOL	None	None	None	None	None	None	None	None	None	None	GDP	MG	None	GOL	None	None	STP	XRAY	1.887	0.167	MTEYKLVVVGAGGVGKSALTIQLIQNHFVDEYDPTIEDSYRKQVVIDGETCLLDILDTAGQEEYSAMRDQYMRTGEGFLCVFAINNTKSFEDIHHYREQIKRVKDSEDVPMVLVGNKCDLPSRTVDTKQAQDLARSYGIPFIETSAKTRQGVDDAFYTLVREIRKH	True	39.107	87.553	93.692	90.00	90.00	90.00	/Users/mitchellparker/Desktop/rascore_build/core/5uk9A_core.cif	/Users/mitchellparker/Desktop/rascore_build/rcsb/5uk9.cif.gz	/Users/mitchellparker/Desktop/rascore_build/renum/5uk9_renum.cif	/Users/mitchellparker/Desktop/rascore_build/rcsb_assembly/5uk9-assembly-1.cif.gz	/Users/mitchellparker/Desktop/rascore_build/renum_assembly/5uk9-assembly-1_renum.cif	/Users/mitchellparker/Desktop/rascore_build/sifts/5uk9.xml.gz	/Users/mitchellparker/Desktop/rascore_build/pocket/5uk9A_4_pocket.pdb
5uk9B	5uk9	0	B	Outlier	Disordered	Y32out	Y71out	P 21 21 21 (CF11)	5uk9B2	2	GTPase KRas	RASK_HUMAN	P01116-2	WT	WT	KRAS	3P	WT	None	None	None	None	Other-Unbound	P 21 21 21	166	1-61:65-166	2017-01-20	Other	274.8141	0.0010	Unbound	Unbound	17,21,32,33,34,35,38,40,57	GCP,MG,GOL	None	None	None	None	None	None	None	None	None	None	GCP	MG	None	GOL	None	None	STP	XRAY	1.887	0.167	MTEYKLVVVGAGGVGKSALTIQLIQNHFVDEYDPTIEDSYRKQVVIDGETCLLDILDTAGQEEYSAMRDQYMRTGEGFLCVFAINNTKSFEDIHHYREQIKRVKDSEDVPMVLVGNKCDLPSRTVDTKQAQDLARSYGIPFIETSAKTRQGVDDAFYTLVREIRKH	True	39.107	87.553	93.692	90.00	90.00	90.00	/Users/mitchellparker/Desktop/rascore_build/core/5uk9B_core.cif	/Users/mitchellparker/Desktop/rascore_build/rcsb/5uk9.cif.gz	/Users/mitchellparker/Desktop/rascore_build/renum/5uk9_renum.cif	/Users/mitchellparker/Desktop/rascore_build/rcsb_assembly/5uk9-assembly-1.cif.gz	/Users/mitchellparker/Desktop/rascore_build/renum_assembly/5uk9-assembly-1_renum.cif	/Users/mitchellparker/Desktop/rascore_build/sifts/5uk9.xml.gz	/Users/mitchellparker/Desktop/rascore_build/pocket/5uk9B_2_pocket.pdb
5uk9B	5uk9	0	B	Outlier	Disordered	Y32out	Y71out	P 21 21 21 (CF11)	5uk9B3	3	GTPase KRas	RASK_HUMAN	P01116-2	WT	WT	KRAS	3P	WT	None	None	None	None	Other-Unbound	P 21 21 21	166	1-61:65-166	2017-01-20	Other	445.0472	0.0012	Unbound	Unbound	131,134,135,138,139,140,141,162,165	GCP,MG,GOL	None	None	None	None	None	None	None	None	None	None	GCP	MG	None	GOL	None	None	STP	XRAY	1.887	0.167	MTEYKLVVVGAGGVGKSALTIQLIQNHFVDEYDPTIEDSYRKQVVIDGETCLLDILDTAGQEEYSAMRDQYMRTGEGFLCVFAINNTKSFEDIHHYREQIKRVKDSEDVPMVLVGNKCDLPSRTVDTKQAQDLARSYGIPFIETSAKTRQGVDDAFYTLVREIRKH	True	39.107	87.553	93.692	90.00	90.00	90.00	/Users/mitchellparker/Desktop/rascore_build/core/5uk9B_core.cif	/Users/mitchellparker/Desktop/rascore_build/rcsb/5uk9.cif.gz	/Users/mitchellparker/Desktop/rascore_build/renum/5uk9_renum.cif	/Users/mitchellparker/Desktop/rascore_build/rcsb_assembly/5uk9-assembly-1.cif.gz	/Users/mitchellparker/Desktop/rascore_build/renum_assembly/5uk9-assembly-1_renum.cif	/Users/mitchellparker/Desktop/rascore_build/sifts/5uk9.xml.gz	/Users/mitchellparker/Desktop/rascore_build/pocket/5uk9B_3_pocket.pdb
5uk9B	5uk9	0	B	Outlier	Disordered	Y32out	Y71out	P 21 21 21 (CF11)	5uk9B4	4	GTPase KRas	RASK_HUMAN	P01116-2	WT	WT	KRAS	3P	WT	None	None	None	None	Other-Unbound	P 21 21 21	166	1-61:65-166	2017-01-20	Other	280.9932	0.0006	Unbound	Unbound	97,101,107,108,109,110,111,137,138,139,162,165,166	GCP,MG,GOL	None	None	None	None	None	None	None	None	None	None	GCP	MG	None	GOL	None	None	STP	XRAY	1.887	0.167	MTEYKLVVVGAGGVGKSALTIQLIQNHFVDEYDPTIEDSYRKQVVIDGETCLLDILDTAGQEEYSAMRDQYMRTGEGFLCVFAINNTKSFEDIHHYREQIKRVKDSEDVPMVLVGNKCDLPSRTVDTKQAQDLARSYGIPFIETSAKTRQGVDDAFYTLVREIRKH	True	39.107	87.553	93.692	90.00	90.00	90.00	/Users/mitchellparker/Desktop/rascore_build/core/5uk9B_core.cif	/Users/mitchellparker/Desktop/rascore_build/rcsb/5uk9.cif.gz	/Users/mitchellparker/Desktop/rascore_build/renum/5uk9_renum.cif	/Users/mitchellparker/Desktop/rascore_build/rcsb_assembly/5uk9-assembly-1.cif.gz	/Users/mitchellparker/Desktop/rascore_build/renum_assembly/5uk9-assembly-1_renum.cif	/Users/mitchellparker/Desktop/rascore_build/sifts/5uk9.xml.gz	/Users/mitchellparker/Desktop/rascore_build/pocket/5uk9B_4_pocket.pdb
5uk9B	5uk9	0	B	Outlier	Disordered	Y32out	Y71out	P 21 21 21 (CF11)	5uk9B5	5	GTPase KRas	RASK_HUMAN	P01116-2	WT	WT	KRAS	3P	WT	None	None	None	None	Other-Unbound	P 21 21 21	166	1-61:65-166	2017-01-20	Other	209.2959	0.0044	Unbound	Unbound	76,104,108,109,110,163,166	GCP,MG,GOL	None	None	None	None	None	None	None	None	None	None	GCP	MG	None	GOL	None	None	STP	XRAY	1.887	0.167	MTEYKLVVVGAGGVGKSALTIQLIQNHFVDEYDPTIEDSYRKQVVIDGETCLLDILDTAGQEEYSAMRDQYMRTGEGFLCVFAINNTKSFEDIHHYREQIKRVKDSEDVPMVLVGNKCDLPSRTVDTKQAQDLARSYGIPFIETSAKTRQGVDDAFYTLVREIRKH	True	39.107	87.553	93.692	90.00	90.00	90.00	/Users/mitchellparker/Desktop/rascore_build/core/5uk9B_core.cif	/Users/mitchellparker/Desktop/rascore_build/rcsb/5uk9.cif.gz	/Users/mitchellparker/Desktop/rascore_build/renum/5uk9_renum.cif	/Users/mitchellparker/Desktop/rascore_build/rcsb_assembly/5uk9-assembly-1.cif.gz	/Users/mitchellparker/Desktop/rascore_build/renum_assembly/5uk9-assembly-1_renum.cif	/Users/mitchellparker/Desktop/rascore_build/sifts/5uk9.xml.gz	/Users/mitchellparker/Desktop/rascore_build/pocket/5uk9B_5_pocket.pdb
5uqwA	5uqw	0	A	Y32out.2P-OFF	Y71out.2P-SP2-B	Y32out	Y71out	P 3 (CF2)	5uqwA1	1	GTPase KRas	RASK_HUMAN	P01116-2	G12V	G12	KRAS	2P	G12V	None	None	None	None	SP2-Unbound	P 3	189	1-168	2017-02-08	Other	230.8124	0.3735	Unbound	Unbound	75,76,104,106,108,109,110,163,166	MG,GDP	None	None	None	None	None	None	None	None	None	None	GDP	MG	None	None	None	None	STP	XRAY	1.500	0.118	MGSSHHHHHHSSGLVPRGSHMTEYKLVVVGAVGVGKSALTIQLIQNHFVDEYDPTIEDSYRKQVVIDGETCLLDILDTAGQEEYSAMRDQYMRTGEGFLCVFAINNTKSFEDIHHYREQIKRVKDSEDVPMVLVGNKCDLPSRTVDTKQAQDLARSYGIPFIETSAKTRQGVDDAFYTLVREIRKHKEK	True	84.344	84.344	41.809	90.00	90.00	120.00	/Users/mitchellparker/Desktop/rascore_build/core/5uqwA_core.cif	/Users/mitchellparker/Desktop/rascore_build/rcsb/5uqw.cif.gz	/Users/mitchellparker/Desktop/rascore_build/renum/5uqw_renum.cif	/Users/mitchellparker/Desktop/rascore_build/rcsb_assembly/5uqw-assembly-2.cif.gz	/Users/mitchellparker/Desktop/rascore_build/renum_assembly/5uqw-assembly-2_renum.cif	/Users/mitchellparker/Desktop/rascore_build/sifts/5uqw.xml.gz	/Users/mitchellparker/Desktop/rascore_build/pocket/5uqwA_1_pocket.pdb
5uqwA	5uqw	0	A	Y32out.2P-OFF	Y71out.2P-SP2-B	Y32out	Y71out	P 3 (CF2)	5uqwA2	2	GTPase KRas	RASK_HUMAN	P01116-2	G12V	G12	KRAS	2P	G12V	None	None	None	None	SP2-Unbound	P 3	189	1-168	2017-02-08	SP2	532.0292	0.0037	Unbound	Unbound	9,10,11,12,16,34,37,58,59,60,61,68,72,92,96,99	MG,GDP	None	None	None	None	None	None	None	None	None	None	GDP	MG	None	None	None	None	STP	XRAY	1.500	0.118	MGSSHHHHHHSSGLVPRGSHMTEYKLVVVGAVGVGKSALTIQLIQNHFVDEYDPTIEDSYRKQVVIDGETCLLDILDTAGQEEYSAMRDQYMRTGEGFLCVFAINNTKSFEDIHHYREQIKRVKDSEDVPMVLVGNKCDLPSRTVDTKQAQDLARSYGIPFIETSAKTRQGVDDAFYTLVREIRKHKEK	True	84.344	84.344	41.809	90.00	90.00	120.00	/Users/mitchellparker/Desktop/rascore_build/core/5uqwA_core.cif	/Users/mitchellparker/Desktop/rascore_build/rcsb/5uqw.cif.gz	/Users/mitchellparker/Desktop/rascore_build/renum/5uqw_renum.cif	/Users/mitchellparker/Desktop/rascore_build/rcsb_assembly/5uqw-assembly-2.cif.gz	/Users/mitchellparker/Desktop/rascore_build/renum_assembly/5uqw-assembly-2_renum.cif	/Users/mitchellparker/Desktop/rascore_build/sifts/5uqw.xml.gz	/Users/mitchellparker/Desktop/rascore_build/pocket/5uqwA_2_pocket.pdb
5uqwA	5uqw	0	A	Y32out.2P-OFF	Y71out.2P-SP2-B	Y32out	Y71out	P 3 (CF2)	5uqwA3	3	GTPase KRas	RASK_HUMAN	P01116-2	G12V	G12	KRAS	2P	G12V	None	None	None	None	SP2-Unbound	P 3	189	1-168	2017-02-08	Other	380.1912	0.0016	Unbound	Unbound	69,70,72,73,103	MG,GDP	None	None	None	None	None	None	None	None	None	None	GDP	MG	None	None	None	None	STP	XRAY	1.500	0.118	MGSSHHHHHHSSGLVPRGSHMTEYKLVVVGAVGVGKSALTIQLIQNHFVDEYDPTIEDSYRKQVVIDGETCLLDILDTAGQEEYSAMRDQYMRTGEGFLCVFAINNTKSFEDIHHYREQIKRVKDSEDVPMVLVGNKCDLPSRTVDTKQAQDLARSYGIPFIETSAKTRQGVDDAFYTLVREIRKHKEK	True	84.344	84.344	41.809	90.00	90.00	120.00	/Users/mitchellparker/Desktop/rascore_build/core/5uqwA_core.cif	/Users/mitchellparker/Desktop/rascore_build/rcsb/5uqw.cif.gz	/Users/mitchellparker/Desktop/rascore_build/renum/5uqw_renum.cif	/Users/mitchellparker/Desktop/rascore_build/rcsb_assembly/5uqw-assembly-2.cif.gz	/Users/mitchellparker/Desktop/rascore_build/renum_assembly/5uqw-assembly-2_renum.cif	/Users/mitchellparker/Desktop/rascore_build/sifts/5uqw.xml.gz	/Users/mitchellparker/Desktop/rascore_build/pocket/5uqwA_3_pocket.pdb
5uqwB	5uqw	0	B	Y32out.2P-OFF	Disordered	Y32out	Disordered	P 3 (CF2)	5uqwB1	1	GTPase KRas	RASK_HUMAN	P01116-2	G12V	G12	KRAS	2P	G12V	None	None	None	None	SP2-Unbound	P 3	189	1-59:72-167	2017-02-08	Other	334.7221	0.3209	Unbound	Unbound	12,13,31,32,33,34	MG,GDP	None	None	None	None	None	None	None	None	None	None	GDP	MG	None	None	None	None	STP	XRAY	1.500	0.118	MGSSHHHHHHSSGLVPRGSHMTEYKLVVVGAVGVGKSALTIQLIQNHFVDEYDPTIEDSYRKQVVIDGETCLLDILDTAGQEEYSAMRDQYMRTGEGFLCVFAINNTKSFEDIHHYREQIKRVKDSEDVPMVLVGNKCDLPSRTVDTKQAQDLARSYGIPFIETSAKTRQGVDDAFYTLVREIRKHKEK	True	84.344	84.344	41.809	90.00	90.00	120.00	/Users/mitchellparker/Desktop/rascore_build/core/5uqwB_core.cif	/Users/mitchellparker/Desktop/rascore_build/rcsb/5uqw.cif.gz	/Users/mitchellparker/Desktop/rascore_build/renum/5uqw_renum.cif	/Users/mitchellparker/Desktop/rascore_build/rcsb_assembly/5uqw-assembly-2.cif.gz	/Users/mitchellparker/Desktop/rascore_build/renum_assembly/5uqw-assembly-2_renum.cif	/Users/mitchellparker/Desktop/rascore_build/sifts/5uqw.xml.gz	/Users/mitchellparker/Desktop/rascore_build/pocket/5uqwB_1_pocket.pdb
5uqwB	5uqw	0	B	Y32out.2P-OFF	Disordered	Y32out	Disordered	P 3 (CF2)	5uqwB2	2	GTPase KRas	RASK_HUMAN	P01116-2	G12V	G12	KRAS	2P	G12V	None	None	None	None	SP2-Unbound	P 3	189	1-59:72-167	2017-02-08	Other	203.5228	0.0001	Unbound	Unbound	98,101,102,105,106,107	MG,GDP	None	None	None	None	None	None	None	None	None	None	GDP	MG	None	None	None	None	STP	XRAY	1.500	0.118	MGSSHHHHHHSSGLVPRGSHMTEYKLVVVGAVGVGKSALTIQLIQNHFVDEYDPTIEDSYRKQVVIDGETCLLDILDTAGQEEYSAMRDQYMRTGEGFLCVFAINNTKSFEDIHHYREQIKRVKDSEDVPMVLVGNKCDLPSRTVDTKQAQDLARSYGIPFIETSAKTRQGVDDAFYTLVREIRKHKEK	True	84.344	84.344	41.809	90.00	90.00	120.00	/Users/mitchellparker/Desktop/rascore_build/core/5uqwB_core.cif	/Users/mitchellparker/Desktop/rascore_build/rcsb/5uqw.cif.gz	/Users/mitchellparker/Desktop/rascore_build/renum/5uqw_renum.cif	/Users/mitchellparker/Desktop/rascore_build/rcsb_assembly/5uqw-assembly-2.cif.gz	/Users/mitchellparker/Desktop/rascore_build/renum_assembly/5uqw-assembly-2_renum.cif	/Users/mitchellparker/Desktop/rascore_build/sifts/5uqw.xml.gz	/Users/mitchellparker/Desktop/rascore_build/pocket/5uqwB_2_pocket.pdb
5uqwB	5uqw	0	B	Y32out.2P-OFF	Disordered	Y32out	Disordered	P 3 (CF2)	5uqwB3	3	GTPase KRas	RASK_HUMAN	P01116-2	G12V	G12	KRAS	2P	G12V	None	None	None	None	SP2-Unbound	P 3	189	1-59:72-167	2017-02-08	SP2	180.4580	0.0008	Unbound	Unbound	10,12,16,34,58,59,96	MG,GDP	None	None	None	None	None	None	None	None	None	None	GDP	MG	None	None	None	None	STP	XRAY	1.500	0.118	MGSSHHHHHHSSGLVPRGSHMTEYKLVVVGAVGVGKSALTIQLIQNHFVDEYDPTIEDSYRKQVVIDGETCLLDILDTAGQEEYSAMRDQYMRTGEGFLCVFAINNTKSFEDIHHYREQIKRVKDSEDVPMVLVGNKCDLPSRTVDTKQAQDLARSYGIPFIETSAKTRQGVDDAFYTLVREIRKHKEK	True	84.344	84.344	41.809	90.00	90.00	120.00	/Users/mitchellparker/Desktop/rascore_build/core/5uqwB_core.cif	/Users/mitchellparker/Desktop/rascore_build/rcsb/5uqw.cif.gz	/Users/mitchellparker/Desktop/rascore_build/renum/5uqw_renum.cif	/Users/mitchellparker/Desktop/rascore_build/rcsb_assembly/5uqw-assembly-2.cif.gz	/Users/mitchellparker/Desktop/rascore_build/renum_assembly/5uqw-assembly-2_renum.cif	/Users/mitchellparker/Desktop/rascore_build/sifts/5uqw.xml.gz	/Users/mitchellparker/Desktop/rascore_build/pocket/5uqwB_3_pocket.pdb
5uqwB	5uqw	0	B	Y32out.2P-OFF	Disordered	Y32out	Disordered	P 3 (CF2)	5uqwB4	4	GTPase KRas	RASK_HUMAN	P01116-2	G12V	G12	KRAS	2P	G12V	None	None	None	None	SP2-Unbound	P 3	189	1-59:72-167	2017-02-08	Other	219.2975	0.4138	Unbound	Unbound	75,76,104,106,108,109,110,163,166	MG,GDP	None	None	None	None	None	None	None	None	None	None	GDP	MG	None	None	None	None	STP	XRAY	1.500	0.118	MGSSHHHHHHSSGLVPRGSHMTEYKLVVVGAVGVGKSALTIQLIQNHFVDEYDPTIEDSYRKQVVIDGETCLLDILDTAGQEEYSAMRDQYMRTGEGFLCVFAINNTKSFEDIHHYREQIKRVKDSEDVPMVLVGNKCDLPSRTVDTKQAQDLARSYGIPFIETSAKTRQGVDDAFYTLVREIRKHKEK	True	84.344	84.344	41.809	90.00	90.00	120.00	/Users/mitchellparker/Desktop/rascore_build/core/5uqwB_core.cif	/Users/mitchellparker/Desktop/rascore_build/rcsb/5uqw.cif.gz	/Users/mitchellparker/Desktop/rascore_build/renum/5uqw_renum.cif	/Users/mitchellparker/Desktop/rascore_build/rcsb_assembly/5uqw-assembly-2.cif.gz	/Users/mitchellparker/Desktop/rascore_build/renum_assembly/5uqw-assembly-2_renum.cif	/Users/mitchellparker/Desktop/rascore_build/sifts/5uqw.xml.gz	/Users/mitchellparker/Desktop/rascore_build/pocket/5uqwB_4_pocket.pdb
5uqwB	5uqw	0	B	Y32out.2P-OFF	Disordered	Y32out	Disordered	P 3 (CF2)	5uqwB5	5	GTPase KRas	RASK_HUMAN	P01116-2	G12V	G12	KRAS	2P	G12V	None	None	None	None	SP2-Unbound	P 3	189	1-59:72-167	2017-02-08	Other	220.6879	0.0872	Unbound	Unbound	87,90,91,94,129,133,137	MG,GDP	None	None	None	None	None	None	None	None	None	None	GDP	MG	None	None	None	None	STP	XRAY	1.500	0.118	MGSSHHHHHHSSGLVPRGSHMTEYKLVVVGAVGVGKSALTIQLIQNHFVDEYDPTIEDSYRKQVVIDGETCLLDILDTAGQEEYSAMRDQYMRTGEGFLCVFAINNTKSFEDIHHYREQIKRVKDSEDVPMVLVGNKCDLPSRTVDTKQAQDLARSYGIPFIETSAKTRQGVDDAFYTLVREIRKHKEK	True	84.344	84.344	41.809	90.00	90.00	120.00	/Users/mitchellparker/Desktop/rascore_build/core/5uqwB_core.cif	/Users/mitchellparker/Desktop/rascore_build/rcsb/5uqw.cif.gz	/Users/mitchellparker/Desktop/rascore_build/renum/5uqw_renum.cif	/Users/mitchellparker/Desktop/rascore_build/rcsb_assembly/5uqw-assembly-2.cif.gz	/Users/mitchellparker/Desktop/rascore_build/renum_assembly/5uqw-assembly-2_renum.cif	/Users/mitchellparker/Desktop/rascore_build/sifts/5uqw.xml.gz	/Users/mitchellparker/Desktop/rascore_build/pocket/5uqwB_5_pocket.pdb
5us4A	5us4	0	A	Y32out.2P-OFF	Disordered	Y32out	Y71out	H 3 (CF3)	5us4A1	1	GTPase KRas	RASK_HUMAN	P01116-2	G12D	G12	KRAS	2P	G12D	None	None	None	Homodimer	Other-Unbound	H 3	189	1-59:65-169	2017-02-13	Other	318.7155	0.0168	Unbound	Unbound	74,75,76,104,106,108,109,110,166,167	GDP,MG,GOL	None	None	None	None	None	None	None	None	None	None	GDP	MG	None	GOL	None	None	STP	XRAY	1.830	0.166	MGSSHHHHHHSSGLVPRGSHMTEYKLVVVGADGVGKSALTIQLIQNHFVDEYDPTIEDSYRKQVVIDGETCLLDILDTAGQEEYSAMRDQYMRTGEGFLCVFAINNTKSFEDIHHYREQIKRVKDSEDVPMVLVGNKCDLPSRTVDTKQAQDLARSYGIPFIETSAKTRQGVDDAFYTLVREIRKHKEK	True	93.822	93.822	121.352	90.00	90.00	120.00	/Users/mitchellparker/Desktop/rascore_build/core/5us4A_core.cif	/Users/mitchellparker/Desktop/rascore_build/rcsb/5us4.cif.gz	/Users/mitchellparker/Desktop/rascore_build/renum/5us4_renum.cif	/Users/mitchellparker/Desktop/rascore_build/rcsb_assembly/5us4-assembly-1.cif.gz	/Users/mitchellparker/Desktop/rascore_build/renum_assembly/5us4-assembly-1_renum.cif	/Users/mitchellparker/Desktop/rascore_build/sifts/5us4.xml.gz	/Users/mitchellparker/Desktop/rascore_build/pocket/5us4A_1_pocket.pdb
5us4A	5us4	0	A	Y32out.2P-OFF	Disordered	Y32out	Y71out	H 3 (CF3)	5us4A2	2	GTPase KRas	RASK_HUMAN	P01116-2	G12D	G12	KRAS	2P	G12D	None	None	None	Homodimer	Other-Unbound	H 3	189	1-59:65-169	2017-02-13	Other	230.5804	0.0003	Unbound	Unbound	98,101,102,105,106,107	GDP,MG,GOL	None	None	None	None	None	None	None	None	None	None	GDP	MG	None	GOL	None	None	STP	XRAY	1.830	0.166	MGSSHHHHHHSSGLVPRGSHMTEYKLVVVGADGVGKSALTIQLIQNHFVDEYDPTIEDSYRKQVVIDGETCLLDILDTAGQEEYSAMRDQYMRTGEGFLCVFAINNTKSFEDIHHYREQIKRVKDSEDVPMVLVGNKCDLPSRTVDTKQAQDLARSYGIPFIETSAKTRQGVDDAFYTLVREIRKHKEK	True	93.822	93.822	121.352	90.00	90.00	120.00	/Users/mitchellparker/Desktop/rascore_build/core/5us4A_core.cif	/Users/mitchellparker/Desktop/rascore_build/rcsb/5us4.cif.gz	/Users/mitchellparker/Desktop/rascore_build/renum/5us4_renum.cif	/Users/mitchellparker/Desktop/rascore_build/rcsb_assembly/5us4-assembly-1.cif.gz	/Users/mitchellparker/Desktop/rascore_build/renum_assembly/5us4-assembly-1_renum.cif	/Users/mitchellparker/Desktop/rascore_build/sifts/5us4.xml.gz	/Users/mitchellparker/Desktop/rascore_build/pocket/5us4A_2_pocket.pdb
5us4A	5us4	0	A	Y32out.2P-OFF	Disordered	Y32out	Y71out	H 3 (CF3)	5us4A3	3	GTPase KRas	RASK_HUMAN	P01116-2	G12D	G12	KRAS	2P	G12D	None	None	None	Homodimer	Other-Unbound	H 3	189	1-59:65-169	2017-02-13	Other	270.4027	0.4108	Unbound	Unbound	12,13,31,32,34	GDP,MG,GOL	None	None	None	None	None	None	None	None	None	None	GDP	MG	None	GOL	None	None	STP	XRAY	1.830	0.166	MGSSHHHHHHSSGLVPRGSHMTEYKLVVVGADGVGKSALTIQLIQNHFVDEYDPTIEDSYRKQVVIDGETCLLDILDTAGQEEYSAMRDQYMRTGEGFLCVFAINNTKSFEDIHHYREQIKRVKDSEDVPMVLVGNKCDLPSRTVDTKQAQDLARSYGIPFIETSAKTRQGVDDAFYTLVREIRKHKEK	True	93.822	93.822	121.352	90.00	90.00	120.00	/Users/mitchellparker/Desktop/rascore_build/core/5us4A_core.cif	/Users/mitchellparker/Desktop/rascore_build/rcsb/5us4.cif.gz	/Users/mitchellparker/Desktop/rascore_build/renum/5us4_renum.cif	/Users/mitchellparker/Desktop/rascore_build/rcsb_assembly/5us4-assembly-1.cif.gz	/Users/mitchellparker/Desktop/rascore_build/renum_assembly/5us4-assembly-1_renum.cif	/Users/mitchellparker/Desktop/rascore_build/sifts/5us4.xml.gz	/Users/mitchellparker/Desktop/rascore_build/pocket/5us4A_3_pocket.pdb
5us4A	5us4	0	A	Y32out.2P-OFF	Disordered	Y32out	Y71out	H 3 (CF3)	5us4A4	4	GTPase KRas	RASK_HUMAN	P01116-2	G12D	G12	KRAS	2P	G12D	None	None	None	Homodimer	Other-Unbound	H 3	189	1-59:65-169	2017-02-13	Other	261.5599	0.0085	Unbound	Unbound	90,129,132,133,136	GDP,MG,GOL	None	None	None	None	None	None	None	None	None	None	GDP	MG	None	GOL	None	None	STP	XRAY	1.830	0.166	MGSSHHHHHHSSGLVPRGSHMTEYKLVVVGADGVGKSALTIQLIQNHFVDEYDPTIEDSYRKQVVIDGETCLLDILDTAGQEEYSAMRDQYMRTGEGFLCVFAINNTKSFEDIHHYREQIKRVKDSEDVPMVLVGNKCDLPSRTVDTKQAQDLARSYGIPFIETSAKTRQGVDDAFYTLVREIRKHKEK	True	93.822	93.822	121.352	90.00	90.00	120.00	/Users/mitchellparker/Desktop/rascore_build/core/5us4A_core.cif	/Users/mitchellparker/Desktop/rascore_build/rcsb/5us4.cif.gz	/Users/mitchellparker/Desktop/rascore_build/renum/5us4_renum.cif	/Users/mitchellparker/Desktop/rascore_build/rcsb_assembly/5us4-assembly-1.cif.gz	/Users/mitchellparker/Desktop/rascore_build/renum_assembly/5us4-assembly-1_renum.cif	/Users/mitchellparker/Desktop/rascore_build/sifts/5us4.xml.gz	/Users/mitchellparker/Desktop/rascore_build/pocket/5us4A_4_pocket.pdb
5us4B	5us4	0	B	Y32out.2P-OFF	Disordered	Y32out	Y71out	H 3 (CF3)	5us4B1	1	GTPase KRas	RASK_HUMAN	P01116-2	G12D	G12	KRAS	2P	G12D	None	None	None	Homodimer	Other-Unbound	H 3	189	1-59:67-169	2017-02-13	Other	248.9390	0.0143	Unbound	Unbound	74,75,76,104,106,108,109,110,166,167	GDP,MG,GOL	None	None	None	None	None	None	None	None	None	None	GDP	MG	None	GOL	None	None	STP	XRAY	1.830	0.166	MGSSHHHHHHSSGLVPRGSHMTEYKLVVVGADGVGKSALTIQLIQNHFVDEYDPTIEDSYRKQVVIDGETCLLDILDTAGQEEYSAMRDQYMRTGEGFLCVFAINNTKSFEDIHHYREQIKRVKDSEDVPMVLVGNKCDLPSRTVDTKQAQDLARSYGIPFIETSAKTRQGVDDAFYTLVREIRKHKEK	True	93.822	93.822	121.352	90.00	90.00	120.00	/Users/mitchellparker/Desktop/rascore_build/core/5us4B_core.cif	/Users/mitchellparker/Desktop/rascore_build/rcsb/5us4.cif.gz	/Users/mitchellparker/Desktop/rascore_build/renum/5us4_renum.cif	/Users/mitchellparker/Desktop/rascore_build/rcsb_assembly/5us4-assembly-1.cif.gz	/Users/mitchellparker/Desktop/rascore_build/renum_assembly/5us4-assembly-1_renum.cif	/Users/mitchellparker/Desktop/rascore_build/sifts/5us4.xml.gz	/Users/mitchellparker/Desktop/rascore_build/pocket/5us4B_1_pocket.pdb
5us4B	5us4	0	B	Y32out.2P-OFF	Disordered	Y32out	Y71out	H 3 (CF3)	5us4B2	2	GTPase KRas	RASK_HUMAN	P01116-2	G12D	G12	KRAS	2P	G12D	None	None	None	Homodimer	Other-Unbound	H 3	189	1-59:67-169	2017-02-13	Other	266.6445	0.0024	Unbound	Unbound	98,101,102,105,106,107	GDP,MG,GOL	None	None	None	None	None	None	None	None	None	None	GDP	MG	None	GOL	None	None	STP	XRAY	1.830	0.166	MGSSHHHHHHSSGLVPRGSHMTEYKLVVVGADGVGKSALTIQLIQNHFVDEYDPTIEDSYRKQVVIDGETCLLDILDTAGQEEYSAMRDQYMRTGEGFLCVFAINNTKSFEDIHHYREQIKRVKDSEDVPMVLVGNKCDLPSRTVDTKQAQDLARSYGIPFIETSAKTRQGVDDAFYTLVREIRKHKEK	True	93.822	93.822	121.352	90.00	90.00	120.00	/Users/mitchellparker/Desktop/rascore_build/core/5us4B_core.cif	/Users/mitchellparker/Desktop/rascore_build/rcsb/5us4.cif.gz	/Users/mitchellparker/Desktop/rascore_build/renum/5us4_renum.cif	/Users/mitchellparker/Desktop/rascore_build/rcsb_assembly/5us4-assembly-1.cif.gz	/Users/mitchellparker/Desktop/rascore_build/renum_assembly/5us4-assembly-1_renum.cif	/Users/mitchellparker/Desktop/rascore_build/sifts/5us4.xml.gz	/Users/mitchellparker/Desktop/rascore_build/pocket/5us4B_2_pocket.pdb
5usjA	5usj	0	A	Y32in.3P-ON	Disordered	Y32in	Y71in	P 1 (CF3)	5usjA2	2	GTPase KRas	RASK_HUMAN	P01116-2	G12D	G12	KRAS	3P	G12D	None	None	None	None	SP12-Unbound	P 1	189	1-60:64-168	2017-02-13	Other	212.3602	0.0065	Unbound	Unbound	87,90,91,94,124,125,129,133,137	MG,GNP	None	None	None	None	None	None	None	None	None	None	GNP	MG	None	None	None	None	STP	XRAY	1.940	0.180	MGSSHHHHHHSSGLVPRGSHMTEYKLVVVGADGVGKSALTIQLIQNHFVDEYDPTIEDSYRKQVVIDGETCLLDILDTAGQEEYSAMRDQYMRTGEGFLCVFAINNTKSFEDIHHYREQIKRVKDSEDVPMVLVGNKCDLPSRTVDTKQAQDLARSYGIPFIETSAKTRQGVDDAFYTLVREIRKHKEK	True	63.423	63.491	81.991	91.51	112.63	115.44	/Users/mitchellparker/Desktop/rascore_build/core/5usjA_core.cif	/Users/mitchellparker/Desktop/rascore_build/rcsb/5usj.cif.gz	/Users/mitchellparker/Desktop/rascore_build/renum/5usj_renum.cif	/Users/mitchellparker/Desktop/rascore_build/rcsb_assembly/5usj-assembly-6.cif.gz	/Users/mitchellparker/Desktop/rascore_build/renum_assembly/5usj-assembly-6_renum.cif	/Users/mitchellparker/Desktop/rascore_build/sifts/5usj.xml.gz	/Users/mitchellparker/Desktop/rascore_build/pocket/5usjA_2_pocket.pdb
5usjA	5usj	0	A	Y32in.3P-ON	Disordered	Y32in	Y71in	P 1 (CF3)	5usjA3	3	GTPase KRas	RASK_HUMAN	P01116-2	G12D	G12	KRAS	3P	G12D	None	None	None	None	SP12-Unbound	P 1	189	1-60:64-168	2017-02-13	Other	281.6615	0.0005	Unbound	Unbound	97,107,108,109,110,111,137,138,139,162,165,166	MG,GNP	None	None	None	None	None	None	None	None	None	None	GNP	MG	None	None	None	None	STP	XRAY	1.940	0.180	MGSSHHHHHHSSGLVPRGSHMTEYKLVVVGADGVGKSALTIQLIQNHFVDEYDPTIEDSYRKQVVIDGETCLLDILDTAGQEEYSAMRDQYMRTGEGFLCVFAINNTKSFEDIHHYREQIKRVKDSEDVPMVLVGNKCDLPSRTVDTKQAQDLARSYGIPFIETSAKTRQGVDDAFYTLVREIRKHKEK	True	63.423	63.491	81.991	91.51	112.63	115.44	/Users/mitchellparker/Desktop/rascore_build/core/5usjA_core.cif	/Users/mitchellparker/Desktop/rascore_build/rcsb/5usj.cif.gz	/Users/mitchellparker/Desktop/rascore_build/renum/5usj_renum.cif	/Users/mitchellparker/Desktop/rascore_build/rcsb_assembly/5usj-assembly-6.cif.gz	/Users/mitchellparker/Desktop/rascore_build/renum_assembly/5usj-assembly-6_renum.cif	/Users/mitchellparker/Desktop/rascore_build/sifts/5usj.xml.gz	/Users/mitchellparker/Desktop/rascore_build/pocket/5usjA_3_pocket.pdb
5usjA	5usj	0	A	Y32in.3P-ON	Disordered	Y32in	Y71in	P 1 (CF3)	5usjA4	4	GTPase KRas	RASK_HUMAN	P01116-2	G12D	G12	KRAS	3P	G12D	None	None	None	None	SP12-Unbound	P 1	189	1-60:64-168	2017-02-13	SP12	161.7623	0.0017	Unbound	Unbound	5,6,7,39,54,55,56,74	MG,GNP	None	None	None	None	None	None	None	None	None	None	GNP	MG	None	None	None	None	STP	XRAY	1.940	0.180	MGSSHHHHHHSSGLVPRGSHMTEYKLVVVGADGVGKSALTIQLIQNHFVDEYDPTIEDSYRKQVVIDGETCLLDILDTAGQEEYSAMRDQYMRTGEGFLCVFAINNTKSFEDIHHYREQIKRVKDSEDVPMVLVGNKCDLPSRTVDTKQAQDLARSYGIPFIETSAKTRQGVDDAFYTLVREIRKHKEK	True	63.423	63.491	81.991	91.51	112.63	115.44	/Users/mitchellparker/Desktop/rascore_build/core/5usjA_core.cif	/Users/mitchellparker/Desktop/rascore_build/rcsb/5usj.cif.gz	/Users/mitchellparker/Desktop/rascore_build/renum/5usj_renum.cif	/Users/mitchellparker/Desktop/rascore_build/rcsb_assembly/5usj-assembly-6.cif.gz	/Users/mitchellparker/Desktop/rascore_build/renum_assembly/5usj-assembly-6_renum.cif	/Users/mitchellparker/Desktop/rascore_build/sifts/5usj.xml.gz	/Users/mitchellparker/Desktop/rascore_build/pocket/5usjA_4_pocket.pdb
5usjA	5usj	0	A	Y32in.3P-ON	Disordered	Y32in	Y71in	P 1 (CF3)	5usjA5	5	GTPase KRas	RASK_HUMAN	P01116-2	G12D	G12	KRAS	3P	G12D	None	None	None	None	SP12-Unbound	P 1	189	1-60:64-168	2017-02-13	Other	152.1386	0.0003	Unbound	Unbound	135,138,139,140,162,165	MG,GNP	None	None	None	None	None	None	None	None	None	None	GNP	MG	None	None	None	None	STP	XRAY	1.940	0.180	MGSSHHHHHHSSGLVPRGSHMTEYKLVVVGADGVGKSALTIQLIQNHFVDEYDPTIEDSYRKQVVIDGETCLLDILDTAGQEEYSAMRDQYMRTGEGFLCVFAINNTKSFEDIHHYREQIKRVKDSEDVPMVLVGNKCDLPSRTVDTKQAQDLARSYGIPFIETSAKTRQGVDDAFYTLVREIRKHKEK	True	63.423	63.491	81.991	91.51	112.63	115.44	/Users/mitchellparker/Desktop/rascore_build/core/5usjA_core.cif	/Users/mitchellparker/Desktop/rascore_build/rcsb/5usj.cif.gz	/Users/mitchellparker/Desktop/rascore_build/renum/5usj_renum.cif	/Users/mitchellparker/Desktop/rascore_build/rcsb_assembly/5usj-assembly-6.cif.gz	/Users/mitchellparker/Desktop/rascore_build/renum_assembly/5usj-assembly-6_renum.cif	/Users/mitchellparker/Desktop/rascore_build/sifts/5usj.xml.gz	/Users/mitchellparker/Desktop/rascore_build/pocket/5usjA_5_pocket.pdb
5usjA	5usj	0	A	Y32in.3P-ON	Disordered	Y32in	Y71in	P 1 (CF3)	5usjA6	6	GTPase KRas	RASK_HUMAN	P01116-2	G12D	G12	KRAS	3P	G12D	None	None	None	None	SP12-Unbound	P 1	189	1-60:64-168	2017-02-13	Other	192.1913	0.0056	Unbound	Unbound	76,104,106,108,109,110,163,166,167	MG,GNP	None	None	None	None	None	None	None	None	None	None	GNP	MG	None	None	None	None	STP	XRAY	1.940	0.180	MGSSHHHHHHSSGLVPRGSHMTEYKLVVVGADGVGKSALTIQLIQNHFVDEYDPTIEDSYRKQVVIDGETCLLDILDTAGQEEYSAMRDQYMRTGEGFLCVFAINNTKSFEDIHHYREQIKRVKDSEDVPMVLVGNKCDLPSRTVDTKQAQDLARSYGIPFIETSAKTRQGVDDAFYTLVREIRKHKEK	True	63.423	63.491	81.991	91.51	112.63	115.44	/Users/mitchellparker/Desktop/rascore_build/core/5usjA_core.cif	/Users/mitchellparker/Desktop/rascore_build/rcsb/5usj.cif.gz	/Users/mitchellparker/Desktop/rascore_build/renum/5usj_renum.cif	/Users/mitchellparker/Desktop/rascore_build/rcsb_assembly/5usj-assembly-6.cif.gz	/Users/mitchellparker/Desktop/rascore_build/renum_assembly/5usj-assembly-6_renum.cif	/Users/mitchellparker/Desktop/rascore_build/sifts/5usj.xml.gz	/Users/mitchellparker/Desktop/rascore_build/pocket/5usjA_6_pocket.pdb
5usjA	5usj	0	A	Y32in.3P-ON	Disordered	Y32in	Y71in	P 1 (CF3)	5usjA7	7	GTPase KRas	RASK_HUMAN	P01116-2	G12D	G12	KRAS	3P	G12D	None	None	None	None	SP12-Unbound	P 1	189	1-60:64-168	2017-02-13	SP12	217.8417	0.0002	Unbound	Unbound	39,40,41,54	MG,GNP	None	None	None	None	None	None	None	None	None	None	GNP	MG	None	None	None	None	STP	XRAY	1.940	0.180	MGSSHHHHHHSSGLVPRGSHMTEYKLVVVGADGVGKSALTIQLIQNHFVDEYDPTIEDSYRKQVVIDGETCLLDILDTAGQEEYSAMRDQYMRTGEGFLCVFAINNTKSFEDIHHYREQIKRVKDSEDVPMVLVGNKCDLPSRTVDTKQAQDLARSYGIPFIETSAKTRQGVDDAFYTLVREIRKHKEK	True	63.423	63.491	81.991	91.51	112.63	115.44	/Users/mitchellparker/Desktop/rascore_build/core/5usjA_core.cif	/Users/mitchellparker/Desktop/rascore_build/rcsb/5usj.cif.gz	/Users/mitchellparker/Desktop/rascore_build/renum/5usj_renum.cif	/Users/mitchellparker/Desktop/rascore_build/rcsb_assembly/5usj-assembly-6.cif.gz	/Users/mitchellparker/Desktop/rascore_build/renum_assembly/5usj-assembly-6_renum.cif	/Users/mitchellparker/Desktop/rascore_build/sifts/5usj.xml.gz	/Users/mitchellparker/Desktop/rascore_build/pocket/5usjA_7_pocket.pdb
5usjB	5usj	0	B	Outlier	Outlier	Disordered	Y71out	P 1 (CF3)	5usjB2	2	GTPase KRas	RASK_HUMAN	P01116-2	G12D	G12	KRAS	3P	G12D	None	None	None	None	SP2-Unbound	P 1	189	1-167	2017-02-13	SP2	292.4193	0.0074	Unbound	Unbound	68,92,95,96,99,102	MG,GNP	None	None	None	None	None	None	None	None	None	None	GNP	MG	None	None	None	None	STP	XRAY	1.940	0.180	MGSSHHHHHHSSGLVPRGSHMTEYKLVVVGADGVGKSALTIQLIQNHFVDEYDPTIEDSYRKQVVIDGETCLLDILDTAGQEEYSAMRDQYMRTGEGFLCVFAINNTKSFEDIHHYREQIKRVKDSEDVPMVLVGNKCDLPSRTVDTKQAQDLARSYGIPFIETSAKTRQGVDDAFYTLVREIRKHKEK	True	63.423	63.491	81.991	91.51	112.63	115.44	/Users/mitchellparker/Desktop/rascore_build/core/5usjB_core.cif	/Users/mitchellparker/Desktop/rascore_build/rcsb/5usj.cif.gz	/Users/mitchellparker/Desktop/rascore_build/renum/5usj_renum.cif	/Users/mitchellparker/Desktop/rascore_build/rcsb_assembly/5usj-assembly-6.cif.gz	/Users/mitchellparker/Desktop/rascore_build/renum_assembly/5usj-assembly-6_renum.cif	/Users/mitchellparker/Desktop/rascore_build/sifts/5usj.xml.gz	/Users/mitchellparker/Desktop/rascore_build/pocket/5usjB_2_pocket.pdb
5usjB	5usj	0	B	Outlier	Outlier	Disordered	Y71out	P 1 (CF3)	5usjB3	3	GTPase KRas	RASK_HUMAN	P01116-2	G12D	G12	KRAS	3P	G12D	None	None	None	None	SP2-Unbound	P 1	189	1-167	2017-02-13	Other	242.6872	0.0003	Unbound	Unbound	98,101,102,105,106,107	MG,GNP	None	None	None	None	None	None	None	None	None	None	GNP	MG	None	None	None	None	STP	XRAY	1.940	0.180	MGSSHHHHHHSSGLVPRGSHMTEYKLVVVGADGVGKSALTIQLIQNHFVDEYDPTIEDSYRKQVVIDGETCLLDILDTAGQEEYSAMRDQYMRTGEGFLCVFAINNTKSFEDIHHYREQIKRVKDSEDVPMVLVGNKCDLPSRTVDTKQAQDLARSYGIPFIETSAKTRQGVDDAFYTLVREIRKHKEK	True	63.423	63.491	81.991	91.51	112.63	115.44	/Users/mitchellparker/Desktop/rascore_build/core/5usjB_core.cif	/Users/mitchellparker/Desktop/rascore_build/rcsb/5usj.cif.gz	/Users/mitchellparker/Desktop/rascore_build/renum/5usj_renum.cif	/Users/mitchellparker/Desktop/rascore_build/rcsb_assembly/5usj-assembly-6.cif.gz	/Users/mitchellparker/Desktop/rascore_build/renum_assembly/5usj-assembly-6_renum.cif	/Users/mitchellparker/Desktop/rascore_build/sifts/5usj.xml.gz	/Users/mitchellparker/Desktop/rascore_build/pocket/5usjB_3_pocket.pdb
5usjB	5usj	0	B	Outlier	Outlier	Disordered	Y71out	P 1 (CF3)	5usjB4	4	GTPase KRas	RASK_HUMAN	P01116-2	G12D	G12	KRAS	3P	G12D	None	None	None	None	SP2-Unbound	P 1	189	1-167	2017-02-13	Other	298.2675	0.0142	Unbound	Unbound	74,75,76,104,106,108,109,110,163,166,167	MG,GNP	None	None	None	None	None	None	None	None	None	None	GNP	MG	None	None	None	None	STP	XRAY	1.940	0.180	MGSSHHHHHHSSGLVPRGSHMTEYKLVVVGADGVGKSALTIQLIQNHFVDEYDPTIEDSYRKQVVIDGETCLLDILDTAGQEEYSAMRDQYMRTGEGFLCVFAINNTKSFEDIHHYREQIKRVKDSEDVPMVLVGNKCDLPSRTVDTKQAQDLARSYGIPFIETSAKTRQGVDDAFYTLVREIRKHKEK	True	63.423	63.491	81.991	91.51	112.63	115.44	/Users/mitchellparker/Desktop/rascore_build/core/5usjB_core.cif	/Users/mitchellparker/Desktop/rascore_build/rcsb/5usj.cif.gz	/Users/mitchellparker/Desktop/rascore_build/renum/5usj_renum.cif	/Users/mitchellparker/Desktop/rascore_build/rcsb_assembly/5usj-assembly-6.cif.gz	/Users/mitchellparker/Desktop/rascore_build/renum_assembly/5usj-assembly-6_renum.cif	/Users/mitchellparker/Desktop/rascore_build/sifts/5usj.xml.gz	/Users/mitchellparker/Desktop/rascore_build/pocket/5usjB_4_pocket.pdb
5usjB	5usj	0	B	Outlier	Outlier	Disordered	Y71out	P 1 (CF3)	5usjB5	5	GTPase KRas	RASK_HUMAN	P01116-2	G12D	G12	KRAS	3P	G12D	None	None	None	None	SP2-Unbound	P 1	189	1-167	2017-02-13	Other	206.2581	0.0008	Unbound	Unbound	131,134,135,139,141	MG,GNP	None	None	None	None	None	None	None	None	None	None	GNP	MG	None	None	None	None	STP	XRAY	1.940	0.180	MGSSHHHHHHSSGLVPRGSHMTEYKLVVVGADGVGKSALTIQLIQNHFVDEYDPTIEDSYRKQVVIDGETCLLDILDTAGQEEYSAMRDQYMRTGEGFLCVFAINNTKSFEDIHHYREQIKRVKDSEDVPMVLVGNKCDLPSRTVDTKQAQDLARSYGIPFIETSAKTRQGVDDAFYTLVREIRKHKEK	True	63.423	63.491	81.991	91.51	112.63	115.44	/Users/mitchellparker/Desktop/rascore_build/core/5usjB_core.cif	/Users/mitchellparker/Desktop/rascore_build/rcsb/5usj.cif.gz	/Users/mitchellparker/Desktop/rascore_build/renum/5usj_renum.cif	/Users/mitchellparker/Desktop/rascore_build/rcsb_assembly/5usj-assembly-6.cif.gz	/Users/mitchellparker/Desktop/rascore_build/renum_assembly/5usj-assembly-6_renum.cif	/Users/mitchellparker/Desktop/rascore_build/sifts/5usj.xml.gz	/Users/mitchellparker/Desktop/rascore_build/pocket/5usjB_5_pocket.pdb
5usjB	5usj	0	B	Outlier	Outlier	Disordered	Y71out	P 1 (CF3)	5usjB6	6	GTPase KRas	RASK_HUMAN	P01116-2	G12D	G12	KRAS	3P	G12D	None	None	None	None	SP2-Unbound	P 1	189	1-167	2017-02-13	Other	362.5171	0.0016	Unbound	Unbound	47,158,161,162,164,165	MG,GNP	None	None	None	None	None	None	None	None	None	None	GNP	MG	None	None	None	None	STP	XRAY	1.940	0.180	MGSSHHHHHHSSGLVPRGSHMTEYKLVVVGADGVGKSALTIQLIQNHFVDEYDPTIEDSYRKQVVIDGETCLLDILDTAGQEEYSAMRDQYMRTGEGFLCVFAINNTKSFEDIHHYREQIKRVKDSEDVPMVLVGNKCDLPSRTVDTKQAQDLARSYGIPFIETSAKTRQGVDDAFYTLVREIRKHKEK	True	63.423	63.491	81.991	91.51	112.63	115.44	/Users/mitchellparker/Desktop/rascore_build/core/5usjB_core.cif	/Users/mitchellparker/Desktop/rascore_build/rcsb/5usj.cif.gz	/Users/mitchellparker/Desktop/rascore_build/renum/5usj_renum.cif	/Users/mitchellparker/Desktop/rascore_build/rcsb_assembly/5usj-assembly-6.cif.gz	/Users/mitchellparker/Desktop/rascore_build/renum_assembly/5usj-assembly-6_renum.cif	/Users/mitchellparker/Desktop/rascore_build/sifts/5usj.xml.gz	/Users/mitchellparker/Desktop/rascore_build/pocket/5usjB_6_pocket.pdb
5usjB	5usj	0	B	Outlier	Outlier	Disordered	Y71out	P 1 (CF3)	5usjB7	7	GTPase KRas	RASK_HUMAN	P01116-2	G12D	G12	KRAS	3P	G12D	None	None	None	None	SP2-Unbound	P 1	189	1-167	2017-02-13	Other	175.6624	0.0004	Unbound	Unbound	108,109,110,111,137,138,139,162,165,166	MG,GNP	None	None	None	None	None	None	None	None	None	None	GNP	MG	None	None	None	None	STP	XRAY	1.940	0.180	MGSSHHHHHHSSGLVPRGSHMTEYKLVVVGADGVGKSALTIQLIQNHFVDEYDPTIEDSYRKQVVIDGETCLLDILDTAGQEEYSAMRDQYMRTGEGFLCVFAINNTKSFEDIHHYREQIKRVKDSEDVPMVLVGNKCDLPSRTVDTKQAQDLARSYGIPFIETSAKTRQGVDDAFYTLVREIRKHKEK	True	63.423	63.491	81.991	91.51	112.63	115.44	/Users/mitchellparker/Desktop/rascore_build/core/5usjB_core.cif	/Users/mitchellparker/Desktop/rascore_build/rcsb/5usj.cif.gz	/Users/mitchellparker/Desktop/rascore_build/renum/5usj_renum.cif	/Users/mitchellparker/Desktop/rascore_build/rcsb_assembly/5usj-assembly-6.cif.gz	/Users/mitchellparker/Desktop/rascore_build/renum_assembly/5usj-assembly-6_renum.cif	/Users/mitchellparker/Desktop/rascore_build/sifts/5usj.xml.gz	/Users/mitchellparker/Desktop/rascore_build/pocket/5usjB_7_pocket.pdb
5usjC	5usj	0	C	Y32in.3P-ON	Y71in.3P-R	Y32in	Y71in	P 1 (CF3)	5usjC2	2	GTPase KRas	RASK_HUMAN	P01116-2	G12D	G12	KRAS	3P	G12D	None	None	None	None	SP12-Unbound	P 1	189	1-167	2017-02-13	Other	341.2866	0.0007	Unbound	Unbound	131,134,135,138,139,140,141,162,165	MG,GNP	None	None	None	None	None	None	None	None	None	None	GNP	MG	None	None	None	None	STP	XRAY	1.940	0.180	MGSSHHHHHHSSGLVPRGSHMTEYKLVVVGADGVGKSALTIQLIQNHFVDEYDPTIEDSYRKQVVIDGETCLLDILDTAGQEEYSAMRDQYMRTGEGFLCVFAINNTKSFEDIHHYREQIKRVKDSEDVPMVLVGNKCDLPSRTVDTKQAQDLARSYGIPFIETSAKTRQGVDDAFYTLVREIRKHKEK	True	63.423	63.491	81.991	91.51	112.63	115.44	/Users/mitchellparker/Desktop/rascore_build/core/5usjC_core.cif	/Users/mitchellparker/Desktop/rascore_build/rcsb/5usj.cif.gz	/Users/mitchellparker/Desktop/rascore_build/renum/5usj_renum.cif	/Users/mitchellparker/Desktop/rascore_build/rcsb_assembly/5usj-assembly-6.cif.gz	/Users/mitchellparker/Desktop/rascore_build/renum_assembly/5usj-assembly-6_renum.cif	/Users/mitchellparker/Desktop/rascore_build/sifts/5usj.xml.gz	/Users/mitchellparker/Desktop/rascore_build/pocket/5usjC_2_pocket.pdb
5usjC	5usj	0	C	Y32in.3P-ON	Y71in.3P-R	Y32in	Y71in	P 1 (CF3)	5usjC3	3	GTPase KRas	RASK_HUMAN	P01116-2	G12D	G12	KRAS	3P	G12D	None	None	None	None	SP12-Unbound	P 1	189	1-167	2017-02-13	Other	269.9285	0.0381	Unbound	Unbound	73,74,75,76,104,109,110,163,166	MG,GNP	None	None	None	None	None	None	None	None	None	None	GNP	MG	None	None	None	None	STP	XRAY	1.940	0.180	MGSSHHHHHHSSGLVPRGSHMTEYKLVVVGADGVGKSALTIQLIQNHFVDEYDPTIEDSYRKQVVIDGETCLLDILDTAGQEEYSAMRDQYMRTGEGFLCVFAINNTKSFEDIHHYREQIKRVKDSEDVPMVLVGNKCDLPSRTVDTKQAQDLARSYGIPFIETSAKTRQGVDDAFYTLVREIRKHKEK	True	63.423	63.491	81.991	91.51	112.63	115.44	/Users/mitchellparker/Desktop/rascore_build/core/5usjC_core.cif	/Users/mitchellparker/Desktop/rascore_build/rcsb/5usj.cif.gz	/Users/mitchellparker/Desktop/rascore_build/renum/5usj_renum.cif	/Users/mitchellparker/Desktop/rascore_build/rcsb_assembly/5usj-assembly-6.cif.gz	/Users/mitchellparker/Desktop/rascore_build/renum_assembly/5usj-assembly-6_renum.cif	/Users/mitchellparker/Desktop/rascore_build/sifts/5usj.xml.gz	/Users/mitchellparker/Desktop/rascore_build/pocket/5usjC_3_pocket.pdb
5usjC	5usj	0	C	Y32in.3P-ON	Y71in.3P-R	Y32in	Y71in	P 1 (CF3)	5usjC4	4	GTPase KRas	RASK_HUMAN	P01116-2	G12D	G12	KRAS	3P	G12D	None	None	None	None	SP12-Unbound	P 1	189	1-167	2017-02-13	Other	304.7751	0.0026	Unbound	Unbound	11,12,60,61,62,86,88,89,92,96	MG,GNP	None	None	None	None	None	None	None	None	None	None	GNP	MG	None	None	None	None	STP	XRAY	1.940	0.180	MGSSHHHHHHSSGLVPRGSHMTEYKLVVVGADGVGKSALTIQLIQNHFVDEYDPTIEDSYRKQVVIDGETCLLDILDTAGQEEYSAMRDQYMRTGEGFLCVFAINNTKSFEDIHHYREQIKRVKDSEDVPMVLVGNKCDLPSRTVDTKQAQDLARSYGIPFIETSAKTRQGVDDAFYTLVREIRKHKEK	True	63.423	63.491	81.991	91.51	112.63	115.44	/Users/mitchellparker/Desktop/rascore_build/core/5usjC_core.cif	/Users/mitchellparker/Desktop/rascore_build/rcsb/5usj.cif.gz	/Users/mitchellparker/Desktop/rascore_build/renum/5usj_renum.cif	/Users/mitchellparker/Desktop/rascore_build/rcsb_assembly/5usj-assembly-6.cif.gz	/Users/mitchellparker/Desktop/rascore_build/renum_assembly/5usj-assembly-6_renum.cif	/Users/mitchellparker/Desktop/rascore_build/sifts/5usj.xml.gz	/Users/mitchellparker/Desktop/rascore_build/pocket/5usjC_4_pocket.pdb
5usjC	5usj	0	C	Y32in.3P-ON	Y71in.3P-R	Y32in	Y71in	P 1 (CF3)	5usjC5	5	GTPase KRas	RASK_HUMAN	P01116-2	G12D	G12	KRAS	3P	G12D	None	None	None	None	SP12-Unbound	P 1	189	1-167	2017-02-13	Other	227.5989	0.0033	Unbound	Unbound	23,24,26,42,44,53,149,153,157	MG,GNP	None	None	None	None	None	None	None	None	None	None	GNP	MG	None	None	None	None	STP	XRAY	1.940	0.180	MGSSHHHHHHSSGLVPRGSHMTEYKLVVVGADGVGKSALTIQLIQNHFVDEYDPTIEDSYRKQVVIDGETCLLDILDTAGQEEYSAMRDQYMRTGEGFLCVFAINNTKSFEDIHHYREQIKRVKDSEDVPMVLVGNKCDLPSRTVDTKQAQDLARSYGIPFIETSAKTRQGVDDAFYTLVREIRKHKEK	True	63.423	63.491	81.991	91.51	112.63	115.44	/Users/mitchellparker/Desktop/rascore_build/core/5usjC_core.cif	/Users/mitchellparker/Desktop/rascore_build/rcsb/5usj.cif.gz	/Users/mitchellparker/Desktop/rascore_build/renum/5usj_renum.cif	/Users/mitchellparker/Desktop/rascore_build/rcsb_assembly/5usj-assembly-6.cif.gz	/Users/mitchellparker/Desktop/rascore_build/renum_assembly/5usj-assembly-6_renum.cif	/Users/mitchellparker/Desktop/rascore_build/sifts/5usj.xml.gz	/Users/mitchellparker/Desktop/rascore_build/pocket/5usjC_5_pocket.pdb
5usjC	5usj	0	C	Y32in.3P-ON	Y71in.3P-R	Y32in	Y71in	P 1 (CF3)	5usjC6	6	GTPase KRas	RASK_HUMAN	P01116-2	G12D	G12	KRAS	3P	G12D	None	None	None	None	SP12-Unbound	P 1	189	1-167	2017-02-13	SP12	269.4942	0.2462	Unbound	Unbound	3,5,7,39,40,41,54,55,56,71,74,75	MG,GNP	None	None	None	None	None	None	None	None	None	None	GNP	MG	None	None	None	None	STP	XRAY	1.940	0.180	MGSSHHHHHHSSGLVPRGSHMTEYKLVVVGADGVGKSALTIQLIQNHFVDEYDPTIEDSYRKQVVIDGETCLLDILDTAGQEEYSAMRDQYMRTGEGFLCVFAINNTKSFEDIHHYREQIKRVKDSEDVPMVLVGNKCDLPSRTVDTKQAQDLARSYGIPFIETSAKTRQGVDDAFYTLVREIRKHKEK	True	63.423	63.491	81.991	91.51	112.63	115.44	/Users/mitchellparker/Desktop/rascore_build/core/5usjC_core.cif	/Users/mitchellparker/Desktop/rascore_build/rcsb/5usj.cif.gz	/Users/mitchellparker/Desktop/rascore_build/renum/5usj_renum.cif	/Users/mitchellparker/Desktop/rascore_build/rcsb_assembly/5usj-assembly-6.cif.gz	/Users/mitchellparker/Desktop/rascore_build/renum_assembly/5usj-assembly-6_renum.cif	/Users/mitchellparker/Desktop/rascore_build/sifts/5usj.xml.gz	/Users/mitchellparker/Desktop/rascore_build/pocket/5usjC_6_pocket.pdb
5usjC	5usj	0	C	Y32in.3P-ON	Y71in.3P-R	Y32in	Y71in	P 1 (CF3)	5usjC7	7	GTPase KRas	RASK_HUMAN	P01116-2	G12D	G12	KRAS	3P	G12D	None	None	None	None	SP12-Unbound	P 1	189	1-167	2017-02-13	SP12	274.2336	0.0093	Unbound	Unbound	37,56,67,70,71,74	MG,GNP	None	None	None	None	None	None	None	None	None	None	GNP	MG	None	None	None	None	STP	XRAY	1.940	0.180	MGSSHHHHHHSSGLVPRGSHMTEYKLVVVGADGVGKSALTIQLIQNHFVDEYDPTIEDSYRKQVVIDGETCLLDILDTAGQEEYSAMRDQYMRTGEGFLCVFAINNTKSFEDIHHYREQIKRVKDSEDVPMVLVGNKCDLPSRTVDTKQAQDLARSYGIPFIETSAKTRQGVDDAFYTLVREIRKHKEK	True	63.423	63.491	81.991	91.51	112.63	115.44	/Users/mitchellparker/Desktop/rascore_build/core/5usjC_core.cif	/Users/mitchellparker/Desktop/rascore_build/rcsb/5usj.cif.gz	/Users/mitchellparker/Desktop/rascore_build/renum/5usj_renum.cif	/Users/mitchellparker/Desktop/rascore_build/rcsb_assembly/5usj-assembly-6.cif.gz	/Users/mitchellparker/Desktop/rascore_build/renum_assembly/5usj-assembly-6_renum.cif	/Users/mitchellparker/Desktop/rascore_build/sifts/5usj.xml.gz	/Users/mitchellparker/Desktop/rascore_build/pocket/5usjC_7_pocket.pdb
5usjD	5usj	0	D	Y32in.3P-ON	Disordered	Y32in	Y71in	P 1 (CF3)	5usjD2	2	GTPase KRas	RASK_HUMAN	P01116-2	G12D	G12	KRAS	3P	G12D	None	None	None	None	SP12-Unbound	P 1	189	1-60:68-167	2017-02-13	Other	242.3384	0.0025	Unbound	Unbound	47,158,161,162,164,165	MG,GNP	None	None	None	None	None	None	None	None	None	None	GNP	MG	None	None	None	None	STP	XRAY	1.940	0.180	MGSSHHHHHHSSGLVPRGSHMTEYKLVVVGADGVGKSALTIQLIQNHFVDEYDPTIEDSYRKQVVIDGETCLLDILDTAGQEEYSAMRDQYMRTGEGFLCVFAINNTKSFEDIHHYREQIKRVKDSEDVPMVLVGNKCDLPSRTVDTKQAQDLARSYGIPFIETSAKTRQGVDDAFYTLVREIRKHKEK	True	63.423	63.491	81.991	91.51	112.63	115.44	/Users/mitchellparker/Desktop/rascore_build/core/5usjD_core.cif	/Users/mitchellparker/Desktop/rascore_build/rcsb/5usj.cif.gz	/Users/mitchellparker/Desktop/rascore_build/renum/5usj_renum.cif	/Users/mitchellparker/Desktop/rascore_build/rcsb_assembly/5usj-assembly-6.cif.gz	/Users/mitchellparker/Desktop/rascore_build/renum_assembly/5usj-assembly-6_renum.cif	/Users/mitchellparker/Desktop/rascore_build/sifts/5usj.xml.gz	/Users/mitchellparker/Desktop/rascore_build/pocket/5usjD_2_pocket.pdb
5usjD	5usj	0	D	Y32in.3P-ON	Disordered	Y32in	Y71in	P 1 (CF3)	5usjD3	3	GTPase KRas	RASK_HUMAN	P01116-2	G12D	G12	KRAS	3P	G12D	None	None	None	None	SP12-Unbound	P 1	189	1-60:68-167	2017-02-13	SP12	535.4846	0.0315	Unbound	Unbound	5,6,7,39,40,41,54,55,56,74,75	MG,GNP	None	None	None	None	None	None	None	None	None	None	GNP	MG	None	None	None	None	STP	XRAY	1.940	0.180	MGSSHHHHHHSSGLVPRGSHMTEYKLVVVGADGVGKSALTIQLIQNHFVDEYDPTIEDSYRKQVVIDGETCLLDILDTAGQEEYSAMRDQYMRTGEGFLCVFAINNTKSFEDIHHYREQIKRVKDSEDVPMVLVGNKCDLPSRTVDTKQAQDLARSYGIPFIETSAKTRQGVDDAFYTLVREIRKHKEK	True	63.423	63.491	81.991	91.51	112.63	115.44	/Users/mitchellparker/Desktop/rascore_build/core/5usjD_core.cif	/Users/mitchellparker/Desktop/rascore_build/rcsb/5usj.cif.gz	/Users/mitchellparker/Desktop/rascore_build/renum/5usj_renum.cif	/Users/mitchellparker/Desktop/rascore_build/rcsb_assembly/5usj-assembly-6.cif.gz	/Users/mitchellparker/Desktop/rascore_build/renum_assembly/5usj-assembly-6_renum.cif	/Users/mitchellparker/Desktop/rascore_build/sifts/5usj.xml.gz	/Users/mitchellparker/Desktop/rascore_build/pocket/5usjD_3_pocket.pdb
5usjE	5usj	0	E	Y32in.3P-ON	Y71in.3P-R	Y32in	Y71in	P 1 (CF3)	5usjE3	3	GTPase KRas	RASK_HUMAN	P01116-2	G12D	G12	KRAS	3P	G12D	None	None	None	None	SP12-Unbound	P 1	189	1-166	2017-02-13	Other	330.2496	0.0004	Unbound	Unbound	11,12,60,61,62,86,88,89,92,96	MG,GNP	None	None	None	None	None	None	None	None	None	None	GNP	MG	None	None	None	None	STP	XRAY	1.940	0.180	MGSSHHHHHHSSGLVPRGSHMTEYKLVVVGADGVGKSALTIQLIQNHFVDEYDPTIEDSYRKQVVIDGETCLLDILDTAGQEEYSAMRDQYMRTGEGFLCVFAINNTKSFEDIHHYREQIKRVKDSEDVPMVLVGNKCDLPSRTVDTKQAQDLARSYGIPFIETSAKTRQGVDDAFYTLVREIRKHKEK	True	63.423	63.491	81.991	91.51	112.63	115.44	/Users/mitchellparker/Desktop/rascore_build/core/5usjE_core.cif	/Users/mitchellparker/Desktop/rascore_build/rcsb/5usj.cif.gz	/Users/mitchellparker/Desktop/rascore_build/renum/5usj_renum.cif	/Users/mitchellparker/Desktop/rascore_build/rcsb_assembly/5usj-assembly-6.cif.gz	/Users/mitchellparker/Desktop/rascore_build/renum_assembly/5usj-assembly-6_renum.cif	/Users/mitchellparker/Desktop/rascore_build/sifts/5usj.xml.gz	/Users/mitchellparker/Desktop/rascore_build/pocket/5usjE_3_pocket.pdb
5usjE	5usj	0	E	Y32in.3P-ON	Y71in.3P-R	Y32in	Y71in	P 1 (CF3)	5usjE4	4	GTPase KRas	RASK_HUMAN	P01116-2	G12D	G12	KRAS	3P	G12D	None	None	None	None	SP12-Unbound	P 1	189	1-166	2017-02-13	Other	387.0096	0.1132	Unbound	Unbound	73,74,75,76,104,106,109,110,163,166	MG,GNP	None	None	None	None	None	None	None	None	None	None	GNP	MG	None	None	None	None	STP	XRAY	1.940	0.180	MGSSHHHHHHSSGLVPRGSHMTEYKLVVVGADGVGKSALTIQLIQNHFVDEYDPTIEDSYRKQVVIDGETCLLDILDTAGQEEYSAMRDQYMRTGEGFLCVFAINNTKSFEDIHHYREQIKRVKDSEDVPMVLVGNKCDLPSRTVDTKQAQDLARSYGIPFIETSAKTRQGVDDAFYTLVREIRKHKEK	True	63.423	63.491	81.991	91.51	112.63	115.44	/Users/mitchellparker/Desktop/rascore_build/core/5usjE_core.cif	/Users/mitchellparker/Desktop/rascore_build/rcsb/5usj.cif.gz	/Users/mitchellparker/Desktop/rascore_build/renum/5usj_renum.cif	/Users/mitchellparker/Desktop/rascore_build/rcsb_assembly/5usj-assembly-6.cif.gz	/Users/mitchellparker/Desktop/rascore_build/renum_assembly/5usj-assembly-6_renum.cif	/Users/mitchellparker/Desktop/rascore_build/sifts/5usj.xml.gz	/Users/mitchellparker/Desktop/rascore_build/pocket/5usjE_4_pocket.pdb
5usjE	5usj	0	E	Y32in.3P-ON	Y71in.3P-R	Y32in	Y71in	P 1 (CF3)	5usjE5	5	GTPase KRas	RASK_HUMAN	P01116-2	G12D	G12	KRAS	3P	G12D	None	None	None	None	SP12-Unbound	P 1	189	1-166	2017-02-13	SP12	237.9363	0.1476	Unbound	Unbound	5,6,7,39,54,56,71,74,75	MG,GNP	None	None	None	None	None	None	None	None	None	None	GNP	MG	None	None	None	None	STP	XRAY	1.940	0.180	MGSSHHHHHHSSGLVPRGSHMTEYKLVVVGADGVGKSALTIQLIQNHFVDEYDPTIEDSYRKQVVIDGETCLLDILDTAGQEEYSAMRDQYMRTGEGFLCVFAINNTKSFEDIHHYREQIKRVKDSEDVPMVLVGNKCDLPSRTVDTKQAQDLARSYGIPFIETSAKTRQGVDDAFYTLVREIRKHKEK	True	63.423	63.491	81.991	91.51	112.63	115.44	/Users/mitchellparker/Desktop/rascore_build/core/5usjE_core.cif	/Users/mitchellparker/Desktop/rascore_build/rcsb/5usj.cif.gz	/Users/mitchellparker/Desktop/rascore_build/renum/5usj_renum.cif	/Users/mitchellparker/Desktop/rascore_build/rcsb_assembly/5usj-assembly-6.cif.gz	/Users/mitchellparker/Desktop/rascore_build/renum_assembly/5usj-assembly-6_renum.cif	/Users/mitchellparker/Desktop/rascore_build/sifts/5usj.xml.gz	/Users/mitchellparker/Desktop/rascore_build/pocket/5usjE_5_pocket.pdb
5usjF	5usj	0	F	Outlier	Outlier	Disordered	Y71in	P 1 (CF3)	5usjF2	2	GTPase KRas	RASK_HUMAN	P01116-2	G12D	G12	KRAS	3P	G12D	None	None	None	None	Multiple-Unbound	P 1	189	1-166	2017-02-13	SP2	193.1253	0.0009	Unbound	Unbound	11,60,68,92,95,96	MG,GNP	None	None	None	None	None	None	None	None	None	None	GNP	MG	None	None	None	None	STP	XRAY	1.940	0.180	MGSSHHHHHHSSGLVPRGSHMTEYKLVVVGADGVGKSALTIQLIQNHFVDEYDPTIEDSYRKQVVIDGETCLLDILDTAGQEEYSAMRDQYMRTGEGFLCVFAINNTKSFEDIHHYREQIKRVKDSEDVPMVLVGNKCDLPSRTVDTKQAQDLARSYGIPFIETSAKTRQGVDDAFYTLVREIRKHKEK	True	63.423	63.491	81.991	91.51	112.63	115.44	/Users/mitchellparker/Desktop/rascore_build/core/5usjF_core.cif	/Users/mitchellparker/Desktop/rascore_build/rcsb/5usj.cif.gz	/Users/mitchellparker/Desktop/rascore_build/renum/5usj_renum.cif	/Users/mitchellparker/Desktop/rascore_build/rcsb_assembly/5usj-assembly-6.cif.gz	/Users/mitchellparker/Desktop/rascore_build/renum_assembly/5usj-assembly-6_renum.cif	/Users/mitchellparker/Desktop/rascore_build/sifts/5usj.xml.gz	/Users/mitchellparker/Desktop/rascore_build/pocket/5usjF_2_pocket.pdb
5usjF	5usj	0	F	Outlier	Outlier	Disordered	Y71in	P 1 (CF3)	5usjF3	3	GTPase KRas	RASK_HUMAN	P01116-2	G12D	G12	KRAS	3P	G12D	None	None	None	None	Multiple-Unbound	P 1	189	1-166	2017-02-13	SP12	170.1973	0.0203	Unbound	Unbound	5,6,7,39,54,56,71,74,75	MG,GNP	None	None	None	None	None	None	None	None	None	None	GNP	MG	None	None	None	None	STP	XRAY	1.940	0.180	MGSSHHHHHHSSGLVPRGSHMTEYKLVVVGADGVGKSALTIQLIQNHFVDEYDPTIEDSYRKQVVIDGETCLLDILDTAGQEEYSAMRDQYMRTGEGFLCVFAINNTKSFEDIHHYREQIKRVKDSEDVPMVLVGNKCDLPSRTVDTKQAQDLARSYGIPFIETSAKTRQGVDDAFYTLVREIRKHKEK	True	63.423	63.491	81.991	91.51	112.63	115.44	/Users/mitchellparker/Desktop/rascore_build/core/5usjF_core.cif	/Users/mitchellparker/Desktop/rascore_build/rcsb/5usj.cif.gz	/Users/mitchellparker/Desktop/rascore_build/renum/5usj_renum.cif	/Users/mitchellparker/Desktop/rascore_build/rcsb_assembly/5usj-assembly-6.cif.gz	/Users/mitchellparker/Desktop/rascore_build/renum_assembly/5usj-assembly-6_renum.cif	/Users/mitchellparker/Desktop/rascore_build/sifts/5usj.xml.gz	/Users/mitchellparker/Desktop/rascore_build/pocket/5usjF_3_pocket.pdb
5usjF	5usj	0	F	Outlier	Outlier	Disordered	Y71in	P 1 (CF3)	5usjF4	4	GTPase KRas	RASK_HUMAN	P01116-2	G12D	G12	KRAS	3P	G12D	None	None	None	None	Multiple-Unbound	P 1	189	1-166	2017-02-13	Other	189.4277	0.0002	Unbound	Unbound	97,108,109,110,111,137,138,139,162,165,166	MG,GNP	None	None	None	None	None	None	None	None	None	None	GNP	MG	None	None	None	None	STP	XRAY	1.940	0.180	MGSSHHHHHHSSGLVPRGSHMTEYKLVVVGADGVGKSALTIQLIQNHFVDEYDPTIEDSYRKQVVIDGETCLLDILDTAGQEEYSAMRDQYMRTGEGFLCVFAINNTKSFEDIHHYREQIKRVKDSEDVPMVLVGNKCDLPSRTVDTKQAQDLARSYGIPFIETSAKTRQGVDDAFYTLVREIRKHKEK	True	63.423	63.491	81.991	91.51	112.63	115.44	/Users/mitchellparker/Desktop/rascore_build/core/5usjF_core.cif	/Users/mitchellparker/Desktop/rascore_build/rcsb/5usj.cif.gz	/Users/mitchellparker/Desktop/rascore_build/renum/5usj_renum.cif	/Users/mitchellparker/Desktop/rascore_build/rcsb_assembly/5usj-assembly-6.cif.gz	/Users/mitchellparker/Desktop/rascore_build/renum_assembly/5usj-assembly-6_renum.cif	/Users/mitchellparker/Desktop/rascore_build/sifts/5usj.xml.gz	/Users/mitchellparker/Desktop/rascore_build/pocket/5usjF_4_pocket.pdb
5usjF	5usj	0	F	Outlier	Outlier	Disordered	Y71in	P 1 (CF3)	5usjF5	5	GTPase KRas	RASK_HUMAN	P01116-2	G12D	G12	KRAS	3P	G12D	None	None	None	None	Multiple-Unbound	P 1	189	1-166	2017-02-13	Other	226.7491	0.0036	Unbound	Unbound	47,158,161,162,164,165	MG,GNP	None	None	None	None	None	None	None	None	None	None	GNP	MG	None	None	None	None	STP	XRAY	1.940	0.180	MGSSHHHHHHSSGLVPRGSHMTEYKLVVVGADGVGKSALTIQLIQNHFVDEYDPTIEDSYRKQVVIDGETCLLDILDTAGQEEYSAMRDQYMRTGEGFLCVFAINNTKSFEDIHHYREQIKRVKDSEDVPMVLVGNKCDLPSRTVDTKQAQDLARSYGIPFIETSAKTRQGVDDAFYTLVREIRKHKEK	True	63.423	63.491	81.991	91.51	112.63	115.44	/Users/mitchellparker/Desktop/rascore_build/core/5usjF_core.cif	/Users/mitchellparker/Desktop/rascore_build/rcsb/5usj.cif.gz	/Users/mitchellparker/Desktop/rascore_build/renum/5usj_renum.cif	/Users/mitchellparker/Desktop/rascore_build/rcsb_assembly/5usj-assembly-6.cif.gz	/Users/mitchellparker/Desktop/rascore_build/renum_assembly/5usj-assembly-6_renum.cif	/Users/mitchellparker/Desktop/rascore_build/sifts/5usj.xml.gz	/Users/mitchellparker/Desktop/rascore_build/pocket/5usjF_5_pocket.pdb
5v6sA	5v6s	0	A	Y32out.2P-OFF	Outlier	Y32out	Y71out	P 65 2 2 (CF2)	5v6sA1	1	GTPase KRas	RASK_HUMAN	P01116-2	G12C,C51S,C80L,C118S	G12,C51,C80,C118	KRAS	2P	G12C	SP2	SP2.Acrylamide	None	None	SP2-Bound	P 65 2 2	170	1-169	2017-03-17	SP2	758.2012	0.8949	Bound	SP2	9,10,12,16,34,58,59,60,61,62,63,64,68,69,72,92,95,96,99,100,102,103	GDP,MG,8YD	None	8YD:103,72,96,99,59,34,12,60,58,68,64,63,69,102,95,62,16,10,61	None	None	SP2	SP2.Acrylamide	8YD:CCC(=O)N1CCN(c2ncnc3c(F)c(-c4c(C)ccc5[nH]ncc45)c(Cl)cc23)CC1	None	None	None	GDP	MG	8YD	None	None	None	8YD	XRAY	1.700	0.174	GMTEYKLVVVGACGVGKSALTIQLIQNHFVDEYDPTIEDSYRKQVVIDGETSLLDILDTAGQEEYSAMRDQYMRTGEGFLLVFAINNTKSFEDIHHYREQIKRVKDSEDVPMVLVGNKSDLPSRTVDTKQAQDLARSYGIPFIETSAKTRQGVDDAFYTLVREIRKHKEK	True	41.070	41.070	349.446	90.000	90.000	120.000	/Users/mitchellparker/Desktop/rascore_build/core/5v6sA_core.cif	/Users/mitchellparker/Desktop/rascore_build/rcsb/5v6s.cif.gz	/Users/mitchellparker/Desktop/rascore_build/renum/5v6s_renum.cif	/Users/mitchellparker/Desktop/rascore_build/rcsb_assembly/5v6s-assembly-1.cif.gz	/Users/mitchellparker/Desktop/rascore_build/renum_assembly/5v6s-assembly-1_renum.cif	/Users/mitchellparker/Desktop/rascore_build/sifts/5v6s.xml.gz	/Users/mitchellparker/Desktop/rascore_build/pocket/5v6sA_1_pocket.pdb
5v6vA	5v6v	0	A	Y32out.2P-OFF	Outlier	Y32out	Y71out	P 1 (CF1)	5v6vA1	1	GTPase KRas	RASK_HUMAN	P01116-2	G12C,C51S,C80L,C118S	G12,C51,C80,C118	KRAS	2P	G12C	SP2	SP2.Acrylamide	None	None	SP2-Bound	P 1	170	2-167	2017-03-17	SP2	946.6349	0.7745	Bound	SP2	9,10,12,16,34,58,59,60,61,62,63,64,65,68,69,72,95,96,99,100,102,103	GDP,CA,CA,8YA	None	8YA:103,69,99,100,12,60,95,64,96,68,63,102,72,58,59,11	None	None	SP2	SP2.Acrylamide	8YA:Cc1ccc2[nH]ncc2c1-c1c(Cl)cc2c(N3CCN(C(=O)CCN)CC3)ncnc2c1F	None	None	None	GDP	None	8YA	CA	None	None	8YA	XRAY	1.720	0.170	GMTEYKLVVVGACGVGKSALTIQLIQNHFVDEYDPTIEDSYRKQVVIDGETSLLDILDTAGQEEYSAMRDQYMRTGEGFLLVFAINNTKSFEDIHHYREQIKRVKDSEDVPMVLVGNKSDLPSRTVDTKQAQDLARSYGIPFIETSAKTRQGVDDAFYTLVREIRKHKEK	True	33.230	39.170	62.340	77.340	81.440	76.860	/Users/mitchellparker/Desktop/rascore_build/core/5v6vA_core.cif	/Users/mitchellparker/Desktop/rascore_build/rcsb/5v6v.cif.gz	/Users/mitchellparker/Desktop/rascore_build/renum/5v6v_renum.cif	/Users/mitchellparker/Desktop/rascore_build/rcsb_assembly/5v6v-assembly-1.cif.gz	/Users/mitchellparker/Desktop/rascore_build/renum_assembly/5v6v-assembly-1_renum.cif	/Users/mitchellparker/Desktop/rascore_build/sifts/5v6v.xml.gz	/Users/mitchellparker/Desktop/rascore_build/pocket/5v6vA_1_pocket.pdb
5v6vB	5v6v	0	B	Y32out.2P-OFF	Y71out.2P-SP2-A	Y32out	Y71out	P 1 (CF1)	5v6vB1	1	GTPase KRas	RASK_HUMAN	P01116-2	G12C,C51S,C80L,C118S	G12,C51,C80,C118	KRAS	2P	G12C	SP2	SP2.Acrylamide	None	None	SP2-Bound	P 1	170	2-168	2017-03-17	SP2	763.6795	0.9705	Bound	SP2	9,10,12,16,34,58,59,60,61,62,63,64,68,69,72,95,96,99,100,102,103	CA,GDP,CA,CA,CA,GOL,8YA	None	8YA:103,72,99,96,10,12,95,64,68,69,102,100,58,59,60,62,11,61	None	None	SP2	SP2.Acrylamide	8YA:Cc1ccc2[nH]ncc2c1-c1c(Cl)cc2c(N3CCN(C(=O)CCN)CC3)ncnc2c1F	None	None	None	GDP	None	8YA	CA,GOL	None	None	8YA	XRAY	1.720	0.170	GMTEYKLVVVGACGVGKSALTIQLIQNHFVDEYDPTIEDSYRKQVVIDGETSLLDILDTAGQEEYSAMRDQYMRTGEGFLLVFAINNTKSFEDIHHYREQIKRVKDSEDVPMVLVGNKSDLPSRTVDTKQAQDLARSYGIPFIETSAKTRQGVDDAFYTLVREIRKHKEK	True	33.230	39.170	62.340	77.340	81.440	76.860	/Users/mitchellparker/Desktop/rascore_build/core/5v6vB_core.cif	/Users/mitchellparker/Desktop/rascore_build/rcsb/5v6v.cif.gz	/Users/mitchellparker/Desktop/rascore_build/renum/5v6v_renum.cif	/Users/mitchellparker/Desktop/rascore_build/rcsb_assembly/5v6v-assembly-1.cif.gz	/Users/mitchellparker/Desktop/rascore_build/renum_assembly/5v6v-assembly-1_renum.cif	/Users/mitchellparker/Desktop/rascore_build/sifts/5v6v.xml.gz	/Users/mitchellparker/Desktop/rascore_build/pocket/5v6vB_1_pocket.pdb
5v71A	5v71	0	A	Y32out.2P-OFF	Outlier	Y32out	Y71out	P 3 (CF3)	5v71A1	1	GTPase KRas	RASK_HUMAN	P01116-2	G12C	G12	KRAS	2P	G12C	SP2	SP2.Acrylamide	None	None	SP2-Bound	P 3	169	1-167	2017-03-17	SP2	278.7621	0.4904	Bound	SP2	9,58,68,72,78,95,96,99,100,103	GDP,MG,8ZG	None	8ZG:72,103,99,96,59,10,16,12,34,60,95,100,9,58,68	None	None	SP2	SP2.Acrylamide	8ZG:CCC(=O)N1CCN(c2ncnc3cc(-c4ccccc4F)c(Cl)cc23)CC1	None	None	None	GDP	MG	8ZG	None	None	None	8ZG	XRAY	2.228	0.172	GMTEYKLVVVGACGVGKSALTIQLIQNHFVDEYDPTIEDSYRKQVVIDGETCLLDILDTAGQEEYSAMRDQYMRTGEGFLCVFAINNTKSFEDIHHYREQIKRVKDSEDVPMVLVGNKCDLPSRTVDTKQAQDLARSYGIPFIETSAKTRQGVDDAFYTLVREIRKHKE	True	84.933	84.933	130.785	90.000	90.000	120.000	/Users/mitchellparker/Desktop/rascore_build/core/5v71A_core.cif	/Users/mitchellparker/Desktop/rascore_build/rcsb/5v71.cif.gz	/Users/mitchellparker/Desktop/rascore_build/renum/5v71_renum.cif	/Users/mitchellparker/Desktop/rascore_build/rcsb_assembly/5v71-assembly-1.cif.gz	/Users/mitchellparker/Desktop/rascore_build/renum_assembly/5v71-assembly-1_renum.cif	/Users/mitchellparker/Desktop/rascore_build/sifts/5v71.xml.gz	/Users/mitchellparker/Desktop/rascore_build/pocket/5v71A_1_pocket.pdb
5v71A	5v71	0	A	Y32out.2P-OFF	Outlier	Y32out	Y71out	P 3 (CF3)	5v71A2	2	GTPase KRas	RASK_HUMAN	P01116-2	G12C	G12	KRAS	2P	G12C	SP2	SP2.Acrylamide	None	None	SP2-Bound	P 3	169	1-167	2017-03-17	SP2	185.3901	0.0012	Bound	SP2	10,12,16,34,58,59,60,68,96	GDP,MG,8ZG	None	8ZG:72,103,99,96,59,10,16,12,34,60,95,100,9,58,68	None	None	SP2	SP2.Acrylamide	8ZG:CCC(=O)N1CCN(c2ncnc3cc(-c4ccccc4F)c(Cl)cc23)CC1	None	None	None	GDP	MG	8ZG	None	None	None	8ZG	XRAY	2.228	0.172	GMTEYKLVVVGACGVGKSALTIQLIQNHFVDEYDPTIEDSYRKQVVIDGETCLLDILDTAGQEEYSAMRDQYMRTGEGFLCVFAINNTKSFEDIHHYREQIKRVKDSEDVPMVLVGNKCDLPSRTVDTKQAQDLARSYGIPFIETSAKTRQGVDDAFYTLVREIRKHKE	True	84.933	84.933	130.785	90.000	90.000	120.000	/Users/mitchellparker/Desktop/rascore_build/core/5v71A_core.cif	/Users/mitchellparker/Desktop/rascore_build/rcsb/5v71.cif.gz	/Users/mitchellparker/Desktop/rascore_build/renum/5v71_renum.cif	/Users/mitchellparker/Desktop/rascore_build/rcsb_assembly/5v71-assembly-1.cif.gz	/Users/mitchellparker/Desktop/rascore_build/renum_assembly/5v71-assembly-1_renum.cif	/Users/mitchellparker/Desktop/rascore_build/sifts/5v71.xml.gz	/Users/mitchellparker/Desktop/rascore_build/pocket/5v71A_2_pocket.pdb
5v71B	5v71	0	B	Y32out.2P-OFF	Y71out.2P-SP2-B	Y32out	Y71out	P 3 (CF3)	5v71B1	1	GTPase KRas	RASK_HUMAN	P01116-2	G12C	G12	KRAS	2P	G12C	SP2	SP2.Acrylamide	None	None	SP2-Bound	P 3	169	1-167	2017-03-17	SP2	577.5688	0.9360	Bound	SP2	9,10,12,16,58,59,60,61,68,72,78,95,96,99,100,103	GDP,MG,8ZG	None	8ZG:99,103,72,96,60,59,12,34,16,10,95,9,58	None	None	SP2	SP2.Acrylamide	8ZG:CCC(=O)N1CCN(c2ncnc3cc(-c4ccccc4F)c(Cl)cc23)CC1	None	None	None	GDP	MG	8ZG	None	None	None	8ZG	XRAY	2.228	0.172	GMTEYKLVVVGACGVGKSALTIQLIQNHFVDEYDPTIEDSYRKQVVIDGETCLLDILDTAGQEEYSAMRDQYMRTGEGFLCVFAINNTKSFEDIHHYREQIKRVKDSEDVPMVLVGNKCDLPSRTVDTKQAQDLARSYGIPFIETSAKTRQGVDDAFYTLVREIRKHKE	True	84.933	84.933	130.785	90.000	90.000	120.000	/Users/mitchellparker/Desktop/rascore_build/core/5v71B_core.cif	/Users/mitchellparker/Desktop/rascore_build/rcsb/5v71.cif.gz	/Users/mitchellparker/Desktop/rascore_build/renum/5v71_renum.cif	/Users/mitchellparker/Desktop/rascore_build/rcsb_assembly/5v71-assembly-1.cif.gz	/Users/mitchellparker/Desktop/rascore_build/renum_assembly/5v71-assembly-1_renum.cif	/Users/mitchellparker/Desktop/rascore_build/sifts/5v71.xml.gz	/Users/mitchellparker/Desktop/rascore_build/pocket/5v71B_1_pocket.pdb
5v71C	5v71	0	C	Y32out.2P-OFF	Y71out.2P-SP2-B	Y32out	Y71out	P 3 (CF3)	5v71C1	1	GTPase KRas	RASK_HUMAN	P01116-2	G12C	G12	KRAS	2P	G12C	SP2	SP2.Acrylamide	None	None	SP2-Bound	P 3	169	1-167	2017-03-17	SP2	536.8019	0.8886	Bound	SP2	9,10,12,16,34,58,59,60,68,72,78,95,96,99,100,103	GDP,MG,8ZG	None	8ZG:72,103,99,68,96,60,59,16,10,12,34,95,9,58	None	None	SP2	SP2.Acrylamide	8ZG:CCC(=O)N1CCN(c2ncnc3cc(-c4ccccc4F)c(Cl)cc23)CC1	None	None	None	GDP	MG	8ZG	None	None	None	8ZG	XRAY	2.228	0.172	GMTEYKLVVVGACGVGKSALTIQLIQNHFVDEYDPTIEDSYRKQVVIDGETCLLDILDTAGQEEYSAMRDQYMRTGEGFLCVFAINNTKSFEDIHHYREQIKRVKDSEDVPMVLVGNKCDLPSRTVDTKQAQDLARSYGIPFIETSAKTRQGVDDAFYTLVREIRKHKE	True	84.933	84.933	130.785	90.000	90.000	120.000	/Users/mitchellparker/Desktop/rascore_build/core/5v71C_core.cif	/Users/mitchellparker/Desktop/rascore_build/rcsb/5v71.cif.gz	/Users/mitchellparker/Desktop/rascore_build/renum/5v71_renum.cif	/Users/mitchellparker/Desktop/rascore_build/rcsb_assembly/5v71-assembly-1.cif.gz	/Users/mitchellparker/Desktop/rascore_build/renum_assembly/5v71-assembly-1_renum.cif	/Users/mitchellparker/Desktop/rascore_build/sifts/5v71.xml.gz	/Users/mitchellparker/Desktop/rascore_build/pocket/5v71C_1_pocket.pdb
5v71D	5v71	0	D	Y32out.2P-OFF	Outlier	Y32out	Y71out	P 3 (CF3)	5v71D1	1	GTPase KRas	RASK_HUMAN	P01116-2	G12C	G12	KRAS	2P	G12C	SP2	SP2.Acrylamide	None	None	SP2-Bound	P 3	169	1-167	2017-03-17	SP2	447.3248	0.9393	Bound	SP2	9,10,12,16,34,58,59,60,68,72,78,95,96,99,100,103	GDP,MG,8ZG	None	8ZG:99,103,72,96,59,10,34,12,16,60,95,100,9,68,58	None	None	SP2	SP2.Acrylamide	8ZG:CCC(=O)N1CCN(c2ncnc3cc(-c4ccccc4F)c(Cl)cc23)CC1	None	None	None	GDP	MG	8ZG	None	None	None	8ZG	XRAY	2.228	0.172	GMTEYKLVVVGACGVGKSALTIQLIQNHFVDEYDPTIEDSYRKQVVIDGETCLLDILDTAGQEEYSAMRDQYMRTGEGFLCVFAINNTKSFEDIHHYREQIKRVKDSEDVPMVLVGNKCDLPSRTVDTKQAQDLARSYGIPFIETSAKTRQGVDDAFYTLVREIRKHKE	True	84.933	84.933	130.785	90.000	90.000	120.000	/Users/mitchellparker/Desktop/rascore_build/core/5v71D_core.cif	/Users/mitchellparker/Desktop/rascore_build/rcsb/5v71.cif.gz	/Users/mitchellparker/Desktop/rascore_build/renum/5v71_renum.cif	/Users/mitchellparker/Desktop/rascore_build/rcsb_assembly/5v71-assembly-1.cif.gz	/Users/mitchellparker/Desktop/rascore_build/renum_assembly/5v71-assembly-1_renum.cif	/Users/mitchellparker/Desktop/rascore_build/sifts/5v71.xml.gz	/Users/mitchellparker/Desktop/rascore_build/pocket/5v71D_1_pocket.pdb
5v71E	5v71	0	E	Y32out.2P-OFF	Y71out.2P-SP2-B	Y32out	Y71out	P 3 (CF3)	5v71E1	1	GTPase KRas	RASK_HUMAN	P01116-2	G12C	G12	KRAS	2P	G12C	SP2	SP2.Acrylamide	None	None	SP2-Bound	P 3	169	1-167	2017-03-17	SP2	586.7474	0.9064	Bound	SP2	9,10,12,16,34,58,59,60,68,72,78,95,96,99,100,103	GDP,MG,8ZG	None	8ZG:68,103,72,96,60,59,10,16,12,34,95,99,9,58	None	None	SP2	SP2.Acrylamide	8ZG:CCC(=O)N1CCN(c2ncnc3cc(-c4ccccc4F)c(Cl)cc23)CC1	None	None	None	GDP	MG	8ZG	None	None	None	8ZG	XRAY	2.228	0.172	GMTEYKLVVVGACGVGKSALTIQLIQNHFVDEYDPTIEDSYRKQVVIDGETCLLDILDTAGQEEYSAMRDQYMRTGEGFLCVFAINNTKSFEDIHHYREQIKRVKDSEDVPMVLVGNKCDLPSRTVDTKQAQDLARSYGIPFIETSAKTRQGVDDAFYTLVREIRKHKE	True	84.933	84.933	130.785	90.000	90.000	120.000	/Users/mitchellparker/Desktop/rascore_build/core/5v71E_core.cif	/Users/mitchellparker/Desktop/rascore_build/rcsb/5v71.cif.gz	/Users/mitchellparker/Desktop/rascore_build/renum/5v71_renum.cif	/Users/mitchellparker/Desktop/rascore_build/rcsb_assembly/5v71-assembly-1.cif.gz	/Users/mitchellparker/Desktop/rascore_build/renum_assembly/5v71-assembly-1_renum.cif	/Users/mitchellparker/Desktop/rascore_build/sifts/5v71.xml.gz	/Users/mitchellparker/Desktop/rascore_build/pocket/5v71E_1_pocket.pdb
5v71F	5v71	0	F	Y32out.2P-OFF	Y71out.2P-SP2-B	Y32out	Y71out	P 3 (CF3)	5v71F1	1	GTPase KRas	RASK_HUMAN	P01116-2	G12C	G12	KRAS	2P	G12C	SP2	SP2.Acrylamide	None	None	SP2-Bound	P 3	169	1-167	2017-03-17	SP2	682.7042	0.9274	Bound	SP2	9,10,12,16,34,58,59,60,61,68,69,72,78,95,96,99,100,103	GDP,MG,8ZG	None	8ZG:72,99,60,96,12,59,34,16,10,95,9,58,68,61	None	None	SP2	SP2.Acrylamide	8ZG:CCC(=O)N1CCN(c2ncnc3cc(-c4ccccc4F)c(Cl)cc23)CC1	None	None	None	GDP	MG	8ZG	None	None	None	8ZG	XRAY	2.228	0.172	GMTEYKLVVVGACGVGKSALTIQLIQNHFVDEYDPTIEDSYRKQVVIDGETCLLDILDTAGQEEYSAMRDQYMRTGEGFLCVFAINNTKSFEDIHHYREQIKRVKDSEDVPMVLVGNKCDLPSRTVDTKQAQDLARSYGIPFIETSAKTRQGVDDAFYTLVREIRKHKE	True	84.933	84.933	130.785	90.000	90.000	120.000	/Users/mitchellparker/Desktop/rascore_build/core/5v71F_core.cif	/Users/mitchellparker/Desktop/rascore_build/rcsb/5v71.cif.gz	/Users/mitchellparker/Desktop/rascore_build/renum/5v71_renum.cif	/Users/mitchellparker/Desktop/rascore_build/rcsb_assembly/5v71-assembly-1.cif.gz	/Users/mitchellparker/Desktop/rascore_build/renum_assembly/5v71-assembly-1_renum.cif	/Users/mitchellparker/Desktop/rascore_build/sifts/5v71.xml.gz	/Users/mitchellparker/Desktop/rascore_build/pocket/5v71F_1_pocket.pdb
5v9lA	5v9l	0	A	Y32out.2P-OFF	Y71out.2P-SP2-B	Y32out	Y71out	P 63 (CF4)	5v9lA1	1	GTPase KRas	RASK_HUMAN	P01116-2	G12C	G12	KRAS	2P	G12C	SP2	SP2.Acrylamide	None	None	SP2-Bound	P 63	169	1-167	2017-03-23	SP2	533.0751	0.9364	Bound	SP2	9,10,12,16,34,58,59,60,68,72,95,96,99,100,103	GDP,MG,91D	None	91D:96,60,10,59,12,16,95,9,72,99,103,34,68,58	None	None	SP2	SP2.Acrylamide	91D:CCC(=O)N1CCN(c2nc(NCCC(=O)N(C)C)nc3cc(-c4ccccc4F)c(Cl)cc23)CC1	None	None	None	GDP	MG	91D	None	None	None	91D	XRAY	1.981	0.174	GMTEYKLVVVGACGVGKSALTIQLIQNHFVDEYDPTIEDSYRKQVVIDGETCLLDILDTAGQEEYSAMRDQYMRTGEGFLCVFAINNTKSFEDIHHYREQIKRVKDSEDVPMVLVGNKCDLPSRTVDTKQAQDLARSYGIPFIETSAKTRQGVDDAFYTLVREIRKHKE	True	85.062	85.062	130.542	90.000	90.000	120.000	/Users/mitchellparker/Desktop/rascore_build/core/5v9lA_core.cif	/Users/mitchellparker/Desktop/rascore_build/rcsb/5v9l.cif.gz	/Users/mitchellparker/Desktop/rascore_build/renum/5v9l_renum.cif	/Users/mitchellparker/Desktop/rascore_build/rcsb_assembly/5v9l-assembly-2.cif.gz	/Users/mitchellparker/Desktop/rascore_build/renum_assembly/5v9l-assembly-2_renum.cif	/Users/mitchellparker/Desktop/rascore_build/sifts/5v9l.xml.gz	/Users/mitchellparker/Desktop/rascore_build/pocket/5v9lA_1_pocket.pdb
5v9lB	5v9l	0	B	Y32out.2P-OFF	Outlier	Y32out	Y71out	P 63 (CF4)	5v9lB1	1	GTPase KRas	RASK_HUMAN	P01116-2	G12C	G12	KRAS	2P	G12C	SP2	SP2.Acrylamide	None	None	SP2-Bound	P 63	169	1-167	2017-03-23	SP2	547.3989	0.9348	Bound	SP2	9,10,12,16,34,58,59,60,68,72,78,95,96,99,100,103	GDP,MG,91D	None	91D:96,59,10,12,60,95,9,100,99,72,103,34,16,92,58,68	None	None	SP2	SP2.Acrylamide	91D:CCC(=O)N1CCN(c2nc(NCCC(=O)N(C)C)nc3cc(-c4ccccc4F)c(Cl)cc23)CC1	None	None	None	GDP	MG	91D	None	None	None	91D	XRAY	1.981	0.174	GMTEYKLVVVGACGVGKSALTIQLIQNHFVDEYDPTIEDSYRKQVVIDGETCLLDILDTAGQEEYSAMRDQYMRTGEGFLCVFAINNTKSFEDIHHYREQIKRVKDSEDVPMVLVGNKCDLPSRTVDTKQAQDLARSYGIPFIETSAKTRQGVDDAFYTLVREIRKHKE	True	85.062	85.062	130.542	90.000	90.000	120.000	/Users/mitchellparker/Desktop/rascore_build/core/5v9lB_core.cif	/Users/mitchellparker/Desktop/rascore_build/rcsb/5v9l.cif.gz	/Users/mitchellparker/Desktop/rascore_build/renum/5v9l_renum.cif	/Users/mitchellparker/Desktop/rascore_build/rcsb_assembly/5v9l-assembly-2.cif.gz	/Users/mitchellparker/Desktop/rascore_build/renum_assembly/5v9l-assembly-2_renum.cif	/Users/mitchellparker/Desktop/rascore_build/sifts/5v9l.xml.gz	/Users/mitchellparker/Desktop/rascore_build/pocket/5v9lB_1_pocket.pdb
5v9lC	5v9l	0	C	Y32out.2P-OFF	Y71out.2P-SP2-B	Y32out	Y71out	P 63 (CF4)	5v9lC1	1	GTPase KRas	RASK_HUMAN	P01116-2	G12C	G12	KRAS	2P	G12C	SP2	SP2.Acrylamide	None	None	SP2-Bound	P 63	169	1-167	2017-03-23	SP2	616.7213	0.9253	Bound	SP2	9,10,12,16,34,58,59,60,61,68,69,72,78,95,96,99,100,103	GDP,MG,91D	None	91D:96,60,16,59,10,12,95,9,99,72,103,34,92,58	None	None	SP2	SP2.Acrylamide	91D:CCC(=O)N1CCN(c2nc(NCCC(=O)N(C)C)nc3cc(-c4ccccc4F)c(Cl)cc23)CC1	None	None	None	GDP	MG	91D	None	None	None	91D	XRAY	1.981	0.174	GMTEYKLVVVGACGVGKSALTIQLIQNHFVDEYDPTIEDSYRKQVVIDGETCLLDILDTAGQEEYSAMRDQYMRTGEGFLCVFAINNTKSFEDIHHYREQIKRVKDSEDVPMVLVGNKCDLPSRTVDTKQAQDLARSYGIPFIETSAKTRQGVDDAFYTLVREIRKHKE	True	85.062	85.062	130.542	90.000	90.000	120.000	/Users/mitchellparker/Desktop/rascore_build/core/5v9lC_core.cif	/Users/mitchellparker/Desktop/rascore_build/rcsb/5v9l.cif.gz	/Users/mitchellparker/Desktop/rascore_build/renum/5v9l_renum.cif	/Users/mitchellparker/Desktop/rascore_build/rcsb_assembly/5v9l-assembly-2.cif.gz	/Users/mitchellparker/Desktop/rascore_build/renum_assembly/5v9l-assembly-2_renum.cif	/Users/mitchellparker/Desktop/rascore_build/sifts/5v9l.xml.gz	/Users/mitchellparker/Desktop/rascore_build/pocket/5v9lC_1_pocket.pdb
5v9oA	5v9o	0	A	Y32out.2P-OFF	Outlier	Y32out	Y71out	P 2 3 (CF1)	5v9oA1	1	GTPase KRas	RASK_HUMAN	P01116-2	G12C	G12	KRAS	2P	G12C	SP2	SP2.Acrylamide	None	None	SP2-Bound	P 2 3	169	1-167	2017-03-23	SP2	615.8196	0.9683	Bound	SP2	9,10,12,16,34,58,59,60,61,62,63,68,69,72,78,96,99,100,102,103	GDP,MG,91G	None	91G:61,96,60,10,34,12,92,58,68,72,63,62,59,16,95,69,64,102,99,100,9	None	None	SP2	SP2.Acrylamide	91G:CCC(=O)N1CCN(c2nc(NCCC(=O)N(C)C)nc3cc(-c4cc(O)cc5ccccc45)c(Cl)cc23)CC1	None	None	None	GDP	MG	91G	None	None	None	91G	XRAY	1.560	0.181	GMTEYKLVVVGACGVGKSALTIQLIQNHFVDEYDPTIEDSYRKQVVIDGETCLLDILDTAGQEEYSAMRDQYMRTGEGFLCVFAINNTKSFEDIHHYREQIKRVKDSEDVPMVLVGNKCDLPSRTVDTKQAQDLARSYGIPFIETSAKTRQGVDDAFYTLVREIRKHKE	True	90.159	90.159	90.159	90.000	90.000	90.000	/Users/mitchellparker/Desktop/rascore_build/core/5v9oA_core.cif	/Users/mitchellparker/Desktop/rascore_build/rcsb/5v9o.cif.gz	/Users/mitchellparker/Desktop/rascore_build/renum/5v9o_renum.cif	/Users/mitchellparker/Desktop/rascore_build/rcsb_assembly/5v9o-assembly-1.cif.gz	/Users/mitchellparker/Desktop/rascore_build/renum_assembly/5v9o-assembly-1_renum.cif	/Users/mitchellparker/Desktop/rascore_build/sifts/5v9o.xml.gz	/Users/mitchellparker/Desktop/rascore_build/pocket/5v9oA_1_pocket.pdb
5v9uA	5v9u	0	A	Y32out.2P-OFF	Y71out.2P-SP2-A	Y32out	Y71out	P 1 (CF1)	5v9uA1	1	GTPase KRas	RASK_HUMAN	P01116-2	G12C,C51S,C80L,C118S	G12,C51,C80,C118	KRAS	2P	G12C	SP2	SP2.Acrylamide	None	None	SP2-Bound	P 1	170	1-169	2017-03-23	SP2	1227.4755	0.6253	Bound	SP2	9,10,11,12,16,34,58,59,60,61,62,63,64,65,68,69,72,86,88,89,92,95,96,99,100,102,103	CA,CA,CA,91S,GOL,GDP,CA	None	91S:12,59,16,34,60,96,10,61,62,95,68,72,99,9,100,103,102,69	None	None	SP2	SP2.Acrylamide	91S:CCC(=O)N1CCN(c2ncnc3c(F)c(-c4c(O)cccc4F)c(Cl)cc23)CC1	None	None	None	GDP	None	91S	CA,GOL	None	None	91S	XRAY	1.380	0.151	GMTEYKLVVVGACGVGKSALTIQLIQNHFVDEYDPTIEDSYRKQVVIDGETSLLDILDTAGQEEYSAMRDQYMRTGEGFLLVFAINNTKSFEDIHHYREQIKRVKDSEDVPMVLVGNKSDLPSRTVDTKQAQDLARSYGIPFIETSAKTRQGVDDAFYTLVREIRKHKEK	True	33.440	39.740	61.780	77.480	81.970	77.200	/Users/mitchellparker/Desktop/rascore_build/core/5v9uA_core.cif	/Users/mitchellparker/Desktop/rascore_build/rcsb/5v9u.cif.gz	/Users/mitchellparker/Desktop/rascore_build/renum/5v9u_renum.cif	/Users/mitchellparker/Desktop/rascore_build/rcsb_assembly/5v9u-assembly-1.cif.gz	/Users/mitchellparker/Desktop/rascore_build/renum_assembly/5v9u-assembly-1_renum.cif	/Users/mitchellparker/Desktop/rascore_build/sifts/5v9u.xml.gz	/Users/mitchellparker/Desktop/rascore_build/pocket/5v9uA_1_pocket.pdb
5v9uB	5v9u	0	B	Y32out.2P-OFF	Outlier	Y32out	Y71out	P 1 (CF1)	5v9uB1	1	GTPase KRas	RASK_HUMAN	P01116-2	G12C,C51S,C80L,C118S	G12,C51,C80,C118	KRAS	2P	G12C	SP2	SP2.Acrylamide	None	None	SP2-Bound	P 1	170	2-168	2017-03-23	SP2	992.9899	0.8354	Bound	SP2	9,10,11,12,16,34,58,59,60,61,62,63,64,65,68,69,72,88,92,95,96,99,100,102,103	GOL,CA,CA,91S,GOL,GOL,GDP	None	91S:59,16,12,60,34,10,96,61,62,95,68,72,99,9,100,103,102,69	None	None	SP2	SP2.Acrylamide	91S:CCC(=O)N1CCN(c2ncnc3c(F)c(-c4c(O)cccc4F)c(Cl)cc23)CC1	None	None	None	GDP	None	91S	CA,GOL	None	None	91S	XRAY	1.380	0.151	GMTEYKLVVVGACGVGKSALTIQLIQNHFVDEYDPTIEDSYRKQVVIDGETSLLDILDTAGQEEYSAMRDQYMRTGEGFLLVFAINNTKSFEDIHHYREQIKRVKDSEDVPMVLVGNKSDLPSRTVDTKQAQDLARSYGIPFIETSAKTRQGVDDAFYTLVREIRKHKEK	True	33.440	39.740	61.780	77.480	81.970	77.200	/Users/mitchellparker/Desktop/rascore_build/core/5v9uB_core.cif	/Users/mitchellparker/Desktop/rascore_build/rcsb/5v9u.cif.gz	/Users/mitchellparker/Desktop/rascore_build/renum/5v9u_renum.cif	/Users/mitchellparker/Desktop/rascore_build/rcsb_assembly/5v9u-assembly-1.cif.gz	/Users/mitchellparker/Desktop/rascore_build/renum_assembly/5v9u-assembly-1_renum.cif	/Users/mitchellparker/Desktop/rascore_build/sifts/5v9u.xml.gz	/Users/mitchellparker/Desktop/rascore_build/pocket/5v9uB_1_pocket.pdb
5vbmA	5vbm	0	A	Y32out.2P-OFF	Disordered	Y32out	Y71out	P 21 21 21 (CF12)	5vbmA1	1	GTPase KRas	RASK_HUMAN	P01116-2	C51S,M72C,C80L,C118S	C51,M72,C80,C118	KRAS	2P	Other	SP2	SP2.Unclassified	None	None	SP2-Bound	P 21 21 21	170	1-60:63-169	2017-03-29	SP2	294.4916	0.6993	Bound	SP2	9,58,68,72,78,95,96,99,100	MG,GDP,92V	None	92V:95,68,72,96,99,100,78	None	None	SP2	SP2.Unclassified	92V:COc1ccc(-n2ncc(C(=O)NCCCS)c2C(F)(F)F)cc1	None	None	None	GDP	MG	92V	None	None	None	92V	XRAY	1.490	0.173	GMTEYKLVVVGAGGVGKSALTIQLIQNHFVDEYDPTIEDSYRKQVVIDGETSLLDILDTAGQEEYSAMRDQYCRTGEGFLLVFAINNTKSFEDIHHYREQIKRVKDSEDVPMVLVGNKSDLPSRTVDTKQAQDLARSYGIPFIETSAKTRQGVDDAFYTLVREIRKHKEK	True	32.600	41.180	111.100	90.000	90.000	90.000	/Users/mitchellparker/Desktop/rascore_build/core/5vbmA_core.cif	/Users/mitchellparker/Desktop/rascore_build/rcsb/5vbm.cif.gz	/Users/mitchellparker/Desktop/rascore_build/renum/5vbm_renum.cif	/Users/mitchellparker/Desktop/rascore_build/rcsb_assembly/5vbm-assembly-1.cif.gz	/Users/mitchellparker/Desktop/rascore_build/renum_assembly/5vbm-assembly-1_renum.cif	/Users/mitchellparker/Desktop/rascore_build/sifts/5vbm.xml.gz	/Users/mitchellparker/Desktop/rascore_build/pocket/5vbmA_1_pocket.pdb
5vbzA	5vbz	0	A	Y32in.3P-ON	Disordered	Y32in	Disordered	P 21 21 21 (CF1)	5vbzA3	3	GTPase HRas	RASH_HUMAN	P01112	M72C	M72	HRAS	3P	Other	None	None	None	Homodimer	SP2-Unbound	P 21 21 21	171	1-60:72-166	2017-03-30	SP2	313.3621	0.5320	Unbound	Unbound	7,9,56,58,72,78,96,99,100,103	GNP,MG	None	None	None	None	None	None	None	None	None	None	GNP	MG	None	None	None	None	STP	XRAY	2.200	0.212	GAMGSMTEYKLVVVGAGGVGKSALTIQLIQNHFVDEYDPTIEDSYRKQVVIDGETCLLDILDTAGQEEYSAMRDQYCRTGEGFLCVFAINNTKSFEDIHQYREQIKRVKDSDDVPMVLVGNKCDLAARTVESRQAQDLARSYGIPYIETSAKTRQGVEDAFYTLVREIRQH	True	61.840	75.440	93.630	90.000	90.000	90.000	/Users/mitchellparker/Desktop/rascore_build/core/5vbzA_core.cif	/Users/mitchellparker/Desktop/rascore_build/rcsb/5vbz.cif.gz	/Users/mitchellparker/Desktop/rascore_build/renum/5vbz_renum.cif	/Users/mitchellparker/Desktop/rascore_build/rcsb_assembly/5vbz-assembly-1.cif.gz	/Users/mitchellparker/Desktop/rascore_build/renum_assembly/5vbz-assembly-1_renum.cif	/Users/mitchellparker/Desktop/rascore_build/sifts/5vbz.xml.gz	/Users/mitchellparker/Desktop/rascore_build/pocket/5vbzA_3_pocket.pdb
5vbzA	5vbz	0	A	Y32in.3P-ON	Disordered	Y32in	Disordered	P 21 21 21 (CF1)	5vbzA4	4	GTPase HRas	RASH_HUMAN	P01112	M72C	M72	HRAS	3P	Other	None	None	None	Homodimer	SP2-Unbound	P 21 21 21	171	1-60:72-166	2017-03-30	Other	424.6161	0.0288	Unbound	Unbound	2,3,4,76,104,106,108,109,110,163,166	GNP,MG	None	None	None	None	None	None	None	None	None	None	GNP	MG	None	None	None	None	STP	XRAY	2.200	0.212	GAMGSMTEYKLVVVGAGGVGKSALTIQLIQNHFVDEYDPTIEDSYRKQVVIDGETCLLDILDTAGQEEYSAMRDQYCRTGEGFLCVFAINNTKSFEDIHQYREQIKRVKDSDDVPMVLVGNKCDLAARTVESRQAQDLARSYGIPYIETSAKTRQGVEDAFYTLVREIRQH	True	61.840	75.440	93.630	90.000	90.000	90.000	/Users/mitchellparker/Desktop/rascore_build/core/5vbzA_core.cif	/Users/mitchellparker/Desktop/rascore_build/rcsb/5vbz.cif.gz	/Users/mitchellparker/Desktop/rascore_build/renum/5vbz_renum.cif	/Users/mitchellparker/Desktop/rascore_build/rcsb_assembly/5vbz-assembly-1.cif.gz	/Users/mitchellparker/Desktop/rascore_build/renum_assembly/5vbz-assembly-1_renum.cif	/Users/mitchellparker/Desktop/rascore_build/sifts/5vbz.xml.gz	/Users/mitchellparker/Desktop/rascore_build/pocket/5vbzA_4_pocket.pdb
5vbzB	5vbz	0	B	Outlier	Disordered	Y32out	Y71out	P 21 21 21 (CF1)	5vbzB2	2	GTPase HRas	RASH_HUMAN	P01112	M72C	M72	HRAS	3P	Other	None	None	None	None	SP2-Unbound	P 21 21 21	171	1-60:63-166	2017-03-30	SP2	294.4755	0.2494	Unbound	Unbound	9,64,68,69,72,96,99,100,103	GNP,MG	None	None	None	None	None	None	None	None	None	None	GNP	MG	None	None	None	None	STP	XRAY	2.200	0.212	GAMGSMTEYKLVVVGAGGVGKSALTIQLIQNHFVDEYDPTIEDSYRKQVVIDGETCLLDILDTAGQEEYSAMRDQYCRTGEGFLCVFAINNTKSFEDIHQYREQIKRVKDSDDVPMVLVGNKCDLAARTVESRQAQDLARSYGIPYIETSAKTRQGVEDAFYTLVREIRQH	True	61.840	75.440	93.630	90.000	90.000	90.000	/Users/mitchellparker/Desktop/rascore_build/core/5vbzB_core.cif	/Users/mitchellparker/Desktop/rascore_build/rcsb/5vbz.cif.gz	/Users/mitchellparker/Desktop/rascore_build/renum/5vbz_renum.cif	/Users/mitchellparker/Desktop/rascore_build/rcsb_assembly/5vbz-assembly-1.cif.gz	/Users/mitchellparker/Desktop/rascore_build/renum_assembly/5vbz-assembly-1_renum.cif	/Users/mitchellparker/Desktop/rascore_build/sifts/5vbz.xml.gz	/Users/mitchellparker/Desktop/rascore_build/pocket/5vbzB_2_pocket.pdb
5vbzB	5vbz	0	B	Outlier	Disordered	Y32out	Y71out	P 21 21 21 (CF1)	5vbzB3	3	GTPase HRas	RASH_HUMAN	P01112	M72C	M72	HRAS	3P	Other	None	None	None	None	SP2-Unbound	P 21 21 21	171	1-60:63-166	2017-03-30	Other	322.7793	0.0037	Unbound	Unbound	97,107,108,109,110,111,137,138,139,140,158,161,162,165	GNP,MG	None	None	None	None	None	None	None	None	None	None	GNP	MG	None	None	None	None	STP	XRAY	2.200	0.212	GAMGSMTEYKLVVVGAGGVGKSALTIQLIQNHFVDEYDPTIEDSYRKQVVIDGETCLLDILDTAGQEEYSAMRDQYCRTGEGFLCVFAINNTKSFEDIHQYREQIKRVKDSDDVPMVLVGNKCDLAARTVESRQAQDLARSYGIPYIETSAKTRQGVEDAFYTLVREIRQH	True	61.840	75.440	93.630	90.000	90.000	90.000	/Users/mitchellparker/Desktop/rascore_build/core/5vbzB_core.cif	/Users/mitchellparker/Desktop/rascore_build/rcsb/5vbz.cif.gz	/Users/mitchellparker/Desktop/rascore_build/renum/5vbz_renum.cif	/Users/mitchellparker/Desktop/rascore_build/rcsb_assembly/5vbz-assembly-1.cif.gz	/Users/mitchellparker/Desktop/rascore_build/renum_assembly/5vbz-assembly-1_renum.cif	/Users/mitchellparker/Desktop/rascore_build/sifts/5vbz.xml.gz	/Users/mitchellparker/Desktop/rascore_build/pocket/5vbzB_3_pocket.pdb
5vbzB	5vbz	0	B	Outlier	Disordered	Y32out	Y71out	P 21 21 21 (CF1)	5vbzB4	4	GTPase HRas	RASH_HUMAN	P01112	M72C	M72	HRAS	3P	Other	None	None	None	None	SP2-Unbound	P 21 21 21	171	1-60:63-166	2017-03-30	Other	259.8250	0.0009	Unbound	Unbound	21,25,27,34,36,37,40	GNP,MG	None	None	None	None	None	None	None	None	None	None	GNP	MG	None	None	None	None	STP	XRAY	2.200	0.212	GAMGSMTEYKLVVVGAGGVGKSALTIQLIQNHFVDEYDPTIEDSYRKQVVIDGETCLLDILDTAGQEEYSAMRDQYCRTGEGFLCVFAINNTKSFEDIHQYREQIKRVKDSDDVPMVLVGNKCDLAARTVESRQAQDLARSYGIPYIETSAKTRQGVEDAFYTLVREIRQH	True	61.840	75.440	93.630	90.000	90.000	90.000	/Users/mitchellparker/Desktop/rascore_build/core/5vbzB_core.cif	/Users/mitchellparker/Desktop/rascore_build/rcsb/5vbz.cif.gz	/Users/mitchellparker/Desktop/rascore_build/renum/5vbz_renum.cif	/Users/mitchellparker/Desktop/rascore_build/rcsb_assembly/5vbz-assembly-1.cif.gz	/Users/mitchellparker/Desktop/rascore_build/renum_assembly/5vbz-assembly-1_renum.cif	/Users/mitchellparker/Desktop/rascore_build/sifts/5vbz.xml.gz	/Users/mitchellparker/Desktop/rascore_build/pocket/5vbzB_4_pocket.pdb
5vbzB	5vbz	0	B	Outlier	Disordered	Y32out	Y71out	P 21 21 21 (CF1)	5vbzB5	5	GTPase HRas	RASH_HUMAN	P01112	M72C	M72	HRAS	3P	Other	None	None	None	None	SP2-Unbound	P 21 21 21	171	1-60:63-166	2017-03-30	Other	414.9909	0.0028	Unbound	Unbound	74,75,76,104,106,108,109,110,163,166	GNP,MG	None	None	None	None	None	None	None	None	None	None	GNP	MG	None	None	None	None	STP	XRAY	2.200	0.212	GAMGSMTEYKLVVVGAGGVGKSALTIQLIQNHFVDEYDPTIEDSYRKQVVIDGETCLLDILDTAGQEEYSAMRDQYCRTGEGFLCVFAINNTKSFEDIHQYREQIKRVKDSDDVPMVLVGNKCDLAARTVESRQAQDLARSYGIPYIETSAKTRQGVEDAFYTLVREIRQH	True	61.840	75.440	93.630	90.000	90.000	90.000	/Users/mitchellparker/Desktop/rascore_build/core/5vbzB_core.cif	/Users/mitchellparker/Desktop/rascore_build/rcsb/5vbz.cif.gz	/Users/mitchellparker/Desktop/rascore_build/renum/5vbz_renum.cif	/Users/mitchellparker/Desktop/rascore_build/rcsb_assembly/5vbz-assembly-1.cif.gz	/Users/mitchellparker/Desktop/rascore_build/renum_assembly/5vbz-assembly-1_renum.cif	/Users/mitchellparker/Desktop/rascore_build/sifts/5vbz.xml.gz	/Users/mitchellparker/Desktop/rascore_build/pocket/5vbzB_5_pocket.pdb
5vbzB	5vbz	0	B	Outlier	Disordered	Y32out	Y71out	P 21 21 21 (CF1)	5vbzB6	6	GTPase HRas	RASH_HUMAN	P01112	M72C	M72	HRAS	3P	Other	None	None	None	None	SP2-Unbound	P 21 21 21	171	1-60:63-166	2017-03-30	Other	172.5265	0.0001	Unbound	Unbound	131,134,135,139,140,141	GNP,MG	None	None	None	None	None	None	None	None	None	None	GNP	MG	None	None	None	None	STP	XRAY	2.200	0.212	GAMGSMTEYKLVVVGAGGVGKSALTIQLIQNHFVDEYDPTIEDSYRKQVVIDGETCLLDILDTAGQEEYSAMRDQYCRTGEGFLCVFAINNTKSFEDIHQYREQIKRVKDSDDVPMVLVGNKCDLAARTVESRQAQDLARSYGIPYIETSAKTRQGVEDAFYTLVREIRQH	True	61.840	75.440	93.630	90.000	90.000	90.000	/Users/mitchellparker/Desktop/rascore_build/core/5vbzB_core.cif	/Users/mitchellparker/Desktop/rascore_build/rcsb/5vbz.cif.gz	/Users/mitchellparker/Desktop/rascore_build/renum/5vbz_renum.cif	/Users/mitchellparker/Desktop/rascore_build/rcsb_assembly/5vbz-assembly-1.cif.gz	/Users/mitchellparker/Desktop/rascore_build/renum_assembly/5vbz-assembly-1_renum.cif	/Users/mitchellparker/Desktop/rascore_build/sifts/5vbz.xml.gz	/Users/mitchellparker/Desktop/rascore_build/pocket/5vbzB_6_pocket.pdb
5vbzB	5vbz	0	B	Outlier	Disordered	Y32out	Y71out	P 21 21 21 (CF1)	5vbzB7	7	GTPase HRas	RASH_HUMAN	P01112	M72C	M72	HRAS	3P	Other	None	None	None	None	SP2-Unbound	P 21 21 21	171	1-60:63-166	2017-03-30	SP2	461.2352	0.0004	Unbound	Unbound	11,12,63,68,88,92,95,96,99	GNP,MG	None	None	None	None	None	None	None	None	None	None	GNP	MG	None	None	None	None	STP	XRAY	2.200	0.212	GAMGSMTEYKLVVVGAGGVGKSALTIQLIQNHFVDEYDPTIEDSYRKQVVIDGETCLLDILDTAGQEEYSAMRDQYCRTGEGFLCVFAINNTKSFEDIHQYREQIKRVKDSDDVPMVLVGNKCDLAARTVESRQAQDLARSYGIPYIETSAKTRQGVEDAFYTLVREIRQH	True	61.840	75.440	93.630	90.000	90.000	90.000	/Users/mitchellparker/Desktop/rascore_build/core/5vbzB_core.cif	/Users/mitchellparker/Desktop/rascore_build/rcsb/5vbz.cif.gz	/Users/mitchellparker/Desktop/rascore_build/renum/5vbz_renum.cif	/Users/mitchellparker/Desktop/rascore_build/rcsb_assembly/5vbz-assembly-1.cif.gz	/Users/mitchellparker/Desktop/rascore_build/renum_assembly/5vbz-assembly-1_renum.cif	/Users/mitchellparker/Desktop/rascore_build/sifts/5vbz.xml.gz	/Users/mitchellparker/Desktop/rascore_build/pocket/5vbzB_7_pocket.pdb
5vbzC	5vbz	0	C	Outlier	Disordered	Y32out	Y71out	P 21 21 21 (CF1)	5vbzC3	3	GTPase HRas	RASH_HUMAN	P01112	M72C	M72	HRAS	3P	Other	SP2	SP2.Unclassified	None	Homodimer	SP2-Bound	P 21 21 21	171	1-60:63-166	2017-03-30	SP2	204.8557	0.0125	Bound	SP2	7,9,10,56,58,59,60,68,72,96	92V,GNP,MG	None	92V:95,68,72,99,96,78	None	None	SP2	SP2.Unclassified	92V:COc1ccc(-n2ncc(C(=O)NCCCS)c2C(F)(F)F)cc1	None	None	None	GNP	MG	92V	None	None	None	92V	XRAY	2.200	0.212	GAMGSMTEYKLVVVGAGGVGKSALTIQLIQNHFVDEYDPTIEDSYRKQVVIDGETCLLDILDTAGQEEYSAMRDQYCRTGEGFLCVFAINNTKSFEDIHQYREQIKRVKDSDDVPMVLVGNKCDLAARTVESRQAQDLARSYGIPYIETSAKTRQGVEDAFYTLVREIRQH	True	61.840	75.440	93.630	90.000	90.000	90.000	/Users/mitchellparker/Desktop/rascore_build/core/5vbzC_core.cif	/Users/mitchellparker/Desktop/rascore_build/rcsb/5vbz.cif.gz	/Users/mitchellparker/Desktop/rascore_build/renum/5vbz_renum.cif	/Users/mitchellparker/Desktop/rascore_build/rcsb_assembly/5vbz-assembly-1.cif.gz	/Users/mitchellparker/Desktop/rascore_build/renum_assembly/5vbz-assembly-1_renum.cif	/Users/mitchellparker/Desktop/rascore_build/sifts/5vbz.xml.gz	/Users/mitchellparker/Desktop/rascore_build/pocket/5vbzC_3_pocket.pdb
5vp7A	5vp7	0	A	Y32out.2P-OFF	Y71out.2P-BINDER	Y32out	Y71out	H 3 (CF3)	5vp7A1	1	GTPase KRas	RASK_HUMAN	P01116-2	G12A,C118S	G12,C118	KRAS	2P	G12A	None	None	None	Homodimer	Other-Unbound	H 3	170	1-169	2017-05-04	Other	361.6856	0.0007	Unbound	Unbound	127,131,134,135,139,141,143	GDP,MG,PGE,NA	None	None	None	None	None	None	None	None	None	None	GDP	MG	None	NA,PGE	None	None	STP	XRAY	1.700	0.173	HMTEYKLVVVGAAGVGKSALTIQLIQNHFVDEYDPTIEDSYRKQVVIDGETCLLDILDTAGQEEYSAMRDQYMRTGEGFLCVFAINNTKSFEDIHHYREQIKRVKDSEDVPMVLVGNKSDLPSRTVDTKQAQDLARSYGIPFIETSAKTRQGVDDAFYTLVREIRKHKEK	True	93.773	93.773	119.918	90.000	90.000	120.000	/Users/mitchellparker/Desktop/rascore_build/core/5vp7A_core.cif	/Users/mitchellparker/Desktop/rascore_build/rcsb/5vp7.cif.gz	/Users/mitchellparker/Desktop/rascore_build/renum/5vp7_renum.cif	/Users/mitchellparker/Desktop/rascore_build/rcsb_assembly/5vp7-assembly-1.cif.gz	/Users/mitchellparker/Desktop/rascore_build/renum_assembly/5vp7-assembly-1_renum.cif	/Users/mitchellparker/Desktop/rascore_build/sifts/5vp7.xml.gz	/Users/mitchellparker/Desktop/rascore_build/pocket/5vp7A_1_pocket.pdb
5vp7A	5vp7	0	A	Y32out.2P-OFF	Y71out.2P-BINDER	Y32out	Y71out	H 3 (CF3)	5vp7A2	2	GTPase KRas	RASK_HUMAN	P01116-2	G12A,C118S	G12,C118	KRAS	2P	G12A	None	None	None	Homodimer	Other-Unbound	H 3	170	1-169	2017-05-04	Other	321.2175	0.0279	Unbound	Unbound	73,74,75,76,104,106,108,109,110,167	GDP,MG,PGE,NA	None	None	None	None	None	None	None	None	None	None	GDP	MG	None	NA,PGE	None	None	STP	XRAY	1.700	0.173	HMTEYKLVVVGAAGVGKSALTIQLIQNHFVDEYDPTIEDSYRKQVVIDGETCLLDILDTAGQEEYSAMRDQYMRTGEGFLCVFAINNTKSFEDIHHYREQIKRVKDSEDVPMVLVGNKSDLPSRTVDTKQAQDLARSYGIPFIETSAKTRQGVDDAFYTLVREIRKHKEK	True	93.773	93.773	119.918	90.000	90.000	120.000	/Users/mitchellparker/Desktop/rascore_build/core/5vp7A_core.cif	/Users/mitchellparker/Desktop/rascore_build/rcsb/5vp7.cif.gz	/Users/mitchellparker/Desktop/rascore_build/renum/5vp7_renum.cif	/Users/mitchellparker/Desktop/rascore_build/rcsb_assembly/5vp7-assembly-1.cif.gz	/Users/mitchellparker/Desktop/rascore_build/renum_assembly/5vp7-assembly-1_renum.cif	/Users/mitchellparker/Desktop/rascore_build/sifts/5vp7.xml.gz	/Users/mitchellparker/Desktop/rascore_build/pocket/5vp7A_2_pocket.pdb
5vp7A	5vp7	0	A	Y32out.2P-OFF	Y71out.2P-BINDER	Y32out	Y71out	H 3 (CF3)	5vp7A3	3	GTPase KRas	RASK_HUMAN	P01116-2	G12A,C118S	G12,C118	KRAS	2P	G12A	None	None	None	Homodimer	Other-Unbound	H 3	170	1-169	2017-05-04	Other	257.6132	0.1776	Unbound	Unbound	12,13,30,31,32,34	GDP,MG,PGE,NA	None	None	None	None	None	None	None	None	None	None	GDP	MG	None	NA,PGE	None	None	STP	XRAY	1.700	0.173	HMTEYKLVVVGAAGVGKSALTIQLIQNHFVDEYDPTIEDSYRKQVVIDGETCLLDILDTAGQEEYSAMRDQYMRTGEGFLCVFAINNTKSFEDIHHYREQIKRVKDSEDVPMVLVGNKSDLPSRTVDTKQAQDLARSYGIPFIETSAKTRQGVDDAFYTLVREIRKHKEK	True	93.773	93.773	119.918	90.000	90.000	120.000	/Users/mitchellparker/Desktop/rascore_build/core/5vp7A_core.cif	/Users/mitchellparker/Desktop/rascore_build/rcsb/5vp7.cif.gz	/Users/mitchellparker/Desktop/rascore_build/renum/5vp7_renum.cif	/Users/mitchellparker/Desktop/rascore_build/rcsb_assembly/5vp7-assembly-1.cif.gz	/Users/mitchellparker/Desktop/rascore_build/renum_assembly/5vp7-assembly-1_renum.cif	/Users/mitchellparker/Desktop/rascore_build/sifts/5vp7.xml.gz	/Users/mitchellparker/Desktop/rascore_build/pocket/5vp7A_3_pocket.pdb
5vp7A	5vp7	0	A	Y32out.2P-OFF	Y71out.2P-BINDER	Y32out	Y71out	H 3 (CF3)	5vp7A4	4	GTPase KRas	RASK_HUMAN	P01116-2	G12A,C118S	G12,C118	KRAS	2P	G12A	None	None	None	Homodimer	Other-Unbound	H 3	170	1-169	2017-05-04	Other	256.2972	0.2223	Unbound	Unbound	90,129,132,133,136	GDP,MG,PGE,NA	None	None	None	None	None	None	None	None	None	None	GDP	MG	None	NA,PGE	None	None	STP	XRAY	1.700	0.173	HMTEYKLVVVGAAGVGKSALTIQLIQNHFVDEYDPTIEDSYRKQVVIDGETCLLDILDTAGQEEYSAMRDQYMRTGEGFLCVFAINNTKSFEDIHHYREQIKRVKDSEDVPMVLVGNKSDLPSRTVDTKQAQDLARSYGIPFIETSAKTRQGVDDAFYTLVREIRKHKEK	True	93.773	93.773	119.918	90.000	90.000	120.000	/Users/mitchellparker/Desktop/rascore_build/core/5vp7A_core.cif	/Users/mitchellparker/Desktop/rascore_build/rcsb/5vp7.cif.gz	/Users/mitchellparker/Desktop/rascore_build/renum/5vp7_renum.cif	/Users/mitchellparker/Desktop/rascore_build/rcsb_assembly/5vp7-assembly-1.cif.gz	/Users/mitchellparker/Desktop/rascore_build/renum_assembly/5vp7-assembly-1_renum.cif	/Users/mitchellparker/Desktop/rascore_build/sifts/5vp7.xml.gz	/Users/mitchellparker/Desktop/rascore_build/pocket/5vp7A_4_pocket.pdb
5vp7A	5vp7	0	A	Y32out.2P-OFF	Y71out.2P-BINDER	Y32out	Y71out	H 3 (CF3)	5vp7A5	5	GTPase KRas	RASK_HUMAN	P01116-2	G12A,C118S	G12,C118	KRAS	2P	G12A	None	None	None	Homodimer	Other-Unbound	H 3	170	1-169	2017-05-04	Other	163.4166	0.0001	Unbound	Unbound	107,108,109,137,138,139,162,165,166	GDP,MG,PGE,NA	None	None	None	None	None	None	None	None	None	None	GDP	MG	None	NA,PGE	None	None	STP	XRAY	1.700	0.173	HMTEYKLVVVGAAGVGKSALTIQLIQNHFVDEYDPTIEDSYRKQVVIDGETCLLDILDTAGQEEYSAMRDQYMRTGEGFLCVFAINNTKSFEDIHHYREQIKRVKDSEDVPMVLVGNKSDLPSRTVDTKQAQDLARSYGIPFIETSAKTRQGVDDAFYTLVREIRKHKEK	True	93.773	93.773	119.918	90.000	90.000	120.000	/Users/mitchellparker/Desktop/rascore_build/core/5vp7A_core.cif	/Users/mitchellparker/Desktop/rascore_build/rcsb/5vp7.cif.gz	/Users/mitchellparker/Desktop/rascore_build/renum/5vp7_renum.cif	/Users/mitchellparker/Desktop/rascore_build/rcsb_assembly/5vp7-assembly-1.cif.gz	/Users/mitchellparker/Desktop/rascore_build/renum_assembly/5vp7-assembly-1_renum.cif	/Users/mitchellparker/Desktop/rascore_build/sifts/5vp7.xml.gz	/Users/mitchellparker/Desktop/rascore_build/pocket/5vp7A_5_pocket.pdb
5vp7F	5vp7	0	F	Y32out.2P-OFF	Y71out.2P-BINDER	Y32out	Y71out	H 3 (CF3)	5vp7F1	1	GTPase KRas	RASK_HUMAN	P01116-2	G12A,C118S	G12,C118	KRAS	2P	G12A	None	None	None	Homodimer	Other-Unbound	H 3	170	1-169	2017-05-04	Other	284.0478	0.2572	Unbound	Unbound	74,75,76,104,106,108,109,110,166,167	GDP,MG,NA	None	None	None	None	None	None	None	None	None	None	GDP	MG	None	None	None	None	STP	XRAY	1.700	0.173	HMTEYKLVVVGAAGVGKSALTIQLIQNHFVDEYDPTIEDSYRKQVVIDGETCLLDILDTAGQEEYSAMRDQYMRTGEGFLCVFAINNTKSFEDIHHYREQIKRVKDSEDVPMVLVGNKSDLPSRTVDTKQAQDLARSYGIPFIETSAKTRQGVDDAFYTLVREIRKHKEK	True	93.773	93.773	119.918	90.000	90.000	120.000	/Users/mitchellparker/Desktop/rascore_build/core/5vp7F_core.cif	/Users/mitchellparker/Desktop/rascore_build/rcsb/5vp7.cif.gz	/Users/mitchellparker/Desktop/rascore_build/renum/5vp7_renum.cif	/Users/mitchellparker/Desktop/rascore_build/rcsb_assembly/5vp7-assembly-1.cif.gz	/Users/mitchellparker/Desktop/rascore_build/renum_assembly/5vp7-assembly-1_renum.cif	/Users/mitchellparker/Desktop/rascore_build/sifts/5vp7.xml.gz	/Users/mitchellparker/Desktop/rascore_build/pocket/5vp7F_1_pocket.pdb
5vp7F	5vp7	0	F	Y32out.2P-OFF	Y71out.2P-BINDER	Y32out	Y71out	H 3 (CF3)	5vp7F2	2	GTPase KRas	RASK_HUMAN	P01116-2	G12A,C118S	G12,C118	KRAS	2P	G12A	None	None	None	Homodimer	Other-Unbound	H 3	170	1-169	2017-05-04	Other	225.5558	0.0047	Unbound	Unbound	97,107,108,109,110,137,138,139,162,165,166	GDP,MG,NA	None	None	None	None	None	None	None	None	None	None	GDP	MG	None	None	None	None	STP	XRAY	1.700	0.173	HMTEYKLVVVGAAGVGKSALTIQLIQNHFVDEYDPTIEDSYRKQVVIDGETCLLDILDTAGQEEYSAMRDQYMRTGEGFLCVFAINNTKSFEDIHHYREQIKRVKDSEDVPMVLVGNKSDLPSRTVDTKQAQDLARSYGIPFIETSAKTRQGVDDAFYTLVREIRKHKEK	True	93.773	93.773	119.918	90.000	90.000	120.000	/Users/mitchellparker/Desktop/rascore_build/core/5vp7F_core.cif	/Users/mitchellparker/Desktop/rascore_build/rcsb/5vp7.cif.gz	/Users/mitchellparker/Desktop/rascore_build/renum/5vp7_renum.cif	/Users/mitchellparker/Desktop/rascore_build/rcsb_assembly/5vp7-assembly-1.cif.gz	/Users/mitchellparker/Desktop/rascore_build/renum_assembly/5vp7-assembly-1_renum.cif	/Users/mitchellparker/Desktop/rascore_build/sifts/5vp7.xml.gz	/Users/mitchellparker/Desktop/rascore_build/pocket/5vp7F_2_pocket.pdb
5vpiA	5vpi	0	A	Y32in.3P-ON	Disordered	Y32in	Y71in	H 3 (CF3)	5vpiA3	3	GTPase KRas	RASK_HUMAN	P01116-2	G12A,C118S	G12,C118	KRAS	3P	G12A	None	None	None	Homodimer	Other-Unbound	H 3	170	1-34:37-59:69-169	2017-05-05	Other	347.4145	0.0135	Unbound	Unbound	73,74,75,76,104,106,108,109,110,166,167	GTP,MG	None	None	None	None	None	None	None	None	None	None	GTP	MG	None	None	None	None	STP	XRAY	1.620	0.188	HMTEYKLVVVGAAGVGKSALTIQLIQNHFVDEYDPTIEDSYRKQVVIDGETCLLDILDTAGQEEYSAMRDQYMRTGEGFLCVFAINNTKSFEDIHHYREQIKRVKDSEDVPMVLVGNKSDLPSRTVDTKQAQDLARSYGIPFIETSAKTRQGVDDAFYTLVREIRKHKEK	True	94.792	94.792	121.480	90.000	90.000	120.000	/Users/mitchellparker/Desktop/rascore_build/core/5vpiA_core.cif	/Users/mitchellparker/Desktop/rascore_build/rcsb/5vpi.cif.gz	/Users/mitchellparker/Desktop/rascore_build/renum/5vpi_renum.cif	/Users/mitchellparker/Desktop/rascore_build/rcsb_assembly/5vpi-assembly-1.cif.gz	/Users/mitchellparker/Desktop/rascore_build/renum_assembly/5vpi-assembly-1_renum.cif	/Users/mitchellparker/Desktop/rascore_build/sifts/5vpi.xml.gz	/Users/mitchellparker/Desktop/rascore_build/pocket/5vpiA_3_pocket.pdb
5vpiA	5vpi	0	A	Y32in.3P-ON	Disordered	Y32in	Y71in	H 3 (CF3)	5vpiA4	4	GTPase KRas	RASK_HUMAN	P01116-2	G12A,C118S	G12,C118	KRAS	3P	G12A	None	None	None	Homodimer	Other-Unbound	H 3	170	1-34:37-59:69-169	2017-05-05	Other	338.5329	0.0002	Unbound	Unbound	131,134,135,138,139,140,141,162,165	GTP,MG	None	None	None	None	None	None	None	None	None	None	GTP	MG	None	None	None	None	STP	XRAY	1.620	0.188	HMTEYKLVVVGAAGVGKSALTIQLIQNHFVDEYDPTIEDSYRKQVVIDGETCLLDILDTAGQEEYSAMRDQYMRTGEGFLCVFAINNTKSFEDIHHYREQIKRVKDSEDVPMVLVGNKSDLPSRTVDTKQAQDLARSYGIPFIETSAKTRQGVDDAFYTLVREIRKHKEK	True	94.792	94.792	121.480	90.000	90.000	120.000	/Users/mitchellparker/Desktop/rascore_build/core/5vpiA_core.cif	/Users/mitchellparker/Desktop/rascore_build/rcsb/5vpi.cif.gz	/Users/mitchellparker/Desktop/rascore_build/renum/5vpi_renum.cif	/Users/mitchellparker/Desktop/rascore_build/rcsb_assembly/5vpi-assembly-1.cif.gz	/Users/mitchellparker/Desktop/rascore_build/renum_assembly/5vpi-assembly-1_renum.cif	/Users/mitchellparker/Desktop/rascore_build/sifts/5vpi.xml.gz	/Users/mitchellparker/Desktop/rascore_build/pocket/5vpiA_4_pocket.pdb
5vpiA	5vpi	0	A	Y32in.3P-ON	Disordered	Y32in	Y71in	H 3 (CF3)	5vpiA5	5	GTPase KRas	RASK_HUMAN	P01116-2	G12A,C118S	G12,C118	KRAS	3P	G12A	None	None	None	Homodimer	Other-Unbound	H 3	170	1-34:37-59:69-169	2017-05-05	Other	144.6900	0.0001	Unbound	Unbound	107,108,109,137,138,139,162,165,166	GTP,MG	None	None	None	None	None	None	None	None	None	None	GTP	MG	None	None	None	None	STP	XRAY	1.620	0.188	HMTEYKLVVVGAAGVGKSALTIQLIQNHFVDEYDPTIEDSYRKQVVIDGETCLLDILDTAGQEEYSAMRDQYMRTGEGFLCVFAINNTKSFEDIHHYREQIKRVKDSEDVPMVLVGNKSDLPSRTVDTKQAQDLARSYGIPFIETSAKTRQGVDDAFYTLVREIRKHKEK	True	94.792	94.792	121.480	90.000	90.000	120.000	/Users/mitchellparker/Desktop/rascore_build/core/5vpiA_core.cif	/Users/mitchellparker/Desktop/rascore_build/rcsb/5vpi.cif.gz	/Users/mitchellparker/Desktop/rascore_build/renum/5vpi_renum.cif	/Users/mitchellparker/Desktop/rascore_build/rcsb_assembly/5vpi-assembly-1.cif.gz	/Users/mitchellparker/Desktop/rascore_build/renum_assembly/5vpi-assembly-1_renum.cif	/Users/mitchellparker/Desktop/rascore_build/sifts/5vpi.xml.gz	/Users/mitchellparker/Desktop/rascore_build/pocket/5vpiA_5_pocket.pdb
5vpiB	5vpi	0	B	Y32in.3P-ON	Disordered	Y32in	Y71in	H 3 (CF3)	5vpiB2	2	GTPase KRas	RASK_HUMAN	P01116-2	G12A,C118S	G12,C118	KRAS	3P	G12A	None	None	None	Homodimer	SP12-Unbound	H 3	170	1-34:37-59:69-169	2017-05-05	Other	363.0488	0.0001	Unbound	Unbound	131,134,135,138,139,140,141,162,165	GTP,MG	None	None	None	None	None	None	None	None	None	None	GTP	MG	None	None	None	None	STP	XRAY	1.620	0.188	HMTEYKLVVVGAAGVGKSALTIQLIQNHFVDEYDPTIEDSYRKQVVIDGETCLLDILDTAGQEEYSAMRDQYMRTGEGFLCVFAINNTKSFEDIHHYREQIKRVKDSEDVPMVLVGNKSDLPSRTVDTKQAQDLARSYGIPFIETSAKTRQGVDDAFYTLVREIRKHKEK	True	94.792	94.792	121.480	90.000	90.000	120.000	/Users/mitchellparker/Desktop/rascore_build/core/5vpiB_core.cif	/Users/mitchellparker/Desktop/rascore_build/rcsb/5vpi.cif.gz	/Users/mitchellparker/Desktop/rascore_build/renum/5vpi_renum.cif	/Users/mitchellparker/Desktop/rascore_build/rcsb_assembly/5vpi-assembly-1.cif.gz	/Users/mitchellparker/Desktop/rascore_build/renum_assembly/5vpi-assembly-1_renum.cif	/Users/mitchellparker/Desktop/rascore_build/sifts/5vpi.xml.gz	/Users/mitchellparker/Desktop/rascore_build/pocket/5vpiB_2_pocket.pdb
5vpiB	5vpi	0	B	Y32in.3P-ON	Disordered	Y32in	Y71in	H 3 (CF3)	5vpiB3	3	GTPase KRas	RASK_HUMAN	P01116-2	G12A,C118S	G12,C118	KRAS	3P	G12A	None	None	None	Homodimer	SP12-Unbound	H 3	170	1-34:37-59:69-169	2017-05-05	Other	349.8888	0.0072	Unbound	Unbound	73,74,75,76,104,106,108,109,110,166,167	GTP,MG	None	None	None	None	None	None	None	None	None	None	GTP	MG	None	None	None	None	STP	XRAY	1.620	0.188	HMTEYKLVVVGAAGVGKSALTIQLIQNHFVDEYDPTIEDSYRKQVVIDGETCLLDILDTAGQEEYSAMRDQYMRTGEGFLCVFAINNTKSFEDIHHYREQIKRVKDSEDVPMVLVGNKSDLPSRTVDTKQAQDLARSYGIPFIETSAKTRQGVDDAFYTLVREIRKHKEK	True	94.792	94.792	121.480	90.000	90.000	120.000	/Users/mitchellparker/Desktop/rascore_build/core/5vpiB_core.cif	/Users/mitchellparker/Desktop/rascore_build/rcsb/5vpi.cif.gz	/Users/mitchellparker/Desktop/rascore_build/renum/5vpi_renum.cif	/Users/mitchellparker/Desktop/rascore_build/rcsb_assembly/5vpi-assembly-1.cif.gz	/Users/mitchellparker/Desktop/rascore_build/renum_assembly/5vpi-assembly-1_renum.cif	/Users/mitchellparker/Desktop/rascore_build/sifts/5vpi.xml.gz	/Users/mitchellparker/Desktop/rascore_build/pocket/5vpiB_3_pocket.pdb
5vpiB	5vpi	0	B	Y32in.3P-ON	Disordered	Y32in	Y71in	H 3 (CF3)	5vpiB4	4	GTPase KRas	RASK_HUMAN	P01116-2	G12A,C118S	G12,C118	KRAS	3P	G12A	None	None	None	Homodimer	SP12-Unbound	H 3	170	1-34:37-59:69-169	2017-05-05	Other	179.7427	0.0005	Unbound	Unbound	11,12,86,88,89,92	GTP,MG	None	None	None	None	None	None	None	None	None	None	GTP	MG	None	None	None	None	STP	XRAY	1.620	0.188	HMTEYKLVVVGAAGVGKSALTIQLIQNHFVDEYDPTIEDSYRKQVVIDGETCLLDILDTAGQEEYSAMRDQYMRTGEGFLCVFAINNTKSFEDIHHYREQIKRVKDSEDVPMVLVGNKSDLPSRTVDTKQAQDLARSYGIPFIETSAKTRQGVDDAFYTLVREIRKHKEK	True	94.792	94.792	121.480	90.000	90.000	120.000	/Users/mitchellparker/Desktop/rascore_build/core/5vpiB_core.cif	/Users/mitchellparker/Desktop/rascore_build/rcsb/5vpi.cif.gz	/Users/mitchellparker/Desktop/rascore_build/renum/5vpi_renum.cif	/Users/mitchellparker/Desktop/rascore_build/rcsb_assembly/5vpi-assembly-1.cif.gz	/Users/mitchellparker/Desktop/rascore_build/renum_assembly/5vpi-assembly-1_renum.cif	/Users/mitchellparker/Desktop/rascore_build/sifts/5vpi.xml.gz	/Users/mitchellparker/Desktop/rascore_build/pocket/5vpiB_4_pocket.pdb
5vpiB	5vpi	0	B	Y32in.3P-ON	Disordered	Y32in	Y71in	H 3 (CF3)	5vpiB5	5	GTPase KRas	RASK_HUMAN	P01116-2	G12A,C118S	G12,C118	KRAS	3P	G12A	None	None	None	Homodimer	SP12-Unbound	H 3	170	1-34:37-59:69-169	2017-05-05	SP12	89.1221	0.0012	Unbound	Unbound	5,6,7,54,56,71,74,75	GTP,MG	None	None	None	None	None	None	None	None	None	None	GTP	MG	None	None	None	None	STP	XRAY	1.620	0.188	HMTEYKLVVVGAAGVGKSALTIQLIQNHFVDEYDPTIEDSYRKQVVIDGETCLLDILDTAGQEEYSAMRDQYMRTGEGFLCVFAINNTKSFEDIHHYREQIKRVKDSEDVPMVLVGNKSDLPSRTVDTKQAQDLARSYGIPFIETSAKTRQGVDDAFYTLVREIRKHKEK	True	94.792	94.792	121.480	90.000	90.000	120.000	/Users/mitchellparker/Desktop/rascore_build/core/5vpiB_core.cif	/Users/mitchellparker/Desktop/rascore_build/rcsb/5vpi.cif.gz	/Users/mitchellparker/Desktop/rascore_build/renum/5vpi_renum.cif	/Users/mitchellparker/Desktop/rascore_build/rcsb_assembly/5vpi-assembly-1.cif.gz	/Users/mitchellparker/Desktop/rascore_build/renum_assembly/5vpi-assembly-1_renum.cif	/Users/mitchellparker/Desktop/rascore_build/sifts/5vpi.xml.gz	/Users/mitchellparker/Desktop/rascore_build/pocket/5vpiB_5_pocket.pdb
5vpyA	5vpy	0	A	Disordered	Disordered	Y32out	Y71out	H 3 (CF3)	5vpyA3	3	GTPase KRas	RASK_HUMAN	P01116-2	G12A,C118S	G12,C118	KRAS	3P	G12A	None	None	None	Homodimer	Other-Unbound	H 3	170	1-33:38-58:69-169	2017-05-06	Other	300.6837	0.0009	Unbound	Unbound	73,74,75,76,104,108,109,110,166,167	MG,9GM	None	None	None	None	None	None	None	None	None	None	9GM	MG	None	None	None	None	STP	XRAY	2.000	0.190	HMTEYKLVVVGAAGVGKSALTIQLIQNHFVDEYDPTIEDSYRKQVVIDGETCLLDILDTAGQEEYSAMRDQYMRTGEGFLCVFAINNTKSFEDIHHYREQIKRVKDSEDVPMVLVGNKSDLPSRTVDTKQAQDLARSYGIPFIETSAKTRQGVDDAFYTLVREIRKHKEK	True	94.609	94.609	120.808	90.000	90.000	120.000	/Users/mitchellparker/Desktop/rascore_build/core/5vpyA_core.cif	/Users/mitchellparker/Desktop/rascore_build/rcsb/5vpy.cif.gz	/Users/mitchellparker/Desktop/rascore_build/renum/5vpy_renum.cif	/Users/mitchellparker/Desktop/rascore_build/rcsb_assembly/5vpy-assembly-1.cif.gz	/Users/mitchellparker/Desktop/rascore_build/renum_assembly/5vpy-assembly-1_renum.cif	/Users/mitchellparker/Desktop/rascore_build/sifts/5vpy.xml.gz	/Users/mitchellparker/Desktop/rascore_build/pocket/5vpyA_3_pocket.pdb
5vpyB	5vpy	0	B	Disordered	Disordered	Y32out	Y71out	H 3 (CF3)	5vpyB3	3	GTPase KRas	RASK_HUMAN	P01116-2	G12A,C118S	G12,C118	KRAS	3P	G12A	None	None	None	Homodimer	Other-Unbound	H 3	170	1-33:38-58:69-169	2017-05-06	Other	371.9292	0.0006	Unbound	Unbound	131,134,135,138,139,140,141,162,165	MG,9GM,PG4	None	None	None	None	None	None	None	None	None	None	9GM	MG	None	PG4	None	None	STP	XRAY	2.000	0.190	HMTEYKLVVVGAAGVGKSALTIQLIQNHFVDEYDPTIEDSYRKQVVIDGETCLLDILDTAGQEEYSAMRDQYMRTGEGFLCVFAINNTKSFEDIHHYREQIKRVKDSEDVPMVLVGNKSDLPSRTVDTKQAQDLARSYGIPFIETSAKTRQGVDDAFYTLVREIRKHKEK	True	94.609	94.609	120.808	90.000	90.000	120.000	/Users/mitchellparker/Desktop/rascore_build/core/5vpyB_core.cif	/Users/mitchellparker/Desktop/rascore_build/rcsb/5vpy.cif.gz	/Users/mitchellparker/Desktop/rascore_build/renum/5vpy_renum.cif	/Users/mitchellparker/Desktop/rascore_build/rcsb_assembly/5vpy-assembly-1.cif.gz	/Users/mitchellparker/Desktop/rascore_build/renum_assembly/5vpy-assembly-1_renum.cif	/Users/mitchellparker/Desktop/rascore_build/sifts/5vpy.xml.gz	/Users/mitchellparker/Desktop/rascore_build/pocket/5vpyB_3_pocket.pdb
5vpyB	5vpy	0	B	Disordered	Disordered	Y32out	Y71out	H 3 (CF3)	5vpyB4	4	GTPase KRas	RASK_HUMAN	P01116-2	G12A,C118S	G12,C118	KRAS	3P	G12A	None	None	None	Homodimer	Other-Unbound	H 3	170	1-33:38-58:69-169	2017-05-06	Other	250.7098	0.0017	Unbound	Unbound	74,75,76,104,108,109,110,166,167	MG,9GM,PG4	None	None	None	None	None	None	None	None	None	None	9GM	MG	None	PG4	None	None	STP	XRAY	2.000	0.190	HMTEYKLVVVGAAGVGKSALTIQLIQNHFVDEYDPTIEDSYRKQVVIDGETCLLDILDTAGQEEYSAMRDQYMRTGEGFLCVFAINNTKSFEDIHHYREQIKRVKDSEDVPMVLVGNKSDLPSRTVDTKQAQDLARSYGIPFIETSAKTRQGVDDAFYTLVREIRKHKEK	True	94.609	94.609	120.808	90.000	90.000	120.000	/Users/mitchellparker/Desktop/rascore_build/core/5vpyB_core.cif	/Users/mitchellparker/Desktop/rascore_build/rcsb/5vpy.cif.gz	/Users/mitchellparker/Desktop/rascore_build/renum/5vpy_renum.cif	/Users/mitchellparker/Desktop/rascore_build/rcsb_assembly/5vpy-assembly-1.cif.gz	/Users/mitchellparker/Desktop/rascore_build/renum_assembly/5vpy-assembly-1_renum.cif	/Users/mitchellparker/Desktop/rascore_build/sifts/5vpy.xml.gz	/Users/mitchellparker/Desktop/rascore_build/pocket/5vpyB_4_pocket.pdb
5vpzA	5vpz	0	A	Disordered	Disordered	Y32out	Y71out	H 3 (CF3)	5vpzA3	3	GTPase KRas	RASK_HUMAN	P01116-2	G12A,C118S	G12,C118	KRAS	3P	G12A	None	None	None	Homodimer	Other-Unbound	H 3	170	1-34:38-59:69-169	2017-05-06	Other	374.8448	0.0434	Unbound	Unbound	73,74,75,76,104,106,108,109,110,166,167	MG,GSP	None	None	None	None	None	None	None	None	None	None	GSP	MG	None	None	None	None	STP	XRAY	1.850	0.189	HMTEYKLVVVGAAGVGKSALTIQLIQNHFVDEYDPTIEDSYRKQVVIDGETCLLDILDTAGQEEYSAMRDQYMRTGEGFLCVFAINNTKSFEDIHHYREQIKRVKDSEDVPMVLVGNKSDLPSRTVDTKQAQDLARSYGIPFIETSAKTRQGVDDAFYTLVREIRKHKEK	True	94.937	94.937	121.016	90.000	90.000	120.000	/Users/mitchellparker/Desktop/rascore_build/core/5vpzA_core.cif	/Users/mitchellparker/Desktop/rascore_build/rcsb/5vpz.cif.gz	/Users/mitchellparker/Desktop/rascore_build/renum/5vpz_renum.cif	/Users/mitchellparker/Desktop/rascore_build/rcsb_assembly/5vpz-assembly-2.cif.gz	/Users/mitchellparker/Desktop/rascore_build/renum_assembly/5vpz-assembly-2_renum.cif	/Users/mitchellparker/Desktop/rascore_build/sifts/5vpz.xml.gz	/Users/mitchellparker/Desktop/rascore_build/pocket/5vpzA_3_pocket.pdb
5vpzA	5vpz	0	A	Disordered	Disordered	Y32out	Y71out	H 3 (CF3)	5vpzA4	4	GTPase KRas	RASK_HUMAN	P01116-2	G12A,C118S	G12,C118	KRAS	3P	G12A	None	None	None	Homodimer	Other-Unbound	H 3	170	1-34:38-59:69-169	2017-05-06	Other	241.4102	0.0003	Unbound	Unbound	131,134,135,139,141	MG,GSP	None	None	None	None	None	None	None	None	None	None	GSP	MG	None	None	None	None	STP	XRAY	1.850	0.189	HMTEYKLVVVGAAGVGKSALTIQLIQNHFVDEYDPTIEDSYRKQVVIDGETCLLDILDTAGQEEYSAMRDQYMRTGEGFLCVFAINNTKSFEDIHHYREQIKRVKDSEDVPMVLVGNKSDLPSRTVDTKQAQDLARSYGIPFIETSAKTRQGVDDAFYTLVREIRKHKEK	True	94.937	94.937	121.016	90.000	90.000	120.000	/Users/mitchellparker/Desktop/rascore_build/core/5vpzA_core.cif	/Users/mitchellparker/Desktop/rascore_build/rcsb/5vpz.cif.gz	/Users/mitchellparker/Desktop/rascore_build/renum/5vpz_renum.cif	/Users/mitchellparker/Desktop/rascore_build/rcsb_assembly/5vpz-assembly-2.cif.gz	/Users/mitchellparker/Desktop/rascore_build/renum_assembly/5vpz-assembly-2_renum.cif	/Users/mitchellparker/Desktop/rascore_build/sifts/5vpz.xml.gz	/Users/mitchellparker/Desktop/rascore_build/pocket/5vpzA_4_pocket.pdb
5vpzA	5vpz	0	A	Disordered	Disordered	Y32out	Y71out	H 3 (CF3)	5vpzA5	5	GTPase KRas	RASK_HUMAN	P01116-2	G12A,C118S	G12,C118	KRAS	3P	G12A	None	None	None	Homodimer	Other-Unbound	H 3	170	1-34:38-59:69-169	2017-05-06	Other	187.9209	0.0003	Unbound	Unbound	97,107,108,109,137,138,139,162,165,166	MG,GSP	None	None	None	None	None	None	None	None	None	None	GSP	MG	None	None	None	None	STP	XRAY	1.850	0.189	HMTEYKLVVVGAAGVGKSALTIQLIQNHFVDEYDPTIEDSYRKQVVIDGETCLLDILDTAGQEEYSAMRDQYMRTGEGFLCVFAINNTKSFEDIHHYREQIKRVKDSEDVPMVLVGNKSDLPSRTVDTKQAQDLARSYGIPFIETSAKTRQGVDDAFYTLVREIRKHKEK	True	94.937	94.937	121.016	90.000	90.000	120.000	/Users/mitchellparker/Desktop/rascore_build/core/5vpzA_core.cif	/Users/mitchellparker/Desktop/rascore_build/rcsb/5vpz.cif.gz	/Users/mitchellparker/Desktop/rascore_build/renum/5vpz_renum.cif	/Users/mitchellparker/Desktop/rascore_build/rcsb_assembly/5vpz-assembly-2.cif.gz	/Users/mitchellparker/Desktop/rascore_build/renum_assembly/5vpz-assembly-2_renum.cif	/Users/mitchellparker/Desktop/rascore_build/sifts/5vpz.xml.gz	/Users/mitchellparker/Desktop/rascore_build/pocket/5vpzA_5_pocket.pdb
5vpzA	5vpz	0	A	Disordered	Disordered	Y32out	Y71out	H 3 (CF3)	5vpzA6	6	GTPase KRas	RASK_HUMAN	P01116-2	G12A,C118S	G12,C118	KRAS	3P	G12A	None	None	None	Homodimer	Other-Unbound	H 3	170	1-34:38-59:69-169	2017-05-06	Other	230.3793	0.0002	Unbound	Unbound	3,5,74,76,167,169	MG,GSP	None	None	None	None	None	None	None	None	None	None	GSP	MG	None	None	None	None	STP	XRAY	1.850	0.189	HMTEYKLVVVGAAGVGKSALTIQLIQNHFVDEYDPTIEDSYRKQVVIDGETCLLDILDTAGQEEYSAMRDQYMRTGEGFLCVFAINNTKSFEDIHHYREQIKRVKDSEDVPMVLVGNKSDLPSRTVDTKQAQDLARSYGIPFIETSAKTRQGVDDAFYTLVREIRKHKEK	True	94.937	94.937	121.016	90.000	90.000	120.000	/Users/mitchellparker/Desktop/rascore_build/core/5vpzA_core.cif	/Users/mitchellparker/Desktop/rascore_build/rcsb/5vpz.cif.gz	/Users/mitchellparker/Desktop/rascore_build/renum/5vpz_renum.cif	/Users/mitchellparker/Desktop/rascore_build/rcsb_assembly/5vpz-assembly-2.cif.gz	/Users/mitchellparker/Desktop/rascore_build/renum_assembly/5vpz-assembly-2_renum.cif	/Users/mitchellparker/Desktop/rascore_build/sifts/5vpz.xml.gz	/Users/mitchellparker/Desktop/rascore_build/pocket/5vpzA_6_pocket.pdb
5vpzB	5vpz	0	B	Disordered	Disordered	Y32out	Y71out	H 3 (CF3)	5vpzB3	3	GTPase KRas	RASK_HUMAN	P01116-2	G12A,C118S	G12,C118	KRAS	3P	G12A	None	None	None	Homodimer	Other-Unbound	H 3	170	1-34:38-59:69-169	2017-05-06	Other	267.2741	0.0026	Unbound	Unbound	73,74,75,76,104,106,108,109,110,167	MG,GSP	None	None	None	None	None	None	None	None	None	None	GSP	MG	None	None	None	None	STP	XRAY	1.850	0.189	HMTEYKLVVVGAAGVGKSALTIQLIQNHFVDEYDPTIEDSYRKQVVIDGETCLLDILDTAGQEEYSAMRDQYMRTGEGFLCVFAINNTKSFEDIHHYREQIKRVKDSEDVPMVLVGNKSDLPSRTVDTKQAQDLARSYGIPFIETSAKTRQGVDDAFYTLVREIRKHKEK	True	94.937	94.937	121.016	90.000	90.000	120.000	/Users/mitchellparker/Desktop/rascore_build/core/5vpzB_core.cif	/Users/mitchellparker/Desktop/rascore_build/rcsb/5vpz.cif.gz	/Users/mitchellparker/Desktop/rascore_build/renum/5vpz_renum.cif	/Users/mitchellparker/Desktop/rascore_build/rcsb_assembly/5vpz-assembly-2.cif.gz	/Users/mitchellparker/Desktop/rascore_build/renum_assembly/5vpz-assembly-2_renum.cif	/Users/mitchellparker/Desktop/rascore_build/sifts/5vpz.xml.gz	/Users/mitchellparker/Desktop/rascore_build/pocket/5vpzB_3_pocket.pdb
5vpzB	5vpz	0	B	Disordered	Disordered	Y32out	Y71out	H 3 (CF3)	5vpzB4	4	GTPase KRas	RASK_HUMAN	P01116-2	G12A,C118S	G12,C118	KRAS	3P	G12A	None	None	None	Homodimer	Other-Unbound	H 3	170	1-34:38-59:69-169	2017-05-06	Other	285.2267	0.0006	Unbound	Unbound	131,134,135,139,141	MG,GSP	None	None	None	None	None	None	None	None	None	None	GSP	MG	None	None	None	None	STP	XRAY	1.850	0.189	HMTEYKLVVVGAAGVGKSALTIQLIQNHFVDEYDPTIEDSYRKQVVIDGETCLLDILDTAGQEEYSAMRDQYMRTGEGFLCVFAINNTKSFEDIHHYREQIKRVKDSEDVPMVLVGNKSDLPSRTVDTKQAQDLARSYGIPFIETSAKTRQGVDDAFYTLVREIRKHKEK	True	94.937	94.937	121.016	90.000	90.000	120.000	/Users/mitchellparker/Desktop/rascore_build/core/5vpzB_core.cif	/Users/mitchellparker/Desktop/rascore_build/rcsb/5vpz.cif.gz	/Users/mitchellparker/Desktop/rascore_build/renum/5vpz_renum.cif	/Users/mitchellparker/Desktop/rascore_build/rcsb_assembly/5vpz-assembly-2.cif.gz	/Users/mitchellparker/Desktop/rascore_build/renum_assembly/5vpz-assembly-2_renum.cif	/Users/mitchellparker/Desktop/rascore_build/sifts/5vpz.xml.gz	/Users/mitchellparker/Desktop/rascore_build/pocket/5vpzB_4_pocket.pdb
5vpzB	5vpz	0	B	Disordered	Disordered	Y32out	Y71out	H 3 (CF3)	5vpzB5	5	GTPase KRas	RASK_HUMAN	P01116-2	G12A,C118S	G12,C118	KRAS	3P	G12A	None	None	None	Homodimer	Other-Unbound	H 3	170	1-34:38-59:69-169	2017-05-06	Other	239.8119	0.0001	Unbound	Unbound	3,5,74,76,167,169	MG,GSP	None	None	None	None	None	None	None	None	None	None	GSP	MG	None	None	None	None	STP	XRAY	1.850	0.189	HMTEYKLVVVGAAGVGKSALTIQLIQNHFVDEYDPTIEDSYRKQVVIDGETCLLDILDTAGQEEYSAMRDQYMRTGEGFLCVFAINNTKSFEDIHHYREQIKRVKDSEDVPMVLVGNKSDLPSRTVDTKQAQDLARSYGIPFIETSAKTRQGVDDAFYTLVREIRKHKEK	True	94.937	94.937	121.016	90.000	90.000	120.000	/Users/mitchellparker/Desktop/rascore_build/core/5vpzB_core.cif	/Users/mitchellparker/Desktop/rascore_build/rcsb/5vpz.cif.gz	/Users/mitchellparker/Desktop/rascore_build/renum/5vpz_renum.cif	/Users/mitchellparker/Desktop/rascore_build/rcsb_assembly/5vpz-assembly-2.cif.gz	/Users/mitchellparker/Desktop/rascore_build/renum_assembly/5vpz-assembly-2_renum.cif	/Users/mitchellparker/Desktop/rascore_build/sifts/5vpz.xml.gz	/Users/mitchellparker/Desktop/rascore_build/pocket/5vpzB_5_pocket.pdb
5vq0A	5vq0	0	A	Y32out.2P-OFF	Disordered	Y32out	Y71out	H 3 (CF3)	5vq0A1	1	GTPase KRas	RASK_HUMAN	P01116-2	G12A,C118S	G12,C118	KRAS	2P	G12A	None	None	None	Homodimer	Other-Unbound	H 3	170	1-60:70-169	2017-05-06	Other	426.9456	0.0014	Unbound	Unbound	127,131,134,135,139,141,143	MG,GDP	None	None	None	None	None	None	None	None	None	None	GDP	MG	None	None	None	None	STP	XRAY	2.300	0.219	HMTEYKLVVVGAAGVGKSALTIQLIQNHFVDEYDPTIEDSYRKQVVIDGETCLLDILDTAGQEEYSAMRDQYMRTGEGFLCVFAINNTKSFEDIHHYREQIKRVKDSEDVPMVLVGNKSDLPSRTVDTKQAQDLARSYGIPFIETSAKTRQGVDDAFYTLVREIRKHKEK	True	92.766	92.766	118.415	90.000	90.000	120.000	/Users/mitchellparker/Desktop/rascore_build/core/5vq0A_core.cif	/Users/mitchellparker/Desktop/rascore_build/rcsb/5vq0.cif.gz	/Users/mitchellparker/Desktop/rascore_build/renum/5vq0_renum.cif	/Users/mitchellparker/Desktop/rascore_build/rcsb_assembly/5vq0-assembly-1.cif.gz	/Users/mitchellparker/Desktop/rascore_build/renum_assembly/5vq0-assembly-1_renum.cif	/Users/mitchellparker/Desktop/rascore_build/sifts/5vq0.xml.gz	/Users/mitchellparker/Desktop/rascore_build/pocket/5vq0A_1_pocket.pdb
5vq0A	5vq0	0	A	Y32out.2P-OFF	Disordered	Y32out	Y71out	H 3 (CF3)	5vq0A2	2	GTPase KRas	RASK_HUMAN	P01116-2	G12A,C118S	G12,C118	KRAS	2P	G12A	None	None	None	Homodimer	Other-Unbound	H 3	170	1-60:70-169	2017-05-06	Other	273.4673	0.5501	Unbound	Unbound	20,21,24,25,27,29,32,40	MG,GDP	None	None	None	None	None	None	None	None	None	None	GDP	MG	None	None	None	None	STP	XRAY	2.300	0.219	HMTEYKLVVVGAAGVGKSALTIQLIQNHFVDEYDPTIEDSYRKQVVIDGETCLLDILDTAGQEEYSAMRDQYMRTGEGFLCVFAINNTKSFEDIHHYREQIKRVKDSEDVPMVLVGNKSDLPSRTVDTKQAQDLARSYGIPFIETSAKTRQGVDDAFYTLVREIRKHKEK	True	92.766	92.766	118.415	90.000	90.000	120.000	/Users/mitchellparker/Desktop/rascore_build/core/5vq0A_core.cif	/Users/mitchellparker/Desktop/rascore_build/rcsb/5vq0.cif.gz	/Users/mitchellparker/Desktop/rascore_build/renum/5vq0_renum.cif	/Users/mitchellparker/Desktop/rascore_build/rcsb_assembly/5vq0-assembly-1.cif.gz	/Users/mitchellparker/Desktop/rascore_build/renum_assembly/5vq0-assembly-1_renum.cif	/Users/mitchellparker/Desktop/rascore_build/sifts/5vq0.xml.gz	/Users/mitchellparker/Desktop/rascore_build/pocket/5vq0A_2_pocket.pdb
5vq0A	5vq0	0	A	Y32out.2P-OFF	Disordered	Y32out	Y71out	H 3 (CF3)	5vq0A3	3	GTPase KRas	RASK_HUMAN	P01116-2	G12A,C118S	G12,C118	KRAS	2P	G12A	None	None	None	Homodimer	Other-Unbound	H 3	170	1-60:70-169	2017-05-06	Other	252.6571	0.0010	Unbound	Unbound	3,5,54,74,76,167,169	MG,GDP	None	None	None	None	None	None	None	None	None	None	GDP	MG	None	None	None	None	STP	XRAY	2.300	0.219	HMTEYKLVVVGAAGVGKSALTIQLIQNHFVDEYDPTIEDSYRKQVVIDGETCLLDILDTAGQEEYSAMRDQYMRTGEGFLCVFAINNTKSFEDIHHYREQIKRVKDSEDVPMVLVGNKSDLPSRTVDTKQAQDLARSYGIPFIETSAKTRQGVDDAFYTLVREIRKHKEK	True	92.766	92.766	118.415	90.000	90.000	120.000	/Users/mitchellparker/Desktop/rascore_build/core/5vq0A_core.cif	/Users/mitchellparker/Desktop/rascore_build/rcsb/5vq0.cif.gz	/Users/mitchellparker/Desktop/rascore_build/renum/5vq0_renum.cif	/Users/mitchellparker/Desktop/rascore_build/rcsb_assembly/5vq0-assembly-1.cif.gz	/Users/mitchellparker/Desktop/rascore_build/renum_assembly/5vq0-assembly-1_renum.cif	/Users/mitchellparker/Desktop/rascore_build/sifts/5vq0.xml.gz	/Users/mitchellparker/Desktop/rascore_build/pocket/5vq0A_3_pocket.pdb
5vq0A	5vq0	0	A	Y32out.2P-OFF	Disordered	Y32out	Y71out	H 3 (CF3)	5vq0A4	4	GTPase KRas	RASK_HUMAN	P01116-2	G12A,C118S	G12,C118	KRAS	2P	G12A	None	None	None	Homodimer	Other-Unbound	H 3	170	1-60:70-169	2017-05-06	Other	339.8267	0.0041	Unbound	Unbound	73,74,75,76,104,108,110,166,167	MG,GDP	None	None	None	None	None	None	None	None	None	None	GDP	MG	None	None	None	None	STP	XRAY	2.300	0.219	HMTEYKLVVVGAAGVGKSALTIQLIQNHFVDEYDPTIEDSYRKQVVIDGETCLLDILDTAGQEEYSAMRDQYMRTGEGFLCVFAINNTKSFEDIHHYREQIKRVKDSEDVPMVLVGNKSDLPSRTVDTKQAQDLARSYGIPFIETSAKTRQGVDDAFYTLVREIRKHKEK	True	92.766	92.766	118.415	90.000	90.000	120.000	/Users/mitchellparker/Desktop/rascore_build/core/5vq0A_core.cif	/Users/mitchellparker/Desktop/rascore_build/rcsb/5vq0.cif.gz	/Users/mitchellparker/Desktop/rascore_build/renum/5vq0_renum.cif	/Users/mitchellparker/Desktop/rascore_build/rcsb_assembly/5vq0-assembly-1.cif.gz	/Users/mitchellparker/Desktop/rascore_build/renum_assembly/5vq0-assembly-1_renum.cif	/Users/mitchellparker/Desktop/rascore_build/sifts/5vq0.xml.gz	/Users/mitchellparker/Desktop/rascore_build/pocket/5vq0A_4_pocket.pdb
5vq0A	5vq0	0	A	Y32out.2P-OFF	Disordered	Y32out	Y71out	H 3 (CF3)	5vq0A5	5	GTPase KRas	RASK_HUMAN	P01116-2	G12A,C118S	G12,C118	KRAS	2P	G12A	None	None	None	Homodimer	Other-Unbound	H 3	170	1-60:70-169	2017-05-06	Other	308.7921	0.0003	Unbound	Unbound	9,37,56,58,60,70,72,96,99	MG,GDP	None	None	None	None	None	None	None	None	None	None	GDP	MG	None	None	None	None	STP	XRAY	2.300	0.219	HMTEYKLVVVGAAGVGKSALTIQLIQNHFVDEYDPTIEDSYRKQVVIDGETCLLDILDTAGQEEYSAMRDQYMRTGEGFLCVFAINNTKSFEDIHHYREQIKRVKDSEDVPMVLVGNKSDLPSRTVDTKQAQDLARSYGIPFIETSAKTRQGVDDAFYTLVREIRKHKEK	True	92.766	92.766	118.415	90.000	90.000	120.000	/Users/mitchellparker/Desktop/rascore_build/core/5vq0A_core.cif	/Users/mitchellparker/Desktop/rascore_build/rcsb/5vq0.cif.gz	/Users/mitchellparker/Desktop/rascore_build/renum/5vq0_renum.cif	/Users/mitchellparker/Desktop/rascore_build/rcsb_assembly/5vq0-assembly-1.cif.gz	/Users/mitchellparker/Desktop/rascore_build/renum_assembly/5vq0-assembly-1_renum.cif	/Users/mitchellparker/Desktop/rascore_build/sifts/5vq0.xml.gz	/Users/mitchellparker/Desktop/rascore_build/pocket/5vq0A_5_pocket.pdb
5vq0B	5vq0	0	B	Y32out.2P-OFF	Disordered	Y32out	Y71out	H 3 (CF3)	5vq0B1	1	GTPase KRas	RASK_HUMAN	P01116-2	G12A,C118S	G12,C118	KRAS	2P	G12A	None	None	None	Homodimer	Other-Unbound	H 3	170	1-60:70-169	2017-05-06	Other	419.4537	0.0013	Unbound	Unbound	127,131,134,135,139,141,143	MG,GDP	None	None	None	None	None	None	None	None	None	None	GDP	MG	None	None	None	None	STP	XRAY	2.300	0.219	HMTEYKLVVVGAAGVGKSALTIQLIQNHFVDEYDPTIEDSYRKQVVIDGETCLLDILDTAGQEEYSAMRDQYMRTGEGFLCVFAINNTKSFEDIHHYREQIKRVKDSEDVPMVLVGNKSDLPSRTVDTKQAQDLARSYGIPFIETSAKTRQGVDDAFYTLVREIRKHKEK	True	92.766	92.766	118.415	90.000	90.000	120.000	/Users/mitchellparker/Desktop/rascore_build/core/5vq0B_core.cif	/Users/mitchellparker/Desktop/rascore_build/rcsb/5vq0.cif.gz	/Users/mitchellparker/Desktop/rascore_build/renum/5vq0_renum.cif	/Users/mitchellparker/Desktop/rascore_build/rcsb_assembly/5vq0-assembly-1.cif.gz	/Users/mitchellparker/Desktop/rascore_build/renum_assembly/5vq0-assembly-1_renum.cif	/Users/mitchellparker/Desktop/rascore_build/sifts/5vq0.xml.gz	/Users/mitchellparker/Desktop/rascore_build/pocket/5vq0B_1_pocket.pdb
5vq0B	5vq0	0	B	Y32out.2P-OFF	Disordered	Y32out	Y71out	H 3 (CF3)	5vq0B2	2	GTPase KRas	RASK_HUMAN	P01116-2	G12A,C118S	G12,C118	KRAS	2P	G12A	None	None	None	Homodimer	Other-Unbound	H 3	170	1-60:70-169	2017-05-06	Other	264.9318	0.5675	Unbound	Unbound	20,21,24,25,27,29,32,40	MG,GDP	None	None	None	None	None	None	None	None	None	None	GDP	MG	None	None	None	None	STP	XRAY	2.300	0.219	HMTEYKLVVVGAAGVGKSALTIQLIQNHFVDEYDPTIEDSYRKQVVIDGETCLLDILDTAGQEEYSAMRDQYMRTGEGFLCVFAINNTKSFEDIHHYREQIKRVKDSEDVPMVLVGNKSDLPSRTVDTKQAQDLARSYGIPFIETSAKTRQGVDDAFYTLVREIRKHKEK	True	92.766	92.766	118.415	90.000	90.000	120.000	/Users/mitchellparker/Desktop/rascore_build/core/5vq0B_core.cif	/Users/mitchellparker/Desktop/rascore_build/rcsb/5vq0.cif.gz	/Users/mitchellparker/Desktop/rascore_build/renum/5vq0_renum.cif	/Users/mitchellparker/Desktop/rascore_build/rcsb_assembly/5vq0-assembly-1.cif.gz	/Users/mitchellparker/Desktop/rascore_build/renum_assembly/5vq0-assembly-1_renum.cif	/Users/mitchellparker/Desktop/rascore_build/sifts/5vq0.xml.gz	/Users/mitchellparker/Desktop/rascore_build/pocket/5vq0B_2_pocket.pdb
5vq0B	5vq0	0	B	Y32out.2P-OFF	Disordered	Y32out	Y71out	H 3 (CF3)	5vq0B3	3	GTPase KRas	RASK_HUMAN	P01116-2	G12A,C118S	G12,C118	KRAS	2P	G12A	None	None	None	Homodimer	Other-Unbound	H 3	170	1-60:70-169	2017-05-06	Other	245.5875	0.0027	Unbound	Unbound	3,4,5,54,74,76,167,169	MG,GDP	None	None	None	None	None	None	None	None	None	None	GDP	MG	None	None	None	None	STP	XRAY	2.300	0.219	HMTEYKLVVVGAAGVGKSALTIQLIQNHFVDEYDPTIEDSYRKQVVIDGETCLLDILDTAGQEEYSAMRDQYMRTGEGFLCVFAINNTKSFEDIHHYREQIKRVKDSEDVPMVLVGNKSDLPSRTVDTKQAQDLARSYGIPFIETSAKTRQGVDDAFYTLVREIRKHKEK	True	92.766	92.766	118.415	90.000	90.000	120.000	/Users/mitchellparker/Desktop/rascore_build/core/5vq0B_core.cif	/Users/mitchellparker/Desktop/rascore_build/rcsb/5vq0.cif.gz	/Users/mitchellparker/Desktop/rascore_build/renum/5vq0_renum.cif	/Users/mitchellparker/Desktop/rascore_build/rcsb_assembly/5vq0-assembly-1.cif.gz	/Users/mitchellparker/Desktop/rascore_build/renum_assembly/5vq0-assembly-1_renum.cif	/Users/mitchellparker/Desktop/rascore_build/sifts/5vq0.xml.gz	/Users/mitchellparker/Desktop/rascore_build/pocket/5vq0B_3_pocket.pdb
5vq0B	5vq0	0	B	Y32out.2P-OFF	Disordered	Y32out	Y71out	H 3 (CF3)	5vq0B4	4	GTPase KRas	RASK_HUMAN	P01116-2	G12A,C118S	G12,C118	KRAS	2P	G12A	None	None	None	Homodimer	Other-Unbound	H 3	170	1-60:70-169	2017-05-06	Other	350.7329	0.0058	Unbound	Unbound	73,74,75,76,104,108,110,166,167	MG,GDP	None	None	None	None	None	None	None	None	None	None	GDP	MG	None	None	None	None	STP	XRAY	2.300	0.219	HMTEYKLVVVGAAGVGKSALTIQLIQNHFVDEYDPTIEDSYRKQVVIDGETCLLDILDTAGQEEYSAMRDQYMRTGEGFLCVFAINNTKSFEDIHHYREQIKRVKDSEDVPMVLVGNKSDLPSRTVDTKQAQDLARSYGIPFIETSAKTRQGVDDAFYTLVREIRKHKEK	True	92.766	92.766	118.415	90.000	90.000	120.000	/Users/mitchellparker/Desktop/rascore_build/core/5vq0B_core.cif	/Users/mitchellparker/Desktop/rascore_build/rcsb/5vq0.cif.gz	/Users/mitchellparker/Desktop/rascore_build/renum/5vq0_renum.cif	/Users/mitchellparker/Desktop/rascore_build/rcsb_assembly/5vq0-assembly-1.cif.gz	/Users/mitchellparker/Desktop/rascore_build/renum_assembly/5vq0-assembly-1_renum.cif	/Users/mitchellparker/Desktop/rascore_build/sifts/5vq0.xml.gz	/Users/mitchellparker/Desktop/rascore_build/pocket/5vq0B_4_pocket.pdb
5vq1A	5vq1	0	A	Y32out.2P-OFF	Disordered	Y32out	Y71out	H 3 (CF3)	5vq1A1	1	GTPase KRas	RASK_HUMAN	P01116-2	Q61A,C118S	Q61,C118	KRAS	2P	Other	None	None	None	Homodimer	Other-Unbound	H 3	170	1-61:65-169	2017-05-07	Other	363.2703	0.0630	Unbound	Unbound	73,74,75,76,104,106,108,109,110,166,167	GDP,MG	None	None	None	None	None	None	None	None	None	None	GDP	MG	None	None	None	None	STP	XRAY	1.780	0.181	HMTEYKLVVVGAGGVGKSALTIQLIQNHFVDEYDPTIEDSYRKQVVIDGETCLLDILDTAGAEEYSAMRDQYMRTGEGFLCVFAINNTKSFEDIHHYREQIKRVKDSEDVPMVLVGNKSDLPSRTVDTKQAQDLARSYGIPFIETSAKTRQGVDDAFYTLVREIRKHKEK	True	93.862	93.862	120.498	90.000	90.000	120.000	/Users/mitchellparker/Desktop/rascore_build/core/5vq1A_core.cif	/Users/mitchellparker/Desktop/rascore_build/rcsb/5vq1.cif.gz	/Users/mitchellparker/Desktop/rascore_build/renum/5vq1_renum.cif	/Users/mitchellparker/Desktop/rascore_build/rcsb_assembly/5vq1-assembly-1.cif.gz	/Users/mitchellparker/Desktop/rascore_build/renum_assembly/5vq1-assembly-1_renum.cif	/Users/mitchellparker/Desktop/rascore_build/sifts/5vq1.xml.gz	/Users/mitchellparker/Desktop/rascore_build/pocket/5vq1A_1_pocket.pdb
5vq1A	5vq1	0	A	Y32out.2P-OFF	Disordered	Y32out	Y71out	H 3 (CF3)	5vq1A2	2	GTPase KRas	RASK_HUMAN	P01116-2	Q61A,C118S	Q61,C118	KRAS	2P	Other	None	None	None	Homodimer	Other-Unbound	H 3	170	1-61:65-169	2017-05-07	Other	152.3748	0.0005	Unbound	Unbound	107,108,109,110,137,138,139,162,165,166	GDP,MG	None	None	None	None	None	None	None	None	None	None	GDP	MG	None	None	None	None	STP	XRAY	1.780	0.181	HMTEYKLVVVGAGGVGKSALTIQLIQNHFVDEYDPTIEDSYRKQVVIDGETCLLDILDTAGAEEYSAMRDQYMRTGEGFLCVFAINNTKSFEDIHHYREQIKRVKDSEDVPMVLVGNKSDLPSRTVDTKQAQDLARSYGIPFIETSAKTRQGVDDAFYTLVREIRKHKEK	True	93.862	93.862	120.498	90.000	90.000	120.000	/Users/mitchellparker/Desktop/rascore_build/core/5vq1A_core.cif	/Users/mitchellparker/Desktop/rascore_build/rcsb/5vq1.cif.gz	/Users/mitchellparker/Desktop/rascore_build/renum/5vq1_renum.cif	/Users/mitchellparker/Desktop/rascore_build/rcsb_assembly/5vq1-assembly-1.cif.gz	/Users/mitchellparker/Desktop/rascore_build/renum_assembly/5vq1-assembly-1_renum.cif	/Users/mitchellparker/Desktop/rascore_build/sifts/5vq1.xml.gz	/Users/mitchellparker/Desktop/rascore_build/pocket/5vq1A_2_pocket.pdb
5vq1A	5vq1	0	A	Y32out.2P-OFF	Disordered	Y32out	Y71out	H 3 (CF3)	5vq1A3	3	GTPase KRas	RASK_HUMAN	P01116-2	Q61A,C118S	Q61,C118	KRAS	2P	Other	None	None	None	Homodimer	Other-Unbound	H 3	170	1-61:65-169	2017-05-07	Other	247.3833	0.0047	Unbound	Unbound	3,5,54,74,76,167,169	GDP,MG	None	None	None	None	None	None	None	None	None	None	GDP	MG	None	None	None	None	STP	XRAY	1.780	0.181	HMTEYKLVVVGAGGVGKSALTIQLIQNHFVDEYDPTIEDSYRKQVVIDGETCLLDILDTAGAEEYSAMRDQYMRTGEGFLCVFAINNTKSFEDIHHYREQIKRVKDSEDVPMVLVGNKSDLPSRTVDTKQAQDLARSYGIPFIETSAKTRQGVDDAFYTLVREIRKHKEK	True	93.862	93.862	120.498	90.000	90.000	120.000	/Users/mitchellparker/Desktop/rascore_build/core/5vq1A_core.cif	/Users/mitchellparker/Desktop/rascore_build/rcsb/5vq1.cif.gz	/Users/mitchellparker/Desktop/rascore_build/renum/5vq1_renum.cif	/Users/mitchellparker/Desktop/rascore_build/rcsb_assembly/5vq1-assembly-1.cif.gz	/Users/mitchellparker/Desktop/rascore_build/renum_assembly/5vq1-assembly-1_renum.cif	/Users/mitchellparker/Desktop/rascore_build/sifts/5vq1.xml.gz	/Users/mitchellparker/Desktop/rascore_build/pocket/5vq1A_3_pocket.pdb
5vq1A	5vq1	0	A	Y32out.2P-OFF	Disordered	Y32out	Y71out	H 3 (CF3)	5vq1A4	4	GTPase KRas	RASK_HUMAN	P01116-2	Q61A,C118S	Q61,C118	KRAS	2P	Other	None	None	None	Homodimer	Other-Unbound	H 3	170	1-61:65-169	2017-05-07	Other	247.4727	0.1530	Unbound	Unbound	90,129,132,133,136	GDP,MG	None	None	None	None	None	None	None	None	None	None	GDP	MG	None	None	None	None	STP	XRAY	1.780	0.181	HMTEYKLVVVGAGGVGKSALTIQLIQNHFVDEYDPTIEDSYRKQVVIDGETCLLDILDTAGAEEYSAMRDQYMRTGEGFLCVFAINNTKSFEDIHHYREQIKRVKDSEDVPMVLVGNKSDLPSRTVDTKQAQDLARSYGIPFIETSAKTRQGVDDAFYTLVREIRKHKEK	True	93.862	93.862	120.498	90.000	90.000	120.000	/Users/mitchellparker/Desktop/rascore_build/core/5vq1A_core.cif	/Users/mitchellparker/Desktop/rascore_build/rcsb/5vq1.cif.gz	/Users/mitchellparker/Desktop/rascore_build/renum/5vq1_renum.cif	/Users/mitchellparker/Desktop/rascore_build/rcsb_assembly/5vq1-assembly-1.cif.gz	/Users/mitchellparker/Desktop/rascore_build/renum_assembly/5vq1-assembly-1_renum.cif	/Users/mitchellparker/Desktop/rascore_build/sifts/5vq1.xml.gz	/Users/mitchellparker/Desktop/rascore_build/pocket/5vq1A_4_pocket.pdb
5vq1B	5vq1	0	B	Y32out.2P-OFF	Disordered	Y32out	Y71out	H 3 (CF3)	5vq1B1	1	GTPase KRas	RASK_HUMAN	P01116-2	Q61A,C118S	Q61,C118	KRAS	2P	Other	None	None	None	Homodimer	Other-Unbound	H 3	170	1-61:65-169	2017-05-07	Other	428.2006	0.0007	Unbound	Unbound	127,131,134,135,139,141,143	GDP,MG,PG4	None	None	None	None	None	None	None	None	None	None	GDP	MG	None	PG4	None	None	STP	XRAY	1.780	0.181	HMTEYKLVVVGAGGVGKSALTIQLIQNHFVDEYDPTIEDSYRKQVVIDGETCLLDILDTAGAEEYSAMRDQYMRTGEGFLCVFAINNTKSFEDIHHYREQIKRVKDSEDVPMVLVGNKSDLPSRTVDTKQAQDLARSYGIPFIETSAKTRQGVDDAFYTLVREIRKHKEK	True	93.862	93.862	120.498	90.000	90.000	120.000	/Users/mitchellparker/Desktop/rascore_build/core/5vq1B_core.cif	/Users/mitchellparker/Desktop/rascore_build/rcsb/5vq1.cif.gz	/Users/mitchellparker/Desktop/rascore_build/renum/5vq1_renum.cif	/Users/mitchellparker/Desktop/rascore_build/rcsb_assembly/5vq1-assembly-1.cif.gz	/Users/mitchellparker/Desktop/rascore_build/renum_assembly/5vq1-assembly-1_renum.cif	/Users/mitchellparker/Desktop/rascore_build/sifts/5vq1.xml.gz	/Users/mitchellparker/Desktop/rascore_build/pocket/5vq1B_1_pocket.pdb
5vq1B	5vq1	0	B	Y32out.2P-OFF	Disordered	Y32out	Y71out	H 3 (CF3)	5vq1B2	2	GTPase KRas	RASK_HUMAN	P01116-2	Q61A,C118S	Q61,C118	KRAS	2P	Other	None	None	None	Homodimer	Other-Unbound	H 3	170	1-61:65-169	2017-05-07	Other	352.2937	0.0533	Unbound	Unbound	73,74,75,76,104,106,108,109,110,167	GDP,MG,PG4	None	None	None	None	None	None	None	None	None	None	GDP	MG	None	PG4	None	None	STP	XRAY	1.780	0.181	HMTEYKLVVVGAGGVGKSALTIQLIQNHFVDEYDPTIEDSYRKQVVIDGETCLLDILDTAGAEEYSAMRDQYMRTGEGFLCVFAINNTKSFEDIHHYREQIKRVKDSEDVPMVLVGNKSDLPSRTVDTKQAQDLARSYGIPFIETSAKTRQGVDDAFYTLVREIRKHKEK	True	93.862	93.862	120.498	90.000	90.000	120.000	/Users/mitchellparker/Desktop/rascore_build/core/5vq1B_core.cif	/Users/mitchellparker/Desktop/rascore_build/rcsb/5vq1.cif.gz	/Users/mitchellparker/Desktop/rascore_build/renum/5vq1_renum.cif	/Users/mitchellparker/Desktop/rascore_build/rcsb_assembly/5vq1-assembly-1.cif.gz	/Users/mitchellparker/Desktop/rascore_build/renum_assembly/5vq1-assembly-1_renum.cif	/Users/mitchellparker/Desktop/rascore_build/sifts/5vq1.xml.gz	/Users/mitchellparker/Desktop/rascore_build/pocket/5vq1B_2_pocket.pdb
5vq1B	5vq1	0	B	Y32out.2P-OFF	Disordered	Y32out	Y71out	H 3 (CF3)	5vq1B3	3	GTPase KRas	RASK_HUMAN	P01116-2	Q61A,C118S	Q61,C118	KRAS	2P	Other	None	None	None	Homodimer	Other-Unbound	H 3	170	1-61:65-169	2017-05-07	Other	233.2220	0.1241	Unbound	Unbound	12,13,30,31,32,34	GDP,MG,PG4	None	None	None	None	None	None	None	None	None	None	GDP	MG	None	PG4	None	None	STP	XRAY	1.780	0.181	HMTEYKLVVVGAGGVGKSALTIQLIQNHFVDEYDPTIEDSYRKQVVIDGETCLLDILDTAGAEEYSAMRDQYMRTGEGFLCVFAINNTKSFEDIHHYREQIKRVKDSEDVPMVLVGNKSDLPSRTVDTKQAQDLARSYGIPFIETSAKTRQGVDDAFYTLVREIRKHKEK	True	93.862	93.862	120.498	90.000	90.000	120.000	/Users/mitchellparker/Desktop/rascore_build/core/5vq1B_core.cif	/Users/mitchellparker/Desktop/rascore_build/rcsb/5vq1.cif.gz	/Users/mitchellparker/Desktop/rascore_build/renum/5vq1_renum.cif	/Users/mitchellparker/Desktop/rascore_build/rcsb_assembly/5vq1-assembly-1.cif.gz	/Users/mitchellparker/Desktop/rascore_build/renum_assembly/5vq1-assembly-1_renum.cif	/Users/mitchellparker/Desktop/rascore_build/sifts/5vq1.xml.gz	/Users/mitchellparker/Desktop/rascore_build/pocket/5vq1B_3_pocket.pdb
5vq1B	5vq1	0	B	Y32out.2P-OFF	Disordered	Y32out	Y71out	H 3 (CF3)	5vq1B4	4	GTPase KRas	RASK_HUMAN	P01116-2	Q61A,C118S	Q61,C118	KRAS	2P	Other	None	None	None	Homodimer	Other-Unbound	H 3	170	1-61:65-169	2017-05-07	Other	243.4109	0.0439	Unbound	Unbound	90,129,132,133,136	GDP,MG,PG4	None	None	None	None	None	None	None	None	None	None	GDP	MG	None	PG4	None	None	STP	XRAY	1.780	0.181	HMTEYKLVVVGAGGVGKSALTIQLIQNHFVDEYDPTIEDSYRKQVVIDGETCLLDILDTAGAEEYSAMRDQYMRTGEGFLCVFAINNTKSFEDIHHYREQIKRVKDSEDVPMVLVGNKSDLPSRTVDTKQAQDLARSYGIPFIETSAKTRQGVDDAFYTLVREIRKHKEK	True	93.862	93.862	120.498	90.000	90.000	120.000	/Users/mitchellparker/Desktop/rascore_build/core/5vq1B_core.cif	/Users/mitchellparker/Desktop/rascore_build/rcsb/5vq1.cif.gz	/Users/mitchellparker/Desktop/rascore_build/renum/5vq1_renum.cif	/Users/mitchellparker/Desktop/rascore_build/rcsb_assembly/5vq1-assembly-1.cif.gz	/Users/mitchellparker/Desktop/rascore_build/renum_assembly/5vq1-assembly-1_renum.cif	/Users/mitchellparker/Desktop/rascore_build/sifts/5vq1.xml.gz	/Users/mitchellparker/Desktop/rascore_build/pocket/5vq1B_4_pocket.pdb
5vq2A	5vq2	0	A	Disordered	Disordered	Y32out	Y71out	H 3 (CF3)	5vq2A3	3	GTPase KRas	RASK_HUMAN	P01116-2	C118S	C118	KRAS	3P	Other	None	None	None	Homodimer	Other-Unbound	H 3	170	1-33:37-58:69-168	2017-05-07	Other	176.1949	0.0010	Unbound	Unbound	97,101,107,108,109,111,137,138,139,162,165,166	GTP,MG	None	None	None	None	None	None	None	None	None	None	GTP	MG	None	None	None	None	STP	XRAY	1.960	0.199	HMTEYKLVVVGAGGVGKSALTIQLIQNHFVDEYDPTIEDSYRKQVVIDGETCLLDILDTAGQEEYSAMRDQYMRTGEGFLCVFAINNTKSFEDIHHYREQIKRVKDSEDVPMVLVGNKSDLPSRTVDTKQAQDLARSYGIPFIETSAKTRQGVDDAFYTLVREIRKHKEK	True	94.919	94.919	120.500	90.000	90.000	120.000	/Users/mitchellparker/Desktop/rascore_build/core/5vq2A_core.cif	/Users/mitchellparker/Desktop/rascore_build/rcsb/5vq2.cif.gz	/Users/mitchellparker/Desktop/rascore_build/renum/5vq2_renum.cif	/Users/mitchellparker/Desktop/rascore_build/rcsb_assembly/5vq2-assembly-2.cif.gz	/Users/mitchellparker/Desktop/rascore_build/renum_assembly/5vq2-assembly-2_renum.cif	/Users/mitchellparker/Desktop/rascore_build/sifts/5vq2.xml.gz	/Users/mitchellparker/Desktop/rascore_build/pocket/5vq2A_3_pocket.pdb
5vq2A	5vq2	0	A	Disordered	Disordered	Y32out	Y71out	H 3 (CF3)	5vq2A4	4	GTPase KRas	RASK_HUMAN	P01116-2	C118S	C118	KRAS	3P	Other	None	None	None	Homodimer	Other-Unbound	H 3	170	1-33:37-58:69-168	2017-05-07	Other	302.3663	0.0021	Unbound	Unbound	2,3,4,49,76,163,164,167,168	GTP,MG	None	None	None	None	None	None	None	None	None	None	GTP	MG	None	None	None	None	STP	XRAY	1.960	0.199	HMTEYKLVVVGAGGVGKSALTIQLIQNHFVDEYDPTIEDSYRKQVVIDGETCLLDILDTAGQEEYSAMRDQYMRTGEGFLCVFAINNTKSFEDIHHYREQIKRVKDSEDVPMVLVGNKSDLPSRTVDTKQAQDLARSYGIPFIETSAKTRQGVDDAFYTLVREIRKHKEK	True	94.919	94.919	120.500	90.000	90.000	120.000	/Users/mitchellparker/Desktop/rascore_build/core/5vq2A_core.cif	/Users/mitchellparker/Desktop/rascore_build/rcsb/5vq2.cif.gz	/Users/mitchellparker/Desktop/rascore_build/renum/5vq2_renum.cif	/Users/mitchellparker/Desktop/rascore_build/rcsb_assembly/5vq2-assembly-2.cif.gz	/Users/mitchellparker/Desktop/rascore_build/renum_assembly/5vq2-assembly-2_renum.cif	/Users/mitchellparker/Desktop/rascore_build/sifts/5vq2.xml.gz	/Users/mitchellparker/Desktop/rascore_build/pocket/5vq2A_4_pocket.pdb
5vq2A	5vq2	0	A	Disordered	Disordered	Y32out	Y71out	H 3 (CF3)	5vq2A5	5	GTPase KRas	RASK_HUMAN	P01116-2	C118S	C118	KRAS	3P	Other	None	None	None	Homodimer	Other-Unbound	H 3	170	1-33:37-58:69-168	2017-05-07	Other	201.7876	0.0010	Unbound	Unbound	74,75,76,104,106,108,109,110,167	GTP,MG	None	None	None	None	None	None	None	None	None	None	GTP	MG	None	None	None	None	STP	XRAY	1.960	0.199	HMTEYKLVVVGAGGVGKSALTIQLIQNHFVDEYDPTIEDSYRKQVVIDGETCLLDILDTAGQEEYSAMRDQYMRTGEGFLCVFAINNTKSFEDIHHYREQIKRVKDSEDVPMVLVGNKSDLPSRTVDTKQAQDLARSYGIPFIETSAKTRQGVDDAFYTLVREIRKHKEK	True	94.919	94.919	120.500	90.000	90.000	120.000	/Users/mitchellparker/Desktop/rascore_build/core/5vq2A_core.cif	/Users/mitchellparker/Desktop/rascore_build/rcsb/5vq2.cif.gz	/Users/mitchellparker/Desktop/rascore_build/renum/5vq2_renum.cif	/Users/mitchellparker/Desktop/rascore_build/rcsb_assembly/5vq2-assembly-2.cif.gz	/Users/mitchellparker/Desktop/rascore_build/renum_assembly/5vq2-assembly-2_renum.cif	/Users/mitchellparker/Desktop/rascore_build/sifts/5vq2.xml.gz	/Users/mitchellparker/Desktop/rascore_build/pocket/5vq2A_5_pocket.pdb
5vq2A	5vq2	0	A	Disordered	Disordered	Y32out	Y71out	H 3 (CF3)	5vq2A6	6	GTPase KRas	RASK_HUMAN	P01116-2	C118S	C118	KRAS	3P	Other	None	None	None	Homodimer	Other-Unbound	H 3	170	1-33:37-58:69-168	2017-05-07	Other	224.3723	0.0006	Unbound	Unbound	131,134,135,139,141	GTP,MG	None	None	None	None	None	None	None	None	None	None	GTP	MG	None	None	None	None	STP	XRAY	1.960	0.199	HMTEYKLVVVGAGGVGKSALTIQLIQNHFVDEYDPTIEDSYRKQVVIDGETCLLDILDTAGQEEYSAMRDQYMRTGEGFLCVFAINNTKSFEDIHHYREQIKRVKDSEDVPMVLVGNKSDLPSRTVDTKQAQDLARSYGIPFIETSAKTRQGVDDAFYTLVREIRKHKEK	True	94.919	94.919	120.500	90.000	90.000	120.000	/Users/mitchellparker/Desktop/rascore_build/core/5vq2A_core.cif	/Users/mitchellparker/Desktop/rascore_build/rcsb/5vq2.cif.gz	/Users/mitchellparker/Desktop/rascore_build/renum/5vq2_renum.cif	/Users/mitchellparker/Desktop/rascore_build/rcsb_assembly/5vq2-assembly-2.cif.gz	/Users/mitchellparker/Desktop/rascore_build/renum_assembly/5vq2-assembly-2_renum.cif	/Users/mitchellparker/Desktop/rascore_build/sifts/5vq2.xml.gz	/Users/mitchellparker/Desktop/rascore_build/pocket/5vq2A_6_pocket.pdb
5vq2B	5vq2	0	B	Disordered	Disordered	Y32out	Y71out	H 3 (CF3)	5vq2B3	3	GTPase KRas	RASK_HUMAN	P01116-2	C118S	C118	KRAS	3P	Other	None	None	None	Homodimer	Other-Unbound	H 3	170	1-33:37-58:69-168	2017-05-07	Other	191.8156	0.0008	Unbound	Unbound	97,101,107,108,109,111,137,138,139,162,165,166	GTP,MG	None	None	None	None	None	None	None	None	None	None	GTP	MG	None	None	None	None	STP	XRAY	1.960	0.199	HMTEYKLVVVGAGGVGKSALTIQLIQNHFVDEYDPTIEDSYRKQVVIDGETCLLDILDTAGQEEYSAMRDQYMRTGEGFLCVFAINNTKSFEDIHHYREQIKRVKDSEDVPMVLVGNKSDLPSRTVDTKQAQDLARSYGIPFIETSAKTRQGVDDAFYTLVREIRKHKEK	True	94.919	94.919	120.500	90.000	90.000	120.000	/Users/mitchellparker/Desktop/rascore_build/core/5vq2B_core.cif	/Users/mitchellparker/Desktop/rascore_build/rcsb/5vq2.cif.gz	/Users/mitchellparker/Desktop/rascore_build/renum/5vq2_renum.cif	/Users/mitchellparker/Desktop/rascore_build/rcsb_assembly/5vq2-assembly-2.cif.gz	/Users/mitchellparker/Desktop/rascore_build/renum_assembly/5vq2-assembly-2_renum.cif	/Users/mitchellparker/Desktop/rascore_build/sifts/5vq2.xml.gz	/Users/mitchellparker/Desktop/rascore_build/pocket/5vq2B_3_pocket.pdb
5vq2B	5vq2	0	B	Disordered	Disordered	Y32out	Y71out	H 3 (CF3)	5vq2B4	4	GTPase KRas	RASK_HUMAN	P01116-2	C118S	C118	KRAS	3P	Other	None	None	None	Homodimer	Other-Unbound	H 3	170	1-33:37-58:69-168	2017-05-07	Other	308.7136	0.0010	Unbound	Unbound	2,3,4,49,76,163,164,167,168	GTP,MG	None	None	None	None	None	None	None	None	None	None	GTP	MG	None	None	None	None	STP	XRAY	1.960	0.199	HMTEYKLVVVGAGGVGKSALTIQLIQNHFVDEYDPTIEDSYRKQVVIDGETCLLDILDTAGQEEYSAMRDQYMRTGEGFLCVFAINNTKSFEDIHHYREQIKRVKDSEDVPMVLVGNKSDLPSRTVDTKQAQDLARSYGIPFIETSAKTRQGVDDAFYTLVREIRKHKEK	True	94.919	94.919	120.500	90.000	90.000	120.000	/Users/mitchellparker/Desktop/rascore_build/core/5vq2B_core.cif	/Users/mitchellparker/Desktop/rascore_build/rcsb/5vq2.cif.gz	/Users/mitchellparker/Desktop/rascore_build/renum/5vq2_renum.cif	/Users/mitchellparker/Desktop/rascore_build/rcsb_assembly/5vq2-assembly-2.cif.gz	/Users/mitchellparker/Desktop/rascore_build/renum_assembly/5vq2-assembly-2_renum.cif	/Users/mitchellparker/Desktop/rascore_build/sifts/5vq2.xml.gz	/Users/mitchellparker/Desktop/rascore_build/pocket/5vq2B_4_pocket.pdb
5vq2B	5vq2	0	B	Disordered	Disordered	Y32out	Y71out	H 3 (CF3)	5vq2B5	5	GTPase KRas	RASK_HUMAN	P01116-2	C118S	C118	KRAS	3P	Other	None	None	None	Homodimer	Other-Unbound	H 3	170	1-33:37-58:69-168	2017-05-07	Other	224.0722	0.0004	Unbound	Unbound	131,134,135,139,141	GTP,MG	None	None	None	None	None	None	None	None	None	None	GTP	MG	None	None	None	None	STP	XRAY	1.960	0.199	HMTEYKLVVVGAGGVGKSALTIQLIQNHFVDEYDPTIEDSYRKQVVIDGETCLLDILDTAGQEEYSAMRDQYMRTGEGFLCVFAINNTKSFEDIHHYREQIKRVKDSEDVPMVLVGNKSDLPSRTVDTKQAQDLARSYGIPFIETSAKTRQGVDDAFYTLVREIRKHKEK	True	94.919	94.919	120.500	90.000	90.000	120.000	/Users/mitchellparker/Desktop/rascore_build/core/5vq2B_core.cif	/Users/mitchellparker/Desktop/rascore_build/rcsb/5vq2.cif.gz	/Users/mitchellparker/Desktop/rascore_build/renum/5vq2_renum.cif	/Users/mitchellparker/Desktop/rascore_build/rcsb_assembly/5vq2-assembly-2.cif.gz	/Users/mitchellparker/Desktop/rascore_build/renum_assembly/5vq2-assembly-2_renum.cif	/Users/mitchellparker/Desktop/rascore_build/sifts/5vq2.xml.gz	/Users/mitchellparker/Desktop/rascore_build/pocket/5vq2B_5_pocket.pdb
5vq6A	5vq6	0	A	Disordered	Disordered	Y32out	Y71out	H 3 (CF3)	5vq6A3	3	GTPase KRas	RASK_HUMAN	P01116-2	C118S	C118	KRAS	3P	Other	None	None	None	Homodimer	Other-Unbound	H 3	170	1-32:38-59:69-168	2017-05-08	Other	149.9501	0.0015	Unbound	Unbound	97,101,107,108,109,111,137,138,139,162,166	GSP,MG	None	None	None	None	None	None	None	None	None	None	GSP	MG	None	None	None	None	STP	XRAY	1.990	0.192	HMTEYKLVVVGAGGVGKSALTIQLIQNHFVDEYDPTIEDSYRKQVVIDGETCLLDILDTAGQEEYSAMRDQYMRTGEGFLCVFAINNTKSFEDIHHYREQIKRVKDSEDVPMVLVGNKSDLPSRTVDTKQAQDLARSYGIPFIETSAKTRQGVDDAFYTLVREIRKHKEK	True	95.117	95.117	121.417	90.000	90.000	120.000	/Users/mitchellparker/Desktop/rascore_build/core/5vq6A_core.cif	/Users/mitchellparker/Desktop/rascore_build/rcsb/5vq6.cif.gz	/Users/mitchellparker/Desktop/rascore_build/renum/5vq6_renum.cif	/Users/mitchellparker/Desktop/rascore_build/rcsb_assembly/5vq6-assembly-2.cif.gz	/Users/mitchellparker/Desktop/rascore_build/renum_assembly/5vq6-assembly-2_renum.cif	/Users/mitchellparker/Desktop/rascore_build/sifts/5vq6.xml.gz	/Users/mitchellparker/Desktop/rascore_build/pocket/5vq6A_3_pocket.pdb
5vq6B	5vq6	0	B	Disordered	Disordered	Y32out	Y71out	H 3 (CF3)	5vq6B3	3	GTPase KRas	RASK_HUMAN	P01116-2	C118S	C118	KRAS	3P	Other	None	None	None	Homodimer	Other-Unbound	H 3	170	1-32:38-59:69-168	2017-05-08	Other	205.6447	0.0022	Unbound	Unbound	97,101,107,108,109,111,137,138,139,162,165,166	GSP,MG	None	None	None	None	None	None	None	None	None	None	GSP	MG	None	None	None	None	STP	XRAY	1.990	0.192	HMTEYKLVVVGAGGVGKSALTIQLIQNHFVDEYDPTIEDSYRKQVVIDGETCLLDILDTAGQEEYSAMRDQYMRTGEGFLCVFAINNTKSFEDIHHYREQIKRVKDSEDVPMVLVGNKSDLPSRTVDTKQAQDLARSYGIPFIETSAKTRQGVDDAFYTLVREIRKHKEK	True	95.117	95.117	121.417	90.000	90.000	120.000	/Users/mitchellparker/Desktop/rascore_build/core/5vq6B_core.cif	/Users/mitchellparker/Desktop/rascore_build/rcsb/5vq6.cif.gz	/Users/mitchellparker/Desktop/rascore_build/renum/5vq6_renum.cif	/Users/mitchellparker/Desktop/rascore_build/rcsb_assembly/5vq6-assembly-2.cif.gz	/Users/mitchellparker/Desktop/rascore_build/renum_assembly/5vq6-assembly-2_renum.cif	/Users/mitchellparker/Desktop/rascore_build/sifts/5vq6.xml.gz	/Users/mitchellparker/Desktop/rascore_build/pocket/5vq6B_3_pocket.pdb
5vq6B	5vq6	0	B	Disordered	Disordered	Y32out	Y71out	H 3 (CF3)	5vq6B4	4	GTPase KRas	RASK_HUMAN	P01116-2	C118S	C118	KRAS	3P	Other	None	None	None	Homodimer	Other-Unbound	H 3	170	1-32:38-59:69-168	2017-05-08	Other	270.4230	0.0028	Unbound	Unbound	74,75,76,104,106,108,109,110,166,167	GSP,MG	None	None	None	None	None	None	None	None	None	None	GSP	MG	None	None	None	None	STP	XRAY	1.990	0.192	HMTEYKLVVVGAGGVGKSALTIQLIQNHFVDEYDPTIEDSYRKQVVIDGETCLLDILDTAGQEEYSAMRDQYMRTGEGFLCVFAINNTKSFEDIHHYREQIKRVKDSEDVPMVLVGNKSDLPSRTVDTKQAQDLARSYGIPFIETSAKTRQGVDDAFYTLVREIRKHKEK	True	95.117	95.117	121.417	90.000	90.000	120.000	/Users/mitchellparker/Desktop/rascore_build/core/5vq6B_core.cif	/Users/mitchellparker/Desktop/rascore_build/rcsb/5vq6.cif.gz	/Users/mitchellparker/Desktop/rascore_build/renum/5vq6_renum.cif	/Users/mitchellparker/Desktop/rascore_build/rcsb_assembly/5vq6-assembly-2.cif.gz	/Users/mitchellparker/Desktop/rascore_build/renum_assembly/5vq6-assembly-2_renum.cif	/Users/mitchellparker/Desktop/rascore_build/sifts/5vq6.xml.gz	/Users/mitchellparker/Desktop/rascore_build/pocket/5vq6B_4_pocket.pdb
5vq6B	5vq6	0	B	Disordered	Disordered	Y32out	Y71out	H 3 (CF3)	5vq6B5	5	GTPase KRas	RASK_HUMAN	P01116-2	C118S	C118	KRAS	3P	Other	None	None	None	Homodimer	Other-Unbound	H 3	170	1-32:38-59:69-168	2017-05-08	Other	243.5372	0.0016	Unbound	Unbound	90,129,132,133,136	GSP,MG	None	None	None	None	None	None	None	None	None	None	GSP	MG	None	None	None	None	STP	XRAY	1.990	0.192	HMTEYKLVVVGAGGVGKSALTIQLIQNHFVDEYDPTIEDSYRKQVVIDGETCLLDILDTAGQEEYSAMRDQYMRTGEGFLCVFAINNTKSFEDIHHYREQIKRVKDSEDVPMVLVGNKSDLPSRTVDTKQAQDLARSYGIPFIETSAKTRQGVDDAFYTLVREIRKHKEK	True	95.117	95.117	121.417	90.000	90.000	120.000	/Users/mitchellparker/Desktop/rascore_build/core/5vq6B_core.cif	/Users/mitchellparker/Desktop/rascore_build/rcsb/5vq6.cif.gz	/Users/mitchellparker/Desktop/rascore_build/renum/5vq6_renum.cif	/Users/mitchellparker/Desktop/rascore_build/rcsb_assembly/5vq6-assembly-2.cif.gz	/Users/mitchellparker/Desktop/rascore_build/renum_assembly/5vq6-assembly-2_renum.cif	/Users/mitchellparker/Desktop/rascore_build/sifts/5vq6.xml.gz	/Users/mitchellparker/Desktop/rascore_build/pocket/5vq6B_5_pocket.pdb
5vq8A	5vq8	0	A	Disordered	Disordered	Y32out	Y71out	H 3 (CF3)	5vq8A1	1	GTPase KRas	RASK_HUMAN	P01116-2	C118S	C118	KRAS	2P	Other	None	None	None	Homodimer	Other-Unbound	H 3	170	1-32:38-58:67-168	2017-05-08	Other	337.9378	0.2461	Unbound	Unbound	75,76,104,106,108,109,110,163,166,167	GDP,MG	None	None	None	None	None	None	None	None	None	None	GDP	MG	None	None	None	None	STP	XRAY	2.300	0.220	HMTEYKLVVVGAGGVGKSALTIQLIQNHFVDEYDPTIEDSYRKQVVIDGETCLLDILDTAGQEEYSAMRDQYMRTGEGFLCVFAINNTKSFEDIHHYREQIKRVKDSEDVPMVLVGNKSDLPSRTVDTKQAQDLARSYGIPFIETSAKTRQGVDDAFYTLVREIRKHKEK	True	93.900	93.900	120.562	90.000	90.000	120.000	/Users/mitchellparker/Desktop/rascore_build/core/5vq8A_core.cif	/Users/mitchellparker/Desktop/rascore_build/rcsb/5vq8.cif.gz	/Users/mitchellparker/Desktop/rascore_build/renum/5vq8_renum.cif	/Users/mitchellparker/Desktop/rascore_build/rcsb_assembly/5vq8-assembly-2.cif.gz	/Users/mitchellparker/Desktop/rascore_build/renum_assembly/5vq8-assembly-2_renum.cif	/Users/mitchellparker/Desktop/rascore_build/sifts/5vq8.xml.gz	/Users/mitchellparker/Desktop/rascore_build/pocket/5vq8A_1_pocket.pdb
5vq8A	5vq8	0	A	Disordered	Disordered	Y32out	Y71out	H 3 (CF3)	5vq8A2	2	GTPase KRas	RASK_HUMAN	P01116-2	C118S	C118	KRAS	2P	Other	None	None	None	Homodimer	Other-Unbound	H 3	170	1-32:38-58:67-168	2017-05-08	Other	172.5820	0.0016	Unbound	Unbound	97,107,108,109,110,137,138,139,162,165,166	GDP,MG	None	None	None	None	None	None	None	None	None	None	GDP	MG	None	None	None	None	STP	XRAY	2.300	0.220	HMTEYKLVVVGAGGVGKSALTIQLIQNHFVDEYDPTIEDSYRKQVVIDGETCLLDILDTAGQEEYSAMRDQYMRTGEGFLCVFAINNTKSFEDIHHYREQIKRVKDSEDVPMVLVGNKSDLPSRTVDTKQAQDLARSYGIPFIETSAKTRQGVDDAFYTLVREIRKHKEK	True	93.900	93.900	120.562	90.000	90.000	120.000	/Users/mitchellparker/Desktop/rascore_build/core/5vq8A_core.cif	/Users/mitchellparker/Desktop/rascore_build/rcsb/5vq8.cif.gz	/Users/mitchellparker/Desktop/rascore_build/renum/5vq8_renum.cif	/Users/mitchellparker/Desktop/rascore_build/rcsb_assembly/5vq8-assembly-2.cif.gz	/Users/mitchellparker/Desktop/rascore_build/renum_assembly/5vq8-assembly-2_renum.cif	/Users/mitchellparker/Desktop/rascore_build/sifts/5vq8.xml.gz	/Users/mitchellparker/Desktop/rascore_build/pocket/5vq8A_2_pocket.pdb
5vq8B	5vq8	0	B	Disordered	Disordered	Y32out	Y71out	H 3 (CF3)	5vq8B1	1	GTPase KRas	RASK_HUMAN	P01116-2	C118S	C118	KRAS	2P	Other	None	None	None	Homodimer	Other-Unbound	H 3	170	1-32:38-58:67-168	2017-05-08	Other	338.0184	0.2455	Unbound	Unbound	74,75,76,104,106,108,109,110,163,166,167	GDP,MG	None	None	None	None	None	None	None	None	None	None	GDP	MG	None	None	None	None	STP	XRAY	2.300	0.220	HMTEYKLVVVGAGGVGKSALTIQLIQNHFVDEYDPTIEDSYRKQVVIDGETCLLDILDTAGQEEYSAMRDQYMRTGEGFLCVFAINNTKSFEDIHHYREQIKRVKDSEDVPMVLVGNKSDLPSRTVDTKQAQDLARSYGIPFIETSAKTRQGVDDAFYTLVREIRKHKEK	True	93.900	93.900	120.562	90.000	90.000	120.000	/Users/mitchellparker/Desktop/rascore_build/core/5vq8B_core.cif	/Users/mitchellparker/Desktop/rascore_build/rcsb/5vq8.cif.gz	/Users/mitchellparker/Desktop/rascore_build/renum/5vq8_renum.cif	/Users/mitchellparker/Desktop/rascore_build/rcsb_assembly/5vq8-assembly-2.cif.gz	/Users/mitchellparker/Desktop/rascore_build/renum_assembly/5vq8-assembly-2_renum.cif	/Users/mitchellparker/Desktop/rascore_build/sifts/5vq8.xml.gz	/Users/mitchellparker/Desktop/rascore_build/pocket/5vq8B_1_pocket.pdb
5vq8B	5vq8	0	B	Disordered	Disordered	Y32out	Y71out	H 3 (CF3)	5vq8B2	2	GTPase KRas	RASK_HUMAN	P01116-2	C118S	C118	KRAS	2P	Other	None	None	None	Homodimer	Other-Unbound	H 3	170	1-32:38-58:67-168	2017-05-08	Other	267.1737	0.0010	Unbound	Unbound	97,107,108,109,110,137,138,139,162,165,166	GDP,MG	None	None	None	None	None	None	None	None	None	None	GDP	MG	None	None	None	None	STP	XRAY	2.300	0.220	HMTEYKLVVVGAGGVGKSALTIQLIQNHFVDEYDPTIEDSYRKQVVIDGETCLLDILDTAGQEEYSAMRDQYMRTGEGFLCVFAINNTKSFEDIHHYREQIKRVKDSEDVPMVLVGNKSDLPSRTVDTKQAQDLARSYGIPFIETSAKTRQGVDDAFYTLVREIRKHKEK	True	93.900	93.900	120.562	90.000	90.000	120.000	/Users/mitchellparker/Desktop/rascore_build/core/5vq8B_core.cif	/Users/mitchellparker/Desktop/rascore_build/rcsb/5vq8.cif.gz	/Users/mitchellparker/Desktop/rascore_build/renum/5vq8_renum.cif	/Users/mitchellparker/Desktop/rascore_build/rcsb_assembly/5vq8-assembly-2.cif.gz	/Users/mitchellparker/Desktop/rascore_build/renum_assembly/5vq8-assembly-2_renum.cif	/Users/mitchellparker/Desktop/rascore_build/sifts/5vq8.xml.gz	/Users/mitchellparker/Desktop/rascore_build/pocket/5vq8B_2_pocket.pdb
5vq8B	5vq8	0	B	Disordered	Disordered	Y32out	Y71out	H 3 (CF3)	5vq8B3	3	GTPase KRas	RASK_HUMAN	P01116-2	C118S	C118	KRAS	2P	Other	None	None	None	Homodimer	Other-Unbound	H 3	170	1-32:38-58:67-168	2017-05-08	Other	212.0684	0.0044	Unbound	Unbound	98,101,102,105,106	GDP,MG	None	None	None	None	None	None	None	None	None	None	GDP	MG	None	None	None	None	STP	XRAY	2.300	0.220	HMTEYKLVVVGAGGVGKSALTIQLIQNHFVDEYDPTIEDSYRKQVVIDGETCLLDILDTAGQEEYSAMRDQYMRTGEGFLCVFAINNTKSFEDIHHYREQIKRVKDSEDVPMVLVGNKSDLPSRTVDTKQAQDLARSYGIPFIETSAKTRQGVDDAFYTLVREIRKHKEK	True	93.900	93.900	120.562	90.000	90.000	120.000	/Users/mitchellparker/Desktop/rascore_build/core/5vq8B_core.cif	/Users/mitchellparker/Desktop/rascore_build/rcsb/5vq8.cif.gz	/Users/mitchellparker/Desktop/rascore_build/renum/5vq8_renum.cif	/Users/mitchellparker/Desktop/rascore_build/rcsb_assembly/5vq8-assembly-2.cif.gz	/Users/mitchellparker/Desktop/rascore_build/renum_assembly/5vq8-assembly-2_renum.cif	/Users/mitchellparker/Desktop/rascore_build/sifts/5vq8.xml.gz	/Users/mitchellparker/Desktop/rascore_build/pocket/5vq8B_3_pocket.pdb
5w22A	5w22	0	A	Y32out.2P-OFF	Outlier	Y32out	Y71out	H 3 (CF3)	5w22A1	1	GTPase KRas	RASK_HUMAN	P01116-2	C118S	C118	KRAS	2P	Other	None	None	None	Homodimer	Other-Unbound	H 3	170	1-169	2017-06-05	Other	219.4348	0.2424	Unbound	Unbound	107,108,109,110,137,138,139,162,165,166	GDP,MG	None	None	None	None	None	None	None	None	None	None	GDP	MG	None	None	None	None	STP	XRAY	1.762	0.179	HMTEYKLVVVGAGGVGKSALTIQLIQNHFVDEYDPTIEDSYRKQVVIDGETCLLDILDTAGQEEYSAMRDQYMRTGEGFLCVFAINNTKSFEDIHHYREQIKRVKDSEDVPMVLVGNKSDLPSRTVDTKQAQDLARSYGIPFIETSAKTRQGVDDAFYTLVREIRKHKEK	True	93.177	93.177	118.431	90.000	90.000	120.000	/Users/mitchellparker/Desktop/rascore_build/core/5w22A_core.cif	/Users/mitchellparker/Desktop/rascore_build/rcsb/5w22.cif.gz	/Users/mitchellparker/Desktop/rascore_build/renum/5w22_renum.cif	/Users/mitchellparker/Desktop/rascore_build/rcsb_assembly/5w22-assembly-1.cif.gz	/Users/mitchellparker/Desktop/rascore_build/renum_assembly/5w22-assembly-1_renum.cif	/Users/mitchellparker/Desktop/rascore_build/sifts/5w22.xml.gz	/Users/mitchellparker/Desktop/rascore_build/pocket/5w22A_1_pocket.pdb
5w22A	5w22	0	A	Y32out.2P-OFF	Outlier	Y32out	Y71out	H 3 (CF3)	5w22A2	2	GTPase KRas	RASK_HUMAN	P01116-2	C118S	C118	KRAS	2P	Other	None	None	None	Homodimer	Other-Unbound	H 3	170	1-169	2017-06-05	Other	355.0719	0.1095	Unbound	Unbound	74,75,104,106,108,109,110,166,167	GDP,MG	None	None	None	None	None	None	None	None	None	None	GDP	MG	None	None	None	None	STP	XRAY	1.762	0.179	HMTEYKLVVVGAGGVGKSALTIQLIQNHFVDEYDPTIEDSYRKQVVIDGETCLLDILDTAGQEEYSAMRDQYMRTGEGFLCVFAINNTKSFEDIHHYREQIKRVKDSEDVPMVLVGNKSDLPSRTVDTKQAQDLARSYGIPFIETSAKTRQGVDDAFYTLVREIRKHKEK	True	93.177	93.177	118.431	90.000	90.000	120.000	/Users/mitchellparker/Desktop/rascore_build/core/5w22A_core.cif	/Users/mitchellparker/Desktop/rascore_build/rcsb/5w22.cif.gz	/Users/mitchellparker/Desktop/rascore_build/renum/5w22_renum.cif	/Users/mitchellparker/Desktop/rascore_build/rcsb_assembly/5w22-assembly-1.cif.gz	/Users/mitchellparker/Desktop/rascore_build/renum_assembly/5w22-assembly-1_renum.cif	/Users/mitchellparker/Desktop/rascore_build/sifts/5w22.xml.gz	/Users/mitchellparker/Desktop/rascore_build/pocket/5w22A_2_pocket.pdb
5w22B	5w22	0	B	Y32out.2P-OFF	Outlier	Y32out	Y71out	H 3 (CF3)	5w22B1	1	GTPase KRas	RASK_HUMAN	P01116-2	C118S	C118	KRAS	2P	Other	None	None	None	Homodimer	Other-Unbound	H 3	170	1-169	2017-06-05	Other	390.3355	0.0883	Unbound	Unbound	74,75,76,104,106,108,109,110,166,167	GDP,MG	None	None	None	None	None	None	None	None	None	None	GDP	MG	None	None	None	None	STP	XRAY	1.762	0.179	HMTEYKLVVVGAGGVGKSALTIQLIQNHFVDEYDPTIEDSYRKQVVIDGETCLLDILDTAGQEEYSAMRDQYMRTGEGFLCVFAINNTKSFEDIHHYREQIKRVKDSEDVPMVLVGNKSDLPSRTVDTKQAQDLARSYGIPFIETSAKTRQGVDDAFYTLVREIRKHKEK	True	93.177	93.177	118.431	90.000	90.000	120.000	/Users/mitchellparker/Desktop/rascore_build/core/5w22B_core.cif	/Users/mitchellparker/Desktop/rascore_build/rcsb/5w22.cif.gz	/Users/mitchellparker/Desktop/rascore_build/renum/5w22_renum.cif	/Users/mitchellparker/Desktop/rascore_build/rcsb_assembly/5w22-assembly-1.cif.gz	/Users/mitchellparker/Desktop/rascore_build/renum_assembly/5w22-assembly-1_renum.cif	/Users/mitchellparker/Desktop/rascore_build/sifts/5w22.xml.gz	/Users/mitchellparker/Desktop/rascore_build/pocket/5w22B_1_pocket.pdb
5w22B	5w22	0	B	Y32out.2P-OFF	Outlier	Y32out	Y71out	H 3 (CF3)	5w22B2	2	GTPase KRas	RASK_HUMAN	P01116-2	C118S	C118	KRAS	2P	Other	None	None	None	Homodimer	Other-Unbound	H 3	170	1-169	2017-06-05	Other	265.1538	0.0864	Unbound	Unbound	107,108,109,110,137,138,139,162,165,166	GDP,MG	None	None	None	None	None	None	None	None	None	None	GDP	MG	None	None	None	None	STP	XRAY	1.762	0.179	HMTEYKLVVVGAGGVGKSALTIQLIQNHFVDEYDPTIEDSYRKQVVIDGETCLLDILDTAGQEEYSAMRDQYMRTGEGFLCVFAINNTKSFEDIHHYREQIKRVKDSEDVPMVLVGNKSDLPSRTVDTKQAQDLARSYGIPFIETSAKTRQGVDDAFYTLVREIRKHKEK	True	93.177	93.177	118.431	90.000	90.000	120.000	/Users/mitchellparker/Desktop/rascore_build/core/5w22B_core.cif	/Users/mitchellparker/Desktop/rascore_build/rcsb/5w22.cif.gz	/Users/mitchellparker/Desktop/rascore_build/renum/5w22_renum.cif	/Users/mitchellparker/Desktop/rascore_build/rcsb_assembly/5w22-assembly-1.cif.gz	/Users/mitchellparker/Desktop/rascore_build/renum_assembly/5w22-assembly-1_renum.cif	/Users/mitchellparker/Desktop/rascore_build/sifts/5w22.xml.gz	/Users/mitchellparker/Desktop/rascore_build/pocket/5w22B_2_pocket.pdb
5w22B	5w22	0	B	Y32out.2P-OFF	Outlier	Y32out	Y71out	H 3 (CF3)	5w22B3	3	GTPase KRas	RASK_HUMAN	P01116-2	C118S	C118	KRAS	2P	Other	None	None	None	Homodimer	Other-Unbound	H 3	170	1-169	2017-06-05	Other	241.6519	0.0004	Unbound	Unbound	131,134,135,139,141	GDP,MG	None	None	None	None	None	None	None	None	None	None	GDP	MG	None	None	None	None	STP	XRAY	1.762	0.179	HMTEYKLVVVGAGGVGKSALTIQLIQNHFVDEYDPTIEDSYRKQVVIDGETCLLDILDTAGQEEYSAMRDQYMRTGEGFLCVFAINNTKSFEDIHHYREQIKRVKDSEDVPMVLVGNKSDLPSRTVDTKQAQDLARSYGIPFIETSAKTRQGVDDAFYTLVREIRKHKEK	True	93.177	93.177	118.431	90.000	90.000	120.000	/Users/mitchellparker/Desktop/rascore_build/core/5w22B_core.cif	/Users/mitchellparker/Desktop/rascore_build/rcsb/5w22.cif.gz	/Users/mitchellparker/Desktop/rascore_build/renum/5w22_renum.cif	/Users/mitchellparker/Desktop/rascore_build/rcsb_assembly/5w22-assembly-1.cif.gz	/Users/mitchellparker/Desktop/rascore_build/renum_assembly/5w22-assembly-1_renum.cif	/Users/mitchellparker/Desktop/rascore_build/sifts/5w22.xml.gz	/Users/mitchellparker/Desktop/rascore_build/pocket/5w22B_3_pocket.pdb
5wdoA	5wdo	0	A	Y32in.3P-ON	Y71in.3P-R	Y32in	Y71in	H 3 2 (CF2)	5wdoA2	2	GTPase HRas	RASH_HUMAN	P01112	WT	WT	HRAS	3P	WT	None	None	None	Homodimer	SP12-Unbound	H 3 2	170	1-166	2017-07-05	Other	348.2617	0.0038	Unbound	Unbound	74,75,76,104,108,109,110,163,166	CA,MG,MG,NA,GNP	None	None	None	None	None	None	None	None	None	None	GNP	MG	None	CA,NA	None	None	STP	XRAY	1.650	0.143	FQGHMTEYKLVVVGAGGVGKSALTIQLIQNHFVDEYDPTIEDSYRKQVVIDGETCLLDILDTAGQEEYSAMRDQYMRTGEGFLCVFAINNTKSFEDIHQYREQIKRVKDSDDVPMVLVGNKCDLAARTVESRQAQDLARSYGIPYIETSAKTRQGVEDAFYTLVREIRQH	True	89.959	89.959	136.766	90.00	90.00	120.00	/Users/mitchellparker/Desktop/rascore_build/core/5wdoA_core.cif	/Users/mitchellparker/Desktop/rascore_build/rcsb/5wdo.cif.gz	/Users/mitchellparker/Desktop/rascore_build/renum/5wdo_renum.cif	/Users/mitchellparker/Desktop/rascore_build/rcsb_assembly/5wdo-assembly-1.cif.gz	/Users/mitchellparker/Desktop/rascore_build/renum_assembly/5wdo-assembly-1_renum.cif	/Users/mitchellparker/Desktop/rascore_build/sifts/5wdo.xml.gz	/Users/mitchellparker/Desktop/rascore_build/pocket/5wdoA_2_pocket.pdb
5wdoA	5wdo	0	A	Y32in.3P-ON	Y71in.3P-R	Y32in	Y71in	H 3 2 (CF2)	5wdoA3	3	GTPase HRas	RASH_HUMAN	P01112	WT	WT	HRAS	3P	WT	None	None	None	Homodimer	SP12-Unbound	H 3 2	170	1-166	2017-07-05	SP12	127.2425	0.0032	Unbound	Unbound	5,6,7,54,56,71,74,75	CA,MG,MG,NA,GNP	None	None	None	None	None	None	None	None	None	None	GNP	MG	None	CA,NA	None	None	STP	XRAY	1.650	0.143	FQGHMTEYKLVVVGAGGVGKSALTIQLIQNHFVDEYDPTIEDSYRKQVVIDGETCLLDILDTAGQEEYSAMRDQYMRTGEGFLCVFAINNTKSFEDIHQYREQIKRVKDSDDVPMVLVGNKCDLAARTVESRQAQDLARSYGIPYIETSAKTRQGVEDAFYTLVREIRQH	True	89.959	89.959	136.766	90.00	90.00	120.00	/Users/mitchellparker/Desktop/rascore_build/core/5wdoA_core.cif	/Users/mitchellparker/Desktop/rascore_build/rcsb/5wdo.cif.gz	/Users/mitchellparker/Desktop/rascore_build/renum/5wdo_renum.cif	/Users/mitchellparker/Desktop/rascore_build/rcsb_assembly/5wdo-assembly-1.cif.gz	/Users/mitchellparker/Desktop/rascore_build/renum_assembly/5wdo-assembly-1_renum.cif	/Users/mitchellparker/Desktop/rascore_build/sifts/5wdo.xml.gz	/Users/mitchellparker/Desktop/rascore_build/pocket/5wdoA_3_pocket.pdb
5wdoA	5wdo	0	A	Y32in.3P-ON	Y71in.3P-R	Y32in	Y71in	H 3 2 (CF2)	5wdoA4	4	GTPase HRas	RASH_HUMAN	P01112	WT	WT	HRAS	3P	WT	None	None	None	Homodimer	SP12-Unbound	H 3 2	170	1-166	2017-07-05	Other	197.1005	0.0001	Unbound	Unbound	149,151,152,153,154	CA,MG,MG,NA,GNP	None	None	None	None	None	None	None	None	None	None	GNP	MG	None	CA,NA	None	None	STP	XRAY	1.650	0.143	FQGHMTEYKLVVVGAGGVGKSALTIQLIQNHFVDEYDPTIEDSYRKQVVIDGETCLLDILDTAGQEEYSAMRDQYMRTGEGFLCVFAINNTKSFEDIHQYREQIKRVKDSDDVPMVLVGNKCDLAARTVESRQAQDLARSYGIPYIETSAKTRQGVEDAFYTLVREIRQH	True	89.959	89.959	136.766	90.00	90.00	120.00	/Users/mitchellparker/Desktop/rascore_build/core/5wdoA_core.cif	/Users/mitchellparker/Desktop/rascore_build/rcsb/5wdo.cif.gz	/Users/mitchellparker/Desktop/rascore_build/renum/5wdo_renum.cif	/Users/mitchellparker/Desktop/rascore_build/rcsb_assembly/5wdo-assembly-1.cif.gz	/Users/mitchellparker/Desktop/rascore_build/renum_assembly/5wdo-assembly-1_renum.cif	/Users/mitchellparker/Desktop/rascore_build/sifts/5wdo.xml.gz	/Users/mitchellparker/Desktop/rascore_build/pocket/5wdoA_4_pocket.pdb
5wdpA	5wdp	0	A	Y32in.3P-ON	Outlier	Y32in	Y71out	H 3 2 (CF2)	5wdpA2	2	GTPase HRas	RASH_HUMAN	P01112	L120A	L120	HRAS	3P	Other	None	None	None	Homodimer	Other-Unbound	H 3 2	166	1-166	2017-07-05	Other	202.0158	0.0034	Unbound	Unbound	97,100,101,107,108,109,110,111,137,138,139,162,166	CA,GNP,CA,MG,MG	None	None	None	None	None	None	None	None	None	None	GNP	MG	None	CA	None	None	STP	XRAY	1.350	0.145	MTEYKLVVVGAGGVGKSALTIQLIQNHFVDEYDPTIEDSYRKQVVIDGETCLLDILDTAGQEEYSAMRDQYMRTGEGFLCVFAINNTKSFEDIHQYREQIKRVKDSDDVPMVLVGNKCDAAARTVESRQAQDLARSYGIPYIETSAKTRQGVEDAFYTLVREIRQH	True	89.988	89.988	135.969	90.00	90.00	120.00	/Users/mitchellparker/Desktop/rascore_build/core/5wdpA_core.cif	/Users/mitchellparker/Desktop/rascore_build/rcsb/5wdp.cif.gz	/Users/mitchellparker/Desktop/rascore_build/renum/5wdp_renum.cif	/Users/mitchellparker/Desktop/rascore_build/rcsb_assembly/5wdp-assembly-1.cif.gz	/Users/mitchellparker/Desktop/rascore_build/renum_assembly/5wdp-assembly-1_renum.cif	/Users/mitchellparker/Desktop/rascore_build/sifts/5wdp.xml.gz	/Users/mitchellparker/Desktop/rascore_build/pocket/5wdpA_2_pocket.pdb
5wdpA	5wdp	0	A	Y32in.3P-ON	Outlier	Y32in	Y71out	H 3 2 (CF2)	5wdpA3	3	GTPase HRas	RASH_HUMAN	P01112	L120A	L120	HRAS	3P	Other	None	None	None	Homodimer	Other-Unbound	H 3 2	166	1-166	2017-07-05	Other	328.7540	0.0029	Unbound	Unbound	127,131,134,135,139,141,143	CA,GNP,CA,MG,MG	None	None	None	None	None	None	None	None	None	None	GNP	MG	None	CA	None	None	STP	XRAY	1.350	0.145	MTEYKLVVVGAGGVGKSALTIQLIQNHFVDEYDPTIEDSYRKQVVIDGETCLLDILDTAGQEEYSAMRDQYMRTGEGFLCVFAINNTKSFEDIHQYREQIKRVKDSDDVPMVLVGNKCDAAARTVESRQAQDLARSYGIPYIETSAKTRQGVEDAFYTLVREIRQH	True	89.988	89.988	135.969	90.00	90.00	120.00	/Users/mitchellparker/Desktop/rascore_build/core/5wdpA_core.cif	/Users/mitchellparker/Desktop/rascore_build/rcsb/5wdp.cif.gz	/Users/mitchellparker/Desktop/rascore_build/renum/5wdp_renum.cif	/Users/mitchellparker/Desktop/rascore_build/rcsb_assembly/5wdp-assembly-1.cif.gz	/Users/mitchellparker/Desktop/rascore_build/renum_assembly/5wdp-assembly-1_renum.cif	/Users/mitchellparker/Desktop/rascore_build/sifts/5wdp.xml.gz	/Users/mitchellparker/Desktop/rascore_build/pocket/5wdpA_3_pocket.pdb
5wdpA	5wdp	0	A	Y32in.3P-ON	Outlier	Y32in	Y71out	H 3 2 (CF2)	5wdpA4	4	GTPase HRas	RASH_HUMAN	P01112	L120A	L120	HRAS	3P	Other	None	None	None	Homodimer	Other-Unbound	H 3 2	166	1-166	2017-07-05	Other	316.1017	0.0081	Unbound	Unbound	90,91,94,128,129,132,133,137	CA,GNP,CA,MG,MG	None	None	None	None	None	None	None	None	None	None	GNP	MG	None	CA	None	None	STP	XRAY	1.350	0.145	MTEYKLVVVGAGGVGKSALTIQLIQNHFVDEYDPTIEDSYRKQVVIDGETCLLDILDTAGQEEYSAMRDQYMRTGEGFLCVFAINNTKSFEDIHQYREQIKRVKDSDDVPMVLVGNKCDAAARTVESRQAQDLARSYGIPYIETSAKTRQGVEDAFYTLVREIRQH	True	89.988	89.988	135.969	90.00	90.00	120.00	/Users/mitchellparker/Desktop/rascore_build/core/5wdpA_core.cif	/Users/mitchellparker/Desktop/rascore_build/rcsb/5wdp.cif.gz	/Users/mitchellparker/Desktop/rascore_build/renum/5wdp_renum.cif	/Users/mitchellparker/Desktop/rascore_build/rcsb_assembly/5wdp-assembly-1.cif.gz	/Users/mitchellparker/Desktop/rascore_build/renum_assembly/5wdp-assembly-1_renum.cif	/Users/mitchellparker/Desktop/rascore_build/sifts/5wdp.xml.gz	/Users/mitchellparker/Desktop/rascore_build/pocket/5wdpA_4_pocket.pdb
5wdpA	5wdp	0	A	Y32in.3P-ON	Outlier	Y32in	Y71out	H 3 2 (CF2)	5wdpA5	5	GTPase HRas	RASH_HUMAN	P01112	L120A	L120	HRAS	3P	Other	None	None	None	Homodimer	Other-Unbound	H 3 2	166	1-166	2017-07-05	Other	300.4695	0.0120	Unbound	Unbound	76,104,106,108,109,110,163,166	CA,GNP,CA,MG,MG	None	None	None	None	None	None	None	None	None	None	GNP	MG	None	CA	None	None	STP	XRAY	1.350	0.145	MTEYKLVVVGAGGVGKSALTIQLIQNHFVDEYDPTIEDSYRKQVVIDGETCLLDILDTAGQEEYSAMRDQYMRTGEGFLCVFAINNTKSFEDIHQYREQIKRVKDSDDVPMVLVGNKCDAAARTVESRQAQDLARSYGIPYIETSAKTRQGVEDAFYTLVREIRQH	True	89.988	89.988	135.969	90.00	90.00	120.00	/Users/mitchellparker/Desktop/rascore_build/core/5wdpA_core.cif	/Users/mitchellparker/Desktop/rascore_build/rcsb/5wdp.cif.gz	/Users/mitchellparker/Desktop/rascore_build/renum/5wdp_renum.cif	/Users/mitchellparker/Desktop/rascore_build/rcsb_assembly/5wdp-assembly-1.cif.gz	/Users/mitchellparker/Desktop/rascore_build/renum_assembly/5wdp-assembly-1_renum.cif	/Users/mitchellparker/Desktop/rascore_build/sifts/5wdp.xml.gz	/Users/mitchellparker/Desktop/rascore_build/pocket/5wdpA_5_pocket.pdb
5wdpA	5wdp	0	A	Y32in.3P-ON	Outlier	Y32in	Y71out	H 3 2 (CF2)	5wdpA6	6	GTPase HRas	RASH_HUMAN	P01112	L120A	L120	HRAS	3P	Other	None	None	None	Homodimer	Other-Unbound	H 3 2	166	1-166	2017-07-05	Other	257.0341	0.0011	Unbound	Unbound	94,95,98,99,102	CA,GNP,CA,MG,MG	None	None	None	None	None	None	None	None	None	None	GNP	MG	None	CA	None	None	STP	XRAY	1.350	0.145	MTEYKLVVVGAGGVGKSALTIQLIQNHFVDEYDPTIEDSYRKQVVIDGETCLLDILDTAGQEEYSAMRDQYMRTGEGFLCVFAINNTKSFEDIHQYREQIKRVKDSDDVPMVLVGNKCDAAARTVESRQAQDLARSYGIPYIETSAKTRQGVEDAFYTLVREIRQH	True	89.988	89.988	135.969	90.00	90.00	120.00	/Users/mitchellparker/Desktop/rascore_build/core/5wdpA_core.cif	/Users/mitchellparker/Desktop/rascore_build/rcsb/5wdp.cif.gz	/Users/mitchellparker/Desktop/rascore_build/renum/5wdp_renum.cif	/Users/mitchellparker/Desktop/rascore_build/rcsb_assembly/5wdp-assembly-1.cif.gz	/Users/mitchellparker/Desktop/rascore_build/renum_assembly/5wdp-assembly-1_renum.cif	/Users/mitchellparker/Desktop/rascore_build/sifts/5wdp.xml.gz	/Users/mitchellparker/Desktop/rascore_build/pocket/5wdpA_6_pocket.pdb
5wdqA	5wdq	0	A	Y32in.3P-ON	Y71out.3P-T	Y32in	Y71out	H 3 2 (CF2)	5wdqA2	2	GTPase HRas	RASH_HUMAN	P01112	L120A	L120	HRAS	3P	Other	None	None	None	Homodimer	Other-Unbound	H 3 2	170	1-166	2017-07-05	Other	340.6639	0.3662	Unbound	Unbound	76,104,106,108,109,110,163,166	GNP,CA,MG,CA,NA,ACT,ACT,MG,MG,MG	None	None	None	None	None	None	None	None	None	None	GNP	MG	None	ACT,CA,NA	None	None	STP	XRAY	1.250	0.141	FQGHMTEYKLVVVGAGGVGKSALTIQLIQNHFVDEYDPTIEDSYRKQVVIDGETCLLDILDTAGQEEYSAMRDQYMRTGEGFLCVFAINNTKSFEDIHQYREQIKRVKDSDDVPMVLVGNKCDAAARTVESRQAQDLARSYGIPYIETSAKTRQGVEDAFYTLVREIRQH	True	87.960	87.960	133.105	90.00	90.00	120.00	/Users/mitchellparker/Desktop/rascore_build/core/5wdqA_core.cif	/Users/mitchellparker/Desktop/rascore_build/rcsb/5wdq.cif.gz	/Users/mitchellparker/Desktop/rascore_build/renum/5wdq_renum.cif	/Users/mitchellparker/Desktop/rascore_build/rcsb_assembly/5wdq-assembly-1.cif.gz	/Users/mitchellparker/Desktop/rascore_build/renum_assembly/5wdq-assembly-1_renum.cif	/Users/mitchellparker/Desktop/rascore_build/sifts/5wdq.xml.gz	/Users/mitchellparker/Desktop/rascore_build/pocket/5wdqA_2_pocket.pdb
5wdqA	5wdq	0	A	Y32in.3P-ON	Y71out.3P-T	Y32in	Y71out	H 3 2 (CF2)	5wdqA3	3	GTPase HRas	RASH_HUMAN	P01112	L120A	L120	HRAS	3P	Other	None	None	None	Homodimer	Other-Unbound	H 3 2	170	1-166	2017-07-05	Other	256.8222	0.0006	Unbound	Unbound	107,108,109,110,111,137,138,139,162,165,166	GNP,CA,MG,CA,NA,ACT,ACT,MG,MG,MG	None	None	None	None	None	None	None	None	None	None	GNP	MG	None	ACT,CA,NA	None	None	STP	XRAY	1.250	0.141	FQGHMTEYKLVVVGAGGVGKSALTIQLIQNHFVDEYDPTIEDSYRKQVVIDGETCLLDILDTAGQEEYSAMRDQYMRTGEGFLCVFAINNTKSFEDIHQYREQIKRVKDSDDVPMVLVGNKCDAAARTVESRQAQDLARSYGIPYIETSAKTRQGVEDAFYTLVREIRQH	True	87.960	87.960	133.105	90.00	90.00	120.00	/Users/mitchellparker/Desktop/rascore_build/core/5wdqA_core.cif	/Users/mitchellparker/Desktop/rascore_build/rcsb/5wdq.cif.gz	/Users/mitchellparker/Desktop/rascore_build/renum/5wdq_renum.cif	/Users/mitchellparker/Desktop/rascore_build/rcsb_assembly/5wdq-assembly-1.cif.gz	/Users/mitchellparker/Desktop/rascore_build/renum_assembly/5wdq-assembly-1_renum.cif	/Users/mitchellparker/Desktop/rascore_build/sifts/5wdq.xml.gz	/Users/mitchellparker/Desktop/rascore_build/pocket/5wdqA_3_pocket.pdb
5wfoQ	5wfo	0	Q	Y32in.3P-ON	Y71in.3P-R	Y32in	Y71in	I 4 2 2 (CF2)	5wfoQ1	1	GTPase HRas	RASH_HUMAN	P01112	WT	WT	HRAS	3P	WT	None	None	GEF.REM	None	Other-Unbound	I 4 2 2	167	1-166	2017-07-12	Other	316.2399	0.0069	Unbound	Unbound	73,74,75,76,104,106,108,109,110,163,166	MG,GNP	Son of sevenless homolog 1	None	N:70,37,39,56,66,67,36,34,38,33,63,61,35,31,27,26,25,149,148,43,50,1,45,44,41,42,24,22,28,74,32,73,40	SOS1_HUMAN	None	None	None	RasGEF	None	N	GNP	MG	None	None	None	None	STP	XRAY	1.990	0.169	GMTEYKLVVVGAGGVGKSALTIQLIQNHFVDEYDPTIEDSYRKQVVIDGETCLLDILDTAGQEEYSAMRDQYMRTGEGFLCVFAINNTKSFEDIHQYREQIKRVKDSDDVPMVLVGNKCDLAARTVESRQAQDLARSYGIPYIETSAKTRQGVEDAFYTLVREIRQH	True	182.735	182.735	177.866	90.00	90.00	90.00	/Users/mitchellparker/Desktop/rascore_build/core/5wfoQ_core.cif	/Users/mitchellparker/Desktop/rascore_build/rcsb/5wfo.cif.gz	/Users/mitchellparker/Desktop/rascore_build/renum/5wfo_renum.cif	/Users/mitchellparker/Desktop/rascore_build/rcsb_assembly/5wfo-assembly-1.cif.gz	/Users/mitchellparker/Desktop/rascore_build/renum_assembly/5wfo-assembly-1_renum.cif	/Users/mitchellparker/Desktop/rascore_build/sifts/5wfo.xml.gz	/Users/mitchellparker/Desktop/rascore_build/pocket/5wfoQ_1_pocket.pdb
5wfoR	5wfo	0	R	Outlier	Y71out.0P-GEF	Y32out	Y71out	I 4 2 2 (CF2)	5wfoR1	1	GTPase HRas	RASH_HUMAN	P01112	WT	WT	HRAS	0P	WT	None	None	GEF.CDC25	None	SP2-Unbound	I 4 2 2	167	1-166	2017-07-12	SP2	243.8339	0.0115	Unbound	Unbound	7,8,9,10,16,58,61,62,64,68,71,72,96	None	Son of sevenless homolog 1	None	N:60,13,64,63,65,66,70,67,73,69,102,103,40,54,55,71,61,59,58,57,34,35,32,21,17,18,31,25,30,33,95,105,68,12,56,146,74	SOS1_HUMAN	None	None	None	RasGEF	None	N	None	None	None	None	None	None	STP	XRAY	1.990	0.169	GMTEYKLVVVGAGGVGKSALTIQLIQNHFVDEYDPTIEDSYRKQVVIDGETCLLDILDTAGQEEYSAMRDQYMRTGEGFLCVFAINNTKSFEDIHQYREQIKRVKDSDDVPMVLVGNKCDLAARTVESRQAQDLARSYGIPYIETSAKTRQGVEDAFYTLVREIRQH	True	182.735	182.735	177.866	90.00	90.00	90.00	/Users/mitchellparker/Desktop/rascore_build/core/5wfoR_core.cif	/Users/mitchellparker/Desktop/rascore_build/rcsb/5wfo.cif.gz	/Users/mitchellparker/Desktop/rascore_build/renum/5wfo_renum.cif	/Users/mitchellparker/Desktop/rascore_build/rcsb_assembly/5wfo-assembly-1.cif.gz	/Users/mitchellparker/Desktop/rascore_build/renum_assembly/5wfo-assembly-1_renum.cif	/Users/mitchellparker/Desktop/rascore_build/sifts/5wfo.xml.gz	/Users/mitchellparker/Desktop/rascore_build/pocket/5wfoR_1_pocket.pdb
5wfoR	5wfo	0	R	Outlier	Y71out.0P-GEF	Y32out	Y71out	I 4 2 2 (CF2)	5wfoR2	2	GTPase HRas	RASH_HUMAN	P01112	WT	WT	HRAS	0P	WT	None	None	GEF.CDC25	None	SP2-Unbound	I 4 2 2	167	1-166	2017-07-12	Other	334.6787	0.0000	Unbound	Unbound	131,134,135,138,139,140,141,162	None	Son of sevenless homolog 1	None	N:60,13,64,63,65,66,70,67,73,69,102,103,40,54,55,71,61,59,58,57,34,35,32,21,17,18,31,25,30,33,95,105,68,12,56,146,74	SOS1_HUMAN	None	None	None	RasGEF	None	N	None	None	None	None	None	None	STP	XRAY	1.990	0.169	GMTEYKLVVVGAGGVGKSALTIQLIQNHFVDEYDPTIEDSYRKQVVIDGETCLLDILDTAGQEEYSAMRDQYMRTGEGFLCVFAINNTKSFEDIHQYREQIKRVKDSDDVPMVLVGNKCDLAARTVESRQAQDLARSYGIPYIETSAKTRQGVEDAFYTLVREIRQH	True	182.735	182.735	177.866	90.00	90.00	90.00	/Users/mitchellparker/Desktop/rascore_build/core/5wfoR_core.cif	/Users/mitchellparker/Desktop/rascore_build/rcsb/5wfo.cif.gz	/Users/mitchellparker/Desktop/rascore_build/renum/5wfo_renum.cif	/Users/mitchellparker/Desktop/rascore_build/rcsb_assembly/5wfo-assembly-1.cif.gz	/Users/mitchellparker/Desktop/rascore_build/renum_assembly/5wfo-assembly-1_renum.cif	/Users/mitchellparker/Desktop/rascore_build/sifts/5wfo.xml.gz	/Users/mitchellparker/Desktop/rascore_build/pocket/5wfoR_2_pocket.pdb
5wfoR	5wfo	0	R	Outlier	Y71out.0P-GEF	Y32out	Y71out	I 4 2 2 (CF2)	5wfoR3	3	GTPase HRas	RASH_HUMAN	P01112	WT	WT	HRAS	0P	WT	None	None	GEF.CDC25	None	SP2-Unbound	I 4 2 2	167	1-166	2017-07-12	Other	256.7671	0.0018	Unbound	Unbound	76,104,106,108,109,110,163,166	None	Son of sevenless homolog 1	None	N:60,13,64,63,65,66,70,67,73,69,102,103,40,54,55,71,61,59,58,57,34,35,32,21,17,18,31,25,30,33,95,105,68,12,56,146,74	SOS1_HUMAN	None	None	None	RasGEF	None	N	None	None	None	None	None	None	STP	XRAY	1.990	0.169	GMTEYKLVVVGAGGVGKSALTIQLIQNHFVDEYDPTIEDSYRKQVVIDGETCLLDILDTAGQEEYSAMRDQYMRTGEGFLCVFAINNTKSFEDIHQYREQIKRVKDSDDVPMVLVGNKCDLAARTVESRQAQDLARSYGIPYIETSAKTRQGVEDAFYTLVREIRQH	True	182.735	182.735	177.866	90.00	90.00	90.00	/Users/mitchellparker/Desktop/rascore_build/core/5wfoR_core.cif	/Users/mitchellparker/Desktop/rascore_build/rcsb/5wfo.cif.gz	/Users/mitchellparker/Desktop/rascore_build/renum/5wfo_renum.cif	/Users/mitchellparker/Desktop/rascore_build/rcsb_assembly/5wfo-assembly-1.cif.gz	/Users/mitchellparker/Desktop/rascore_build/renum_assembly/5wfo-assembly-1_renum.cif	/Users/mitchellparker/Desktop/rascore_build/sifts/5wfo.xml.gz	/Users/mitchellparker/Desktop/rascore_build/pocket/5wfoR_3_pocket.pdb
5wfpQ	5wfp	0	Q	Y32in.3P-ON	Y71in.3P-R	Y32in	Y71in	I 4 2 2 (CF2)	5wfpQ1	1	GTPase HRas	RASH_HUMAN	P01112	WT	WT	HRAS	3P	WT	None	None	GEF.REM	None	Other-Unbound	I 4 2 2	167	1-166	2017-07-12	Other	394.4177	0.0038	Unbound	Unbound	94,95,98,99,102	MG,GNP	Son of sevenless homolog 1	None	N:70,37,39,56,66,67,36,34,38,33,63,61,35,31,26,27,25,149,22,153,43,50,1,45,44,41,42,24,28,73,148,40,32	SOS1_HUMAN	None	None	None	RasGEF	None	N	GNP	MG	None	None	None	None	STP	XRAY	2.080	0.163	GMTEYKLVVVGAGGVGKSALTIQLIQNHFVDEYDPTIEDSYRKQVVIDGETCLLDILDTAGQEEYSAMRDQYMRTGEGFLCVFAINNTKSFEDIHQYREQIKRVKDSDDVPMVLVGNKCDLAARTVESRQAQDLARSYGIPYIETSAKTRQGVEDAFYTLVREIRQH	True	182.530	182.530	177.314	90.00	90.00	90.00	/Users/mitchellparker/Desktop/rascore_build/core/5wfpQ_core.cif	/Users/mitchellparker/Desktop/rascore_build/rcsb/5wfp.cif.gz	/Users/mitchellparker/Desktop/rascore_build/renum/5wfp_renum.cif	/Users/mitchellparker/Desktop/rascore_build/rcsb_assembly/5wfp-assembly-1.cif.gz	/Users/mitchellparker/Desktop/rascore_build/renum_assembly/5wfp-assembly-1_renum.cif	/Users/mitchellparker/Desktop/rascore_build/sifts/5wfp.xml.gz	/Users/mitchellparker/Desktop/rascore_build/pocket/5wfpQ_1_pocket.pdb
5wfpQ	5wfp	0	Q	Y32in.3P-ON	Y71in.3P-R	Y32in	Y71in	I 4 2 2 (CF2)	5wfpQ2	2	GTPase HRas	RASH_HUMAN	P01112	WT	WT	HRAS	3P	WT	None	None	GEF.REM	None	Other-Unbound	I 4 2 2	167	1-166	2017-07-12	Other	99.1630	0.0004	Unbound	Unbound	36,37,59,64,67,71	MG,GNP	Son of sevenless homolog 1	None	N:70,37,39,56,66,67,36,34,38,33,63,61,35,31,26,27,25,149,22,153,43,50,1,45,44,41,42,24,28,73,148,40,32	SOS1_HUMAN	None	None	None	RasGEF	None	N	GNP	MG	None	None	None	None	STP	XRAY	2.080	0.163	GMTEYKLVVVGAGGVGKSALTIQLIQNHFVDEYDPTIEDSYRKQVVIDGETCLLDILDTAGQEEYSAMRDQYMRTGEGFLCVFAINNTKSFEDIHQYREQIKRVKDSDDVPMVLVGNKCDLAARTVESRQAQDLARSYGIPYIETSAKTRQGVEDAFYTLVREIRQH	True	182.530	182.530	177.314	90.00	90.00	90.00	/Users/mitchellparker/Desktop/rascore_build/core/5wfpQ_core.cif	/Users/mitchellparker/Desktop/rascore_build/rcsb/5wfp.cif.gz	/Users/mitchellparker/Desktop/rascore_build/renum/5wfp_renum.cif	/Users/mitchellparker/Desktop/rascore_build/rcsb_assembly/5wfp-assembly-1.cif.gz	/Users/mitchellparker/Desktop/rascore_build/renum_assembly/5wfp-assembly-1_renum.cif	/Users/mitchellparker/Desktop/rascore_build/sifts/5wfp.xml.gz	/Users/mitchellparker/Desktop/rascore_build/pocket/5wfpQ_2_pocket.pdb
5wfpQ	5wfp	0	Q	Y32in.3P-ON	Y71in.3P-R	Y32in	Y71in	I 4 2 2 (CF2)	5wfpQ3	3	GTPase HRas	RASH_HUMAN	P01112	WT	WT	HRAS	3P	WT	None	None	GEF.REM	None	Other-Unbound	I 4 2 2	167	1-166	2017-07-12	Other	371.3027	0.0040	Unbound	Unbound	73,74,75,76,104,106,108,109,110,163,166	MG,GNP	Son of sevenless homolog 1	None	N:70,37,39,56,66,67,36,34,38,33,63,61,35,31,26,27,25,149,22,153,43,50,1,45,44,41,42,24,28,73,148,40,32	SOS1_HUMAN	None	None	None	RasGEF	None	N	GNP	MG	None	None	None	None	STP	XRAY	2.080	0.163	GMTEYKLVVVGAGGVGKSALTIQLIQNHFVDEYDPTIEDSYRKQVVIDGETCLLDILDTAGQEEYSAMRDQYMRTGEGFLCVFAINNTKSFEDIHQYREQIKRVKDSDDVPMVLVGNKCDLAARTVESRQAQDLARSYGIPYIETSAKTRQGVEDAFYTLVREIRQH	True	182.530	182.530	177.314	90.00	90.00	90.00	/Users/mitchellparker/Desktop/rascore_build/core/5wfpQ_core.cif	/Users/mitchellparker/Desktop/rascore_build/rcsb/5wfp.cif.gz	/Users/mitchellparker/Desktop/rascore_build/renum/5wfp_renum.cif	/Users/mitchellparker/Desktop/rascore_build/rcsb_assembly/5wfp-assembly-1.cif.gz	/Users/mitchellparker/Desktop/rascore_build/renum_assembly/5wfp-assembly-1_renum.cif	/Users/mitchellparker/Desktop/rascore_build/sifts/5wfp.xml.gz	/Users/mitchellparker/Desktop/rascore_build/pocket/5wfpQ_3_pocket.pdb
5wfpQ	5wfp	0	Q	Y32in.3P-ON	Y71in.3P-R	Y32in	Y71in	I 4 2 2 (CF2)	5wfpQ4	4	GTPase HRas	RASH_HUMAN	P01112	WT	WT	HRAS	3P	WT	None	None	GEF.REM	None	Other-Unbound	I 4 2 2	167	1-166	2017-07-12	Other	232.4157	0.0002	Unbound	Unbound	108,109,110,111,138,139,162,165,166	MG,GNP	Son of sevenless homolog 1	None	N:70,37,39,56,66,67,36,34,38,33,63,61,35,31,26,27,25,149,22,153,43,50,1,45,44,41,42,24,28,73,148,40,32	SOS1_HUMAN	None	None	None	RasGEF	None	N	GNP	MG	None	None	None	None	STP	XRAY	2.080	0.163	GMTEYKLVVVGAGGVGKSALTIQLIQNHFVDEYDPTIEDSYRKQVVIDGETCLLDILDTAGQEEYSAMRDQYMRTGEGFLCVFAINNTKSFEDIHQYREQIKRVKDSDDVPMVLVGNKCDLAARTVESRQAQDLARSYGIPYIETSAKTRQGVEDAFYTLVREIRQH	True	182.530	182.530	177.314	90.00	90.00	90.00	/Users/mitchellparker/Desktop/rascore_build/core/5wfpQ_core.cif	/Users/mitchellparker/Desktop/rascore_build/rcsb/5wfp.cif.gz	/Users/mitchellparker/Desktop/rascore_build/renum/5wfp_renum.cif	/Users/mitchellparker/Desktop/rascore_build/rcsb_assembly/5wfp-assembly-1.cif.gz	/Users/mitchellparker/Desktop/rascore_build/renum_assembly/5wfp-assembly-1_renum.cif	/Users/mitchellparker/Desktop/rascore_build/sifts/5wfp.xml.gz	/Users/mitchellparker/Desktop/rascore_build/pocket/5wfpQ_4_pocket.pdb
5wfpR	5wfp	0	R	Outlier	Y71out.0P-GEF	Y32out	Y71out	I 4 2 2 (CF2)	5wfpR1	1	GTPase HRas	RASH_HUMAN	P01112	WT	WT	HRAS	0P	WT	None	None	GEF.CDC25	None	SP2-Unbound	I 4 2 2	167	1-166	2017-07-12	SP2	232.4885	0.0249	Unbound	Unbound	7,8,9,10,16,58,61,62,64,68,71,72,96	None	Son of sevenless homolog 1	None	N:60,13,63,64,65,66,70,67,73,69,102,103,40,54,55,71,37,61,59,58,57,34,35,32,21,17,18,31,25,30,95,105,12,15,56,74	SOS1_HUMAN	None	None	None	RasGEF	None	N	None	None	None	None	None	None	STP	XRAY	2.080	0.163	GMTEYKLVVVGAGGVGKSALTIQLIQNHFVDEYDPTIEDSYRKQVVIDGETCLLDILDTAGQEEYSAMRDQYMRTGEGFLCVFAINNTKSFEDIHQYREQIKRVKDSDDVPMVLVGNKCDLAARTVESRQAQDLARSYGIPYIETSAKTRQGVEDAFYTLVREIRQH	True	182.530	182.530	177.314	90.00	90.00	90.00	/Users/mitchellparker/Desktop/rascore_build/core/5wfpR_core.cif	/Users/mitchellparker/Desktop/rascore_build/rcsb/5wfp.cif.gz	/Users/mitchellparker/Desktop/rascore_build/renum/5wfp_renum.cif	/Users/mitchellparker/Desktop/rascore_build/rcsb_assembly/5wfp-assembly-1.cif.gz	/Users/mitchellparker/Desktop/rascore_build/renum_assembly/5wfp-assembly-1_renum.cif	/Users/mitchellparker/Desktop/rascore_build/sifts/5wfp.xml.gz	/Users/mitchellparker/Desktop/rascore_build/pocket/5wfpR_1_pocket.pdb
5wfpR	5wfp	0	R	Outlier	Y71out.0P-GEF	Y32out	Y71out	I 4 2 2 (CF2)	5wfpR2	2	GTPase HRas	RASH_HUMAN	P01112	WT	WT	HRAS	0P	WT	None	None	GEF.CDC25	None	SP2-Unbound	I 4 2 2	167	1-166	2017-07-12	Other	279.3578	0.0001	Unbound	Unbound	128,131,132,134,135,139,140,141	None	Son of sevenless homolog 1	None	N:60,13,63,64,65,66,70,67,73,69,102,103,40,54,55,71,37,61,59,58,57,34,35,32,21,17,18,31,25,30,95,105,12,15,56,74	SOS1_HUMAN	None	None	None	RasGEF	None	N	None	None	None	None	None	None	STP	XRAY	2.080	0.163	GMTEYKLVVVGAGGVGKSALTIQLIQNHFVDEYDPTIEDSYRKQVVIDGETCLLDILDTAGQEEYSAMRDQYMRTGEGFLCVFAINNTKSFEDIHQYREQIKRVKDSDDVPMVLVGNKCDLAARTVESRQAQDLARSYGIPYIETSAKTRQGVEDAFYTLVREIRQH	True	182.530	182.530	177.314	90.00	90.00	90.00	/Users/mitchellparker/Desktop/rascore_build/core/5wfpR_core.cif	/Users/mitchellparker/Desktop/rascore_build/rcsb/5wfp.cif.gz	/Users/mitchellparker/Desktop/rascore_build/renum/5wfp_renum.cif	/Users/mitchellparker/Desktop/rascore_build/rcsb_assembly/5wfp-assembly-1.cif.gz	/Users/mitchellparker/Desktop/rascore_build/renum_assembly/5wfp-assembly-1_renum.cif	/Users/mitchellparker/Desktop/rascore_build/sifts/5wfp.xml.gz	/Users/mitchellparker/Desktop/rascore_build/pocket/5wfpR_2_pocket.pdb
5wfpR	5wfp	0	R	Outlier	Y71out.0P-GEF	Y32out	Y71out	I 4 2 2 (CF2)	5wfpR3	3	GTPase HRas	RASH_HUMAN	P01112	WT	WT	HRAS	0P	WT	None	None	GEF.CDC25	None	SP2-Unbound	I 4 2 2	167	1-166	2017-07-12	Other	176.3234	0.0001	Unbound	Unbound	117,123,143,144,145,150	None	Son of sevenless homolog 1	None	N:60,13,63,64,65,66,70,67,73,69,102,103,40,54,55,71,37,61,59,58,57,34,35,32,21,17,18,31,25,30,95,105,12,15,56,74	SOS1_HUMAN	None	None	None	RasGEF	None	N	None	None	None	None	None	None	STP	XRAY	2.080	0.163	GMTEYKLVVVGAGGVGKSALTIQLIQNHFVDEYDPTIEDSYRKQVVIDGETCLLDILDTAGQEEYSAMRDQYMRTGEGFLCVFAINNTKSFEDIHQYREQIKRVKDSDDVPMVLVGNKCDLAARTVESRQAQDLARSYGIPYIETSAKTRQGVEDAFYTLVREIRQH	True	182.530	182.530	177.314	90.00	90.00	90.00	/Users/mitchellparker/Desktop/rascore_build/core/5wfpR_core.cif	/Users/mitchellparker/Desktop/rascore_build/rcsb/5wfp.cif.gz	/Users/mitchellparker/Desktop/rascore_build/renum/5wfp_renum.cif	/Users/mitchellparker/Desktop/rascore_build/rcsb_assembly/5wfp-assembly-1.cif.gz	/Users/mitchellparker/Desktop/rascore_build/renum_assembly/5wfp-assembly-1_renum.cif	/Users/mitchellparker/Desktop/rascore_build/sifts/5wfp.xml.gz	/Users/mitchellparker/Desktop/rascore_build/pocket/5wfpR_3_pocket.pdb
5wfqQ	5wfq	0	Q	Y32in.3P-ON	Y71in.3P-R	Y32in	Y71in	I 4 2 2 (CF2)	5wfqQ1	1	GTPase HRas	RASH_HUMAN	P01112	WT	WT	HRAS	3P	WT	None	None	GEF.REM	None	Other-Unbound	I 4 2 2	167	1-166	2017-07-12	Other	152.0341	0.0001	Unbound	Unbound	108,109,110,111,138,139,162,166	MG,GNP	Son of sevenless homolog 1	None	N:74,70,37,39,56,66,67,36,34,38,33,63,61,35,31,26,27,25,149,22,153,43,50,1,45,44,41,42,24,28,148,73	SOS1_HUMAN	None	None	None	RasGEF	None	N	GNP	MG	None	None	None	None	STP	XRAY	2.260	0.171	GMTEYKLVVVGAGGVGKSALTIQLIQNHFVDEYDPTIEDSYRKQVVIDGETCLLDILDTAGQEEYSAMRDQYMRTGEGFLCVFAINNTKSFEDIHQYREQIKRVKDSDDVPMVLVGNKCDLAARTVESRQAQDLARSYGIPYIETSAKTRQGVEDAFYTLVREIRQH	True	182.680	182.680	177.370	90.00	90.00	90.00	/Users/mitchellparker/Desktop/rascore_build/core/5wfqQ_core.cif	/Users/mitchellparker/Desktop/rascore_build/rcsb/5wfq.cif.gz	/Users/mitchellparker/Desktop/rascore_build/renum/5wfq_renum.cif	/Users/mitchellparker/Desktop/rascore_build/rcsb_assembly/5wfq-assembly-1.cif.gz	/Users/mitchellparker/Desktop/rascore_build/renum_assembly/5wfq-assembly-1_renum.cif	/Users/mitchellparker/Desktop/rascore_build/sifts/5wfq.xml.gz	/Users/mitchellparker/Desktop/rascore_build/pocket/5wfqQ_1_pocket.pdb
5wfqQ	5wfq	0	Q	Y32in.3P-ON	Y71in.3P-R	Y32in	Y71in	I 4 2 2 (CF2)	5wfqQ2	2	GTPase HRas	RASH_HUMAN	P01112	WT	WT	HRAS	3P	WT	None	None	GEF.REM	None	Other-Unbound	I 4 2 2	167	1-166	2017-07-12	Other	403.9280	0.0113	Unbound	Unbound	73,74,75,76,104,106,108,109,110,163,166	MG,GNP	Son of sevenless homolog 1	None	N:74,70,37,39,56,66,67,36,34,38,33,63,61,35,31,26,27,25,149,22,153,43,50,1,45,44,41,42,24,28,148,73	SOS1_HUMAN	None	None	None	RasGEF	None	N	GNP	MG	None	None	None	None	STP	XRAY	2.260	0.171	GMTEYKLVVVGAGGVGKSALTIQLIQNHFVDEYDPTIEDSYRKQVVIDGETCLLDILDTAGQEEYSAMRDQYMRTGEGFLCVFAINNTKSFEDIHQYREQIKRVKDSDDVPMVLVGNKCDLAARTVESRQAQDLARSYGIPYIETSAKTRQGVEDAFYTLVREIRQH	True	182.680	182.680	177.370	90.00	90.00	90.00	/Users/mitchellparker/Desktop/rascore_build/core/5wfqQ_core.cif	/Users/mitchellparker/Desktop/rascore_build/rcsb/5wfq.cif.gz	/Users/mitchellparker/Desktop/rascore_build/renum/5wfq_renum.cif	/Users/mitchellparker/Desktop/rascore_build/rcsb_assembly/5wfq-assembly-1.cif.gz	/Users/mitchellparker/Desktop/rascore_build/renum_assembly/5wfq-assembly-1_renum.cif	/Users/mitchellparker/Desktop/rascore_build/sifts/5wfq.xml.gz	/Users/mitchellparker/Desktop/rascore_build/pocket/5wfqQ_2_pocket.pdb
5wfqR	5wfq	0	R	Outlier	Y71out.0P-GEF	Y32out	Y71out	I 4 2 2 (CF2)	5wfqR1	1	GTPase HRas	RASH_HUMAN	P01112	WT	WT	HRAS	0P	WT	None	None	GEF.CDC25	None	SP2-Unbound	I 4 2 2	167	1-166	2017-07-12	SP2	230.3027	0.0158	Unbound	Unbound	7,8,9,10,16,58,61,62,64,68,71,72,96	None	Son of sevenless homolog 1	None	N:60,13,63,64,65,66,70,67,73,69,102,103,40,54,55,71,37,61,59,58,57,34,35,17,32,21,18,31,25,30,95,105,12,56,33,74	SOS1_HUMAN	None	None	None	RasGEF	None	N	None	None	None	None	None	None	STP	XRAY	2.260	0.171	GMTEYKLVVVGAGGVGKSALTIQLIQNHFVDEYDPTIEDSYRKQVVIDGETCLLDILDTAGQEEYSAMRDQYMRTGEGFLCVFAINNTKSFEDIHQYREQIKRVKDSDDVPMVLVGNKCDLAARTVESRQAQDLARSYGIPYIETSAKTRQGVEDAFYTLVREIRQH	True	182.680	182.680	177.370	90.00	90.00	90.00	/Users/mitchellparker/Desktop/rascore_build/core/5wfqR_core.cif	/Users/mitchellparker/Desktop/rascore_build/rcsb/5wfq.cif.gz	/Users/mitchellparker/Desktop/rascore_build/renum/5wfq_renum.cif	/Users/mitchellparker/Desktop/rascore_build/rcsb_assembly/5wfq-assembly-1.cif.gz	/Users/mitchellparker/Desktop/rascore_build/renum_assembly/5wfq-assembly-1_renum.cif	/Users/mitchellparker/Desktop/rascore_build/sifts/5wfq.xml.gz	/Users/mitchellparker/Desktop/rascore_build/pocket/5wfqR_1_pocket.pdb
5wfqR	5wfq	0	R	Outlier	Y71out.0P-GEF	Y32out	Y71out	I 4 2 2 (CF2)	5wfqR2	2	GTPase HRas	RASH_HUMAN	P01112	WT	WT	HRAS	0P	WT	None	None	GEF.CDC25	None	SP2-Unbound	I 4 2 2	167	1-166	2017-07-12	Other	222.1056	0.0004	Unbound	Unbound	97,107,108,109,110,137,138,139,162,165,166	None	Son of sevenless homolog 1	None	N:60,13,63,64,65,66,70,67,73,69,102,103,40,54,55,71,37,61,59,58,57,34,35,17,32,21,18,31,25,30,95,105,12,56,33,74	SOS1_HUMAN	None	None	None	RasGEF	None	N	None	None	None	None	None	None	STP	XRAY	2.260	0.171	GMTEYKLVVVGAGGVGKSALTIQLIQNHFVDEYDPTIEDSYRKQVVIDGETCLLDILDTAGQEEYSAMRDQYMRTGEGFLCVFAINNTKSFEDIHQYREQIKRVKDSDDVPMVLVGNKCDLAARTVESRQAQDLARSYGIPYIETSAKTRQGVEDAFYTLVREIRQH	True	182.680	182.680	177.370	90.00	90.00	90.00	/Users/mitchellparker/Desktop/rascore_build/core/5wfqR_core.cif	/Users/mitchellparker/Desktop/rascore_build/rcsb/5wfq.cif.gz	/Users/mitchellparker/Desktop/rascore_build/renum/5wfq_renum.cif	/Users/mitchellparker/Desktop/rascore_build/rcsb_assembly/5wfq-assembly-1.cif.gz	/Users/mitchellparker/Desktop/rascore_build/renum_assembly/5wfq-assembly-1_renum.cif	/Users/mitchellparker/Desktop/rascore_build/sifts/5wfq.xml.gz	/Users/mitchellparker/Desktop/rascore_build/pocket/5wfqR_2_pocket.pdb
5wfqR	5wfq	0	R	Outlier	Y71out.0P-GEF	Y32out	Y71out	I 4 2 2 (CF2)	5wfqR3	3	GTPase HRas	RASH_HUMAN	P01112	WT	WT	HRAS	0P	WT	None	None	GEF.CDC25	None	SP2-Unbound	I 4 2 2	167	1-166	2017-07-12	Other	298.1234	0.0001	Unbound	Unbound	131,134,135,138,139,140,141,162	None	Son of sevenless homolog 1	None	N:60,13,63,64,65,66,70,67,73,69,102,103,40,54,55,71,37,61,59,58,57,34,35,17,32,21,18,31,25,30,95,105,12,56,33,74	SOS1_HUMAN	None	None	None	RasGEF	None	N	None	None	None	None	None	None	STP	XRAY	2.260	0.171	GMTEYKLVVVGAGGVGKSALTIQLIQNHFVDEYDPTIEDSYRKQVVIDGETCLLDILDTAGQEEYSAMRDQYMRTGEGFLCVFAINNTKSFEDIHQYREQIKRVKDSDDVPMVLVGNKCDLAARTVESRQAQDLARSYGIPYIETSAKTRQGVEDAFYTLVREIRQH	True	182.680	182.680	177.370	90.00	90.00	90.00	/Users/mitchellparker/Desktop/rascore_build/core/5wfqR_core.cif	/Users/mitchellparker/Desktop/rascore_build/rcsb/5wfq.cif.gz	/Users/mitchellparker/Desktop/rascore_build/renum/5wfq_renum.cif	/Users/mitchellparker/Desktop/rascore_build/rcsb_assembly/5wfq-assembly-1.cif.gz	/Users/mitchellparker/Desktop/rascore_build/renum_assembly/5wfq-assembly-1_renum.cif	/Users/mitchellparker/Desktop/rascore_build/sifts/5wfq.xml.gz	/Users/mitchellparker/Desktop/rascore_build/pocket/5wfqR_3_pocket.pdb
5wfqR	5wfq	0	R	Outlier	Y71out.0P-GEF	Y32out	Y71out	I 4 2 2 (CF2)	5wfqR4	4	GTPase HRas	RASH_HUMAN	P01112	WT	WT	HRAS	0P	WT	None	None	GEF.CDC25	None	SP2-Unbound	I 4 2 2	167	1-166	2017-07-12	Other	168.2686	0.0002	Unbound	Unbound	117,123,143,144,145,150	None	Son of sevenless homolog 1	None	N:60,13,63,64,65,66,70,67,73,69,102,103,40,54,55,71,37,61,59,58,57,34,35,17,32,21,18,31,25,30,95,105,12,56,33,74	SOS1_HUMAN	None	None	None	RasGEF	None	N	None	None	None	None	None	None	STP	XRAY	2.260	0.171	GMTEYKLVVVGAGGVGKSALTIQLIQNHFVDEYDPTIEDSYRKQVVIDGETCLLDILDTAGQEEYSAMRDQYMRTGEGFLCVFAINNTKSFEDIHQYREQIKRVKDSDDVPMVLVGNKCDLAARTVESRQAQDLARSYGIPYIETSAKTRQGVEDAFYTLVREIRQH	True	182.680	182.680	177.370	90.00	90.00	90.00	/Users/mitchellparker/Desktop/rascore_build/core/5wfqR_core.cif	/Users/mitchellparker/Desktop/rascore_build/rcsb/5wfq.cif.gz	/Users/mitchellparker/Desktop/rascore_build/renum/5wfq_renum.cif	/Users/mitchellparker/Desktop/rascore_build/rcsb_assembly/5wfq-assembly-1.cif.gz	/Users/mitchellparker/Desktop/rascore_build/renum_assembly/5wfq-assembly-1_renum.cif	/Users/mitchellparker/Desktop/rascore_build/sifts/5wfq.xml.gz	/Users/mitchellparker/Desktop/rascore_build/pocket/5wfqR_4_pocket.pdb
5wfrQ	5wfr	0	Q	Y32in.3P-ON	Y71in.3P-R	Y32in	Y71in	I 4 2 2 (CF2)	5wfrQ1	1	GTPase HRas	RASH_HUMAN	P01112	WT	WT	HRAS	3P	WT	None	None	GEF.REM	None	Other-Unbound	I 4 2 2	167	1-166	2017-07-12	Other	497.8926	0.0186	Unbound	Unbound	2,3,4,74,75,76,104,106,108,109,110,163,166	MG,GNP	Son of sevenless homolog 1	None	N:70,37,39,56,66,67,36,34,38,33,63,61,35,31,26,27,25,149,22,148,43,50,1,45,44,41,42,24,153,28,40	SOS1_HUMAN	None	None	None	RasGEF	None	N	GNP	MG	None	None	None	None	STP	XRAY	2.460	0.165	GMTEYKLVVVGAGGVGKSALTIQLIQNHFVDEYDPTIEDSYRKQVVIDGETCLLDILDTAGQEEYSAMRDQYMRTGEGFLCVFAINNTKSFEDIHQYREQIKRVKDSDDVPMVLVGNKCDLAARTVESRQAQDLARSYGIPYIETSAKTRQGVEDAFYTLVREIRQH	True	183.903	183.903	178.387	90.00	90.00	90.00	/Users/mitchellparker/Desktop/rascore_build/core/5wfrQ_core.cif	/Users/mitchellparker/Desktop/rascore_build/rcsb/5wfr.cif.gz	/Users/mitchellparker/Desktop/rascore_build/renum/5wfr_renum.cif	/Users/mitchellparker/Desktop/rascore_build/rcsb_assembly/5wfr-assembly-1.cif.gz	/Users/mitchellparker/Desktop/rascore_build/renum_assembly/5wfr-assembly-1_renum.cif	/Users/mitchellparker/Desktop/rascore_build/sifts/5wfr.xml.gz	/Users/mitchellparker/Desktop/rascore_build/pocket/5wfrQ_1_pocket.pdb
5wfrR	5wfr	0	R	Outlier	Y71out.0P-GEF	Y32out	Y71out	I 4 2 2 (CF2)	5wfrR1	1	GTPase HRas	RASH_HUMAN	P01112	WT	WT	HRAS	0P	WT	None	None	GEF.CDC25	None	SP2-Unbound	I 4 2 2	167	1-166	2017-07-12	SP2	226.0300	0.0076	Unbound	Unbound	7,8,9,10,16,58,61,62,64,68,71,72,96	None	Son of sevenless homolog 1	None	N:60,13,63,64,65,66,70,67,73,69,102,103,40,55,54,71,61,59,58,57,34,32,21,17,18,30,31,25,95,105,35,56	SOS1_HUMAN	None	None	None	RasGEF	None	N	None	None	None	None	None	None	STP	XRAY	2.460	0.165	GMTEYKLVVVGAGGVGKSALTIQLIQNHFVDEYDPTIEDSYRKQVVIDGETCLLDILDTAGQEEYSAMRDQYMRTGEGFLCVFAINNTKSFEDIHQYREQIKRVKDSDDVPMVLVGNKCDLAARTVESRQAQDLARSYGIPYIETSAKTRQGVEDAFYTLVREIRQH	True	183.903	183.903	178.387	90.00	90.00	90.00	/Users/mitchellparker/Desktop/rascore_build/core/5wfrR_core.cif	/Users/mitchellparker/Desktop/rascore_build/rcsb/5wfr.cif.gz	/Users/mitchellparker/Desktop/rascore_build/renum/5wfr_renum.cif	/Users/mitchellparker/Desktop/rascore_build/rcsb_assembly/5wfr-assembly-1.cif.gz	/Users/mitchellparker/Desktop/rascore_build/renum_assembly/5wfr-assembly-1_renum.cif	/Users/mitchellparker/Desktop/rascore_build/sifts/5wfr.xml.gz	/Users/mitchellparker/Desktop/rascore_build/pocket/5wfrR_1_pocket.pdb
5wfrR	5wfr	0	R	Outlier	Y71out.0P-GEF	Y32out	Y71out	I 4 2 2 (CF2)	5wfrR2	2	GTPase HRas	RASH_HUMAN	P01112	WT	WT	HRAS	0P	WT	None	None	GEF.CDC25	None	SP2-Unbound	I 4 2 2	167	1-166	2017-07-12	Other	238.6674	0.0004	Unbound	Unbound	97,108,109,110,137,138,139,162,165,166	None	Son of sevenless homolog 1	None	N:60,13,63,64,65,66,70,67,73,69,102,103,40,55,54,71,61,59,58,57,34,32,21,17,18,30,31,25,95,105,35,56	SOS1_HUMAN	None	None	None	RasGEF	None	N	None	None	None	None	None	None	STP	XRAY	2.460	0.165	GMTEYKLVVVGAGGVGKSALTIQLIQNHFVDEYDPTIEDSYRKQVVIDGETCLLDILDTAGQEEYSAMRDQYMRTGEGFLCVFAINNTKSFEDIHQYREQIKRVKDSDDVPMVLVGNKCDLAARTVESRQAQDLARSYGIPYIETSAKTRQGVEDAFYTLVREIRQH	True	183.903	183.903	178.387	90.00	90.00	90.00	/Users/mitchellparker/Desktop/rascore_build/core/5wfrR_core.cif	/Users/mitchellparker/Desktop/rascore_build/rcsb/5wfr.cif.gz	/Users/mitchellparker/Desktop/rascore_build/renum/5wfr_renum.cif	/Users/mitchellparker/Desktop/rascore_build/rcsb_assembly/5wfr-assembly-1.cif.gz	/Users/mitchellparker/Desktop/rascore_build/renum_assembly/5wfr-assembly-1_renum.cif	/Users/mitchellparker/Desktop/rascore_build/sifts/5wfr.xml.gz	/Users/mitchellparker/Desktop/rascore_build/pocket/5wfrR_2_pocket.pdb
5wfrR	5wfr	0	R	Outlier	Y71out.0P-GEF	Y32out	Y71out	I 4 2 2 (CF2)	5wfrR3	3	GTPase HRas	RASH_HUMAN	P01112	WT	WT	HRAS	0P	WT	None	None	GEF.CDC25	None	SP2-Unbound	I 4 2 2	167	1-166	2017-07-12	Other	264.5838	0.0001	Unbound	Unbound	128,131,132,134,135,139,140,141	None	Son of sevenless homolog 1	None	N:60,13,63,64,65,66,70,67,73,69,102,103,40,55,54,71,61,59,58,57,34,32,21,17,18,30,31,25,95,105,35,56	SOS1_HUMAN	None	None	None	RasGEF	None	N	None	None	None	None	None	None	STP	XRAY	2.460	0.165	GMTEYKLVVVGAGGVGKSALTIQLIQNHFVDEYDPTIEDSYRKQVVIDGETCLLDILDTAGQEEYSAMRDQYMRTGEGFLCVFAINNTKSFEDIHQYREQIKRVKDSDDVPMVLVGNKCDLAARTVESRQAQDLARSYGIPYIETSAKTRQGVEDAFYTLVREIRQH	True	183.903	183.903	178.387	90.00	90.00	90.00	/Users/mitchellparker/Desktop/rascore_build/core/5wfrR_core.cif	/Users/mitchellparker/Desktop/rascore_build/rcsb/5wfr.cif.gz	/Users/mitchellparker/Desktop/rascore_build/renum/5wfr_renum.cif	/Users/mitchellparker/Desktop/rascore_build/rcsb_assembly/5wfr-assembly-1.cif.gz	/Users/mitchellparker/Desktop/rascore_build/renum_assembly/5wfr-assembly-1_renum.cif	/Users/mitchellparker/Desktop/rascore_build/sifts/5wfr.xml.gz	/Users/mitchellparker/Desktop/rascore_build/pocket/5wfrR_3_pocket.pdb
5whaA	5wha	0	A	Disordered	Outlier	Disordered	Y71out	P 1 21 1 (CF5)	5whaA1	1	GTPase KRas	RASK_HUMAN	P01116-2	G12V	G12	KRAS	2P	G12V	None	None	Binder	None	Other-Unbound	P 1 21 1	170	2-26:39-166	2017-07-16	Other	230.6767	0.0853	Unbound	Unbound	18,146,147	MG,GDP,CA,CA	miniprotein 225-11	None	B:41,3,39,5,74,40,56,71,7,55,6,54,57,68,58,59,72,63,65|C:67,71,74,70	None	None	None	None	Binder	None	B,C	GDP	MG	None	CA	None	None	STP	XRAY	2.040	0.240	GGGGMTEYKLVVVGAVGVGKSALTIQLIQNHFVDEYDPTIEDSYRKQVVIDGETCLLDILDTAGQEEYSAMRDQYMRTGEGFLCVFAINNTKSFEDIHHYREQIKRVKDSEDVPMVLVGNKCDLPSRTVDTKQAQDLARSYGIPFIETSAKTRQGVDDAFYTLVREIRKH	True	48.003	40.328	230.939	90.00	90.99	90.00	/Users/mitchellparker/Desktop/rascore_build/core/5whaA_core.cif	/Users/mitchellparker/Desktop/rascore_build/rcsb/5wha.cif.gz	/Users/mitchellparker/Desktop/rascore_build/renum/5wha_renum.cif	/Users/mitchellparker/Desktop/rascore_build/rcsb_assembly/5wha-assembly-1.cif.gz	/Users/mitchellparker/Desktop/rascore_build/renum_assembly/5wha-assembly-1_renum.cif	/Users/mitchellparker/Desktop/rascore_build/sifts/5wha.xml.gz	/Users/mitchellparker/Desktop/rascore_build/pocket/5whaA_1_pocket.pdb
5whaA	5wha	0	A	Disordered	Outlier	Disordered	Y71out	P 1 21 1 (CF5)	5whaA2	2	GTPase KRas	RASK_HUMAN	P01116-2	G12V	G12	KRAS	2P	G12V	None	None	Binder	None	Other-Unbound	P 1 21 1	170	2-26:39-166	2017-07-16	Other	209.0773	0.0027	Unbound	Unbound	17,20,21,24,25,39,40,57	MG,GDP,CA,CA	miniprotein 225-11	None	B:41,3,39,5,74,40,56,71,7,55,6,54,57,68,58,59,72,63,65|C:67,71,74,70	None	None	None	None	Binder	None	B,C	GDP	MG	None	CA	None	None	STP	XRAY	2.040	0.240	GGGGMTEYKLVVVGAVGVGKSALTIQLIQNHFVDEYDPTIEDSYRKQVVIDGETCLLDILDTAGQEEYSAMRDQYMRTGEGFLCVFAINNTKSFEDIHHYREQIKRVKDSEDVPMVLVGNKCDLPSRTVDTKQAQDLARSYGIPFIETSAKTRQGVDDAFYTLVREIRKH	True	48.003	40.328	230.939	90.00	90.99	90.00	/Users/mitchellparker/Desktop/rascore_build/core/5whaA_core.cif	/Users/mitchellparker/Desktop/rascore_build/rcsb/5wha.cif.gz	/Users/mitchellparker/Desktop/rascore_build/renum/5wha_renum.cif	/Users/mitchellparker/Desktop/rascore_build/rcsb_assembly/5wha-assembly-1.cif.gz	/Users/mitchellparker/Desktop/rascore_build/renum_assembly/5wha-assembly-1_renum.cif	/Users/mitchellparker/Desktop/rascore_build/sifts/5wha.xml.gz	/Users/mitchellparker/Desktop/rascore_build/pocket/5whaA_2_pocket.pdb
5whaA	5wha	0	A	Disordered	Outlier	Disordered	Y71out	P 1 21 1 (CF5)	5whaA3	3	GTPase KRas	RASK_HUMAN	P01116-2	G12V	G12	KRAS	2P	G12V	None	None	Binder	None	Other-Unbound	P 1 21 1	170	2-26:39-166	2017-07-16	Other	197.6785	0.0026	Unbound	Unbound	47,161,164,165	MG,GDP,CA,CA	miniprotein 225-11	None	B:41,3,39,5,74,40,56,71,7,55,6,54,57,68,58,59,72,63,65|C:67,71,74,70	None	None	None	None	Binder	None	B,C	GDP	MG	None	CA	None	None	STP	XRAY	2.040	0.240	GGGGMTEYKLVVVGAVGVGKSALTIQLIQNHFVDEYDPTIEDSYRKQVVIDGETCLLDILDTAGQEEYSAMRDQYMRTGEGFLCVFAINNTKSFEDIHHYREQIKRVKDSEDVPMVLVGNKCDLPSRTVDTKQAQDLARSYGIPFIETSAKTRQGVDDAFYTLVREIRKH	True	48.003	40.328	230.939	90.00	90.99	90.00	/Users/mitchellparker/Desktop/rascore_build/core/5whaA_core.cif	/Users/mitchellparker/Desktop/rascore_build/rcsb/5wha.cif.gz	/Users/mitchellparker/Desktop/rascore_build/renum/5wha_renum.cif	/Users/mitchellparker/Desktop/rascore_build/rcsb_assembly/5wha-assembly-1.cif.gz	/Users/mitchellparker/Desktop/rascore_build/renum_assembly/5wha-assembly-1_renum.cif	/Users/mitchellparker/Desktop/rascore_build/sifts/5wha.xml.gz	/Users/mitchellparker/Desktop/rascore_build/pocket/5whaA_3_pocket.pdb
5whaD	5wha	0	D	Disordered	Outlier	Disordered	Y71out	P 1 21 1 (CF5)	5whaD1	1	GTPase KRas	RASK_HUMAN	P01116-2	G12V	G12	KRAS	2P	G12V	None	None	Binder	None	Other-Unbound	P 1 21 1	170	1-28:37-121:127-166	2017-07-16	Other	209.5922	0.0002	Unbound	Unbound	97,107,108,109,110,111,137,138,139,162,165,166	MG,GDP,CA,CA	miniprotein 225-11	None	E:41,3,5,74,40,54,38,37,56,71,7,57,55,68,59,58,62,63,65|F:71,67,74,70,5	None	None	None	None	Binder	None	E,F	GDP	MG	None	CA	None	None	STP	XRAY	2.040	0.240	GGGGMTEYKLVVVGAVGVGKSALTIQLIQNHFVDEYDPTIEDSYRKQVVIDGETCLLDILDTAGQEEYSAMRDQYMRTGEGFLCVFAINNTKSFEDIHHYREQIKRVKDSEDVPMVLVGNKCDLPSRTVDTKQAQDLARSYGIPFIETSAKTRQGVDDAFYTLVREIRKH	True	48.003	40.328	230.939	90.00	90.99	90.00	/Users/mitchellparker/Desktop/rascore_build/core/5whaD_core.cif	/Users/mitchellparker/Desktop/rascore_build/rcsb/5wha.cif.gz	/Users/mitchellparker/Desktop/rascore_build/renum/5wha_renum.cif	/Users/mitchellparker/Desktop/rascore_build/rcsb_assembly/5wha-assembly-1.cif.gz	/Users/mitchellparker/Desktop/rascore_build/renum_assembly/5wha-assembly-1_renum.cif	/Users/mitchellparker/Desktop/rascore_build/sifts/5wha.xml.gz	/Users/mitchellparker/Desktop/rascore_build/pocket/5whaD_1_pocket.pdb
5whaD	5wha	0	D	Disordered	Outlier	Disordered	Y71out	P 1 21 1 (CF5)	5whaD2	2	GTPase KRas	RASK_HUMAN	P01116-2	G12V	G12	KRAS	2P	G12V	None	None	Binder	None	Other-Unbound	P 1 21 1	170	1-28:37-121:127-166	2017-07-16	Other	233.8626	0.1204	Unbound	Unbound	17,18,21,27,28	MG,GDP,CA,CA	miniprotein 225-11	None	E:41,3,5,74,40,54,38,37,56,71,7,57,55,68,59,58,62,63,65|F:71,67,74,70,5	None	None	None	None	Binder	None	E,F	GDP	MG	None	CA	None	None	STP	XRAY	2.040	0.240	GGGGMTEYKLVVVGAVGVGKSALTIQLIQNHFVDEYDPTIEDSYRKQVVIDGETCLLDILDTAGQEEYSAMRDQYMRTGEGFLCVFAINNTKSFEDIHHYREQIKRVKDSEDVPMVLVGNKCDLPSRTVDTKQAQDLARSYGIPFIETSAKTRQGVDDAFYTLVREIRKH	True	48.003	40.328	230.939	90.00	90.99	90.00	/Users/mitchellparker/Desktop/rascore_build/core/5whaD_core.cif	/Users/mitchellparker/Desktop/rascore_build/rcsb/5wha.cif.gz	/Users/mitchellparker/Desktop/rascore_build/renum/5wha_renum.cif	/Users/mitchellparker/Desktop/rascore_build/rcsb_assembly/5wha-assembly-1.cif.gz	/Users/mitchellparker/Desktop/rascore_build/renum_assembly/5wha-assembly-1_renum.cif	/Users/mitchellparker/Desktop/rascore_build/sifts/5wha.xml.gz	/Users/mitchellparker/Desktop/rascore_build/pocket/5whaD_2_pocket.pdb
5whaD	5wha	0	D	Disordered	Outlier	Disordered	Y71out	P 1 21 1 (CF5)	5whaD3	3	GTPase KRas	RASK_HUMAN	P01116-2	G12V	G12	KRAS	2P	G12V	None	None	Binder	None	Other-Unbound	P 1 21 1	170	1-28:37-121:127-166	2017-07-16	Other	346.5655	0.2780	Unbound	Unbound	1,76,104,106,108,109,110,163,166	MG,GDP,CA,CA	miniprotein 225-11	None	E:41,3,5,74,40,54,38,37,56,71,7,57,55,68,59,58,62,63,65|F:71,67,74,70,5	None	None	None	None	Binder	None	E,F	GDP	MG	None	CA	None	None	STP	XRAY	2.040	0.240	GGGGMTEYKLVVVGAVGVGKSALTIQLIQNHFVDEYDPTIEDSYRKQVVIDGETCLLDILDTAGQEEYSAMRDQYMRTGEGFLCVFAINNTKSFEDIHHYREQIKRVKDSEDVPMVLVGNKCDLPSRTVDTKQAQDLARSYGIPFIETSAKTRQGVDDAFYTLVREIRKH	True	48.003	40.328	230.939	90.00	90.99	90.00	/Users/mitchellparker/Desktop/rascore_build/core/5whaD_core.cif	/Users/mitchellparker/Desktop/rascore_build/rcsb/5wha.cif.gz	/Users/mitchellparker/Desktop/rascore_build/renum/5wha_renum.cif	/Users/mitchellparker/Desktop/rascore_build/rcsb_assembly/5wha-assembly-1.cif.gz	/Users/mitchellparker/Desktop/rascore_build/renum_assembly/5wha-assembly-1_renum.cif	/Users/mitchellparker/Desktop/rascore_build/sifts/5wha.xml.gz	/Users/mitchellparker/Desktop/rascore_build/pocket/5whaD_3_pocket.pdb
5whaD	5wha	0	D	Disordered	Outlier	Disordered	Y71out	P 1 21 1 (CF5)	5whaD4	4	GTPase KRas	RASK_HUMAN	P01116-2	G12V	G12	KRAS	2P	G12V	None	None	Binder	None	Other-Unbound	P 1 21 1	170	1-28:37-121:127-166	2017-07-16	Other	173.4516	0.0008	Unbound	Unbound	17,20,21,25,38,39,40,57	MG,GDP,CA,CA	miniprotein 225-11	None	E:41,3,5,74,40,54,38,37,56,71,7,57,55,68,59,58,62,63,65|F:71,67,74,70,5	None	None	None	None	Binder	None	E,F	GDP	MG	None	CA	None	None	STP	XRAY	2.040	0.240	GGGGMTEYKLVVVGAVGVGKSALTIQLIQNHFVDEYDPTIEDSYRKQVVIDGETCLLDILDTAGQEEYSAMRDQYMRTGEGFLCVFAINNTKSFEDIHHYREQIKRVKDSEDVPMVLVGNKCDLPSRTVDTKQAQDLARSYGIPFIETSAKTRQGVDDAFYTLVREIRKH	True	48.003	40.328	230.939	90.00	90.99	90.00	/Users/mitchellparker/Desktop/rascore_build/core/5whaD_core.cif	/Users/mitchellparker/Desktop/rascore_build/rcsb/5wha.cif.gz	/Users/mitchellparker/Desktop/rascore_build/renum/5wha_renum.cif	/Users/mitchellparker/Desktop/rascore_build/rcsb_assembly/5wha-assembly-1.cif.gz	/Users/mitchellparker/Desktop/rascore_build/renum_assembly/5wha-assembly-1_renum.cif	/Users/mitchellparker/Desktop/rascore_build/sifts/5wha.xml.gz	/Users/mitchellparker/Desktop/rascore_build/pocket/5whaD_4_pocket.pdb
5whaD	5wha	0	D	Disordered	Outlier	Disordered	Y71out	P 1 21 1 (CF5)	5whaD5	5	GTPase KRas	RASK_HUMAN	P01116-2	G12V	G12	KRAS	2P	G12V	None	None	Binder	None	Other-Unbound	P 1 21 1	170	1-28:37-121:127-166	2017-07-16	Other	261.9016	0.1781	Unbound	Unbound	82,83,84,86,87,90,127,129,130,141,143	MG,GDP,CA,CA	miniprotein 225-11	None	E:41,3,5,74,40,54,38,37,56,71,7,57,55,68,59,58,62,63,65|F:71,67,74,70,5	None	None	None	None	Binder	None	E,F	GDP	MG	None	CA	None	None	STP	XRAY	2.040	0.240	GGGGMTEYKLVVVGAVGVGKSALTIQLIQNHFVDEYDPTIEDSYRKQVVIDGETCLLDILDTAGQEEYSAMRDQYMRTGEGFLCVFAINNTKSFEDIHHYREQIKRVKDSEDVPMVLVGNKCDLPSRTVDTKQAQDLARSYGIPFIETSAKTRQGVDDAFYTLVREIRKH	True	48.003	40.328	230.939	90.00	90.99	90.00	/Users/mitchellparker/Desktop/rascore_build/core/5whaD_core.cif	/Users/mitchellparker/Desktop/rascore_build/rcsb/5wha.cif.gz	/Users/mitchellparker/Desktop/rascore_build/renum/5wha_renum.cif	/Users/mitchellparker/Desktop/rascore_build/rcsb_assembly/5wha-assembly-1.cif.gz	/Users/mitchellparker/Desktop/rascore_build/renum_assembly/5wha-assembly-1_renum.cif	/Users/mitchellparker/Desktop/rascore_build/sifts/5wha.xml.gz	/Users/mitchellparker/Desktop/rascore_build/pocket/5whaD_5_pocket.pdb
5whaD	5wha	0	D	Disordered	Outlier	Disordered	Y71out	P 1 21 1 (CF5)	5whaD6	6	GTPase KRas	RASK_HUMAN	P01116-2	G12V	G12	KRAS	2P	G12V	None	None	Binder	None	Other-Unbound	P 1 21 1	170	1-28:37-121:127-166	2017-07-16	Other	209.4337	0.0006	Unbound	Unbound	45,46,47,154,157,158,161	MG,GDP,CA,CA	miniprotein 225-11	None	E:41,3,5,74,40,54,38,37,56,71,7,57,55,68,59,58,62,63,65|F:71,67,74,70,5	None	None	None	None	Binder	None	E,F	GDP	MG	None	CA	None	None	STP	XRAY	2.040	0.240	GGGGMTEYKLVVVGAVGVGKSALTIQLIQNHFVDEYDPTIEDSYRKQVVIDGETCLLDILDTAGQEEYSAMRDQYMRTGEGFLCVFAINNTKSFEDIHHYREQIKRVKDSEDVPMVLVGNKCDLPSRTVDTKQAQDLARSYGIPFIETSAKTRQGVDDAFYTLVREIRKH	True	48.003	40.328	230.939	90.00	90.99	90.00	/Users/mitchellparker/Desktop/rascore_build/core/5whaD_core.cif	/Users/mitchellparker/Desktop/rascore_build/rcsb/5wha.cif.gz	/Users/mitchellparker/Desktop/rascore_build/renum/5wha_renum.cif	/Users/mitchellparker/Desktop/rascore_build/rcsb_assembly/5wha-assembly-1.cif.gz	/Users/mitchellparker/Desktop/rascore_build/renum_assembly/5wha-assembly-1_renum.cif	/Users/mitchellparker/Desktop/rascore_build/sifts/5wha.xml.gz	/Users/mitchellparker/Desktop/rascore_build/pocket/5whaD_6_pocket.pdb
5whaG	5wha	0	G	Disordered	Outlier	Y32out	Y71out	P 1 21 1 (CF5)	5whaG1	1	GTPase KRas	RASK_HUMAN	P01116-2	G12V	G12	KRAS	2P	G12V	None	None	Binder	None	Other-Unbound	P 1 21 1	170	2-33:37-166	2017-07-16	Other	128.9898	0.0003	Unbound	Unbound	11,12,13,14,83,85,86,89,117	MG,GDP,CA,CA	miniprotein 225-11	None	H:40,37,41,3,39,5,74,54,38,56,71,57,55,68,59,58,63,65,67,64|I:67,71,74,70	None	None	None	None	Binder	None	H,I	GDP	MG	None	CA	None	None	STP	XRAY	2.040	0.240	GGGGMTEYKLVVVGAVGVGKSALTIQLIQNHFVDEYDPTIEDSYRKQVVIDGETCLLDILDTAGQEEYSAMRDQYMRTGEGFLCVFAINNTKSFEDIHHYREQIKRVKDSEDVPMVLVGNKCDLPSRTVDTKQAQDLARSYGIPFIETSAKTRQGVDDAFYTLVREIRKH	True	48.003	40.328	230.939	90.00	90.99	90.00	/Users/mitchellparker/Desktop/rascore_build/core/5whaG_core.cif	/Users/mitchellparker/Desktop/rascore_build/rcsb/5wha.cif.gz	/Users/mitchellparker/Desktop/rascore_build/renum/5wha_renum.cif	/Users/mitchellparker/Desktop/rascore_build/rcsb_assembly/5wha-assembly-1.cif.gz	/Users/mitchellparker/Desktop/rascore_build/renum_assembly/5wha-assembly-1_renum.cif	/Users/mitchellparker/Desktop/rascore_build/sifts/5wha.xml.gz	/Users/mitchellparker/Desktop/rascore_build/pocket/5whaG_1_pocket.pdb
5whaG	5wha	0	G	Disordered	Outlier	Y32out	Y71out	P 1 21 1 (CF5)	5whaG2	2	GTPase KRas	RASK_HUMAN	P01116-2	G12V	G12	KRAS	2P	G12V	None	None	Binder	None	Other-Unbound	P 1 21 1	170	2-33:37-166	2017-07-16	Other	213.1775	0.0016	Unbound	Unbound	20,21,25,27,31,38,39,40	MG,GDP,CA,CA	miniprotein 225-11	None	H:40,37,41,3,39,5,74,54,38,56,71,57,55,68,59,58,63,65,67,64|I:67,71,74,70	None	None	None	None	Binder	None	H,I	GDP	MG	None	CA	None	None	STP	XRAY	2.040	0.240	GGGGMTEYKLVVVGAVGVGKSALTIQLIQNHFVDEYDPTIEDSYRKQVVIDGETCLLDILDTAGQEEYSAMRDQYMRTGEGFLCVFAINNTKSFEDIHHYREQIKRVKDSEDVPMVLVGNKCDLPSRTVDTKQAQDLARSYGIPFIETSAKTRQGVDDAFYTLVREIRKH	True	48.003	40.328	230.939	90.00	90.99	90.00	/Users/mitchellparker/Desktop/rascore_build/core/5whaG_core.cif	/Users/mitchellparker/Desktop/rascore_build/rcsb/5wha.cif.gz	/Users/mitchellparker/Desktop/rascore_build/renum/5wha_renum.cif	/Users/mitchellparker/Desktop/rascore_build/rcsb_assembly/5wha-assembly-1.cif.gz	/Users/mitchellparker/Desktop/rascore_build/renum_assembly/5wha-assembly-1_renum.cif	/Users/mitchellparker/Desktop/rascore_build/sifts/5wha.xml.gz	/Users/mitchellparker/Desktop/rascore_build/pocket/5whaG_2_pocket.pdb
5whaG	5wha	0	G	Disordered	Outlier	Y32out	Y71out	P 1 21 1 (CF5)	5whaG3	3	GTPase KRas	RASK_HUMAN	P01116-2	G12V	G12	KRAS	2P	G12V	None	None	Binder	None	Other-Unbound	P 1 21 1	170	2-33:37-166	2017-07-16	Other	285.3196	0.0002	Unbound	Unbound	97,107,108,109,110,111,137,138,139,162,165,166	MG,GDP,CA,CA	miniprotein 225-11	None	H:40,37,41,3,39,5,74,54,38,56,71,57,55,68,59,58,63,65,67,64|I:67,71,74,70	None	None	None	None	Binder	None	H,I	GDP	MG	None	CA	None	None	STP	XRAY	2.040	0.240	GGGGMTEYKLVVVGAVGVGKSALTIQLIQNHFVDEYDPTIEDSYRKQVVIDGETCLLDILDTAGQEEYSAMRDQYMRTGEGFLCVFAINNTKSFEDIHHYREQIKRVKDSEDVPMVLVGNKCDLPSRTVDTKQAQDLARSYGIPFIETSAKTRQGVDDAFYTLVREIRKH	True	48.003	40.328	230.939	90.00	90.99	90.00	/Users/mitchellparker/Desktop/rascore_build/core/5whaG_core.cif	/Users/mitchellparker/Desktop/rascore_build/rcsb/5wha.cif.gz	/Users/mitchellparker/Desktop/rascore_build/renum/5wha_renum.cif	/Users/mitchellparker/Desktop/rascore_build/rcsb_assembly/5wha-assembly-1.cif.gz	/Users/mitchellparker/Desktop/rascore_build/renum_assembly/5wha-assembly-1_renum.cif	/Users/mitchellparker/Desktop/rascore_build/sifts/5wha.xml.gz	/Users/mitchellparker/Desktop/rascore_build/pocket/5whaG_3_pocket.pdb
5whaG	5wha	0	G	Disordered	Outlier	Y32out	Y71out	P 1 21 1 (CF5)	5whaG4	4	GTPase KRas	RASK_HUMAN	P01116-2	G12V	G12	KRAS	2P	G12V	None	None	Binder	None	Other-Unbound	P 1 21 1	170	2-33:37-166	2017-07-16	Other	164.8814	0.0005	Unbound	Unbound	17,18,21,28,30	MG,GDP,CA,CA	miniprotein 225-11	None	H:40,37,41,3,39,5,74,54,38,56,71,57,55,68,59,58,63,65,67,64|I:67,71,74,70	None	None	None	None	Binder	None	H,I	GDP	MG	None	CA	None	None	STP	XRAY	2.040	0.240	GGGGMTEYKLVVVGAVGVGKSALTIQLIQNHFVDEYDPTIEDSYRKQVVIDGETCLLDILDTAGQEEYSAMRDQYMRTGEGFLCVFAINNTKSFEDIHHYREQIKRVKDSEDVPMVLVGNKCDLPSRTVDTKQAQDLARSYGIPFIETSAKTRQGVDDAFYTLVREIRKH	True	48.003	40.328	230.939	90.00	90.99	90.00	/Users/mitchellparker/Desktop/rascore_build/core/5whaG_core.cif	/Users/mitchellparker/Desktop/rascore_build/rcsb/5wha.cif.gz	/Users/mitchellparker/Desktop/rascore_build/renum/5wha_renum.cif	/Users/mitchellparker/Desktop/rascore_build/rcsb_assembly/5wha-assembly-1.cif.gz	/Users/mitchellparker/Desktop/rascore_build/renum_assembly/5wha-assembly-1_renum.cif	/Users/mitchellparker/Desktop/rascore_build/sifts/5wha.xml.gz	/Users/mitchellparker/Desktop/rascore_build/pocket/5whaG_4_pocket.pdb
5whaJ	5wha	0	J	Disordered	Outlier	Disordered	Y71out	P 1 21 1 (CF5)	5whaJ1	1	GTPase KRas	RASK_HUMAN	P01116-2	G12V	G12	KRAS	2P	G12V	None	None	Binder	None	Other-Unbound	P 1 21 1	170	2-25:39-165	2017-07-16	Other	306.7360	0.0012	Unbound	Unbound	62,63,64,65,69,95,98,99,102	MG,GDP	miniprotein 225-11	None	K:41,3,39,54,5,40,56,71,7,6,57,55,68,58,59,72,63,65|L:67,71,74	None	None	None	None	Binder	None	K,L	GDP	MG	None	None	None	None	STP	XRAY	2.040	0.240	GGGGMTEYKLVVVGAVGVGKSALTIQLIQNHFVDEYDPTIEDSYRKQVVIDGETCLLDILDTAGQEEYSAMRDQYMRTGEGFLCVFAINNTKSFEDIHHYREQIKRVKDSEDVPMVLVGNKCDLPSRTVDTKQAQDLARSYGIPFIETSAKTRQGVDDAFYTLVREIRKH	True	48.003	40.328	230.939	90.00	90.99	90.00	/Users/mitchellparker/Desktop/rascore_build/core/5whaJ_core.cif	/Users/mitchellparker/Desktop/rascore_build/rcsb/5wha.cif.gz	/Users/mitchellparker/Desktop/rascore_build/renum/5wha_renum.cif	/Users/mitchellparker/Desktop/rascore_build/rcsb_assembly/5wha-assembly-1.cif.gz	/Users/mitchellparker/Desktop/rascore_build/renum_assembly/5wha-assembly-1_renum.cif	/Users/mitchellparker/Desktop/rascore_build/sifts/5wha.xml.gz	/Users/mitchellparker/Desktop/rascore_build/pocket/5whaJ_1_pocket.pdb
5whaJ	5wha	0	J	Disordered	Outlier	Disordered	Y71out	P 1 21 1 (CF5)	5whaJ2	2	GTPase KRas	RASK_HUMAN	P01116-2	G12V	G12	KRAS	2P	G12V	None	None	Binder	None	Other-Unbound	P 1 21 1	170	2-25:39-165	2017-07-16	Other	195.4501	0.0057	Unbound	Unbound	18,146,147	MG,GDP	miniprotein 225-11	None	K:41,3,39,54,5,40,56,71,7,6,57,55,68,58,59,72,63,65|L:67,71,74	None	None	None	None	Binder	None	K,L	GDP	MG	None	None	None	None	STP	XRAY	2.040	0.240	GGGGMTEYKLVVVGAVGVGKSALTIQLIQNHFVDEYDPTIEDSYRKQVVIDGETCLLDILDTAGQEEYSAMRDQYMRTGEGFLCVFAINNTKSFEDIHHYREQIKRVKDSEDVPMVLVGNKCDLPSRTVDTKQAQDLARSYGIPFIETSAKTRQGVDDAFYTLVREIRKH	True	48.003	40.328	230.939	90.00	90.99	90.00	/Users/mitchellparker/Desktop/rascore_build/core/5whaJ_core.cif	/Users/mitchellparker/Desktop/rascore_build/rcsb/5wha.cif.gz	/Users/mitchellparker/Desktop/rascore_build/renum/5wha_renum.cif	/Users/mitchellparker/Desktop/rascore_build/rcsb_assembly/5wha-assembly-1.cif.gz	/Users/mitchellparker/Desktop/rascore_build/renum_assembly/5wha-assembly-1_renum.cif	/Users/mitchellparker/Desktop/rascore_build/sifts/5wha.xml.gz	/Users/mitchellparker/Desktop/rascore_build/pocket/5whaJ_2_pocket.pdb
5whaJ	5wha	0	J	Disordered	Outlier	Disordered	Y71out	P 1 21 1 (CF5)	5whaJ3	3	GTPase KRas	RASK_HUMAN	P01116-2	G12V	G12	KRAS	2P	G12V	None	None	Binder	None	Other-Unbound	P 1 21 1	170	2-25:39-165	2017-07-16	Other	194.3780	0.0001	Unbound	Unbound	45,46,47,154,157,158,161	MG,GDP	miniprotein 225-11	None	K:41,3,39,54,5,40,56,71,7,6,57,55,68,58,59,72,63,65|L:67,71,74	None	None	None	None	Binder	None	K,L	GDP	MG	None	None	None	None	STP	XRAY	2.040	0.240	GGGGMTEYKLVVVGAVGVGKSALTIQLIQNHFVDEYDPTIEDSYRKQVVIDGETCLLDILDTAGQEEYSAMRDQYMRTGEGFLCVFAINNTKSFEDIHHYREQIKRVKDSEDVPMVLVGNKCDLPSRTVDTKQAQDLARSYGIPFIETSAKTRQGVDDAFYTLVREIRKH	True	48.003	40.328	230.939	90.00	90.99	90.00	/Users/mitchellparker/Desktop/rascore_build/core/5whaJ_core.cif	/Users/mitchellparker/Desktop/rascore_build/rcsb/5wha.cif.gz	/Users/mitchellparker/Desktop/rascore_build/renum/5wha_renum.cif	/Users/mitchellparker/Desktop/rascore_build/rcsb_assembly/5wha-assembly-1.cif.gz	/Users/mitchellparker/Desktop/rascore_build/renum_assembly/5wha-assembly-1_renum.cif	/Users/mitchellparker/Desktop/rascore_build/sifts/5wha.xml.gz	/Users/mitchellparker/Desktop/rascore_build/pocket/5whaJ_3_pocket.pdb
5whbA	5whb	0	A	Disordered	Outlier	Disordered	Y71out	P 1 21 1 (CF6)	5whbA1	1	GTPase KRas	RASK_HUMAN	P01116-2	G12V	G12	KRAS	2P	G12V	None	None	Binder	None	Other-Unbound	P 1 21 1	170	1-29:36-166	2017-07-16	Other	249.5310	0.0004	Unbound	Unbound	97,107,108,109,110,137,138,139,162,165,166	GDP,MG,CA,CA	Ras binder peptide: 225-11 (A30R)	None	B:41,3,5,74,40,37,38,56,71,7,54,57,55,68,58,59,72,63,65,39|C:67,71,74,5	None	None	None	None	Binder	None	B,C	GDP	MG	None	CA	None	None	STP	XRAY	2.180	0.207	GGGGMTEYKLVVVGAVGVGKSALTIQLIQNHFVDEYDPTIEDSYRKQVVIDGETCLLDILDTAGQEEYSAMRDQYMRTGEGFLCVFAINNTKSFEDIHHYREQIKRVKDSEDVPMVLVGNKCDLPSRTVDTKQAQDLARSYGIPFIETSAKTRQGVDDAFYTLVREIRKH	True	41.002	232.043	47.924	90.00	90.10	90.00	/Users/mitchellparker/Desktop/rascore_build/core/5whbA_core.cif	/Users/mitchellparker/Desktop/rascore_build/rcsb/5whb.cif.gz	/Users/mitchellparker/Desktop/rascore_build/renum/5whb_renum.cif	/Users/mitchellparker/Desktop/rascore_build/rcsb_assembly/5whb-assembly-5.cif.gz	/Users/mitchellparker/Desktop/rascore_build/renum_assembly/5whb-assembly-5_renum.cif	/Users/mitchellparker/Desktop/rascore_build/sifts/5whb.xml.gz	/Users/mitchellparker/Desktop/rascore_build/pocket/5whbA_1_pocket.pdb
5whbA	5whb	0	A	Disordered	Outlier	Disordered	Y71out	P 1 21 1 (CF6)	5whbA2	2	GTPase KRas	RASK_HUMAN	P01116-2	G12V	G12	KRAS	2P	G12V	None	None	Binder	None	Other-Unbound	P 1 21 1	170	1-29:36-166	2017-07-16	Other	242.6646	0.0006	Unbound	Unbound	87,90,91,94,124,125,129,133	GDP,MG,CA,CA	Ras binder peptide: 225-11 (A30R)	None	B:41,3,5,74,40,37,38,56,71,7,54,57,55,68,58,59,72,63,65,39|C:67,71,74,5	None	None	None	None	Binder	None	B,C	GDP	MG	None	CA	None	None	STP	XRAY	2.180	0.207	GGGGMTEYKLVVVGAVGVGKSALTIQLIQNHFVDEYDPTIEDSYRKQVVIDGETCLLDILDTAGQEEYSAMRDQYMRTGEGFLCVFAINNTKSFEDIHHYREQIKRVKDSEDVPMVLVGNKCDLPSRTVDTKQAQDLARSYGIPFIETSAKTRQGVDDAFYTLVREIRKH	True	41.002	232.043	47.924	90.00	90.10	90.00	/Users/mitchellparker/Desktop/rascore_build/core/5whbA_core.cif	/Users/mitchellparker/Desktop/rascore_build/rcsb/5whb.cif.gz	/Users/mitchellparker/Desktop/rascore_build/renum/5whb_renum.cif	/Users/mitchellparker/Desktop/rascore_build/rcsb_assembly/5whb-assembly-5.cif.gz	/Users/mitchellparker/Desktop/rascore_build/renum_assembly/5whb-assembly-5_renum.cif	/Users/mitchellparker/Desktop/rascore_build/sifts/5whb.xml.gz	/Users/mitchellparker/Desktop/rascore_build/pocket/5whbA_2_pocket.pdb
5whbA	5whb	0	A	Disordered	Outlier	Disordered	Y71out	P 1 21 1 (CF6)	5whbA3	3	GTPase KRas	RASK_HUMAN	P01116-2	G12V	G12	KRAS	2P	G12V	None	None	Binder	None	Other-Unbound	P 1 21 1	170	1-29:36-166	2017-07-16	Other	356.8261	0.0020	Unbound	Unbound	131,134,135,138,139,140,141,162,165	GDP,MG,CA,CA	Ras binder peptide: 225-11 (A30R)	None	B:41,3,5,74,40,37,38,56,71,7,54,57,55,68,58,59,72,63,65,39|C:67,71,74,5	None	None	None	None	Binder	None	B,C	GDP	MG	None	CA	None	None	STP	XRAY	2.180	0.207	GGGGMTEYKLVVVGAVGVGKSALTIQLIQNHFVDEYDPTIEDSYRKQVVIDGETCLLDILDTAGQEEYSAMRDQYMRTGEGFLCVFAINNTKSFEDIHHYREQIKRVKDSEDVPMVLVGNKCDLPSRTVDTKQAQDLARSYGIPFIETSAKTRQGVDDAFYTLVREIRKH	True	41.002	232.043	47.924	90.00	90.10	90.00	/Users/mitchellparker/Desktop/rascore_build/core/5whbA_core.cif	/Users/mitchellparker/Desktop/rascore_build/rcsb/5whb.cif.gz	/Users/mitchellparker/Desktop/rascore_build/renum/5whb_renum.cif	/Users/mitchellparker/Desktop/rascore_build/rcsb_assembly/5whb-assembly-5.cif.gz	/Users/mitchellparker/Desktop/rascore_build/renum_assembly/5whb-assembly-5_renum.cif	/Users/mitchellparker/Desktop/rascore_build/sifts/5whb.xml.gz	/Users/mitchellparker/Desktop/rascore_build/pocket/5whbA_3_pocket.pdb
5whbA	5whb	0	A	Disordered	Outlier	Disordered	Y71out	P 1 21 1 (CF6)	5whbA4	4	GTPase KRas	RASK_HUMAN	P01116-2	G12V	G12	KRAS	2P	G12V	None	None	Binder	None	Other-Unbound	P 1 21 1	170	1-29:36-166	2017-07-16	Other	366.6919	0.0003	Unbound	Unbound	98,101,102,105,106,107	GDP,MG,CA,CA	Ras binder peptide: 225-11 (A30R)	None	B:41,3,5,74,40,37,38,56,71,7,54,57,55,68,58,59,72,63,65,39|C:67,71,74,5	None	None	None	None	Binder	None	B,C	GDP	MG	None	CA	None	None	STP	XRAY	2.180	0.207	GGGGMTEYKLVVVGAVGVGKSALTIQLIQNHFVDEYDPTIEDSYRKQVVIDGETCLLDILDTAGQEEYSAMRDQYMRTGEGFLCVFAINNTKSFEDIHHYREQIKRVKDSEDVPMVLVGNKCDLPSRTVDTKQAQDLARSYGIPFIETSAKTRQGVDDAFYTLVREIRKH	True	41.002	232.043	47.924	90.00	90.10	90.00	/Users/mitchellparker/Desktop/rascore_build/core/5whbA_core.cif	/Users/mitchellparker/Desktop/rascore_build/rcsb/5whb.cif.gz	/Users/mitchellparker/Desktop/rascore_build/renum/5whb_renum.cif	/Users/mitchellparker/Desktop/rascore_build/rcsb_assembly/5whb-assembly-5.cif.gz	/Users/mitchellparker/Desktop/rascore_build/renum_assembly/5whb-assembly-5_renum.cif	/Users/mitchellparker/Desktop/rascore_build/sifts/5whb.xml.gz	/Users/mitchellparker/Desktop/rascore_build/pocket/5whbA_4_pocket.pdb
5whbA	5whb	0	A	Disordered	Outlier	Disordered	Y71out	P 1 21 1 (CF6)	5whbA5	5	GTPase KRas	RASK_HUMAN	P01116-2	G12V	G12	KRAS	2P	G12V	None	None	Binder	None	Other-Unbound	P 1 21 1	170	1-29:36-166	2017-07-16	Other	222.6899	0.0001	Unbound	Unbound	45,46,47,154,157,158,161	GDP,MG,CA,CA	Ras binder peptide: 225-11 (A30R)	None	B:41,3,5,74,40,37,38,56,71,7,54,57,55,68,58,59,72,63,65,39|C:67,71,74,5	None	None	None	None	Binder	None	B,C	GDP	MG	None	CA	None	None	STP	XRAY	2.180	0.207	GGGGMTEYKLVVVGAVGVGKSALTIQLIQNHFVDEYDPTIEDSYRKQVVIDGETCLLDILDTAGQEEYSAMRDQYMRTGEGFLCVFAINNTKSFEDIHHYREQIKRVKDSEDVPMVLVGNKCDLPSRTVDTKQAQDLARSYGIPFIETSAKTRQGVDDAFYTLVREIRKH	True	41.002	232.043	47.924	90.00	90.10	90.00	/Users/mitchellparker/Desktop/rascore_build/core/5whbA_core.cif	/Users/mitchellparker/Desktop/rascore_build/rcsb/5whb.cif.gz	/Users/mitchellparker/Desktop/rascore_build/renum/5whb_renum.cif	/Users/mitchellparker/Desktop/rascore_build/rcsb_assembly/5whb-assembly-5.cif.gz	/Users/mitchellparker/Desktop/rascore_build/renum_assembly/5whb-assembly-5_renum.cif	/Users/mitchellparker/Desktop/rascore_build/sifts/5whb.xml.gz	/Users/mitchellparker/Desktop/rascore_build/pocket/5whbA_5_pocket.pdb
5whbA	5whb	0	A	Disordered	Outlier	Disordered	Y71out	P 1 21 1 (CF6)	5whbA6	6	GTPase KRas	RASK_HUMAN	P01116-2	G12V	G12	KRAS	2P	G12V	None	None	Binder	None	Other-Unbound	P 1 21 1	170	1-29:36-166	2017-07-16	Other	223.1736	0.0015	Unbound	Unbound	17,18,21,28,29,36	GDP,MG,CA,CA	Ras binder peptide: 225-11 (A30R)	None	B:41,3,5,74,40,37,38,56,71,7,54,57,55,68,58,59,72,63,65,39|C:67,71,74,5	None	None	None	None	Binder	None	B,C	GDP	MG	None	CA	None	None	STP	XRAY	2.180	0.207	GGGGMTEYKLVVVGAVGVGKSALTIQLIQNHFVDEYDPTIEDSYRKQVVIDGETCLLDILDTAGQEEYSAMRDQYMRTGEGFLCVFAINNTKSFEDIHHYREQIKRVKDSEDVPMVLVGNKCDLPSRTVDTKQAQDLARSYGIPFIETSAKTRQGVDDAFYTLVREIRKH	True	41.002	232.043	47.924	90.00	90.10	90.00	/Users/mitchellparker/Desktop/rascore_build/core/5whbA_core.cif	/Users/mitchellparker/Desktop/rascore_build/rcsb/5whb.cif.gz	/Users/mitchellparker/Desktop/rascore_build/renum/5whb_renum.cif	/Users/mitchellparker/Desktop/rascore_build/rcsb_assembly/5whb-assembly-5.cif.gz	/Users/mitchellparker/Desktop/rascore_build/renum_assembly/5whb-assembly-5_renum.cif	/Users/mitchellparker/Desktop/rascore_build/sifts/5whb.xml.gz	/Users/mitchellparker/Desktop/rascore_build/pocket/5whbA_6_pocket.pdb
5whbA	5whb	0	A	Disordered	Outlier	Disordered	Y71out	P 1 21 1 (CF6)	5whbA7	7	GTPase KRas	RASK_HUMAN	P01116-2	G12V	G12	KRAS	2P	G12V	None	None	Binder	None	Other-Unbound	P 1 21 1	170	1-29:36-166	2017-07-16	Other	200.0533	0.0033	Unbound	Unbound	47,161,164,165	GDP,MG,CA,CA	Ras binder peptide: 225-11 (A30R)	None	B:41,3,5,74,40,37,38,56,71,7,54,57,55,68,58,59,72,63,65,39|C:67,71,74,5	None	None	None	None	Binder	None	B,C	GDP	MG	None	CA	None	None	STP	XRAY	2.180	0.207	GGGGMTEYKLVVVGAVGVGKSALTIQLIQNHFVDEYDPTIEDSYRKQVVIDGETCLLDILDTAGQEEYSAMRDQYMRTGEGFLCVFAINNTKSFEDIHHYREQIKRVKDSEDVPMVLVGNKCDLPSRTVDTKQAQDLARSYGIPFIETSAKTRQGVDDAFYTLVREIRKH	True	41.002	232.043	47.924	90.00	90.10	90.00	/Users/mitchellparker/Desktop/rascore_build/core/5whbA_core.cif	/Users/mitchellparker/Desktop/rascore_build/rcsb/5whb.cif.gz	/Users/mitchellparker/Desktop/rascore_build/renum/5whb_renum.cif	/Users/mitchellparker/Desktop/rascore_build/rcsb_assembly/5whb-assembly-5.cif.gz	/Users/mitchellparker/Desktop/rascore_build/renum_assembly/5whb-assembly-5_renum.cif	/Users/mitchellparker/Desktop/rascore_build/sifts/5whb.xml.gz	/Users/mitchellparker/Desktop/rascore_build/pocket/5whbA_7_pocket.pdb
5whbA	5whb	0	A	Disordered	Outlier	Disordered	Y71out	P 1 21 1 (CF6)	5whbA8	8	GTPase KRas	RASK_HUMAN	P01116-2	G12V	G12	KRAS	2P	G12V	None	None	Binder	None	Other-Unbound	P 1 21 1	170	1-29:36-166	2017-07-16	Other	314.0040	0.0002	Unbound	Unbound	1,2,4,49,50,164	GDP,MG,CA,CA	Ras binder peptide: 225-11 (A30R)	None	B:41,3,5,74,40,37,38,56,71,7,54,57,55,68,58,59,72,63,65,39|C:67,71,74,5	None	None	None	None	Binder	None	B,C	GDP	MG	None	CA	None	None	STP	XRAY	2.180	0.207	GGGGMTEYKLVVVGAVGVGKSALTIQLIQNHFVDEYDPTIEDSYRKQVVIDGETCLLDILDTAGQEEYSAMRDQYMRTGEGFLCVFAINNTKSFEDIHHYREQIKRVKDSEDVPMVLVGNKCDLPSRTVDTKQAQDLARSYGIPFIETSAKTRQGVDDAFYTLVREIRKH	True	41.002	232.043	47.924	90.00	90.10	90.00	/Users/mitchellparker/Desktop/rascore_build/core/5whbA_core.cif	/Users/mitchellparker/Desktop/rascore_build/rcsb/5whb.cif.gz	/Users/mitchellparker/Desktop/rascore_build/renum/5whb_renum.cif	/Users/mitchellparker/Desktop/rascore_build/rcsb_assembly/5whb-assembly-5.cif.gz	/Users/mitchellparker/Desktop/rascore_build/renum_assembly/5whb-assembly-5_renum.cif	/Users/mitchellparker/Desktop/rascore_build/sifts/5whb.xml.gz	/Users/mitchellparker/Desktop/rascore_build/pocket/5whbA_8_pocket.pdb
5whbA	5whb	0	A	Disordered	Outlier	Disordered	Y71out	P 1 21 1 (CF6)	5whbA9	9	GTPase KRas	RASK_HUMAN	P01116-2	G12V	G12	KRAS	2P	G12V	None	None	Binder	None	Other-Unbound	P 1 21 1	170	1-29:36-166	2017-07-16	Other	197.7503	0.0006	Unbound	Unbound	1,4,163,164,166	GDP,MG,CA,CA	Ras binder peptide: 225-11 (A30R)	None	B:41,3,5,74,40,37,38,56,71,7,54,57,55,68,58,59,72,63,65,39|C:67,71,74,5	None	None	None	None	Binder	None	B,C	GDP	MG	None	CA	None	None	STP	XRAY	2.180	0.207	GGGGMTEYKLVVVGAVGVGKSALTIQLIQNHFVDEYDPTIEDSYRKQVVIDGETCLLDILDTAGQEEYSAMRDQYMRTGEGFLCVFAINNTKSFEDIHHYREQIKRVKDSEDVPMVLVGNKCDLPSRTVDTKQAQDLARSYGIPFIETSAKTRQGVDDAFYTLVREIRKH	True	41.002	232.043	47.924	90.00	90.10	90.00	/Users/mitchellparker/Desktop/rascore_build/core/5whbA_core.cif	/Users/mitchellparker/Desktop/rascore_build/rcsb/5whb.cif.gz	/Users/mitchellparker/Desktop/rascore_build/renum/5whb_renum.cif	/Users/mitchellparker/Desktop/rascore_build/rcsb_assembly/5whb-assembly-5.cif.gz	/Users/mitchellparker/Desktop/rascore_build/renum_assembly/5whb-assembly-5_renum.cif	/Users/mitchellparker/Desktop/rascore_build/sifts/5whb.xml.gz	/Users/mitchellparker/Desktop/rascore_build/pocket/5whbA_9_pocket.pdb
5whbD	5whb	0	D	Disordered	Outlier	Disordered	Y71out	P 1 21 1 (CF6)	5whbD1	1	GTPase KRas	RASK_HUMAN	P01116-2	G12V	G12	KRAS	2P	G12V	None	None	Binder	None	SP2-Unbound	P 1 21 1	170	1-29:38-166	2017-07-16	SP2	574.7403	0.4177	Unbound	Unbound	62,63,64,69,92,95,96,98,99,102	GDP,MG,CA,CA	Ras binder peptide: 225-11 (A30R)	None	E:41,3,39,5,74,40,54,38,56,71,7,6,57,55,68,59,58,72,63,65,64,43|F:67,71,74,70,5	None	None	None	None	Binder	None	E,F	GDP	MG	None	CA	None	None	STP	XRAY	2.180	0.207	GGGGMTEYKLVVVGAVGVGKSALTIQLIQNHFVDEYDPTIEDSYRKQVVIDGETCLLDILDTAGQEEYSAMRDQYMRTGEGFLCVFAINNTKSFEDIHHYREQIKRVKDSEDVPMVLVGNKCDLPSRTVDTKQAQDLARSYGIPFIETSAKTRQGVDDAFYTLVREIRKH	True	41.002	232.043	47.924	90.00	90.10	90.00	/Users/mitchellparker/Desktop/rascore_build/core/5whbD_core.cif	/Users/mitchellparker/Desktop/rascore_build/rcsb/5whb.cif.gz	/Users/mitchellparker/Desktop/rascore_build/renum/5whb_renum.cif	/Users/mitchellparker/Desktop/rascore_build/rcsb_assembly/5whb-assembly-5.cif.gz	/Users/mitchellparker/Desktop/rascore_build/renum_assembly/5whb-assembly-5_renum.cif	/Users/mitchellparker/Desktop/rascore_build/sifts/5whb.xml.gz	/Users/mitchellparker/Desktop/rascore_build/pocket/5whbD_1_pocket.pdb
5whbD	5whb	0	D	Disordered	Outlier	Disordered	Y71out	P 1 21 1 (CF6)	5whbD2	2	GTPase KRas	RASK_HUMAN	P01116-2	G12V	G12	KRAS	2P	G12V	None	None	Binder	None	SP2-Unbound	P 1 21 1	170	1-29:38-166	2017-07-16	Other	220.2889	0.0033	Unbound	Unbound	76,104,106,108,109,110,163,166	GDP,MG,CA,CA	Ras binder peptide: 225-11 (A30R)	None	E:41,3,39,5,74,40,54,38,56,71,7,6,57,55,68,59,58,72,63,65,64,43|F:67,71,74,70,5	None	None	None	None	Binder	None	E,F	GDP	MG	None	CA	None	None	STP	XRAY	2.180	0.207	GGGGMTEYKLVVVGAVGVGKSALTIQLIQNHFVDEYDPTIEDSYRKQVVIDGETCLLDILDTAGQEEYSAMRDQYMRTGEGFLCVFAINNTKSFEDIHHYREQIKRVKDSEDVPMVLVGNKCDLPSRTVDTKQAQDLARSYGIPFIETSAKTRQGVDDAFYTLVREIRKH	True	41.002	232.043	47.924	90.00	90.10	90.00	/Users/mitchellparker/Desktop/rascore_build/core/5whbD_core.cif	/Users/mitchellparker/Desktop/rascore_build/rcsb/5whb.cif.gz	/Users/mitchellparker/Desktop/rascore_build/renum/5whb_renum.cif	/Users/mitchellparker/Desktop/rascore_build/rcsb_assembly/5whb-assembly-5.cif.gz	/Users/mitchellparker/Desktop/rascore_build/renum_assembly/5whb-assembly-5_renum.cif	/Users/mitchellparker/Desktop/rascore_build/sifts/5whb.xml.gz	/Users/mitchellparker/Desktop/rascore_build/pocket/5whbD_2_pocket.pdb
5whbD	5whb	0	D	Disordered	Outlier	Disordered	Y71out	P 1 21 1 (CF6)	5whbD3	3	GTPase KRas	RASK_HUMAN	P01116-2	G12V	G12	KRAS	2P	G12V	None	None	Binder	None	SP2-Unbound	P 1 21 1	170	1-29:38-166	2017-07-16	Other	157.4495	0.0013	Unbound	Unbound	17,18,21,29	GDP,MG,CA,CA	Ras binder peptide: 225-11 (A30R)	None	E:41,3,39,5,74,40,54,38,56,71,7,6,57,55,68,59,58,72,63,65,64,43|F:67,71,74,70,5	None	None	None	None	Binder	None	E,F	GDP	MG	None	CA	None	None	STP	XRAY	2.180	0.207	GGGGMTEYKLVVVGAVGVGKSALTIQLIQNHFVDEYDPTIEDSYRKQVVIDGETCLLDILDTAGQEEYSAMRDQYMRTGEGFLCVFAINNTKSFEDIHHYREQIKRVKDSEDVPMVLVGNKCDLPSRTVDTKQAQDLARSYGIPFIETSAKTRQGVDDAFYTLVREIRKH	True	41.002	232.043	47.924	90.00	90.10	90.00	/Users/mitchellparker/Desktop/rascore_build/core/5whbD_core.cif	/Users/mitchellparker/Desktop/rascore_build/rcsb/5whb.cif.gz	/Users/mitchellparker/Desktop/rascore_build/renum/5whb_renum.cif	/Users/mitchellparker/Desktop/rascore_build/rcsb_assembly/5whb-assembly-5.cif.gz	/Users/mitchellparker/Desktop/rascore_build/renum_assembly/5whb-assembly-5_renum.cif	/Users/mitchellparker/Desktop/rascore_build/sifts/5whb.xml.gz	/Users/mitchellparker/Desktop/rascore_build/pocket/5whbD_3_pocket.pdb
5whbD	5whb	0	D	Disordered	Outlier	Disordered	Y71out	P 1 21 1 (CF6)	5whbD4	4	GTPase KRas	RASK_HUMAN	P01116-2	G12V	G12	KRAS	2P	G12V	None	None	Binder	None	SP2-Unbound	P 1 21 1	170	1-29:38-166	2017-07-16	Other	306.3409	0.0001	Unbound	Unbound	45,46,47,154,157,158,161	GDP,MG,CA,CA	Ras binder peptide: 225-11 (A30R)	None	E:41,3,39,5,74,40,54,38,56,71,7,6,57,55,68,59,58,72,63,65,64,43|F:67,71,74,70,5	None	None	None	None	Binder	None	E,F	GDP	MG	None	CA	None	None	STP	XRAY	2.180	0.207	GGGGMTEYKLVVVGAVGVGKSALTIQLIQNHFVDEYDPTIEDSYRKQVVIDGETCLLDILDTAGQEEYSAMRDQYMRTGEGFLCVFAINNTKSFEDIHHYREQIKRVKDSEDVPMVLVGNKCDLPSRTVDTKQAQDLARSYGIPFIETSAKTRQGVDDAFYTLVREIRKH	True	41.002	232.043	47.924	90.00	90.10	90.00	/Users/mitchellparker/Desktop/rascore_build/core/5whbD_core.cif	/Users/mitchellparker/Desktop/rascore_build/rcsb/5whb.cif.gz	/Users/mitchellparker/Desktop/rascore_build/renum/5whb_renum.cif	/Users/mitchellparker/Desktop/rascore_build/rcsb_assembly/5whb-assembly-5.cif.gz	/Users/mitchellparker/Desktop/rascore_build/renum_assembly/5whb-assembly-5_renum.cif	/Users/mitchellparker/Desktop/rascore_build/sifts/5whb.xml.gz	/Users/mitchellparker/Desktop/rascore_build/pocket/5whbD_4_pocket.pdb
5whbD	5whb	0	D	Disordered	Outlier	Disordered	Y71out	P 1 21 1 (CF6)	5whbD5	5	GTPase KRas	RASK_HUMAN	P01116-2	G12V	G12	KRAS	2P	G12V	None	None	Binder	None	SP2-Unbound	P 1 21 1	170	1-29:38-166	2017-07-16	Other	204.4251	0.0001	Unbound	Unbound	131,134,135,139,140,141	GDP,MG,CA,CA	Ras binder peptide: 225-11 (A30R)	None	E:41,3,39,5,74,40,54,38,56,71,7,6,57,55,68,59,58,72,63,65,64,43|F:67,71,74,70,5	None	None	None	None	Binder	None	E,F	GDP	MG	None	CA	None	None	STP	XRAY	2.180	0.207	GGGGMTEYKLVVVGAVGVGKSALTIQLIQNHFVDEYDPTIEDSYRKQVVIDGETCLLDILDTAGQEEYSAMRDQYMRTGEGFLCVFAINNTKSFEDIHHYREQIKRVKDSEDVPMVLVGNKCDLPSRTVDTKQAQDLARSYGIPFIETSAKTRQGVDDAFYTLVREIRKH	True	41.002	232.043	47.924	90.00	90.10	90.00	/Users/mitchellparker/Desktop/rascore_build/core/5whbD_core.cif	/Users/mitchellparker/Desktop/rascore_build/rcsb/5whb.cif.gz	/Users/mitchellparker/Desktop/rascore_build/renum/5whb_renum.cif	/Users/mitchellparker/Desktop/rascore_build/rcsb_assembly/5whb-assembly-5.cif.gz	/Users/mitchellparker/Desktop/rascore_build/renum_assembly/5whb-assembly-5_renum.cif	/Users/mitchellparker/Desktop/rascore_build/sifts/5whb.xml.gz	/Users/mitchellparker/Desktop/rascore_build/pocket/5whbD_5_pocket.pdb
5whbD	5whb	0	D	Disordered	Outlier	Disordered	Y71out	P 1 21 1 (CF6)	5whbD6	6	GTPase KRas	RASK_HUMAN	P01116-2	G12V	G12	KRAS	2P	G12V	None	None	Binder	None	SP2-Unbound	P 1 21 1	170	1-29:38-166	2017-07-16	Other	321.7984	0.0011	Unbound	Unbound	1,4,49,163,164	GDP,MG,CA,CA	Ras binder peptide: 225-11 (A30R)	None	E:41,3,39,5,74,40,54,38,56,71,7,6,57,55,68,59,58,72,63,65,64,43|F:67,71,74,70,5	None	None	None	None	Binder	None	E,F	GDP	MG	None	CA	None	None	STP	XRAY	2.180	0.207	GGGGMTEYKLVVVGAVGVGKSALTIQLIQNHFVDEYDPTIEDSYRKQVVIDGETCLLDILDTAGQEEYSAMRDQYMRTGEGFLCVFAINNTKSFEDIHHYREQIKRVKDSEDVPMVLVGNKCDLPSRTVDTKQAQDLARSYGIPFIETSAKTRQGVDDAFYTLVREIRKH	True	41.002	232.043	47.924	90.00	90.10	90.00	/Users/mitchellparker/Desktop/rascore_build/core/5whbD_core.cif	/Users/mitchellparker/Desktop/rascore_build/rcsb/5whb.cif.gz	/Users/mitchellparker/Desktop/rascore_build/renum/5whb_renum.cif	/Users/mitchellparker/Desktop/rascore_build/rcsb_assembly/5whb-assembly-5.cif.gz	/Users/mitchellparker/Desktop/rascore_build/renum_assembly/5whb-assembly-5_renum.cif	/Users/mitchellparker/Desktop/rascore_build/sifts/5whb.xml.gz	/Users/mitchellparker/Desktop/rascore_build/pocket/5whbD_6_pocket.pdb
5whbG	5whb	0	G	Disordered	Outlier	Disordered	Y71out	P 1 21 1 (CF6)	5whbG1	1	GTPase KRas	RASK_HUMAN	P01116-2	G12V	G12	KRAS	2P	G12V	None	None	Binder	None	Other-Unbound	P 1 21 1	170	2-29:37-166	2017-07-16	Other	211.3816	0.0009	Unbound	Unbound	123,124,125,126,127	GDP,MG	Ras binder peptide: 225-11 (A30R)	None	H:41,3,39,5,74,40,38,56,71,54,7,57,55,68,59,58,72,63,65,67|I:71,74,5	None	None	None	None	Binder	None	H,I	GDP	MG	None	None	None	None	STP	XRAY	2.180	0.207	GGGGMTEYKLVVVGAVGVGKSALTIQLIQNHFVDEYDPTIEDSYRKQVVIDGETCLLDILDTAGQEEYSAMRDQYMRTGEGFLCVFAINNTKSFEDIHHYREQIKRVKDSEDVPMVLVGNKCDLPSRTVDTKQAQDLARSYGIPFIETSAKTRQGVDDAFYTLVREIRKH	True	41.002	232.043	47.924	90.00	90.10	90.00	/Users/mitchellparker/Desktop/rascore_build/core/5whbG_core.cif	/Users/mitchellparker/Desktop/rascore_build/rcsb/5whb.cif.gz	/Users/mitchellparker/Desktop/rascore_build/renum/5whb_renum.cif	/Users/mitchellparker/Desktop/rascore_build/rcsb_assembly/5whb-assembly-5.cif.gz	/Users/mitchellparker/Desktop/rascore_build/renum_assembly/5whb-assembly-5_renum.cif	/Users/mitchellparker/Desktop/rascore_build/sifts/5whb.xml.gz	/Users/mitchellparker/Desktop/rascore_build/pocket/5whbG_1_pocket.pdb
5whbG	5whb	0	G	Disordered	Outlier	Disordered	Y71out	P 1 21 1 (CF6)	5whbG2	2	GTPase KRas	RASK_HUMAN	P01116-2	G12V	G12	KRAS	2P	G12V	None	None	Binder	None	Other-Unbound	P 1 21 1	170	2-29:37-166	2017-07-16	Other	195.9602	0.0313	Unbound	Unbound	17,18,21,27,28,29	GDP,MG	Ras binder peptide: 225-11 (A30R)	None	H:41,3,39,5,74,40,38,56,71,54,7,57,55,68,59,58,72,63,65,67|I:71,74,5	None	None	None	None	Binder	None	H,I	GDP	MG	None	None	None	None	STP	XRAY	2.180	0.207	GGGGMTEYKLVVVGAVGVGKSALTIQLIQNHFVDEYDPTIEDSYRKQVVIDGETCLLDILDTAGQEEYSAMRDQYMRTGEGFLCVFAINNTKSFEDIHHYREQIKRVKDSEDVPMVLVGNKCDLPSRTVDTKQAQDLARSYGIPFIETSAKTRQGVDDAFYTLVREIRKH	True	41.002	232.043	47.924	90.00	90.10	90.00	/Users/mitchellparker/Desktop/rascore_build/core/5whbG_core.cif	/Users/mitchellparker/Desktop/rascore_build/rcsb/5whb.cif.gz	/Users/mitchellparker/Desktop/rascore_build/renum/5whb_renum.cif	/Users/mitchellparker/Desktop/rascore_build/rcsb_assembly/5whb-assembly-5.cif.gz	/Users/mitchellparker/Desktop/rascore_build/renum_assembly/5whb-assembly-5_renum.cif	/Users/mitchellparker/Desktop/rascore_build/sifts/5whb.xml.gz	/Users/mitchellparker/Desktop/rascore_build/pocket/5whbG_2_pocket.pdb
5whbG	5whb	0	G	Disordered	Outlier	Disordered	Y71out	P 1 21 1 (CF6)	5whbG3	3	GTPase KRas	RASK_HUMAN	P01116-2	G12V	G12	KRAS	2P	G12V	None	None	Binder	None	Other-Unbound	P 1 21 1	170	2-29:37-166	2017-07-16	Other	193.6779	0.0002	Unbound	Unbound	97,107,108,109,110,111,137,138,139,162	GDP,MG	Ras binder peptide: 225-11 (A30R)	None	H:41,3,39,5,74,40,38,56,71,54,7,57,55,68,59,58,72,63,65,67|I:71,74,5	None	None	None	None	Binder	None	H,I	GDP	MG	None	None	None	None	STP	XRAY	2.180	0.207	GGGGMTEYKLVVVGAVGVGKSALTIQLIQNHFVDEYDPTIEDSYRKQVVIDGETCLLDILDTAGQEEYSAMRDQYMRTGEGFLCVFAINNTKSFEDIHHYREQIKRVKDSEDVPMVLVGNKCDLPSRTVDTKQAQDLARSYGIPFIETSAKTRQGVDDAFYTLVREIRKH	True	41.002	232.043	47.924	90.00	90.10	90.00	/Users/mitchellparker/Desktop/rascore_build/core/5whbG_core.cif	/Users/mitchellparker/Desktop/rascore_build/rcsb/5whb.cif.gz	/Users/mitchellparker/Desktop/rascore_build/renum/5whb_renum.cif	/Users/mitchellparker/Desktop/rascore_build/rcsb_assembly/5whb-assembly-5.cif.gz	/Users/mitchellparker/Desktop/rascore_build/renum_assembly/5whb-assembly-5_renum.cif	/Users/mitchellparker/Desktop/rascore_build/sifts/5whb.xml.gz	/Users/mitchellparker/Desktop/rascore_build/pocket/5whbG_3_pocket.pdb
5whbG	5whb	0	G	Disordered	Outlier	Disordered	Y71out	P 1 21 1 (CF6)	5whbG4	4	GTPase KRas	RASK_HUMAN	P01116-2	G12V	G12	KRAS	2P	G12V	None	None	Binder	None	Other-Unbound	P 1 21 1	170	2-29:37-166	2017-07-16	Other	221.8498	0.0001	Unbound	Unbound	131,134,135,139,140,141	GDP,MG	Ras binder peptide: 225-11 (A30R)	None	H:41,3,39,5,74,40,38,56,71,54,7,57,55,68,59,58,72,63,65,67|I:71,74,5	None	None	None	None	Binder	None	H,I	GDP	MG	None	None	None	None	STP	XRAY	2.180	0.207	GGGGMTEYKLVVVGAVGVGKSALTIQLIQNHFVDEYDPTIEDSYRKQVVIDGETCLLDILDTAGQEEYSAMRDQYMRTGEGFLCVFAINNTKSFEDIHHYREQIKRVKDSEDVPMVLVGNKCDLPSRTVDTKQAQDLARSYGIPFIETSAKTRQGVDDAFYTLVREIRKH	True	41.002	232.043	47.924	90.00	90.10	90.00	/Users/mitchellparker/Desktop/rascore_build/core/5whbG_core.cif	/Users/mitchellparker/Desktop/rascore_build/rcsb/5whb.cif.gz	/Users/mitchellparker/Desktop/rascore_build/renum/5whb_renum.cif	/Users/mitchellparker/Desktop/rascore_build/rcsb_assembly/5whb-assembly-5.cif.gz	/Users/mitchellparker/Desktop/rascore_build/renum_assembly/5whb-assembly-5_renum.cif	/Users/mitchellparker/Desktop/rascore_build/sifts/5whb.xml.gz	/Users/mitchellparker/Desktop/rascore_build/pocket/5whbG_4_pocket.pdb
5whbG	5whb	0	G	Disordered	Outlier	Disordered	Y71out	P 1 21 1 (CF6)	5whbG5	5	GTPase KRas	RASK_HUMAN	P01116-2	G12V	G12	KRAS	2P	G12V	None	None	Binder	None	Other-Unbound	P 1 21 1	170	2-29:37-166	2017-07-16	Other	225.7241	0.0001	Unbound	Unbound	98,101,102,105,106,107	GDP,MG	Ras binder peptide: 225-11 (A30R)	None	H:41,3,39,5,74,40,38,56,71,54,7,57,55,68,59,58,72,63,65,67|I:71,74,5	None	None	None	None	Binder	None	H,I	GDP	MG	None	None	None	None	STP	XRAY	2.180	0.207	GGGGMTEYKLVVVGAVGVGKSALTIQLIQNHFVDEYDPTIEDSYRKQVVIDGETCLLDILDTAGQEEYSAMRDQYMRTGEGFLCVFAINNTKSFEDIHHYREQIKRVKDSEDVPMVLVGNKCDLPSRTVDTKQAQDLARSYGIPFIETSAKTRQGVDDAFYTLVREIRKH	True	41.002	232.043	47.924	90.00	90.10	90.00	/Users/mitchellparker/Desktop/rascore_build/core/5whbG_core.cif	/Users/mitchellparker/Desktop/rascore_build/rcsb/5whb.cif.gz	/Users/mitchellparker/Desktop/rascore_build/renum/5whb_renum.cif	/Users/mitchellparker/Desktop/rascore_build/rcsb_assembly/5whb-assembly-5.cif.gz	/Users/mitchellparker/Desktop/rascore_build/renum_assembly/5whb-assembly-5_renum.cif	/Users/mitchellparker/Desktop/rascore_build/sifts/5whb.xml.gz	/Users/mitchellparker/Desktop/rascore_build/pocket/5whbG_5_pocket.pdb
5whbG	5whb	0	G	Disordered	Outlier	Disordered	Y71out	P 1 21 1 (CF6)	5whbG6	6	GTPase KRas	RASK_HUMAN	P01116-2	G12V	G12	KRAS	2P	G12V	None	None	Binder	None	Other-Unbound	P 1 21 1	170	2-29:37-166	2017-07-16	Other	156.0856	0.0002	Unbound	Unbound	11,12,13,14,83,85,86,117	GDP,MG	Ras binder peptide: 225-11 (A30R)	None	H:41,3,39,5,74,40,38,56,71,54,7,57,55,68,59,58,72,63,65,67|I:71,74,5	None	None	None	None	Binder	None	H,I	GDP	MG	None	None	None	None	STP	XRAY	2.180	0.207	GGGGMTEYKLVVVGAVGVGKSALTIQLIQNHFVDEYDPTIEDSYRKQVVIDGETCLLDILDTAGQEEYSAMRDQYMRTGEGFLCVFAINNTKSFEDIHHYREQIKRVKDSEDVPMVLVGNKCDLPSRTVDTKQAQDLARSYGIPFIETSAKTRQGVDDAFYTLVREIRKH	True	41.002	232.043	47.924	90.00	90.10	90.00	/Users/mitchellparker/Desktop/rascore_build/core/5whbG_core.cif	/Users/mitchellparker/Desktop/rascore_build/rcsb/5whb.cif.gz	/Users/mitchellparker/Desktop/rascore_build/renum/5whb_renum.cif	/Users/mitchellparker/Desktop/rascore_build/rcsb_assembly/5whb-assembly-5.cif.gz	/Users/mitchellparker/Desktop/rascore_build/renum_assembly/5whb-assembly-5_renum.cif	/Users/mitchellparker/Desktop/rascore_build/sifts/5whb.xml.gz	/Users/mitchellparker/Desktop/rascore_build/pocket/5whbG_6_pocket.pdb
5whbJ	5whb	0	J	Disordered	Outlier	Disordered	Y71out	P 1 21 1 (CF6)	5whbJ1	1	GTPase KRas	RASK_HUMAN	P01116-2	G12V	G12	KRAS	2P	G12V	None	None	Binder	None	Other-Unbound	P 1 21 1	170	1-28:38-166	2017-07-16	Other	216.5497	0.0609	Unbound	Unbound	17,18,21,27,28	GDP,MG,CA,CA	Ras binder peptide: 225-11 (A30R)	None	K:41,3,5,54,74,40,38,56,71,7,55,57,68,58,59,72,62,63,65|L:67,71,74,70	None	None	None	None	Binder	None	K,L	GDP	MG	None	CA	None	None	STP	XRAY	2.180	0.207	GGGGMTEYKLVVVGAVGVGKSALTIQLIQNHFVDEYDPTIEDSYRKQVVIDGETCLLDILDTAGQEEYSAMRDQYMRTGEGFLCVFAINNTKSFEDIHHYREQIKRVKDSEDVPMVLVGNKCDLPSRTVDTKQAQDLARSYGIPFIETSAKTRQGVDDAFYTLVREIRKH	True	41.002	232.043	47.924	90.00	90.10	90.00	/Users/mitchellparker/Desktop/rascore_build/core/5whbJ_core.cif	/Users/mitchellparker/Desktop/rascore_build/rcsb/5whb.cif.gz	/Users/mitchellparker/Desktop/rascore_build/renum/5whb_renum.cif	/Users/mitchellparker/Desktop/rascore_build/rcsb_assembly/5whb-assembly-5.cif.gz	/Users/mitchellparker/Desktop/rascore_build/renum_assembly/5whb-assembly-5_renum.cif	/Users/mitchellparker/Desktop/rascore_build/sifts/5whb.xml.gz	/Users/mitchellparker/Desktop/rascore_build/pocket/5whbJ_1_pocket.pdb
5whbJ	5whb	0	J	Disordered	Outlier	Disordered	Y71out	P 1 21 1 (CF6)	5whbJ2	2	GTPase KRas	RASK_HUMAN	P01116-2	G12V	G12	KRAS	2P	G12V	None	None	Binder	None	Other-Unbound	P 1 21 1	170	1-28:38-166	2017-07-16	Other	227.2559	0.0003	Unbound	Unbound	45,46,47,154,157,158,161	GDP,MG,CA,CA	Ras binder peptide: 225-11 (A30R)	None	K:41,3,5,54,74,40,38,56,71,7,55,57,68,58,59,72,62,63,65|L:67,71,74,70	None	None	None	None	Binder	None	K,L	GDP	MG	None	CA	None	None	STP	XRAY	2.180	0.207	GGGGMTEYKLVVVGAVGVGKSALTIQLIQNHFVDEYDPTIEDSYRKQVVIDGETCLLDILDTAGQEEYSAMRDQYMRTGEGFLCVFAINNTKSFEDIHHYREQIKRVKDSEDVPMVLVGNKCDLPSRTVDTKQAQDLARSYGIPFIETSAKTRQGVDDAFYTLVREIRKH	True	41.002	232.043	47.924	90.00	90.10	90.00	/Users/mitchellparker/Desktop/rascore_build/core/5whbJ_core.cif	/Users/mitchellparker/Desktop/rascore_build/rcsb/5whb.cif.gz	/Users/mitchellparker/Desktop/rascore_build/renum/5whb_renum.cif	/Users/mitchellparker/Desktop/rascore_build/rcsb_assembly/5whb-assembly-5.cif.gz	/Users/mitchellparker/Desktop/rascore_build/renum_assembly/5whb-assembly-5_renum.cif	/Users/mitchellparker/Desktop/rascore_build/sifts/5whb.xml.gz	/Users/mitchellparker/Desktop/rascore_build/pocket/5whbJ_2_pocket.pdb
5whbJ	5whb	0	J	Disordered	Outlier	Disordered	Y71out	P 1 21 1 (CF6)	5whbJ3	3	GTPase KRas	RASK_HUMAN	P01116-2	G12V	G12	KRAS	2P	G12V	None	None	Binder	None	Other-Unbound	P 1 21 1	170	1-28:38-166	2017-07-16	Other	357.8885	0.0043	Unbound	Unbound	11,12,13,14,83,85,86,88,89,92,117	GDP,MG,CA,CA	Ras binder peptide: 225-11 (A30R)	None	K:41,3,5,54,74,40,38,56,71,7,55,57,68,58,59,72,62,63,65|L:67,71,74,70	None	None	None	None	Binder	None	K,L	GDP	MG	None	CA	None	None	STP	XRAY	2.180	0.207	GGGGMTEYKLVVVGAVGVGKSALTIQLIQNHFVDEYDPTIEDSYRKQVVIDGETCLLDILDTAGQEEYSAMRDQYMRTGEGFLCVFAINNTKSFEDIHHYREQIKRVKDSEDVPMVLVGNKCDLPSRTVDTKQAQDLARSYGIPFIETSAKTRQGVDDAFYTLVREIRKH	True	41.002	232.043	47.924	90.00	90.10	90.00	/Users/mitchellparker/Desktop/rascore_build/core/5whbJ_core.cif	/Users/mitchellparker/Desktop/rascore_build/rcsb/5whb.cif.gz	/Users/mitchellparker/Desktop/rascore_build/renum/5whb_renum.cif	/Users/mitchellparker/Desktop/rascore_build/rcsb_assembly/5whb-assembly-5.cif.gz	/Users/mitchellparker/Desktop/rascore_build/renum_assembly/5whb-assembly-5_renum.cif	/Users/mitchellparker/Desktop/rascore_build/sifts/5whb.xml.gz	/Users/mitchellparker/Desktop/rascore_build/pocket/5whbJ_3_pocket.pdb
5whbJ	5whb	0	J	Disordered	Outlier	Disordered	Y71out	P 1 21 1 (CF6)	5whbJ4	4	GTPase KRas	RASK_HUMAN	P01116-2	G12V	G12	KRAS	2P	G12V	None	None	Binder	None	Other-Unbound	P 1 21 1	170	1-28:38-166	2017-07-16	Other	290.9681	0.0121	Unbound	Unbound	1,76,104,106,108,109,110,163,166	GDP,MG,CA,CA	Ras binder peptide: 225-11 (A30R)	None	K:41,3,5,54,74,40,38,56,71,7,55,57,68,58,59,72,62,63,65|L:67,71,74,70	None	None	None	None	Binder	None	K,L	GDP	MG	None	CA	None	None	STP	XRAY	2.180	0.207	GGGGMTEYKLVVVGAVGVGKSALTIQLIQNHFVDEYDPTIEDSYRKQVVIDGETCLLDILDTAGQEEYSAMRDQYMRTGEGFLCVFAINNTKSFEDIHHYREQIKRVKDSEDVPMVLVGNKCDLPSRTVDTKQAQDLARSYGIPFIETSAKTRQGVDDAFYTLVREIRKH	True	41.002	232.043	47.924	90.00	90.10	90.00	/Users/mitchellparker/Desktop/rascore_build/core/5whbJ_core.cif	/Users/mitchellparker/Desktop/rascore_build/rcsb/5whb.cif.gz	/Users/mitchellparker/Desktop/rascore_build/renum/5whb_renum.cif	/Users/mitchellparker/Desktop/rascore_build/rcsb_assembly/5whb-assembly-5.cif.gz	/Users/mitchellparker/Desktop/rascore_build/renum_assembly/5whb-assembly-5_renum.cif	/Users/mitchellparker/Desktop/rascore_build/sifts/5whb.xml.gz	/Users/mitchellparker/Desktop/rascore_build/pocket/5whbJ_4_pocket.pdb
5whbJ	5whb	0	J	Disordered	Outlier	Disordered	Y71out	P 1 21 1 (CF6)	5whbJ5	5	GTPase KRas	RASK_HUMAN	P01116-2	G12V	G12	KRAS	2P	G12V	None	None	Binder	None	Other-Unbound	P 1 21 1	170	1-28:38-166	2017-07-16	Other	352.8548	0.0001	Unbound	Unbound	97,107,108,109,110,111,137,138,139,162,165,166	GDP,MG,CA,CA	Ras binder peptide: 225-11 (A30R)	None	K:41,3,5,54,74,40,38,56,71,7,55,57,68,58,59,72,62,63,65|L:67,71,74,70	None	None	None	None	Binder	None	K,L	GDP	MG	None	CA	None	None	STP	XRAY	2.180	0.207	GGGGMTEYKLVVVGAVGVGKSALTIQLIQNHFVDEYDPTIEDSYRKQVVIDGETCLLDILDTAGQEEYSAMRDQYMRTGEGFLCVFAINNTKSFEDIHHYREQIKRVKDSEDVPMVLVGNKCDLPSRTVDTKQAQDLARSYGIPFIETSAKTRQGVDDAFYTLVREIRKH	True	41.002	232.043	47.924	90.00	90.10	90.00	/Users/mitchellparker/Desktop/rascore_build/core/5whbJ_core.cif	/Users/mitchellparker/Desktop/rascore_build/rcsb/5whb.cif.gz	/Users/mitchellparker/Desktop/rascore_build/renum/5whb_renum.cif	/Users/mitchellparker/Desktop/rascore_build/rcsb_assembly/5whb-assembly-5.cif.gz	/Users/mitchellparker/Desktop/rascore_build/renum_assembly/5whb-assembly-5_renum.cif	/Users/mitchellparker/Desktop/rascore_build/sifts/5whb.xml.gz	/Users/mitchellparker/Desktop/rascore_build/pocket/5whbJ_5_pocket.pdb
5whbJ	5whb	0	J	Disordered	Outlier	Disordered	Y71out	P 1 21 1 (CF6)	5whbJ6	6	GTPase KRas	RASK_HUMAN	P01116-2	G12V	G12	KRAS	2P	G12V	None	None	Binder	None	Other-Unbound	P 1 21 1	170	1-28:38-166	2017-07-16	Other	341.2726	0.0017	Unbound	Unbound	62,63,64,65,69,95,99,102	GDP,MG,CA,CA	Ras binder peptide: 225-11 (A30R)	None	K:41,3,5,54,74,40,38,56,71,7,55,57,68,58,59,72,62,63,65|L:67,71,74,70	None	None	None	None	Binder	None	K,L	GDP	MG	None	CA	None	None	STP	XRAY	2.180	0.207	GGGGMTEYKLVVVGAVGVGKSALTIQLIQNHFVDEYDPTIEDSYRKQVVIDGETCLLDILDTAGQEEYSAMRDQYMRTGEGFLCVFAINNTKSFEDIHHYREQIKRVKDSEDVPMVLVGNKCDLPSRTVDTKQAQDLARSYGIPFIETSAKTRQGVDDAFYTLVREIRKH	True	41.002	232.043	47.924	90.00	90.10	90.00	/Users/mitchellparker/Desktop/rascore_build/core/5whbJ_core.cif	/Users/mitchellparker/Desktop/rascore_build/rcsb/5whb.cif.gz	/Users/mitchellparker/Desktop/rascore_build/renum/5whb_renum.cif	/Users/mitchellparker/Desktop/rascore_build/rcsb_assembly/5whb-assembly-5.cif.gz	/Users/mitchellparker/Desktop/rascore_build/renum_assembly/5whb-assembly-5_renum.cif	/Users/mitchellparker/Desktop/rascore_build/sifts/5whb.xml.gz	/Users/mitchellparker/Desktop/rascore_build/pocket/5whbJ_6_pocket.pdb
5whbJ	5whb	0	J	Disordered	Outlier	Disordered	Y71out	P 1 21 1 (CF6)	5whbJ7	7	GTPase KRas	RASK_HUMAN	P01116-2	G12V	G12	KRAS	2P	G12V	None	None	Binder	None	Other-Unbound	P 1 21 1	170	1-28:38-166	2017-07-16	Other	220.8477	0.0014	Unbound	Unbound	47,161,164,165	GDP,MG,CA,CA	Ras binder peptide: 225-11 (A30R)	None	K:41,3,5,54,74,40,38,56,71,7,55,57,68,58,59,72,62,63,65|L:67,71,74,70	None	None	None	None	Binder	None	K,L	GDP	MG	None	CA	None	None	STP	XRAY	2.180	0.207	GGGGMTEYKLVVVGAVGVGKSALTIQLIQNHFVDEYDPTIEDSYRKQVVIDGETCLLDILDTAGQEEYSAMRDQYMRTGEGFLCVFAINNTKSFEDIHHYREQIKRVKDSEDVPMVLVGNKCDLPSRTVDTKQAQDLARSYGIPFIETSAKTRQGVDDAFYTLVREIRKH	True	41.002	232.043	47.924	90.00	90.10	90.00	/Users/mitchellparker/Desktop/rascore_build/core/5whbJ_core.cif	/Users/mitchellparker/Desktop/rascore_build/rcsb/5whb.cif.gz	/Users/mitchellparker/Desktop/rascore_build/renum/5whb_renum.cif	/Users/mitchellparker/Desktop/rascore_build/rcsb_assembly/5whb-assembly-5.cif.gz	/Users/mitchellparker/Desktop/rascore_build/renum_assembly/5whb-assembly-5_renum.cif	/Users/mitchellparker/Desktop/rascore_build/sifts/5whb.xml.gz	/Users/mitchellparker/Desktop/rascore_build/pocket/5whbJ_7_pocket.pdb
5whdA	5whd	0	A	Outlier	Outlier	Y32out	Y71out	P 1 21 1 (CF4)	5whdA1	1	GTPase KRas	RASK_HUMAN	P01116-2	G12V,D38P	G12,D38	KRAS	2P	G12V	None	None	None	None	Multiple-Unbound	P 1 21 1	170	1-165	2017-07-16	Other	246.4853	0.3660	Unbound	Unbound	17,18,21,27,28,29,32	GDP	None	None	None	None	None	None	None	None	None	None	GDP	None	None	None	None	None	STP	XRAY	1.641	0.194	GGGGMTEYKLVVVGAVGVGKSALTIQLIQNHFVDEYDPTIEPSYRKQVVIDGETCLLDILDTAGQEEYSAMRDQYMRTGEGFLCVFAINNTKSFEDIHHYREQIKRVKDSEDVPMVLVGNKCDLPSRTVDTKQAQDLARSYGIPFIETSAKTRQGVDDAFYTLVREIRKH	True	37.239	80.912	108.041	90.00	90.62	90.00	/Users/mitchellparker/Desktop/rascore_build/core/5whdA_core.cif	/Users/mitchellparker/Desktop/rascore_build/rcsb/5whd.cif.gz	/Users/mitchellparker/Desktop/rascore_build/renum/5whd_renum.cif	/Users/mitchellparker/Desktop/rascore_build/rcsb_assembly/5whd-assembly-6.cif.gz	/Users/mitchellparker/Desktop/rascore_build/renum_assembly/5whd-assembly-6_renum.cif	/Users/mitchellparker/Desktop/rascore_build/sifts/5whd.xml.gz	/Users/mitchellparker/Desktop/rascore_build/pocket/5whdA_1_pocket.pdb
5whdA	5whd	0	A	Outlier	Outlier	Y32out	Y71out	P 1 21 1 (CF4)	5whdA2	2	GTPase KRas	RASK_HUMAN	P01116-2	G12V,D38P	G12,D38	KRAS	2P	G12V	None	None	None	None	Multiple-Unbound	P 1 21 1	170	1-165	2017-07-16	SP2	518.3456	0.0006	Unbound	Unbound	12,17,59,60,62,63,64	GDP	None	None	None	None	None	None	None	None	None	None	GDP	None	None	None	None	None	STP	XRAY	1.641	0.194	GGGGMTEYKLVVVGAVGVGKSALTIQLIQNHFVDEYDPTIEPSYRKQVVIDGETCLLDILDTAGQEEYSAMRDQYMRTGEGFLCVFAINNTKSFEDIHHYREQIKRVKDSEDVPMVLVGNKCDLPSRTVDTKQAQDLARSYGIPFIETSAKTRQGVDDAFYTLVREIRKH	True	37.239	80.912	108.041	90.00	90.62	90.00	/Users/mitchellparker/Desktop/rascore_build/core/5whdA_core.cif	/Users/mitchellparker/Desktop/rascore_build/rcsb/5whd.cif.gz	/Users/mitchellparker/Desktop/rascore_build/renum/5whd_renum.cif	/Users/mitchellparker/Desktop/rascore_build/rcsb_assembly/5whd-assembly-6.cif.gz	/Users/mitchellparker/Desktop/rascore_build/renum_assembly/5whd-assembly-6_renum.cif	/Users/mitchellparker/Desktop/rascore_build/sifts/5whd.xml.gz	/Users/mitchellparker/Desktop/rascore_build/pocket/5whdA_2_pocket.pdb
5whdA	5whd	0	A	Outlier	Outlier	Y32out	Y71out	P 1 21 1 (CF4)	5whdA3	3	GTPase KRas	RASK_HUMAN	P01116-2	G12V,D38P	G12,D38	KRAS	2P	G12V	None	None	None	None	Multiple-Unbound	P 1 21 1	170	1-165	2017-07-16	Other	379.0536	0.0117	Unbound	Unbound	73,74,75,76,104,106,108,109,110,163	GDP	None	None	None	None	None	None	None	None	None	None	GDP	None	None	None	None	None	STP	XRAY	1.641	0.194	GGGGMTEYKLVVVGAVGVGKSALTIQLIQNHFVDEYDPTIEPSYRKQVVIDGETCLLDILDTAGQEEYSAMRDQYMRTGEGFLCVFAINNTKSFEDIHHYREQIKRVKDSEDVPMVLVGNKCDLPSRTVDTKQAQDLARSYGIPFIETSAKTRQGVDDAFYTLVREIRKH	True	37.239	80.912	108.041	90.00	90.62	90.00	/Users/mitchellparker/Desktop/rascore_build/core/5whdA_core.cif	/Users/mitchellparker/Desktop/rascore_build/rcsb/5whd.cif.gz	/Users/mitchellparker/Desktop/rascore_build/renum/5whd_renum.cif	/Users/mitchellparker/Desktop/rascore_build/rcsb_assembly/5whd-assembly-6.cif.gz	/Users/mitchellparker/Desktop/rascore_build/renum_assembly/5whd-assembly-6_renum.cif	/Users/mitchellparker/Desktop/rascore_build/sifts/5whd.xml.gz	/Users/mitchellparker/Desktop/rascore_build/pocket/5whdA_3_pocket.pdb
5whdA	5whd	0	A	Outlier	Outlier	Y32out	Y71out	P 1 21 1 (CF4)	5whdA4	4	GTPase KRas	RASK_HUMAN	P01116-2	G12V,D38P	G12,D38	KRAS	2P	G12V	None	None	None	None	Multiple-Unbound	P 1 21 1	170	1-165	2017-07-16	SP2	179.3714	0.0138	Unbound	Unbound	62,68,92,95,96	GDP	None	None	None	None	None	None	None	None	None	None	GDP	None	None	None	None	None	STP	XRAY	1.641	0.194	GGGGMTEYKLVVVGAVGVGKSALTIQLIQNHFVDEYDPTIEPSYRKQVVIDGETCLLDILDTAGQEEYSAMRDQYMRTGEGFLCVFAINNTKSFEDIHHYREQIKRVKDSEDVPMVLVGNKCDLPSRTVDTKQAQDLARSYGIPFIETSAKTRQGVDDAFYTLVREIRKH	True	37.239	80.912	108.041	90.00	90.62	90.00	/Users/mitchellparker/Desktop/rascore_build/core/5whdA_core.cif	/Users/mitchellparker/Desktop/rascore_build/rcsb/5whd.cif.gz	/Users/mitchellparker/Desktop/rascore_build/renum/5whd_renum.cif	/Users/mitchellparker/Desktop/rascore_build/rcsb_assembly/5whd-assembly-6.cif.gz	/Users/mitchellparker/Desktop/rascore_build/renum_assembly/5whd-assembly-6_renum.cif	/Users/mitchellparker/Desktop/rascore_build/sifts/5whd.xml.gz	/Users/mitchellparker/Desktop/rascore_build/pocket/5whdA_4_pocket.pdb
5whdA	5whd	0	A	Outlier	Outlier	Y32out	Y71out	P 1 21 1 (CF4)	5whdA5	5	GTPase KRas	RASK_HUMAN	P01116-2	G12V,D38P	G12,D38	KRAS	2P	G12V	None	None	None	None	Multiple-Unbound	P 1 21 1	170	1-165	2017-07-16	SP12	178.6829	0.0252	Unbound	Unbound	56,67,70,71,74	GDP	None	None	None	None	None	None	None	None	None	None	GDP	None	None	None	None	None	STP	XRAY	1.641	0.194	GGGGMTEYKLVVVGAVGVGKSALTIQLIQNHFVDEYDPTIEPSYRKQVVIDGETCLLDILDTAGQEEYSAMRDQYMRTGEGFLCVFAINNTKSFEDIHHYREQIKRVKDSEDVPMVLVGNKCDLPSRTVDTKQAQDLARSYGIPFIETSAKTRQGVDDAFYTLVREIRKH	True	37.239	80.912	108.041	90.00	90.62	90.00	/Users/mitchellparker/Desktop/rascore_build/core/5whdA_core.cif	/Users/mitchellparker/Desktop/rascore_build/rcsb/5whd.cif.gz	/Users/mitchellparker/Desktop/rascore_build/renum/5whd_renum.cif	/Users/mitchellparker/Desktop/rascore_build/rcsb_assembly/5whd-assembly-6.cif.gz	/Users/mitchellparker/Desktop/rascore_build/renum_assembly/5whd-assembly-6_renum.cif	/Users/mitchellparker/Desktop/rascore_build/sifts/5whd.xml.gz	/Users/mitchellparker/Desktop/rascore_build/pocket/5whdA_5_pocket.pdb
5whdB	5whd	0	B	Disordered	Outlier	Disordered	Y71out	P 1 21 1 (CF4)	5whdB1	1	GTPase KRas	RASK_HUMAN	P01116-2	G12V,D38P	G12,D38	KRAS	2P	G12V	None	None	None	None	Multiple-Unbound	P 1 21 1	170	1-29:34-166	2017-07-16	Other	185.1919	0.3108	Unbound	Unbound	17,18,21,27,28,29	GDP	None	None	None	None	None	None	None	None	None	None	GDP	None	None	None	None	None	STP	XRAY	1.641	0.194	GGGGMTEYKLVVVGAVGVGKSALTIQLIQNHFVDEYDPTIEPSYRKQVVIDGETCLLDILDTAGQEEYSAMRDQYMRTGEGFLCVFAINNTKSFEDIHHYREQIKRVKDSEDVPMVLVGNKCDLPSRTVDTKQAQDLARSYGIPFIETSAKTRQGVDDAFYTLVREIRKH	True	37.239	80.912	108.041	90.00	90.62	90.00	/Users/mitchellparker/Desktop/rascore_build/core/5whdB_core.cif	/Users/mitchellparker/Desktop/rascore_build/rcsb/5whd.cif.gz	/Users/mitchellparker/Desktop/rascore_build/renum/5whd_renum.cif	/Users/mitchellparker/Desktop/rascore_build/rcsb_assembly/5whd-assembly-6.cif.gz	/Users/mitchellparker/Desktop/rascore_build/renum_assembly/5whd-assembly-6_renum.cif	/Users/mitchellparker/Desktop/rascore_build/sifts/5whd.xml.gz	/Users/mitchellparker/Desktop/rascore_build/pocket/5whdB_1_pocket.pdb
5whdB	5whd	0	B	Disordered	Outlier	Disordered	Y71out	P 1 21 1 (CF4)	5whdB2	2	GTPase KRas	RASK_HUMAN	P01116-2	G12V,D38P	G12,D38	KRAS	2P	G12V	None	None	None	None	Multiple-Unbound	P 1 21 1	170	1-29:34-166	2017-07-16	SP2	216.3922	0.0012	Unbound	Unbound	62,63,68,92,95,96,99	GDP	None	None	None	None	None	None	None	None	None	None	GDP	None	None	None	None	None	STP	XRAY	1.641	0.194	GGGGMTEYKLVVVGAVGVGKSALTIQLIQNHFVDEYDPTIEPSYRKQVVIDGETCLLDILDTAGQEEYSAMRDQYMRTGEGFLCVFAINNTKSFEDIHHYREQIKRVKDSEDVPMVLVGNKCDLPSRTVDTKQAQDLARSYGIPFIETSAKTRQGVDDAFYTLVREIRKH	True	37.239	80.912	108.041	90.00	90.62	90.00	/Users/mitchellparker/Desktop/rascore_build/core/5whdB_core.cif	/Users/mitchellparker/Desktop/rascore_build/rcsb/5whd.cif.gz	/Users/mitchellparker/Desktop/rascore_build/renum/5whd_renum.cif	/Users/mitchellparker/Desktop/rascore_build/rcsb_assembly/5whd-assembly-6.cif.gz	/Users/mitchellparker/Desktop/rascore_build/renum_assembly/5whd-assembly-6_renum.cif	/Users/mitchellparker/Desktop/rascore_build/sifts/5whd.xml.gz	/Users/mitchellparker/Desktop/rascore_build/pocket/5whdB_2_pocket.pdb
5whdB	5whd	0	B	Disordered	Outlier	Disordered	Y71out	P 1 21 1 (CF4)	5whdB3	3	GTPase KRas	RASK_HUMAN	P01116-2	G12V,D38P	G12,D38	KRAS	2P	G12V	None	None	None	None	Multiple-Unbound	P 1 21 1	170	1-29:34-166	2017-07-16	SP12	177.2284	0.0047	Unbound	Unbound	56,67,70,71,74	GDP	None	None	None	None	None	None	None	None	None	None	GDP	None	None	None	None	None	STP	XRAY	1.641	0.194	GGGGMTEYKLVVVGAVGVGKSALTIQLIQNHFVDEYDPTIEPSYRKQVVIDGETCLLDILDTAGQEEYSAMRDQYMRTGEGFLCVFAINNTKSFEDIHHYREQIKRVKDSEDVPMVLVGNKCDLPSRTVDTKQAQDLARSYGIPFIETSAKTRQGVDDAFYTLVREIRKH	True	37.239	80.912	108.041	90.00	90.62	90.00	/Users/mitchellparker/Desktop/rascore_build/core/5whdB_core.cif	/Users/mitchellparker/Desktop/rascore_build/rcsb/5whd.cif.gz	/Users/mitchellparker/Desktop/rascore_build/renum/5whd_renum.cif	/Users/mitchellparker/Desktop/rascore_build/rcsb_assembly/5whd-assembly-6.cif.gz	/Users/mitchellparker/Desktop/rascore_build/renum_assembly/5whd-assembly-6_renum.cif	/Users/mitchellparker/Desktop/rascore_build/sifts/5whd.xml.gz	/Users/mitchellparker/Desktop/rascore_build/pocket/5whdB_3_pocket.pdb
5whdC	5whd	0	C	Disordered	Outlier	Disordered	Y71out	P 1 21 1 (CF4)	5whdC1	1	GTPase KRas	RASK_HUMAN	P01116-2	G12V,D38P	G12,D38	KRAS	2P	G12V	None	None	None	None	SP2-Unbound	P 1 21 1	170	1-28:38-166	2017-07-16	SP2	82.1609	0.2293	Unbound	Unbound	9,58,61,62,68,96	GDP	None	None	None	None	None	None	None	None	None	None	GDP	None	None	None	None	None	STP	XRAY	1.641	0.194	GGGGMTEYKLVVVGAVGVGKSALTIQLIQNHFVDEYDPTIEPSYRKQVVIDGETCLLDILDTAGQEEYSAMRDQYMRTGEGFLCVFAINNTKSFEDIHHYREQIKRVKDSEDVPMVLVGNKCDLPSRTVDTKQAQDLARSYGIPFIETSAKTRQGVDDAFYTLVREIRKH	True	37.239	80.912	108.041	90.00	90.62	90.00	/Users/mitchellparker/Desktop/rascore_build/core/5whdC_core.cif	/Users/mitchellparker/Desktop/rascore_build/rcsb/5whd.cif.gz	/Users/mitchellparker/Desktop/rascore_build/renum/5whd_renum.cif	/Users/mitchellparker/Desktop/rascore_build/rcsb_assembly/5whd-assembly-6.cif.gz	/Users/mitchellparker/Desktop/rascore_build/renum_assembly/5whd-assembly-6_renum.cif	/Users/mitchellparker/Desktop/rascore_build/sifts/5whd.xml.gz	/Users/mitchellparker/Desktop/rascore_build/pocket/5whdC_1_pocket.pdb
5whdC	5whd	0	C	Disordered	Outlier	Disordered	Y71out	P 1 21 1 (CF4)	5whdC2	2	GTPase KRas	RASK_HUMAN	P01116-2	G12V,D38P	G12,D38	KRAS	2P	G12V	None	None	None	None	SP2-Unbound	P 1 21 1	170	1-28:38-166	2017-07-16	Other	178.1618	0.0225	Unbound	Unbound	17,18,21,27,28	GDP	None	None	None	None	None	None	None	None	None	None	GDP	None	None	None	None	None	STP	XRAY	1.641	0.194	GGGGMTEYKLVVVGAVGVGKSALTIQLIQNHFVDEYDPTIEPSYRKQVVIDGETCLLDILDTAGQEEYSAMRDQYMRTGEGFLCVFAINNTKSFEDIHHYREQIKRVKDSEDVPMVLVGNKCDLPSRTVDTKQAQDLARSYGIPFIETSAKTRQGVDDAFYTLVREIRKH	True	37.239	80.912	108.041	90.00	90.62	90.00	/Users/mitchellparker/Desktop/rascore_build/core/5whdC_core.cif	/Users/mitchellparker/Desktop/rascore_build/rcsb/5whd.cif.gz	/Users/mitchellparker/Desktop/rascore_build/renum/5whd_renum.cif	/Users/mitchellparker/Desktop/rascore_build/rcsb_assembly/5whd-assembly-6.cif.gz	/Users/mitchellparker/Desktop/rascore_build/renum_assembly/5whd-assembly-6_renum.cif	/Users/mitchellparker/Desktop/rascore_build/sifts/5whd.xml.gz	/Users/mitchellparker/Desktop/rascore_build/pocket/5whdC_2_pocket.pdb
5whdD	5whd	0	D	Disordered	Outlier	Disordered	Y71out	P 1 21 1 (CF4)	5whdD1	1	GTPase KRas	RASK_HUMAN	P01116-2	G12V,D38P	G12,D38	KRAS	2P	G12V	None	None	None	None	Multiple-Unbound	P 1 21 1	170	1-25:37-166	2017-07-16	Other	292.0291	0.0772	Unbound	Unbound	18,22,146,147	GDP	None	None	None	None	None	None	None	None	None	None	GDP	None	None	None	None	None	STP	XRAY	1.641	0.194	GGGGMTEYKLVVVGAVGVGKSALTIQLIQNHFVDEYDPTIEPSYRKQVVIDGETCLLDILDTAGQEEYSAMRDQYMRTGEGFLCVFAINNTKSFEDIHHYREQIKRVKDSEDVPMVLVGNKCDLPSRTVDTKQAQDLARSYGIPFIETSAKTRQGVDDAFYTLVREIRKH	True	37.239	80.912	108.041	90.00	90.62	90.00	/Users/mitchellparker/Desktop/rascore_build/core/5whdD_core.cif	/Users/mitchellparker/Desktop/rascore_build/rcsb/5whd.cif.gz	/Users/mitchellparker/Desktop/rascore_build/renum/5whd_renum.cif	/Users/mitchellparker/Desktop/rascore_build/rcsb_assembly/5whd-assembly-6.cif.gz	/Users/mitchellparker/Desktop/rascore_build/renum_assembly/5whd-assembly-6_renum.cif	/Users/mitchellparker/Desktop/rascore_build/sifts/5whd.xml.gz	/Users/mitchellparker/Desktop/rascore_build/pocket/5whdD_1_pocket.pdb
5whdD	5whd	0	D	Disordered	Outlier	Disordered	Y71out	P 1 21 1 (CF4)	5whdD2	2	GTPase KRas	RASK_HUMAN	P01116-2	G12V,D38P	G12,D38	KRAS	2P	G12V	None	None	None	None	Multiple-Unbound	P 1 21 1	170	1-25:37-166	2017-07-16	SP2	186.6326	0.0032	Unbound	Unbound	62,68,92,95,96,99	GDP	None	None	None	None	None	None	None	None	None	None	GDP	None	None	None	None	None	STP	XRAY	1.641	0.194	GGGGMTEYKLVVVGAVGVGKSALTIQLIQNHFVDEYDPTIEPSYRKQVVIDGETCLLDILDTAGQEEYSAMRDQYMRTGEGFLCVFAINNTKSFEDIHHYREQIKRVKDSEDVPMVLVGNKCDLPSRTVDTKQAQDLARSYGIPFIETSAKTRQGVDDAFYTLVREIRKH	True	37.239	80.912	108.041	90.00	90.62	90.00	/Users/mitchellparker/Desktop/rascore_build/core/5whdD_core.cif	/Users/mitchellparker/Desktop/rascore_build/rcsb/5whd.cif.gz	/Users/mitchellparker/Desktop/rascore_build/renum/5whd_renum.cif	/Users/mitchellparker/Desktop/rascore_build/rcsb_assembly/5whd-assembly-6.cif.gz	/Users/mitchellparker/Desktop/rascore_build/renum_assembly/5whd-assembly-6_renum.cif	/Users/mitchellparker/Desktop/rascore_build/sifts/5whd.xml.gz	/Users/mitchellparker/Desktop/rascore_build/pocket/5whdD_2_pocket.pdb
5whdD	5whd	0	D	Disordered	Outlier	Disordered	Y71out	P 1 21 1 (CF4)	5whdD3	3	GTPase KRas	RASK_HUMAN	P01116-2	G12V,D38P	G12,D38	KRAS	2P	G12V	None	None	None	None	Multiple-Unbound	P 1 21 1	170	1-25:37-166	2017-07-16	Other	213.9376	0.1186	Unbound	Unbound	74,75,76,104,109,110,166	GDP	None	None	None	None	None	None	None	None	None	None	GDP	None	None	None	None	None	STP	XRAY	1.641	0.194	GGGGMTEYKLVVVGAVGVGKSALTIQLIQNHFVDEYDPTIEPSYRKQVVIDGETCLLDILDTAGQEEYSAMRDQYMRTGEGFLCVFAINNTKSFEDIHHYREQIKRVKDSEDVPMVLVGNKCDLPSRTVDTKQAQDLARSYGIPFIETSAKTRQGVDDAFYTLVREIRKH	True	37.239	80.912	108.041	90.00	90.62	90.00	/Users/mitchellparker/Desktop/rascore_build/core/5whdD_core.cif	/Users/mitchellparker/Desktop/rascore_build/rcsb/5whd.cif.gz	/Users/mitchellparker/Desktop/rascore_build/renum/5whd_renum.cif	/Users/mitchellparker/Desktop/rascore_build/rcsb_assembly/5whd-assembly-6.cif.gz	/Users/mitchellparker/Desktop/rascore_build/renum_assembly/5whd-assembly-6_renum.cif	/Users/mitchellparker/Desktop/rascore_build/sifts/5whd.xml.gz	/Users/mitchellparker/Desktop/rascore_build/pocket/5whdD_3_pocket.pdb
5whdD	5whd	0	D	Disordered	Outlier	Disordered	Y71out	P 1 21 1 (CF4)	5whdD4	4	GTPase KRas	RASK_HUMAN	P01116-2	G12V,D38P	G12,D38	KRAS	2P	G12V	None	None	None	None	Multiple-Unbound	P 1 21 1	170	1-25:37-166	2017-07-16	SP2	153.4700	0.0013	Unbound	Unbound	68,69,99,102,103	GDP	None	None	None	None	None	None	None	None	None	None	GDP	None	None	None	None	None	STP	XRAY	1.641	0.194	GGGGMTEYKLVVVGAVGVGKSALTIQLIQNHFVDEYDPTIEPSYRKQVVIDGETCLLDILDTAGQEEYSAMRDQYMRTGEGFLCVFAINNTKSFEDIHHYREQIKRVKDSEDVPMVLVGNKCDLPSRTVDTKQAQDLARSYGIPFIETSAKTRQGVDDAFYTLVREIRKH	True	37.239	80.912	108.041	90.00	90.62	90.00	/Users/mitchellparker/Desktop/rascore_build/core/5whdD_core.cif	/Users/mitchellparker/Desktop/rascore_build/rcsb/5whd.cif.gz	/Users/mitchellparker/Desktop/rascore_build/renum/5whd_renum.cif	/Users/mitchellparker/Desktop/rascore_build/rcsb_assembly/5whd-assembly-6.cif.gz	/Users/mitchellparker/Desktop/rascore_build/renum_assembly/5whd-assembly-6_renum.cif	/Users/mitchellparker/Desktop/rascore_build/sifts/5whd.xml.gz	/Users/mitchellparker/Desktop/rascore_build/pocket/5whdD_4_pocket.pdb
5whdD	5whd	0	D	Disordered	Outlier	Disordered	Y71out	P 1 21 1 (CF4)	5whdD5	5	GTPase KRas	RASK_HUMAN	P01116-2	G12V,D38P	G12,D38	KRAS	2P	G12V	None	None	None	None	Multiple-Unbound	P 1 21 1	170	1-25:37-166	2017-07-16	SP12	215.8273	0.1511	Unbound	Unbound	56,67,70,71,74	GDP	None	None	None	None	None	None	None	None	None	None	GDP	None	None	None	None	None	STP	XRAY	1.641	0.194	GGGGMTEYKLVVVGAVGVGKSALTIQLIQNHFVDEYDPTIEPSYRKQVVIDGETCLLDILDTAGQEEYSAMRDQYMRTGEGFLCVFAINNTKSFEDIHHYREQIKRVKDSEDVPMVLVGNKCDLPSRTVDTKQAQDLARSYGIPFIETSAKTRQGVDDAFYTLVREIRKH	True	37.239	80.912	108.041	90.00	90.62	90.00	/Users/mitchellparker/Desktop/rascore_build/core/5whdD_core.cif	/Users/mitchellparker/Desktop/rascore_build/rcsb/5whd.cif.gz	/Users/mitchellparker/Desktop/rascore_build/renum/5whd_renum.cif	/Users/mitchellparker/Desktop/rascore_build/rcsb_assembly/5whd-assembly-6.cif.gz	/Users/mitchellparker/Desktop/rascore_build/renum_assembly/5whd-assembly-6_renum.cif	/Users/mitchellparker/Desktop/rascore_build/sifts/5whd.xml.gz	/Users/mitchellparker/Desktop/rascore_build/pocket/5whdD_5_pocket.pdb
5whdD	5whd	0	D	Disordered	Outlier	Disordered	Y71out	P 1 21 1 (CF4)	5whdD6	6	GTPase KRas	RASK_HUMAN	P01116-2	G12V,D38P	G12,D38	KRAS	2P	G12V	None	None	None	None	Multiple-Unbound	P 1 21 1	170	1-25:37-166	2017-07-16	Other	222.4353	0.0004	Unbound	Unbound	131,134,135,139,141	GDP	None	None	None	None	None	None	None	None	None	None	GDP	None	None	None	None	None	STP	XRAY	1.641	0.194	GGGGMTEYKLVVVGAVGVGKSALTIQLIQNHFVDEYDPTIEPSYRKQVVIDGETCLLDILDTAGQEEYSAMRDQYMRTGEGFLCVFAINNTKSFEDIHHYREQIKRVKDSEDVPMVLVGNKCDLPSRTVDTKQAQDLARSYGIPFIETSAKTRQGVDDAFYTLVREIRKH	True	37.239	80.912	108.041	90.00	90.62	90.00	/Users/mitchellparker/Desktop/rascore_build/core/5whdD_core.cif	/Users/mitchellparker/Desktop/rascore_build/rcsb/5whd.cif.gz	/Users/mitchellparker/Desktop/rascore_build/renum/5whd_renum.cif	/Users/mitchellparker/Desktop/rascore_build/rcsb_assembly/5whd-assembly-6.cif.gz	/Users/mitchellparker/Desktop/rascore_build/renum_assembly/5whd-assembly-6_renum.cif	/Users/mitchellparker/Desktop/rascore_build/sifts/5whd.xml.gz	/Users/mitchellparker/Desktop/rascore_build/pocket/5whdD_6_pocket.pdb
5wheA	5whe	0	A	Disordered	Outlier	Y32out	Y71out	P 1 21 1 (CF6)	5wheA2	2	GTPase KRas	RASK_HUMAN	P01116-2	G12V,D38P	G12,D38	KRAS	3P	G12V	None	None	Binder	None	SP2-Unbound	P 1 21 1	170	2-34:37-166	2017-07-16	Other	319.0155	0.0216	Unbound	Unbound	76,104,106,108,109,110,163,166	GNP,CA,CA,CA,CA,MG	Miniprotein 225-11	None	B:37,41,3,39,54,5,74,40,38,56,71,55,6,57,68,58,59,72,63,65,64,62,61,67|C:71,67,74,70	None	None	None	None	Binder	None	B,C	GNP	MG	None	CA	None	None	STP	XRAY	1.910	0.187	GGGGMTEYKLVVVGAVGVGKSALTIQLIQNHFVDEYDPTIEPSYRKQVVIDGETCLLDILDTAGQEEYSAMRDQYMRTGEGFLCVFAINNTKSFEDIHHYREQIKRVKDSEDVPMVLVGNKCDLPSRTVDTKQAQDLARSYGIPFIETSAKTRQGVDDAFYTLVREIRKH	True	40.549	232.525	48.213	90.00	90.16	90.00	/Users/mitchellparker/Desktop/rascore_build/core/5wheA_core.cif	/Users/mitchellparker/Desktop/rascore_build/rcsb/5whe.cif.gz	/Users/mitchellparker/Desktop/rascore_build/renum/5whe_renum.cif	/Users/mitchellparker/Desktop/rascore_build/rcsb_assembly/5whe-assembly-1.cif.gz	/Users/mitchellparker/Desktop/rascore_build/renum_assembly/5whe-assembly-1_renum.cif	/Users/mitchellparker/Desktop/rascore_build/sifts/5whe.xml.gz	/Users/mitchellparker/Desktop/rascore_build/pocket/5wheA_2_pocket.pdb
5wheA	5whe	0	A	Disordered	Outlier	Y32out	Y71out	P 1 21 1 (CF6)	5wheA3	3	GTPase KRas	RASK_HUMAN	P01116-2	G12V,D38P	G12,D38	KRAS	3P	G12V	None	None	Binder	None	SP2-Unbound	P 1 21 1	170	2-34:37-166	2017-07-16	Other	245.7163	0.0000	Unbound	Unbound	97,107,108,109,110,111,137,138,139,162,165,166	GNP,CA,CA,CA,CA,MG	Miniprotein 225-11	None	B:37,41,3,39,54,5,74,40,38,56,71,55,6,57,68,58,59,72,63,65,64,62,61,67|C:71,67,74,70	None	None	None	None	Binder	None	B,C	GNP	MG	None	CA	None	None	STP	XRAY	1.910	0.187	GGGGMTEYKLVVVGAVGVGKSALTIQLIQNHFVDEYDPTIEPSYRKQVVIDGETCLLDILDTAGQEEYSAMRDQYMRTGEGFLCVFAINNTKSFEDIHHYREQIKRVKDSEDVPMVLVGNKCDLPSRTVDTKQAQDLARSYGIPFIETSAKTRQGVDDAFYTLVREIRKH	True	40.549	232.525	48.213	90.00	90.16	90.00	/Users/mitchellparker/Desktop/rascore_build/core/5wheA_core.cif	/Users/mitchellparker/Desktop/rascore_build/rcsb/5whe.cif.gz	/Users/mitchellparker/Desktop/rascore_build/renum/5whe_renum.cif	/Users/mitchellparker/Desktop/rascore_build/rcsb_assembly/5whe-assembly-1.cif.gz	/Users/mitchellparker/Desktop/rascore_build/renum_assembly/5whe-assembly-1_renum.cif	/Users/mitchellparker/Desktop/rascore_build/sifts/5whe.xml.gz	/Users/mitchellparker/Desktop/rascore_build/pocket/5wheA_3_pocket.pdb
5wheA	5whe	0	A	Disordered	Outlier	Y32out	Y71out	P 1 21 1 (CF6)	5wheA4	4	GTPase KRas	RASK_HUMAN	P01116-2	G12V,D38P	G12,D38	KRAS	3P	G12V	None	None	Binder	None	SP2-Unbound	P 1 21 1	170	2-34:37-166	2017-07-16	Other	152.9791	0.0038	Unbound	Unbound	17,20,21,25,38,39,40,57	GNP,CA,CA,CA,CA,MG	Miniprotein 225-11	None	B:37,41,3,39,54,5,74,40,38,56,71,55,6,57,68,58,59,72,63,65,64,62,61,67|C:71,67,74,70	None	None	None	None	Binder	None	B,C	GNP	MG	None	CA	None	None	STP	XRAY	1.910	0.187	GGGGMTEYKLVVVGAVGVGKSALTIQLIQNHFVDEYDPTIEPSYRKQVVIDGETCLLDILDTAGQEEYSAMRDQYMRTGEGFLCVFAINNTKSFEDIHHYREQIKRVKDSEDVPMVLVGNKCDLPSRTVDTKQAQDLARSYGIPFIETSAKTRQGVDDAFYTLVREIRKH	True	40.549	232.525	48.213	90.00	90.16	90.00	/Users/mitchellparker/Desktop/rascore_build/core/5wheA_core.cif	/Users/mitchellparker/Desktop/rascore_build/rcsb/5whe.cif.gz	/Users/mitchellparker/Desktop/rascore_build/renum/5whe_renum.cif	/Users/mitchellparker/Desktop/rascore_build/rcsb_assembly/5whe-assembly-1.cif.gz	/Users/mitchellparker/Desktop/rascore_build/renum_assembly/5whe-assembly-1_renum.cif	/Users/mitchellparker/Desktop/rascore_build/sifts/5whe.xml.gz	/Users/mitchellparker/Desktop/rascore_build/pocket/5wheA_4_pocket.pdb
5wheA	5whe	0	A	Disordered	Outlier	Y32out	Y71out	P 1 21 1 (CF6)	5wheA5	5	GTPase KRas	RASK_HUMAN	P01116-2	G12V,D38P	G12,D38	KRAS	3P	G12V	None	None	Binder	None	SP2-Unbound	P 1 21 1	170	2-34:37-166	2017-07-16	SP2	430.0594	0.0002	Unbound	Unbound	11,12,60,61,62,86,88,92,95,96	GNP,CA,CA,CA,CA,MG	Miniprotein 225-11	None	B:37,41,3,39,54,5,74,40,38,56,71,55,6,57,68,58,59,72,63,65,64,62,61,67|C:71,67,74,70	None	None	None	None	Binder	None	B,C	GNP	MG	None	CA	None	None	STP	XRAY	1.910	0.187	GGGGMTEYKLVVVGAVGVGKSALTIQLIQNHFVDEYDPTIEPSYRKQVVIDGETCLLDILDTAGQEEYSAMRDQYMRTGEGFLCVFAINNTKSFEDIHHYREQIKRVKDSEDVPMVLVGNKCDLPSRTVDTKQAQDLARSYGIPFIETSAKTRQGVDDAFYTLVREIRKH	True	40.549	232.525	48.213	90.00	90.16	90.00	/Users/mitchellparker/Desktop/rascore_build/core/5wheA_core.cif	/Users/mitchellparker/Desktop/rascore_build/rcsb/5whe.cif.gz	/Users/mitchellparker/Desktop/rascore_build/renum/5whe_renum.cif	/Users/mitchellparker/Desktop/rascore_build/rcsb_assembly/5whe-assembly-1.cif.gz	/Users/mitchellparker/Desktop/rascore_build/renum_assembly/5whe-assembly-1_renum.cif	/Users/mitchellparker/Desktop/rascore_build/sifts/5whe.xml.gz	/Users/mitchellparker/Desktop/rascore_build/pocket/5wheA_5_pocket.pdb
5wheA	5whe	0	A	Disordered	Outlier	Y32out	Y71out	P 1 21 1 (CF6)	5wheA6	6	GTPase KRas	RASK_HUMAN	P01116-2	G12V,D38P	G12,D38	KRAS	3P	G12V	None	None	Binder	None	SP2-Unbound	P 1 21 1	170	2-34:37-166	2017-07-16	Other	206.4904	0.0002	Unbound	Unbound	131,134,135,139,140,141	GNP,CA,CA,CA,CA,MG	Miniprotein 225-11	None	B:37,41,3,39,54,5,74,40,38,56,71,55,6,57,68,58,59,72,63,65,64,62,61,67|C:71,67,74,70	None	None	None	None	Binder	None	B,C	GNP	MG	None	CA	None	None	STP	XRAY	1.910	0.187	GGGGMTEYKLVVVGAVGVGKSALTIQLIQNHFVDEYDPTIEPSYRKQVVIDGETCLLDILDTAGQEEYSAMRDQYMRTGEGFLCVFAINNTKSFEDIHHYREQIKRVKDSEDVPMVLVGNKCDLPSRTVDTKQAQDLARSYGIPFIETSAKTRQGVDDAFYTLVREIRKH	True	40.549	232.525	48.213	90.00	90.16	90.00	/Users/mitchellparker/Desktop/rascore_build/core/5wheA_core.cif	/Users/mitchellparker/Desktop/rascore_build/rcsb/5whe.cif.gz	/Users/mitchellparker/Desktop/rascore_build/renum/5whe_renum.cif	/Users/mitchellparker/Desktop/rascore_build/rcsb_assembly/5whe-assembly-1.cif.gz	/Users/mitchellparker/Desktop/rascore_build/renum_assembly/5whe-assembly-1_renum.cif	/Users/mitchellparker/Desktop/rascore_build/sifts/5whe.xml.gz	/Users/mitchellparker/Desktop/rascore_build/pocket/5wheA_6_pocket.pdb
5wheA	5whe	0	A	Disordered	Outlier	Y32out	Y71out	P 1 21 1 (CF6)	5wheA7	7	GTPase KRas	RASK_HUMAN	P01116-2	G12V,D38P	G12,D38	KRAS	3P	G12V	None	None	Binder	None	SP2-Unbound	P 1 21 1	170	2-34:37-166	2017-07-16	Other	245.4785	0.0003	Unbound	Unbound	62,95,98,99,102	GNP,CA,CA,CA,CA,MG	Miniprotein 225-11	None	B:37,41,3,39,54,5,74,40,38,56,71,55,6,57,68,58,59,72,63,65,64,62,61,67|C:71,67,74,70	None	None	None	None	Binder	None	B,C	GNP	MG	None	CA	None	None	STP	XRAY	1.910	0.187	GGGGMTEYKLVVVGAVGVGKSALTIQLIQNHFVDEYDPTIEPSYRKQVVIDGETCLLDILDTAGQEEYSAMRDQYMRTGEGFLCVFAINNTKSFEDIHHYREQIKRVKDSEDVPMVLVGNKCDLPSRTVDTKQAQDLARSYGIPFIETSAKTRQGVDDAFYTLVREIRKH	True	40.549	232.525	48.213	90.00	90.16	90.00	/Users/mitchellparker/Desktop/rascore_build/core/5wheA_core.cif	/Users/mitchellparker/Desktop/rascore_build/rcsb/5whe.cif.gz	/Users/mitchellparker/Desktop/rascore_build/renum/5whe_renum.cif	/Users/mitchellparker/Desktop/rascore_build/rcsb_assembly/5whe-assembly-1.cif.gz	/Users/mitchellparker/Desktop/rascore_build/renum_assembly/5whe-assembly-1_renum.cif	/Users/mitchellparker/Desktop/rascore_build/sifts/5whe.xml.gz	/Users/mitchellparker/Desktop/rascore_build/pocket/5wheA_7_pocket.pdb
5wheD	5whe	0	D	Disordered	Outlier	Disordered	Y71out	P 1 21 1 (CF6)	5wheD2	2	GTPase KRas	RASK_HUMAN	P01116-2	G12V,D38P	G12,D38	KRAS	3P	G12V	None	None	Binder	None	Other-Unbound	P 1 21 1	170	2-29:38-166	2017-07-16	Other	304.8127	0.0047	Unbound	Unbound	47,161,164,165	GNP,CA,CA,MG	Miniprotein 225-11	None	E:41,3,39,54,5,40,38,56,71,74,55,6,57,68,59,58,72,63,65,64,67|F:67,71,74,70	None	None	None	None	Binder	None	E,F	GNP	MG	None	CA	None	None	STP	XRAY	1.910	0.187	GGGGMTEYKLVVVGAVGVGKSALTIQLIQNHFVDEYDPTIEPSYRKQVVIDGETCLLDILDTAGQEEYSAMRDQYMRTGEGFLCVFAINNTKSFEDIHHYREQIKRVKDSEDVPMVLVGNKCDLPSRTVDTKQAQDLARSYGIPFIETSAKTRQGVDDAFYTLVREIRKH	True	40.549	232.525	48.213	90.00	90.16	90.00	/Users/mitchellparker/Desktop/rascore_build/core/5wheD_core.cif	/Users/mitchellparker/Desktop/rascore_build/rcsb/5whe.cif.gz	/Users/mitchellparker/Desktop/rascore_build/renum/5whe_renum.cif	/Users/mitchellparker/Desktop/rascore_build/rcsb_assembly/5whe-assembly-1.cif.gz	/Users/mitchellparker/Desktop/rascore_build/renum_assembly/5whe-assembly-1_renum.cif	/Users/mitchellparker/Desktop/rascore_build/sifts/5whe.xml.gz	/Users/mitchellparker/Desktop/rascore_build/pocket/5wheD_2_pocket.pdb
5wheD	5whe	0	D	Disordered	Outlier	Disordered	Y71out	P 1 21 1 (CF6)	5wheD3	3	GTPase KRas	RASK_HUMAN	P01116-2	G12V,D38P	G12,D38	KRAS	3P	G12V	None	None	Binder	None	Other-Unbound	P 1 21 1	170	2-29:38-166	2017-07-16	Other	157.0852	0.0001	Unbound	Unbound	45,46,47,154,157,158,161	GNP,CA,CA,MG	Miniprotein 225-11	None	E:41,3,39,54,5,40,38,56,71,74,55,6,57,68,59,58,72,63,65,64,67|F:67,71,74,70	None	None	None	None	Binder	None	E,F	GNP	MG	None	CA	None	None	STP	XRAY	1.910	0.187	GGGGMTEYKLVVVGAVGVGKSALTIQLIQNHFVDEYDPTIEPSYRKQVVIDGETCLLDILDTAGQEEYSAMRDQYMRTGEGFLCVFAINNTKSFEDIHHYREQIKRVKDSEDVPMVLVGNKCDLPSRTVDTKQAQDLARSYGIPFIETSAKTRQGVDDAFYTLVREIRKH	True	40.549	232.525	48.213	90.00	90.16	90.00	/Users/mitchellparker/Desktop/rascore_build/core/5wheD_core.cif	/Users/mitchellparker/Desktop/rascore_build/rcsb/5whe.cif.gz	/Users/mitchellparker/Desktop/rascore_build/renum/5whe_renum.cif	/Users/mitchellparker/Desktop/rascore_build/rcsb_assembly/5whe-assembly-1.cif.gz	/Users/mitchellparker/Desktop/rascore_build/renum_assembly/5whe-assembly-1_renum.cif	/Users/mitchellparker/Desktop/rascore_build/sifts/5whe.xml.gz	/Users/mitchellparker/Desktop/rascore_build/pocket/5wheD_3_pocket.pdb
5wheG	5whe	0	G	Disordered	Outlier	Disordered	Y71out	P 1 21 1 (CF6)	5wheG3	3	GTPase KRas	RASK_HUMAN	P01116-2	G12V,D38P	G12,D38	KRAS	3P	G12V	None	None	Binder	None	Other-Unbound	P 1 21 1	170	2-26:38-166	2017-07-16	Other	251.1792	0.0016	Unbound	Unbound	47,161,164,165	GNP,CA,CA,MG	Miniprotein 225-11	None	H:41,3,39,54,5,74,40,38,71,56,55,6,57,68,59,58,72,63,65,64,62,61,67,42|I:67,71,70,74	None	None	None	None	Binder	None	H,I	GNP	MG	None	CA	None	None	STP	XRAY	1.910	0.187	GGGGMTEYKLVVVGAVGVGKSALTIQLIQNHFVDEYDPTIEPSYRKQVVIDGETCLLDILDTAGQEEYSAMRDQYMRTGEGFLCVFAINNTKSFEDIHHYREQIKRVKDSEDVPMVLVGNKCDLPSRTVDTKQAQDLARSYGIPFIETSAKTRQGVDDAFYTLVREIRKH	True	40.549	232.525	48.213	90.00	90.16	90.00	/Users/mitchellparker/Desktop/rascore_build/core/5wheG_core.cif	/Users/mitchellparker/Desktop/rascore_build/rcsb/5whe.cif.gz	/Users/mitchellparker/Desktop/rascore_build/renum/5whe_renum.cif	/Users/mitchellparker/Desktop/rascore_build/rcsb_assembly/5whe-assembly-1.cif.gz	/Users/mitchellparker/Desktop/rascore_build/renum_assembly/5whe-assembly-1_renum.cif	/Users/mitchellparker/Desktop/rascore_build/sifts/5whe.xml.gz	/Users/mitchellparker/Desktop/rascore_build/pocket/5wheG_3_pocket.pdb
5wheG	5whe	0	G	Disordered	Outlier	Disordered	Y71out	P 1 21 1 (CF6)	5wheG4	4	GTPase KRas	RASK_HUMAN	P01116-2	G12V,D38P	G12,D38	KRAS	3P	G12V	None	None	Binder	None	Other-Unbound	P 1 21 1	170	2-26:38-166	2017-07-16	Other	159.9493	0.0001	Unbound	Unbound	45,46,47,154,157,158,161	GNP,CA,CA,MG	Miniprotein 225-11	None	H:41,3,39,54,5,74,40,38,71,56,55,6,57,68,59,58,72,63,65,64,62,61,67,42|I:67,71,70,74	None	None	None	None	Binder	None	H,I	GNP	MG	None	CA	None	None	STP	XRAY	1.910	0.187	GGGGMTEYKLVVVGAVGVGKSALTIQLIQNHFVDEYDPTIEPSYRKQVVIDGETCLLDILDTAGQEEYSAMRDQYMRTGEGFLCVFAINNTKSFEDIHHYREQIKRVKDSEDVPMVLVGNKCDLPSRTVDTKQAQDLARSYGIPFIETSAKTRQGVDDAFYTLVREIRKH	True	40.549	232.525	48.213	90.00	90.16	90.00	/Users/mitchellparker/Desktop/rascore_build/core/5wheG_core.cif	/Users/mitchellparker/Desktop/rascore_build/rcsb/5whe.cif.gz	/Users/mitchellparker/Desktop/rascore_build/renum/5whe_renum.cif	/Users/mitchellparker/Desktop/rascore_build/rcsb_assembly/5whe-assembly-1.cif.gz	/Users/mitchellparker/Desktop/rascore_build/renum_assembly/5whe-assembly-1_renum.cif	/Users/mitchellparker/Desktop/rascore_build/sifts/5whe.xml.gz	/Users/mitchellparker/Desktop/rascore_build/pocket/5wheG_4_pocket.pdb
5wheJ	5whe	0	J	Disordered	Outlier	Disordered	Y71out	P 1 21 1 (CF6)	5wheJ2	2	GTPase KRas	RASK_HUMAN	P01116-2	G12V,D38P	G12,D38	KRAS	3P	G12V	None	None	Binder	None	Other-Unbound	P 1 21 1	170	1-28:38-166	2017-07-16	Other	179.0176	0.0012	Unbound	Unbound	47,161,164,165	GNP,MG	Miniprotein 225-11	None	K:41,3,39,54,40,38,56,71,74,55,5,6,57,68,59,58,72,63,65,67,60,62,61|L:71,67,74,70,3	None	None	None	None	Binder	None	K,L	GNP	MG	None	None	None	None	STP	XRAY	1.910	0.187	GGGGMTEYKLVVVGAVGVGKSALTIQLIQNHFVDEYDPTIEPSYRKQVVIDGETCLLDILDTAGQEEYSAMRDQYMRTGEGFLCVFAINNTKSFEDIHHYREQIKRVKDSEDVPMVLVGNKCDLPSRTVDTKQAQDLARSYGIPFIETSAKTRQGVDDAFYTLVREIRKH	True	40.549	232.525	48.213	90.00	90.16	90.00	/Users/mitchellparker/Desktop/rascore_build/core/5wheJ_core.cif	/Users/mitchellparker/Desktop/rascore_build/rcsb/5whe.cif.gz	/Users/mitchellparker/Desktop/rascore_build/renum/5whe_renum.cif	/Users/mitchellparker/Desktop/rascore_build/rcsb_assembly/5whe-assembly-1.cif.gz	/Users/mitchellparker/Desktop/rascore_build/renum_assembly/5whe-assembly-1_renum.cif	/Users/mitchellparker/Desktop/rascore_build/sifts/5whe.xml.gz	/Users/mitchellparker/Desktop/rascore_build/pocket/5wheJ_2_pocket.pdb
5wheJ	5whe	0	J	Disordered	Outlier	Disordered	Y71out	P 1 21 1 (CF6)	5wheJ3	3	GTPase KRas	RASK_HUMAN	P01116-2	G12V,D38P	G12,D38	KRAS	3P	G12V	None	None	Binder	None	Other-Unbound	P 1 21 1	170	1-28:38-166	2017-07-16	Other	206.4168	0.0002	Unbound	Unbound	45,46,47,154,157,158,161	GNP,MG	Miniprotein 225-11	None	K:41,3,39,54,40,38,56,71,74,55,5,6,57,68,59,58,72,63,65,67,60,62,61|L:71,67,74,70,3	None	None	None	None	Binder	None	K,L	GNP	MG	None	None	None	None	STP	XRAY	1.910	0.187	GGGGMTEYKLVVVGAVGVGKSALTIQLIQNHFVDEYDPTIEPSYRKQVVIDGETCLLDILDTAGQEEYSAMRDQYMRTGEGFLCVFAINNTKSFEDIHHYREQIKRVKDSEDVPMVLVGNKCDLPSRTVDTKQAQDLARSYGIPFIETSAKTRQGVDDAFYTLVREIRKH	True	40.549	232.525	48.213	90.00	90.16	90.00	/Users/mitchellparker/Desktop/rascore_build/core/5wheJ_core.cif	/Users/mitchellparker/Desktop/rascore_build/rcsb/5whe.cif.gz	/Users/mitchellparker/Desktop/rascore_build/renum/5whe_renum.cif	/Users/mitchellparker/Desktop/rascore_build/rcsb_assembly/5whe-assembly-1.cif.gz	/Users/mitchellparker/Desktop/rascore_build/renum_assembly/5whe-assembly-1_renum.cif	/Users/mitchellparker/Desktop/rascore_build/sifts/5whe.xml.gz	/Users/mitchellparker/Desktop/rascore_build/pocket/5wheJ_3_pocket.pdb
5wheJ	5whe	0	J	Disordered	Outlier	Disordered	Y71out	P 1 21 1 (CF6)	5wheJ4	4	GTPase KRas	RASK_HUMAN	P01116-2	G12V,D38P	G12,D38	KRAS	3P	G12V	None	None	Binder	None	Other-Unbound	P 1 21 1	170	1-28:38-166	2017-07-16	Other	159.1874	0.0004	Unbound	Unbound	17,20,21,25,38,39,40,57	GNP,MG	Miniprotein 225-11	None	K:41,3,39,54,40,38,56,71,74,55,5,6,57,68,59,58,72,63,65,67,60,62,61|L:71,67,74,70,3	None	None	None	None	Binder	None	K,L	GNP	MG	None	None	None	None	STP	XRAY	1.910	0.187	GGGGMTEYKLVVVGAVGVGKSALTIQLIQNHFVDEYDPTIEPSYRKQVVIDGETCLLDILDTAGQEEYSAMRDQYMRTGEGFLCVFAINNTKSFEDIHHYREQIKRVKDSEDVPMVLVGNKCDLPSRTVDTKQAQDLARSYGIPFIETSAKTRQGVDDAFYTLVREIRKH	True	40.549	232.525	48.213	90.00	90.16	90.00	/Users/mitchellparker/Desktop/rascore_build/core/5wheJ_core.cif	/Users/mitchellparker/Desktop/rascore_build/rcsb/5whe.cif.gz	/Users/mitchellparker/Desktop/rascore_build/renum/5whe_renum.cif	/Users/mitchellparker/Desktop/rascore_build/rcsb_assembly/5whe-assembly-1.cif.gz	/Users/mitchellparker/Desktop/rascore_build/renum_assembly/5whe-assembly-1_renum.cif	/Users/mitchellparker/Desktop/rascore_build/sifts/5whe.xml.gz	/Users/mitchellparker/Desktop/rascore_build/pocket/5wheJ_4_pocket.pdb
5wheJ	5whe	0	J	Disordered	Outlier	Disordered	Y71out	P 1 21 1 (CF6)	5wheJ5	5	GTPase KRas	RASK_HUMAN	P01116-2	G12V,D38P	G12,D38	KRAS	3P	G12V	None	None	Binder	None	Other-Unbound	P 1 21 1	170	1-28:38-166	2017-07-16	Other	224.2109	0.0001	Unbound	Unbound	97,107,108,109,110,111,137,138,139,162,165,166	GNP,MG	Miniprotein 225-11	None	K:41,3,39,54,40,38,56,71,74,55,5,6,57,68,59,58,72,63,65,67,60,62,61|L:71,67,74,70,3	None	None	None	None	Binder	None	K,L	GNP	MG	None	None	None	None	STP	XRAY	1.910	0.187	GGGGMTEYKLVVVGAVGVGKSALTIQLIQNHFVDEYDPTIEPSYRKQVVIDGETCLLDILDTAGQEEYSAMRDQYMRTGEGFLCVFAINNTKSFEDIHHYREQIKRVKDSEDVPMVLVGNKCDLPSRTVDTKQAQDLARSYGIPFIETSAKTRQGVDDAFYTLVREIRKH	True	40.549	232.525	48.213	90.00	90.16	90.00	/Users/mitchellparker/Desktop/rascore_build/core/5wheJ_core.cif	/Users/mitchellparker/Desktop/rascore_build/rcsb/5whe.cif.gz	/Users/mitchellparker/Desktop/rascore_build/renum/5whe_renum.cif	/Users/mitchellparker/Desktop/rascore_build/rcsb_assembly/5whe-assembly-1.cif.gz	/Users/mitchellparker/Desktop/rascore_build/renum_assembly/5whe-assembly-1_renum.cif	/Users/mitchellparker/Desktop/rascore_build/sifts/5whe.xml.gz	/Users/mitchellparker/Desktop/rascore_build/pocket/5wheJ_5_pocket.pdb
5wheJ	5whe	0	J	Disordered	Outlier	Disordered	Y71out	P 1 21 1 (CF6)	5wheJ6	6	GTPase KRas	RASK_HUMAN	P01116-2	G12V,D38P	G12,D38	KRAS	3P	G12V	None	None	Binder	None	Other-Unbound	P 1 21 1	170	1-28:38-166	2017-07-16	Other	295.1811	0.0007	Unbound	Unbound	11,12,61,62,86,88,89,92,96	GNP,MG	Miniprotein 225-11	None	K:41,3,39,54,40,38,56,71,74,55,5,6,57,68,59,58,72,63,65,67,60,62,61|L:71,67,74,70,3	None	None	None	None	Binder	None	K,L	GNP	MG	None	None	None	None	STP	XRAY	1.910	0.187	GGGGMTEYKLVVVGAVGVGKSALTIQLIQNHFVDEYDPTIEPSYRKQVVIDGETCLLDILDTAGQEEYSAMRDQYMRTGEGFLCVFAINNTKSFEDIHHYREQIKRVKDSEDVPMVLVGNKCDLPSRTVDTKQAQDLARSYGIPFIETSAKTRQGVDDAFYTLVREIRKH	True	40.549	232.525	48.213	90.00	90.16	90.00	/Users/mitchellparker/Desktop/rascore_build/core/5wheJ_core.cif	/Users/mitchellparker/Desktop/rascore_build/rcsb/5whe.cif.gz	/Users/mitchellparker/Desktop/rascore_build/renum/5whe_renum.cif	/Users/mitchellparker/Desktop/rascore_build/rcsb_assembly/5whe-assembly-1.cif.gz	/Users/mitchellparker/Desktop/rascore_build/renum_assembly/5whe-assembly-1_renum.cif	/Users/mitchellparker/Desktop/rascore_build/sifts/5whe.xml.gz	/Users/mitchellparker/Desktop/rascore_build/pocket/5wheJ_6_pocket.pdb
5wheJ	5whe	0	J	Disordered	Outlier	Disordered	Y71out	P 1 21 1 (CF6)	5wheJ7	7	GTPase KRas	RASK_HUMAN	P01116-2	G12V,D38P	G12,D38	KRAS	3P	G12V	None	None	Binder	None	Other-Unbound	P 1 21 1	170	1-28:38-166	2017-07-16	Other	207.9103	0.0024	Unbound	Unbound	76,104,106,108,109,110,166	GNP,MG	Miniprotein 225-11	None	K:41,3,39,54,40,38,56,71,74,55,5,6,57,68,59,58,72,63,65,67,60,62,61|L:71,67,74,70,3	None	None	None	None	Binder	None	K,L	GNP	MG	None	None	None	None	STP	XRAY	1.910	0.187	GGGGMTEYKLVVVGAVGVGKSALTIQLIQNHFVDEYDPTIEPSYRKQVVIDGETCLLDILDTAGQEEYSAMRDQYMRTGEGFLCVFAINNTKSFEDIHHYREQIKRVKDSEDVPMVLVGNKCDLPSRTVDTKQAQDLARSYGIPFIETSAKTRQGVDDAFYTLVREIRKH	True	40.549	232.525	48.213	90.00	90.16	90.00	/Users/mitchellparker/Desktop/rascore_build/core/5wheJ_core.cif	/Users/mitchellparker/Desktop/rascore_build/rcsb/5whe.cif.gz	/Users/mitchellparker/Desktop/rascore_build/renum/5whe_renum.cif	/Users/mitchellparker/Desktop/rascore_build/rcsb_assembly/5whe-assembly-1.cif.gz	/Users/mitchellparker/Desktop/rascore_build/renum_assembly/5whe-assembly-1_renum.cif	/Users/mitchellparker/Desktop/rascore_build/sifts/5whe.xml.gz	/Users/mitchellparker/Desktop/rascore_build/pocket/5wheJ_7_pocket.pdb
5wlbA	5wlb	0	A	Disordered	Outlier	Disordered	Y71out	P 1 21 1 (CF8)	5wlbA2	2	GTPase KRas	RASK_HUMAN	P01116-2	G12V	G12	KRAS	3P	G12V	None	None	Binder	None	Other-Unbound	P 1 21 1	166	1-30:38-166	2017-07-26	Other	214.5435	0.0167	Unbound	Unbound	76,104,106,108,109,110,163,166	GNP,MG,PG4	225-15 a,225-15 b	None	B:41,3,39,54,5,74,40,38,56,71,7,55,6,57,68,58,59,65,17|C:67,71,70,74,3	None	None	None	None	Binder	None	B,C	GNP	MG	None	PG4	None	None	STP	XRAY	1.720	0.194	MTEYKLVVVGAVGVGKSALTIQLIQNHFVDEYDPTIEDSYRKQVVIDGETCLLDILDTAGQEEYSAMRDQYMRTGEGFLCVFAINNTKSFEDIHHYREQIKRVKDSEDVPMVLVGNKCDLPSRTVDTKQAQDLARSYGIPFIETSAKTRQGVDDAFYTLVREIRKH	True	38.145	86.843	71.038	90.00	103.57	90.00	/Users/mitchellparker/Desktop/rascore_build/core/5wlbA_core.cif	/Users/mitchellparker/Desktop/rascore_build/rcsb/5wlb.cif.gz	/Users/mitchellparker/Desktop/rascore_build/renum/5wlb_renum.cif	/Users/mitchellparker/Desktop/rascore_build/rcsb_assembly/5wlb-assembly-2.cif.gz	/Users/mitchellparker/Desktop/rascore_build/renum_assembly/5wlb-assembly-2_renum.cif	/Users/mitchellparker/Desktop/rascore_build/sifts/5wlb.xml.gz	/Users/mitchellparker/Desktop/rascore_build/pocket/5wlbA_2_pocket.pdb
5wlbA	5wlb	0	A	Disordered	Outlier	Disordered	Y71out	P 1 21 1 (CF8)	5wlbA3	3	GTPase KRas	RASK_HUMAN	P01116-2	G12V	G12	KRAS	3P	G12V	None	None	Binder	None	Other-Unbound	P 1 21 1	166	1-30:38-166	2017-07-26	Other	189.4476	0.0014	Unbound	Unbound	17,20,21,25,38,39,40,57	GNP,MG,PG4	225-15 a,225-15 b	None	B:41,3,39,54,5,74,40,38,56,71,7,55,6,57,68,58,59,65,17|C:67,71,70,74,3	None	None	None	None	Binder	None	B,C	GNP	MG	None	PG4	None	None	STP	XRAY	1.720	0.194	MTEYKLVVVGAVGVGKSALTIQLIQNHFVDEYDPTIEDSYRKQVVIDGETCLLDILDTAGQEEYSAMRDQYMRTGEGFLCVFAINNTKSFEDIHHYREQIKRVKDSEDVPMVLVGNKCDLPSRTVDTKQAQDLARSYGIPFIETSAKTRQGVDDAFYTLVREIRKH	True	38.145	86.843	71.038	90.00	103.57	90.00	/Users/mitchellparker/Desktop/rascore_build/core/5wlbA_core.cif	/Users/mitchellparker/Desktop/rascore_build/rcsb/5wlb.cif.gz	/Users/mitchellparker/Desktop/rascore_build/renum/5wlb_renum.cif	/Users/mitchellparker/Desktop/rascore_build/rcsb_assembly/5wlb-assembly-2.cif.gz	/Users/mitchellparker/Desktop/rascore_build/renum_assembly/5wlb-assembly-2_renum.cif	/Users/mitchellparker/Desktop/rascore_build/sifts/5wlb.xml.gz	/Users/mitchellparker/Desktop/rascore_build/pocket/5wlbA_3_pocket.pdb
5wlbD	5wlb	0	D	Disordered	Outlier	Disordered	Y71out	P 1 21 1 (CF8)	5wlbD3	3	GTPase KRas	RASK_HUMAN	P01116-2	G12V	G12	KRAS	3P	G12V	None	None	Binder	None	Other-Unbound	P 1 21 1	166	1-30:34-166	2017-07-26	Other	227.8856	0.0003	Unbound	Unbound	98,101,102,105,106,107	GNP,MG	225-15 a,225-15 b	None	E:38,41,3,39,54,5,74,40,56,71,55,6,57,68,59,58,65,17,37|F:71,67,70,74	None	None	None	None	Binder	None	E,F	GNP	MG	None	None	None	None	STP	XRAY	1.720	0.194	MTEYKLVVVGAVGVGKSALTIQLIQNHFVDEYDPTIEDSYRKQVVIDGETCLLDILDTAGQEEYSAMRDQYMRTGEGFLCVFAINNTKSFEDIHHYREQIKRVKDSEDVPMVLVGNKCDLPSRTVDTKQAQDLARSYGIPFIETSAKTRQGVDDAFYTLVREIRKH	True	38.145	86.843	71.038	90.00	103.57	90.00	/Users/mitchellparker/Desktop/rascore_build/core/5wlbD_core.cif	/Users/mitchellparker/Desktop/rascore_build/rcsb/5wlb.cif.gz	/Users/mitchellparker/Desktop/rascore_build/renum/5wlb_renum.cif	/Users/mitchellparker/Desktop/rascore_build/rcsb_assembly/5wlb-assembly-2.cif.gz	/Users/mitchellparker/Desktop/rascore_build/renum_assembly/5wlb-assembly-2_renum.cif	/Users/mitchellparker/Desktop/rascore_build/sifts/5wlb.xml.gz	/Users/mitchellparker/Desktop/rascore_build/pocket/5wlbD_3_pocket.pdb
5wlbD	5wlb	0	D	Disordered	Outlier	Disordered	Y71out	P 1 21 1 (CF8)	5wlbD4	4	GTPase KRas	RASK_HUMAN	P01116-2	G12V	G12	KRAS	3P	G12V	None	None	Binder	None	Other-Unbound	P 1 21 1	166	1-30:34-166	2017-07-26	Other	258.4790	0.0001	Unbound	Unbound	97,107,108,109,110,137,138,139,162,165,166	GNP,MG	225-15 a,225-15 b	None	E:38,41,3,39,54,5,74,40,56,71,55,6,57,68,59,58,65,17,37|F:71,67,70,74	None	None	None	None	Binder	None	E,F	GNP	MG	None	None	None	None	STP	XRAY	1.720	0.194	MTEYKLVVVGAVGVGKSALTIQLIQNHFVDEYDPTIEDSYRKQVVIDGETCLLDILDTAGQEEYSAMRDQYMRTGEGFLCVFAINNTKSFEDIHHYREQIKRVKDSEDVPMVLVGNKCDLPSRTVDTKQAQDLARSYGIPFIETSAKTRQGVDDAFYTLVREIRKH	True	38.145	86.843	71.038	90.00	103.57	90.00	/Users/mitchellparker/Desktop/rascore_build/core/5wlbD_core.cif	/Users/mitchellparker/Desktop/rascore_build/rcsb/5wlb.cif.gz	/Users/mitchellparker/Desktop/rascore_build/renum/5wlb_renum.cif	/Users/mitchellparker/Desktop/rascore_build/rcsb_assembly/5wlb-assembly-2.cif.gz	/Users/mitchellparker/Desktop/rascore_build/renum_assembly/5wlb-assembly-2_renum.cif	/Users/mitchellparker/Desktop/rascore_build/sifts/5wlb.xml.gz	/Users/mitchellparker/Desktop/rascore_build/pocket/5wlbD_4_pocket.pdb
5wplA	5wpl	0	A	Outlier	Outlier	Y32out	Y71out	P 1 21 1 (CF6)	5wplA2	2	GTPase HRas	RASH_HUMAN	P01112	G12V,A121P,A122S,Q165K	G12,A121,A122,Q165	HRAS	3P	G12V	None	None	Binder	None	Other-Unbound	P 1 21 1	166	2-166	2017-08-05	Other	307.3054	0.0038	Unbound	Unbound	18,21,27,28,29,30	GNP,MG,CA,CA,CA	Ras-binding peptide	None	B:37,35,41,3,39,54,5,74,40,38,56,71,55,6,57,68,59,58,72,63,65,61,67|C:67,71,70,74,5	None	None	None	None	Binder	None	B,C	GNP	MG	None	CA	None	None	STP	XRAY	2.150	0.207	MTEYKLVVVGAVGVGKSALTIQLIQNHFVDEYDPTIEDSYRKQVVIDGETCLLDILDTAGQEEYSAMRDQYMRTGEGFLCVFAINNTKSFEDIHQYREQIKRVKDSDDVPMVLVGNKCDLPSRTVESRQAQDLARSYGIPYIETSAKTRQGVEDAFYTLVREIRKH	True	40.861	234.507	48.143	90.000	90.130	90.000	/Users/mitchellparker/Desktop/rascore_build/core/5wplA_core.cif	/Users/mitchellparker/Desktop/rascore_build/rcsb/5wpl.cif.gz	/Users/mitchellparker/Desktop/rascore_build/renum/5wpl_renum.cif	/Users/mitchellparker/Desktop/rascore_build/rcsb_assembly/5wpl-assembly-1.cif.gz	/Users/mitchellparker/Desktop/rascore_build/renum_assembly/5wpl-assembly-1_renum.cif	/Users/mitchellparker/Desktop/rascore_build/sifts/5wpl.xml.gz	/Users/mitchellparker/Desktop/rascore_build/pocket/5wplA_2_pocket.pdb
5wplA	5wpl	0	A	Outlier	Outlier	Y32out	Y71out	P 1 21 1 (CF6)	5wplA3	3	GTPase HRas	RASH_HUMAN	P01112	G12V,A121P,A122S,Q165K	G12,A121,A122,Q165	HRAS	3P	G12V	None	None	Binder	None	Other-Unbound	P 1 21 1	166	2-166	2017-08-05	Other	381.5082	0.0000	Unbound	Unbound	98,101,102,105,106,107	GNP,MG,CA,CA,CA	Ras-binding peptide	None	B:37,35,41,3,39,54,5,74,40,38,56,71,55,6,57,68,59,58,72,63,65,61,67|C:67,71,70,74,5	None	None	None	None	Binder	None	B,C	GNP	MG	None	CA	None	None	STP	XRAY	2.150	0.207	MTEYKLVVVGAVGVGKSALTIQLIQNHFVDEYDPTIEDSYRKQVVIDGETCLLDILDTAGQEEYSAMRDQYMRTGEGFLCVFAINNTKSFEDIHQYREQIKRVKDSDDVPMVLVGNKCDLPSRTVESRQAQDLARSYGIPYIETSAKTRQGVEDAFYTLVREIRKH	True	40.861	234.507	48.143	90.000	90.130	90.000	/Users/mitchellparker/Desktop/rascore_build/core/5wplA_core.cif	/Users/mitchellparker/Desktop/rascore_build/rcsb/5wpl.cif.gz	/Users/mitchellparker/Desktop/rascore_build/renum/5wpl_renum.cif	/Users/mitchellparker/Desktop/rascore_build/rcsb_assembly/5wpl-assembly-1.cif.gz	/Users/mitchellparker/Desktop/rascore_build/renum_assembly/5wpl-assembly-1_renum.cif	/Users/mitchellparker/Desktop/rascore_build/sifts/5wpl.xml.gz	/Users/mitchellparker/Desktop/rascore_build/pocket/5wplA_3_pocket.pdb
5wplA	5wpl	0	A	Outlier	Outlier	Y32out	Y71out	P 1 21 1 (CF6)	5wplA4	4	GTPase HRas	RASH_HUMAN	P01112	G12V,A121P,A122S,Q165K	G12,A121,A122,Q165	HRAS	3P	G12V	None	None	Binder	None	Other-Unbound	P 1 21 1	166	2-166	2017-08-05	Other	321.9290	0.0003	Unbound	Unbound	11,12,60,61,62,86,88,89,92,96	GNP,MG,CA,CA,CA	Ras-binding peptide	None	B:37,35,41,3,39,54,5,74,40,38,56,71,55,6,57,68,59,58,72,63,65,61,67|C:67,71,70,74,5	None	None	None	None	Binder	None	B,C	GNP	MG	None	CA	None	None	STP	XRAY	2.150	0.207	MTEYKLVVVGAVGVGKSALTIQLIQNHFVDEYDPTIEDSYRKQVVIDGETCLLDILDTAGQEEYSAMRDQYMRTGEGFLCVFAINNTKSFEDIHQYREQIKRVKDSDDVPMVLVGNKCDLPSRTVESRQAQDLARSYGIPYIETSAKTRQGVEDAFYTLVREIRKH	True	40.861	234.507	48.143	90.000	90.130	90.000	/Users/mitchellparker/Desktop/rascore_build/core/5wplA_core.cif	/Users/mitchellparker/Desktop/rascore_build/rcsb/5wpl.cif.gz	/Users/mitchellparker/Desktop/rascore_build/renum/5wpl_renum.cif	/Users/mitchellparker/Desktop/rascore_build/rcsb_assembly/5wpl-assembly-1.cif.gz	/Users/mitchellparker/Desktop/rascore_build/renum_assembly/5wpl-assembly-1_renum.cif	/Users/mitchellparker/Desktop/rascore_build/sifts/5wpl.xml.gz	/Users/mitchellparker/Desktop/rascore_build/pocket/5wplA_4_pocket.pdb
5wplA	5wpl	0	A	Outlier	Outlier	Y32out	Y71out	P 1 21 1 (CF6)	5wplA5	5	GTPase HRas	RASH_HUMAN	P01112	G12V,A121P,A122S,Q165K	G12,A121,A122,Q165	HRAS	3P	G12V	None	None	Binder	None	Other-Unbound	P 1 21 1	166	2-166	2017-08-05	Other	334.8803	0.0027	Unbound	Unbound	76,104,106,108,109,110,163,166	GNP,MG,CA,CA,CA	Ras-binding peptide	None	B:37,35,41,3,39,54,5,74,40,38,56,71,55,6,57,68,59,58,72,63,65,61,67|C:67,71,70,74,5	None	None	None	None	Binder	None	B,C	GNP	MG	None	CA	None	None	STP	XRAY	2.150	0.207	MTEYKLVVVGAVGVGKSALTIQLIQNHFVDEYDPTIEDSYRKQVVIDGETCLLDILDTAGQEEYSAMRDQYMRTGEGFLCVFAINNTKSFEDIHQYREQIKRVKDSDDVPMVLVGNKCDLPSRTVESRQAQDLARSYGIPYIETSAKTRQGVEDAFYTLVREIRKH	True	40.861	234.507	48.143	90.000	90.130	90.000	/Users/mitchellparker/Desktop/rascore_build/core/5wplA_core.cif	/Users/mitchellparker/Desktop/rascore_build/rcsb/5wpl.cif.gz	/Users/mitchellparker/Desktop/rascore_build/renum/5wpl_renum.cif	/Users/mitchellparker/Desktop/rascore_build/rcsb_assembly/5wpl-assembly-1.cif.gz	/Users/mitchellparker/Desktop/rascore_build/renum_assembly/5wpl-assembly-1_renum.cif	/Users/mitchellparker/Desktop/rascore_build/sifts/5wpl.xml.gz	/Users/mitchellparker/Desktop/rascore_build/pocket/5wplA_5_pocket.pdb
5wplA	5wpl	0	A	Outlier	Outlier	Y32out	Y71out	P 1 21 1 (CF6)	5wplA6	6	GTPase HRas	RASH_HUMAN	P01112	G12V,A121P,A122S,Q165K	G12,A121,A122,Q165	HRAS	3P	G12V	None	None	Binder	None	Other-Unbound	P 1 21 1	166	2-166	2017-08-05	Other	259.7756	0.0000	Unbound	Unbound	97,107,108,109,110,111,137,138,139,162,165,166	GNP,MG,CA,CA,CA	Ras-binding peptide	None	B:37,35,41,3,39,54,5,74,40,38,56,71,55,6,57,68,59,58,72,63,65,61,67|C:67,71,70,74,5	None	None	None	None	Binder	None	B,C	GNP	MG	None	CA	None	None	STP	XRAY	2.150	0.207	MTEYKLVVVGAVGVGKSALTIQLIQNHFVDEYDPTIEDSYRKQVVIDGETCLLDILDTAGQEEYSAMRDQYMRTGEGFLCVFAINNTKSFEDIHQYREQIKRVKDSDDVPMVLVGNKCDLPSRTVESRQAQDLARSYGIPYIETSAKTRQGVEDAFYTLVREIRKH	True	40.861	234.507	48.143	90.000	90.130	90.000	/Users/mitchellparker/Desktop/rascore_build/core/5wplA_core.cif	/Users/mitchellparker/Desktop/rascore_build/rcsb/5wpl.cif.gz	/Users/mitchellparker/Desktop/rascore_build/renum/5wpl_renum.cif	/Users/mitchellparker/Desktop/rascore_build/rcsb_assembly/5wpl-assembly-1.cif.gz	/Users/mitchellparker/Desktop/rascore_build/renum_assembly/5wpl-assembly-1_renum.cif	/Users/mitchellparker/Desktop/rascore_build/sifts/5wpl.xml.gz	/Users/mitchellparker/Desktop/rascore_build/pocket/5wplA_6_pocket.pdb
5wplA	5wpl	0	A	Outlier	Outlier	Y32out	Y71out	P 1 21 1 (CF6)	5wplA7	7	GTPase HRas	RASH_HUMAN	P01112	G12V,A121P,A122S,Q165K	G12,A121,A122,Q165	HRAS	3P	G12V	None	None	Binder	None	Other-Unbound	P 1 21 1	166	2-166	2017-08-05	Other	209.0151	0.0001	Unbound	Unbound	131,134,135,139,140,141	GNP,MG,CA,CA,CA	Ras-binding peptide	None	B:37,35,41,3,39,54,5,74,40,38,56,71,55,6,57,68,59,58,72,63,65,61,67|C:67,71,70,74,5	None	None	None	None	Binder	None	B,C	GNP	MG	None	CA	None	None	STP	XRAY	2.150	0.207	MTEYKLVVVGAVGVGKSALTIQLIQNHFVDEYDPTIEDSYRKQVVIDGETCLLDILDTAGQEEYSAMRDQYMRTGEGFLCVFAINNTKSFEDIHQYREQIKRVKDSDDVPMVLVGNKCDLPSRTVESRQAQDLARSYGIPYIETSAKTRQGVEDAFYTLVREIRKH	True	40.861	234.507	48.143	90.000	90.130	90.000	/Users/mitchellparker/Desktop/rascore_build/core/5wplA_core.cif	/Users/mitchellparker/Desktop/rascore_build/rcsb/5wpl.cif.gz	/Users/mitchellparker/Desktop/rascore_build/renum/5wpl_renum.cif	/Users/mitchellparker/Desktop/rascore_build/rcsb_assembly/5wpl-assembly-1.cif.gz	/Users/mitchellparker/Desktop/rascore_build/renum_assembly/5wpl-assembly-1_renum.cif	/Users/mitchellparker/Desktop/rascore_build/sifts/5wpl.xml.gz	/Users/mitchellparker/Desktop/rascore_build/pocket/5wplA_7_pocket.pdb
5wplD	5wpl	0	D	Disordered	Outlier	Disordered	Y71out	P 1 21 1 (CF6)	5wplD3	3	GTPase HRas	RASH_HUMAN	P01112	G12V,A121P,A122S,Q165K	G12,A121,A122,Q165	HRAS	3P	G12V	None	None	Binder	None	Other-Unbound	P 1 21 1	166	2-28:38-166	2017-08-05	Other	215.1864	0.0012	Unbound	Unbound	76,104,106,108,109,110,163,166	GNP,MG,CA	Ras-binding peptide	None	E:41,3,39,54,5,40,38,56,71,74,7,6,55,57,68,59,58,72,63,65,61,62,60,67|F:67,71,70,74	None	None	None	None	Binder	None	E,F	GNP	MG	None	CA	None	None	STP	XRAY	2.150	0.207	MTEYKLVVVGAVGVGKSALTIQLIQNHFVDEYDPTIEDSYRKQVVIDGETCLLDILDTAGQEEYSAMRDQYMRTGEGFLCVFAINNTKSFEDIHQYREQIKRVKDSDDVPMVLVGNKCDLPSRTVESRQAQDLARSYGIPYIETSAKTRQGVEDAFYTLVREIRKH	True	40.861	234.507	48.143	90.000	90.130	90.000	/Users/mitchellparker/Desktop/rascore_build/core/5wplD_core.cif	/Users/mitchellparker/Desktop/rascore_build/rcsb/5wpl.cif.gz	/Users/mitchellparker/Desktop/rascore_build/renum/5wpl_renum.cif	/Users/mitchellparker/Desktop/rascore_build/rcsb_assembly/5wpl-assembly-1.cif.gz	/Users/mitchellparker/Desktop/rascore_build/renum_assembly/5wpl-assembly-1_renum.cif	/Users/mitchellparker/Desktop/rascore_build/sifts/5wpl.xml.gz	/Users/mitchellparker/Desktop/rascore_build/pocket/5wplD_3_pocket.pdb
5wplD	5wpl	0	D	Disordered	Outlier	Disordered	Y71out	P 1 21 1 (CF6)	5wplD4	4	GTPase HRas	RASH_HUMAN	P01112	G12V,A121P,A122S,Q165K	G12,A121,A122,Q165	HRAS	3P	G12V	None	None	Binder	None	Other-Unbound	P 1 21 1	166	2-28:38-166	2017-08-05	Other	155.4071	0.0001	Unbound	Unbound	45,46,47,154,157,158,161	GNP,MG,CA	Ras-binding peptide	None	E:41,3,39,54,5,40,38,56,71,74,7,6,55,57,68,59,58,72,63,65,61,62,60,67|F:67,71,70,74	None	None	None	None	Binder	None	E,F	GNP	MG	None	CA	None	None	STP	XRAY	2.150	0.207	MTEYKLVVVGAVGVGKSALTIQLIQNHFVDEYDPTIEDSYRKQVVIDGETCLLDILDTAGQEEYSAMRDQYMRTGEGFLCVFAINNTKSFEDIHQYREQIKRVKDSDDVPMVLVGNKCDLPSRTVESRQAQDLARSYGIPYIETSAKTRQGVEDAFYTLVREIRKH	True	40.861	234.507	48.143	90.000	90.130	90.000	/Users/mitchellparker/Desktop/rascore_build/core/5wplD_core.cif	/Users/mitchellparker/Desktop/rascore_build/rcsb/5wpl.cif.gz	/Users/mitchellparker/Desktop/rascore_build/renum/5wpl_renum.cif	/Users/mitchellparker/Desktop/rascore_build/rcsb_assembly/5wpl-assembly-1.cif.gz	/Users/mitchellparker/Desktop/rascore_build/renum_assembly/5wpl-assembly-1_renum.cif	/Users/mitchellparker/Desktop/rascore_build/sifts/5wpl.xml.gz	/Users/mitchellparker/Desktop/rascore_build/pocket/5wplD_4_pocket.pdb
5wplJ	5wpl	0	J	Disordered	Outlier	Disordered	Y71out	P 1 21 1 (CF6)	5wplJ2	2	GTPase HRas	RASH_HUMAN	P01112	G12V,A121P,A122S,Q165K	G12,A121,A122,Q165	HRAS	3P	G12V	None	None	Binder	None	Other-Unbound	P 1 21 1	166	2-28:38-166	2017-08-05	Other	225.6731	0.0007	Unbound	Unbound	45,46,47,154,157,158,161	GNP,MG,CA,CA	Ras-binding peptide	None	K:41,3,39,54,5,74,40,38,56,71,55,6,57,68,59,58,72,63,65,60,62,61|L:67,71,70,74,5	None	None	None	None	Binder	None	K,L	GNP	MG	None	CA	None	None	STP	XRAY	2.150	0.207	MTEYKLVVVGAVGVGKSALTIQLIQNHFVDEYDPTIEDSYRKQVVIDGETCLLDILDTAGQEEYSAMRDQYMRTGEGFLCVFAINNTKSFEDIHQYREQIKRVKDSDDVPMVLVGNKCDLPSRTVESRQAQDLARSYGIPYIETSAKTRQGVEDAFYTLVREIRKH	True	40.861	234.507	48.143	90.000	90.130	90.000	/Users/mitchellparker/Desktop/rascore_build/core/5wplJ_core.cif	/Users/mitchellparker/Desktop/rascore_build/rcsb/5wpl.cif.gz	/Users/mitchellparker/Desktop/rascore_build/renum/5wpl_renum.cif	/Users/mitchellparker/Desktop/rascore_build/rcsb_assembly/5wpl-assembly-1.cif.gz	/Users/mitchellparker/Desktop/rascore_build/renum_assembly/5wpl-assembly-1_renum.cif	/Users/mitchellparker/Desktop/rascore_build/sifts/5wpl.xml.gz	/Users/mitchellparker/Desktop/rascore_build/pocket/5wplJ_2_pocket.pdb
5wplJ	5wpl	0	J	Disordered	Outlier	Disordered	Y71out	P 1 21 1 (CF6)	5wplJ3	3	GTPase HRas	RASH_HUMAN	P01112	G12V,A121P,A122S,Q165K	G12,A121,A122,Q165	HRAS	3P	G12V	None	None	Binder	None	Other-Unbound	P 1 21 1	166	2-28:38-166	2017-08-05	Other	358.1694	0.0010	Unbound	Unbound	4,47,49,161,164,165	GNP,MG,CA,CA	Ras-binding peptide	None	K:41,3,39,54,5,74,40,38,56,71,55,6,57,68,59,58,72,63,65,60,62,61|L:67,71,70,74,5	None	None	None	None	Binder	None	K,L	GNP	MG	None	CA	None	None	STP	XRAY	2.150	0.207	MTEYKLVVVGAVGVGKSALTIQLIQNHFVDEYDPTIEDSYRKQVVIDGETCLLDILDTAGQEEYSAMRDQYMRTGEGFLCVFAINNTKSFEDIHQYREQIKRVKDSDDVPMVLVGNKCDLPSRTVESRQAQDLARSYGIPYIETSAKTRQGVEDAFYTLVREIRKH	True	40.861	234.507	48.143	90.000	90.130	90.000	/Users/mitchellparker/Desktop/rascore_build/core/5wplJ_core.cif	/Users/mitchellparker/Desktop/rascore_build/rcsb/5wpl.cif.gz	/Users/mitchellparker/Desktop/rascore_build/renum/5wpl_renum.cif	/Users/mitchellparker/Desktop/rascore_build/rcsb_assembly/5wpl-assembly-1.cif.gz	/Users/mitchellparker/Desktop/rascore_build/renum_assembly/5wpl-assembly-1_renum.cif	/Users/mitchellparker/Desktop/rascore_build/sifts/5wpl.xml.gz	/Users/mitchellparker/Desktop/rascore_build/pocket/5wplJ_3_pocket.pdb
5wplJ	5wpl	0	J	Disordered	Outlier	Disordered	Y71out	P 1 21 1 (CF6)	5wplJ4	4	GTPase HRas	RASH_HUMAN	P01112	G12V,A121P,A122S,Q165K	G12,A121,A122,Q165	HRAS	3P	G12V	None	None	Binder	None	Other-Unbound	P 1 21 1	166	2-28:38-166	2017-08-05	Other	243.0706	0.0001	Unbound	Unbound	97,107,108,109,110,111,137,138,139,162,165,166	GNP,MG,CA,CA	Ras-binding peptide	None	K:41,3,39,54,5,74,40,38,56,71,55,6,57,68,59,58,72,63,65,60,62,61|L:67,71,70,74,5	None	None	None	None	Binder	None	K,L	GNP	MG	None	CA	None	None	STP	XRAY	2.150	0.207	MTEYKLVVVGAVGVGKSALTIQLIQNHFVDEYDPTIEDSYRKQVVIDGETCLLDILDTAGQEEYSAMRDQYMRTGEGFLCVFAINNTKSFEDIHQYREQIKRVKDSDDVPMVLVGNKCDLPSRTVESRQAQDLARSYGIPYIETSAKTRQGVEDAFYTLVREIRKH	True	40.861	234.507	48.143	90.000	90.130	90.000	/Users/mitchellparker/Desktop/rascore_build/core/5wplJ_core.cif	/Users/mitchellparker/Desktop/rascore_build/rcsb/5wpl.cif.gz	/Users/mitchellparker/Desktop/rascore_build/renum/5wpl_renum.cif	/Users/mitchellparker/Desktop/rascore_build/rcsb_assembly/5wpl-assembly-1.cif.gz	/Users/mitchellparker/Desktop/rascore_build/renum_assembly/5wpl-assembly-1_renum.cif	/Users/mitchellparker/Desktop/rascore_build/sifts/5wpl.xml.gz	/Users/mitchellparker/Desktop/rascore_build/pocket/5wplJ_4_pocket.pdb
5wplJ	5wpl	0	J	Disordered	Outlier	Disordered	Y71out	P 1 21 1 (CF6)	5wplJ5	5	GTPase HRas	RASH_HUMAN	P01112	G12V,A121P,A122S,Q165K	G12,A121,A122,Q165	HRAS	3P	G12V	None	None	Binder	None	Other-Unbound	P 1 21 1	166	2-28:38-166	2017-08-05	Other	362.4272	0.0026	Unbound	Unbound	76,104,106,108,109,110,163,166	GNP,MG,CA,CA	Ras-binding peptide	None	K:41,3,39,54,5,74,40,38,56,71,55,6,57,68,59,58,72,63,65,60,62,61|L:67,71,70,74,5	None	None	None	None	Binder	None	K,L	GNP	MG	None	CA	None	None	STP	XRAY	2.150	0.207	MTEYKLVVVGAVGVGKSALTIQLIQNHFVDEYDPTIEDSYRKQVVIDGETCLLDILDTAGQEEYSAMRDQYMRTGEGFLCVFAINNTKSFEDIHQYREQIKRVKDSDDVPMVLVGNKCDLPSRTVESRQAQDLARSYGIPYIETSAKTRQGVEDAFYTLVREIRKH	True	40.861	234.507	48.143	90.000	90.130	90.000	/Users/mitchellparker/Desktop/rascore_build/core/5wplJ_core.cif	/Users/mitchellparker/Desktop/rascore_build/rcsb/5wpl.cif.gz	/Users/mitchellparker/Desktop/rascore_build/renum/5wpl_renum.cif	/Users/mitchellparker/Desktop/rascore_build/rcsb_assembly/5wpl-assembly-1.cif.gz	/Users/mitchellparker/Desktop/rascore_build/renum_assembly/5wpl-assembly-1_renum.cif	/Users/mitchellparker/Desktop/rascore_build/sifts/5wpl.xml.gz	/Users/mitchellparker/Desktop/rascore_build/pocket/5wplJ_5_pocket.pdb
5wpmA	5wpm	0	A	Disordered	Outlier	Disordered	Y71out	P 1 21 1 (CF7)	5wpmA2	2	GTPase KRas	RASK_HUMAN	P01116-2	G12V	G12	KRAS	3P	G12V	None	None	Binder	None	Other-Unbound	P 1 21 1	166	1-28:38-105:108-164	2017-08-05	Other	284.8816	0.0004	Unbound	Unbound	123,126,127,128,129	GNP,MG,MG	Ras binding peptide	None	B:40,41,3,39,5,54,38,56,71,74,55,6,57,68,58,59,65,67,72|C:71,67,74,5	None	None	None	None	Binder	None	B,C	GNP	MG	None	None	None	None	STP	XRAY	1.720	0.237	MTEYKLVVVGAVGVGKSALTIQLIQNHFVDEYDPTIEDSYRKQVVIDGETCLLDILDTAGQEEYSAMRDQYMRTGEGFLCVFAINNTKSFEDIHHYREQIKRVKDSEDVPMVLVGNKCDLPSRTVDTKQAQDLARSYGIPFIETSAKTRQGVDDAFYTLVREIRKH	True	41.934	37.810	70.179	90.000	103.380	90.000	/Users/mitchellparker/Desktop/rascore_build/core/5wpmA_core.cif	/Users/mitchellparker/Desktop/rascore_build/rcsb/5wpm.cif.gz	/Users/mitchellparker/Desktop/rascore_build/renum/5wpm_renum.cif	/Users/mitchellparker/Desktop/rascore_build/rcsb_assembly/5wpm-assembly-1.cif.gz	/Users/mitchellparker/Desktop/rascore_build/renum_assembly/5wpm-assembly-1_renum.cif	/Users/mitchellparker/Desktop/rascore_build/sifts/5wpm.xml.gz	/Users/mitchellparker/Desktop/rascore_build/pocket/5wpmA_2_pocket.pdb
5wpmA	5wpm	0	A	Disordered	Outlier	Disordered	Y71out	P 1 21 1 (CF7)	5wpmA3	3	GTPase KRas	RASK_HUMAN	P01116-2	G12V	G12	KRAS	3P	G12V	None	None	Binder	None	Other-Unbound	P 1 21 1	166	1-28:38-105:108-164	2017-08-05	Other	212.9781	0.0002	Unbound	Unbound	11,12,60,86,88,89,92,96	GNP,MG,MG	Ras binding peptide	None	B:40,41,3,39,5,54,38,56,71,74,55,6,57,68,58,59,65,67,72|C:71,67,74,5	None	None	None	None	Binder	None	B,C	GNP	MG	None	None	None	None	STP	XRAY	1.720	0.237	MTEYKLVVVGAVGVGKSALTIQLIQNHFVDEYDPTIEDSYRKQVVIDGETCLLDILDTAGQEEYSAMRDQYMRTGEGFLCVFAINNTKSFEDIHHYREQIKRVKDSEDVPMVLVGNKCDLPSRTVDTKQAQDLARSYGIPFIETSAKTRQGVDDAFYTLVREIRKH	True	41.934	37.810	70.179	90.000	103.380	90.000	/Users/mitchellparker/Desktop/rascore_build/core/5wpmA_core.cif	/Users/mitchellparker/Desktop/rascore_build/rcsb/5wpm.cif.gz	/Users/mitchellparker/Desktop/rascore_build/renum/5wpm_renum.cif	/Users/mitchellparker/Desktop/rascore_build/rcsb_assembly/5wpm-assembly-1.cif.gz	/Users/mitchellparker/Desktop/rascore_build/renum_assembly/5wpm-assembly-1_renum.cif	/Users/mitchellparker/Desktop/rascore_build/sifts/5wpm.xml.gz	/Users/mitchellparker/Desktop/rascore_build/pocket/5wpmA_3_pocket.pdb
5wpmA	5wpm	0	A	Disordered	Outlier	Disordered	Y71out	P 1 21 1 (CF7)	5wpmA4	4	GTPase KRas	RASK_HUMAN	P01116-2	G12V	G12	KRAS	3P	G12V	None	None	Binder	None	Other-Unbound	P 1 21 1	166	1-28:38-105:108-164	2017-08-05	Other	369.1559	0.0003	Unbound	Unbound	62,64,65,66,69,95,99,102	GNP,MG,MG	Ras binding peptide	None	B:40,41,3,39,5,54,38,56,71,74,55,6,57,68,58,59,65,67,72|C:71,67,74,5	None	None	None	None	Binder	None	B,C	GNP	MG	None	None	None	None	STP	XRAY	1.720	0.237	MTEYKLVVVGAVGVGKSALTIQLIQNHFVDEYDPTIEDSYRKQVVIDGETCLLDILDTAGQEEYSAMRDQYMRTGEGFLCVFAINNTKSFEDIHHYREQIKRVKDSEDVPMVLVGNKCDLPSRTVDTKQAQDLARSYGIPFIETSAKTRQGVDDAFYTLVREIRKH	True	41.934	37.810	70.179	90.000	103.380	90.000	/Users/mitchellparker/Desktop/rascore_build/core/5wpmA_core.cif	/Users/mitchellparker/Desktop/rascore_build/rcsb/5wpm.cif.gz	/Users/mitchellparker/Desktop/rascore_build/renum/5wpm_renum.cif	/Users/mitchellparker/Desktop/rascore_build/rcsb_assembly/5wpm-assembly-1.cif.gz	/Users/mitchellparker/Desktop/rascore_build/renum_assembly/5wpm-assembly-1_renum.cif	/Users/mitchellparker/Desktop/rascore_build/sifts/5wpm.xml.gz	/Users/mitchellparker/Desktop/rascore_build/pocket/5wpmA_4_pocket.pdb
5x9sA	5x9s	0	A	Y32in.3P-ON	Y71out.3P-T	Y32in	Y71out	H 3 2 (CF2)	5x9sA2	2	GTPase HRas	RASH_HUMAN	P01112	WT	WT	HRAS	3P	WT	None	None	None	Homodimer	Other-Unbound	H 3 2	192	1-166	2017-03-09	Other	304.4798	0.0037	Unbound	Unbound	90,91,94,129,132,133,137	MG,CA,CA,CA,GNP	None	None	None	None	None	None	None	None	None	None	GNP	MG	None	CA	None	None	STP	XRAY	2.500	0.186	GPLGSDMTEYKLVVVGAGGVGKSALTIQLIQNHFVDEYDPTIEDSYRKQVVIDGETCLLDILDTAGQEEYSAMRDQYMRTGEGFLCVFAINNTKSFEDIHQYREQIKRVKDSDDVPMVLVGNKCDLAARTVESRQAQDLARSYGIPYIETSAKTRQGVEDAFYTLVREIRQHLPKTGNPPDESGPGSMSSKC	True	88.475	88.475	134.047	90.00	90.00	120.00	/Users/mitchellparker/Desktop/rascore_build/core/5x9sA_core.cif	/Users/mitchellparker/Desktop/rascore_build/rcsb/5x9s.cif.gz	/Users/mitchellparker/Desktop/rascore_build/renum/5x9s_renum.cif	/Users/mitchellparker/Desktop/rascore_build/rcsb_assembly/5x9s-assembly-1.cif.gz	/Users/mitchellparker/Desktop/rascore_build/renum_assembly/5x9s-assembly-1_renum.cif	/Users/mitchellparker/Desktop/rascore_build/sifts/5x9s.xml.gz	/Users/mitchellparker/Desktop/rascore_build/pocket/5x9sA_2_pocket.pdb
5x9sA	5x9s	0	A	Y32in.3P-ON	Y71out.3P-T	Y32in	Y71out	H 3 2 (CF2)	5x9sA3	3	GTPase HRas	RASH_HUMAN	P01112	WT	WT	HRAS	3P	WT	None	None	None	Homodimer	Other-Unbound	H 3 2	192	1-166	2017-03-09	Other	135.7099	0.0005	Unbound	Unbound	23,24,26,42,44,53,149,153,157	MG,CA,CA,CA,GNP	None	None	None	None	None	None	None	None	None	None	GNP	MG	None	CA	None	None	STP	XRAY	2.500	0.186	GPLGSDMTEYKLVVVGAGGVGKSALTIQLIQNHFVDEYDPTIEDSYRKQVVIDGETCLLDILDTAGQEEYSAMRDQYMRTGEGFLCVFAINNTKSFEDIHQYREQIKRVKDSDDVPMVLVGNKCDLAARTVESRQAQDLARSYGIPYIETSAKTRQGVEDAFYTLVREIRQHLPKTGNPPDESGPGSMSSKC	True	88.475	88.475	134.047	90.00	90.00	120.00	/Users/mitchellparker/Desktop/rascore_build/core/5x9sA_core.cif	/Users/mitchellparker/Desktop/rascore_build/rcsb/5x9s.cif.gz	/Users/mitchellparker/Desktop/rascore_build/renum/5x9s_renum.cif	/Users/mitchellparker/Desktop/rascore_build/rcsb_assembly/5x9s-assembly-1.cif.gz	/Users/mitchellparker/Desktop/rascore_build/renum_assembly/5x9s-assembly-1_renum.cif	/Users/mitchellparker/Desktop/rascore_build/sifts/5x9s.xml.gz	/Users/mitchellparker/Desktop/rascore_build/pocket/5x9sA_3_pocket.pdb
5x9sA	5x9s	0	A	Y32in.3P-ON	Y71out.3P-T	Y32in	Y71out	H 3 2 (CF2)	5x9sA4	4	GTPase HRas	RASH_HUMAN	P01112	WT	WT	HRAS	3P	WT	None	None	None	Homodimer	Other-Unbound	H 3 2	192	1-166	2017-03-09	Other	372.7730	0.0052	Unbound	Unbound	75,76,104,106,108,109,110,163,166	MG,CA,CA,CA,GNP	None	None	None	None	None	None	None	None	None	None	GNP	MG	None	CA	None	None	STP	XRAY	2.500	0.186	GPLGSDMTEYKLVVVGAGGVGKSALTIQLIQNHFVDEYDPTIEDSYRKQVVIDGETCLLDILDTAGQEEYSAMRDQYMRTGEGFLCVFAINNTKSFEDIHQYREQIKRVKDSDDVPMVLVGNKCDLAARTVESRQAQDLARSYGIPYIETSAKTRQGVEDAFYTLVREIRQHLPKTGNPPDESGPGSMSSKC	True	88.475	88.475	134.047	90.00	90.00	120.00	/Users/mitchellparker/Desktop/rascore_build/core/5x9sA_core.cif	/Users/mitchellparker/Desktop/rascore_build/rcsb/5x9s.cif.gz	/Users/mitchellparker/Desktop/rascore_build/renum/5x9s_renum.cif	/Users/mitchellparker/Desktop/rascore_build/rcsb_assembly/5x9s-assembly-1.cif.gz	/Users/mitchellparker/Desktop/rascore_build/renum_assembly/5x9s-assembly-1_renum.cif	/Users/mitchellparker/Desktop/rascore_build/sifts/5x9s.xml.gz	/Users/mitchellparker/Desktop/rascore_build/pocket/5x9sA_4_pocket.pdb
5x9sA	5x9s	0	A	Y32in.3P-ON	Y71out.3P-T	Y32in	Y71out	H 3 2 (CF2)	5x9sA5	5	GTPase HRas	RASH_HUMAN	P01112	WT	WT	HRAS	3P	WT	None	None	None	Homodimer	Other-Unbound	H 3 2	192	1-166	2017-03-09	Other	227.1929	0.0001	Unbound	Unbound	107,108,109,110,111,137,138,139,162,165,166	MG,CA,CA,CA,GNP	None	None	None	None	None	None	None	None	None	None	GNP	MG	None	CA	None	None	STP	XRAY	2.500	0.186	GPLGSDMTEYKLVVVGAGGVGKSALTIQLIQNHFVDEYDPTIEDSYRKQVVIDGETCLLDILDTAGQEEYSAMRDQYMRTGEGFLCVFAINNTKSFEDIHQYREQIKRVKDSDDVPMVLVGNKCDLAARTVESRQAQDLARSYGIPYIETSAKTRQGVEDAFYTLVREIRQHLPKTGNPPDESGPGSMSSKC	True	88.475	88.475	134.047	90.00	90.00	120.00	/Users/mitchellparker/Desktop/rascore_build/core/5x9sA_core.cif	/Users/mitchellparker/Desktop/rascore_build/rcsb/5x9s.cif.gz	/Users/mitchellparker/Desktop/rascore_build/renum/5x9s_renum.cif	/Users/mitchellparker/Desktop/rascore_build/rcsb_assembly/5x9s-assembly-1.cif.gz	/Users/mitchellparker/Desktop/rascore_build/renum_assembly/5x9s-assembly-1_renum.cif	/Users/mitchellparker/Desktop/rascore_build/sifts/5x9s.xml.gz	/Users/mitchellparker/Desktop/rascore_build/pocket/5x9sA_5_pocket.pdb
5xcoA	5xco	0	A	Outlier	Y71out.2P-BINDER	Y32out	Y71out	P 31 2 1 (CF3)	5xcoA1	1	GTPase KRas	RASK_HUMAN	P01116-2	G12D	G12	KRAS	2P	G12D	None	None	Binder	Homodimer	Other-Unbound	P 31 2 1	171	1-169	2017-03-23	Other	371.5240	0.0803	Unbound	Unbound	97,100,101,106,107,108,109,110,111,137,138,139,162,165,166	GDP,EDO	ACE-ARG-ARG-ARG-ARG-CYS-PRO-LEU-TYR-ILE-SER-TYR-ASP-PRO-VAL-CYS-ARG-ARG-ARG-ARG-NH2	None	B:62,95,102,99,61,96,68,58,63,64,69,72,73,103,98	None	None	None	None	Binder	None	B	GDP	None	None	EDO	None	None	STP	XRAY	1.250	0.172	GSMTEYKLVVVGADGVGKSALTIQLIQNHFVDEYDPTIEDSYRKQVVIDGETCLLDILDTAGQEEYSAMRDQYMRTGEGFLCVFAINNTKSFEDIHHYREQIKRVKDSEDVPMVLVGNKCDLPSRTVDTKQAQDLARSYGIPFIETSAKTRQGVDDAFYTLVREIRKHKEK	True	51.529	51.529	129.741	90.00	90.00	120.00	/Users/mitchellparker/Desktop/rascore_build/core/5xcoA_core.cif	/Users/mitchellparker/Desktop/rascore_build/rcsb/5xco.cif.gz	/Users/mitchellparker/Desktop/rascore_build/renum/5xco_renum.cif	/Users/mitchellparker/Desktop/rascore_build/rcsb_assembly/5xco-assembly-1.cif.gz	/Users/mitchellparker/Desktop/rascore_build/renum_assembly/5xco-assembly-1_renum.cif	/Users/mitchellparker/Desktop/rascore_build/sifts/5xco.xml.gz	/Users/mitchellparker/Desktop/rascore_build/pocket/5xcoA_1_pocket.pdb
5xcoA	5xco	0	A	Outlier	Y71out.2P-BINDER	Y32out	Y71out	P 31 2 1 (CF3)	5xcoA2	2	GTPase KRas	RASK_HUMAN	P01116-2	G12D	G12	KRAS	2P	G12D	None	None	Binder	Homodimer	Other-Unbound	P 31 2 1	171	1-169	2017-03-23	Other	431.8321	0.0005	Unbound	Unbound	127,131,134,135,139,141,143	GDP,EDO	ACE-ARG-ARG-ARG-ARG-CYS-PRO-LEU-TYR-ILE-SER-TYR-ASP-PRO-VAL-CYS-ARG-ARG-ARG-ARG-NH2	None	B:62,95,102,99,61,96,68,58,63,64,69,72,73,103,98	None	None	None	None	Binder	None	B	GDP	None	None	EDO	None	None	STP	XRAY	1.250	0.172	GSMTEYKLVVVGADGVGKSALTIQLIQNHFVDEYDPTIEDSYRKQVVIDGETCLLDILDTAGQEEYSAMRDQYMRTGEGFLCVFAINNTKSFEDIHHYREQIKRVKDSEDVPMVLVGNKCDLPSRTVDTKQAQDLARSYGIPFIETSAKTRQGVDDAFYTLVREIRKHKEK	True	51.529	51.529	129.741	90.00	90.00	120.00	/Users/mitchellparker/Desktop/rascore_build/core/5xcoA_core.cif	/Users/mitchellparker/Desktop/rascore_build/rcsb/5xco.cif.gz	/Users/mitchellparker/Desktop/rascore_build/renum/5xco_renum.cif	/Users/mitchellparker/Desktop/rascore_build/rcsb_assembly/5xco-assembly-1.cif.gz	/Users/mitchellparker/Desktop/rascore_build/renum_assembly/5xco-assembly-1_renum.cif	/Users/mitchellparker/Desktop/rascore_build/sifts/5xco.xml.gz	/Users/mitchellparker/Desktop/rascore_build/pocket/5xcoA_2_pocket.pdb
5xcoA	5xco	0	A	Outlier	Y71out.2P-BINDER	Y32out	Y71out	P 31 2 1 (CF3)	5xcoA3	3	GTPase KRas	RASK_HUMAN	P01116-2	G12D	G12	KRAS	2P	G12D	None	None	Binder	Homodimer	Other-Unbound	P 31 2 1	171	1-169	2017-03-23	Other	273.7525	0.0003	Unbound	Unbound	11,12,13,14,83,85,86,88,89,92,117	GDP,EDO	ACE-ARG-ARG-ARG-ARG-CYS-PRO-LEU-TYR-ILE-SER-TYR-ASP-PRO-VAL-CYS-ARG-ARG-ARG-ARG-NH2	None	B:62,95,102,99,61,96,68,58,63,64,69,72,73,103,98	None	None	None	None	Binder	None	B	GDP	None	None	EDO	None	None	STP	XRAY	1.250	0.172	GSMTEYKLVVVGADGVGKSALTIQLIQNHFVDEYDPTIEDSYRKQVVIDGETCLLDILDTAGQEEYSAMRDQYMRTGEGFLCVFAINNTKSFEDIHHYREQIKRVKDSEDVPMVLVGNKCDLPSRTVDTKQAQDLARSYGIPFIETSAKTRQGVDDAFYTLVREIRKHKEK	True	51.529	51.529	129.741	90.00	90.00	120.00	/Users/mitchellparker/Desktop/rascore_build/core/5xcoA_core.cif	/Users/mitchellparker/Desktop/rascore_build/rcsb/5xco.cif.gz	/Users/mitchellparker/Desktop/rascore_build/renum/5xco_renum.cif	/Users/mitchellparker/Desktop/rascore_build/rcsb_assembly/5xco-assembly-1.cif.gz	/Users/mitchellparker/Desktop/rascore_build/renum_assembly/5xco-assembly-1_renum.cif	/Users/mitchellparker/Desktop/rascore_build/sifts/5xco.xml.gz	/Users/mitchellparker/Desktop/rascore_build/pocket/5xcoA_3_pocket.pdb
5xcoA	5xco	0	A	Outlier	Y71out.2P-BINDER	Y32out	Y71out	P 31 2 1 (CF3)	5xcoA4	4	GTPase KRas	RASK_HUMAN	P01116-2	G12D	G12	KRAS	2P	G12D	None	None	Binder	Homodimer	Other-Unbound	P 31 2 1	171	1-169	2017-03-23	Other	318.5309	0.0183	Unbound	Unbound	17,21,29,31,33,34,35,36,40	GDP,EDO	ACE-ARG-ARG-ARG-ARG-CYS-PRO-LEU-TYR-ILE-SER-TYR-ASP-PRO-VAL-CYS-ARG-ARG-ARG-ARG-NH2	None	B:62,95,102,99,61,96,68,58,63,64,69,72,73,103,98	None	None	None	None	Binder	None	B	GDP	None	None	EDO	None	None	STP	XRAY	1.250	0.172	GSMTEYKLVVVGADGVGKSALTIQLIQNHFVDEYDPTIEDSYRKQVVIDGETCLLDILDTAGQEEYSAMRDQYMRTGEGFLCVFAINNTKSFEDIHHYREQIKRVKDSEDVPMVLVGNKCDLPSRTVDTKQAQDLARSYGIPFIETSAKTRQGVDDAFYTLVREIRKHKEK	True	51.529	51.529	129.741	90.00	90.00	120.00	/Users/mitchellparker/Desktop/rascore_build/core/5xcoA_core.cif	/Users/mitchellparker/Desktop/rascore_build/rcsb/5xco.cif.gz	/Users/mitchellparker/Desktop/rascore_build/renum/5xco_renum.cif	/Users/mitchellparker/Desktop/rascore_build/rcsb_assembly/5xco-assembly-1.cif.gz	/Users/mitchellparker/Desktop/rascore_build/renum_assembly/5xco-assembly-1_renum.cif	/Users/mitchellparker/Desktop/rascore_build/sifts/5xco.xml.gz	/Users/mitchellparker/Desktop/rascore_build/pocket/5xcoA_4_pocket.pdb
5xcoA	5xco	0	A	Outlier	Y71out.2P-BINDER	Y32out	Y71out	P 31 2 1 (CF3)	5xcoA5	5	GTPase KRas	RASK_HUMAN	P01116-2	G12D	G12	KRAS	2P	G12D	None	None	Binder	Homodimer	Other-Unbound	P 31 2 1	171	1-169	2017-03-23	Other	320.6941	0.0233	Unbound	Unbound	73,74,75,76,104,106,109,110,166,167	GDP,EDO	ACE-ARG-ARG-ARG-ARG-CYS-PRO-LEU-TYR-ILE-SER-TYR-ASP-PRO-VAL-CYS-ARG-ARG-ARG-ARG-NH2	None	B:62,95,102,99,61,96,68,58,63,64,69,72,73,103,98	None	None	None	None	Binder	None	B	GDP	None	None	EDO	None	None	STP	XRAY	1.250	0.172	GSMTEYKLVVVGADGVGKSALTIQLIQNHFVDEYDPTIEDSYRKQVVIDGETCLLDILDTAGQEEYSAMRDQYMRTGEGFLCVFAINNTKSFEDIHHYREQIKRVKDSEDVPMVLVGNKCDLPSRTVDTKQAQDLARSYGIPFIETSAKTRQGVDDAFYTLVREIRKHKEK	True	51.529	51.529	129.741	90.00	90.00	120.00	/Users/mitchellparker/Desktop/rascore_build/core/5xcoA_core.cif	/Users/mitchellparker/Desktop/rascore_build/rcsb/5xco.cif.gz	/Users/mitchellparker/Desktop/rascore_build/renum/5xco_renum.cif	/Users/mitchellparker/Desktop/rascore_build/rcsb_assembly/5xco-assembly-1.cif.gz	/Users/mitchellparker/Desktop/rascore_build/renum_assembly/5xco-assembly-1_renum.cif	/Users/mitchellparker/Desktop/rascore_build/sifts/5xco.xml.gz	/Users/mitchellparker/Desktop/rascore_build/pocket/5xcoA_5_pocket.pdb
5xcoA	5xco	0	A	Outlier	Y71out.2P-BINDER	Y32out	Y71out	P 31 2 1 (CF3)	5xcoA6	6	GTPase KRas	RASK_HUMAN	P01116-2	G12D	G12	KRAS	2P	G12D	None	None	Binder	Homodimer	Other-Unbound	P 31 2 1	171	1-169	2017-03-23	Other	271.5638	0.0009	Unbound	Unbound	35,36,37,59,60,63,64,65,68	GDP,EDO	ACE-ARG-ARG-ARG-ARG-CYS-PRO-LEU-TYR-ILE-SER-TYR-ASP-PRO-VAL-CYS-ARG-ARG-ARG-ARG-NH2	None	B:62,95,102,99,61,96,68,58,63,64,69,72,73,103,98	None	None	None	None	Binder	None	B	GDP	None	None	EDO	None	None	STP	XRAY	1.250	0.172	GSMTEYKLVVVGADGVGKSALTIQLIQNHFVDEYDPTIEDSYRKQVVIDGETCLLDILDTAGQEEYSAMRDQYMRTGEGFLCVFAINNTKSFEDIHHYREQIKRVKDSEDVPMVLVGNKCDLPSRTVDTKQAQDLARSYGIPFIETSAKTRQGVDDAFYTLVREIRKHKEK	True	51.529	51.529	129.741	90.00	90.00	120.00	/Users/mitchellparker/Desktop/rascore_build/core/5xcoA_core.cif	/Users/mitchellparker/Desktop/rascore_build/rcsb/5xco.cif.gz	/Users/mitchellparker/Desktop/rascore_build/renum/5xco_renum.cif	/Users/mitchellparker/Desktop/rascore_build/rcsb_assembly/5xco-assembly-1.cif.gz	/Users/mitchellparker/Desktop/rascore_build/renum_assembly/5xco-assembly-1_renum.cif	/Users/mitchellparker/Desktop/rascore_build/sifts/5xco.xml.gz	/Users/mitchellparker/Desktop/rascore_build/pocket/5xcoA_6_pocket.pdb
5xcoA	5xco	0	A	Outlier	Y71out.2P-BINDER	Y32out	Y71out	P 31 2 1 (CF3)	5xcoA7	7	GTPase KRas	RASK_HUMAN	P01116-2	G12D	G12	KRAS	2P	G12D	None	None	Binder	Homodimer	Other-Unbound	P 31 2 1	171	1-169	2017-03-23	Other	177.2800	0.0006	Unbound	Unbound	98,101,102,105,106	GDP,EDO	ACE-ARG-ARG-ARG-ARG-CYS-PRO-LEU-TYR-ILE-SER-TYR-ASP-PRO-VAL-CYS-ARG-ARG-ARG-ARG-NH2	None	B:62,95,102,99,61,96,68,58,63,64,69,72,73,103,98	None	None	None	None	Binder	None	B	GDP	None	None	EDO	None	None	STP	XRAY	1.250	0.172	GSMTEYKLVVVGADGVGKSALTIQLIQNHFVDEYDPTIEDSYRKQVVIDGETCLLDILDTAGQEEYSAMRDQYMRTGEGFLCVFAINNTKSFEDIHHYREQIKRVKDSEDVPMVLVGNKCDLPSRTVDTKQAQDLARSYGIPFIETSAKTRQGVDDAFYTLVREIRKHKEK	True	51.529	51.529	129.741	90.00	90.00	120.00	/Users/mitchellparker/Desktop/rascore_build/core/5xcoA_core.cif	/Users/mitchellparker/Desktop/rascore_build/rcsb/5xco.cif.gz	/Users/mitchellparker/Desktop/rascore_build/renum/5xco_renum.cif	/Users/mitchellparker/Desktop/rascore_build/rcsb_assembly/5xco-assembly-1.cif.gz	/Users/mitchellparker/Desktop/rascore_build/renum_assembly/5xco-assembly-1_renum.cif	/Users/mitchellparker/Desktop/rascore_build/sifts/5xco.xml.gz	/Users/mitchellparker/Desktop/rascore_build/pocket/5xcoA_7_pocket.pdb
5xcoA	5xco	0	A	Outlier	Y71out.2P-BINDER	Y32out	Y71out	P 31 2 1 (CF3)	5xcoA8	8	GTPase KRas	RASK_HUMAN	P01116-2	G12D	G12	KRAS	2P	G12D	None	None	Binder	Homodimer	Other-Unbound	P 31 2 1	171	1-169	2017-03-23	Other	498.1631	0.0034	Unbound	Unbound	12,13,31,32,33,34,35,59,60,63	GDP,EDO	ACE-ARG-ARG-ARG-ARG-CYS-PRO-LEU-TYR-ILE-SER-TYR-ASP-PRO-VAL-CYS-ARG-ARG-ARG-ARG-NH2	None	B:62,95,102,99,61,96,68,58,63,64,69,72,73,103,98	None	None	None	None	Binder	None	B	GDP	None	None	EDO	None	None	STP	XRAY	1.250	0.172	GSMTEYKLVVVGADGVGKSALTIQLIQNHFVDEYDPTIEDSYRKQVVIDGETCLLDILDTAGQEEYSAMRDQYMRTGEGFLCVFAINNTKSFEDIHHYREQIKRVKDSEDVPMVLVGNKCDLPSRTVDTKQAQDLARSYGIPFIETSAKTRQGVDDAFYTLVREIRKHKEK	True	51.529	51.529	129.741	90.00	90.00	120.00	/Users/mitchellparker/Desktop/rascore_build/core/5xcoA_core.cif	/Users/mitchellparker/Desktop/rascore_build/rcsb/5xco.cif.gz	/Users/mitchellparker/Desktop/rascore_build/renum/5xco_renum.cif	/Users/mitchellparker/Desktop/rascore_build/rcsb_assembly/5xco-assembly-1.cif.gz	/Users/mitchellparker/Desktop/rascore_build/renum_assembly/5xco-assembly-1_renum.cif	/Users/mitchellparker/Desktop/rascore_build/sifts/5xco.xml.gz	/Users/mitchellparker/Desktop/rascore_build/pocket/5xcoA_8_pocket.pdb
5yxzA	5yxz	0	A	Y32out.2P-OFF	Outlier	Y32out	Y71out	P 21 21 21 (CF13)	5yxzA1	1	GTPase KRas	RASK_HUMAN	P01116-2	G12C,C51S,C80L,C118S	G12,C51,C80,C118	KRAS	2P	G12C	SP2	SP2.Acrylamide	None	None	SP2-Bound	P 21 21 21	170	1-169	2017-12-07	SP2	606.7264	0.9493	Bound	SP2	9,10,12,16,34,58,59,60,61,62,68,69,72,95,96,99,100,103	MG,GDP,94C,EDO	None	94C:103,72,99,62,100,96,60,95,68,12,34,59,16,10,9,58	None	None	SP2	SP2.Acrylamide	94C:CCC(=O)N1CCN(c2ncnc3c(F)c(-c4ccccc4F)c(Cl)cc23)CC1	None	None	None	GDP	MG	94C	EDO	None	None	94C	XRAY	1.700	0.202	GMTEYKLVVVGACGVGKSALTIQLIQNHFVDEYDPTIEDSYRKQVVIDGETSLLDILDTAGQEEYSAMRDQYMRTGEGFLLVFAINNTKSFEDIHHYREQIKRVKDSEDVPMVLVGNKSDLPSRTVDTKQAQDLARSYGIPFIETSAKTRQGVDDAFYTLVREIRKHKEK	True	41.604	53.089	69.106	90.00	90.00	90.00	/Users/mitchellparker/Desktop/rascore_build/core/5yxzA_core.cif	/Users/mitchellparker/Desktop/rascore_build/rcsb/5yxz.cif.gz	/Users/mitchellparker/Desktop/rascore_build/renum/5yxz_renum.cif	/Users/mitchellparker/Desktop/rascore_build/rcsb_assembly/5yxz-assembly-1.cif.gz	/Users/mitchellparker/Desktop/rascore_build/renum_assembly/5yxz-assembly-1_renum.cif	/Users/mitchellparker/Desktop/rascore_build/sifts/5yxz.xml.gz	/Users/mitchellparker/Desktop/rascore_build/pocket/5yxzA_1_pocket.pdb
5yy1A	5yy1	0	A	Y32out.2P-OFF	Y71out.2P-SP2-A	Y32out	Y71out	P 21 21 21 (CF14)	5yy1A1	1	GTPase KRas	RASK_HUMAN	P01116-2	G12C,C51S,C80L,C118S	G12,C51,C80,C118	KRAS	2P	G12C	SP2	SP2.Acrylamide	None	None	SP2-Bound	P 21 21 21	170	1-169	2017-12-07	SP2	877.4246	0.8816	Bound	SP2	9,10,11,12,16,58,59,60,61,62,63,64,68,69,72,88,92,95,96,99,100,102,103	MG,GDP,94F,EDO,EDO	None	94F:102,69,103,72,99,68,62,96,95,12,34,60,59,16,61,10,64,58,100,9	None	None	SP2	SP2.Acrylamide	94F:CCC(=O)N1CCN(c2ncnc3c(F)c(-c4ccccc4C(F)(F)F)c(Cl)cc23)CC1	None	None	None	GDP	MG	94F	EDO	None	None	94F	XRAY	1.690	0.199	GMTEYKLVVVGACGVGKSALTIQLIQNHFVDEYDPTIEDSYRKQVVIDGETSLLDILDTAGQEEYSAMRDQYMRTGEGFLLVFAINNTKSFEDIHHYREQIKRVKDSEDVPMVLVGNKSDLPSRTVDTKQAQDLARSYGIPFIETSAKTRQGVDDAFYTLVREIRKHKEK	True	40.391	51.730	89.242	90.00	90.00	90.00	/Users/mitchellparker/Desktop/rascore_build/core/5yy1A_core.cif	/Users/mitchellparker/Desktop/rascore_build/rcsb/5yy1.cif.gz	/Users/mitchellparker/Desktop/rascore_build/renum/5yy1_renum.cif	/Users/mitchellparker/Desktop/rascore_build/rcsb_assembly/5yy1-assembly-1.cif.gz	/Users/mitchellparker/Desktop/rascore_build/renum_assembly/5yy1-assembly-1_renum.cif	/Users/mitchellparker/Desktop/rascore_build/sifts/5yy1.xml.gz	/Users/mitchellparker/Desktop/rascore_build/pocket/5yy1A_1_pocket.pdb
5zc6A	5zc6	0	A	Outlier	Outlier	Y32out	Y71out	None	5zc6A3	3	GTPase HRas	RASH_HUMAN	P01112	T35S	T35	HRAS	3P	Other	SP12	SP12.Unclassified	None	None	SP12-Bound	None	166	1-166	2018-02-15	SP12	192.9553	0.0019	Bound	SP12	5,37,38,39,56,67,70,71,74	GNP,KBF,MG	None	KBF:56,38,5,71,74,70	None	None	SP12	SP12.Unclassified	KBF:O=C(NCC1CCCO1)c1cc2ccccc2cc1O	None	None	None	GNP	MG	KBF	None	None	None	KBF	NMR	None	None	MTEYKLVVVGAGGVGKSALTIQLIQNHFVDEYDPSIEDSYRKQVVIDGETCLLDILDTAGQEEYSAMRDQYMRTGEGFLCVFAINNTKSFEDIHQYREQIKRVKDSDDVPMVLVGNKCDLAARTVESRQAQDLARSYGIPYIETSAKTRQGVEDAFYTLVREIRQH	True	999.0	999.0	999.0	999.0	999.0	999.0	/Users/mitchellparker/Desktop/rascore_build/core/5zc6A_core.cif	/Users/mitchellparker/Desktop/rascore_build/rcsb/5zc6.cif.gz	/Users/mitchellparker/Desktop/rascore_build/renum/5zc6_renum.cif	/Users/mitchellparker/Desktop/rascore_build/rcsb_assembly/5zc6-assembly-1.cif.gz	/Users/mitchellparker/Desktop/rascore_build/renum_assembly/5zc6-assembly-1_renum.cif	/Users/mitchellparker/Desktop/rascore_build/sifts/5zc6.xml.gz	/Users/mitchellparker/Desktop/rascore_build/pocket/5zc6A_3_pocket.pdb
621pA	621p	0	A	Y32in.3P-ON	Outlier	Y32in	Y71in	P 32 2 1 (CF1)	621pA2	2	GTPase HRas	RASH_HUMAN	P01112	Q61H	Q61	HRAS	3P	Q61H	None	None	None	Homodimer	Other-Unbound	P 32 2 1	166	1-166	1991-06-06	Other	71.6975	0.0154	Unbound	Unbound	80,93,97,111,113,137,139	MG,GNP	None	None	None	None	None	None	None	None	None	None	GNP	MG	None	None	None	None	STP	XRAY	2.400	0.180	MTEYKLVVVGAGGVGKSALTIQLIQNHFVDEYDPTIEDSYRKQVVIDGETCLLDILDTAGHEEYSAMRDQYMRTGEGFLCVFAINNTKSFEDIHQYREQIKRVKDSDDVPMVLVGNKCDLAARTVESRQAQDLARSYGIPYIETSAKTRQGVEDAFYTLVREIRQH	True	40.400	40.400	160.700	90.00	90.00	120.00	/Users/mitchellparker/Desktop/rascore_build/core/621pA_core.cif	/Users/mitchellparker/Desktop/rascore_build/rcsb/621p.cif.gz	/Users/mitchellparker/Desktop/rascore_build/renum/621p_renum.cif	/Users/mitchellparker/Desktop/rascore_build/rcsb_assembly/621p-assembly-1.cif.gz	/Users/mitchellparker/Desktop/rascore_build/renum_assembly/621p-assembly-1_renum.cif	/Users/mitchellparker/Desktop/rascore_build/sifts/621p.xml.gz	/Users/mitchellparker/Desktop/rascore_build/pocket/621pA_2_pocket.pdb
621pA	621p	0	A	Y32in.3P-ON	Outlier	Y32in	Y71in	P 32 2 1 (CF1)	621pA3	3	GTPase HRas	RASH_HUMAN	P01112	Q61H	Q61	HRAS	3P	Q61H	None	None	None	Homodimer	Other-Unbound	P 32 2 1	166	1-166	1991-06-06	Other	403.5540	0.0053	Unbound	Unbound	73,74,75,76,104,106,108,109,110,163,166	MG,GNP	None	None	None	None	None	None	None	None	None	None	GNP	MG	None	None	None	None	STP	XRAY	2.400	0.180	MTEYKLVVVGAGGVGKSALTIQLIQNHFVDEYDPTIEDSYRKQVVIDGETCLLDILDTAGHEEYSAMRDQYMRTGEGFLCVFAINNTKSFEDIHQYREQIKRVKDSDDVPMVLVGNKCDLAARTVESRQAQDLARSYGIPYIETSAKTRQGVEDAFYTLVREIRQH	True	40.400	40.400	160.700	90.00	90.00	120.00	/Users/mitchellparker/Desktop/rascore_build/core/621pA_core.cif	/Users/mitchellparker/Desktop/rascore_build/rcsb/621p.cif.gz	/Users/mitchellparker/Desktop/rascore_build/renum/621p_renum.cif	/Users/mitchellparker/Desktop/rascore_build/rcsb_assembly/621p-assembly-1.cif.gz	/Users/mitchellparker/Desktop/rascore_build/renum_assembly/621p-assembly-1_renum.cif	/Users/mitchellparker/Desktop/rascore_build/sifts/621p.xml.gz	/Users/mitchellparker/Desktop/rascore_build/pocket/621pA_3_pocket.pdb
6ambA	6amb	0	A	Y32in.3P-ON	Outlier	Y32in	Y71in	P 21 21 21 (CF15)	6ambA2	2	GTPase HRas	RASH_HUMAN	P01112	WT	WT	HRAS	3P	WT	None	None	Effector	None	Multiple-Unbound	P 21 21 21	170	1-168	2017-08-09	Other	374.2548	0.0222	Unbound	Unbound	76,104,106,108,109,110,163,166,167	GNP,MG	Afadin	None	B:37,39,38,36,64,35	AFAD_MOUSE	None	None	None	RA	None	B	GNP	MG	None	None	None	None	STP	XRAY	2.500	0.223	HMMTEYKLVVVGAGGVGKSALTIQLIQNHFVDEYDPTIEDSYRKQVVIDGETCLLDILDTAGQEEYSAMRDQYMRTGEGFLCVFAINNTKSFEDIHQYREQIKRVKDSDDVPMVLVGNKCDLAARTVESRQAQDLARSYGIPYIETSAKTRQGVEDAFYTLVREIRQHKL	True	48.239	57.152	73.329	90.000	90.000	90.000	/Users/mitchellparker/Desktop/rascore_build/core/6ambA_core.cif	/Users/mitchellparker/Desktop/rascore_build/rcsb/6amb.cif.gz	/Users/mitchellparker/Desktop/rascore_build/renum/6amb_renum.cif	/Users/mitchellparker/Desktop/rascore_build/rcsb_assembly/6amb-assembly-1.cif.gz	/Users/mitchellparker/Desktop/rascore_build/renum_assembly/6amb-assembly-1_renum.cif	/Users/mitchellparker/Desktop/rascore_build/sifts/6amb.xml.gz	/Users/mitchellparker/Desktop/rascore_build/pocket/6ambA_2_pocket.pdb
6ambA	6amb	0	A	Y32in.3P-ON	Outlier	Y32in	Y71in	P 21 21 21 (CF15)	6ambA3	3	GTPase HRas	RASH_HUMAN	P01112	WT	WT	HRAS	3P	WT	None	None	Effector	None	Multiple-Unbound	P 21 21 21	170	1-168	2017-08-09	Other	232.3763	0.0000	Unbound	Unbound	98,101,102,105,106,107	GNP,MG	Afadin	None	B:37,39,38,36,64,35	AFAD_MOUSE	None	None	None	RA	None	B	GNP	MG	None	None	None	None	STP	XRAY	2.500	0.223	HMMTEYKLVVVGAGGVGKSALTIQLIQNHFVDEYDPTIEDSYRKQVVIDGETCLLDILDTAGQEEYSAMRDQYMRTGEGFLCVFAINNTKSFEDIHQYREQIKRVKDSDDVPMVLVGNKCDLAARTVESRQAQDLARSYGIPYIETSAKTRQGVEDAFYTLVREIRQHKL	True	48.239	57.152	73.329	90.000	90.000	90.000	/Users/mitchellparker/Desktop/rascore_build/core/6ambA_core.cif	/Users/mitchellparker/Desktop/rascore_build/rcsb/6amb.cif.gz	/Users/mitchellparker/Desktop/rascore_build/renum/6amb_renum.cif	/Users/mitchellparker/Desktop/rascore_build/rcsb_assembly/6amb-assembly-1.cif.gz	/Users/mitchellparker/Desktop/rascore_build/renum_assembly/6amb-assembly-1_renum.cif	/Users/mitchellparker/Desktop/rascore_build/sifts/6amb.xml.gz	/Users/mitchellparker/Desktop/rascore_build/pocket/6ambA_3_pocket.pdb
6ambA	6amb	0	A	Y32in.3P-ON	Outlier	Y32in	Y71in	P 21 21 21 (CF15)	6ambA4	4	GTPase HRas	RASH_HUMAN	P01112	WT	WT	HRAS	3P	WT	None	None	Effector	None	Multiple-Unbound	P 21 21 21	170	1-168	2017-08-09	Other	251.6886	0.0007	Unbound	Unbound	1,2,45,48,49,50	GNP,MG	Afadin	None	B:37,39,38,36,64,35	AFAD_MOUSE	None	None	None	RA	None	B	GNP	MG	None	None	None	None	STP	XRAY	2.500	0.223	HMMTEYKLVVVGAGGVGKSALTIQLIQNHFVDEYDPTIEDSYRKQVVIDGETCLLDILDTAGQEEYSAMRDQYMRTGEGFLCVFAINNTKSFEDIHQYREQIKRVKDSDDVPMVLVGNKCDLAARTVESRQAQDLARSYGIPYIETSAKTRQGVEDAFYTLVREIRQHKL	True	48.239	57.152	73.329	90.000	90.000	90.000	/Users/mitchellparker/Desktop/rascore_build/core/6ambA_core.cif	/Users/mitchellparker/Desktop/rascore_build/rcsb/6amb.cif.gz	/Users/mitchellparker/Desktop/rascore_build/renum/6amb_renum.cif	/Users/mitchellparker/Desktop/rascore_build/rcsb_assembly/6amb-assembly-1.cif.gz	/Users/mitchellparker/Desktop/rascore_build/renum_assembly/6amb-assembly-1_renum.cif	/Users/mitchellparker/Desktop/rascore_build/sifts/6amb.xml.gz	/Users/mitchellparker/Desktop/rascore_build/pocket/6ambA_4_pocket.pdb
6ambA	6amb	0	A	Y32in.3P-ON	Outlier	Y32in	Y71in	P 21 21 21 (CF15)	6ambA5	5	GTPase HRas	RASH_HUMAN	P01112	WT	WT	HRAS	3P	WT	None	None	Effector	None	Multiple-Unbound	P 21 21 21	170	1-168	2017-08-09	Other	373.4014	0.0001	Unbound	Unbound	131,135,138,139,140,141,162	GNP,MG	Afadin	None	B:37,39,38,36,64,35	AFAD_MOUSE	None	None	None	RA	None	B	GNP	MG	None	None	None	None	STP	XRAY	2.500	0.223	HMMTEYKLVVVGAGGVGKSALTIQLIQNHFVDEYDPTIEDSYRKQVVIDGETCLLDILDTAGQEEYSAMRDQYMRTGEGFLCVFAINNTKSFEDIHQYREQIKRVKDSDDVPMVLVGNKCDLAARTVESRQAQDLARSYGIPYIETSAKTRQGVEDAFYTLVREIRQHKL	True	48.239	57.152	73.329	90.000	90.000	90.000	/Users/mitchellparker/Desktop/rascore_build/core/6ambA_core.cif	/Users/mitchellparker/Desktop/rascore_build/rcsb/6amb.cif.gz	/Users/mitchellparker/Desktop/rascore_build/renum/6amb_renum.cif	/Users/mitchellparker/Desktop/rascore_build/rcsb_assembly/6amb-assembly-1.cif.gz	/Users/mitchellparker/Desktop/rascore_build/renum_assembly/6amb-assembly-1_renum.cif	/Users/mitchellparker/Desktop/rascore_build/sifts/6amb.xml.gz	/Users/mitchellparker/Desktop/rascore_build/pocket/6ambA_5_pocket.pdb
6ambA	6amb	0	A	Y32in.3P-ON	Outlier	Y32in	Y71in	P 21 21 21 (CF15)	6ambA6	6	GTPase HRas	RASH_HUMAN	P01112	WT	WT	HRAS	3P	WT	None	None	Effector	None	Multiple-Unbound	P 21 21 21	170	1-168	2017-08-09	Other	214.0565	0.0001	Unbound	Unbound	97,107,108,109,110,137,138,139,162,165,166	GNP,MG	Afadin	None	B:37,39,38,36,64,35	AFAD_MOUSE	None	None	None	RA	None	B	GNP	MG	None	None	None	None	STP	XRAY	2.500	0.223	HMMTEYKLVVVGAGGVGKSALTIQLIQNHFVDEYDPTIEDSYRKQVVIDGETCLLDILDTAGQEEYSAMRDQYMRTGEGFLCVFAINNTKSFEDIHQYREQIKRVKDSDDVPMVLVGNKCDLAARTVESRQAQDLARSYGIPYIETSAKTRQGVEDAFYTLVREIRQHKL	True	48.239	57.152	73.329	90.000	90.000	90.000	/Users/mitchellparker/Desktop/rascore_build/core/6ambA_core.cif	/Users/mitchellparker/Desktop/rascore_build/rcsb/6amb.cif.gz	/Users/mitchellparker/Desktop/rascore_build/renum/6amb_renum.cif	/Users/mitchellparker/Desktop/rascore_build/rcsb_assembly/6amb-assembly-1.cif.gz	/Users/mitchellparker/Desktop/rascore_build/renum_assembly/6amb-assembly-1_renum.cif	/Users/mitchellparker/Desktop/rascore_build/sifts/6amb.xml.gz	/Users/mitchellparker/Desktop/rascore_build/pocket/6ambA_6_pocket.pdb
6ambA	6amb	0	A	Y32in.3P-ON	Outlier	Y32in	Y71in	P 21 21 21 (CF15)	6ambA7	7	GTPase HRas	RASH_HUMAN	P01112	WT	WT	HRAS	3P	WT	None	None	Effector	None	Multiple-Unbound	P 21 21 21	170	1-168	2017-08-09	SP12	237.1354	0.0020	Unbound	Unbound	5,6,7,39,54,56,74,75	GNP,MG	Afadin	None	B:37,39,38,36,64,35	AFAD_MOUSE	None	None	None	RA	None	B	GNP	MG	None	None	None	None	STP	XRAY	2.500	0.223	HMMTEYKLVVVGAGGVGKSALTIQLIQNHFVDEYDPTIEDSYRKQVVIDGETCLLDILDTAGQEEYSAMRDQYMRTGEGFLCVFAINNTKSFEDIHQYREQIKRVKDSDDVPMVLVGNKCDLAARTVESRQAQDLARSYGIPYIETSAKTRQGVEDAFYTLVREIRQHKL	True	48.239	57.152	73.329	90.000	90.000	90.000	/Users/mitchellparker/Desktop/rascore_build/core/6ambA_core.cif	/Users/mitchellparker/Desktop/rascore_build/rcsb/6amb.cif.gz	/Users/mitchellparker/Desktop/rascore_build/renum/6amb_renum.cif	/Users/mitchellparker/Desktop/rascore_build/rcsb_assembly/6amb-assembly-1.cif.gz	/Users/mitchellparker/Desktop/rascore_build/renum_assembly/6amb-assembly-1_renum.cif	/Users/mitchellparker/Desktop/rascore_build/sifts/6amb.xml.gz	/Users/mitchellparker/Desktop/rascore_build/pocket/6ambA_7_pocket.pdb
6ambA	6amb	0	A	Y32in.3P-ON	Outlier	Y32in	Y71in	P 21 21 21 (CF15)	6ambA8	8	GTPase HRas	RASH_HUMAN	P01112	WT	WT	HRAS	3P	WT	None	None	Effector	None	Multiple-Unbound	P 21 21 21	170	1-168	2017-08-09	SP2	350.5715	0.0012	Unbound	Unbound	11,12,60,62,68,92,95,96,99	GNP,MG	Afadin	None	B:37,39,38,36,64,35	AFAD_MOUSE	None	None	None	RA	None	B	GNP	MG	None	None	None	None	STP	XRAY	2.500	0.223	HMMTEYKLVVVGAGGVGKSALTIQLIQNHFVDEYDPTIEDSYRKQVVIDGETCLLDILDTAGQEEYSAMRDQYMRTGEGFLCVFAINNTKSFEDIHQYREQIKRVKDSDDVPMVLVGNKCDLAARTVESRQAQDLARSYGIPYIETSAKTRQGVEDAFYTLVREIRQHKL	True	48.239	57.152	73.329	90.000	90.000	90.000	/Users/mitchellparker/Desktop/rascore_build/core/6ambA_core.cif	/Users/mitchellparker/Desktop/rascore_build/rcsb/6amb.cif.gz	/Users/mitchellparker/Desktop/rascore_build/renum/6amb_renum.cif	/Users/mitchellparker/Desktop/rascore_build/rcsb_assembly/6amb-assembly-1.cif.gz	/Users/mitchellparker/Desktop/rascore_build/renum_assembly/6amb-assembly-1_renum.cif	/Users/mitchellparker/Desktop/rascore_build/sifts/6amb.xml.gz	/Users/mitchellparker/Desktop/rascore_build/pocket/6ambA_8_pocket.pdb
6arkA	6ark	0	A	Y32out.2P-OFF	Disordered	Y32out	Y71out	H 3 2 (CF3)	6arkA1	1	GTPase KRas	RASK_HUMAN	P01116-2	G12C,C51S,C80L,C118S	G12,C51,C80,C118	KRAS	2P	G12C	None	None	None	Homodimer	Other-Unbound	H 3 2	170	1-62:67-169	2017-08-22	Other	262.7719	0.1648	Unbound	Unbound	74,75,76,104,106,108,109,110,166,167	GDP,MG,GOL,GOL	None	None	None	None	None	None	None	None	None	None	GDP	MG	None	GOL	None	None	STP	XRAY	1.750	0.196	GMTEYKLVVVGACGVGKSALTIQLIQNHFVDEYDPTIEDSYRKQVVIDGETSLLDILDTAGQEEYSAMRDQYMRTGEGFLLVFAINNTKSFEDIHHYREQIKRVKDSEDVPMVLVGNKSDLPSRTVDTKQAQDLARSYGIPFIETSAKTRQGVDDAFYTLVREIRKHKEK	True	94.280	94.280	119.550	90.000	90.000	120.000	/Users/mitchellparker/Desktop/rascore_build/core/6arkA_core.cif	/Users/mitchellparker/Desktop/rascore_build/rcsb/6ark.cif.gz	/Users/mitchellparker/Desktop/rascore_build/renum/6ark_renum.cif	/Users/mitchellparker/Desktop/rascore_build/rcsb_assembly/6ark-assembly-1.cif.gz	/Users/mitchellparker/Desktop/rascore_build/renum_assembly/6ark-assembly-1_renum.cif	/Users/mitchellparker/Desktop/rascore_build/sifts/6ark.xml.gz	/Users/mitchellparker/Desktop/rascore_build/pocket/6arkA_1_pocket.pdb
6arkA	6ark	0	A	Y32out.2P-OFF	Disordered	Y32out	Y71out	H 3 2 (CF3)	6arkA2	2	GTPase KRas	RASK_HUMAN	P01116-2	G12C,C51S,C80L,C118S	G12,C51,C80,C118	KRAS	2P	G12C	None	None	None	Homodimer	Other-Unbound	H 3 2	170	1-62:67-169	2017-08-22	Other	236.6248	0.0179	Unbound	Unbound	90,129,132,133,136	GDP,MG,GOL,GOL	None	None	None	None	None	None	None	None	None	None	GDP	MG	None	GOL	None	None	STP	XRAY	1.750	0.196	GMTEYKLVVVGACGVGKSALTIQLIQNHFVDEYDPTIEDSYRKQVVIDGETSLLDILDTAGQEEYSAMRDQYMRTGEGFLLVFAINNTKSFEDIHHYREQIKRVKDSEDVPMVLVGNKSDLPSRTVDTKQAQDLARSYGIPFIETSAKTRQGVDDAFYTLVREIRKHKEK	True	94.280	94.280	119.550	90.000	90.000	120.000	/Users/mitchellparker/Desktop/rascore_build/core/6arkA_core.cif	/Users/mitchellparker/Desktop/rascore_build/rcsb/6ark.cif.gz	/Users/mitchellparker/Desktop/rascore_build/renum/6ark_renum.cif	/Users/mitchellparker/Desktop/rascore_build/rcsb_assembly/6ark-assembly-1.cif.gz	/Users/mitchellparker/Desktop/rascore_build/renum_assembly/6ark-assembly-1_renum.cif	/Users/mitchellparker/Desktop/rascore_build/sifts/6ark.xml.gz	/Users/mitchellparker/Desktop/rascore_build/pocket/6arkA_2_pocket.pdb
6asaA	6asa	0	A	Outlier	Outlier	Y32out	Y71out	P 21 21 21 (CF16)	6asaA10	10	GTPase KRas	RASK_HUMAN	P01116-2	D33E	D33	KRAS	2P	Other	None	None	None	None	Multiple-Unbound	P 21 21 21	168	1-167	2017-08-24	Other	127.4646	0.0006	Unbound	Unbound	12,13,14,83,85,86,89,117	GDP,MG	None	None	None	None	None	None	None	None	None	None	GDP	MG	None	None	None	None	STP	XRAY	2.545	0.194	MTEYKLVVVGAGGVGKSALTIQLIQNHFVDEYEPTIEDSYRKQVVIDGETCLLDILDTAGQEEYSAMRDQYMRTGEGFLCVFAINNTKSFEDIHHYREQIKRVKDSEDVPMVLVGNKCDLPSRTVDTKQAQDLARSYGIPFIETSAKTRQGVDDAFYTLVREIRKHKE	True	34.527	47.075	90.765	90.000	90.000	90.000	/Users/mitchellparker/Desktop/rascore_build/core/6asaA_core.cif	/Users/mitchellparker/Desktop/rascore_build/rcsb/6asa.cif.gz	/Users/mitchellparker/Desktop/rascore_build/renum/6asa_renum.cif	/Users/mitchellparker/Desktop/rascore_build/rcsb_assembly/6asa-assembly-1.cif.gz	/Users/mitchellparker/Desktop/rascore_build/renum_assembly/6asa-assembly-1_renum.cif	/Users/mitchellparker/Desktop/rascore_build/sifts/6asa.xml.gz	/Users/mitchellparker/Desktop/rascore_build/pocket/6asaA_10_pocket.pdb
6asaA	6asa	0	A	Outlier	Outlier	Y32out	Y71out	P 21 21 21 (CF16)	6asaA11	11	GTPase KRas	RASK_HUMAN	P01116-2	D33E	D33	KRAS	2P	Other	None	None	None	None	Multiple-Unbound	P 21 21 21	168	1-167	2017-08-24	Other	418.4008	0.0010	Unbound	Unbound	2,3,4,49,76,163,164,167,168	GDP,MG	None	None	None	None	None	None	None	None	None	None	GDP	MG	None	None	None	None	STP	XRAY	2.545	0.194	MTEYKLVVVGAGGVGKSALTIQLIQNHFVDEYEPTIEDSYRKQVVIDGETCLLDILDTAGQEEYSAMRDQYMRTGEGFLCVFAINNTKSFEDIHHYREQIKRVKDSEDVPMVLVGNKCDLPSRTVDTKQAQDLARSYGIPFIETSAKTRQGVDDAFYTLVREIRKHKE	True	34.527	47.075	90.765	90.000	90.000	90.000	/Users/mitchellparker/Desktop/rascore_build/core/6asaA_core.cif	/Users/mitchellparker/Desktop/rascore_build/rcsb/6asa.cif.gz	/Users/mitchellparker/Desktop/rascore_build/renum/6asa_renum.cif	/Users/mitchellparker/Desktop/rascore_build/rcsb_assembly/6asa-assembly-1.cif.gz	/Users/mitchellparker/Desktop/rascore_build/renum_assembly/6asa-assembly-1_renum.cif	/Users/mitchellparker/Desktop/rascore_build/sifts/6asa.xml.gz	/Users/mitchellparker/Desktop/rascore_build/pocket/6asaA_11_pocket.pdb
6asaA	6asa	0	A	Outlier	Outlier	Y32out	Y71out	P 21 21 21 (CF16)	6asaA1	1	GTPase KRas	RASK_HUMAN	P01116-2	D33E	D33	KRAS	2P	Other	None	None	None	None	Multiple-Unbound	P 21 21 21	168	1-167	2017-08-24	Other	474.8054	0.0036	Unbound	Unbound	95,98,99,101,102,105,106,107	GDP,MG	None	None	None	None	None	None	None	None	None	None	GDP	MG	None	None	None	None	STP	XRAY	2.545	0.194	MTEYKLVVVGAGGVGKSALTIQLIQNHFVDEYEPTIEDSYRKQVVIDGETCLLDILDTAGQEEYSAMRDQYMRTGEGFLCVFAINNTKSFEDIHHYREQIKRVKDSEDVPMVLVGNKCDLPSRTVDTKQAQDLARSYGIPFIETSAKTRQGVDDAFYTLVREIRKHKE	True	34.527	47.075	90.765	90.000	90.000	90.000	/Users/mitchellparker/Desktop/rascore_build/core/6asaA_core.cif	/Users/mitchellparker/Desktop/rascore_build/rcsb/6asa.cif.gz	/Users/mitchellparker/Desktop/rascore_build/renum/6asa_renum.cif	/Users/mitchellparker/Desktop/rascore_build/rcsb_assembly/6asa-assembly-1.cif.gz	/Users/mitchellparker/Desktop/rascore_build/renum_assembly/6asa-assembly-1_renum.cif	/Users/mitchellparker/Desktop/rascore_build/sifts/6asa.xml.gz	/Users/mitchellparker/Desktop/rascore_build/pocket/6asaA_1_pocket.pdb
6asaA	6asa	0	A	Outlier	Outlier	Y32out	Y71out	P 21 21 21 (CF16)	6asaA3	3	GTPase KRas	RASK_HUMAN	P01116-2	D33E	D33	KRAS	2P	Other	None	None	None	None	Multiple-Unbound	P 21 21 21	168	1-167	2017-08-24	SP2	136.9121	0.0543	Unbound	Unbound	9,37,58,59,65,68,71,72,96,99	GDP,MG	None	None	None	None	None	None	None	None	None	None	GDP	MG	None	None	None	None	STP	XRAY	2.545	0.194	MTEYKLVVVGAGGVGKSALTIQLIQNHFVDEYEPTIEDSYRKQVVIDGETCLLDILDTAGQEEYSAMRDQYMRTGEGFLCVFAINNTKSFEDIHHYREQIKRVKDSEDVPMVLVGNKCDLPSRTVDTKQAQDLARSYGIPFIETSAKTRQGVDDAFYTLVREIRKHKE	True	34.527	47.075	90.765	90.000	90.000	90.000	/Users/mitchellparker/Desktop/rascore_build/core/6asaA_core.cif	/Users/mitchellparker/Desktop/rascore_build/rcsb/6asa.cif.gz	/Users/mitchellparker/Desktop/rascore_build/renum/6asa_renum.cif	/Users/mitchellparker/Desktop/rascore_build/rcsb_assembly/6asa-assembly-1.cif.gz	/Users/mitchellparker/Desktop/rascore_build/renum_assembly/6asa-assembly-1_renum.cif	/Users/mitchellparker/Desktop/rascore_build/sifts/6asa.xml.gz	/Users/mitchellparker/Desktop/rascore_build/pocket/6asaA_3_pocket.pdb
6asaA	6asa	0	A	Outlier	Outlier	Y32out	Y71out	P 21 21 21 (CF16)	6asaA4	4	GTPase KRas	RASK_HUMAN	P01116-2	D33E	D33	KRAS	2P	Other	None	None	None	None	Multiple-Unbound	P 21 21 21	168	1-167	2017-08-24	SP12	436.1296	0.4723	Unbound	Unbound	5,6,7,36,37,38,39,54,56,67,70,71,74,75	GDP,MG	None	None	None	None	None	None	None	None	None	None	GDP	MG	None	None	None	None	STP	XRAY	2.545	0.194	MTEYKLVVVGAGGVGKSALTIQLIQNHFVDEYEPTIEDSYRKQVVIDGETCLLDILDTAGQEEYSAMRDQYMRTGEGFLCVFAINNTKSFEDIHHYREQIKRVKDSEDVPMVLVGNKCDLPSRTVDTKQAQDLARSYGIPFIETSAKTRQGVDDAFYTLVREIRKHKE	True	34.527	47.075	90.765	90.000	90.000	90.000	/Users/mitchellparker/Desktop/rascore_build/core/6asaA_core.cif	/Users/mitchellparker/Desktop/rascore_build/rcsb/6asa.cif.gz	/Users/mitchellparker/Desktop/rascore_build/renum/6asa_renum.cif	/Users/mitchellparker/Desktop/rascore_build/rcsb_assembly/6asa-assembly-1.cif.gz	/Users/mitchellparker/Desktop/rascore_build/renum_assembly/6asa-assembly-1_renum.cif	/Users/mitchellparker/Desktop/rascore_build/sifts/6asa.xml.gz	/Users/mitchellparker/Desktop/rascore_build/pocket/6asaA_4_pocket.pdb
6asaA	6asa	0	A	Outlier	Outlier	Y32out	Y71out	P 21 21 21 (CF16)	6asaA5	5	GTPase KRas	RASK_HUMAN	P01116-2	D33E	D33	KRAS	2P	Other	None	None	None	None	Multiple-Unbound	P 21 21 21	168	1-167	2017-08-24	Other	764.6518	0.0173	Unbound	Unbound	17,18,21,22,25,27,30,31,32,33,34,146,147	GDP,MG	None	None	None	None	None	None	None	None	None	None	GDP	MG	None	None	None	None	STP	XRAY	2.545	0.194	MTEYKLVVVGAGGVGKSALTIQLIQNHFVDEYEPTIEDSYRKQVVIDGETCLLDILDTAGQEEYSAMRDQYMRTGEGFLCVFAINNTKSFEDIHHYREQIKRVKDSEDVPMVLVGNKCDLPSRTVDTKQAQDLARSYGIPFIETSAKTRQGVDDAFYTLVREIRKHKE	True	34.527	47.075	90.765	90.000	90.000	90.000	/Users/mitchellparker/Desktop/rascore_build/core/6asaA_core.cif	/Users/mitchellparker/Desktop/rascore_build/rcsb/6asa.cif.gz	/Users/mitchellparker/Desktop/rascore_build/renum/6asa_renum.cif	/Users/mitchellparker/Desktop/rascore_build/rcsb_assembly/6asa-assembly-1.cif.gz	/Users/mitchellparker/Desktop/rascore_build/renum_assembly/6asa-assembly-1_renum.cif	/Users/mitchellparker/Desktop/rascore_build/sifts/6asa.xml.gz	/Users/mitchellparker/Desktop/rascore_build/pocket/6asaA_5_pocket.pdb
6asaA	6asa	0	A	Outlier	Outlier	Y32out	Y71out	P 21 21 21 (CF16)	6asaA6	6	GTPase KRas	RASK_HUMAN	P01116-2	D33E	D33	KRAS	2P	Other	None	None	None	None	Multiple-Unbound	P 21 21 21	168	1-167	2017-08-24	Other	339.6591	0.0004	Unbound	Unbound	11,12,61,62,86,88,89,92,96	GDP,MG	None	None	None	None	None	None	None	None	None	None	GDP	MG	None	None	None	None	STP	XRAY	2.545	0.194	MTEYKLVVVGAGGVGKSALTIQLIQNHFVDEYEPTIEDSYRKQVVIDGETCLLDILDTAGQEEYSAMRDQYMRTGEGFLCVFAINNTKSFEDIHHYREQIKRVKDSEDVPMVLVGNKCDLPSRTVDTKQAQDLARSYGIPFIETSAKTRQGVDDAFYTLVREIRKHKE	True	34.527	47.075	90.765	90.000	90.000	90.000	/Users/mitchellparker/Desktop/rascore_build/core/6asaA_core.cif	/Users/mitchellparker/Desktop/rascore_build/rcsb/6asa.cif.gz	/Users/mitchellparker/Desktop/rascore_build/renum/6asa_renum.cif	/Users/mitchellparker/Desktop/rascore_build/rcsb_assembly/6asa-assembly-1.cif.gz	/Users/mitchellparker/Desktop/rascore_build/renum_assembly/6asa-assembly-1_renum.cif	/Users/mitchellparker/Desktop/rascore_build/sifts/6asa.xml.gz	/Users/mitchellparker/Desktop/rascore_build/pocket/6asaA_6_pocket.pdb
6asaA	6asa	0	A	Outlier	Outlier	Y32out	Y71out	P 21 21 21 (CF16)	6asaA7	7	GTPase KRas	RASK_HUMAN	P01116-2	D33E	D33	KRAS	2P	Other	None	None	None	None	Multiple-Unbound	P 21 21 21	168	1-167	2017-08-24	Other	216.6287	0.0031	Unbound	Unbound	21,24,25,26,29,32,40	GDP,MG	None	None	None	None	None	None	None	None	None	None	GDP	MG	None	None	None	None	STP	XRAY	2.545	0.194	MTEYKLVVVGAGGVGKSALTIQLIQNHFVDEYEPTIEDSYRKQVVIDGETCLLDILDTAGQEEYSAMRDQYMRTGEGFLCVFAINNTKSFEDIHHYREQIKRVKDSEDVPMVLVGNKCDLPSRTVDTKQAQDLARSYGIPFIETSAKTRQGVDDAFYTLVREIRKHKE	True	34.527	47.075	90.765	90.000	90.000	90.000	/Users/mitchellparker/Desktop/rascore_build/core/6asaA_core.cif	/Users/mitchellparker/Desktop/rascore_build/rcsb/6asa.cif.gz	/Users/mitchellparker/Desktop/rascore_build/renum/6asa_renum.cif	/Users/mitchellparker/Desktop/rascore_build/rcsb_assembly/6asa-assembly-1.cif.gz	/Users/mitchellparker/Desktop/rascore_build/renum_assembly/6asa-assembly-1_renum.cif	/Users/mitchellparker/Desktop/rascore_build/sifts/6asa.xml.gz	/Users/mitchellparker/Desktop/rascore_build/pocket/6asaA_7_pocket.pdb
6asaA	6asa	0	A	Outlier	Outlier	Y32out	Y71out	P 21 21 21 (CF16)	6asaA8	8	GTPase KRas	RASK_HUMAN	P01116-2	D33E	D33	KRAS	2P	Other	None	None	None	None	Multiple-Unbound	P 21 21 21	168	1-167	2017-08-24	Other	327.6701	0.0186	Unbound	Unbound	107,108,109,110,137,138,139,162,165,166	GDP,MG	None	None	None	None	None	None	None	None	None	None	GDP	MG	None	None	None	None	STP	XRAY	2.545	0.194	MTEYKLVVVGAGGVGKSALTIQLIQNHFVDEYEPTIEDSYRKQVVIDGETCLLDILDTAGQEEYSAMRDQYMRTGEGFLCVFAINNTKSFEDIHHYREQIKRVKDSEDVPMVLVGNKCDLPSRTVDTKQAQDLARSYGIPFIETSAKTRQGVDDAFYTLVREIRKHKE	True	34.527	47.075	90.765	90.000	90.000	90.000	/Users/mitchellparker/Desktop/rascore_build/core/6asaA_core.cif	/Users/mitchellparker/Desktop/rascore_build/rcsb/6asa.cif.gz	/Users/mitchellparker/Desktop/rascore_build/renum/6asa_renum.cif	/Users/mitchellparker/Desktop/rascore_build/rcsb_assembly/6asa-assembly-1.cif.gz	/Users/mitchellparker/Desktop/rascore_build/renum_assembly/6asa-assembly-1_renum.cif	/Users/mitchellparker/Desktop/rascore_build/sifts/6asa.xml.gz	/Users/mitchellparker/Desktop/rascore_build/pocket/6asaA_8_pocket.pdb
6asaA	6asa	0	A	Outlier	Outlier	Y32out	Y71out	P 21 21 21 (CF16)	6asaA9	9	GTPase KRas	RASK_HUMAN	P01116-2	D33E	D33	KRAS	2P	Other	None	None	None	None	Multiple-Unbound	P 21 21 21	168	1-167	2017-08-24	Other	165.6853	0.0003	Unbound	Unbound	32,33,34,35,36,38,40	GDP,MG	None	None	None	None	None	None	None	None	None	None	GDP	MG	None	None	None	None	STP	XRAY	2.545	0.194	MTEYKLVVVGAGGVGKSALTIQLIQNHFVDEYEPTIEDSYRKQVVIDGETCLLDILDTAGQEEYSAMRDQYMRTGEGFLCVFAINNTKSFEDIHHYREQIKRVKDSEDVPMVLVGNKCDLPSRTVDTKQAQDLARSYGIPFIETSAKTRQGVDDAFYTLVREIRKHKE	True	34.527	47.075	90.765	90.000	90.000	90.000	/Users/mitchellparker/Desktop/rascore_build/core/6asaA_core.cif	/Users/mitchellparker/Desktop/rascore_build/rcsb/6asa.cif.gz	/Users/mitchellparker/Desktop/rascore_build/renum/6asa_renum.cif	/Users/mitchellparker/Desktop/rascore_build/rcsb_assembly/6asa-assembly-1.cif.gz	/Users/mitchellparker/Desktop/rascore_build/renum_assembly/6asa-assembly-1_renum.cif	/Users/mitchellparker/Desktop/rascore_build/sifts/6asa.xml.gz	/Users/mitchellparker/Desktop/rascore_build/pocket/6asaA_9_pocket.pdb
6aseA	6ase	0	A	Outlier	Outlier	Y32out	Y71out	P 21 21 21 (CF16)	6aseA1	1	GTPase KRas	RASK_HUMAN	P01116-2	A59G	A59	KRAS	2P	Other	None	None	None	None	SP12-Unbound	P 21 21 21	170	1-169	2017-08-24	SP12	387.1862	0.3168	Unbound	Unbound	5,6,7,37,38,39,54,56,67,70,71,74,75	MG,GDP	None	None	None	None	None	None	None	None	None	None	GDP	MG	None	None	None	None	STP	XRAY	1.554	0.197	GMTEYKLVVVGAGGVGKSALTIQLIQNHFVDEYDPTIEDSYRKQVVIDGETCLLDILDTGGQEEYSAMRDQYMRTGEGFLCVFAINNTKSFEDIHHYREQIKRVKDSEDVPMVLVGNKCDLPSRTVDTKQAQDLARSYGIPFIETSAKTRQGVDDAFYTLVREIRKHKEK	True	34.434	47.428	89.703	90.000	90.000	90.000	/Users/mitchellparker/Desktop/rascore_build/core/6aseA_core.cif	/Users/mitchellparker/Desktop/rascore_build/rcsb/6ase.cif.gz	/Users/mitchellparker/Desktop/rascore_build/renum/6ase_renum.cif	/Users/mitchellparker/Desktop/rascore_build/rcsb_assembly/6ase-assembly-1.cif.gz	/Users/mitchellparker/Desktop/rascore_build/renum_assembly/6ase-assembly-1_renum.cif	/Users/mitchellparker/Desktop/rascore_build/sifts/6ase.xml.gz	/Users/mitchellparker/Desktop/rascore_build/pocket/6aseA_1_pocket.pdb
6aseA	6ase	0	A	Outlier	Outlier	Y32out	Y71out	P 21 21 21 (CF16)	6aseA2	2	GTPase KRas	RASK_HUMAN	P01116-2	A59G	A59	KRAS	2P	Other	None	None	None	None	SP12-Unbound	P 21 21 21	170	1-169	2017-08-24	Other	344.1439	0.0064	Unbound	Unbound	73,74,75,76,104,106,108,109,110,163,166,167	MG,GDP	None	None	None	None	None	None	None	None	None	None	GDP	MG	None	None	None	None	STP	XRAY	1.554	0.197	GMTEYKLVVVGAGGVGKSALTIQLIQNHFVDEYDPTIEDSYRKQVVIDGETCLLDILDTGGQEEYSAMRDQYMRTGEGFLCVFAINNTKSFEDIHHYREQIKRVKDSEDVPMVLVGNKCDLPSRTVDTKQAQDLARSYGIPFIETSAKTRQGVDDAFYTLVREIRKHKEK	True	34.434	47.428	89.703	90.000	90.000	90.000	/Users/mitchellparker/Desktop/rascore_build/core/6aseA_core.cif	/Users/mitchellparker/Desktop/rascore_build/rcsb/6ase.cif.gz	/Users/mitchellparker/Desktop/rascore_build/renum/6ase_renum.cif	/Users/mitchellparker/Desktop/rascore_build/rcsb_assembly/6ase-assembly-1.cif.gz	/Users/mitchellparker/Desktop/rascore_build/renum_assembly/6ase-assembly-1_renum.cif	/Users/mitchellparker/Desktop/rascore_build/sifts/6ase.xml.gz	/Users/mitchellparker/Desktop/rascore_build/pocket/6aseA_2_pocket.pdb
6aseA	6ase	0	A	Outlier	Outlier	Y32out	Y71out	P 21 21 21 (CF16)	6aseA4	4	GTPase KRas	RASK_HUMAN	P01116-2	A59G	A59	KRAS	2P	Other	None	None	None	None	SP12-Unbound	P 21 21 21	170	1-169	2017-08-24	Other	203.5056	0.0002	Unbound	Unbound	107,108,109,110,111,137,138,139,162,165,166,169	MG,GDP	None	None	None	None	None	None	None	None	None	None	GDP	MG	None	None	None	None	STP	XRAY	1.554	0.197	GMTEYKLVVVGAGGVGKSALTIQLIQNHFVDEYDPTIEDSYRKQVVIDGETCLLDILDTGGQEEYSAMRDQYMRTGEGFLCVFAINNTKSFEDIHHYREQIKRVKDSEDVPMVLVGNKCDLPSRTVDTKQAQDLARSYGIPFIETSAKTRQGVDDAFYTLVREIRKHKEK	True	34.434	47.428	89.703	90.000	90.000	90.000	/Users/mitchellparker/Desktop/rascore_build/core/6aseA_core.cif	/Users/mitchellparker/Desktop/rascore_build/rcsb/6ase.cif.gz	/Users/mitchellparker/Desktop/rascore_build/renum/6ase_renum.cif	/Users/mitchellparker/Desktop/rascore_build/rcsb_assembly/6ase-assembly-1.cif.gz	/Users/mitchellparker/Desktop/rascore_build/renum_assembly/6ase-assembly-1_renum.cif	/Users/mitchellparker/Desktop/rascore_build/sifts/6ase.xml.gz	/Users/mitchellparker/Desktop/rascore_build/pocket/6aseA_4_pocket.pdb
6aseA	6ase	0	A	Outlier	Outlier	Y32out	Y71out	P 21 21 21 (CF16)	6aseA5	5	GTPase KRas	RASK_HUMAN	P01116-2	A59G	A59	KRAS	2P	Other	None	None	None	None	SP12-Unbound	P 21 21 21	170	1-169	2017-08-24	Other	263.9913	0.0043	Unbound	Unbound	21,24,25,26,29,32,40	MG,GDP	None	None	None	None	None	None	None	None	None	None	GDP	MG	None	None	None	None	STP	XRAY	1.554	0.197	GMTEYKLVVVGAGGVGKSALTIQLIQNHFVDEYDPTIEDSYRKQVVIDGETCLLDILDTGGQEEYSAMRDQYMRTGEGFLCVFAINNTKSFEDIHHYREQIKRVKDSEDVPMVLVGNKCDLPSRTVDTKQAQDLARSYGIPFIETSAKTRQGVDDAFYTLVREIRKHKEK	True	34.434	47.428	89.703	90.000	90.000	90.000	/Users/mitchellparker/Desktop/rascore_build/core/6aseA_core.cif	/Users/mitchellparker/Desktop/rascore_build/rcsb/6ase.cif.gz	/Users/mitchellparker/Desktop/rascore_build/renum/6ase_renum.cif	/Users/mitchellparker/Desktop/rascore_build/rcsb_assembly/6ase-assembly-1.cif.gz	/Users/mitchellparker/Desktop/rascore_build/renum_assembly/6ase-assembly-1_renum.cif	/Users/mitchellparker/Desktop/rascore_build/sifts/6ase.xml.gz	/Users/mitchellparker/Desktop/rascore_build/pocket/6aseA_5_pocket.pdb
6aseA	6ase	0	A	Outlier	Outlier	Y32out	Y71out	P 21 21 21 (CF16)	6aseA6	6	GTPase KRas	RASK_HUMAN	P01116-2	A59G	A59	KRAS	2P	Other	None	None	None	None	SP12-Unbound	P 21 21 21	170	1-169	2017-08-24	Other	199.7718	0.0000	Unbound	Unbound	101,105,106,107	MG,GDP	None	None	None	None	None	None	None	None	None	None	GDP	MG	None	None	None	None	STP	XRAY	1.554	0.197	GMTEYKLVVVGAGGVGKSALTIQLIQNHFVDEYDPTIEDSYRKQVVIDGETCLLDILDTGGQEEYSAMRDQYMRTGEGFLCVFAINNTKSFEDIHHYREQIKRVKDSEDVPMVLVGNKCDLPSRTVDTKQAQDLARSYGIPFIETSAKTRQGVDDAFYTLVREIRKHKEK	True	34.434	47.428	89.703	90.000	90.000	90.000	/Users/mitchellparker/Desktop/rascore_build/core/6aseA_core.cif	/Users/mitchellparker/Desktop/rascore_build/rcsb/6ase.cif.gz	/Users/mitchellparker/Desktop/rascore_build/renum/6ase_renum.cif	/Users/mitchellparker/Desktop/rascore_build/rcsb_assembly/6ase-assembly-1.cif.gz	/Users/mitchellparker/Desktop/rascore_build/renum_assembly/6ase-assembly-1_renum.cif	/Users/mitchellparker/Desktop/rascore_build/sifts/6ase.xml.gz	/Users/mitchellparker/Desktop/rascore_build/pocket/6aseA_6_pocket.pdb
6aseA	6ase	0	A	Outlier	Outlier	Y32out	Y71out	P 21 21 21 (CF16)	6aseA7	7	GTPase KRas	RASK_HUMAN	P01116-2	A59G	A59	KRAS	2P	Other	None	None	None	None	SP12-Unbound	P 21 21 21	170	1-169	2017-08-24	Other	269.8930	0.0002	Unbound	Unbound	36,37,64,65,66,67,71	MG,GDP	None	None	None	None	None	None	None	None	None	None	GDP	MG	None	None	None	None	STP	XRAY	1.554	0.197	GMTEYKLVVVGAGGVGKSALTIQLIQNHFVDEYDPTIEDSYRKQVVIDGETCLLDILDTGGQEEYSAMRDQYMRTGEGFLCVFAINNTKSFEDIHHYREQIKRVKDSEDVPMVLVGNKCDLPSRTVDTKQAQDLARSYGIPFIETSAKTRQGVDDAFYTLVREIRKHKEK	True	34.434	47.428	89.703	90.000	90.000	90.000	/Users/mitchellparker/Desktop/rascore_build/core/6aseA_core.cif	/Users/mitchellparker/Desktop/rascore_build/rcsb/6ase.cif.gz	/Users/mitchellparker/Desktop/rascore_build/renum/6ase_renum.cif	/Users/mitchellparker/Desktop/rascore_build/rcsb_assembly/6ase-assembly-1.cif.gz	/Users/mitchellparker/Desktop/rascore_build/renum_assembly/6ase-assembly-1_renum.cif	/Users/mitchellparker/Desktop/rascore_build/sifts/6ase.xml.gz	/Users/mitchellparker/Desktop/rascore_build/pocket/6aseA_7_pocket.pdb
6axgB	6axg	0	B	Disordered	Outlier	Disordered	Y71in	P 32 1 2 (CF1)	6axgB1	1	GTPase HRas	RASH_HUMAN	P01112	WT	WT	HRAS	0P	WT	None	None	GEF.CDC25	Homodimer	SP2-Unbound	P 32 1 2	170	1-26:33-117:122-166	2017-09-06	SP2	244.1130	0.0006	Unbound	Unbound	62,63,68,71,72,95,96,99	None	RAS guanyl-releasing protein 4	None	A:60,59,12,64,63,65,66,67,73,69,70,56,74,54,41,3,37,34,36,35,61,40,57,17,21,18,102,68	GRP4_HUMAN	None	None	None	RasGEF	None	A	None	None	None	None	None	None	STP	XRAY	3.302	0.230	GAMAMTEYKLVVVGAGGVGKSALTIQLIQNHFVDEYDPTIEDSYRKQVVIDGETCLLDILDTAGQEEYSAMRDQYMRTGEGFLCVFAINNTKSFEDIHQYREQIKRVKDSDDVPMVLVGNKCDLAARTVESRQAQDLARSYGIPYIETSAKTRQGVEDAFYTLVREIRQH	True	114.105	114.105	680.872	90.00	90.00	120.00	/Users/mitchellparker/Desktop/rascore_build/core/6axgB_core.cif	/Users/mitchellparker/Desktop/rascore_build/rcsb/6axg.cif.gz	/Users/mitchellparker/Desktop/rascore_build/renum/6axg_renum.cif	/Users/mitchellparker/Desktop/rascore_build/rcsb_assembly/6axg-assembly-5.cif.gz	/Users/mitchellparker/Desktop/rascore_build/renum_assembly/6axg-assembly-5_renum.cif	/Users/mitchellparker/Desktop/rascore_build/sifts/6axg.xml.gz	/Users/mitchellparker/Desktop/rascore_build/pocket/6axgB_1_pocket.pdb
6axgB	6axg	0	B	Disordered	Outlier	Disordered	Y71in	P 32 1 2 (CF1)	6axgB2	2	GTPase HRas	RASH_HUMAN	P01112	WT	WT	HRAS	0P	WT	None	None	GEF.CDC25	Homodimer	SP2-Unbound	P 32 1 2	170	1-26:33-117:122-166	2017-09-06	Other	206.0624	0.0007	Unbound	Unbound	76,104,110,163,166	None	RAS guanyl-releasing protein 4	None	A:60,59,12,64,63,65,66,67,73,69,70,56,74,54,41,3,37,34,36,35,61,40,57,17,21,18,102,68	GRP4_HUMAN	None	None	None	RasGEF	None	A	None	None	None	None	None	None	STP	XRAY	3.302	0.230	GAMAMTEYKLVVVGAGGVGKSALTIQLIQNHFVDEYDPTIEDSYRKQVVIDGETCLLDILDTAGQEEYSAMRDQYMRTGEGFLCVFAINNTKSFEDIHQYREQIKRVKDSDDVPMVLVGNKCDLAARTVESRQAQDLARSYGIPYIETSAKTRQGVEDAFYTLVREIRQH	True	114.105	114.105	680.872	90.00	90.00	120.00	/Users/mitchellparker/Desktop/rascore_build/core/6axgB_core.cif	/Users/mitchellparker/Desktop/rascore_build/rcsb/6axg.cif.gz	/Users/mitchellparker/Desktop/rascore_build/renum/6axg_renum.cif	/Users/mitchellparker/Desktop/rascore_build/rcsb_assembly/6axg-assembly-5.cif.gz	/Users/mitchellparker/Desktop/rascore_build/renum_assembly/6axg-assembly-5_renum.cif	/Users/mitchellparker/Desktop/rascore_build/sifts/6axg.xml.gz	/Users/mitchellparker/Desktop/rascore_build/pocket/6axgB_2_pocket.pdb
6axgD	6axg	0	D	Disordered	Outlier	Y32out	Y71in	P 32 1 2 (CF1)	6axgD1	1	GTPase HRas	RASH_HUMAN	P01112	WT	WT	HRAS	0P	WT	None	None	GEF.CDC25	Homodimer	SP2-Unbound	P 32 1 2	170	1-24:30-118:122-166	2017-09-06	Other	527.1622	0.9534	Unbound	Unbound	93,94,97,98,101,107,108,109,110,111,113,133,134,137,138,139,162,165,166	None	RAS guanyl-releasing protein 4	None	C:63,59,60,12,64,65,66,70,67,73,69,103,74,5,54,37,41,36,35,34,39,61,57,56,40,17,21,33,18,30,102,68	GRP4_HUMAN	None	None	None	RasGEF	None	C	None	None	None	None	None	None	STP	XRAY	3.302	0.230	GAMAMTEYKLVVVGAGGVGKSALTIQLIQNHFVDEYDPTIEDSYRKQVVIDGETCLLDILDTAGQEEYSAMRDQYMRTGEGFLCVFAINNTKSFEDIHQYREQIKRVKDSDDVPMVLVGNKCDLAARTVESRQAQDLARSYGIPYIETSAKTRQGVEDAFYTLVREIRQH	True	114.105	114.105	680.872	90.00	90.00	120.00	/Users/mitchellparker/Desktop/rascore_build/core/6axgD_core.cif	/Users/mitchellparker/Desktop/rascore_build/rcsb/6axg.cif.gz	/Users/mitchellparker/Desktop/rascore_build/renum/6axg_renum.cif	/Users/mitchellparker/Desktop/rascore_build/rcsb_assembly/6axg-assembly-5.cif.gz	/Users/mitchellparker/Desktop/rascore_build/renum_assembly/6axg-assembly-5_renum.cif	/Users/mitchellparker/Desktop/rascore_build/sifts/6axg.xml.gz	/Users/mitchellparker/Desktop/rascore_build/pocket/6axgD_1_pocket.pdb
6axgD	6axg	0	D	Disordered	Outlier	Y32out	Y71in	P 32 1 2 (CF1)	6axgD2	2	GTPase HRas	RASH_HUMAN	P01112	WT	WT	HRAS	0P	WT	None	None	GEF.CDC25	Homodimer	SP2-Unbound	P 32 1 2	170	1-24:30-118:122-166	2017-09-06	Other	244.9926	0.0001	Unbound	Unbound	98,101,102,105,106,107	None	RAS guanyl-releasing protein 4	None	C:63,59,60,12,64,65,66,70,67,73,69,103,74,5,54,37,41,36,35,34,39,61,57,56,40,17,21,33,18,30,102,68	GRP4_HUMAN	None	None	None	RasGEF	None	C	None	None	None	None	None	None	STP	XRAY	3.302	0.230	GAMAMTEYKLVVVGAGGVGKSALTIQLIQNHFVDEYDPTIEDSYRKQVVIDGETCLLDILDTAGQEEYSAMRDQYMRTGEGFLCVFAINNTKSFEDIHQYREQIKRVKDSDDVPMVLVGNKCDLAARTVESRQAQDLARSYGIPYIETSAKTRQGVEDAFYTLVREIRQH	True	114.105	114.105	680.872	90.00	90.00	120.00	/Users/mitchellparker/Desktop/rascore_build/core/6axgD_core.cif	/Users/mitchellparker/Desktop/rascore_build/rcsb/6axg.cif.gz	/Users/mitchellparker/Desktop/rascore_build/renum/6axg_renum.cif	/Users/mitchellparker/Desktop/rascore_build/rcsb_assembly/6axg-assembly-5.cif.gz	/Users/mitchellparker/Desktop/rascore_build/renum_assembly/6axg-assembly-5_renum.cif	/Users/mitchellparker/Desktop/rascore_build/sifts/6axg.xml.gz	/Users/mitchellparker/Desktop/rascore_build/pocket/6axgD_2_pocket.pdb
6axgD	6axg	0	D	Disordered	Outlier	Y32out	Y71in	P 32 1 2 (CF1)	6axgD3	3	GTPase HRas	RASH_HUMAN	P01112	WT	WT	HRAS	0P	WT	None	None	GEF.CDC25	Homodimer	SP2-Unbound	P 32 1 2	170	1-24:30-118:122-166	2017-09-06	Other	393.6107	0.0025	Unbound	Unbound	73,74,75,76,104,106,108,109,110,163,166	None	RAS guanyl-releasing protein 4	None	C:63,59,60,12,64,65,66,70,67,73,69,103,74,5,54,37,41,36,35,34,39,61,57,56,40,17,21,33,18,30,102,68	GRP4_HUMAN	None	None	None	RasGEF	None	C	None	None	None	None	None	None	STP	XRAY	3.302	0.230	GAMAMTEYKLVVVGAGGVGKSALTIQLIQNHFVDEYDPTIEDSYRKQVVIDGETCLLDILDTAGQEEYSAMRDQYMRTGEGFLCVFAINNTKSFEDIHQYREQIKRVKDSDDVPMVLVGNKCDLAARTVESRQAQDLARSYGIPYIETSAKTRQGVEDAFYTLVREIRQH	True	114.105	114.105	680.872	90.00	90.00	120.00	/Users/mitchellparker/Desktop/rascore_build/core/6axgD_core.cif	/Users/mitchellparker/Desktop/rascore_build/rcsb/6axg.cif.gz	/Users/mitchellparker/Desktop/rascore_build/renum/6axg_renum.cif	/Users/mitchellparker/Desktop/rascore_build/rcsb_assembly/6axg-assembly-5.cif.gz	/Users/mitchellparker/Desktop/rascore_build/renum_assembly/6axg-assembly-5_renum.cif	/Users/mitchellparker/Desktop/rascore_build/sifts/6axg.xml.gz	/Users/mitchellparker/Desktop/rascore_build/pocket/6axgD_3_pocket.pdb
6axgD	6axg	0	D	Disordered	Outlier	Y32out	Y71in	P 32 1 2 (CF1)	6axgD4	4	GTPase HRas	RASH_HUMAN	P01112	WT	WT	HRAS	0P	WT	None	None	GEF.CDC25	Homodimer	SP2-Unbound	P 32 1 2	170	1-24:30-118:122-166	2017-09-06	Other	313.8235	0.0016	Unbound	Unbound	24,31,32,33,36,38,39,41,42	None	RAS guanyl-releasing protein 4	None	C:63,59,60,12,64,65,66,70,67,73,69,103,74,5,54,37,41,36,35,34,39,61,57,56,40,17,21,33,18,30,102,68	GRP4_HUMAN	None	None	None	RasGEF	None	C	None	None	None	None	None	None	STP	XRAY	3.302	0.230	GAMAMTEYKLVVVGAGGVGKSALTIQLIQNHFVDEYDPTIEDSYRKQVVIDGETCLLDILDTAGQEEYSAMRDQYMRTGEGFLCVFAINNTKSFEDIHQYREQIKRVKDSDDVPMVLVGNKCDLAARTVESRQAQDLARSYGIPYIETSAKTRQGVEDAFYTLVREIRQH	True	114.105	114.105	680.872	90.00	90.00	120.00	/Users/mitchellparker/Desktop/rascore_build/core/6axgD_core.cif	/Users/mitchellparker/Desktop/rascore_build/rcsb/6axg.cif.gz	/Users/mitchellparker/Desktop/rascore_build/renum/6axg_renum.cif	/Users/mitchellparker/Desktop/rascore_build/rcsb_assembly/6axg-assembly-5.cif.gz	/Users/mitchellparker/Desktop/rascore_build/renum_assembly/6axg-assembly-5_renum.cif	/Users/mitchellparker/Desktop/rascore_build/sifts/6axg.xml.gz	/Users/mitchellparker/Desktop/rascore_build/pocket/6axgD_4_pocket.pdb
6axgD	6axg	0	D	Disordered	Outlier	Y32out	Y71in	P 32 1 2 (CF1)	6axgD5	5	GTPase HRas	RASH_HUMAN	P01112	WT	WT	HRAS	0P	WT	None	None	GEF.CDC25	Homodimer	SP2-Unbound	P 32 1 2	170	1-24:30-118:122-166	2017-09-06	Other	255.0123	0.0009	Unbound	Unbound	22,23,149,151,152,153,154	None	RAS guanyl-releasing protein 4	None	C:63,59,60,12,64,65,66,70,67,73,69,103,74,5,54,37,41,36,35,34,39,61,57,56,40,17,21,33,18,30,102,68	GRP4_HUMAN	None	None	None	RasGEF	None	C	None	None	None	None	None	None	STP	XRAY	3.302	0.230	GAMAMTEYKLVVVGAGGVGKSALTIQLIQNHFVDEYDPTIEDSYRKQVVIDGETCLLDILDTAGQEEYSAMRDQYMRTGEGFLCVFAINNTKSFEDIHQYREQIKRVKDSDDVPMVLVGNKCDLAARTVESRQAQDLARSYGIPYIETSAKTRQGVEDAFYTLVREIRQH	True	114.105	114.105	680.872	90.00	90.00	120.00	/Users/mitchellparker/Desktop/rascore_build/core/6axgD_core.cif	/Users/mitchellparker/Desktop/rascore_build/rcsb/6axg.cif.gz	/Users/mitchellparker/Desktop/rascore_build/renum/6axg_renum.cif	/Users/mitchellparker/Desktop/rascore_build/rcsb_assembly/6axg-assembly-5.cif.gz	/Users/mitchellparker/Desktop/rascore_build/renum_assembly/6axg-assembly-5_renum.cif	/Users/mitchellparker/Desktop/rascore_build/sifts/6axg.xml.gz	/Users/mitchellparker/Desktop/rascore_build/pocket/6axgD_5_pocket.pdb
6axgD	6axg	0	D	Disordered	Outlier	Y32out	Y71in	P 32 1 2 (CF1)	6axgD6	6	GTPase HRas	RASH_HUMAN	P01112	WT	WT	HRAS	0P	WT	None	None	GEF.CDC25	Homodimer	SP2-Unbound	P 32 1 2	170	1-24:30-118:122-166	2017-09-06	SP2	304.9746	0.0002	Unbound	Unbound	62,63,68,92,95,96,99	None	RAS guanyl-releasing protein 4	None	C:63,59,60,12,64,65,66,70,67,73,69,103,74,5,54,37,41,36,35,34,39,61,57,56,40,17,21,33,18,30,102,68	GRP4_HUMAN	None	None	None	RasGEF	None	C	None	None	None	None	None	None	STP	XRAY	3.302	0.230	GAMAMTEYKLVVVGAGGVGKSALTIQLIQNHFVDEYDPTIEDSYRKQVVIDGETCLLDILDTAGQEEYSAMRDQYMRTGEGFLCVFAINNTKSFEDIHQYREQIKRVKDSDDVPMVLVGNKCDLAARTVESRQAQDLARSYGIPYIETSAKTRQGVEDAFYTLVREIRQH	True	114.105	114.105	680.872	90.00	90.00	120.00	/Users/mitchellparker/Desktop/rascore_build/core/6axgD_core.cif	/Users/mitchellparker/Desktop/rascore_build/rcsb/6axg.cif.gz	/Users/mitchellparker/Desktop/rascore_build/renum/6axg_renum.cif	/Users/mitchellparker/Desktop/rascore_build/rcsb_assembly/6axg-assembly-5.cif.gz	/Users/mitchellparker/Desktop/rascore_build/renum_assembly/6axg-assembly-5_renum.cif	/Users/mitchellparker/Desktop/rascore_build/sifts/6axg.xml.gz	/Users/mitchellparker/Desktop/rascore_build/pocket/6axgD_6_pocket.pdb
6axgD	6axg	0	D	Disordered	Outlier	Y32out	Y71in	P 32 1 2 (CF1)	6axgD7	7	GTPase HRas	RASH_HUMAN	P01112	WT	WT	HRAS	0P	WT	None	None	GEF.CDC25	Homodimer	SP2-Unbound	P 32 1 2	170	1-24:30-118:122-166	2017-09-06	Other	277.5735	0.0048	Unbound	Unbound	85,117,118,122,123	None	RAS guanyl-releasing protein 4	None	C:63,59,60,12,64,65,66,70,67,73,69,103,74,5,54,37,41,36,35,34,39,61,57,56,40,17,21,33,18,30,102,68	GRP4_HUMAN	None	None	None	RasGEF	None	C	None	None	None	None	None	None	STP	XRAY	3.302	0.230	GAMAMTEYKLVVVGAGGVGKSALTIQLIQNHFVDEYDPTIEDSYRKQVVIDGETCLLDILDTAGQEEYSAMRDQYMRTGEGFLCVFAINNTKSFEDIHQYREQIKRVKDSDDVPMVLVGNKCDLAARTVESRQAQDLARSYGIPYIETSAKTRQGVEDAFYTLVREIRQH	True	114.105	114.105	680.872	90.00	90.00	120.00	/Users/mitchellparker/Desktop/rascore_build/core/6axgD_core.cif	/Users/mitchellparker/Desktop/rascore_build/rcsb/6axg.cif.gz	/Users/mitchellparker/Desktop/rascore_build/renum/6axg_renum.cif	/Users/mitchellparker/Desktop/rascore_build/rcsb_assembly/6axg-assembly-5.cif.gz	/Users/mitchellparker/Desktop/rascore_build/renum_assembly/6axg-assembly-5_renum.cif	/Users/mitchellparker/Desktop/rascore_build/sifts/6axg.xml.gz	/Users/mitchellparker/Desktop/rascore_build/pocket/6axgD_7_pocket.pdb
6axgF	6axg	0	F	Disordered	Outlier	Y32out	Y71in	P 32 1 2 (CF1)	6axgF1	1	GTPase HRas	RASH_HUMAN	P01112	WT	WT	HRAS	0P	WT	None	None	GEF.CDC25	Homodimer	SP2-Unbound	P 32 1 2	170	1-25:30-117:122-166	2017-09-06	SP2	221.3784	0.0001	Unbound	Unbound	62,63,68,71,95,96,99	None	RAS guanyl-releasing protein 4	None	E:63,59,60,12,64,65,70,67,66,73,69,56,74,54,5,3,37,41,36,35,34,61,40,17,21,33,18,68,102,103	GRP4_HUMAN	None	None	None	RasGEF	None	E	None	None	None	None	None	None	STP	XRAY	3.302	0.230	GAMAMTEYKLVVVGAGGVGKSALTIQLIQNHFVDEYDPTIEDSYRKQVVIDGETCLLDILDTAGQEEYSAMRDQYMRTGEGFLCVFAINNTKSFEDIHQYREQIKRVKDSDDVPMVLVGNKCDLAARTVESRQAQDLARSYGIPYIETSAKTRQGVEDAFYTLVREIRQH	True	114.105	114.105	680.872	90.00	90.00	120.00	/Users/mitchellparker/Desktop/rascore_build/core/6axgF_core.cif	/Users/mitchellparker/Desktop/rascore_build/rcsb/6axg.cif.gz	/Users/mitchellparker/Desktop/rascore_build/renum/6axg_renum.cif	/Users/mitchellparker/Desktop/rascore_build/rcsb_assembly/6axg-assembly-5.cif.gz	/Users/mitchellparker/Desktop/rascore_build/renum_assembly/6axg-assembly-5_renum.cif	/Users/mitchellparker/Desktop/rascore_build/sifts/6axg.xml.gz	/Users/mitchellparker/Desktop/rascore_build/pocket/6axgF_1_pocket.pdb
6axgF	6axg	0	F	Disordered	Outlier	Y32out	Y71in	P 32 1 2 (CF1)	6axgF2	2	GTPase HRas	RASH_HUMAN	P01112	WT	WT	HRAS	0P	WT	None	None	GEF.CDC25	Homodimer	SP2-Unbound	P 32 1 2	170	1-25:30-117:122-166	2017-09-06	Other	256.6779	0.0004	Unbound	Unbound	22,23,150,151,152,153,154	None	RAS guanyl-releasing protein 4	None	E:63,59,60,12,64,65,70,67,66,73,69,56,74,54,5,3,37,41,36,35,34,61,40,17,21,33,18,68,102,103	GRP4_HUMAN	None	None	None	RasGEF	None	E	None	None	None	None	None	None	STP	XRAY	3.302	0.230	GAMAMTEYKLVVVGAGGVGKSALTIQLIQNHFVDEYDPTIEDSYRKQVVIDGETCLLDILDTAGQEEYSAMRDQYMRTGEGFLCVFAINNTKSFEDIHQYREQIKRVKDSDDVPMVLVGNKCDLAARTVESRQAQDLARSYGIPYIETSAKTRQGVEDAFYTLVREIRQH	True	114.105	114.105	680.872	90.00	90.00	120.00	/Users/mitchellparker/Desktop/rascore_build/core/6axgF_core.cif	/Users/mitchellparker/Desktop/rascore_build/rcsb/6axg.cif.gz	/Users/mitchellparker/Desktop/rascore_build/renum/6axg_renum.cif	/Users/mitchellparker/Desktop/rascore_build/rcsb_assembly/6axg-assembly-5.cif.gz	/Users/mitchellparker/Desktop/rascore_build/renum_assembly/6axg-assembly-5_renum.cif	/Users/mitchellparker/Desktop/rascore_build/sifts/6axg.xml.gz	/Users/mitchellparker/Desktop/rascore_build/pocket/6axgF_2_pocket.pdb
6axgF	6axg	0	F	Disordered	Outlier	Y32out	Y71in	P 32 1 2 (CF1)	6axgF3	3	GTPase HRas	RASH_HUMAN	P01112	WT	WT	HRAS	0P	WT	None	None	GEF.CDC25	Homodimer	SP2-Unbound	P 32 1 2	170	1-25:30-117:122-166	2017-09-06	Other	402.9207	0.0002	Unbound	Unbound	98,101,102,105,106,107	None	RAS guanyl-releasing protein 4	None	E:63,59,60,12,64,65,70,67,66,73,69,56,74,54,5,3,37,41,36,35,34,61,40,17,21,33,18,68,102,103	GRP4_HUMAN	None	None	None	RasGEF	None	E	None	None	None	None	None	None	STP	XRAY	3.302	0.230	GAMAMTEYKLVVVGAGGVGKSALTIQLIQNHFVDEYDPTIEDSYRKQVVIDGETCLLDILDTAGQEEYSAMRDQYMRTGEGFLCVFAINNTKSFEDIHQYREQIKRVKDSDDVPMVLVGNKCDLAARTVESRQAQDLARSYGIPYIETSAKTRQGVEDAFYTLVREIRQH	True	114.105	114.105	680.872	90.00	90.00	120.00	/Users/mitchellparker/Desktop/rascore_build/core/6axgF_core.cif	/Users/mitchellparker/Desktop/rascore_build/rcsb/6axg.cif.gz	/Users/mitchellparker/Desktop/rascore_build/renum/6axg_renum.cif	/Users/mitchellparker/Desktop/rascore_build/rcsb_assembly/6axg-assembly-5.cif.gz	/Users/mitchellparker/Desktop/rascore_build/renum_assembly/6axg-assembly-5_renum.cif	/Users/mitchellparker/Desktop/rascore_build/sifts/6axg.xml.gz	/Users/mitchellparker/Desktop/rascore_build/pocket/6axgF_3_pocket.pdb
6axgF	6axg	0	F	Disordered	Outlier	Y32out	Y71in	P 32 1 2 (CF1)	6axgF4	4	GTPase HRas	RASH_HUMAN	P01112	WT	WT	HRAS	0P	WT	None	None	GEF.CDC25	Homodimer	SP2-Unbound	P 32 1 2	170	1-25:30-117:122-166	2017-09-06	Other	266.3513	0.0006	Unbound	Unbound	1,2,4,49,50,164	None	RAS guanyl-releasing protein 4	None	E:63,59,60,12,64,65,70,67,66,73,69,56,74,54,5,3,37,41,36,35,34,61,40,17,21,33,18,68,102,103	GRP4_HUMAN	None	None	None	RasGEF	None	E	None	None	None	None	None	None	STP	XRAY	3.302	0.230	GAMAMTEYKLVVVGAGGVGKSALTIQLIQNHFVDEYDPTIEDSYRKQVVIDGETCLLDILDTAGQEEYSAMRDQYMRTGEGFLCVFAINNTKSFEDIHQYREQIKRVKDSDDVPMVLVGNKCDLAARTVESRQAQDLARSYGIPYIETSAKTRQGVEDAFYTLVREIRQH	True	114.105	114.105	680.872	90.00	90.00	120.00	/Users/mitchellparker/Desktop/rascore_build/core/6axgF_core.cif	/Users/mitchellparker/Desktop/rascore_build/rcsb/6axg.cif.gz	/Users/mitchellparker/Desktop/rascore_build/renum/6axg_renum.cif	/Users/mitchellparker/Desktop/rascore_build/rcsb_assembly/6axg-assembly-5.cif.gz	/Users/mitchellparker/Desktop/rascore_build/renum_assembly/6axg-assembly-5_renum.cif	/Users/mitchellparker/Desktop/rascore_build/sifts/6axg.xml.gz	/Users/mitchellparker/Desktop/rascore_build/pocket/6axgF_4_pocket.pdb
6axgH	6axg	0	H	Disordered	Outlier	Y32out	Y71in	P 32 1 2 (CF1)	6axgH1	1	GTPase HRas	RASH_HUMAN	P01112	WT	WT	HRAS	0P	WT	None	None	GEF.CDC25	Homodimer	SP2-Unbound	P 32 1 2	170	1-25:30-116:122-166	2017-09-06	Other	345.9115	0.0008	Unbound	Unbound	43,44,45,50,157	None	RAS guanyl-releasing protein 4	None	G:60,63,59,64,65,66,67,70,73,69,56,74,5,3,54,41,37,38,36,34,39,61,35,57,40,17,21,33,18,68,102	GRP4_HUMAN	None	None	None	RasGEF	None	G	None	None	None	None	None	None	STP	XRAY	3.302	0.230	GAMAMTEYKLVVVGAGGVGKSALTIQLIQNHFVDEYDPTIEDSYRKQVVIDGETCLLDILDTAGQEEYSAMRDQYMRTGEGFLCVFAINNTKSFEDIHQYREQIKRVKDSDDVPMVLVGNKCDLAARTVESRQAQDLARSYGIPYIETSAKTRQGVEDAFYTLVREIRQH	True	114.105	114.105	680.872	90.00	90.00	120.00	/Users/mitchellparker/Desktop/rascore_build/core/6axgH_core.cif	/Users/mitchellparker/Desktop/rascore_build/rcsb/6axg.cif.gz	/Users/mitchellparker/Desktop/rascore_build/renum/6axg_renum.cif	/Users/mitchellparker/Desktop/rascore_build/rcsb_assembly/6axg-assembly-5.cif.gz	/Users/mitchellparker/Desktop/rascore_build/renum_assembly/6axg-assembly-5_renum.cif	/Users/mitchellparker/Desktop/rascore_build/sifts/6axg.xml.gz	/Users/mitchellparker/Desktop/rascore_build/pocket/6axgH_1_pocket.pdb
6axgH	6axg	0	H	Disordered	Outlier	Y32out	Y71in	P 32 1 2 (CF1)	6axgH2	2	GTPase HRas	RASH_HUMAN	P01112	WT	WT	HRAS	0P	WT	None	None	GEF.CDC25	Homodimer	SP2-Unbound	P 32 1 2	170	1-25:30-116:122-166	2017-09-06	Other	434.5004	0.0042	Unbound	Unbound	4,76,104,106,108,109,110,163,166	None	RAS guanyl-releasing protein 4	None	G:60,63,59,64,65,66,67,70,73,69,56,74,5,3,54,41,37,38,36,34,39,61,35,57,40,17,21,33,18,68,102	GRP4_HUMAN	None	None	None	RasGEF	None	G	None	None	None	None	None	None	STP	XRAY	3.302	0.230	GAMAMTEYKLVVVGAGGVGKSALTIQLIQNHFVDEYDPTIEDSYRKQVVIDGETCLLDILDTAGQEEYSAMRDQYMRTGEGFLCVFAINNTKSFEDIHQYREQIKRVKDSDDVPMVLVGNKCDLAARTVESRQAQDLARSYGIPYIETSAKTRQGVEDAFYTLVREIRQH	True	114.105	114.105	680.872	90.00	90.00	120.00	/Users/mitchellparker/Desktop/rascore_build/core/6axgH_core.cif	/Users/mitchellparker/Desktop/rascore_build/rcsb/6axg.cif.gz	/Users/mitchellparker/Desktop/rascore_build/renum/6axg_renum.cif	/Users/mitchellparker/Desktop/rascore_build/rcsb_assembly/6axg-assembly-5.cif.gz	/Users/mitchellparker/Desktop/rascore_build/renum_assembly/6axg-assembly-5_renum.cif	/Users/mitchellparker/Desktop/rascore_build/sifts/6axg.xml.gz	/Users/mitchellparker/Desktop/rascore_build/pocket/6axgH_2_pocket.pdb
6axgH	6axg	0	H	Disordered	Outlier	Y32out	Y71in	P 32 1 2 (CF1)	6axgH3	3	GTPase HRas	RASH_HUMAN	P01112	WT	WT	HRAS	0P	WT	None	None	GEF.CDC25	Homodimer	SP2-Unbound	P 32 1 2	170	1-25:30-116:122-166	2017-09-06	Other	259.7255	0.0005	Unbound	Unbound	94,95,98,99,102	None	RAS guanyl-releasing protein 4	None	G:60,63,59,64,65,66,67,70,73,69,56,74,5,3,54,41,37,38,36,34,39,61,35,57,40,17,21,33,18,68,102	GRP4_HUMAN	None	None	None	RasGEF	None	G	None	None	None	None	None	None	STP	XRAY	3.302	0.230	GAMAMTEYKLVVVGAGGVGKSALTIQLIQNHFVDEYDPTIEDSYRKQVVIDGETCLLDILDTAGQEEYSAMRDQYMRTGEGFLCVFAINNTKSFEDIHQYREQIKRVKDSDDVPMVLVGNKCDLAARTVESRQAQDLARSYGIPYIETSAKTRQGVEDAFYTLVREIRQH	True	114.105	114.105	680.872	90.00	90.00	120.00	/Users/mitchellparker/Desktop/rascore_build/core/6axgH_core.cif	/Users/mitchellparker/Desktop/rascore_build/rcsb/6axg.cif.gz	/Users/mitchellparker/Desktop/rascore_build/renum/6axg_renum.cif	/Users/mitchellparker/Desktop/rascore_build/rcsb_assembly/6axg-assembly-5.cif.gz	/Users/mitchellparker/Desktop/rascore_build/renum_assembly/6axg-assembly-5_renum.cif	/Users/mitchellparker/Desktop/rascore_build/sifts/6axg.xml.gz	/Users/mitchellparker/Desktop/rascore_build/pocket/6axgH_3_pocket.pdb
6axgH	6axg	0	H	Disordered	Outlier	Y32out	Y71in	P 32 1 2 (CF1)	6axgH4	4	GTPase HRas	RASH_HUMAN	P01112	WT	WT	HRAS	0P	WT	None	None	GEF.CDC25	Homodimer	SP2-Unbound	P 32 1 2	170	1-25:30-116:122-166	2017-09-06	Other	258.9586	0.0040	Unbound	Unbound	32,33,36,38,39	None	RAS guanyl-releasing protein 4	None	G:60,63,59,64,65,66,67,70,73,69,56,74,5,3,54,41,37,38,36,34,39,61,35,57,40,17,21,33,18,68,102	GRP4_HUMAN	None	None	None	RasGEF	None	G	None	None	None	None	None	None	STP	XRAY	3.302	0.230	GAMAMTEYKLVVVGAGGVGKSALTIQLIQNHFVDEYDPTIEDSYRKQVVIDGETCLLDILDTAGQEEYSAMRDQYMRTGEGFLCVFAINNTKSFEDIHQYREQIKRVKDSDDVPMVLVGNKCDLAARTVESRQAQDLARSYGIPYIETSAKTRQGVEDAFYTLVREIRQH	True	114.105	114.105	680.872	90.00	90.00	120.00	/Users/mitchellparker/Desktop/rascore_build/core/6axgH_core.cif	/Users/mitchellparker/Desktop/rascore_build/rcsb/6axg.cif.gz	/Users/mitchellparker/Desktop/rascore_build/renum/6axg_renum.cif	/Users/mitchellparker/Desktop/rascore_build/rcsb_assembly/6axg-assembly-5.cif.gz	/Users/mitchellparker/Desktop/rascore_build/renum_assembly/6axg-assembly-5_renum.cif	/Users/mitchellparker/Desktop/rascore_build/sifts/6axg.xml.gz	/Users/mitchellparker/Desktop/rascore_build/pocket/6axgH_4_pocket.pdb
6axgH	6axg	0	H	Disordered	Outlier	Y32out	Y71in	P 32 1 2 (CF1)	6axgH5	5	GTPase HRas	RASH_HUMAN	P01112	WT	WT	HRAS	0P	WT	None	None	GEF.CDC25	Homodimer	SP2-Unbound	P 32 1 2	170	1-25:30-116:122-166	2017-09-06	Other	260.8807	0.0038	Unbound	Unbound	97,101,107,108,109,111,137,138,139	None	RAS guanyl-releasing protein 4	None	G:60,63,59,64,65,66,67,70,73,69,56,74,5,3,54,41,37,38,36,34,39,61,35,57,40,17,21,33,18,68,102	GRP4_HUMAN	None	None	None	RasGEF	None	G	None	None	None	None	None	None	STP	XRAY	3.302	0.230	GAMAMTEYKLVVVGAGGVGKSALTIQLIQNHFVDEYDPTIEDSYRKQVVIDGETCLLDILDTAGQEEYSAMRDQYMRTGEGFLCVFAINNTKSFEDIHQYREQIKRVKDSDDVPMVLVGNKCDLAARTVESRQAQDLARSYGIPYIETSAKTRQGVEDAFYTLVREIRQH	True	114.105	114.105	680.872	90.00	90.00	120.00	/Users/mitchellparker/Desktop/rascore_build/core/6axgH_core.cif	/Users/mitchellparker/Desktop/rascore_build/rcsb/6axg.cif.gz	/Users/mitchellparker/Desktop/rascore_build/renum/6axg_renum.cif	/Users/mitchellparker/Desktop/rascore_build/rcsb_assembly/6axg-assembly-5.cif.gz	/Users/mitchellparker/Desktop/rascore_build/renum_assembly/6axg-assembly-5_renum.cif	/Users/mitchellparker/Desktop/rascore_build/sifts/6axg.xml.gz	/Users/mitchellparker/Desktop/rascore_build/pocket/6axgH_5_pocket.pdb
6axgH	6axg	0	H	Disordered	Outlier	Y32out	Y71in	P 32 1 2 (CF1)	6axgH6	6	GTPase HRas	RASH_HUMAN	P01112	WT	WT	HRAS	0P	WT	None	None	GEF.CDC25	Homodimer	SP2-Unbound	P 32 1 2	170	1-25:30-116:122-166	2017-09-06	SP2	312.6546	0.0003	Unbound	Unbound	62,63,68,71,92,95,96,99	None	RAS guanyl-releasing protein 4	None	G:60,63,59,64,65,66,67,70,73,69,56,74,5,3,54,41,37,38,36,34,39,61,35,57,40,17,21,33,18,68,102	GRP4_HUMAN	None	None	None	RasGEF	None	G	None	None	None	None	None	None	STP	XRAY	3.302	0.230	GAMAMTEYKLVVVGAGGVGKSALTIQLIQNHFVDEYDPTIEDSYRKQVVIDGETCLLDILDTAGQEEYSAMRDQYMRTGEGFLCVFAINNTKSFEDIHQYREQIKRVKDSDDVPMVLVGNKCDLAARTVESRQAQDLARSYGIPYIETSAKTRQGVEDAFYTLVREIRQH	True	114.105	114.105	680.872	90.00	90.00	120.00	/Users/mitchellparker/Desktop/rascore_build/core/6axgH_core.cif	/Users/mitchellparker/Desktop/rascore_build/rcsb/6axg.cif.gz	/Users/mitchellparker/Desktop/rascore_build/renum/6axg_renum.cif	/Users/mitchellparker/Desktop/rascore_build/rcsb_assembly/6axg-assembly-5.cif.gz	/Users/mitchellparker/Desktop/rascore_build/renum_assembly/6axg-assembly-5_renum.cif	/Users/mitchellparker/Desktop/rascore_build/sifts/6axg.xml.gz	/Users/mitchellparker/Desktop/rascore_build/pocket/6axgH_6_pocket.pdb
6axgJ	6axg	0	J	Disordered	Outlier	Disordered	Y71in	P 32 1 2 (CF1)	6axgJ1	1	GTPase HRas	RASH_HUMAN	P01112	WT	WT	HRAS	0P	WT	None	None	GEF.CDC25	Homodimer	Other-Unbound	P 32 1 2	170	1-26:33-118:122-166	2017-09-06	Other	387.2497	0.0007	Unbound	Unbound	84,85,117,118,122,123,145,146,147	None	RAS guanyl-releasing protein 4	None	I:63,59,60,64,65,70,67,66,73,69,56,74,54,41,37,39,36,35,34,61,57,17,21,40,18,68,102	GRP4_HUMAN	None	None	None	RasGEF	None	I	None	None	None	None	None	None	STP	XRAY	3.302	0.230	GAMAMTEYKLVVVGAGGVGKSALTIQLIQNHFVDEYDPTIEDSYRKQVVIDGETCLLDILDTAGQEEYSAMRDQYMRTGEGFLCVFAINNTKSFEDIHQYREQIKRVKDSDDVPMVLVGNKCDLAARTVESRQAQDLARSYGIPYIETSAKTRQGVEDAFYTLVREIRQH	True	114.105	114.105	680.872	90.00	90.00	120.00	/Users/mitchellparker/Desktop/rascore_build/core/6axgJ_core.cif	/Users/mitchellparker/Desktop/rascore_build/rcsb/6axg.cif.gz	/Users/mitchellparker/Desktop/rascore_build/renum/6axg_renum.cif	/Users/mitchellparker/Desktop/rascore_build/rcsb_assembly/6axg-assembly-5.cif.gz	/Users/mitchellparker/Desktop/rascore_build/renum_assembly/6axg-assembly-5_renum.cif	/Users/mitchellparker/Desktop/rascore_build/sifts/6axg.xml.gz	/Users/mitchellparker/Desktop/rascore_build/pocket/6axgJ_1_pocket.pdb
6axgJ	6axg	0	J	Disordered	Outlier	Disordered	Y71in	P 32 1 2 (CF1)	6axgJ2	2	GTPase HRas	RASH_HUMAN	P01112	WT	WT	HRAS	0P	WT	None	None	GEF.CDC25	Homodimer	Other-Unbound	P 32 1 2	170	1-26:33-118:122-166	2017-09-06	Other	353.2451	0.0013	Unbound	Unbound	22,149,150,151,152,153,154	None	RAS guanyl-releasing protein 4	None	I:63,59,60,64,65,70,67,66,73,69,56,74,54,41,37,39,36,35,34,61,57,17,21,40,18,68,102	GRP4_HUMAN	None	None	None	RasGEF	None	I	None	None	None	None	None	None	STP	XRAY	3.302	0.230	GAMAMTEYKLVVVGAGGVGKSALTIQLIQNHFVDEYDPTIEDSYRKQVVIDGETCLLDILDTAGQEEYSAMRDQYMRTGEGFLCVFAINNTKSFEDIHQYREQIKRVKDSDDVPMVLVGNKCDLAARTVESRQAQDLARSYGIPYIETSAKTRQGVEDAFYTLVREIRQH	True	114.105	114.105	680.872	90.00	90.00	120.00	/Users/mitchellparker/Desktop/rascore_build/core/6axgJ_core.cif	/Users/mitchellparker/Desktop/rascore_build/rcsb/6axg.cif.gz	/Users/mitchellparker/Desktop/rascore_build/renum/6axg_renum.cif	/Users/mitchellparker/Desktop/rascore_build/rcsb_assembly/6axg-assembly-5.cif.gz	/Users/mitchellparker/Desktop/rascore_build/renum_assembly/6axg-assembly-5_renum.cif	/Users/mitchellparker/Desktop/rascore_build/sifts/6axg.xml.gz	/Users/mitchellparker/Desktop/rascore_build/pocket/6axgJ_2_pocket.pdb
6axgJ	6axg	0	J	Disordered	Outlier	Disordered	Y71in	P 32 1 2 (CF1)	6axgJ3	3	GTPase HRas	RASH_HUMAN	P01112	WT	WT	HRAS	0P	WT	None	None	GEF.CDC25	Homodimer	Other-Unbound	P 32 1 2	170	1-26:33-118:122-166	2017-09-06	Other	272.9018	0.0003	Unbound	Unbound	98,101,102,105,106,107	None	RAS guanyl-releasing protein 4	None	I:63,59,60,64,65,70,67,66,73,69,56,74,54,41,37,39,36,35,34,61,57,17,21,40,18,68,102	GRP4_HUMAN	None	None	None	RasGEF	None	I	None	None	None	None	None	None	STP	XRAY	3.302	0.230	GAMAMTEYKLVVVGAGGVGKSALTIQLIQNHFVDEYDPTIEDSYRKQVVIDGETCLLDILDTAGQEEYSAMRDQYMRTGEGFLCVFAINNTKSFEDIHQYREQIKRVKDSDDVPMVLVGNKCDLAARTVESRQAQDLARSYGIPYIETSAKTRQGVEDAFYTLVREIRQH	True	114.105	114.105	680.872	90.00	90.00	120.00	/Users/mitchellparker/Desktop/rascore_build/core/6axgJ_core.cif	/Users/mitchellparker/Desktop/rascore_build/rcsb/6axg.cif.gz	/Users/mitchellparker/Desktop/rascore_build/renum/6axg_renum.cif	/Users/mitchellparker/Desktop/rascore_build/rcsb_assembly/6axg-assembly-5.cif.gz	/Users/mitchellparker/Desktop/rascore_build/renum_assembly/6axg-assembly-5_renum.cif	/Users/mitchellparker/Desktop/rascore_build/sifts/6axg.xml.gz	/Users/mitchellparker/Desktop/rascore_build/pocket/6axgJ_3_pocket.pdb
6axgJ	6axg	0	J	Disordered	Outlier	Disordered	Y71in	P 32 1 2 (CF1)	6axgJ4	4	GTPase HRas	RASH_HUMAN	P01112	WT	WT	HRAS	0P	WT	None	None	GEF.CDC25	Homodimer	Other-Unbound	P 32 1 2	170	1-26:33-118:122-166	2017-09-06	Other	401.0276	0.0000	Unbound	Unbound	24,25,33,38,39,41,42,43	None	RAS guanyl-releasing protein 4	None	I:63,59,60,64,65,70,67,66,73,69,56,74,54,41,37,39,36,35,34,61,57,17,21,40,18,68,102	GRP4_HUMAN	None	None	None	RasGEF	None	I	None	None	None	None	None	None	STP	XRAY	3.302	0.230	GAMAMTEYKLVVVGAGGVGKSALTIQLIQNHFVDEYDPTIEDSYRKQVVIDGETCLLDILDTAGQEEYSAMRDQYMRTGEGFLCVFAINNTKSFEDIHQYREQIKRVKDSDDVPMVLVGNKCDLAARTVESRQAQDLARSYGIPYIETSAKTRQGVEDAFYTLVREIRQH	True	114.105	114.105	680.872	90.00	90.00	120.00	/Users/mitchellparker/Desktop/rascore_build/core/6axgJ_core.cif	/Users/mitchellparker/Desktop/rascore_build/rcsb/6axg.cif.gz	/Users/mitchellparker/Desktop/rascore_build/renum/6axg_renum.cif	/Users/mitchellparker/Desktop/rascore_build/rcsb_assembly/6axg-assembly-5.cif.gz	/Users/mitchellparker/Desktop/rascore_build/renum_assembly/6axg-assembly-5_renum.cif	/Users/mitchellparker/Desktop/rascore_build/sifts/6axg.xml.gz	/Users/mitchellparker/Desktop/rascore_build/pocket/6axgJ_4_pocket.pdb
6axgJ	6axg	0	J	Disordered	Outlier	Disordered	Y71in	P 32 1 2 (CF1)	6axgJ5	5	GTPase HRas	RASH_HUMAN	P01112	WT	WT	HRAS	0P	WT	None	None	GEF.CDC25	Homodimer	Other-Unbound	P 32 1 2	170	1-26:33-118:122-166	2017-09-06	Other	213.0984	0.0002	Unbound	Unbound	76,104,110,163,166	None	RAS guanyl-releasing protein 4	None	I:63,59,60,64,65,70,67,66,73,69,56,74,54,41,37,39,36,35,34,61,57,17,21,40,18,68,102	GRP4_HUMAN	None	None	None	RasGEF	None	I	None	None	None	None	None	None	STP	XRAY	3.302	0.230	GAMAMTEYKLVVVGAGGVGKSALTIQLIQNHFVDEYDPTIEDSYRKQVVIDGETCLLDILDTAGQEEYSAMRDQYMRTGEGFLCVFAINNTKSFEDIHQYREQIKRVKDSDDVPMVLVGNKCDLAARTVESRQAQDLARSYGIPYIETSAKTRQGVEDAFYTLVREIRQH	True	114.105	114.105	680.872	90.00	90.00	120.00	/Users/mitchellparker/Desktop/rascore_build/core/6axgJ_core.cif	/Users/mitchellparker/Desktop/rascore_build/rcsb/6axg.cif.gz	/Users/mitchellparker/Desktop/rascore_build/renum/6axg_renum.cif	/Users/mitchellparker/Desktop/rascore_build/rcsb_assembly/6axg-assembly-5.cif.gz	/Users/mitchellparker/Desktop/rascore_build/renum_assembly/6axg-assembly-5_renum.cif	/Users/mitchellparker/Desktop/rascore_build/sifts/6axg.xml.gz	/Users/mitchellparker/Desktop/rascore_build/pocket/6axgJ_5_pocket.pdb
6axgL	6axg	0	L	Disordered	Outlier	Disordered	Y71in	P 32 1 2 (CF1)	6axgL1	1	GTPase HRas	RASH_HUMAN	P01112	WT	WT	HRAS	0P	WT	None	None	GEF.CDC25	Homodimer	SP2-Unbound	P 32 1 2	170	1-25:34-118:122-166	2017-09-06	Other	335.9534	0.0041	Unbound	Unbound	94,97,98,101,107,108,109,111,133,136,137,138,139	None	RAS guanyl-releasing protein 4	None	K:59,60,12,64,63,65,66,70,67,73,69,56,74,41,54,37,36,34,35,61,57,40,17,21,18,68,102,103	GRP4_HUMAN	None	None	None	RasGEF	None	K	None	None	None	None	None	None	STP	XRAY	3.302	0.230	GAMAMTEYKLVVVGAGGVGKSALTIQLIQNHFVDEYDPTIEDSYRKQVVIDGETCLLDILDTAGQEEYSAMRDQYMRTGEGFLCVFAINNTKSFEDIHQYREQIKRVKDSDDVPMVLVGNKCDLAARTVESRQAQDLARSYGIPYIETSAKTRQGVEDAFYTLVREIRQH	True	114.105	114.105	680.872	90.00	90.00	120.00	/Users/mitchellparker/Desktop/rascore_build/core/6axgL_core.cif	/Users/mitchellparker/Desktop/rascore_build/rcsb/6axg.cif.gz	/Users/mitchellparker/Desktop/rascore_build/renum/6axg_renum.cif	/Users/mitchellparker/Desktop/rascore_build/rcsb_assembly/6axg-assembly-5.cif.gz	/Users/mitchellparker/Desktop/rascore_build/renum_assembly/6axg-assembly-5_renum.cif	/Users/mitchellparker/Desktop/rascore_build/sifts/6axg.xml.gz	/Users/mitchellparker/Desktop/rascore_build/pocket/6axgL_1_pocket.pdb
6axgL	6axg	0	L	Disordered	Outlier	Disordered	Y71in	P 32 1 2 (CF1)	6axgL2	2	GTPase HRas	RASH_HUMAN	P01112	WT	WT	HRAS	0P	WT	None	None	GEF.CDC25	Homodimer	SP2-Unbound	P 32 1 2	170	1-25:34-118:122-166	2017-09-06	SP2	240.5469	0.0005	Unbound	Unbound	62,63,68,92,95,96,99	None	RAS guanyl-releasing protein 4	None	K:59,60,12,64,63,65,66,70,67,73,69,56,74,41,54,37,36,34,35,61,57,40,17,21,18,68,102,103	GRP4_HUMAN	None	None	None	RasGEF	None	K	None	None	None	None	None	None	STP	XRAY	3.302	0.230	GAMAMTEYKLVVVGAGGVGKSALTIQLIQNHFVDEYDPTIEDSYRKQVVIDGETCLLDILDTAGQEEYSAMRDQYMRTGEGFLCVFAINNTKSFEDIHQYREQIKRVKDSDDVPMVLVGNKCDLAARTVESRQAQDLARSYGIPYIETSAKTRQGVEDAFYTLVREIRQH	True	114.105	114.105	680.872	90.00	90.00	120.00	/Users/mitchellparker/Desktop/rascore_build/core/6axgL_core.cif	/Users/mitchellparker/Desktop/rascore_build/rcsb/6axg.cif.gz	/Users/mitchellparker/Desktop/rascore_build/renum/6axg_renum.cif	/Users/mitchellparker/Desktop/rascore_build/rcsb_assembly/6axg-assembly-5.cif.gz	/Users/mitchellparker/Desktop/rascore_build/renum_assembly/6axg-assembly-5_renum.cif	/Users/mitchellparker/Desktop/rascore_build/sifts/6axg.xml.gz	/Users/mitchellparker/Desktop/rascore_build/pocket/6axgL_2_pocket.pdb
6axgL	6axg	0	L	Disordered	Outlier	Disordered	Y71in	P 32 1 2 (CF1)	6axgL3	3	GTPase HRas	RASH_HUMAN	P01112	WT	WT	HRAS	0P	WT	None	None	GEF.CDC25	Homodimer	SP2-Unbound	P 32 1 2	170	1-25:34-118:122-166	2017-09-06	Other	289.1628	0.0002	Unbound	Unbound	98,101,102,105,106,107	None	RAS guanyl-releasing protein 4	None	K:59,60,12,64,63,65,66,70,67,73,69,56,74,41,54,37,36,34,35,61,57,40,17,21,18,68,102,103	GRP4_HUMAN	None	None	None	RasGEF	None	K	None	None	None	None	None	None	STP	XRAY	3.302	0.230	GAMAMTEYKLVVVGAGGVGKSALTIQLIQNHFVDEYDPTIEDSYRKQVVIDGETCLLDILDTAGQEEYSAMRDQYMRTGEGFLCVFAINNTKSFEDIHQYREQIKRVKDSDDVPMVLVGNKCDLAARTVESRQAQDLARSYGIPYIETSAKTRQGVEDAFYTLVREIRQH	True	114.105	114.105	680.872	90.00	90.00	120.00	/Users/mitchellparker/Desktop/rascore_build/core/6axgL_core.cif	/Users/mitchellparker/Desktop/rascore_build/rcsb/6axg.cif.gz	/Users/mitchellparker/Desktop/rascore_build/renum/6axg_renum.cif	/Users/mitchellparker/Desktop/rascore_build/rcsb_assembly/6axg-assembly-5.cif.gz	/Users/mitchellparker/Desktop/rascore_build/renum_assembly/6axg-assembly-5_renum.cif	/Users/mitchellparker/Desktop/rascore_build/sifts/6axg.xml.gz	/Users/mitchellparker/Desktop/rascore_build/pocket/6axgL_3_pocket.pdb
6axgL	6axg	0	L	Disordered	Outlier	Disordered	Y71in	P 32 1 2 (CF1)	6axgL4	4	GTPase HRas	RASH_HUMAN	P01112	WT	WT	HRAS	0P	WT	None	None	GEF.CDC25	Homodimer	SP2-Unbound	P 32 1 2	170	1-25:34-118:122-166	2017-09-06	Other	444.7583	0.0021	Unbound	Unbound	73,74,75,76,104,106,108,109,110,163,166	None	RAS guanyl-releasing protein 4	None	K:59,60,12,64,63,65,66,70,67,73,69,56,74,41,54,37,36,34,35,61,57,40,17,21,18,68,102,103	GRP4_HUMAN	None	None	None	RasGEF	None	K	None	None	None	None	None	None	STP	XRAY	3.302	0.230	GAMAMTEYKLVVVGAGGVGKSALTIQLIQNHFVDEYDPTIEDSYRKQVVIDGETCLLDILDTAGQEEYSAMRDQYMRTGEGFLCVFAINNTKSFEDIHQYREQIKRVKDSDDVPMVLVGNKCDLAARTVESRQAQDLARSYGIPYIETSAKTRQGVEDAFYTLVREIRQH	True	114.105	114.105	680.872	90.00	90.00	120.00	/Users/mitchellparker/Desktop/rascore_build/core/6axgL_core.cif	/Users/mitchellparker/Desktop/rascore_build/rcsb/6axg.cif.gz	/Users/mitchellparker/Desktop/rascore_build/renum/6axg_renum.cif	/Users/mitchellparker/Desktop/rascore_build/rcsb_assembly/6axg-assembly-5.cif.gz	/Users/mitchellparker/Desktop/rascore_build/renum_assembly/6axg-assembly-5_renum.cif	/Users/mitchellparker/Desktop/rascore_build/sifts/6axg.xml.gz	/Users/mitchellparker/Desktop/rascore_build/pocket/6axgL_4_pocket.pdb
6b0vA	6b0v	0	A	Y32out.2P-OFF	Outlier	Y32out	Y71out	P 1 (CF1)	6b0vA1	1	GTPase KRas	RASK_HUMAN	P01116-2	G12C,C51S,C80L,C118S	G12,C51,C80,C118	KRAS	2P	G12C	SP2	SP2.Acrylamide	None	None	SP2-Bound	P 1	170	1-167	2017-09-15	SP2	1556.2198	0.4864	Bound	SP2	9,10,11,12,16,17,34,35,37,58,59,60,61,62,63,64,65,68,69,72,78,86,88,89,92,95,96,99,100,102,103	CA,CA,C8G,GDP	None	C8G:16,12,69,68,64,63,61,59,60,34,10,96,72,100,103,99	None	None	SP2	SP2.Acrylamide	C8G:CCC(=O)N1CC(N2CCN(C(=O)CNc3cc(Cl)c(Cl)cc3O)CC2)C1	None	None	None	GDP	None	C8G	CA	None	None	C8G	XRAY	1.290	0.184	GMTEYKLVVVGACGVGKSALTIQLIQNHFVDEYDPTIEDSYRKQVVIDGETSLLDILDTAGQEEYSAMRDQYMRTGEGFLLVFAINNTKSFEDIHHYREQIKRVKDSEDVPMVLVGNKSDLPSRTVDTKQAQDLARSYGIPFIETSAKTRQGVDDAFYTLVREIRKHKEK	True	33.140	39.880	62.430	77.000	81.240	77.580	/Users/mitchellparker/Desktop/rascore_build/core/6b0vA_core.cif	/Users/mitchellparker/Desktop/rascore_build/rcsb/6b0v.cif.gz	/Users/mitchellparker/Desktop/rascore_build/renum/6b0v_renum.cif	/Users/mitchellparker/Desktop/rascore_build/rcsb_assembly/6b0v-assembly-2.cif.gz	/Users/mitchellparker/Desktop/rascore_build/renum_assembly/6b0v-assembly-2_renum.cif	/Users/mitchellparker/Desktop/rascore_build/sifts/6b0v.xml.gz	/Users/mitchellparker/Desktop/rascore_build/pocket/6b0vA_1_pocket.pdb
6b0vB	6b0v	0	B	Y32out.2P-OFF	Outlier	Y32out	Y71out	P 1 (CF1)	6b0vB1	1	GTPase KRas	RASK_HUMAN	P01116-2	G12C,C51S,C80L,C118S	G12,C51,C80,C118	KRAS	2P	G12C	SP2	SP2.Acrylamide	None	None	SP2-Bound	P 1	170	1-167	2017-09-15	SP2	662.6119	0.9767	Bound	SP2	9,10,12,16,17,34,58,59,60,61,62,63,64,68,69,72,95,96,99,100,102,103	CA,CA,C8G,GDP	None	C8G:16,12,68,69,64,63,61,59,60,34,10,96,72,99,103,100	None	None	SP2	SP2.Acrylamide	C8G:CCC(=O)N1CC(N2CCN(C(=O)CNc3cc(Cl)c(Cl)cc3O)CC2)C1	None	None	None	GDP	None	C8G	CA	None	None	C8G	XRAY	1.290	0.184	GMTEYKLVVVGACGVGKSALTIQLIQNHFVDEYDPTIEDSYRKQVVIDGETSLLDILDTAGQEEYSAMRDQYMRTGEGFLLVFAINNTKSFEDIHHYREQIKRVKDSEDVPMVLVGNKSDLPSRTVDTKQAQDLARSYGIPFIETSAKTRQGVDDAFYTLVREIRKHKEK	True	33.140	39.880	62.430	77.000	81.240	77.580	/Users/mitchellparker/Desktop/rascore_build/core/6b0vB_core.cif	/Users/mitchellparker/Desktop/rascore_build/rcsb/6b0v.cif.gz	/Users/mitchellparker/Desktop/rascore_build/renum/6b0v_renum.cif	/Users/mitchellparker/Desktop/rascore_build/rcsb_assembly/6b0v-assembly-2.cif.gz	/Users/mitchellparker/Desktop/rascore_build/renum_assembly/6b0v-assembly-2_renum.cif	/Users/mitchellparker/Desktop/rascore_build/sifts/6b0v.xml.gz	/Users/mitchellparker/Desktop/rascore_build/pocket/6b0vB_1_pocket.pdb
6b0yA	6b0y	0	A	Y32out.2P-OFF	Y71out.2P-SP2-A	Y32out	Y71out	P 1 (CF1)	6b0yA1	1	GTPase KRas	RASK_HUMAN	P01116-2	G12C,C51S,C80L,C118S	G12,C51,C80,C118	KRAS	2P	G12C	SP2	SP2.Acrylamide	None	None	SP2-Bound	P 1	170	1-168	2017-09-15	SP2	1191.4467	0.5638	Bound	SP2	9,10,11,12,16,34,58,59,60,61,62,63,64,68,69,72,86,88,89,92,95,96,99,100,102,103	CA,CA,8ZG,GOL,GDP	None	8ZG:68,99,100,103,72,96,10,59,34,12,16,60,61,62,95,102,69,9,58	None	None	SP2	SP2.Acrylamide	8ZG:CCC(=O)N1CCN(c2ncnc3cc(-c4ccccc4F)c(Cl)cc23)CC1	None	None	None	GDP	None	8ZG	CA,GOL	None	None	8ZG	XRAY	1.430	0.175	GMTEYKLVVVGACGVGKSALTIQLIQNHFVDEYDPTIEDSYRKQVVIDGETSLLDILDTAGQEEYSAMRDQYMRTGEGFLLVFAINNTKSFEDIHHYREQIKRVKDSEDVPMVLVGNKSDLPSRTVDTKQAQDLARSYGIPFIETSAKTRQGVDDAFYTLVREIRKHKEK	True	33.430	39.660	61.850	77.450	81.710	77.120	/Users/mitchellparker/Desktop/rascore_build/core/6b0yA_core.cif	/Users/mitchellparker/Desktop/rascore_build/rcsb/6b0y.cif.gz	/Users/mitchellparker/Desktop/rascore_build/renum/6b0y_renum.cif	/Users/mitchellparker/Desktop/rascore_build/rcsb_assembly/6b0y-assembly-2.cif.gz	/Users/mitchellparker/Desktop/rascore_build/renum_assembly/6b0y-assembly-2_renum.cif	/Users/mitchellparker/Desktop/rascore_build/sifts/6b0y.xml.gz	/Users/mitchellparker/Desktop/rascore_build/pocket/6b0yA_1_pocket.pdb
6b0yB	6b0y	0	B	Outlier	Outlier	Y32out	Y71out	P 1 (CF1)	6b0yB1	1	GTPase KRas	RASK_HUMAN	P01116-2	G12C,C51S,C80L,C118S	G12,C51,C80,C118	KRAS	2P	G12C	SP2	SP2.Acrylamide	None	None	SP2-Bound	P 1	170	2-168	2017-09-15	SP2	1026.4879	0.9222	Bound	SP2	9,10,11,12,16,34,58,59,60,61,62,63,64,65,68,69,72,86,88,89,92,95,96,99,100,102,103	GOL,CA,CA,8ZG,GOL,GDP	None	8ZG:96,103,72,99,100,68,59,10,16,12,34,60,62,61,95,69,9,58	None	None	SP2	SP2.Acrylamide	8ZG:CCC(=O)N1CCN(c2ncnc3cc(-c4ccccc4F)c(Cl)cc23)CC1	None	None	None	GDP	None	8ZG	CA,GOL	None	None	8ZG	XRAY	1.430	0.175	GMTEYKLVVVGACGVGKSALTIQLIQNHFVDEYDPTIEDSYRKQVVIDGETSLLDILDTAGQEEYSAMRDQYMRTGEGFLLVFAINNTKSFEDIHHYREQIKRVKDSEDVPMVLVGNKSDLPSRTVDTKQAQDLARSYGIPFIETSAKTRQGVDDAFYTLVREIRKHKEK	True	33.430	39.660	61.850	77.450	81.710	77.120	/Users/mitchellparker/Desktop/rascore_build/core/6b0yB_core.cif	/Users/mitchellparker/Desktop/rascore_build/rcsb/6b0y.cif.gz	/Users/mitchellparker/Desktop/rascore_build/renum/6b0y_renum.cif	/Users/mitchellparker/Desktop/rascore_build/rcsb_assembly/6b0y-assembly-2.cif.gz	/Users/mitchellparker/Desktop/rascore_build/renum_assembly/6b0y-assembly-2_renum.cif	/Users/mitchellparker/Desktop/rascore_build/sifts/6b0y.xml.gz	/Users/mitchellparker/Desktop/rascore_build/pocket/6b0yB_1_pocket.pdb
6bofA	6bof	0	A	Outlier	Outlier	Y32out	Y71out	P 3 (CF4)	6bofA1	1	GTPase KRas	RASK_HUMAN	P01116-2	A146T	A146	KRAS	2P	Other	None	None	None	None	SP12-Unbound	P 3	168	2-169	2017-11-20	SP12	408.2216	0.1857	Unbound	Unbound	5,7,52,54,67,70,71,74,75	GDP	None	None	None	None	None	None	None	None	None	None	GDP	None	None	None	None	None	STP	XRAY	1.401	0.113	TEYKLVVVGAGGVGKSALTIQLIQNHFVDEYDPTIEDSYRKQVVIDGETCLLDILDTAGQEEYSAMRDQYMRTGEGFLCVFAINNTKSFEDIHHYREQIKRVKDSEDVPMVLVGNKCDLPSRTVDTKQAQDLARSYGIPFIETSTKTRQGVDDAFYTLVREIRKHKEK	True	78.024	78.024	55.863	90.000	90.000	120.000	/Users/mitchellparker/Desktop/rascore_build/core/6bofA_core.cif	/Users/mitchellparker/Desktop/rascore_build/rcsb/6bof.cif.gz	/Users/mitchellparker/Desktop/rascore_build/renum/6bof_renum.cif	/Users/mitchellparker/Desktop/rascore_build/rcsb_assembly/6bof-assembly-1.cif.gz	/Users/mitchellparker/Desktop/rascore_build/renum_assembly/6bof-assembly-1_renum.cif	/Users/mitchellparker/Desktop/rascore_build/sifts/6bof.xml.gz	/Users/mitchellparker/Desktop/rascore_build/pocket/6bofA_1_pocket.pdb
6bofA	6bof	0	A	Outlier	Outlier	Y32out	Y71out	P 3 (CF4)	6bofA2	2	GTPase KRas	RASK_HUMAN	P01116-2	A146T	A146	KRAS	2P	Other	None	None	None	None	SP12-Unbound	P 3	168	2-169	2017-11-20	Other	234.4716	0.0025	Unbound	Unbound	55,56,57,58,62,65,67,68,71	GDP	None	None	None	None	None	None	None	None	None	None	GDP	None	None	None	None	None	STP	XRAY	1.401	0.113	TEYKLVVVGAGGVGKSALTIQLIQNHFVDEYDPTIEDSYRKQVVIDGETCLLDILDTAGQEEYSAMRDQYMRTGEGFLCVFAINNTKSFEDIHHYREQIKRVKDSEDVPMVLVGNKCDLPSRTVDTKQAQDLARSYGIPFIETSTKTRQGVDDAFYTLVREIRKHKEK	True	78.024	78.024	55.863	90.000	90.000	120.000	/Users/mitchellparker/Desktop/rascore_build/core/6bofA_core.cif	/Users/mitchellparker/Desktop/rascore_build/rcsb/6bof.cif.gz	/Users/mitchellparker/Desktop/rascore_build/renum/6bof_renum.cif	/Users/mitchellparker/Desktop/rascore_build/rcsb_assembly/6bof-assembly-1.cif.gz	/Users/mitchellparker/Desktop/rascore_build/renum_assembly/6bof-assembly-1_renum.cif	/Users/mitchellparker/Desktop/rascore_build/sifts/6bof.xml.gz	/Users/mitchellparker/Desktop/rascore_build/pocket/6bofA_2_pocket.pdb
6bofA	6bof	0	A	Outlier	Outlier	Y32out	Y71out	P 3 (CF4)	6bofA3	3	GTPase KRas	RASK_HUMAN	P01116-2	A146T	A146	KRAS	2P	Other	None	None	None	None	SP12-Unbound	P 3	168	2-169	2017-11-20	Other	462.7312	0.1684	Unbound	Unbound	3,24,28,42,43,44,50,51,52,53	GDP	None	None	None	None	None	None	None	None	None	None	GDP	None	None	None	None	None	STP	XRAY	1.401	0.113	TEYKLVVVGAGGVGKSALTIQLIQNHFVDEYDPTIEDSYRKQVVIDGETCLLDILDTAGQEEYSAMRDQYMRTGEGFLCVFAINNTKSFEDIHHYREQIKRVKDSEDVPMVLVGNKCDLPSRTVDTKQAQDLARSYGIPFIETSTKTRQGVDDAFYTLVREIRKHKEK	True	78.024	78.024	55.863	90.000	90.000	120.000	/Users/mitchellparker/Desktop/rascore_build/core/6bofA_core.cif	/Users/mitchellparker/Desktop/rascore_build/rcsb/6bof.cif.gz	/Users/mitchellparker/Desktop/rascore_build/renum/6bof_renum.cif	/Users/mitchellparker/Desktop/rascore_build/rcsb_assembly/6bof-assembly-1.cif.gz	/Users/mitchellparker/Desktop/rascore_build/renum_assembly/6bof-assembly-1_renum.cif	/Users/mitchellparker/Desktop/rascore_build/sifts/6bof.xml.gz	/Users/mitchellparker/Desktop/rascore_build/pocket/6bofA_3_pocket.pdb
6bofA	6bof	0	A	Outlier	Outlier	Y32out	Y71out	P 3 (CF4)	6bofA4	4	GTPase KRas	RASK_HUMAN	P01116-2	A146T	A146	KRAS	2P	Other	None	None	None	None	SP12-Unbound	P 3	168	2-169	2017-11-20	Other	332.4948	0.0002	Unbound	Unbound	73,74,75,76,104,106,108,109,110,166	GDP	None	None	None	None	None	None	None	None	None	None	GDP	None	None	None	None	None	STP	XRAY	1.401	0.113	TEYKLVVVGAGGVGKSALTIQLIQNHFVDEYDPTIEDSYRKQVVIDGETCLLDILDTAGQEEYSAMRDQYMRTGEGFLCVFAINNTKSFEDIHHYREQIKRVKDSEDVPMVLVGNKCDLPSRTVDTKQAQDLARSYGIPFIETSTKTRQGVDDAFYTLVREIRKHKEK	True	78.024	78.024	55.863	90.000	90.000	120.000	/Users/mitchellparker/Desktop/rascore_build/core/6bofA_core.cif	/Users/mitchellparker/Desktop/rascore_build/rcsb/6bof.cif.gz	/Users/mitchellparker/Desktop/rascore_build/renum/6bof_renum.cif	/Users/mitchellparker/Desktop/rascore_build/rcsb_assembly/6bof-assembly-1.cif.gz	/Users/mitchellparker/Desktop/rascore_build/renum_assembly/6bof-assembly-1_renum.cif	/Users/mitchellparker/Desktop/rascore_build/sifts/6bof.xml.gz	/Users/mitchellparker/Desktop/rascore_build/pocket/6bofA_4_pocket.pdb
6bofA	6bof	0	A	Outlier	Outlier	Y32out	Y71out	P 3 (CF4)	6bofA5	5	GTPase KRas	RASK_HUMAN	P01116-2	A146T	A146	KRAS	2P	Other	None	None	None	None	SP12-Unbound	P 3	168	2-169	2017-11-20	Other	162.3864	0.0001	Unbound	Unbound	97,107,108,109,110,111,137,138,139,162,166	GDP	None	None	None	None	None	None	None	None	None	None	GDP	None	None	None	None	None	STP	XRAY	1.401	0.113	TEYKLVVVGAGGVGKSALTIQLIQNHFVDEYDPTIEDSYRKQVVIDGETCLLDILDTAGQEEYSAMRDQYMRTGEGFLCVFAINNTKSFEDIHHYREQIKRVKDSEDVPMVLVGNKCDLPSRTVDTKQAQDLARSYGIPFIETSTKTRQGVDDAFYTLVREIRKHKEK	True	78.024	78.024	55.863	90.000	90.000	120.000	/Users/mitchellparker/Desktop/rascore_build/core/6bofA_core.cif	/Users/mitchellparker/Desktop/rascore_build/rcsb/6bof.cif.gz	/Users/mitchellparker/Desktop/rascore_build/renum/6bof_renum.cif	/Users/mitchellparker/Desktop/rascore_build/rcsb_assembly/6bof-assembly-1.cif.gz	/Users/mitchellparker/Desktop/rascore_build/renum_assembly/6bof-assembly-1_renum.cif	/Users/mitchellparker/Desktop/rascore_build/sifts/6bof.xml.gz	/Users/mitchellparker/Desktop/rascore_build/pocket/6bofA_5_pocket.pdb
6bofA	6bof	0	A	Outlier	Outlier	Y32out	Y71out	P 3 (CF4)	6bofA6	6	GTPase KRas	RASK_HUMAN	P01116-2	A146T	A146	KRAS	2P	Other	None	None	None	None	SP12-Unbound	P 3	168	2-169	2017-11-20	Other	197.3913	0.0001	Unbound	Unbound	131,134,135,139,141	GDP	None	None	None	None	None	None	None	None	None	None	GDP	None	None	None	None	None	STP	XRAY	1.401	0.113	TEYKLVVVGAGGVGKSALTIQLIQNHFVDEYDPTIEDSYRKQVVIDGETCLLDILDTAGQEEYSAMRDQYMRTGEGFLCVFAINNTKSFEDIHHYREQIKRVKDSEDVPMVLVGNKCDLPSRTVDTKQAQDLARSYGIPFIETSTKTRQGVDDAFYTLVREIRKHKEK	True	78.024	78.024	55.863	90.000	90.000	120.000	/Users/mitchellparker/Desktop/rascore_build/core/6bofA_core.cif	/Users/mitchellparker/Desktop/rascore_build/rcsb/6bof.cif.gz	/Users/mitchellparker/Desktop/rascore_build/renum/6bof_renum.cif	/Users/mitchellparker/Desktop/rascore_build/rcsb_assembly/6bof-assembly-1.cif.gz	/Users/mitchellparker/Desktop/rascore_build/renum_assembly/6bof-assembly-1_renum.cif	/Users/mitchellparker/Desktop/rascore_build/sifts/6bof.xml.gz	/Users/mitchellparker/Desktop/rascore_build/pocket/6bofA_6_pocket.pdb
6bofA	6bof	0	A	Outlier	Outlier	Y32out	Y71out	P 3 (CF4)	6bofA7	7	GTPase KRas	RASK_HUMAN	P01116-2	A146T	A146	KRAS	2P	Other	None	None	None	None	SP12-Unbound	P 3	168	2-169	2017-11-20	Other	148.1655	0.0000	Unbound	Unbound	65,66,68,69	GDP	None	None	None	None	None	None	None	None	None	None	GDP	None	None	None	None	None	STP	XRAY	1.401	0.113	TEYKLVVVGAGGVGKSALTIQLIQNHFVDEYDPTIEDSYRKQVVIDGETCLLDILDTAGQEEYSAMRDQYMRTGEGFLCVFAINNTKSFEDIHHYREQIKRVKDSEDVPMVLVGNKCDLPSRTVDTKQAQDLARSYGIPFIETSTKTRQGVDDAFYTLVREIRKHKEK	True	78.024	78.024	55.863	90.000	90.000	120.000	/Users/mitchellparker/Desktop/rascore_build/core/6bofA_core.cif	/Users/mitchellparker/Desktop/rascore_build/rcsb/6bof.cif.gz	/Users/mitchellparker/Desktop/rascore_build/renum/6bof_renum.cif	/Users/mitchellparker/Desktop/rascore_build/rcsb_assembly/6bof-assembly-1.cif.gz	/Users/mitchellparker/Desktop/rascore_build/renum_assembly/6bof-assembly-1_renum.cif	/Users/mitchellparker/Desktop/rascore_build/sifts/6bof.xml.gz	/Users/mitchellparker/Desktop/rascore_build/pocket/6bofA_7_pocket.pdb
6bofB	6bof	0	B	Outlier	Outlier	Y32out	Y71out	P 3 (CF4)	6bofB1	1	GTPase KRas	RASK_HUMAN	P01116-2	A146T	A146	KRAS	2P	Other	None	None	None	None	SP12-Unbound	P 3	168	2-169	2017-11-20	Other	276.2581	0.0017	Unbound	Unbound	55,56,57,58,62,65,67,68,71	GDP	None	None	None	None	None	None	None	None	None	None	GDP	None	None	None	None	None	STP	XRAY	1.401	0.113	TEYKLVVVGAGGVGKSALTIQLIQNHFVDEYDPTIEDSYRKQVVIDGETCLLDILDTAGQEEYSAMRDQYMRTGEGFLCVFAINNTKSFEDIHHYREQIKRVKDSEDVPMVLVGNKCDLPSRTVDTKQAQDLARSYGIPFIETSTKTRQGVDDAFYTLVREIRKHKEK	True	78.024	78.024	55.863	90.000	90.000	120.000	/Users/mitchellparker/Desktop/rascore_build/core/6bofB_core.cif	/Users/mitchellparker/Desktop/rascore_build/rcsb/6bof.cif.gz	/Users/mitchellparker/Desktop/rascore_build/renum/6bof_renum.cif	/Users/mitchellparker/Desktop/rascore_build/rcsb_assembly/6bof-assembly-1.cif.gz	/Users/mitchellparker/Desktop/rascore_build/renum_assembly/6bof-assembly-1_renum.cif	/Users/mitchellparker/Desktop/rascore_build/sifts/6bof.xml.gz	/Users/mitchellparker/Desktop/rascore_build/pocket/6bofB_1_pocket.pdb
6bofB	6bof	0	B	Outlier	Outlier	Y32out	Y71out	P 3 (CF4)	6bofB2	2	GTPase KRas	RASK_HUMAN	P01116-2	A146T	A146	KRAS	2P	Other	None	None	None	None	SP12-Unbound	P 3	168	2-169	2017-11-20	SP12	391.8621	0.1865	Unbound	Unbound	5,7,52,54,67,70,71,74,75	GDP	None	None	None	None	None	None	None	None	None	None	GDP	None	None	None	None	None	STP	XRAY	1.401	0.113	TEYKLVVVGAGGVGKSALTIQLIQNHFVDEYDPTIEDSYRKQVVIDGETCLLDILDTAGQEEYSAMRDQYMRTGEGFLCVFAINNTKSFEDIHHYREQIKRVKDSEDVPMVLVGNKCDLPSRTVDTKQAQDLARSYGIPFIETSTKTRQGVDDAFYTLVREIRKHKEK	True	78.024	78.024	55.863	90.000	90.000	120.000	/Users/mitchellparker/Desktop/rascore_build/core/6bofB_core.cif	/Users/mitchellparker/Desktop/rascore_build/rcsb/6bof.cif.gz	/Users/mitchellparker/Desktop/rascore_build/renum/6bof_renum.cif	/Users/mitchellparker/Desktop/rascore_build/rcsb_assembly/6bof-assembly-1.cif.gz	/Users/mitchellparker/Desktop/rascore_build/renum_assembly/6bof-assembly-1_renum.cif	/Users/mitchellparker/Desktop/rascore_build/sifts/6bof.xml.gz	/Users/mitchellparker/Desktop/rascore_build/pocket/6bofB_2_pocket.pdb
6bofB	6bof	0	B	Outlier	Outlier	Y32out	Y71out	P 3 (CF4)	6bofB3	3	GTPase KRas	RASK_HUMAN	P01116-2	A146T	A146	KRAS	2P	Other	None	None	None	None	SP12-Unbound	P 3	168	2-169	2017-11-20	Other	353.3938	0.0062	Unbound	Unbound	73,74,75,76,104,106,108,109,110,163,166,167	GDP	None	None	None	None	None	None	None	None	None	None	GDP	None	None	None	None	None	STP	XRAY	1.401	0.113	TEYKLVVVGAGGVGKSALTIQLIQNHFVDEYDPTIEDSYRKQVVIDGETCLLDILDTAGQEEYSAMRDQYMRTGEGFLCVFAINNTKSFEDIHHYREQIKRVKDSEDVPMVLVGNKCDLPSRTVDTKQAQDLARSYGIPFIETSTKTRQGVDDAFYTLVREIRKHKEK	True	78.024	78.024	55.863	90.000	90.000	120.000	/Users/mitchellparker/Desktop/rascore_build/core/6bofB_core.cif	/Users/mitchellparker/Desktop/rascore_build/rcsb/6bof.cif.gz	/Users/mitchellparker/Desktop/rascore_build/renum/6bof_renum.cif	/Users/mitchellparker/Desktop/rascore_build/rcsb_assembly/6bof-assembly-1.cif.gz	/Users/mitchellparker/Desktop/rascore_build/renum_assembly/6bof-assembly-1_renum.cif	/Users/mitchellparker/Desktop/rascore_build/sifts/6bof.xml.gz	/Users/mitchellparker/Desktop/rascore_build/pocket/6bofB_3_pocket.pdb
6bofB	6bof	0	B	Outlier	Outlier	Y32out	Y71out	P 3 (CF4)	6bofB4	4	GTPase KRas	RASK_HUMAN	P01116-2	A146T	A146	KRAS	2P	Other	None	None	None	None	SP12-Unbound	P 3	168	2-169	2017-11-20	Other	212.3267	0.1773	Unbound	Unbound	24,28,42,43,44	GDP	None	None	None	None	None	None	None	None	None	None	GDP	None	None	None	None	None	STP	XRAY	1.401	0.113	TEYKLVVVGAGGVGKSALTIQLIQNHFVDEYDPTIEDSYRKQVVIDGETCLLDILDTAGQEEYSAMRDQYMRTGEGFLCVFAINNTKSFEDIHHYREQIKRVKDSEDVPMVLVGNKCDLPSRTVDTKQAQDLARSYGIPFIETSTKTRQGVDDAFYTLVREIRKHKEK	True	78.024	78.024	55.863	90.000	90.000	120.000	/Users/mitchellparker/Desktop/rascore_build/core/6bofB_core.cif	/Users/mitchellparker/Desktop/rascore_build/rcsb/6bof.cif.gz	/Users/mitchellparker/Desktop/rascore_build/renum/6bof_renum.cif	/Users/mitchellparker/Desktop/rascore_build/rcsb_assembly/6bof-assembly-1.cif.gz	/Users/mitchellparker/Desktop/rascore_build/renum_assembly/6bof-assembly-1_renum.cif	/Users/mitchellparker/Desktop/rascore_build/sifts/6bof.xml.gz	/Users/mitchellparker/Desktop/rascore_build/pocket/6bofB_4_pocket.pdb
6bofB	6bof	0	B	Outlier	Outlier	Y32out	Y71out	P 3 (CF4)	6bofB5	5	GTPase KRas	RASK_HUMAN	P01116-2	A146T	A146	KRAS	2P	Other	None	None	None	None	SP12-Unbound	P 3	168	2-169	2017-11-20	Other	213.2527	0.0004	Unbound	Unbound	47,157,158,161	GDP	None	None	None	None	None	None	None	None	None	None	GDP	None	None	None	None	None	STP	XRAY	1.401	0.113	TEYKLVVVGAGGVGKSALTIQLIQNHFVDEYDPTIEDSYRKQVVIDGETCLLDILDTAGQEEYSAMRDQYMRTGEGFLCVFAINNTKSFEDIHHYREQIKRVKDSEDVPMVLVGNKCDLPSRTVDTKQAQDLARSYGIPFIETSTKTRQGVDDAFYTLVREIRKHKEK	True	78.024	78.024	55.863	90.000	90.000	120.000	/Users/mitchellparker/Desktop/rascore_build/core/6bofB_core.cif	/Users/mitchellparker/Desktop/rascore_build/rcsb/6bof.cif.gz	/Users/mitchellparker/Desktop/rascore_build/renum/6bof_renum.cif	/Users/mitchellparker/Desktop/rascore_build/rcsb_assembly/6bof-assembly-1.cif.gz	/Users/mitchellparker/Desktop/rascore_build/renum_assembly/6bof-assembly-1_renum.cif	/Users/mitchellparker/Desktop/rascore_build/sifts/6bof.xml.gz	/Users/mitchellparker/Desktop/rascore_build/pocket/6bofB_5_pocket.pdb
6bp1A	6bp1	0	A	Outlier	Outlier	Y32out	Y71out	P 21 21 21 (CF16)	6bp1A10	10	GTPase KRas	RASK_HUMAN	P01116-2	A59G	A59	KRAS	3P	Other	None	None	None	None	Multiple-Unbound	P 21 21 21	169	1-169	2017-11-21	Other	220.1420	0.0003	Unbound	Unbound	95,98,99,102	GCP	None	None	None	None	None	None	None	None	None	None	GCP	None	None	None	None	None	STP	XRAY	2.001	0.203	MTEYKLVVVGAGGVGKSALTIQLIQNHFVDEYDPTIEDSYRKQVVIDGETCLLDILDTGGQEEYSAMRDQYMRTGEGFLCVFAINNTKSFEDIHHYREQIKRVKDSEDVPMVLVGNKCDLPSRTVDTKQAQDLARSYGIPFIETSAKTRQGVDDAFYTLVREIRKHKEK	True	34.391	47.473	89.665	90.000	90.000	90.000	/Users/mitchellparker/Desktop/rascore_build/core/6bp1A_core.cif	/Users/mitchellparker/Desktop/rascore_build/rcsb/6bp1.cif.gz	/Users/mitchellparker/Desktop/rascore_build/renum/6bp1_renum.cif	/Users/mitchellparker/Desktop/rascore_build/rcsb_assembly/6bp1-assembly-1.cif.gz	/Users/mitchellparker/Desktop/rascore_build/renum_assembly/6bp1-assembly-1_renum.cif	/Users/mitchellparker/Desktop/rascore_build/sifts/6bp1.xml.gz	/Users/mitchellparker/Desktop/rascore_build/pocket/6bp1A_10_pocket.pdb
6bp1A	6bp1	0	A	Outlier	Outlier	Y32out	Y71out	P 21 21 21 (CF16)	6bp1A3	3	GTPase KRas	RASK_HUMAN	P01116-2	A59G	A59	KRAS	3P	Other	None	None	None	None	Multiple-Unbound	P 21 21 21	169	1-169	2017-11-21	Other	407.5541	0.0234	Unbound	Unbound	73,74,75,76,104,106,108,109,110,163,166,167	GCP	None	None	None	None	None	None	None	None	None	None	GCP	None	None	None	None	None	STP	XRAY	2.001	0.203	MTEYKLVVVGAGGVGKSALTIQLIQNHFVDEYDPTIEDSYRKQVVIDGETCLLDILDTGGQEEYSAMRDQYMRTGEGFLCVFAINNTKSFEDIHHYREQIKRVKDSEDVPMVLVGNKCDLPSRTVDTKQAQDLARSYGIPFIETSAKTRQGVDDAFYTLVREIRKHKEK	True	34.391	47.473	89.665	90.000	90.000	90.000	/Users/mitchellparker/Desktop/rascore_build/core/6bp1A_core.cif	/Users/mitchellparker/Desktop/rascore_build/rcsb/6bp1.cif.gz	/Users/mitchellparker/Desktop/rascore_build/renum/6bp1_renum.cif	/Users/mitchellparker/Desktop/rascore_build/rcsb_assembly/6bp1-assembly-1.cif.gz	/Users/mitchellparker/Desktop/rascore_build/renum_assembly/6bp1-assembly-1_renum.cif	/Users/mitchellparker/Desktop/rascore_build/sifts/6bp1.xml.gz	/Users/mitchellparker/Desktop/rascore_build/pocket/6bp1A_3_pocket.pdb
6bp1A	6bp1	0	A	Outlier	Outlier	Y32out	Y71out	P 21 21 21 (CF16)	6bp1A4	4	GTPase KRas	RASK_HUMAN	P01116-2	A59G	A59	KRAS	3P	Other	None	None	None	None	Multiple-Unbound	P 21 21 21	169	1-169	2017-11-21	SP2	198.9331	0.0987	Unbound	Unbound	7,9,37,58,59,61,63,65,68,71,72,96,99	GCP	None	None	None	None	None	None	None	None	None	None	GCP	None	None	None	None	None	STP	XRAY	2.001	0.203	MTEYKLVVVGAGGVGKSALTIQLIQNHFVDEYDPTIEDSYRKQVVIDGETCLLDILDTGGQEEYSAMRDQYMRTGEGFLCVFAINNTKSFEDIHHYREQIKRVKDSEDVPMVLVGNKCDLPSRTVDTKQAQDLARSYGIPFIETSAKTRQGVDDAFYTLVREIRKHKEK	True	34.391	47.473	89.665	90.000	90.000	90.000	/Users/mitchellparker/Desktop/rascore_build/core/6bp1A_core.cif	/Users/mitchellparker/Desktop/rascore_build/rcsb/6bp1.cif.gz	/Users/mitchellparker/Desktop/rascore_build/renum/6bp1_renum.cif	/Users/mitchellparker/Desktop/rascore_build/rcsb_assembly/6bp1-assembly-1.cif.gz	/Users/mitchellparker/Desktop/rascore_build/renum_assembly/6bp1-assembly-1_renum.cif	/Users/mitchellparker/Desktop/rascore_build/sifts/6bp1.xml.gz	/Users/mitchellparker/Desktop/rascore_build/pocket/6bp1A_4_pocket.pdb
6bp1A	6bp1	0	A	Outlier	Outlier	Y32out	Y71out	P 21 21 21 (CF16)	6bp1A5	5	GTPase KRas	RASK_HUMAN	P01116-2	A59G	A59	KRAS	3P	Other	None	None	None	None	Multiple-Unbound	P 21 21 21	169	1-169	2017-11-21	Other	214.7347	0.0002	Unbound	Unbound	107,108,109,110,111,137,138,139,162,165,166,169	GCP	None	None	None	None	None	None	None	None	None	None	GCP	None	None	None	None	None	STP	XRAY	2.001	0.203	MTEYKLVVVGAGGVGKSALTIQLIQNHFVDEYDPTIEDSYRKQVVIDGETCLLDILDTGGQEEYSAMRDQYMRTGEGFLCVFAINNTKSFEDIHHYREQIKRVKDSEDVPMVLVGNKCDLPSRTVDTKQAQDLARSYGIPFIETSAKTRQGVDDAFYTLVREIRKHKEK	True	34.391	47.473	89.665	90.000	90.000	90.000	/Users/mitchellparker/Desktop/rascore_build/core/6bp1A_core.cif	/Users/mitchellparker/Desktop/rascore_build/rcsb/6bp1.cif.gz	/Users/mitchellparker/Desktop/rascore_build/renum/6bp1_renum.cif	/Users/mitchellparker/Desktop/rascore_build/rcsb_assembly/6bp1-assembly-1.cif.gz	/Users/mitchellparker/Desktop/rascore_build/renum_assembly/6bp1-assembly-1_renum.cif	/Users/mitchellparker/Desktop/rascore_build/sifts/6bp1.xml.gz	/Users/mitchellparker/Desktop/rascore_build/pocket/6bp1A_5_pocket.pdb
6bp1A	6bp1	0	A	Outlier	Outlier	Y32out	Y71out	P 21 21 21 (CF16)	6bp1A6	6	GTPase KRas	RASK_HUMAN	P01116-2	A59G	A59	KRAS	3P	Other	None	None	None	None	Multiple-Unbound	P 21 21 21	169	1-169	2017-11-21	Other	323.4568	0.1133	Unbound	Unbound	21,24,25,26,28,29,32,40	GCP	None	None	None	None	None	None	None	None	None	None	GCP	None	None	None	None	None	STP	XRAY	2.001	0.203	MTEYKLVVVGAGGVGKSALTIQLIQNHFVDEYDPTIEDSYRKQVVIDGETCLLDILDTGGQEEYSAMRDQYMRTGEGFLCVFAINNTKSFEDIHHYREQIKRVKDSEDVPMVLVGNKCDLPSRTVDTKQAQDLARSYGIPFIETSAKTRQGVDDAFYTLVREIRKHKEK	True	34.391	47.473	89.665	90.000	90.000	90.000	/Users/mitchellparker/Desktop/rascore_build/core/6bp1A_core.cif	/Users/mitchellparker/Desktop/rascore_build/rcsb/6bp1.cif.gz	/Users/mitchellparker/Desktop/rascore_build/renum/6bp1_renum.cif	/Users/mitchellparker/Desktop/rascore_build/rcsb_assembly/6bp1-assembly-1.cif.gz	/Users/mitchellparker/Desktop/rascore_build/renum_assembly/6bp1-assembly-1_renum.cif	/Users/mitchellparker/Desktop/rascore_build/sifts/6bp1.xml.gz	/Users/mitchellparker/Desktop/rascore_build/pocket/6bp1A_6_pocket.pdb
6bp1A	6bp1	0	A	Outlier	Outlier	Y32out	Y71out	P 21 21 21 (CF16)	6bp1A7	7	GTPase KRas	RASK_HUMAN	P01116-2	A59G	A59	KRAS	3P	Other	None	None	None	None	Multiple-Unbound	P 21 21 21	169	1-169	2017-11-21	SP12	329.7145	0.2580	Unbound	Unbound	5,6,7,39,54,56,67,70,71,74,75	GCP	None	None	None	None	None	None	None	None	None	None	GCP	None	None	None	None	None	STP	XRAY	2.001	0.203	MTEYKLVVVGAGGVGKSALTIQLIQNHFVDEYDPTIEDSYRKQVVIDGETCLLDILDTGGQEEYSAMRDQYMRTGEGFLCVFAINNTKSFEDIHHYREQIKRVKDSEDVPMVLVGNKCDLPSRTVDTKQAQDLARSYGIPFIETSAKTRQGVDDAFYTLVREIRKHKEK	True	34.391	47.473	89.665	90.000	90.000	90.000	/Users/mitchellparker/Desktop/rascore_build/core/6bp1A_core.cif	/Users/mitchellparker/Desktop/rascore_build/rcsb/6bp1.cif.gz	/Users/mitchellparker/Desktop/rascore_build/renum/6bp1_renum.cif	/Users/mitchellparker/Desktop/rascore_build/rcsb_assembly/6bp1-assembly-1.cif.gz	/Users/mitchellparker/Desktop/rascore_build/renum_assembly/6bp1-assembly-1_renum.cif	/Users/mitchellparker/Desktop/rascore_build/sifts/6bp1.xml.gz	/Users/mitchellparker/Desktop/rascore_build/pocket/6bp1A_7_pocket.pdb
6bp1A	6bp1	0	A	Outlier	Outlier	Y32out	Y71out	P 21 21 21 (CF16)	6bp1A8	8	GTPase KRas	RASK_HUMAN	P01116-2	A59G	A59	KRAS	3P	Other	None	None	None	None	Multiple-Unbound	P 21 21 21	169	1-169	2017-11-21	Other	227.0164	0.0001	Unbound	Unbound	69,70,73,102,103	GCP	None	None	None	None	None	None	None	None	None	None	GCP	None	None	None	None	None	STP	XRAY	2.001	0.203	MTEYKLVVVGAGGVGKSALTIQLIQNHFVDEYDPTIEDSYRKQVVIDGETCLLDILDTGGQEEYSAMRDQYMRTGEGFLCVFAINNTKSFEDIHHYREQIKRVKDSEDVPMVLVGNKCDLPSRTVDTKQAQDLARSYGIPFIETSAKTRQGVDDAFYTLVREIRKHKEK	True	34.391	47.473	89.665	90.000	90.000	90.000	/Users/mitchellparker/Desktop/rascore_build/core/6bp1A_core.cif	/Users/mitchellparker/Desktop/rascore_build/rcsb/6bp1.cif.gz	/Users/mitchellparker/Desktop/rascore_build/renum/6bp1_renum.cif	/Users/mitchellparker/Desktop/rascore_build/rcsb_assembly/6bp1-assembly-1.cif.gz	/Users/mitchellparker/Desktop/rascore_build/renum_assembly/6bp1-assembly-1_renum.cif	/Users/mitchellparker/Desktop/rascore_build/sifts/6bp1.xml.gz	/Users/mitchellparker/Desktop/rascore_build/pocket/6bp1A_8_pocket.pdb
6bp1A	6bp1	0	A	Outlier	Outlier	Y32out	Y71out	P 21 21 21 (CF16)	6bp1A9	9	GTPase KRas	RASK_HUMAN	P01116-2	A59G	A59	KRAS	3P	Other	None	None	None	None	Multiple-Unbound	P 21 21 21	169	1-169	2017-11-21	Other	221.1361	0.0001	Unbound	Unbound	101,105,106,107	GCP	None	None	None	None	None	None	None	None	None	None	GCP	None	None	None	None	None	STP	XRAY	2.001	0.203	MTEYKLVVVGAGGVGKSALTIQLIQNHFVDEYDPTIEDSYRKQVVIDGETCLLDILDTGGQEEYSAMRDQYMRTGEGFLCVFAINNTKSFEDIHHYREQIKRVKDSEDVPMVLVGNKCDLPSRTVDTKQAQDLARSYGIPFIETSAKTRQGVDDAFYTLVREIRKHKEK	True	34.391	47.473	89.665	90.000	90.000	90.000	/Users/mitchellparker/Desktop/rascore_build/core/6bp1A_core.cif	/Users/mitchellparker/Desktop/rascore_build/rcsb/6bp1.cif.gz	/Users/mitchellparker/Desktop/rascore_build/renum/6bp1_renum.cif	/Users/mitchellparker/Desktop/rascore_build/rcsb_assembly/6bp1-assembly-1.cif.gz	/Users/mitchellparker/Desktop/rascore_build/renum_assembly/6bp1-assembly-1_renum.cif	/Users/mitchellparker/Desktop/rascore_build/sifts/6bp1.xml.gz	/Users/mitchellparker/Desktop/rascore_build/pocket/6bp1A_9_pocket.pdb
6bviA	6bvi	0	A	Y32in.3P-ON	Y71in.3P-R	Y32in	Y71in	I 4 2 2 (CF2)	6bviA1	1	GTPase HRas	RASH_HUMAN	P01112	Y64A	Y64	HRAS	3P	Other	None	None	GEF.REM	None	SP12-Unbound	I 4 2 2	167	1-50:52-166	2017-12-13	SP12	155.8373	0.0036	Unbound	Unbound	5,6,7,39,54,55,56,74,75	CSO,GNP,MG	Son of sevenless homolog 1	None	B:70,37,39,56,66,67,36,34,38,33,63,61,35,31,27,26,25,149,22,153,43,50,1,45,44,41,42,24,28,71,152,73,52,147	SOS1_HUMAN	None	None	None	RasGEF	None	B	GNP	MG	None	FMT	CSO	None	STP	XRAY	1.746	0.157	GMTEYKLVVVGAGGVGKSALTIQLIQNHFVDEYDPTIEDSYRKQVVIDGETCLLDILDTAGQEEASAMRDQYMRTGEGFLCVFAINNTKSFEDIHQYREQIKRVKDSDDVPMVLVGNKCDLAARTVESRQAQDLARSYGIPYIETSAKTRQGVEDAFYTLVREIRQH	True	184.323	184.323	179.091	90.00	90.00	90.00	/Users/mitchellparker/Desktop/rascore_build/core/6bviA_core.cif	/Users/mitchellparker/Desktop/rascore_build/rcsb/6bvi.cif.gz	/Users/mitchellparker/Desktop/rascore_build/renum/6bvi_renum.cif	/Users/mitchellparker/Desktop/rascore_build/rcsb_assembly/6bvi-assembly-1.cif.gz	/Users/mitchellparker/Desktop/rascore_build/renum_assembly/6bvi-assembly-1_renum.cif	/Users/mitchellparker/Desktop/rascore_build/sifts/6bvi.xml.gz	/Users/mitchellparker/Desktop/rascore_build/pocket/6bviA_1_pocket.pdb
6bviA	6bvi	0	A	Y32in.3P-ON	Y71in.3P-R	Y32in	Y71in	I 4 2 2 (CF2)	6bviA2	2	GTPase HRas	RASH_HUMAN	P01112	Y64A	Y64	HRAS	3P	Other	None	None	GEF.REM	None	SP12-Unbound	I 4 2 2	167	1-50:52-166	2017-12-13	Other	204.7206	0.0003	Unbound	Unbound	97,108,109,110,111,137,138,139,162,166	CSO,GNP,MG	Son of sevenless homolog 1	None	B:70,37,39,56,66,67,36,34,38,33,63,61,35,31,27,26,25,149,22,153,43,50,1,45,44,41,42,24,28,71,152,73,52,147	SOS1_HUMAN	None	None	None	RasGEF	None	B	GNP	MG	None	FMT	CSO	None	STP	XRAY	1.746	0.157	GMTEYKLVVVGAGGVGKSALTIQLIQNHFVDEYDPTIEDSYRKQVVIDGETCLLDILDTAGQEEASAMRDQYMRTGEGFLCVFAINNTKSFEDIHQYREQIKRVKDSDDVPMVLVGNKCDLAARTVESRQAQDLARSYGIPYIETSAKTRQGVEDAFYTLVREIRQH	True	184.323	184.323	179.091	90.00	90.00	90.00	/Users/mitchellparker/Desktop/rascore_build/core/6bviA_core.cif	/Users/mitchellparker/Desktop/rascore_build/rcsb/6bvi.cif.gz	/Users/mitchellparker/Desktop/rascore_build/renum/6bvi_renum.cif	/Users/mitchellparker/Desktop/rascore_build/rcsb_assembly/6bvi-assembly-1.cif.gz	/Users/mitchellparker/Desktop/rascore_build/renum_assembly/6bvi-assembly-1_renum.cif	/Users/mitchellparker/Desktop/rascore_build/sifts/6bvi.xml.gz	/Users/mitchellparker/Desktop/rascore_build/pocket/6bviA_2_pocket.pdb
6bviA	6bvi	0	A	Y32in.3P-ON	Y71in.3P-R	Y32in	Y71in	I 4 2 2 (CF2)	6bviA3	3	GTPase HRas	RASH_HUMAN	P01112	Y64A	Y64	HRAS	3P	Other	None	None	GEF.REM	None	SP12-Unbound	I 4 2 2	167	1-50:52-166	2017-12-13	Other	320.0333	0.0047	Unbound	Unbound	73,74,75,76,104,106,109,110,163,166	CSO,GNP,MG	Son of sevenless homolog 1	None	B:70,37,39,56,66,67,36,34,38,33,63,61,35,31,27,26,25,149,22,153,43,50,1,45,44,41,42,24,28,71,152,73,52,147	SOS1_HUMAN	None	None	None	RasGEF	None	B	GNP	MG	None	FMT	CSO	None	STP	XRAY	1.746	0.157	GMTEYKLVVVGAGGVGKSALTIQLIQNHFVDEYDPTIEDSYRKQVVIDGETCLLDILDTAGQEEASAMRDQYMRTGEGFLCVFAINNTKSFEDIHQYREQIKRVKDSDDVPMVLVGNKCDLAARTVESRQAQDLARSYGIPYIETSAKTRQGVEDAFYTLVREIRQH	True	184.323	184.323	179.091	90.00	90.00	90.00	/Users/mitchellparker/Desktop/rascore_build/core/6bviA_core.cif	/Users/mitchellparker/Desktop/rascore_build/rcsb/6bvi.cif.gz	/Users/mitchellparker/Desktop/rascore_build/renum/6bvi_renum.cif	/Users/mitchellparker/Desktop/rascore_build/rcsb_assembly/6bvi-assembly-1.cif.gz	/Users/mitchellparker/Desktop/rascore_build/renum_assembly/6bvi-assembly-1_renum.cif	/Users/mitchellparker/Desktop/rascore_build/sifts/6bvi.xml.gz	/Users/mitchellparker/Desktop/rascore_build/pocket/6bviA_3_pocket.pdb
6bviC	6bvi	0	C	Y32out.0P-GEF	Y71out.0P-GEF	Y32out	Y71out	I 4 2 2 (CF2)	6bviC1	1	GTPase HRas	RASH_HUMAN	P01112	WT	WT	HRAS	0P	WT	None	None	GEF.CDC25	None	SP2-Unbound	I 4 2 2	167	1-166	2017-12-13	SP2	224.4444	0.1026	Unbound	Unbound	7,8,9,10,16,58,61,62,64,68,71,72,96	FMT,NA	Son of sevenless homolog 1	None	B:60,13,64,63,65,66,70,67,73,69,102,103,40,54,55,71,37,61,59,58,57,34,35,32,21,17,18,31,25,30,68,95,99,56,146,12,33,74,105,62	SOS1_HUMAN	None	None	None	RasGEF	None	B	None	None	None	FMT,NA	None	None	STP	XRAY	1.746	0.157	GMTEYKLVVVGAGGVGKSALTIQLIQNHFVDEYDPTIEDSYRKQVVIDGETCLLDILDTAGQEEYSAMRDQYMRTGEGFLCVFAINNTKSFEDIHQYREQIKRVKDSDDVPMVLVGNKCDLAARTVESRQAQDLARSYGIPYIETSAKTRQGVEDAFYTLVREIRQH	True	184.323	184.323	179.091	90.00	90.00	90.00	/Users/mitchellparker/Desktop/rascore_build/core/6bviC_core.cif	/Users/mitchellparker/Desktop/rascore_build/rcsb/6bvi.cif.gz	/Users/mitchellparker/Desktop/rascore_build/renum/6bvi_renum.cif	/Users/mitchellparker/Desktop/rascore_build/rcsb_assembly/6bvi-assembly-1.cif.gz	/Users/mitchellparker/Desktop/rascore_build/renum_assembly/6bvi-assembly-1_renum.cif	/Users/mitchellparker/Desktop/rascore_build/sifts/6bvi.xml.gz	/Users/mitchellparker/Desktop/rascore_build/pocket/6bviC_1_pocket.pdb
6bviC	6bvi	0	C	Y32out.0P-GEF	Y71out.0P-GEF	Y32out	Y71out	I 4 2 2 (CF2)	6bviC2	2	GTPase HRas	RASH_HUMAN	P01112	WT	WT	HRAS	0P	WT	None	None	GEF.CDC25	None	SP2-Unbound	I 4 2 2	167	1-166	2017-12-13	SP2	113.9182	0.0129	Unbound	Unbound	92,95,96,99	FMT,NA	Son of sevenless homolog 1	None	B:60,13,64,63,65,66,70,67,73,69,102,103,40,54,55,71,37,61,59,58,57,34,35,32,21,17,18,31,25,30,68,95,99,56,146,12,33,74,105,62	SOS1_HUMAN	None	None	None	RasGEF	None	B	None	None	None	FMT,NA	None	None	STP	XRAY	1.746	0.157	GMTEYKLVVVGAGGVGKSALTIQLIQNHFVDEYDPTIEDSYRKQVVIDGETCLLDILDTAGQEEYSAMRDQYMRTGEGFLCVFAINNTKSFEDIHQYREQIKRVKDSDDVPMVLVGNKCDLAARTVESRQAQDLARSYGIPYIETSAKTRQGVEDAFYTLVREIRQH	True	184.323	184.323	179.091	90.00	90.00	90.00	/Users/mitchellparker/Desktop/rascore_build/core/6bviC_core.cif	/Users/mitchellparker/Desktop/rascore_build/rcsb/6bvi.cif.gz	/Users/mitchellparker/Desktop/rascore_build/renum/6bvi_renum.cif	/Users/mitchellparker/Desktop/rascore_build/rcsb_assembly/6bvi-assembly-1.cif.gz	/Users/mitchellparker/Desktop/rascore_build/renum_assembly/6bvi-assembly-1_renum.cif	/Users/mitchellparker/Desktop/rascore_build/sifts/6bvi.xml.gz	/Users/mitchellparker/Desktop/rascore_build/pocket/6bviC_2_pocket.pdb
6bviC	6bvi	0	C	Y32out.0P-GEF	Y71out.0P-GEF	Y32out	Y71out	I 4 2 2 (CF2)	6bviC3	3	GTPase HRas	RASH_HUMAN	P01112	WT	WT	HRAS	0P	WT	None	None	GEF.CDC25	None	SP2-Unbound	I 4 2 2	167	1-166	2017-12-13	Other	506.4781	0.0001	Unbound	Unbound	128,131,132,134,135,138,139,140,141,162	FMT,NA	Son of sevenless homolog 1	None	B:60,13,64,63,65,66,70,67,73,69,102,103,40,54,55,71,37,61,59,58,57,34,35,32,21,17,18,31,25,30,68,95,99,56,146,12,33,74,105,62	SOS1_HUMAN	None	None	None	RasGEF	None	B	None	None	None	FMT,NA	None	None	STP	XRAY	1.746	0.157	GMTEYKLVVVGAGGVGKSALTIQLIQNHFVDEYDPTIEDSYRKQVVIDGETCLLDILDTAGQEEYSAMRDQYMRTGEGFLCVFAINNTKSFEDIHQYREQIKRVKDSDDVPMVLVGNKCDLAARTVESRQAQDLARSYGIPYIETSAKTRQGVEDAFYTLVREIRQH	True	184.323	184.323	179.091	90.00	90.00	90.00	/Users/mitchellparker/Desktop/rascore_build/core/6bviC_core.cif	/Users/mitchellparker/Desktop/rascore_build/rcsb/6bvi.cif.gz	/Users/mitchellparker/Desktop/rascore_build/renum/6bvi_renum.cif	/Users/mitchellparker/Desktop/rascore_build/rcsb_assembly/6bvi-assembly-1.cif.gz	/Users/mitchellparker/Desktop/rascore_build/renum_assembly/6bvi-assembly-1_renum.cif	/Users/mitchellparker/Desktop/rascore_build/sifts/6bvi.xml.gz	/Users/mitchellparker/Desktop/rascore_build/pocket/6bviC_3_pocket.pdb
6bvjA	6bvj	0	A	Y32in.3P-ON	Y71in.3P-R	Y32in	Y71in	I 4 2 2 (CF2)	6bvjA1	1	GTPase HRas	RASH_HUMAN	P01112	WT	WT	HRAS	3P	WT	None	None	GEF.REM	None	SP12-Unbound	I 4 2 2	167	1-50:52-166	2017-12-13	SP12	151.9923	0.0024	Unbound	Unbound	5,6,7,39,54,55,56,74,75	CSO,GNP,MG	Son of sevenless homolog 1	None	B:70,37,39,56,66,67,36,34,38,33,63,61,35,31,27,26,25,149,22,153,43,50,1,45,44,41,42,24,71,152,28,73,40,32,147	SOS1_HUMAN	None	None	None	RasGEF	None	B	GNP	MG	None	FMT	CSO	None	STP	XRAY	1.747	0.156	GMTEYKLVVVGAGGVGKSALTIQLIQNHFVDEYDPTIEDSYRKQVVIDGETCLLDILDTAGQEEYSAMRDQYMRTGEGFLCVFAINNTKSFEDIHQYREQIKRVKDSDDVPMVLVGNKCDLAARTVESRQAQDLARSYGIPYIETSAKTRQGVEDAFYTLVREIRQH	True	184.329	184.329	179.083	90.00	90.00	90.00	/Users/mitchellparker/Desktop/rascore_build/core/6bvjA_core.cif	/Users/mitchellparker/Desktop/rascore_build/rcsb/6bvj.cif.gz	/Users/mitchellparker/Desktop/rascore_build/renum/6bvj_renum.cif	/Users/mitchellparker/Desktop/rascore_build/rcsb_assembly/6bvj-assembly-1.cif.gz	/Users/mitchellparker/Desktop/rascore_build/renum_assembly/6bvj-assembly-1_renum.cif	/Users/mitchellparker/Desktop/rascore_build/sifts/6bvj.xml.gz	/Users/mitchellparker/Desktop/rascore_build/pocket/6bvjA_1_pocket.pdb
6bvjA	6bvj	0	A	Y32in.3P-ON	Y71in.3P-R	Y32in	Y71in	I 4 2 2 (CF2)	6bvjA2	2	GTPase HRas	RASH_HUMAN	P01112	WT	WT	HRAS	3P	WT	None	None	GEF.REM	None	SP12-Unbound	I 4 2 2	167	1-50:52-166	2017-12-13	Other	310.6539	0.0063	Unbound	Unbound	73,74,75,76,104,106,109,110,163,166	CSO,GNP,MG	Son of sevenless homolog 1	None	B:70,37,39,56,66,67,36,34,38,33,63,61,35,31,27,26,25,149,22,153,43,50,1,45,44,41,42,24,71,152,28,73,40,32,147	SOS1_HUMAN	None	None	None	RasGEF	None	B	GNP	MG	None	FMT	CSO	None	STP	XRAY	1.747	0.156	GMTEYKLVVVGAGGVGKSALTIQLIQNHFVDEYDPTIEDSYRKQVVIDGETCLLDILDTAGQEEYSAMRDQYMRTGEGFLCVFAINNTKSFEDIHQYREQIKRVKDSDDVPMVLVGNKCDLAARTVESRQAQDLARSYGIPYIETSAKTRQGVEDAFYTLVREIRQH	True	184.329	184.329	179.083	90.00	90.00	90.00	/Users/mitchellparker/Desktop/rascore_build/core/6bvjA_core.cif	/Users/mitchellparker/Desktop/rascore_build/rcsb/6bvj.cif.gz	/Users/mitchellparker/Desktop/rascore_build/renum/6bvj_renum.cif	/Users/mitchellparker/Desktop/rascore_build/rcsb_assembly/6bvj-assembly-1.cif.gz	/Users/mitchellparker/Desktop/rascore_build/renum_assembly/6bvj-assembly-1_renum.cif	/Users/mitchellparker/Desktop/rascore_build/sifts/6bvj.xml.gz	/Users/mitchellparker/Desktop/rascore_build/pocket/6bvjA_2_pocket.pdb
6bvjC	6bvj	0	C	Y32out.0P-GEF	Y71out.0P-GEF	Y32out	Y71out	I 4 2 2 (CF2)	6bvjC1	1	GTPase HRas	RASH_HUMAN	P01112	WT	WT	HRAS	0P	WT	None	None	GEF.CDC25	None	SP2-Unbound	I 4 2 2	167	1-166	2017-12-13	SP2	237.5264	0.0187	Unbound	Unbound	7,8,9,10,16,58,61,62,64,68,71,72,96	FMT,NA	Son of sevenless homolog 1	None	B:60,13,64,63,65,66,70,67,73,69,102,103,40,54,55,71,37,61,59,58,57,34,35,32,21,17,18,31,25,30,95,68,56,146,12,33,105,74,86,62	SOS1_HUMAN	None	None	None	RasGEF	None	B	None	None	None	FMT,NA	None	None	STP	XRAY	1.747	0.156	GMTEYKLVVVGAGGVGKSALTIQLIQNHFVDEYDPTIEDSYRKQVVIDGETCLLDILDTAGQEEYSAMRDQYMRTGEGFLCVFAINNTKSFEDIHQYREQIKRVKDSDDVPMVLVGNKCDLAARTVESRQAQDLARSYGIPYIETSAKTRQGVEDAFYTLVREIRQH	True	184.329	184.329	179.083	90.00	90.00	90.00	/Users/mitchellparker/Desktop/rascore_build/core/6bvjC_core.cif	/Users/mitchellparker/Desktop/rascore_build/rcsb/6bvj.cif.gz	/Users/mitchellparker/Desktop/rascore_build/renum/6bvj_renum.cif	/Users/mitchellparker/Desktop/rascore_build/rcsb_assembly/6bvj-assembly-1.cif.gz	/Users/mitchellparker/Desktop/rascore_build/renum_assembly/6bvj-assembly-1_renum.cif	/Users/mitchellparker/Desktop/rascore_build/sifts/6bvj.xml.gz	/Users/mitchellparker/Desktop/rascore_build/pocket/6bvjC_1_pocket.pdb
6bvjC	6bvj	0	C	Y32out.0P-GEF	Y71out.0P-GEF	Y32out	Y71out	I 4 2 2 (CF2)	6bvjC2	2	GTPase HRas	RASH_HUMAN	P01112	WT	WT	HRAS	0P	WT	None	None	GEF.CDC25	None	SP2-Unbound	I 4 2 2	167	1-166	2017-12-13	Other	225.5047	0.0006	Unbound	Unbound	97,108,109,110,111,137,138,139,162,165,166	FMT,NA	Son of sevenless homolog 1	None	B:60,13,64,63,65,66,70,67,73,69,102,103,40,54,55,71,37,61,59,58,57,34,35,32,21,17,18,31,25,30,95,68,56,146,12,33,105,74,86,62	SOS1_HUMAN	None	None	None	RasGEF	None	B	None	None	None	FMT,NA	None	None	STP	XRAY	1.747	0.156	GMTEYKLVVVGAGGVGKSALTIQLIQNHFVDEYDPTIEDSYRKQVVIDGETCLLDILDTAGQEEYSAMRDQYMRTGEGFLCVFAINNTKSFEDIHQYREQIKRVKDSDDVPMVLVGNKCDLAARTVESRQAQDLARSYGIPYIETSAKTRQGVEDAFYTLVREIRQH	True	184.329	184.329	179.083	90.00	90.00	90.00	/Users/mitchellparker/Desktop/rascore_build/core/6bvjC_core.cif	/Users/mitchellparker/Desktop/rascore_build/rcsb/6bvj.cif.gz	/Users/mitchellparker/Desktop/rascore_build/renum/6bvj_renum.cif	/Users/mitchellparker/Desktop/rascore_build/rcsb_assembly/6bvj-assembly-1.cif.gz	/Users/mitchellparker/Desktop/rascore_build/renum_assembly/6bvj-assembly-1_renum.cif	/Users/mitchellparker/Desktop/rascore_build/sifts/6bvj.xml.gz	/Users/mitchellparker/Desktop/rascore_build/pocket/6bvjC_2_pocket.pdb
6bvjC	6bvj	0	C	Y32out.0P-GEF	Y71out.0P-GEF	Y32out	Y71out	I 4 2 2 (CF2)	6bvjC3	3	GTPase HRas	RASH_HUMAN	P01112	WT	WT	HRAS	0P	WT	None	None	GEF.CDC25	None	SP2-Unbound	I 4 2 2	167	1-166	2017-12-13	SP2	129.4400	0.0175	Unbound	Unbound	92,95,96,99	FMT,NA	Son of sevenless homolog 1	None	B:60,13,64,63,65,66,70,67,73,69,102,103,40,54,55,71,37,61,59,58,57,34,35,32,21,17,18,31,25,30,95,68,56,146,12,33,105,74,86,62	SOS1_HUMAN	None	None	None	RasGEF	None	B	None	None	None	FMT,NA	None	None	STP	XRAY	1.747	0.156	GMTEYKLVVVGAGGVGKSALTIQLIQNHFVDEYDPTIEDSYRKQVVIDGETCLLDILDTAGQEEYSAMRDQYMRTGEGFLCVFAINNTKSFEDIHQYREQIKRVKDSDDVPMVLVGNKCDLAARTVESRQAQDLARSYGIPYIETSAKTRQGVEDAFYTLVREIRQH	True	184.329	184.329	179.083	90.00	90.00	90.00	/Users/mitchellparker/Desktop/rascore_build/core/6bvjC_core.cif	/Users/mitchellparker/Desktop/rascore_build/rcsb/6bvj.cif.gz	/Users/mitchellparker/Desktop/rascore_build/renum/6bvj_renum.cif	/Users/mitchellparker/Desktop/rascore_build/rcsb_assembly/6bvj-assembly-1.cif.gz	/Users/mitchellparker/Desktop/rascore_build/renum_assembly/6bvj-assembly-1_renum.cif	/Users/mitchellparker/Desktop/rascore_build/sifts/6bvj.xml.gz	/Users/mitchellparker/Desktop/rascore_build/pocket/6bvjC_3_pocket.pdb
6bvjC	6bvj	0	C	Y32out.0P-GEF	Y71out.0P-GEF	Y32out	Y71out	I 4 2 2 (CF2)	6bvjC4	4	GTPase HRas	RASH_HUMAN	P01112	WT	WT	HRAS	0P	WT	None	None	GEF.CDC25	None	SP2-Unbound	I 4 2 2	167	1-166	2017-12-13	Other	435.9720	0.0001	Unbound	Unbound	128,131,132,134,135,138,139,140,141,162	FMT,NA	Son of sevenless homolog 1	None	B:60,13,64,63,65,66,70,67,73,69,102,103,40,54,55,71,37,61,59,58,57,34,35,32,21,17,18,31,25,30,95,68,56,146,12,33,105,74,86,62	SOS1_HUMAN	None	None	None	RasGEF	None	B	None	None	None	FMT,NA	None	None	STP	XRAY	1.747	0.156	GMTEYKLVVVGAGGVGKSALTIQLIQNHFVDEYDPTIEDSYRKQVVIDGETCLLDILDTAGQEEYSAMRDQYMRTGEGFLCVFAINNTKSFEDIHQYREQIKRVKDSDDVPMVLVGNKCDLAARTVESRQAQDLARSYGIPYIETSAKTRQGVEDAFYTLVREIRQH	True	184.329	184.329	179.083	90.00	90.00	90.00	/Users/mitchellparker/Desktop/rascore_build/core/6bvjC_core.cif	/Users/mitchellparker/Desktop/rascore_build/rcsb/6bvj.cif.gz	/Users/mitchellparker/Desktop/rascore_build/renum/6bvj_renum.cif	/Users/mitchellparker/Desktop/rascore_build/rcsb_assembly/6bvj-assembly-1.cif.gz	/Users/mitchellparker/Desktop/rascore_build/renum_assembly/6bvj-assembly-1_renum.cif	/Users/mitchellparker/Desktop/rascore_build/sifts/6bvj.xml.gz	/Users/mitchellparker/Desktop/rascore_build/pocket/6bvjC_4_pocket.pdb
6bvkA	6bvk	0	A	Y32in.3P-ON	Y71in.3P-R	Y32in	Y71in	I 4 2 2 (CF2)	6bvkA1	1	GTPase HRas	RASH_HUMAN	P01112	Y64A	Y64	HRAS	3P	Other	None	None	GEF.REM	None	SP12-Unbound	I 4 2 2	167	1-50:52-166	2017-12-13	SP12	137.5712	0.0014	Unbound	Unbound	5,6,7,39,54,55,56,74	CSO,GNP,MG	Son of sevenless homolog 1	None	B:70,37,39,56,66,67,36,34,38,33,63,61,35,31,27,26,25,149,22,153,43,50,1,45,44,41,42,24,28,71,30,152,73,17	SOS1_HUMAN	None	None	None	RasGEF	None	B	GNP	MG	None	FMT	CSO	None	STP	XRAY	1.799	0.156	GMTEYKLVVVGAGGVGKSALTIQLIQNHFVDEYDPTIEDSYRKQVVIDGETCLLDILDTAGQEEASAMRDQYMRTGEGFLCVFAINNTKSFEDIHQYREQIKRVKDSDDVPMVLVGNKCDLAARTVESRQAQDLARSYGIPYIETSAKTRQGVEDAFYTLVREIRQH	True	184.421	184.421	179.008	90.00	90.00	90.00	/Users/mitchellparker/Desktop/rascore_build/core/6bvkA_core.cif	/Users/mitchellparker/Desktop/rascore_build/rcsb/6bvk.cif.gz	/Users/mitchellparker/Desktop/rascore_build/renum/6bvk_renum.cif	/Users/mitchellparker/Desktop/rascore_build/rcsb_assembly/6bvk-assembly-1.cif.gz	/Users/mitchellparker/Desktop/rascore_build/renum_assembly/6bvk-assembly-1_renum.cif	/Users/mitchellparker/Desktop/rascore_build/sifts/6bvk.xml.gz	/Users/mitchellparker/Desktop/rascore_build/pocket/6bvkA_1_pocket.pdb
6bvkA	6bvk	0	A	Y32in.3P-ON	Y71in.3P-R	Y32in	Y71in	I 4 2 2 (CF2)	6bvkA2	2	GTPase HRas	RASH_HUMAN	P01112	Y64A	Y64	HRAS	3P	Other	None	None	GEF.REM	None	SP12-Unbound	I 4 2 2	167	1-50:52-166	2017-12-13	Other	307.7187	0.0052	Unbound	Unbound	73,74,75,76,104,106,109,110,163,166	CSO,GNP,MG	Son of sevenless homolog 1	None	B:70,37,39,56,66,67,36,34,38,33,63,61,35,31,27,26,25,149,22,153,43,50,1,45,44,41,42,24,28,71,30,152,73,17	SOS1_HUMAN	None	None	None	RasGEF	None	B	GNP	MG	None	FMT	CSO	None	STP	XRAY	1.799	0.156	GMTEYKLVVVGAGGVGKSALTIQLIQNHFVDEYDPTIEDSYRKQVVIDGETCLLDILDTAGQEEASAMRDQYMRTGEGFLCVFAINNTKSFEDIHQYREQIKRVKDSDDVPMVLVGNKCDLAARTVESRQAQDLARSYGIPYIETSAKTRQGVEDAFYTLVREIRQH	True	184.421	184.421	179.008	90.00	90.00	90.00	/Users/mitchellparker/Desktop/rascore_build/core/6bvkA_core.cif	/Users/mitchellparker/Desktop/rascore_build/rcsb/6bvk.cif.gz	/Users/mitchellparker/Desktop/rascore_build/renum/6bvk_renum.cif	/Users/mitchellparker/Desktop/rascore_build/rcsb_assembly/6bvk-assembly-1.cif.gz	/Users/mitchellparker/Desktop/rascore_build/renum_assembly/6bvk-assembly-1_renum.cif	/Users/mitchellparker/Desktop/rascore_build/sifts/6bvk.xml.gz	/Users/mitchellparker/Desktop/rascore_build/pocket/6bvkA_2_pocket.pdb
6bvkA	6bvk	0	A	Y32in.3P-ON	Y71in.3P-R	Y32in	Y71in	I 4 2 2 (CF2)	6bvkA3	3	GTPase HRas	RASH_HUMAN	P01112	Y64A	Y64	HRAS	3P	Other	None	None	GEF.REM	None	SP12-Unbound	I 4 2 2	167	1-50:52-166	2017-12-13	Other	193.7151	0.0002	Unbound	Unbound	97,107,108,109,110,111,137,138,139,162,166	CSO,GNP,MG	Son of sevenless homolog 1	None	B:70,37,39,56,66,67,36,34,38,33,63,61,35,31,27,26,25,149,22,153,43,50,1,45,44,41,42,24,28,71,30,152,73,17	SOS1_HUMAN	None	None	None	RasGEF	None	B	GNP	MG	None	FMT	CSO	None	STP	XRAY	1.799	0.156	GMTEYKLVVVGAGGVGKSALTIQLIQNHFVDEYDPTIEDSYRKQVVIDGETCLLDILDTAGQEEASAMRDQYMRTGEGFLCVFAINNTKSFEDIHQYREQIKRVKDSDDVPMVLVGNKCDLAARTVESRQAQDLARSYGIPYIETSAKTRQGVEDAFYTLVREIRQH	True	184.421	184.421	179.008	90.00	90.00	90.00	/Users/mitchellparker/Desktop/rascore_build/core/6bvkA_core.cif	/Users/mitchellparker/Desktop/rascore_build/rcsb/6bvk.cif.gz	/Users/mitchellparker/Desktop/rascore_build/renum/6bvk_renum.cif	/Users/mitchellparker/Desktop/rascore_build/rcsb_assembly/6bvk-assembly-1.cif.gz	/Users/mitchellparker/Desktop/rascore_build/renum_assembly/6bvk-assembly-1_renum.cif	/Users/mitchellparker/Desktop/rascore_build/sifts/6bvk.xml.gz	/Users/mitchellparker/Desktop/rascore_build/pocket/6bvkA_3_pocket.pdb
6bvkC	6bvk	0	C	Y32out.0P-GEF	Y71out.0P-GEF	Y32out	Y71out	I 4 2 2 (CF2)	6bvkC1	1	GTPase HRas	RASH_HUMAN	P01112	WT	WT	HRAS	0P	WT	None	None	GEF.CDC25	None	SP2-Unbound	I 4 2 2	167	1-166	2017-12-13	SP2	238.5449	0.0314	Unbound	Unbound	7,8,9,10,16,56,58,61,62,64,68,71,72,96	FMT,NA	Son of sevenless homolog 1	None	B:60,13,64,63,65,66,70,67,73,69,102,103,40,54,56,55,71,37,61,59,58,57,34,35,32,21,17,18,31,25,30,95,99,33,146,12,74,62,105	SOS1_HUMAN	None	None	None	RasGEF	None	B	None	None	None	FMT,NA	None	None	STP	XRAY	1.799	0.156	GMTEYKLVVVGAGGVGKSALTIQLIQNHFVDEYDPTIEDSYRKQVVIDGETCLLDILDTAGQEEYSAMRDQYMRTGEGFLCVFAINNTKSFEDIHQYREQIKRVKDSDDVPMVLVGNKCDLAARTVESRQAQDLARSYGIPYIETSAKTRQGVEDAFYTLVREIRQH	True	184.421	184.421	179.008	90.00	90.00	90.00	/Users/mitchellparker/Desktop/rascore_build/core/6bvkC_core.cif	/Users/mitchellparker/Desktop/rascore_build/rcsb/6bvk.cif.gz	/Users/mitchellparker/Desktop/rascore_build/renum/6bvk_renum.cif	/Users/mitchellparker/Desktop/rascore_build/rcsb_assembly/6bvk-assembly-1.cif.gz	/Users/mitchellparker/Desktop/rascore_build/renum_assembly/6bvk-assembly-1_renum.cif	/Users/mitchellparker/Desktop/rascore_build/sifts/6bvk.xml.gz	/Users/mitchellparker/Desktop/rascore_build/pocket/6bvkC_1_pocket.pdb
6bvkC	6bvk	0	C	Y32out.0P-GEF	Y71out.0P-GEF	Y32out	Y71out	I 4 2 2 (CF2)	6bvkC2	2	GTPase HRas	RASH_HUMAN	P01112	WT	WT	HRAS	0P	WT	None	None	GEF.CDC25	None	SP2-Unbound	I 4 2 2	167	1-166	2017-12-13	SP2	190.4101	0.0469	Unbound	Unbound	92,95,96,99	FMT,NA	Son of sevenless homolog 1	None	B:60,13,64,63,65,66,70,67,73,69,102,103,40,54,56,55,71,37,61,59,58,57,34,35,32,21,17,18,31,25,30,95,99,33,146,12,74,62,105	SOS1_HUMAN	None	None	None	RasGEF	None	B	None	None	None	FMT,NA	None	None	STP	XRAY	1.799	0.156	GMTEYKLVVVGAGGVGKSALTIQLIQNHFVDEYDPTIEDSYRKQVVIDGETCLLDILDTAGQEEYSAMRDQYMRTGEGFLCVFAINNTKSFEDIHQYREQIKRVKDSDDVPMVLVGNKCDLAARTVESRQAQDLARSYGIPYIETSAKTRQGVEDAFYTLVREIRQH	True	184.421	184.421	179.008	90.00	90.00	90.00	/Users/mitchellparker/Desktop/rascore_build/core/6bvkC_core.cif	/Users/mitchellparker/Desktop/rascore_build/rcsb/6bvk.cif.gz	/Users/mitchellparker/Desktop/rascore_build/renum/6bvk_renum.cif	/Users/mitchellparker/Desktop/rascore_build/rcsb_assembly/6bvk-assembly-1.cif.gz	/Users/mitchellparker/Desktop/rascore_build/renum_assembly/6bvk-assembly-1_renum.cif	/Users/mitchellparker/Desktop/rascore_build/sifts/6bvk.xml.gz	/Users/mitchellparker/Desktop/rascore_build/pocket/6bvkC_2_pocket.pdb
6bvkC	6bvk	0	C	Y32out.0P-GEF	Y71out.0P-GEF	Y32out	Y71out	I 4 2 2 (CF2)	6bvkC3	3	GTPase HRas	RASH_HUMAN	P01112	WT	WT	HRAS	0P	WT	None	None	GEF.CDC25	None	SP2-Unbound	I 4 2 2	167	1-166	2017-12-13	Other	464.1645	0.0002	Unbound	Unbound	128,131,132,134,135,138,139,140,141,162	FMT,NA	Son of sevenless homolog 1	None	B:60,13,64,63,65,66,70,67,73,69,102,103,40,54,56,55,71,37,61,59,58,57,34,35,32,21,17,18,31,25,30,95,99,33,146,12,74,62,105	SOS1_HUMAN	None	None	None	RasGEF	None	B	None	None	None	FMT,NA	None	None	STP	XRAY	1.799	0.156	GMTEYKLVVVGAGGVGKSALTIQLIQNHFVDEYDPTIEDSYRKQVVIDGETCLLDILDTAGQEEYSAMRDQYMRTGEGFLCVFAINNTKSFEDIHQYREQIKRVKDSDDVPMVLVGNKCDLAARTVESRQAQDLARSYGIPYIETSAKTRQGVEDAFYTLVREIRQH	True	184.421	184.421	179.008	90.00	90.00	90.00	/Users/mitchellparker/Desktop/rascore_build/core/6bvkC_core.cif	/Users/mitchellparker/Desktop/rascore_build/rcsb/6bvk.cif.gz	/Users/mitchellparker/Desktop/rascore_build/renum/6bvk_renum.cif	/Users/mitchellparker/Desktop/rascore_build/rcsb_assembly/6bvk-assembly-1.cif.gz	/Users/mitchellparker/Desktop/rascore_build/renum_assembly/6bvk-assembly-1_renum.cif	/Users/mitchellparker/Desktop/rascore_build/sifts/6bvk.xml.gz	/Users/mitchellparker/Desktop/rascore_build/pocket/6bvkC_3_pocket.pdb
6bvlA	6bvl	0	A	Y32in.3P-ON	Y71in.3P-R	Y32in	Y71in	I 4 2 2 (CF2)	6bvlA1	1	GTPase HRas	RASH_HUMAN	P01112	Y64A	Y64	HRAS	3P	Other	None	None	GEF.REM	None	SP12-Unbound	I 4 2 2	167	1-50:52-166	2017-12-13	SP12	154.5723	0.0028	Unbound	Unbound	5,6,7,39,54,55,56,74,75	CSO,GNP,MG	Son of sevenless homolog 1	None	B:70,37,39,56,66,67,36,34,38,33,63,61,35,31,27,26,25,149,22,153,43,50,1,45,44,41,42,24,30,28,71,73,152,32,52	SOS1_HUMAN	None	None	None	RasGEF	None	B	GNP	MG	None	FMT	CSO	None	STP	XRAY	1.748	0.158	GMTEYKLVVVGAGGVGKSALTIQLIQNHFVDEYDPTIEDSYRKQVVIDGETCLLDILDTAGQEEASAMRDQYMRTGEGFLCVFAINNTKSFEDIHQYREQIKRVKDSDDVPMVLVGNKCDLAARTVESRQAQDLARSYGIPYIETSAKTRQGVEDAFYTLVREIRQH	True	184.209	184.209	179.093	90.00	90.00	90.00	/Users/mitchellparker/Desktop/rascore_build/core/6bvlA_core.cif	/Users/mitchellparker/Desktop/rascore_build/rcsb/6bvl.cif.gz	/Users/mitchellparker/Desktop/rascore_build/renum/6bvl_renum.cif	/Users/mitchellparker/Desktop/rascore_build/rcsb_assembly/6bvl-assembly-1.cif.gz	/Users/mitchellparker/Desktop/rascore_build/renum_assembly/6bvl-assembly-1_renum.cif	/Users/mitchellparker/Desktop/rascore_build/sifts/6bvl.xml.gz	/Users/mitchellparker/Desktop/rascore_build/pocket/6bvlA_1_pocket.pdb
6bvlA	6bvl	0	A	Y32in.3P-ON	Y71in.3P-R	Y32in	Y71in	I 4 2 2 (CF2)	6bvlA2	2	GTPase HRas	RASH_HUMAN	P01112	Y64A	Y64	HRAS	3P	Other	None	None	GEF.REM	None	SP12-Unbound	I 4 2 2	167	1-50:52-166	2017-12-13	Other	309.7254	0.0030	Unbound	Unbound	73,74,75,76,104,106,108,109,110,163,166	CSO,GNP,MG	Son of sevenless homolog 1	None	B:70,37,39,56,66,67,36,34,38,33,63,61,35,31,27,26,25,149,22,153,43,50,1,45,44,41,42,24,30,28,71,73,152,32,52	SOS1_HUMAN	None	None	None	RasGEF	None	B	GNP	MG	None	FMT	CSO	None	STP	XRAY	1.748	0.158	GMTEYKLVVVGAGGVGKSALTIQLIQNHFVDEYDPTIEDSYRKQVVIDGETCLLDILDTAGQEEASAMRDQYMRTGEGFLCVFAINNTKSFEDIHQYREQIKRVKDSDDVPMVLVGNKCDLAARTVESRQAQDLARSYGIPYIETSAKTRQGVEDAFYTLVREIRQH	True	184.209	184.209	179.093	90.00	90.00	90.00	/Users/mitchellparker/Desktop/rascore_build/core/6bvlA_core.cif	/Users/mitchellparker/Desktop/rascore_build/rcsb/6bvl.cif.gz	/Users/mitchellparker/Desktop/rascore_build/renum/6bvl_renum.cif	/Users/mitchellparker/Desktop/rascore_build/rcsb_assembly/6bvl-assembly-1.cif.gz	/Users/mitchellparker/Desktop/rascore_build/renum_assembly/6bvl-assembly-1_renum.cif	/Users/mitchellparker/Desktop/rascore_build/sifts/6bvl.xml.gz	/Users/mitchellparker/Desktop/rascore_build/pocket/6bvlA_2_pocket.pdb
6bvlC	6bvl	0	C	Y32out.0P-GEF	Y71out.0P-GEF	Y32out	Y71out	I 4 2 2 (CF2)	6bvlC1	1	GTPase HRas	RASH_HUMAN	P01112	WT	WT	HRAS	0P	WT	None	None	GEF.CDC25	None	SP2-Unbound	I 4 2 2	167	1-166	2017-12-13	SP2	220.6675	0.0040	Unbound	Unbound	7,8,9,10,16,58,61,62,64,68,71,72,96	FMT,NA	Son of sevenless homolog 1	None	B:60,13,64,63,65,66,70,67,73,69,102,103,40,54,55,71,37,61,59,58,57,34,35,32,21,17,18,31,25,30,95,68,56,99,146,12,33,105,74	SOS1_HUMAN	None	None	None	RasGEF	None	B	None	None	None	FMT,NA	None	None	STP	XRAY	1.748	0.158	GMTEYKLVVVGAGGVGKSALTIQLIQNHFVDEYDPTIEDSYRKQVVIDGETCLLDILDTAGQEEYSAMRDQYMRTGEGFLCVFAINNTKSFEDIHQYREQIKRVKDSDDVPMVLVGNKCDLAARTVESRQAQDLARSYGIPYIETSAKTRQGVEDAFYTLVREIRQH	True	184.209	184.209	179.093	90.00	90.00	90.00	/Users/mitchellparker/Desktop/rascore_build/core/6bvlC_core.cif	/Users/mitchellparker/Desktop/rascore_build/rcsb/6bvl.cif.gz	/Users/mitchellparker/Desktop/rascore_build/renum/6bvl_renum.cif	/Users/mitchellparker/Desktop/rascore_build/rcsb_assembly/6bvl-assembly-1.cif.gz	/Users/mitchellparker/Desktop/rascore_build/renum_assembly/6bvl-assembly-1_renum.cif	/Users/mitchellparker/Desktop/rascore_build/sifts/6bvl.xml.gz	/Users/mitchellparker/Desktop/rascore_build/pocket/6bvlC_1_pocket.pdb
6bvlC	6bvl	0	C	Y32out.0P-GEF	Y71out.0P-GEF	Y32out	Y71out	I 4 2 2 (CF2)	6bvlC2	2	GTPase HRas	RASH_HUMAN	P01112	WT	WT	HRAS	0P	WT	None	None	GEF.CDC25	None	SP2-Unbound	I 4 2 2	167	1-166	2017-12-13	Other	498.9270	0.0002	Unbound	Unbound	128,131,132,134,135,138,139,140,141,162	FMT,NA	Son of sevenless homolog 1	None	B:60,13,64,63,65,66,70,67,73,69,102,103,40,54,55,71,37,61,59,58,57,34,35,32,21,17,18,31,25,30,95,68,56,99,146,12,33,105,74	SOS1_HUMAN	None	None	None	RasGEF	None	B	None	None	None	FMT,NA	None	None	STP	XRAY	1.748	0.158	GMTEYKLVVVGAGGVGKSALTIQLIQNHFVDEYDPTIEDSYRKQVVIDGETCLLDILDTAGQEEYSAMRDQYMRTGEGFLCVFAINNTKSFEDIHQYREQIKRVKDSDDVPMVLVGNKCDLAARTVESRQAQDLARSYGIPYIETSAKTRQGVEDAFYTLVREIRQH	True	184.209	184.209	179.093	90.00	90.00	90.00	/Users/mitchellparker/Desktop/rascore_build/core/6bvlC_core.cif	/Users/mitchellparker/Desktop/rascore_build/rcsb/6bvl.cif.gz	/Users/mitchellparker/Desktop/rascore_build/renum/6bvl_renum.cif	/Users/mitchellparker/Desktop/rascore_build/rcsb_assembly/6bvl-assembly-1.cif.gz	/Users/mitchellparker/Desktop/rascore_build/renum_assembly/6bvl-assembly-1_renum.cif	/Users/mitchellparker/Desktop/rascore_build/sifts/6bvl.xml.gz	/Users/mitchellparker/Desktop/rascore_build/pocket/6bvlC_2_pocket.pdb
6bvlC	6bvl	0	C	Y32out.0P-GEF	Y71out.0P-GEF	Y32out	Y71out	I 4 2 2 (CF2)	6bvlC3	3	GTPase HRas	RASH_HUMAN	P01112	WT	WT	HRAS	0P	WT	None	None	GEF.CDC25	None	SP2-Unbound	I 4 2 2	167	1-166	2017-12-13	SP2	180.2488	0.0063	Unbound	Unbound	68,92,95,96,99	FMT,NA	Son of sevenless homolog 1	None	B:60,13,64,63,65,66,70,67,73,69,102,103,40,54,55,71,37,61,59,58,57,34,35,32,21,17,18,31,25,30,95,68,56,99,146,12,33,105,74	SOS1_HUMAN	None	None	None	RasGEF	None	B	None	None	None	FMT,NA	None	None	STP	XRAY	1.748	0.158	GMTEYKLVVVGAGGVGKSALTIQLIQNHFVDEYDPTIEDSYRKQVVIDGETCLLDILDTAGQEEYSAMRDQYMRTGEGFLCVFAINNTKSFEDIHQYREQIKRVKDSDDVPMVLVGNKCDLAARTVESRQAQDLARSYGIPYIETSAKTRQGVEDAFYTLVREIRQH	True	184.209	184.209	179.093	90.00	90.00	90.00	/Users/mitchellparker/Desktop/rascore_build/core/6bvlC_core.cif	/Users/mitchellparker/Desktop/rascore_build/rcsb/6bvl.cif.gz	/Users/mitchellparker/Desktop/rascore_build/renum/6bvl_renum.cif	/Users/mitchellparker/Desktop/rascore_build/rcsb_assembly/6bvl-assembly-1.cif.gz	/Users/mitchellparker/Desktop/rascore_build/renum_assembly/6bvl-assembly-1_renum.cif	/Users/mitchellparker/Desktop/rascore_build/sifts/6bvl.xml.gz	/Users/mitchellparker/Desktop/rascore_build/pocket/6bvlC_3_pocket.pdb
6bvmA	6bvm	0	A	Y32in.3P-ON	Y71in.3P-R	Y32in	Y71in	I 4 2 2 (CF2)	6bvmA1	1	GTPase HRas	RASH_HUMAN	P01112	Y64A	Y64	HRAS	3P	Other	None	None	GEF.REM	None	SP12-Unbound	I 4 2 2	167	1-50:52-166	2017-12-13	SP12	135.6430	0.0082	Unbound	Unbound	5,6,7,39,54,55,56,74,75	CSO,GNP,MG	Son of sevenless homolog 1	None	B:70,37,39,56,66,67,36,34,38,33,63,61,35,31,27,26,25,149,22,153,43,50,1,45,44,41,42,24,28,152,71,73,32,40,30	SOS1_HUMAN	None	None	None	RasGEF	None	B	GNP	MG	None	FMT	CSO	None	STP	XRAY	1.796	0.157	GMTEYKLVVVGAGGVGKSALTIQLIQNHFVDEYDPTIEDSYRKQVVIDGETCLLDILDTAGQEEASAMRDQYMRTGEGFLCVFAINNTKSFEDIHQYREQIKRVKDSDDVPMVLVGNKCDLAARTVESRQAQDLARSYGIPYIETSAKTRQGVEDAFYTLVREIRQH	True	184.316	184.316	179.059	90.00	90.00	90.00	/Users/mitchellparker/Desktop/rascore_build/core/6bvmA_core.cif	/Users/mitchellparker/Desktop/rascore_build/rcsb/6bvm.cif.gz	/Users/mitchellparker/Desktop/rascore_build/renum/6bvm_renum.cif	/Users/mitchellparker/Desktop/rascore_build/rcsb_assembly/6bvm-assembly-1.cif.gz	/Users/mitchellparker/Desktop/rascore_build/renum_assembly/6bvm-assembly-1_renum.cif	/Users/mitchellparker/Desktop/rascore_build/sifts/6bvm.xml.gz	/Users/mitchellparker/Desktop/rascore_build/pocket/6bvmA_1_pocket.pdb
6bvmA	6bvm	0	A	Y32in.3P-ON	Y71in.3P-R	Y32in	Y71in	I 4 2 2 (CF2)	6bvmA2	2	GTPase HRas	RASH_HUMAN	P01112	Y64A	Y64	HRAS	3P	Other	None	None	GEF.REM	None	SP12-Unbound	I 4 2 2	167	1-50:52-166	2017-12-13	Other	336.1421	0.0081	Unbound	Unbound	73,74,75,76,104,106,109,110,163,166	CSO,GNP,MG	Son of sevenless homolog 1	None	B:70,37,39,56,66,67,36,34,38,33,63,61,35,31,27,26,25,149,22,153,43,50,1,45,44,41,42,24,28,152,71,73,32,40,30	SOS1_HUMAN	None	None	None	RasGEF	None	B	GNP	MG	None	FMT	CSO	None	STP	XRAY	1.796	0.157	GMTEYKLVVVGAGGVGKSALTIQLIQNHFVDEYDPTIEDSYRKQVVIDGETCLLDILDTAGQEEASAMRDQYMRTGEGFLCVFAINNTKSFEDIHQYREQIKRVKDSDDVPMVLVGNKCDLAARTVESRQAQDLARSYGIPYIETSAKTRQGVEDAFYTLVREIRQH	True	184.316	184.316	179.059	90.00	90.00	90.00	/Users/mitchellparker/Desktop/rascore_build/core/6bvmA_core.cif	/Users/mitchellparker/Desktop/rascore_build/rcsb/6bvm.cif.gz	/Users/mitchellparker/Desktop/rascore_build/renum/6bvm_renum.cif	/Users/mitchellparker/Desktop/rascore_build/rcsb_assembly/6bvm-assembly-1.cif.gz	/Users/mitchellparker/Desktop/rascore_build/renum_assembly/6bvm-assembly-1_renum.cif	/Users/mitchellparker/Desktop/rascore_build/sifts/6bvm.xml.gz	/Users/mitchellparker/Desktop/rascore_build/pocket/6bvmA_2_pocket.pdb
6bvmA	6bvm	0	A	Y32in.3P-ON	Y71in.3P-R	Y32in	Y71in	I 4 2 2 (CF2)	6bvmA3	3	GTPase HRas	RASH_HUMAN	P01112	Y64A	Y64	HRAS	3P	Other	None	None	GEF.REM	None	SP12-Unbound	I 4 2 2	167	1-50:52-166	2017-12-13	Other	219.8850	0.0002	Unbound	Unbound	97,107,108,109,110,111,137,138,139,162,166	CSO,GNP,MG	Son of sevenless homolog 1	None	B:70,37,39,56,66,67,36,34,38,33,63,61,35,31,27,26,25,149,22,153,43,50,1,45,44,41,42,24,28,152,71,73,32,40,30	SOS1_HUMAN	None	None	None	RasGEF	None	B	GNP	MG	None	FMT	CSO	None	STP	XRAY	1.796	0.157	GMTEYKLVVVGAGGVGKSALTIQLIQNHFVDEYDPTIEDSYRKQVVIDGETCLLDILDTAGQEEASAMRDQYMRTGEGFLCVFAINNTKSFEDIHQYREQIKRVKDSDDVPMVLVGNKCDLAARTVESRQAQDLARSYGIPYIETSAKTRQGVEDAFYTLVREIRQH	True	184.316	184.316	179.059	90.00	90.00	90.00	/Users/mitchellparker/Desktop/rascore_build/core/6bvmA_core.cif	/Users/mitchellparker/Desktop/rascore_build/rcsb/6bvm.cif.gz	/Users/mitchellparker/Desktop/rascore_build/renum/6bvm_renum.cif	/Users/mitchellparker/Desktop/rascore_build/rcsb_assembly/6bvm-assembly-1.cif.gz	/Users/mitchellparker/Desktop/rascore_build/renum_assembly/6bvm-assembly-1_renum.cif	/Users/mitchellparker/Desktop/rascore_build/sifts/6bvm.xml.gz	/Users/mitchellparker/Desktop/rascore_build/pocket/6bvmA_3_pocket.pdb
6bvmC	6bvm	0	C	Y32out.0P-GEF	Y71out.0P-GEF	Y32out	Y71out	I 4 2 2 (CF2)	6bvmC1	1	GTPase HRas	RASH_HUMAN	P01112	WT	WT	HRAS	0P	WT	None	None	GEF.CDC25	None	SP2-Unbound	I 4 2 2	167	1-166	2017-12-13	SP2	213.6560	0.0366	Unbound	Unbound	7,8,9,10,16,58,61,62,64,68,71,72,96	FMT,NA	Son of sevenless homolog 1	None	B:60,13,64,63,65,66,70,67,73,69,102,103,40,54,55,71,37,61,59,58,57,34,35,32,21,17,18,31,25,30,95,56,33,99,12,74,62	SOS1_HUMAN	None	None	None	RasGEF	None	B	None	None	None	FMT,NA	None	None	STP	XRAY	1.796	0.157	GMTEYKLVVVGAGGVGKSALTIQLIQNHFVDEYDPTIEDSYRKQVVIDGETCLLDILDTAGQEEYSAMRDQYMRTGEGFLCVFAINNTKSFEDIHQYREQIKRVKDSDDVPMVLVGNKCDLAARTVESRQAQDLARSYGIPYIETSAKTRQGVEDAFYTLVREIRQH	True	184.316	184.316	179.059	90.00	90.00	90.00	/Users/mitchellparker/Desktop/rascore_build/core/6bvmC_core.cif	/Users/mitchellparker/Desktop/rascore_build/rcsb/6bvm.cif.gz	/Users/mitchellparker/Desktop/rascore_build/renum/6bvm_renum.cif	/Users/mitchellparker/Desktop/rascore_build/rcsb_assembly/6bvm-assembly-1.cif.gz	/Users/mitchellparker/Desktop/rascore_build/renum_assembly/6bvm-assembly-1_renum.cif	/Users/mitchellparker/Desktop/rascore_build/sifts/6bvm.xml.gz	/Users/mitchellparker/Desktop/rascore_build/pocket/6bvmC_1_pocket.pdb
6bvmC	6bvm	0	C	Y32out.0P-GEF	Y71out.0P-GEF	Y32out	Y71out	I 4 2 2 (CF2)	6bvmC2	2	GTPase HRas	RASH_HUMAN	P01112	WT	WT	HRAS	0P	WT	None	None	GEF.CDC25	None	SP2-Unbound	I 4 2 2	167	1-166	2017-12-13	Other	222.8182	0.0005	Unbound	Unbound	97,108,109,110,137,138,139,162,165,166	FMT,NA	Son of sevenless homolog 1	None	B:60,13,64,63,65,66,70,67,73,69,102,103,40,54,55,71,37,61,59,58,57,34,35,32,21,17,18,31,25,30,95,56,33,99,12,74,62	SOS1_HUMAN	None	None	None	RasGEF	None	B	None	None	None	FMT,NA	None	None	STP	XRAY	1.796	0.157	GMTEYKLVVVGAGGVGKSALTIQLIQNHFVDEYDPTIEDSYRKQVVIDGETCLLDILDTAGQEEYSAMRDQYMRTGEGFLCVFAINNTKSFEDIHQYREQIKRVKDSDDVPMVLVGNKCDLAARTVESRQAQDLARSYGIPYIETSAKTRQGVEDAFYTLVREIRQH	True	184.316	184.316	179.059	90.00	90.00	90.00	/Users/mitchellparker/Desktop/rascore_build/core/6bvmC_core.cif	/Users/mitchellparker/Desktop/rascore_build/rcsb/6bvm.cif.gz	/Users/mitchellparker/Desktop/rascore_build/renum/6bvm_renum.cif	/Users/mitchellparker/Desktop/rascore_build/rcsb_assembly/6bvm-assembly-1.cif.gz	/Users/mitchellparker/Desktop/rascore_build/renum_assembly/6bvm-assembly-1_renum.cif	/Users/mitchellparker/Desktop/rascore_build/sifts/6bvm.xml.gz	/Users/mitchellparker/Desktop/rascore_build/pocket/6bvmC_2_pocket.pdb
6bvmC	6bvm	0	C	Y32out.0P-GEF	Y71out.0P-GEF	Y32out	Y71out	I 4 2 2 (CF2)	6bvmC3	3	GTPase HRas	RASH_HUMAN	P01112	WT	WT	HRAS	0P	WT	None	None	GEF.CDC25	None	SP2-Unbound	I 4 2 2	167	1-166	2017-12-13	SP2	188.2164	0.0323	Unbound	Unbound	68,92,95,96,99	FMT,NA	Son of sevenless homolog 1	None	B:60,13,64,63,65,66,70,67,73,69,102,103,40,54,55,71,37,61,59,58,57,34,35,32,21,17,18,31,25,30,95,56,33,99,12,74,62	SOS1_HUMAN	None	None	None	RasGEF	None	B	None	None	None	FMT,NA	None	None	STP	XRAY	1.796	0.157	GMTEYKLVVVGAGGVGKSALTIQLIQNHFVDEYDPTIEDSYRKQVVIDGETCLLDILDTAGQEEYSAMRDQYMRTGEGFLCVFAINNTKSFEDIHQYREQIKRVKDSDDVPMVLVGNKCDLAARTVESRQAQDLARSYGIPYIETSAKTRQGVEDAFYTLVREIRQH	True	184.316	184.316	179.059	90.00	90.00	90.00	/Users/mitchellparker/Desktop/rascore_build/core/6bvmC_core.cif	/Users/mitchellparker/Desktop/rascore_build/rcsb/6bvm.cif.gz	/Users/mitchellparker/Desktop/rascore_build/renum/6bvm_renum.cif	/Users/mitchellparker/Desktop/rascore_build/rcsb_assembly/6bvm-assembly-1.cif.gz	/Users/mitchellparker/Desktop/rascore_build/renum_assembly/6bvm-assembly-1_renum.cif	/Users/mitchellparker/Desktop/rascore_build/sifts/6bvm.xml.gz	/Users/mitchellparker/Desktop/rascore_build/pocket/6bvmC_3_pocket.pdb
6cc9B	6cc9	0	B	Outlier	Outlier	Y32in	Y71out	None	6cc9B1	1	GTPase KRas	RASK_HUMAN	P01116-2	G12V	G12	KRAS	3P	G12V	SP12	SP12.Indole	Nanodisc	None	SP12-Bound	None	187	1-167:169-186	2018-02-06	SP12	412.2892	0.0731	Bound	SP12	5,6,7,9,39,54,56,58,68,71,72,74,75	PCW,PCW,PCW,PCW,PCW,PCW,17F,PCW,PCW,PCW,PCW,PCW,PCW,PCW,PCW,PCW,PCW,PCW,PCW,PCW,PCW,PCW,PCW,PCW,PCW,PCW,PCW,PCW,PCW,PCW,PCW,PCW,PCW,PCW,PCW,PCW,17F,17F,17F,17F,17F,17F,17F,PCW,PCW,PCW,17F,GNP,MG,EWS,PCW,PCW,PCW,PCW,PCW,PCW,PCW,PCW,PCW,PCW,PCW,PCW,PCW,PCW,PCW,PCW,PCW,PCW,PCW,PCW,PCW,PCW,PCW,PCW,PCW,PCW,17F,17F,17F,17F,17F,17F,17F	Apolipoprotein A-I	EWS:56,74,71,7,58,8,6,55,54,5,72	A:186,184,5,3,70,103,73,185	APOA1_HUMAN	SP12	SP12.Indole	EWS:O=C(NC1CC[NH2+]C(Cc2ccc(Cl)cc2)C1)c1c[nH]c2ccc(Br)cc12	Nanodisc	None	A,C	GNP	MG	EWS	None	None	17F,PCW	EWS	NMR	None	None	GSMTEYKLVVVGAVGVGKSALTIQLIQNHFVDEYDPTIEDSYRKQVVIDGETCLLDILDTAGQEEYSAMRDQYMRTGEGFLCVFAINNTKSFEDIHHYREQIKRVKDSEDVPMVLVGNKCDLPSRTVDTKQAQDLARSYGIPFIETSAKTRQGVDDAFYTLVREIRKHKEKMSKDGKKKKKKSKTKC	True	999.0	999.0	999.0	999.0	999.0	999.0	/Users/mitchellparker/Desktop/rascore_build/core/6cc9B_core.cif	/Users/mitchellparker/Desktop/rascore_build/rcsb/6cc9.cif.gz	/Users/mitchellparker/Desktop/rascore_build/renum/6cc9_renum.cif	/Users/mitchellparker/Desktop/rascore_build/rcsb_assembly/6cc9-assembly-1.cif.gz	/Users/mitchellparker/Desktop/rascore_build/renum_assembly/6cc9-assembly-1_renum.cif	/Users/mitchellparker/Desktop/rascore_build/sifts/6cc9.xml.gz	/Users/mitchellparker/Desktop/rascore_build/pocket/6cc9B_1_pocket.pdb
6cchB	6cch	0	B	Y32in.3P-ON	Outlier	Y32in	Y71out	None	6cchB10	10	GTPase KRas	RASK_HUMAN	P01116-2	G12V	G12	KRAS	3P	G12V	None	None	Nanodisc	None	Multiple-Unbound	None	187	1-167:169-186	2018-02-07	Other	247.1429	0.0001	Unbound	Unbound	73,74,75,76,104,110,163,166,167	PCW,PCW,PCW,PCW,PCW,PCW,PCW,PCW,PCW,PCW,PCW,PCW,PCW,PCW,PCW,PCW,PCW,PCW,PCW,PCW,PCW,PCW,PCW,PCW,PCW,PCW,PCW,PCW,PCW,PCW,PCW,PCW,17F,17F,17F,17F,17F,17F,17F,17F,PCW,PCW,PCW,PCW,PCW,PCW,PCW,PCW,PCW,PCW,PCW,PCW,PCW,PCW,PCW,PCW,PCW,PCW,PCW,PCW,PCW,PCW,PCW,PCW,PCW,PCW,PCW,PCW,PCW,PCW,PCW,PCW,17F,17F,17F,17F,17F,17F,17F,17F,GNP,MG	Apolipoprotein A-I	None	A:129,90,133,132,128,105,107,101,102,136,137,91,135,64,98	APOA1_HUMAN	None	None	None	Nanodisc	None	A,C	GNP	MG	None	None	None	17F,PCW	STP	NMR	None	None	GSMTEYKLVVVGAVGVGKSALTIQLIQNHFVDEYDPTIEDSYRKQVVIDGETCLLDILDTAGQEEYSAMRDQYMRTGEGFLCVFAINNTKSFEDIHHYREQIKRVKDSEDVPMVLVGNKCDLPSRTVDTKQAQDLARSYGIPFIETSAKTRQGVDDAFYTLVREIRKHKEKMSKDGKKKKKKSKTKC	True	999.0	999.0	999.0	999.0	999.0	999.0	/Users/mitchellparker/Desktop/rascore_build/core/6cchB_core.cif	/Users/mitchellparker/Desktop/rascore_build/rcsb/6cch.cif.gz	/Users/mitchellparker/Desktop/rascore_build/renum/6cch_renum.cif	/Users/mitchellparker/Desktop/rascore_build/rcsb_assembly/6cch-assembly-1.cif.gz	/Users/mitchellparker/Desktop/rascore_build/renum_assembly/6cch-assembly-1_renum.cif	/Users/mitchellparker/Desktop/rascore_build/sifts/6cch.xml.gz	/Users/mitchellparker/Desktop/rascore_build/pocket/6cchB_10_pocket.pdb
6cchB	6cch	0	B	Y32in.3P-ON	Outlier	Y32in	Y71out	None	6cchB11	11	GTPase KRas	RASK_HUMAN	P01116-2	G12V	G12	KRAS	3P	G12V	None	None	Nanodisc	None	Multiple-Unbound	None	187	1-167:169-186	2018-02-07	SP12	245.4847	0.0001	Unbound	Unbound	3,5,6,7,54,56,71,74	PCW,PCW,PCW,PCW,PCW,PCW,PCW,PCW,PCW,PCW,PCW,PCW,PCW,PCW,PCW,PCW,PCW,PCW,PCW,PCW,PCW,PCW,PCW,PCW,PCW,PCW,PCW,PCW,PCW,PCW,PCW,PCW,17F,17F,17F,17F,17F,17F,17F,17F,PCW,PCW,PCW,PCW,PCW,PCW,PCW,PCW,PCW,PCW,PCW,PCW,PCW,PCW,PCW,PCW,PCW,PCW,PCW,PCW,PCW,PCW,PCW,PCW,PCW,PCW,PCW,PCW,PCW,PCW,PCW,PCW,17F,17F,17F,17F,17F,17F,17F,17F,GNP,MG	Apolipoprotein A-I	None	A:129,90,133,132,128,105,107,101,102,136,137,91,135,64,98	APOA1_HUMAN	None	None	None	Nanodisc	None	A,C	GNP	MG	None	None	None	17F,PCW	STP	NMR	None	None	GSMTEYKLVVVGAVGVGKSALTIQLIQNHFVDEYDPTIEDSYRKQVVIDGETCLLDILDTAGQEEYSAMRDQYMRTGEGFLCVFAINNTKSFEDIHHYREQIKRVKDSEDVPMVLVGNKCDLPSRTVDTKQAQDLARSYGIPFIETSAKTRQGVDDAFYTLVREIRKHKEKMSKDGKKKKKKSKTKC	True	999.0	999.0	999.0	999.0	999.0	999.0	/Users/mitchellparker/Desktop/rascore_build/core/6cchB_core.cif	/Users/mitchellparker/Desktop/rascore_build/rcsb/6cch.cif.gz	/Users/mitchellparker/Desktop/rascore_build/renum/6cch_renum.cif	/Users/mitchellparker/Desktop/rascore_build/rcsb_assembly/6cch-assembly-1.cif.gz	/Users/mitchellparker/Desktop/rascore_build/renum_assembly/6cch-assembly-1_renum.cif	/Users/mitchellparker/Desktop/rascore_build/sifts/6cch.xml.gz	/Users/mitchellparker/Desktop/rascore_build/pocket/6cchB_11_pocket.pdb
6cchB	6cch	0	B	Y32in.3P-ON	Outlier	Y32in	Y71out	None	6cchB12	12	GTPase KRas	RASK_HUMAN	P01116-2	G12V	G12	KRAS	3P	G12V	None	None	Nanodisc	None	Multiple-Unbound	None	187	1-167:169-186	2018-02-07	Other	258.3379	0.0008	Unbound	Unbound	181,182,183	PCW,PCW,PCW,PCW,PCW,PCW,PCW,PCW,PCW,PCW,PCW,PCW,PCW,PCW,PCW,PCW,PCW,PCW,PCW,PCW,PCW,PCW,PCW,PCW,PCW,PCW,PCW,PCW,PCW,PCW,PCW,PCW,17F,17F,17F,17F,17F,17F,17F,17F,PCW,PCW,PCW,PCW,PCW,PCW,PCW,PCW,PCW,PCW,PCW,PCW,PCW,PCW,PCW,PCW,PCW,PCW,PCW,PCW,PCW,PCW,PCW,PCW,PCW,PCW,PCW,PCW,PCW,PCW,PCW,PCW,17F,17F,17F,17F,17F,17F,17F,17F,GNP,MG	Apolipoprotein A-I	None	A:129,90,133,132,128,105,107,101,102,136,137,91,135,64,98	APOA1_HUMAN	None	None	None	Nanodisc	None	A,C	GNP	MG	None	None	None	17F,PCW	STP	NMR	None	None	GSMTEYKLVVVGAVGVGKSALTIQLIQNHFVDEYDPTIEDSYRKQVVIDGETCLLDILDTAGQEEYSAMRDQYMRTGEGFLCVFAINNTKSFEDIHHYREQIKRVKDSEDVPMVLVGNKCDLPSRTVDTKQAQDLARSYGIPFIETSAKTRQGVDDAFYTLVREIRKHKEKMSKDGKKKKKKSKTKC	True	999.0	999.0	999.0	999.0	999.0	999.0	/Users/mitchellparker/Desktop/rascore_build/core/6cchB_core.cif	/Users/mitchellparker/Desktop/rascore_build/rcsb/6cch.cif.gz	/Users/mitchellparker/Desktop/rascore_build/renum/6cch_renum.cif	/Users/mitchellparker/Desktop/rascore_build/rcsb_assembly/6cch-assembly-1.cif.gz	/Users/mitchellparker/Desktop/rascore_build/renum_assembly/6cch-assembly-1_renum.cif	/Users/mitchellparker/Desktop/rascore_build/sifts/6cch.xml.gz	/Users/mitchellparker/Desktop/rascore_build/pocket/6cchB_12_pocket.pdb
6cchB	6cch	0	B	Y32in.3P-ON	Outlier	Y32in	Y71out	None	6cchB13	13	GTPase KRas	RASK_HUMAN	P01116-2	G12V	G12	KRAS	3P	G12V	None	None	Nanodisc	None	Multiple-Unbound	None	187	1-167:169-186	2018-02-07	Other	242.4293	0.0002	Unbound	Unbound	11,12,60,61,86,88	PCW,PCW,PCW,PCW,PCW,PCW,PCW,PCW,PCW,PCW,PCW,PCW,PCW,PCW,PCW,PCW,PCW,PCW,PCW,PCW,PCW,PCW,PCW,PCW,PCW,PCW,PCW,PCW,PCW,PCW,PCW,PCW,17F,17F,17F,17F,17F,17F,17F,17F,PCW,PCW,PCW,PCW,PCW,PCW,PCW,PCW,PCW,PCW,PCW,PCW,PCW,PCW,PCW,PCW,PCW,PCW,PCW,PCW,PCW,PCW,PCW,PCW,PCW,PCW,PCW,PCW,PCW,PCW,PCW,PCW,17F,17F,17F,17F,17F,17F,17F,17F,GNP,MG	Apolipoprotein A-I	None	A:129,90,133,132,128,105,107,101,102,136,137,91,135,64,98	APOA1_HUMAN	None	None	None	Nanodisc	None	A,C	GNP	MG	None	None	None	17F,PCW	STP	NMR	None	None	GSMTEYKLVVVGAVGVGKSALTIQLIQNHFVDEYDPTIEDSYRKQVVIDGETCLLDILDTAGQEEYSAMRDQYMRTGEGFLCVFAINNTKSFEDIHHYREQIKRVKDSEDVPMVLVGNKCDLPSRTVDTKQAQDLARSYGIPFIETSAKTRQGVDDAFYTLVREIRKHKEKMSKDGKKKKKKSKTKC	True	999.0	999.0	999.0	999.0	999.0	999.0	/Users/mitchellparker/Desktop/rascore_build/core/6cchB_core.cif	/Users/mitchellparker/Desktop/rascore_build/rcsb/6cch.cif.gz	/Users/mitchellparker/Desktop/rascore_build/renum/6cch_renum.cif	/Users/mitchellparker/Desktop/rascore_build/rcsb_assembly/6cch-assembly-1.cif.gz	/Users/mitchellparker/Desktop/rascore_build/renum_assembly/6cch-assembly-1_renum.cif	/Users/mitchellparker/Desktop/rascore_build/sifts/6cch.xml.gz	/Users/mitchellparker/Desktop/rascore_build/pocket/6cchB_13_pocket.pdb
6cchB	6cch	0	B	Y32in.3P-ON	Outlier	Y32in	Y71out	None	6cchB14	14	GTPase KRas	RASK_HUMAN	P01116-2	G12V	G12	KRAS	3P	G12V	None	None	Nanodisc	None	Multiple-Unbound	None	187	1-167:169-186	2018-02-07	SP2	396.2962	0.0004	Unbound	Unbound	60,61,62,63,88,92,95,96	PCW,PCW,PCW,PCW,PCW,PCW,PCW,PCW,PCW,PCW,PCW,PCW,PCW,PCW,PCW,PCW,PCW,PCW,PCW,PCW,PCW,PCW,PCW,PCW,PCW,PCW,PCW,PCW,PCW,PCW,PCW,PCW,17F,17F,17F,17F,17F,17F,17F,17F,PCW,PCW,PCW,PCW,PCW,PCW,PCW,PCW,PCW,PCW,PCW,PCW,PCW,PCW,PCW,PCW,PCW,PCW,PCW,PCW,PCW,PCW,PCW,PCW,PCW,PCW,PCW,PCW,PCW,PCW,PCW,PCW,17F,17F,17F,17F,17F,17F,17F,17F,GNP,MG	Apolipoprotein A-I	None	A:129,90,133,132,128,105,107,101,102,136,137,91,135,64,98	APOA1_HUMAN	None	None	None	Nanodisc	None	A,C	GNP	MG	None	None	None	17F,PCW	STP	NMR	None	None	GSMTEYKLVVVGAVGVGKSALTIQLIQNHFVDEYDPTIEDSYRKQVVIDGETCLLDILDTAGQEEYSAMRDQYMRTGEGFLCVFAINNTKSFEDIHHYREQIKRVKDSEDVPMVLVGNKCDLPSRTVDTKQAQDLARSYGIPFIETSAKTRQGVDDAFYTLVREIRKHKEKMSKDGKKKKKKSKTKC	True	999.0	999.0	999.0	999.0	999.0	999.0	/Users/mitchellparker/Desktop/rascore_build/core/6cchB_core.cif	/Users/mitchellparker/Desktop/rascore_build/rcsb/6cch.cif.gz	/Users/mitchellparker/Desktop/rascore_build/renum/6cch_renum.cif	/Users/mitchellparker/Desktop/rascore_build/rcsb_assembly/6cch-assembly-1.cif.gz	/Users/mitchellparker/Desktop/rascore_build/renum_assembly/6cch-assembly-1_renum.cif	/Users/mitchellparker/Desktop/rascore_build/sifts/6cch.xml.gz	/Users/mitchellparker/Desktop/rascore_build/pocket/6cchB_14_pocket.pdb
6cchB	6cch	0	B	Y32in.3P-ON	Outlier	Y32in	Y71out	None	6cchB15	15	GTPase KRas	RASK_HUMAN	P01116-2	G12V	G12	KRAS	3P	G12V	None	None	Nanodisc	None	Multiple-Unbound	None	187	1-167:169-186	2018-02-07	Other	200.0731	0.0000	Unbound	Unbound	131,135,139,140,141	PCW,PCW,PCW,PCW,PCW,PCW,PCW,PCW,PCW,PCW,PCW,PCW,PCW,PCW,PCW,PCW,PCW,PCW,PCW,PCW,PCW,PCW,PCW,PCW,PCW,PCW,PCW,PCW,PCW,PCW,PCW,PCW,17F,17F,17F,17F,17F,17F,17F,17F,PCW,PCW,PCW,PCW,PCW,PCW,PCW,PCW,PCW,PCW,PCW,PCW,PCW,PCW,PCW,PCW,PCW,PCW,PCW,PCW,PCW,PCW,PCW,PCW,PCW,PCW,PCW,PCW,PCW,PCW,PCW,PCW,17F,17F,17F,17F,17F,17F,17F,17F,GNP,MG	Apolipoprotein A-I	None	A:129,90,133,132,128,105,107,101,102,136,137,91,135,64,98	APOA1_HUMAN	None	None	None	Nanodisc	None	A,C	GNP	MG	None	None	None	17F,PCW	STP	NMR	None	None	GSMTEYKLVVVGAVGVGKSALTIQLIQNHFVDEYDPTIEDSYRKQVVIDGETCLLDILDTAGQEEYSAMRDQYMRTGEGFLCVFAINNTKSFEDIHHYREQIKRVKDSEDVPMVLVGNKCDLPSRTVDTKQAQDLARSYGIPFIETSAKTRQGVDDAFYTLVREIRKHKEKMSKDGKKKKKKSKTKC	True	999.0	999.0	999.0	999.0	999.0	999.0	/Users/mitchellparker/Desktop/rascore_build/core/6cchB_core.cif	/Users/mitchellparker/Desktop/rascore_build/rcsb/6cch.cif.gz	/Users/mitchellparker/Desktop/rascore_build/renum/6cch_renum.cif	/Users/mitchellparker/Desktop/rascore_build/rcsb_assembly/6cch-assembly-1.cif.gz	/Users/mitchellparker/Desktop/rascore_build/renum_assembly/6cch-assembly-1_renum.cif	/Users/mitchellparker/Desktop/rascore_build/sifts/6cch.xml.gz	/Users/mitchellparker/Desktop/rascore_build/pocket/6cchB_15_pocket.pdb
6cchB	6cch	0	B	Y32in.3P-ON	Outlier	Y32in	Y71out	None	6cchB16	16	GTPase KRas	RASK_HUMAN	P01116-2	G12V	G12	KRAS	3P	G12V	None	None	Nanodisc	None	Multiple-Unbound	None	187	1-167:169-186	2018-02-07	Other	175.8378	0.0007	Unbound	Unbound	36,37,62,65,67,71	PCW,PCW,PCW,PCW,PCW,PCW,PCW,PCW,PCW,PCW,PCW,PCW,PCW,PCW,PCW,PCW,PCW,PCW,PCW,PCW,PCW,PCW,PCW,PCW,PCW,PCW,PCW,PCW,PCW,PCW,PCW,PCW,17F,17F,17F,17F,17F,17F,17F,17F,PCW,PCW,PCW,PCW,PCW,PCW,PCW,PCW,PCW,PCW,PCW,PCW,PCW,PCW,PCW,PCW,PCW,PCW,PCW,PCW,PCW,PCW,PCW,PCW,PCW,PCW,PCW,PCW,PCW,PCW,PCW,PCW,17F,17F,17F,17F,17F,17F,17F,17F,GNP,MG	Apolipoprotein A-I	None	A:129,90,133,132,128,105,107,101,102,136,137,91,135,64,98	APOA1_HUMAN	None	None	None	Nanodisc	None	A,C	GNP	MG	None	None	None	17F,PCW	STP	NMR	None	None	GSMTEYKLVVVGAVGVGKSALTIQLIQNHFVDEYDPTIEDSYRKQVVIDGETCLLDILDTAGQEEYSAMRDQYMRTGEGFLCVFAINNTKSFEDIHHYREQIKRVKDSEDVPMVLVGNKCDLPSRTVDTKQAQDLARSYGIPFIETSAKTRQGVDDAFYTLVREIRKHKEKMSKDGKKKKKKSKTKC	True	999.0	999.0	999.0	999.0	999.0	999.0	/Users/mitchellparker/Desktop/rascore_build/core/6cchB_core.cif	/Users/mitchellparker/Desktop/rascore_build/rcsb/6cch.cif.gz	/Users/mitchellparker/Desktop/rascore_build/renum/6cch_renum.cif	/Users/mitchellparker/Desktop/rascore_build/rcsb_assembly/6cch-assembly-1.cif.gz	/Users/mitchellparker/Desktop/rascore_build/renum_assembly/6cch-assembly-1_renum.cif	/Users/mitchellparker/Desktop/rascore_build/sifts/6cch.xml.gz	/Users/mitchellparker/Desktop/rascore_build/pocket/6cchB_16_pocket.pdb
6cchB	6cch	0	B	Y32in.3P-ON	Outlier	Y32in	Y71out	None	6cchB2	2	GTPase KRas	RASK_HUMAN	P01116-2	G12V	G12	KRAS	3P	G12V	None	None	Nanodisc	None	Multiple-Unbound	None	187	1-167:169-186	2018-02-07	Other	168.2370	0.0613	Unbound	Unbound	8,16,19,20,79,81,114,144,152,155,156	PCW,PCW,PCW,PCW,PCW,PCW,PCW,PCW,PCW,PCW,PCW,PCW,PCW,PCW,PCW,PCW,PCW,PCW,PCW,PCW,PCW,PCW,PCW,PCW,PCW,PCW,PCW,PCW,PCW,PCW,PCW,PCW,17F,17F,17F,17F,17F,17F,17F,17F,PCW,PCW,PCW,PCW,PCW,PCW,PCW,PCW,PCW,PCW,PCW,PCW,PCW,PCW,PCW,PCW,PCW,PCW,PCW,PCW,PCW,PCW,PCW,PCW,PCW,PCW,PCW,PCW,PCW,PCW,PCW,PCW,17F,17F,17F,17F,17F,17F,17F,17F,GNP,MG	Apolipoprotein A-I	None	A:129,90,133,132,128,105,107,101,102,136,137,91,135,64,98	APOA1_HUMAN	None	None	None	Nanodisc	None	A,C	GNP	MG	None	None	None	17F,PCW	STP	NMR	None	None	GSMTEYKLVVVGAVGVGKSALTIQLIQNHFVDEYDPTIEDSYRKQVVIDGETCLLDILDTAGQEEYSAMRDQYMRTGEGFLCVFAINNTKSFEDIHHYREQIKRVKDSEDVPMVLVGNKCDLPSRTVDTKQAQDLARSYGIPFIETSAKTRQGVDDAFYTLVREIRKHKEKMSKDGKKKKKKSKTKC	True	999.0	999.0	999.0	999.0	999.0	999.0	/Users/mitchellparker/Desktop/rascore_build/core/6cchB_core.cif	/Users/mitchellparker/Desktop/rascore_build/rcsb/6cch.cif.gz	/Users/mitchellparker/Desktop/rascore_build/renum/6cch_renum.cif	/Users/mitchellparker/Desktop/rascore_build/rcsb_assembly/6cch-assembly-1.cif.gz	/Users/mitchellparker/Desktop/rascore_build/renum_assembly/6cch-assembly-1_renum.cif	/Users/mitchellparker/Desktop/rascore_build/sifts/6cch.xml.gz	/Users/mitchellparker/Desktop/rascore_build/pocket/6cchB_2_pocket.pdb
6cchB	6cch	0	B	Y32in.3P-ON	Outlier	Y32in	Y71out	None	6cchB3	3	GTPase KRas	RASK_HUMAN	P01116-2	G12V	G12	KRAS	3P	G12V	None	None	Nanodisc	None	Multiple-Unbound	None	187	1-167:169-186	2018-02-07	SP2	338.6308	0.0011	Unbound	Unbound	62,63,64,95,96,99,102	PCW,PCW,PCW,PCW,PCW,PCW,PCW,PCW,PCW,PCW,PCW,PCW,PCW,PCW,PCW,PCW,PCW,PCW,PCW,PCW,PCW,PCW,PCW,PCW,PCW,PCW,PCW,PCW,PCW,PCW,PCW,PCW,17F,17F,17F,17F,17F,17F,17F,17F,PCW,PCW,PCW,PCW,PCW,PCW,PCW,PCW,PCW,PCW,PCW,PCW,PCW,PCW,PCW,PCW,PCW,PCW,PCW,PCW,PCW,PCW,PCW,PCW,PCW,PCW,PCW,PCW,PCW,PCW,PCW,PCW,17F,17F,17F,17F,17F,17F,17F,17F,GNP,MG	Apolipoprotein A-I	None	A:129,90,133,132,128,105,107,101,102,136,137,91,135,64,98	APOA1_HUMAN	None	None	None	Nanodisc	None	A,C	GNP	MG	None	None	None	17F,PCW	STP	NMR	None	None	GSMTEYKLVVVGAVGVGKSALTIQLIQNHFVDEYDPTIEDSYRKQVVIDGETCLLDILDTAGQEEYSAMRDQYMRTGEGFLCVFAINNTKSFEDIHHYREQIKRVKDSEDVPMVLVGNKCDLPSRTVDTKQAQDLARSYGIPFIETSAKTRQGVDDAFYTLVREIRKHKEKMSKDGKKKKKKSKTKC	True	999.0	999.0	999.0	999.0	999.0	999.0	/Users/mitchellparker/Desktop/rascore_build/core/6cchB_core.cif	/Users/mitchellparker/Desktop/rascore_build/rcsb/6cch.cif.gz	/Users/mitchellparker/Desktop/rascore_build/renum/6cch_renum.cif	/Users/mitchellparker/Desktop/rascore_build/rcsb_assembly/6cch-assembly-1.cif.gz	/Users/mitchellparker/Desktop/rascore_build/renum_assembly/6cch-assembly-1_renum.cif	/Users/mitchellparker/Desktop/rascore_build/sifts/6cch.xml.gz	/Users/mitchellparker/Desktop/rascore_build/pocket/6cchB_3_pocket.pdb
6cchB	6cch	0	B	Y32in.3P-ON	Outlier	Y32in	Y71out	None	6cchB4	4	GTPase KRas	RASK_HUMAN	P01116-2	G12V	G12	KRAS	3P	G12V	None	None	Nanodisc	None	Multiple-Unbound	None	187	1-167:169-186	2018-02-07	Other	328.4082	0.0344	Unbound	Unbound	22,23,26,42,44,46,53,149,153,156,157	PCW,PCW,PCW,PCW,PCW,PCW,PCW,PCW,PCW,PCW,PCW,PCW,PCW,PCW,PCW,PCW,PCW,PCW,PCW,PCW,PCW,PCW,PCW,PCW,PCW,PCW,PCW,PCW,PCW,PCW,PCW,PCW,17F,17F,17F,17F,17F,17F,17F,17F,PCW,PCW,PCW,PCW,PCW,PCW,PCW,PCW,PCW,PCW,PCW,PCW,PCW,PCW,PCW,PCW,PCW,PCW,PCW,PCW,PCW,PCW,PCW,PCW,PCW,PCW,PCW,PCW,PCW,PCW,PCW,PCW,17F,17F,17F,17F,17F,17F,17F,17F,GNP,MG	Apolipoprotein A-I	None	A:129,90,133,132,128,105,107,101,102,136,137,91,135,64,98	APOA1_HUMAN	None	None	None	Nanodisc	None	A,C	GNP	MG	None	None	None	17F,PCW	STP	NMR	None	None	GSMTEYKLVVVGAVGVGKSALTIQLIQNHFVDEYDPTIEDSYRKQVVIDGETCLLDILDTAGQEEYSAMRDQYMRTGEGFLCVFAINNTKSFEDIHHYREQIKRVKDSEDVPMVLVGNKCDLPSRTVDTKQAQDLARSYGIPFIETSAKTRQGVDDAFYTLVREIRKHKEKMSKDGKKKKKKSKTKC	True	999.0	999.0	999.0	999.0	999.0	999.0	/Users/mitchellparker/Desktop/rascore_build/core/6cchB_core.cif	/Users/mitchellparker/Desktop/rascore_build/rcsb/6cch.cif.gz	/Users/mitchellparker/Desktop/rascore_build/renum/6cch_renum.cif	/Users/mitchellparker/Desktop/rascore_build/rcsb_assembly/6cch-assembly-1.cif.gz	/Users/mitchellparker/Desktop/rascore_build/renum_assembly/6cch-assembly-1_renum.cif	/Users/mitchellparker/Desktop/rascore_build/sifts/6cch.xml.gz	/Users/mitchellparker/Desktop/rascore_build/pocket/6cchB_4_pocket.pdb
6cchB	6cch	0	B	Y32in.3P-ON	Outlier	Y32in	Y71out	None	6cchB5	5	GTPase KRas	RASK_HUMAN	P01116-2	G12V	G12	KRAS	3P	G12V	None	None	Nanodisc	None	Multiple-Unbound	None	187	1-167:169-186	2018-02-07	Other	217.2372	0.0001	Unbound	Unbound	135,138,139,140,162	PCW,PCW,PCW,PCW,PCW,PCW,PCW,PCW,PCW,PCW,PCW,PCW,PCW,PCW,PCW,PCW,PCW,PCW,PCW,PCW,PCW,PCW,PCW,PCW,PCW,PCW,PCW,PCW,PCW,PCW,PCW,PCW,17F,17F,17F,17F,17F,17F,17F,17F,PCW,PCW,PCW,PCW,PCW,PCW,PCW,PCW,PCW,PCW,PCW,PCW,PCW,PCW,PCW,PCW,PCW,PCW,PCW,PCW,PCW,PCW,PCW,PCW,PCW,PCW,PCW,PCW,PCW,PCW,PCW,PCW,17F,17F,17F,17F,17F,17F,17F,17F,GNP,MG	Apolipoprotein A-I	None	A:129,90,133,132,128,105,107,101,102,136,137,91,135,64,98	APOA1_HUMAN	None	None	None	Nanodisc	None	A,C	GNP	MG	None	None	None	17F,PCW	STP	NMR	None	None	GSMTEYKLVVVGAVGVGKSALTIQLIQNHFVDEYDPTIEDSYRKQVVIDGETCLLDILDTAGQEEYSAMRDQYMRTGEGFLCVFAINNTKSFEDIHHYREQIKRVKDSEDVPMVLVGNKCDLPSRTVDTKQAQDLARSYGIPFIETSAKTRQGVDDAFYTLVREIRKHKEKMSKDGKKKKKKSKTKC	True	999.0	999.0	999.0	999.0	999.0	999.0	/Users/mitchellparker/Desktop/rascore_build/core/6cchB_core.cif	/Users/mitchellparker/Desktop/rascore_build/rcsb/6cch.cif.gz	/Users/mitchellparker/Desktop/rascore_build/renum/6cch_renum.cif	/Users/mitchellparker/Desktop/rascore_build/rcsb_assembly/6cch-assembly-1.cif.gz	/Users/mitchellparker/Desktop/rascore_build/renum_assembly/6cch-assembly-1_renum.cif	/Users/mitchellparker/Desktop/rascore_build/sifts/6cch.xml.gz	/Users/mitchellparker/Desktop/rascore_build/pocket/6cchB_5_pocket.pdb
6cchB	6cch	0	B	Y32in.3P-ON	Outlier	Y32in	Y71out	None	6cchB6	6	GTPase KRas	RASK_HUMAN	P01116-2	G12V	G12	KRAS	3P	G12V	None	None	Nanodisc	None	Multiple-Unbound	None	187	1-167:169-186	2018-02-07	Other	331.5077	0.0005	Unbound	Unbound	97,108,109,110,111,137,138,139,162,165,166,170	PCW,PCW,PCW,PCW,PCW,PCW,PCW,PCW,PCW,PCW,PCW,PCW,PCW,PCW,PCW,PCW,PCW,PCW,PCW,PCW,PCW,PCW,PCW,PCW,PCW,PCW,PCW,PCW,PCW,PCW,PCW,PCW,17F,17F,17F,17F,17F,17F,17F,17F,PCW,PCW,PCW,PCW,PCW,PCW,PCW,PCW,PCW,PCW,PCW,PCW,PCW,PCW,PCW,PCW,PCW,PCW,PCW,PCW,PCW,PCW,PCW,PCW,PCW,PCW,PCW,PCW,PCW,PCW,PCW,PCW,17F,17F,17F,17F,17F,17F,17F,17F,GNP,MG	Apolipoprotein A-I	None	A:129,90,133,132,128,105,107,101,102,136,137,91,135,64,98	APOA1_HUMAN	None	None	None	Nanodisc	None	A,C	GNP	MG	None	None	None	17F,PCW	STP	NMR	None	None	GSMTEYKLVVVGAVGVGKSALTIQLIQNHFVDEYDPTIEDSYRKQVVIDGETCLLDILDTAGQEEYSAMRDQYMRTGEGFLCVFAINNTKSFEDIHHYREQIKRVKDSEDVPMVLVGNKCDLPSRTVDTKQAQDLARSYGIPFIETSAKTRQGVDDAFYTLVREIRKHKEKMSKDGKKKKKKSKTKC	True	999.0	999.0	999.0	999.0	999.0	999.0	/Users/mitchellparker/Desktop/rascore_build/core/6cchB_core.cif	/Users/mitchellparker/Desktop/rascore_build/rcsb/6cch.cif.gz	/Users/mitchellparker/Desktop/rascore_build/renum/6cch_renum.cif	/Users/mitchellparker/Desktop/rascore_build/rcsb_assembly/6cch-assembly-1.cif.gz	/Users/mitchellparker/Desktop/rascore_build/renum_assembly/6cch-assembly-1_renum.cif	/Users/mitchellparker/Desktop/rascore_build/sifts/6cch.xml.gz	/Users/mitchellparker/Desktop/rascore_build/pocket/6cchB_6_pocket.pdb
6cchB	6cch	0	B	Y32in.3P-ON	Outlier	Y32in	Y71out	None	6cchB7	7	GTPase KRas	RASK_HUMAN	P01116-2	G12V	G12	KRAS	3P	G12V	None	None	Nanodisc	None	Multiple-Unbound	None	187	1-167:169-186	2018-02-07	Other	238.0093	0.0008	Unbound	Unbound	64,66,69,70,73	PCW,PCW,PCW,PCW,PCW,PCW,PCW,PCW,PCW,PCW,PCW,PCW,PCW,PCW,PCW,PCW,PCW,PCW,PCW,PCW,PCW,PCW,PCW,PCW,PCW,PCW,PCW,PCW,PCW,PCW,PCW,PCW,17F,17F,17F,17F,17F,17F,17F,17F,PCW,PCW,PCW,PCW,PCW,PCW,PCW,PCW,PCW,PCW,PCW,PCW,PCW,PCW,PCW,PCW,PCW,PCW,PCW,PCW,PCW,PCW,PCW,PCW,PCW,PCW,PCW,PCW,PCW,PCW,PCW,PCW,17F,17F,17F,17F,17F,17F,17F,17F,GNP,MG	Apolipoprotein A-I	None	A:129,90,133,132,128,105,107,101,102,136,137,91,135,64,98	APOA1_HUMAN	None	None	None	Nanodisc	None	A,C	GNP	MG	None	None	None	17F,PCW	STP	NMR	None	None	GSMTEYKLVVVGAVGVGKSALTIQLIQNHFVDEYDPTIEDSYRKQVVIDGETCLLDILDTAGQEEYSAMRDQYMRTGEGFLCVFAINNTKSFEDIHHYREQIKRVKDSEDVPMVLVGNKCDLPSRTVDTKQAQDLARSYGIPFIETSAKTRQGVDDAFYTLVREIRKHKEKMSKDGKKKKKKSKTKC	True	999.0	999.0	999.0	999.0	999.0	999.0	/Users/mitchellparker/Desktop/rascore_build/core/6cchB_core.cif	/Users/mitchellparker/Desktop/rascore_build/rcsb/6cch.cif.gz	/Users/mitchellparker/Desktop/rascore_build/renum/6cch_renum.cif	/Users/mitchellparker/Desktop/rascore_build/rcsb_assembly/6cch-assembly-1.cif.gz	/Users/mitchellparker/Desktop/rascore_build/renum_assembly/6cch-assembly-1_renum.cif	/Users/mitchellparker/Desktop/rascore_build/sifts/6cch.xml.gz	/Users/mitchellparker/Desktop/rascore_build/pocket/6cchB_7_pocket.pdb
6cchB	6cch	0	B	Y32in.3P-ON	Outlier	Y32in	Y71out	None	6cchB8	8	GTPase KRas	RASK_HUMAN	P01116-2	G12V	G12	KRAS	3P	G12V	None	None	Nanodisc	None	Multiple-Unbound	None	187	1-167:169-186	2018-02-07	SP12	254.7509	0.0003	Unbound	Unbound	67,70,71,74	PCW,PCW,PCW,PCW,PCW,PCW,PCW,PCW,PCW,PCW,PCW,PCW,PCW,PCW,PCW,PCW,PCW,PCW,PCW,PCW,PCW,PCW,PCW,PCW,PCW,PCW,PCW,PCW,PCW,PCW,PCW,PCW,17F,17F,17F,17F,17F,17F,17F,17F,PCW,PCW,PCW,PCW,PCW,PCW,PCW,PCW,PCW,PCW,PCW,PCW,PCW,PCW,PCW,PCW,PCW,PCW,PCW,PCW,PCW,PCW,PCW,PCW,PCW,PCW,PCW,PCW,PCW,PCW,PCW,PCW,17F,17F,17F,17F,17F,17F,17F,17F,GNP,MG	Apolipoprotein A-I	None	A:129,90,133,132,128,105,107,101,102,136,137,91,135,64,98	APOA1_HUMAN	None	None	None	Nanodisc	None	A,C	GNP	MG	None	None	None	17F,PCW	STP	NMR	None	None	GSMTEYKLVVVGAVGVGKSALTIQLIQNHFVDEYDPTIEDSYRKQVVIDGETCLLDILDTAGQEEYSAMRDQYMRTGEGFLCVFAINNTKSFEDIHHYREQIKRVKDSEDVPMVLVGNKCDLPSRTVDTKQAQDLARSYGIPFIETSAKTRQGVDDAFYTLVREIRKHKEKMSKDGKKKKKKSKTKC	True	999.0	999.0	999.0	999.0	999.0	999.0	/Users/mitchellparker/Desktop/rascore_build/core/6cchB_core.cif	/Users/mitchellparker/Desktop/rascore_build/rcsb/6cch.cif.gz	/Users/mitchellparker/Desktop/rascore_build/renum/6cch_renum.cif	/Users/mitchellparker/Desktop/rascore_build/rcsb_assembly/6cch-assembly-1.cif.gz	/Users/mitchellparker/Desktop/rascore_build/renum_assembly/6cch-assembly-1_renum.cif	/Users/mitchellparker/Desktop/rascore_build/sifts/6cch.xml.gz	/Users/mitchellparker/Desktop/rascore_build/pocket/6cchB_8_pocket.pdb
6cchB	6cch	0	B	Y32in.3P-ON	Outlier	Y32in	Y71out	None	6cchB9	9	GTPase KRas	RASK_HUMAN	P01116-2	G12V	G12	KRAS	3P	G12V	None	None	Nanodisc	None	Multiple-Unbound	None	187	1-167:169-186	2018-02-07	Other	102.2535	0.0003	Unbound	Unbound	12,13,14,83,85,86,89,117	PCW,PCW,PCW,PCW,PCW,PCW,PCW,PCW,PCW,PCW,PCW,PCW,PCW,PCW,PCW,PCW,PCW,PCW,PCW,PCW,PCW,PCW,PCW,PCW,PCW,PCW,PCW,PCW,PCW,PCW,PCW,PCW,17F,17F,17F,17F,17F,17F,17F,17F,PCW,PCW,PCW,PCW,PCW,PCW,PCW,PCW,PCW,PCW,PCW,PCW,PCW,PCW,PCW,PCW,PCW,PCW,PCW,PCW,PCW,PCW,PCW,PCW,PCW,PCW,PCW,PCW,PCW,PCW,PCW,PCW,17F,17F,17F,17F,17F,17F,17F,17F,GNP,MG	Apolipoprotein A-I	None	A:129,90,133,132,128,105,107,101,102,136,137,91,135,64,98	APOA1_HUMAN	None	None	None	Nanodisc	None	A,C	GNP	MG	None	None	None	17F,PCW	STP	NMR	None	None	GSMTEYKLVVVGAVGVGKSALTIQLIQNHFVDEYDPTIEDSYRKQVVIDGETCLLDILDTAGQEEYSAMRDQYMRTGEGFLCVFAINNTKSFEDIHHYREQIKRVKDSEDVPMVLVGNKCDLPSRTVDTKQAQDLARSYGIPFIETSAKTRQGVDDAFYTLVREIRKHKEKMSKDGKKKKKKSKTKC	True	999.0	999.0	999.0	999.0	999.0	999.0	/Users/mitchellparker/Desktop/rascore_build/core/6cchB_core.cif	/Users/mitchellparker/Desktop/rascore_build/rcsb/6cch.cif.gz	/Users/mitchellparker/Desktop/rascore_build/renum/6cch_renum.cif	/Users/mitchellparker/Desktop/rascore_build/rcsb_assembly/6cch-assembly-1.cif.gz	/Users/mitchellparker/Desktop/rascore_build/renum_assembly/6cch-assembly-1_renum.cif	/Users/mitchellparker/Desktop/rascore_build/sifts/6cch.xml.gz	/Users/mitchellparker/Desktop/rascore_build/pocket/6cchB_9_pocket.pdb
6ccxB	6ccx	0	B	Outlier	Outlier	Y32in	Y71in	None	6ccxB2	2	GTPase KRas	RASK_HUMAN	P01116-2	G12V	G12	KRAS	3P	G12V	SP12	SP12.Indole	Nanodisc	None	SP12-Bound	None	187	1-167:169-186	2018-02-07	SP12	275.7006	0.0435	Bound	SP12	3,5,6,7,54,56,71,74,75	PCW,PCW,PCW,PCW,PCW,PCW,PCW,PCW,PCW,PCW,17F,PCW,PCW,PCW,PCW,PCW,PCW,PCW,PCW,PCW,PCW,PCW,PCW,PCW,PCW,PCW,PCW,PCW,PCW,PCW,PCW,PCW,PCW,17F,17F,17F,17F,17F,17F,17F,17F,PCW,PCW,PCW,17F,GNP,MG,EWS,PCW,PCW,PCW,PCW,PCW,PCW,PCW,PCW,PCW,PCW,PCW,PCW,PCW,PCW,PCW,PCW,PCW,PCW,PCW,PCW,PCW,PCW,PCW,PCW,PCW,PCW,PCW,PCW,PCW,17F,17F,17F,17F,17F,17F	Apolipoprotein A-I	EWS:71,70,74,56,5,54,6,7,75	A:65,66,64,174,177	APOA1_HUMAN	SP12	SP12.Indole	EWS:O=C(NC1CC[NH2+]C(Cc2ccc(Cl)cc2)C1)c1c[nH]c2ccc(Br)cc12	Nanodisc	None	A,C	GNP	MG	EWS	None	None	17F,PCW	EWS	NMR	None	None	GSMTEYKLVVVGAVGVGKSALTIQLIQNHFVDEYDPTIEDSYRKQVVIDGETCLLDILDTAGQEEYSAMRDQYMRTGEGFLCVFAINNTKSFEDIHHYREQIKRVKDSEDVPMVLVGNKCDLPSRTVDTKQAQDLARSYGIPFIETSAKTRQGVDDAFYTLVREIRKHKEKMSKDGKKKKKKSKTKC	True	999.0	999.0	999.0	999.0	999.0	999.0	/Users/mitchellparker/Desktop/rascore_build/core/6ccxB_core.cif	/Users/mitchellparker/Desktop/rascore_build/rcsb/6ccx.cif.gz	/Users/mitchellparker/Desktop/rascore_build/renum/6ccx_renum.cif	/Users/mitchellparker/Desktop/rascore_build/rcsb_assembly/6ccx-assembly-1.cif.gz	/Users/mitchellparker/Desktop/rascore_build/renum_assembly/6ccx-assembly-1_renum.cif	/Users/mitchellparker/Desktop/rascore_build/sifts/6ccx.xml.gz	/Users/mitchellparker/Desktop/rascore_build/pocket/6ccxB_2_pocket.pdb
6cu6A	6cu6	0	A	Y32in.3P-ON	Disordered	Y32in	Y71in	C 1 2 1 (CF3)	6cu6A2	2	GTPase KRas	RASK_HUMAN	P01116-2	G12R	G12	KRAS	3P	Other	None	None	None	None	SP12-Unbound	C 1 2 1	170	1-63:66-168	2018-03-23	Other	259.7519	0.0112	Unbound	Unbound	73,74,75,76,104,109,110,163,166,167	MG,GNP	None	None	None	None	None	None	None	None	None	None	GNP	MG	None	None	None	None	STP	XRAY	1.500	0.203	GMTEYKLVVVGARGVGKSALTIQLIQNHFVDEYDPTIEDSYRKQVVIDGETCLLDILDTAGQEEYSAMRDQYMRTGEGFLCVFAINNTKSFEDIHHYREQIKRVKDSEDVPMVLVGNKCDLPSRTVDTKQAQDLARSYGIPFIETSAKTRQGVDDAFYTLVREIRKHKEK	True	67.790	83.295	86.040	90.000	110.100	90.000	/Users/mitchellparker/Desktop/rascore_build/core/6cu6A_core.cif	/Users/mitchellparker/Desktop/rascore_build/rcsb/6cu6.cif.gz	/Users/mitchellparker/Desktop/rascore_build/renum/6cu6_renum.cif	/Users/mitchellparker/Desktop/rascore_build/rcsb_assembly/6cu6-assembly-1.cif.gz	/Users/mitchellparker/Desktop/rascore_build/renum_assembly/6cu6-assembly-1_renum.cif	/Users/mitchellparker/Desktop/rascore_build/sifts/6cu6.xml.gz	/Users/mitchellparker/Desktop/rascore_build/pocket/6cu6A_2_pocket.pdb
6cu6A	6cu6	0	A	Y32in.3P-ON	Disordered	Y32in	Y71in	C 1 2 1 (CF3)	6cu6A3	3	GTPase KRas	RASK_HUMAN	P01116-2	G12R	G12	KRAS	3P	Other	None	None	None	None	SP12-Unbound	C 1 2 1	170	1-63:66-168	2018-03-23	Other	225.6644	0.0007	Unbound	Unbound	97,108,109,110,137,138,139,162,165,166	MG,GNP	None	None	None	None	None	None	None	None	None	None	GNP	MG	None	None	None	None	STP	XRAY	1.500	0.203	GMTEYKLVVVGARGVGKSALTIQLIQNHFVDEYDPTIEDSYRKQVVIDGETCLLDILDTAGQEEYSAMRDQYMRTGEGFLCVFAINNTKSFEDIHHYREQIKRVKDSEDVPMVLVGNKCDLPSRTVDTKQAQDLARSYGIPFIETSAKTRQGVDDAFYTLVREIRKHKEK	True	67.790	83.295	86.040	90.000	110.100	90.000	/Users/mitchellparker/Desktop/rascore_build/core/6cu6A_core.cif	/Users/mitchellparker/Desktop/rascore_build/rcsb/6cu6.cif.gz	/Users/mitchellparker/Desktop/rascore_build/renum/6cu6_renum.cif	/Users/mitchellparker/Desktop/rascore_build/rcsb_assembly/6cu6-assembly-1.cif.gz	/Users/mitchellparker/Desktop/rascore_build/renum_assembly/6cu6-assembly-1_renum.cif	/Users/mitchellparker/Desktop/rascore_build/sifts/6cu6.xml.gz	/Users/mitchellparker/Desktop/rascore_build/pocket/6cu6A_3_pocket.pdb
6cu6A	6cu6	0	A	Y32in.3P-ON	Disordered	Y32in	Y71in	C 1 2 1 (CF3)	6cu6A4	4	GTPase KRas	RASK_HUMAN	P01116-2	G12R	G12	KRAS	3P	Other	None	None	None	None	SP12-Unbound	C 1 2 1	170	1-63:66-168	2018-03-23	SP12	245.0071	0.0015	Unbound	Unbound	5,6,7,39,54,56,74,75	MG,GNP	None	None	None	None	None	None	None	None	None	None	GNP	MG	None	None	None	None	STP	XRAY	1.500	0.203	GMTEYKLVVVGARGVGKSALTIQLIQNHFVDEYDPTIEDSYRKQVVIDGETCLLDILDTAGQEEYSAMRDQYMRTGEGFLCVFAINNTKSFEDIHHYREQIKRVKDSEDVPMVLVGNKCDLPSRTVDTKQAQDLARSYGIPFIETSAKTRQGVDDAFYTLVREIRKHKEK	True	67.790	83.295	86.040	90.000	110.100	90.000	/Users/mitchellparker/Desktop/rascore_build/core/6cu6A_core.cif	/Users/mitchellparker/Desktop/rascore_build/rcsb/6cu6.cif.gz	/Users/mitchellparker/Desktop/rascore_build/renum/6cu6_renum.cif	/Users/mitchellparker/Desktop/rascore_build/rcsb_assembly/6cu6-assembly-1.cif.gz	/Users/mitchellparker/Desktop/rascore_build/renum_assembly/6cu6-assembly-1_renum.cif	/Users/mitchellparker/Desktop/rascore_build/sifts/6cu6.xml.gz	/Users/mitchellparker/Desktop/rascore_build/pocket/6cu6A_4_pocket.pdb
6cu6B	6cu6	0	B	Y32in.3P-ON	Disordered	Y32in	Y71out	C 1 2 1 (CF3)	6cu6B2	2	GTPase KRas	RASK_HUMAN	P01116-2	G12R	G12	KRAS	3P	Other	None	None	None	None	Multiple-Unbound	C 1 2 1	170	1-60:62-168	2018-03-23	Other	370.6095	0.0154	Unbound	Unbound	97,101,107,108,109,110,111,137,138,139,162,165,166	MG,GOL,GNP	None	None	None	None	None	None	None	None	None	None	GNP	MG	None	GOL	None	None	STP	XRAY	1.500	0.203	GMTEYKLVVVGARGVGKSALTIQLIQNHFVDEYDPTIEDSYRKQVVIDGETCLLDILDTAGQEEYSAMRDQYMRTGEGFLCVFAINNTKSFEDIHHYREQIKRVKDSEDVPMVLVGNKCDLPSRTVDTKQAQDLARSYGIPFIETSAKTRQGVDDAFYTLVREIRKHKEK	True	67.790	83.295	86.040	90.000	110.100	90.000	/Users/mitchellparker/Desktop/rascore_build/core/6cu6B_core.cif	/Users/mitchellparker/Desktop/rascore_build/rcsb/6cu6.cif.gz	/Users/mitchellparker/Desktop/rascore_build/renum/6cu6_renum.cif	/Users/mitchellparker/Desktop/rascore_build/rcsb_assembly/6cu6-assembly-1.cif.gz	/Users/mitchellparker/Desktop/rascore_build/renum_assembly/6cu6-assembly-1_renum.cif	/Users/mitchellparker/Desktop/rascore_build/sifts/6cu6.xml.gz	/Users/mitchellparker/Desktop/rascore_build/pocket/6cu6B_2_pocket.pdb
6cu6B	6cu6	0	B	Y32in.3P-ON	Disordered	Y32in	Y71out	C 1 2 1 (CF3)	6cu6B3	3	GTPase KRas	RASK_HUMAN	P01116-2	G12R	G12	KRAS	3P	Other	None	None	None	None	Multiple-Unbound	C 1 2 1	170	1-60:62-168	2018-03-23	Other	314.3695	0.0170	Unbound	Unbound	75,76,104,106,108,109,110,163,166,167	MG,GOL,GNP	None	None	None	None	None	None	None	None	None	None	GNP	MG	None	GOL	None	None	STP	XRAY	1.500	0.203	GMTEYKLVVVGARGVGKSALTIQLIQNHFVDEYDPTIEDSYRKQVVIDGETCLLDILDTAGQEEYSAMRDQYMRTGEGFLCVFAINNTKSFEDIHHYREQIKRVKDSEDVPMVLVGNKCDLPSRTVDTKQAQDLARSYGIPFIETSAKTRQGVDDAFYTLVREIRKHKEK	True	67.790	83.295	86.040	90.000	110.100	90.000	/Users/mitchellparker/Desktop/rascore_build/core/6cu6B_core.cif	/Users/mitchellparker/Desktop/rascore_build/rcsb/6cu6.cif.gz	/Users/mitchellparker/Desktop/rascore_build/renum/6cu6_renum.cif	/Users/mitchellparker/Desktop/rascore_build/rcsb_assembly/6cu6-assembly-1.cif.gz	/Users/mitchellparker/Desktop/rascore_build/renum_assembly/6cu6-assembly-1_renum.cif	/Users/mitchellparker/Desktop/rascore_build/sifts/6cu6.xml.gz	/Users/mitchellparker/Desktop/rascore_build/pocket/6cu6B_3_pocket.pdb
6cu6B	6cu6	0	B	Y32in.3P-ON	Disordered	Y32in	Y71out	C 1 2 1 (CF3)	6cu6B4	4	GTPase KRas	RASK_HUMAN	P01116-2	G12R	G12	KRAS	3P	Other	None	None	None	None	Multiple-Unbound	C 1 2 1	170	1-60:62-168	2018-03-23	Other	213.6698	0.0001	Unbound	Unbound	134,135,138,139,140,162,165	MG,GOL,GNP	None	None	None	None	None	None	None	None	None	None	GNP	MG	None	GOL	None	None	STP	XRAY	1.500	0.203	GMTEYKLVVVGARGVGKSALTIQLIQNHFVDEYDPTIEDSYRKQVVIDGETCLLDILDTAGQEEYSAMRDQYMRTGEGFLCVFAINNTKSFEDIHHYREQIKRVKDSEDVPMVLVGNKCDLPSRTVDTKQAQDLARSYGIPFIETSAKTRQGVDDAFYTLVREIRKHKEK	True	67.790	83.295	86.040	90.000	110.100	90.000	/Users/mitchellparker/Desktop/rascore_build/core/6cu6B_core.cif	/Users/mitchellparker/Desktop/rascore_build/rcsb/6cu6.cif.gz	/Users/mitchellparker/Desktop/rascore_build/renum/6cu6_renum.cif	/Users/mitchellparker/Desktop/rascore_build/rcsb_assembly/6cu6-assembly-1.cif.gz	/Users/mitchellparker/Desktop/rascore_build/renum_assembly/6cu6-assembly-1_renum.cif	/Users/mitchellparker/Desktop/rascore_build/sifts/6cu6.xml.gz	/Users/mitchellparker/Desktop/rascore_build/pocket/6cu6B_4_pocket.pdb
6cu6B	6cu6	0	B	Y32in.3P-ON	Disordered	Y32in	Y71out	C 1 2 1 (CF3)	6cu6B5	5	GTPase KRas	RASK_HUMAN	P01116-2	G12R	G12	KRAS	3P	Other	None	None	None	None	Multiple-Unbound	C 1 2 1	170	1-60:62-168	2018-03-23	SP2	190.8091	0.0037	Unbound	Unbound	9,58,60,68,72,96,99,100	MG,GOL,GNP	None	None	None	None	None	None	None	None	None	None	GNP	MG	None	GOL	None	None	STP	XRAY	1.500	0.203	GMTEYKLVVVGARGVGKSALTIQLIQNHFVDEYDPTIEDSYRKQVVIDGETCLLDILDTAGQEEYSAMRDQYMRTGEGFLCVFAINNTKSFEDIHHYREQIKRVKDSEDVPMVLVGNKCDLPSRTVDTKQAQDLARSYGIPFIETSAKTRQGVDDAFYTLVREIRKHKEK	True	67.790	83.295	86.040	90.000	110.100	90.000	/Users/mitchellparker/Desktop/rascore_build/core/6cu6B_core.cif	/Users/mitchellparker/Desktop/rascore_build/rcsb/6cu6.cif.gz	/Users/mitchellparker/Desktop/rascore_build/renum/6cu6_renum.cif	/Users/mitchellparker/Desktop/rascore_build/rcsb_assembly/6cu6-assembly-1.cif.gz	/Users/mitchellparker/Desktop/rascore_build/renum_assembly/6cu6-assembly-1_renum.cif	/Users/mitchellparker/Desktop/rascore_build/sifts/6cu6.xml.gz	/Users/mitchellparker/Desktop/rascore_build/pocket/6cu6B_5_pocket.pdb
6cu6B	6cu6	0	B	Y32in.3P-ON	Disordered	Y32in	Y71out	C 1 2 1 (CF3)	6cu6B6	6	GTPase KRas	RASK_HUMAN	P01116-2	G12R	G12	KRAS	3P	Other	None	None	None	None	Multiple-Unbound	C 1 2 1	170	1-60:62-168	2018-03-23	SP12	209.4180	0.0005	Unbound	Unbound	5,54,70,71,74	MG,GOL,GNP	None	None	None	None	None	None	None	None	None	None	GNP	MG	None	GOL	None	None	STP	XRAY	1.500	0.203	GMTEYKLVVVGARGVGKSALTIQLIQNHFVDEYDPTIEDSYRKQVVIDGETCLLDILDTAGQEEYSAMRDQYMRTGEGFLCVFAINNTKSFEDIHHYREQIKRVKDSEDVPMVLVGNKCDLPSRTVDTKQAQDLARSYGIPFIETSAKTRQGVDDAFYTLVREIRKHKEK	True	67.790	83.295	86.040	90.000	110.100	90.000	/Users/mitchellparker/Desktop/rascore_build/core/6cu6B_core.cif	/Users/mitchellparker/Desktop/rascore_build/rcsb/6cu6.cif.gz	/Users/mitchellparker/Desktop/rascore_build/renum/6cu6_renum.cif	/Users/mitchellparker/Desktop/rascore_build/rcsb_assembly/6cu6-assembly-1.cif.gz	/Users/mitchellparker/Desktop/rascore_build/renum_assembly/6cu6-assembly-1_renum.cif	/Users/mitchellparker/Desktop/rascore_build/sifts/6cu6.xml.gz	/Users/mitchellparker/Desktop/rascore_build/pocket/6cu6B_6_pocket.pdb
6cu6C	6cu6	0	C	Disordered	Disordered	Disordered	Y71out	C 1 2 1 (CF3)	6cu6C3	3	GTPase KRas	RASK_HUMAN	P01116-2	G12R	G12	KRAS	3P	Other	None	None	None	None	Other-Unbound	C 1 2 1	170	1-29:38-59:70-168	2018-03-23	Other	243.6827	0.0016	Unbound	Unbound	97,108,109,110,137,138,139,162,165,166	MG,GNP	None	None	None	None	None	None	None	None	None	None	GNP	MG	None	None	None	None	STP	XRAY	1.500	0.203	GMTEYKLVVVGARGVGKSALTIQLIQNHFVDEYDPTIEDSYRKQVVIDGETCLLDILDTAGQEEYSAMRDQYMRTGEGFLCVFAINNTKSFEDIHHYREQIKRVKDSEDVPMVLVGNKCDLPSRTVDTKQAQDLARSYGIPFIETSAKTRQGVDDAFYTLVREIRKHKEK	True	67.790	83.295	86.040	90.000	110.100	90.000	/Users/mitchellparker/Desktop/rascore_build/core/6cu6C_core.cif	/Users/mitchellparker/Desktop/rascore_build/rcsb/6cu6.cif.gz	/Users/mitchellparker/Desktop/rascore_build/renum/6cu6_renum.cif	/Users/mitchellparker/Desktop/rascore_build/rcsb_assembly/6cu6-assembly-1.cif.gz	/Users/mitchellparker/Desktop/rascore_build/renum_assembly/6cu6-assembly-1_renum.cif	/Users/mitchellparker/Desktop/rascore_build/sifts/6cu6.xml.gz	/Users/mitchellparker/Desktop/rascore_build/pocket/6cu6C_3_pocket.pdb
6cu6C	6cu6	0	C	Disordered	Disordered	Disordered	Y71out	C 1 2 1 (CF3)	6cu6C4	4	GTPase KRas	RASK_HUMAN	P01116-2	G12R	G12	KRAS	3P	Other	None	None	None	None	Other-Unbound	C 1 2 1	170	1-29:38-59:70-168	2018-03-23	Other	216.2771	0.0003	Unbound	Unbound	22,26,149,151,152,153,154	MG,GNP	None	None	None	None	None	None	None	None	None	None	GNP	MG	None	None	None	None	STP	XRAY	1.500	0.203	GMTEYKLVVVGARGVGKSALTIQLIQNHFVDEYDPTIEDSYRKQVVIDGETCLLDILDTAGQEEYSAMRDQYMRTGEGFLCVFAINNTKSFEDIHHYREQIKRVKDSEDVPMVLVGNKCDLPSRTVDTKQAQDLARSYGIPFIETSAKTRQGVDDAFYTLVREIRKHKEK	True	67.790	83.295	86.040	90.000	110.100	90.000	/Users/mitchellparker/Desktop/rascore_build/core/6cu6C_core.cif	/Users/mitchellparker/Desktop/rascore_build/rcsb/6cu6.cif.gz	/Users/mitchellparker/Desktop/rascore_build/renum/6cu6_renum.cif	/Users/mitchellparker/Desktop/rascore_build/rcsb_assembly/6cu6-assembly-1.cif.gz	/Users/mitchellparker/Desktop/rascore_build/renum_assembly/6cu6-assembly-1_renum.cif	/Users/mitchellparker/Desktop/rascore_build/sifts/6cu6.xml.gz	/Users/mitchellparker/Desktop/rascore_build/pocket/6cu6C_4_pocket.pdb
6cuoA	6cuo	0	A	Y32in.3P-ON	Y71in.3P-R	Y32in	Y71in	I 4 2 2 (CF2)	6cuoA1	1	GTPase HRas	RASH_HUMAN	P01112	Y64A	Y64	HRAS	3P	Other	None	None	GEF.REM	None	SP12-Unbound	I 4 2 2	167	1-50:52-166	2018-03-26	SP12	147.8520	0.0040	Unbound	Unbound	5,6,7,39,54,55,56,74,75	CSO,GNP,MG,FMT	Son of sevenless homolog 1	None	B:70,37,39,56,66,67,36,34,38,33,63,61,35,31,27,26,25,149,22,153,43,50,1,45,44,41,42,24,28,73,152,30,40,147	SOS1_HUMAN	None	None	None	RasGEF	None	B	GNP	MG	None	FMT	CSO	None	STP	XRAY	1.730	0.164	GMTEYKLVVVGAGGVGKSALTIQLIQNHFVDEYDPTIEDSYRKQVVIDGETCLLDILDTAGQEEASAMRDQYMRTGEGFLCVFAINNTKSFEDIHQYREQIKRVKDSDDVPMVLVGNKCDLAARTVESRQAQDLARSYGIPYIETSAKTRQGVEDAFYTLVREIRQH	True	183.806	183.806	178.872	90.00	90.00	90.00	/Users/mitchellparker/Desktop/rascore_build/core/6cuoA_core.cif	/Users/mitchellparker/Desktop/rascore_build/rcsb/6cuo.cif.gz	/Users/mitchellparker/Desktop/rascore_build/renum/6cuo_renum.cif	/Users/mitchellparker/Desktop/rascore_build/rcsb_assembly/6cuo-assembly-1.cif.gz	/Users/mitchellparker/Desktop/rascore_build/renum_assembly/6cuo-assembly-1_renum.cif	/Users/mitchellparker/Desktop/rascore_build/sifts/6cuo.xml.gz	/Users/mitchellparker/Desktop/rascore_build/pocket/6cuoA_1_pocket.pdb
6cuoA	6cuo	0	A	Y32in.3P-ON	Y71in.3P-R	Y32in	Y71in	I 4 2 2 (CF2)	6cuoA2	2	GTPase HRas	RASH_HUMAN	P01112	Y64A	Y64	HRAS	3P	Other	None	None	GEF.REM	None	SP12-Unbound	I 4 2 2	167	1-50:52-166	2018-03-26	Other	318.7167	0.0104	Unbound	Unbound	73,74,75,76,104,106,108,109,110,163,166	CSO,GNP,MG,FMT	Son of sevenless homolog 1	None	B:70,37,39,56,66,67,36,34,38,33,63,61,35,31,27,26,25,149,22,153,43,50,1,45,44,41,42,24,28,73,152,30,40,147	SOS1_HUMAN	None	None	None	RasGEF	None	B	GNP	MG	None	FMT	CSO	None	STP	XRAY	1.730	0.164	GMTEYKLVVVGAGGVGKSALTIQLIQNHFVDEYDPTIEDSYRKQVVIDGETCLLDILDTAGQEEASAMRDQYMRTGEGFLCVFAINNTKSFEDIHQYREQIKRVKDSDDVPMVLVGNKCDLAARTVESRQAQDLARSYGIPYIETSAKTRQGVEDAFYTLVREIRQH	True	183.806	183.806	178.872	90.00	90.00	90.00	/Users/mitchellparker/Desktop/rascore_build/core/6cuoA_core.cif	/Users/mitchellparker/Desktop/rascore_build/rcsb/6cuo.cif.gz	/Users/mitchellparker/Desktop/rascore_build/renum/6cuo_renum.cif	/Users/mitchellparker/Desktop/rascore_build/rcsb_assembly/6cuo-assembly-1.cif.gz	/Users/mitchellparker/Desktop/rascore_build/renum_assembly/6cuo-assembly-1_renum.cif	/Users/mitchellparker/Desktop/rascore_build/sifts/6cuo.xml.gz	/Users/mitchellparker/Desktop/rascore_build/pocket/6cuoA_2_pocket.pdb
6cuoA	6cuo	0	A	Y32in.3P-ON	Y71in.3P-R	Y32in	Y71in	I 4 2 2 (CF2)	6cuoA3	3	GTPase HRas	RASH_HUMAN	P01112	Y64A	Y64	HRAS	3P	Other	None	None	GEF.REM	None	SP12-Unbound	I 4 2 2	167	1-50:52-166	2018-03-26	Other	209.5722	0.0002	Unbound	Unbound	97,107,108,109,110,111,137,138,139,162,165,166	CSO,GNP,MG,FMT	Son of sevenless homolog 1	None	B:70,37,39,56,66,67,36,34,38,33,63,61,35,31,27,26,25,149,22,153,43,50,1,45,44,41,42,24,28,73,152,30,40,147	SOS1_HUMAN	None	None	None	RasGEF	None	B	GNP	MG	None	FMT	CSO	None	STP	XRAY	1.730	0.164	GMTEYKLVVVGAGGVGKSALTIQLIQNHFVDEYDPTIEDSYRKQVVIDGETCLLDILDTAGQEEASAMRDQYMRTGEGFLCVFAINNTKSFEDIHQYREQIKRVKDSDDVPMVLVGNKCDLAARTVESRQAQDLARSYGIPYIETSAKTRQGVEDAFYTLVREIRQH	True	183.806	183.806	178.872	90.00	90.00	90.00	/Users/mitchellparker/Desktop/rascore_build/core/6cuoA_core.cif	/Users/mitchellparker/Desktop/rascore_build/rcsb/6cuo.cif.gz	/Users/mitchellparker/Desktop/rascore_build/renum/6cuo_renum.cif	/Users/mitchellparker/Desktop/rascore_build/rcsb_assembly/6cuo-assembly-1.cif.gz	/Users/mitchellparker/Desktop/rascore_build/renum_assembly/6cuo-assembly-1_renum.cif	/Users/mitchellparker/Desktop/rascore_build/sifts/6cuo.xml.gz	/Users/mitchellparker/Desktop/rascore_build/pocket/6cuoA_3_pocket.pdb
6cuoC	6cuo	0	C	Y32out.0P-GEF	Y71out.0P-GEF	Y32out	Y71out	I 4 2 2 (CF2)	6cuoC1	1	GTPase HRas	RASH_HUMAN	P01112	WT	WT	HRAS	0P	WT	None	None	GEF.CDC25	None	SP2-Unbound	I 4 2 2	167	1-166	2018-03-26	SP2	221.2997	0.0568	Unbound	Unbound	7,8,9,10,16,58,61,62,64,68,71,72,96	FMT,NA	Son of sevenless homolog 1	None	B:60,13,64,63,65,66,70,67,73,69,102,103,40,54,55,71,37,61,59,58,57,34,35,32,21,17,18,31,25,30,68,95,105,56,33,74,12,62	SOS1_HUMAN	None	None	None	RasGEF	None	B	None	None	None	FMT,NA	None	None	STP	XRAY	1.730	0.164	GMTEYKLVVVGAGGVGKSALTIQLIQNHFVDEYDPTIEDSYRKQVVIDGETCLLDILDTAGQEEYSAMRDQYMRTGEGFLCVFAINNTKSFEDIHQYREQIKRVKDSDDVPMVLVGNKCDLAARTVESRQAQDLARSYGIPYIETSAKTRQGVEDAFYTLVREIRQH	True	183.806	183.806	178.872	90.00	90.00	90.00	/Users/mitchellparker/Desktop/rascore_build/core/6cuoC_core.cif	/Users/mitchellparker/Desktop/rascore_build/rcsb/6cuo.cif.gz	/Users/mitchellparker/Desktop/rascore_build/renum/6cuo_renum.cif	/Users/mitchellparker/Desktop/rascore_build/rcsb_assembly/6cuo-assembly-1.cif.gz	/Users/mitchellparker/Desktop/rascore_build/renum_assembly/6cuo-assembly-1_renum.cif	/Users/mitchellparker/Desktop/rascore_build/sifts/6cuo.xml.gz	/Users/mitchellparker/Desktop/rascore_build/pocket/6cuoC_1_pocket.pdb
6cuoC	6cuo	0	C	Y32out.0P-GEF	Y71out.0P-GEF	Y32out	Y71out	I 4 2 2 (CF2)	6cuoC2	2	GTPase HRas	RASH_HUMAN	P01112	WT	WT	HRAS	0P	WT	None	None	GEF.CDC25	None	SP2-Unbound	I 4 2 2	167	1-166	2018-03-26	Other	460.8253	0.0001	Unbound	Unbound	128,131,132,134,135,138,139,140,141,162	FMT,NA	Son of sevenless homolog 1	None	B:60,13,64,63,65,66,70,67,73,69,102,103,40,54,55,71,37,61,59,58,57,34,35,32,21,17,18,31,25,30,68,95,105,56,33,74,12,62	SOS1_HUMAN	None	None	None	RasGEF	None	B	None	None	None	FMT,NA	None	None	STP	XRAY	1.730	0.164	GMTEYKLVVVGAGGVGKSALTIQLIQNHFVDEYDPTIEDSYRKQVVIDGETCLLDILDTAGQEEYSAMRDQYMRTGEGFLCVFAINNTKSFEDIHQYREQIKRVKDSDDVPMVLVGNKCDLAARTVESRQAQDLARSYGIPYIETSAKTRQGVEDAFYTLVREIRQH	True	183.806	183.806	178.872	90.00	90.00	90.00	/Users/mitchellparker/Desktop/rascore_build/core/6cuoC_core.cif	/Users/mitchellparker/Desktop/rascore_build/rcsb/6cuo.cif.gz	/Users/mitchellparker/Desktop/rascore_build/renum/6cuo_renum.cif	/Users/mitchellparker/Desktop/rascore_build/rcsb_assembly/6cuo-assembly-1.cif.gz	/Users/mitchellparker/Desktop/rascore_build/renum_assembly/6cuo-assembly-1_renum.cif	/Users/mitchellparker/Desktop/rascore_build/sifts/6cuo.xml.gz	/Users/mitchellparker/Desktop/rascore_build/pocket/6cuoC_2_pocket.pdb
6cuoC	6cuo	0	C	Y32out.0P-GEF	Y71out.0P-GEF	Y32out	Y71out	I 4 2 2 (CF2)	6cuoC3	3	GTPase HRas	RASH_HUMAN	P01112	WT	WT	HRAS	0P	WT	None	None	GEF.CDC25	None	SP2-Unbound	I 4 2 2	167	1-166	2018-03-26	Other	195.6003	0.0008	Unbound	Unbound	97,107,108,109,110,111,137,138,139,162,165,166	FMT,NA	Son of sevenless homolog 1	None	B:60,13,64,63,65,66,70,67,73,69,102,103,40,54,55,71,37,61,59,58,57,34,35,32,21,17,18,31,25,30,68,95,105,56,33,74,12,62	SOS1_HUMAN	None	None	None	RasGEF	None	B	None	None	None	FMT,NA	None	None	STP	XRAY	1.730	0.164	GMTEYKLVVVGAGGVGKSALTIQLIQNHFVDEYDPTIEDSYRKQVVIDGETCLLDILDTAGQEEYSAMRDQYMRTGEGFLCVFAINNTKSFEDIHQYREQIKRVKDSDDVPMVLVGNKCDLAARTVESRQAQDLARSYGIPYIETSAKTRQGVEDAFYTLVREIRQH	True	183.806	183.806	178.872	90.00	90.00	90.00	/Users/mitchellparker/Desktop/rascore_build/core/6cuoC_core.cif	/Users/mitchellparker/Desktop/rascore_build/rcsb/6cuo.cif.gz	/Users/mitchellparker/Desktop/rascore_build/renum/6cuo_renum.cif	/Users/mitchellparker/Desktop/rascore_build/rcsb_assembly/6cuo-assembly-1.cif.gz	/Users/mitchellparker/Desktop/rascore_build/renum_assembly/6cuo-assembly-1_renum.cif	/Users/mitchellparker/Desktop/rascore_build/sifts/6cuo.xml.gz	/Users/mitchellparker/Desktop/rascore_build/pocket/6cuoC_3_pocket.pdb
6cuoC	6cuo	0	C	Y32out.0P-GEF	Y71out.0P-GEF	Y32out	Y71out	I 4 2 2 (CF2)	6cuoC4	4	GTPase HRas	RASH_HUMAN	P01112	WT	WT	HRAS	0P	WT	None	None	GEF.CDC25	None	SP2-Unbound	I 4 2 2	167	1-166	2018-03-26	SP2	145.0189	0.0164	Unbound	Unbound	68,92,95,96,99	FMT,NA	Son of sevenless homolog 1	None	B:60,13,64,63,65,66,70,67,73,69,102,103,40,54,55,71,37,61,59,58,57,34,35,32,21,17,18,31,25,30,68,95,105,56,33,74,12,62	SOS1_HUMAN	None	None	None	RasGEF	None	B	None	None	None	FMT,NA	None	None	STP	XRAY	1.730	0.164	GMTEYKLVVVGAGGVGKSALTIQLIQNHFVDEYDPTIEDSYRKQVVIDGETCLLDILDTAGQEEYSAMRDQYMRTGEGFLCVFAINNTKSFEDIHQYREQIKRVKDSDDVPMVLVGNKCDLAARTVESRQAQDLARSYGIPYIETSAKTRQGVEDAFYTLVREIRQH	True	183.806	183.806	178.872	90.00	90.00	90.00	/Users/mitchellparker/Desktop/rascore_build/core/6cuoC_core.cif	/Users/mitchellparker/Desktop/rascore_build/rcsb/6cuo.cif.gz	/Users/mitchellparker/Desktop/rascore_build/renum/6cuo_renum.cif	/Users/mitchellparker/Desktop/rascore_build/rcsb_assembly/6cuo-assembly-1.cif.gz	/Users/mitchellparker/Desktop/rascore_build/renum_assembly/6cuo-assembly-1_renum.cif	/Users/mitchellparker/Desktop/rascore_build/sifts/6cuo.xml.gz	/Users/mitchellparker/Desktop/rascore_build/pocket/6cuoC_4_pocket.pdb
6cupA	6cup	0	A	Y32in.3P-ON	Y71in.3P-R	Y32in	Y71in	I 4 2 2 (CF2)	6cupA1	1	GTPase HRas	RASH_HUMAN	P01112	Y64A	Y64	HRAS	3P	Other	None	None	GEF.REM	None	SP12-Unbound	I 4 2 2	167	1-50:52-166	2018-03-26	SP12	157.0887	0.0387	Unbound	Unbound	5,6,7,39,54,55,56,74,75	CSO,GNP,MG	Son of sevenless homolog 1	None	B:70,37,39,56,66,67,36,34,38,33,63,61,35,31,27,26,25,149,22,153,43,50,1,45,44,41,42,24,28,71,152,73,17,147	SOS1_HUMAN	None	None	None	RasGEF	None	B	GNP	MG	None	FMT	CSO	None	STP	XRAY	1.833	0.161	GMTEYKLVVVGAGGVGKSALTIQLIQNHFVDEYDPTIEDSYRKQVVIDGETCLLDILDTAGQEEASAMRDQYMRTGEGFLCVFAINNTKSFEDIHQYREQIKRVKDSDDVPMVLVGNKCDLAARTVESRQAQDLARSYGIPYIETSAKTRQGVEDAFYTLVREIRQH	True	184.654	184.654	179.351	90.00	90.00	90.00	/Users/mitchellparker/Desktop/rascore_build/core/6cupA_core.cif	/Users/mitchellparker/Desktop/rascore_build/rcsb/6cup.cif.gz	/Users/mitchellparker/Desktop/rascore_build/renum/6cup_renum.cif	/Users/mitchellparker/Desktop/rascore_build/rcsb_assembly/6cup-assembly-1.cif.gz	/Users/mitchellparker/Desktop/rascore_build/renum_assembly/6cup-assembly-1_renum.cif	/Users/mitchellparker/Desktop/rascore_build/sifts/6cup.xml.gz	/Users/mitchellparker/Desktop/rascore_build/pocket/6cupA_1_pocket.pdb
6cupA	6cup	0	A	Y32in.3P-ON	Y71in.3P-R	Y32in	Y71in	I 4 2 2 (CF2)	6cupA2	2	GTPase HRas	RASH_HUMAN	P01112	Y64A	Y64	HRAS	3P	Other	None	None	GEF.REM	None	SP12-Unbound	I 4 2 2	167	1-50:52-166	2018-03-26	Other	222.4931	0.0005	Unbound	Unbound	97,107,108,109,110,111,137,138,139,162,165,166	CSO,GNP,MG	Son of sevenless homolog 1	None	B:70,37,39,56,66,67,36,34,38,33,63,61,35,31,27,26,25,149,22,153,43,50,1,45,44,41,42,24,28,71,152,73,17,147	SOS1_HUMAN	None	None	None	RasGEF	None	B	GNP	MG	None	FMT	CSO	None	STP	XRAY	1.833	0.161	GMTEYKLVVVGAGGVGKSALTIQLIQNHFVDEYDPTIEDSYRKQVVIDGETCLLDILDTAGQEEASAMRDQYMRTGEGFLCVFAINNTKSFEDIHQYREQIKRVKDSDDVPMVLVGNKCDLAARTVESRQAQDLARSYGIPYIETSAKTRQGVEDAFYTLVREIRQH	True	184.654	184.654	179.351	90.00	90.00	90.00	/Users/mitchellparker/Desktop/rascore_build/core/6cupA_core.cif	/Users/mitchellparker/Desktop/rascore_build/rcsb/6cup.cif.gz	/Users/mitchellparker/Desktop/rascore_build/renum/6cup_renum.cif	/Users/mitchellparker/Desktop/rascore_build/rcsb_assembly/6cup-assembly-1.cif.gz	/Users/mitchellparker/Desktop/rascore_build/renum_assembly/6cup-assembly-1_renum.cif	/Users/mitchellparker/Desktop/rascore_build/sifts/6cup.xml.gz	/Users/mitchellparker/Desktop/rascore_build/pocket/6cupA_2_pocket.pdb
6cupA	6cup	0	A	Y32in.3P-ON	Y71in.3P-R	Y32in	Y71in	I 4 2 2 (CF2)	6cupA3	3	GTPase HRas	RASH_HUMAN	P01112	Y64A	Y64	HRAS	3P	Other	None	None	GEF.REM	None	SP12-Unbound	I 4 2 2	167	1-50:52-166	2018-03-26	Other	405.7651	0.0095	Unbound	Unbound	73,74,75,76,104,106,108,109,110,163,166	CSO,GNP,MG	Son of sevenless homolog 1	None	B:70,37,39,56,66,67,36,34,38,33,63,61,35,31,27,26,25,149,22,153,43,50,1,45,44,41,42,24,28,71,152,73,17,147	SOS1_HUMAN	None	None	None	RasGEF	None	B	GNP	MG	None	FMT	CSO	None	STP	XRAY	1.833	0.161	GMTEYKLVVVGAGGVGKSALTIQLIQNHFVDEYDPTIEDSYRKQVVIDGETCLLDILDTAGQEEASAMRDQYMRTGEGFLCVFAINNTKSFEDIHQYREQIKRVKDSDDVPMVLVGNKCDLAARTVESRQAQDLARSYGIPYIETSAKTRQGVEDAFYTLVREIRQH	True	184.654	184.654	179.351	90.00	90.00	90.00	/Users/mitchellparker/Desktop/rascore_build/core/6cupA_core.cif	/Users/mitchellparker/Desktop/rascore_build/rcsb/6cup.cif.gz	/Users/mitchellparker/Desktop/rascore_build/renum/6cup_renum.cif	/Users/mitchellparker/Desktop/rascore_build/rcsb_assembly/6cup-assembly-1.cif.gz	/Users/mitchellparker/Desktop/rascore_build/renum_assembly/6cup-assembly-1_renum.cif	/Users/mitchellparker/Desktop/rascore_build/sifts/6cup.xml.gz	/Users/mitchellparker/Desktop/rascore_build/pocket/6cupA_3_pocket.pdb
6cupC	6cup	0	C	Y32out.0P-GEF	Y71out.0P-GEF	Y32out	Y71out	I 4 2 2 (CF2)	6cupC1	1	GTPase HRas	RASH_HUMAN	P01112	WT	WT	HRAS	0P	WT	None	None	GEF.CDC25	None	SP2-Unbound	I 4 2 2	167	1-166	2018-03-26	SP2	228.8055	0.0257	Unbound	Unbound	7,8,9,10,16,58,61,62,64,68,71,72,96	FMT,NA	Son of sevenless homolog 1	None	B:60,13,63,64,65,66,70,67,73,69,102,103,40,56,54,55,71,37,61,59,58,57,34,35,32,21,17,18,31,25,30,68,95,12,33,74,146,147,86,62,105	SOS1_HUMAN	None	None	None	RasGEF	None	B	None	None	None	FMT,NA	None	None	STP	XRAY	1.833	0.161	GMTEYKLVVVGAGGVGKSALTIQLIQNHFVDEYDPTIEDSYRKQVVIDGETCLLDILDTAGQEEYSAMRDQYMRTGEGFLCVFAINNTKSFEDIHQYREQIKRVKDSDDVPMVLVGNKCDLAARTVESRQAQDLARSYGIPYIETSAKTRQGVEDAFYTLVREIRQH	True	184.654	184.654	179.351	90.00	90.00	90.00	/Users/mitchellparker/Desktop/rascore_build/core/6cupC_core.cif	/Users/mitchellparker/Desktop/rascore_build/rcsb/6cup.cif.gz	/Users/mitchellparker/Desktop/rascore_build/renum/6cup_renum.cif	/Users/mitchellparker/Desktop/rascore_build/rcsb_assembly/6cup-assembly-1.cif.gz	/Users/mitchellparker/Desktop/rascore_build/renum_assembly/6cup-assembly-1_renum.cif	/Users/mitchellparker/Desktop/rascore_build/sifts/6cup.xml.gz	/Users/mitchellparker/Desktop/rascore_build/pocket/6cupC_1_pocket.pdb
6cupC	6cup	0	C	Y32out.0P-GEF	Y71out.0P-GEF	Y32out	Y71out	I 4 2 2 (CF2)	6cupC2	2	GTPase HRas	RASH_HUMAN	P01112	WT	WT	HRAS	0P	WT	None	None	GEF.CDC25	None	SP2-Unbound	I 4 2 2	167	1-166	2018-03-26	Other	292.6801	0.0002	Unbound	Unbound	97,107,108,109,110,111,137,138,139,162,165,166	FMT,NA	Son of sevenless homolog 1	None	B:60,13,63,64,65,66,70,67,73,69,102,103,40,56,54,55,71,37,61,59,58,57,34,35,32,21,17,18,31,25,30,68,95,12,33,74,146,147,86,62,105	SOS1_HUMAN	None	None	None	RasGEF	None	B	None	None	None	FMT,NA	None	None	STP	XRAY	1.833	0.161	GMTEYKLVVVGAGGVGKSALTIQLIQNHFVDEYDPTIEDSYRKQVVIDGETCLLDILDTAGQEEYSAMRDQYMRTGEGFLCVFAINNTKSFEDIHQYREQIKRVKDSDDVPMVLVGNKCDLAARTVESRQAQDLARSYGIPYIETSAKTRQGVEDAFYTLVREIRQH	True	184.654	184.654	179.351	90.00	90.00	90.00	/Users/mitchellparker/Desktop/rascore_build/core/6cupC_core.cif	/Users/mitchellparker/Desktop/rascore_build/rcsb/6cup.cif.gz	/Users/mitchellparker/Desktop/rascore_build/renum/6cup_renum.cif	/Users/mitchellparker/Desktop/rascore_build/rcsb_assembly/6cup-assembly-1.cif.gz	/Users/mitchellparker/Desktop/rascore_build/renum_assembly/6cup-assembly-1_renum.cif	/Users/mitchellparker/Desktop/rascore_build/sifts/6cup.xml.gz	/Users/mitchellparker/Desktop/rascore_build/pocket/6cupC_2_pocket.pdb
6cupC	6cup	0	C	Y32out.0P-GEF	Y71out.0P-GEF	Y32out	Y71out	I 4 2 2 (CF2)	6cupC3	3	GTPase HRas	RASH_HUMAN	P01112	WT	WT	HRAS	0P	WT	None	None	GEF.CDC25	None	SP2-Unbound	I 4 2 2	167	1-166	2018-03-26	Other	445.5593	0.0002	Unbound	Unbound	128,131,132,134,135,138,139,140,141,162	FMT,NA	Son of sevenless homolog 1	None	B:60,13,63,64,65,66,70,67,73,69,102,103,40,56,54,55,71,37,61,59,58,57,34,35,32,21,17,18,31,25,30,68,95,12,33,74,146,147,86,62,105	SOS1_HUMAN	None	None	None	RasGEF	None	B	None	None	None	FMT,NA	None	None	STP	XRAY	1.833	0.161	GMTEYKLVVVGAGGVGKSALTIQLIQNHFVDEYDPTIEDSYRKQVVIDGETCLLDILDTAGQEEYSAMRDQYMRTGEGFLCVFAINNTKSFEDIHQYREQIKRVKDSDDVPMVLVGNKCDLAARTVESRQAQDLARSYGIPYIETSAKTRQGVEDAFYTLVREIRQH	True	184.654	184.654	179.351	90.00	90.00	90.00	/Users/mitchellparker/Desktop/rascore_build/core/6cupC_core.cif	/Users/mitchellparker/Desktop/rascore_build/rcsb/6cup.cif.gz	/Users/mitchellparker/Desktop/rascore_build/renum/6cup_renum.cif	/Users/mitchellparker/Desktop/rascore_build/rcsb_assembly/6cup-assembly-1.cif.gz	/Users/mitchellparker/Desktop/rascore_build/renum_assembly/6cup-assembly-1_renum.cif	/Users/mitchellparker/Desktop/rascore_build/sifts/6cup.xml.gz	/Users/mitchellparker/Desktop/rascore_build/pocket/6cupC_3_pocket.pdb
6cupC	6cup	0	C	Y32out.0P-GEF	Y71out.0P-GEF	Y32out	Y71out	I 4 2 2 (CF2)	6cupC4	4	GTPase HRas	RASH_HUMAN	P01112	WT	WT	HRAS	0P	WT	None	None	GEF.CDC25	None	SP2-Unbound	I 4 2 2	167	1-166	2018-03-26	SP2	218.0730	0.0070	Unbound	Unbound	68,88,92,95,96,99	FMT,NA	Son of sevenless homolog 1	None	B:60,13,63,64,65,66,70,67,73,69,102,103,40,56,54,55,71,37,61,59,58,57,34,35,32,21,17,18,31,25,30,68,95,12,33,74,146,147,86,62,105	SOS1_HUMAN	None	None	None	RasGEF	None	B	None	None	None	FMT,NA	None	None	STP	XRAY	1.833	0.161	GMTEYKLVVVGAGGVGKSALTIQLIQNHFVDEYDPTIEDSYRKQVVIDGETCLLDILDTAGQEEYSAMRDQYMRTGEGFLCVFAINNTKSFEDIHQYREQIKRVKDSDDVPMVLVGNKCDLAARTVESRQAQDLARSYGIPYIETSAKTRQGVEDAFYTLVREIRQH	True	184.654	184.654	179.351	90.00	90.00	90.00	/Users/mitchellparker/Desktop/rascore_build/core/6cupC_core.cif	/Users/mitchellparker/Desktop/rascore_build/rcsb/6cup.cif.gz	/Users/mitchellparker/Desktop/rascore_build/renum/6cup_renum.cif	/Users/mitchellparker/Desktop/rascore_build/rcsb_assembly/6cup-assembly-1.cif.gz	/Users/mitchellparker/Desktop/rascore_build/renum_assembly/6cup-assembly-1_renum.cif	/Users/mitchellparker/Desktop/rascore_build/sifts/6cup.xml.gz	/Users/mitchellparker/Desktop/rascore_build/pocket/6cupC_4_pocket.pdb
6curA	6cur	0	A	Y32in.3P-ON	Y71in.3P-R	Y32in	Y71in	I 4 2 2 (CF2)	6curA1	1	GTPase HRas	RASH_HUMAN	P01112	Y64A	Y64	HRAS	3P	Other	None	None	GEF.REM	None	SP12-Unbound	I 4 2 2	167	1-50:52-166	2018-03-26	SP12	136.6776	0.0007	Unbound	Unbound	5,6,7,39,54,55,56,74	CSO,GNP,MG	Son of sevenless homolog 1	None	B:70,37,39,56,66,67,36,34,38,33,63,61,35,31,27,26,25,149,22,153,43,50,1,45,44,41,42,24,71,28,73,152,74,32,147	SOS1_HUMAN	None	None	None	RasGEF	None	B	GNP	MG	None	FMT	CSO	None	STP	XRAY	1.730	0.158	GMTEYKLVVVGAGGVGKSALTIQLIQNHFVDEYDPTIEDSYRKQVVIDGETCLLDILDTAGQEEASAMRDQYMRTGEGFLCVFAINNTKSFEDIHQYREQIKRVKDSDDVPMVLVGNKCDLAARTVESRQAQDLARSYGIPYIETSAKTRQGVEDAFYTLVREIRQH	True	184.045	184.045	179.131	90.00	90.00	90.00	/Users/mitchellparker/Desktop/rascore_build/core/6curA_core.cif	/Users/mitchellparker/Desktop/rascore_build/rcsb/6cur.cif.gz	/Users/mitchellparker/Desktop/rascore_build/renum/6cur_renum.cif	/Users/mitchellparker/Desktop/rascore_build/rcsb_assembly/6cur-assembly-1.cif.gz	/Users/mitchellparker/Desktop/rascore_build/renum_assembly/6cur-assembly-1_renum.cif	/Users/mitchellparker/Desktop/rascore_build/sifts/6cur.xml.gz	/Users/mitchellparker/Desktop/rascore_build/pocket/6curA_1_pocket.pdb
6curA	6cur	0	A	Y32in.3P-ON	Y71in.3P-R	Y32in	Y71in	I 4 2 2 (CF2)	6curA2	2	GTPase HRas	RASH_HUMAN	P01112	Y64A	Y64	HRAS	3P	Other	None	None	GEF.REM	None	SP12-Unbound	I 4 2 2	167	1-50:52-166	2018-03-26	Other	332.2525	0.0013	Unbound	Unbound	73,74,75,76,104,106,109,110,163,166	CSO,GNP,MG	Son of sevenless homolog 1	None	B:70,37,39,56,66,67,36,34,38,33,63,61,35,31,27,26,25,149,22,153,43,50,1,45,44,41,42,24,71,28,73,152,74,32,147	SOS1_HUMAN	None	None	None	RasGEF	None	B	GNP	MG	None	FMT	CSO	None	STP	XRAY	1.730	0.158	GMTEYKLVVVGAGGVGKSALTIQLIQNHFVDEYDPTIEDSYRKQVVIDGETCLLDILDTAGQEEASAMRDQYMRTGEGFLCVFAINNTKSFEDIHQYREQIKRVKDSDDVPMVLVGNKCDLAARTVESRQAQDLARSYGIPYIETSAKTRQGVEDAFYTLVREIRQH	True	184.045	184.045	179.131	90.00	90.00	90.00	/Users/mitchellparker/Desktop/rascore_build/core/6curA_core.cif	/Users/mitchellparker/Desktop/rascore_build/rcsb/6cur.cif.gz	/Users/mitchellparker/Desktop/rascore_build/renum/6cur_renum.cif	/Users/mitchellparker/Desktop/rascore_build/rcsb_assembly/6cur-assembly-1.cif.gz	/Users/mitchellparker/Desktop/rascore_build/renum_assembly/6cur-assembly-1_renum.cif	/Users/mitchellparker/Desktop/rascore_build/sifts/6cur.xml.gz	/Users/mitchellparker/Desktop/rascore_build/pocket/6curA_2_pocket.pdb
6curA	6cur	0	A	Y32in.3P-ON	Y71in.3P-R	Y32in	Y71in	I 4 2 2 (CF2)	6curA3	3	GTPase HRas	RASH_HUMAN	P01112	Y64A	Y64	HRAS	3P	Other	None	None	GEF.REM	None	SP12-Unbound	I 4 2 2	167	1-50:52-166	2018-03-26	Other	244.6600	0.0001	Unbound	Unbound	108,109,110,111,137,138,139,162,166	CSO,GNP,MG	Son of sevenless homolog 1	None	B:70,37,39,56,66,67,36,34,38,33,63,61,35,31,27,26,25,149,22,153,43,50,1,45,44,41,42,24,71,28,73,152,74,32,147	SOS1_HUMAN	None	None	None	RasGEF	None	B	GNP	MG	None	FMT	CSO	None	STP	XRAY	1.730	0.158	GMTEYKLVVVGAGGVGKSALTIQLIQNHFVDEYDPTIEDSYRKQVVIDGETCLLDILDTAGQEEASAMRDQYMRTGEGFLCVFAINNTKSFEDIHQYREQIKRVKDSDDVPMVLVGNKCDLAARTVESRQAQDLARSYGIPYIETSAKTRQGVEDAFYTLVREIRQH	True	184.045	184.045	179.131	90.00	90.00	90.00	/Users/mitchellparker/Desktop/rascore_build/core/6curA_core.cif	/Users/mitchellparker/Desktop/rascore_build/rcsb/6cur.cif.gz	/Users/mitchellparker/Desktop/rascore_build/renum/6cur_renum.cif	/Users/mitchellparker/Desktop/rascore_build/rcsb_assembly/6cur-assembly-1.cif.gz	/Users/mitchellparker/Desktop/rascore_build/renum_assembly/6cur-assembly-1_renum.cif	/Users/mitchellparker/Desktop/rascore_build/sifts/6cur.xml.gz	/Users/mitchellparker/Desktop/rascore_build/pocket/6curA_3_pocket.pdb
6curC	6cur	0	C	Y32out.0P-GEF	Y71out.0P-GEF	Y32out	Y71out	I 4 2 2 (CF2)	6curC1	1	GTPase HRas	RASH_HUMAN	P01112	WT	WT	HRAS	0P	WT	None	None	GEF.CDC25	None	SP2-Unbound	I 4 2 2	167	1-166	2018-03-26	SP2	228.3885	0.0102	Unbound	Unbound	7,8,9,10,16,58,61,62,64,68,71,72,96	FMT,NA	Son of sevenless homolog 1	None	B:60,13,64,63,65,66,70,67,69,73,102,103,40,56,54,55,71,37,61,59,58,57,34,35,32,21,17,18,31,25,30,68,95,146,99,74,33,12,105	SOS1_HUMAN	None	None	None	RasGEF	None	B	None	None	None	FMT,NA	None	None	STP	XRAY	1.730	0.158	GMTEYKLVVVGAGGVGKSALTIQLIQNHFVDEYDPTIEDSYRKQVVIDGETCLLDILDTAGQEEYSAMRDQYMRTGEGFLCVFAINNTKSFEDIHQYREQIKRVKDSDDVPMVLVGNKCDLAARTVESRQAQDLARSYGIPYIETSAKTRQGVEDAFYTLVREIRQH	True	184.045	184.045	179.131	90.00	90.00	90.00	/Users/mitchellparker/Desktop/rascore_build/core/6curC_core.cif	/Users/mitchellparker/Desktop/rascore_build/rcsb/6cur.cif.gz	/Users/mitchellparker/Desktop/rascore_build/renum/6cur_renum.cif	/Users/mitchellparker/Desktop/rascore_build/rcsb_assembly/6cur-assembly-1.cif.gz	/Users/mitchellparker/Desktop/rascore_build/renum_assembly/6cur-assembly-1_renum.cif	/Users/mitchellparker/Desktop/rascore_build/sifts/6cur.xml.gz	/Users/mitchellparker/Desktop/rascore_build/pocket/6curC_1_pocket.pdb
6curC	6cur	0	C	Y32out.0P-GEF	Y71out.0P-GEF	Y32out	Y71out	I 4 2 2 (CF2)	6curC2	2	GTPase HRas	RASH_HUMAN	P01112	WT	WT	HRAS	0P	WT	None	None	GEF.CDC25	None	SP2-Unbound	I 4 2 2	167	1-166	2018-03-26	SP2	114.3978	0.0015	Unbound	Unbound	92,95,96,99	FMT,NA	Son of sevenless homolog 1	None	B:60,13,64,63,65,66,70,67,69,73,102,103,40,56,54,55,71,37,61,59,58,57,34,35,32,21,17,18,31,25,30,68,95,146,99,74,33,12,105	SOS1_HUMAN	None	None	None	RasGEF	None	B	None	None	None	FMT,NA	None	None	STP	XRAY	1.730	0.158	GMTEYKLVVVGAGGVGKSALTIQLIQNHFVDEYDPTIEDSYRKQVVIDGETCLLDILDTAGQEEYSAMRDQYMRTGEGFLCVFAINNTKSFEDIHQYREQIKRVKDSDDVPMVLVGNKCDLAARTVESRQAQDLARSYGIPYIETSAKTRQGVEDAFYTLVREIRQH	True	184.045	184.045	179.131	90.00	90.00	90.00	/Users/mitchellparker/Desktop/rascore_build/core/6curC_core.cif	/Users/mitchellparker/Desktop/rascore_build/rcsb/6cur.cif.gz	/Users/mitchellparker/Desktop/rascore_build/renum/6cur_renum.cif	/Users/mitchellparker/Desktop/rascore_build/rcsb_assembly/6cur-assembly-1.cif.gz	/Users/mitchellparker/Desktop/rascore_build/renum_assembly/6cur-assembly-1_renum.cif	/Users/mitchellparker/Desktop/rascore_build/sifts/6cur.xml.gz	/Users/mitchellparker/Desktop/rascore_build/pocket/6curC_2_pocket.pdb
6curC	6cur	0	C	Y32out.0P-GEF	Y71out.0P-GEF	Y32out	Y71out	I 4 2 2 (CF2)	6curC3	3	GTPase HRas	RASH_HUMAN	P01112	WT	WT	HRAS	0P	WT	None	None	GEF.CDC25	None	SP2-Unbound	I 4 2 2	167	1-166	2018-03-26	Other	267.1183	0.0001	Unbound	Unbound	135,138,139,140,162	FMT,NA	Son of sevenless homolog 1	None	B:60,13,64,63,65,66,70,67,69,73,102,103,40,56,54,55,71,37,61,59,58,57,34,35,32,21,17,18,31,25,30,68,95,146,99,74,33,12,105	SOS1_HUMAN	None	None	None	RasGEF	None	B	None	None	None	FMT,NA	None	None	STP	XRAY	1.730	0.158	GMTEYKLVVVGAGGVGKSALTIQLIQNHFVDEYDPTIEDSYRKQVVIDGETCLLDILDTAGQEEYSAMRDQYMRTGEGFLCVFAINNTKSFEDIHQYREQIKRVKDSDDVPMVLVGNKCDLAARTVESRQAQDLARSYGIPYIETSAKTRQGVEDAFYTLVREIRQH	True	184.045	184.045	179.131	90.00	90.00	90.00	/Users/mitchellparker/Desktop/rascore_build/core/6curC_core.cif	/Users/mitchellparker/Desktop/rascore_build/rcsb/6cur.cif.gz	/Users/mitchellparker/Desktop/rascore_build/renum/6cur_renum.cif	/Users/mitchellparker/Desktop/rascore_build/rcsb_assembly/6cur-assembly-1.cif.gz	/Users/mitchellparker/Desktop/rascore_build/renum_assembly/6cur-assembly-1_renum.cif	/Users/mitchellparker/Desktop/rascore_build/sifts/6cur.xml.gz	/Users/mitchellparker/Desktop/rascore_build/pocket/6curC_3_pocket.pdb
6d55A	6d55	0	A	Y32in.3P-ON	Y71in.3P-R	Y32in	Y71in	I 4 2 2 (CF2)	6d55A1	1	GTPase HRas	RASH_HUMAN	P01112	Y64A	Y64	HRAS	3P	Other	None	None	GEF.REM	None	SP12-Unbound	I 4 2 2	167	1-50:52-166	2018-04-19	SP12	158.1712	0.0009	Unbound	Unbound	5,6,7,39,54,55,56,74,75	CSO,GNP,MG	Son of sevenless homolog 1	None	B:70,37,39,56,66,67,36,34,38,33,63,61,35,64,31,27,26,25,149,22,153,43,50,1,45,44,41,42,24,71,152,73,17,28,32	SOS1_HUMAN	None	None	None	RasGEF	None	B	GNP	MG	None	FMT	CSO	None	STP	XRAY	1.680	0.156	GMTEYKLVVVGAGGVGKSALTIQLIQNHFVDEYDPTIEDSYRKQVVIDGETCLLDILDTAGQEEASAMRDQYMRTGEGFLCVFAINNTKSFEDIHQYREQIKRVKDSDDVPMVLVGNKCDLAARTVESRQAQDLARSYGIPYIETSAKTRQGVEDAFYTLVREIRQH	True	183.476	183.476	179.397	90.00	90.00	90.00	/Users/mitchellparker/Desktop/rascore_build/core/6d55A_core.cif	/Users/mitchellparker/Desktop/rascore_build/rcsb/6d55.cif.gz	/Users/mitchellparker/Desktop/rascore_build/renum/6d55_renum.cif	/Users/mitchellparker/Desktop/rascore_build/rcsb_assembly/6d55-assembly-1.cif.gz	/Users/mitchellparker/Desktop/rascore_build/renum_assembly/6d55-assembly-1_renum.cif	/Users/mitchellparker/Desktop/rascore_build/sifts/6d55.xml.gz	/Users/mitchellparker/Desktop/rascore_build/pocket/6d55A_1_pocket.pdb
6d55A	6d55	0	A	Y32in.3P-ON	Y71in.3P-R	Y32in	Y71in	I 4 2 2 (CF2)	6d55A2	2	GTPase HRas	RASH_HUMAN	P01112	Y64A	Y64	HRAS	3P	Other	None	None	GEF.REM	None	SP12-Unbound	I 4 2 2	167	1-50:52-166	2018-04-19	Other	306.3318	0.0014	Unbound	Unbound	74,75,76,104,106,109,110,163,166	CSO,GNP,MG	Son of sevenless homolog 1	None	B:70,37,39,56,66,67,36,34,38,33,63,61,35,64,31,27,26,25,149,22,153,43,50,1,45,44,41,42,24,71,152,73,17,28,32	SOS1_HUMAN	None	None	None	RasGEF	None	B	GNP	MG	None	FMT	CSO	None	STP	XRAY	1.680	0.156	GMTEYKLVVVGAGGVGKSALTIQLIQNHFVDEYDPTIEDSYRKQVVIDGETCLLDILDTAGQEEASAMRDQYMRTGEGFLCVFAINNTKSFEDIHQYREQIKRVKDSDDVPMVLVGNKCDLAARTVESRQAQDLARSYGIPYIETSAKTRQGVEDAFYTLVREIRQH	True	183.476	183.476	179.397	90.00	90.00	90.00	/Users/mitchellparker/Desktop/rascore_build/core/6d55A_core.cif	/Users/mitchellparker/Desktop/rascore_build/rcsb/6d55.cif.gz	/Users/mitchellparker/Desktop/rascore_build/renum/6d55_renum.cif	/Users/mitchellparker/Desktop/rascore_build/rcsb_assembly/6d55-assembly-1.cif.gz	/Users/mitchellparker/Desktop/rascore_build/renum_assembly/6d55-assembly-1_renum.cif	/Users/mitchellparker/Desktop/rascore_build/sifts/6d55.xml.gz	/Users/mitchellparker/Desktop/rascore_build/pocket/6d55A_2_pocket.pdb
6d55C	6d55	0	C	Y32out.0P-GEF	Y71out.0P-GEF	Y32out	Y71out	I 4 2 2 (CF2)	6d55C1	1	GTPase HRas	RASH_HUMAN	P01112	WT	WT	HRAS	0P	WT	None	None	GEF.CDC25	None	SP2-Unbound	I 4 2 2	167	1-166	2018-04-19	SP2	249.9902	0.0289	Unbound	Unbound	7,8,9,10,16,58,61,62,64,68,71,72,96	FMT,NA	Son of sevenless homolog 1	None	B:60,13,63,64,65,66,70,67,73,69,102,103,40,54,55,71,37,61,59,58,57,34,35,32,21,17,18,31,25,30,68,95,5,146,74,98,94,105,33,12,56,62	SOS1_HUMAN	None	None	None	RasGEF	None	B	None	None	None	FMT,NA	None	None	STP	XRAY	1.680	0.156	GMTEYKLVVVGAGGVGKSALTIQLIQNHFVDEYDPTIEDSYRKQVVIDGETCLLDILDTAGQEEYSAMRDQYMRTGEGFLCVFAINNTKSFEDIHQYREQIKRVKDSDDVPMVLVGNKCDLAARTVESRQAQDLARSYGIPYIETSAKTRQGVEDAFYTLVREIRQH	True	183.476	183.476	179.397	90.00	90.00	90.00	/Users/mitchellparker/Desktop/rascore_build/core/6d55C_core.cif	/Users/mitchellparker/Desktop/rascore_build/rcsb/6d55.cif.gz	/Users/mitchellparker/Desktop/rascore_build/renum/6d55_renum.cif	/Users/mitchellparker/Desktop/rascore_build/rcsb_assembly/6d55-assembly-1.cif.gz	/Users/mitchellparker/Desktop/rascore_build/renum_assembly/6d55-assembly-1_renum.cif	/Users/mitchellparker/Desktop/rascore_build/sifts/6d55.xml.gz	/Users/mitchellparker/Desktop/rascore_build/pocket/6d55C_1_pocket.pdb
6d55C	6d55	0	C	Y32out.0P-GEF	Y71out.0P-GEF	Y32out	Y71out	I 4 2 2 (CF2)	6d55C2	2	GTPase HRas	RASH_HUMAN	P01112	WT	WT	HRAS	0P	WT	None	None	GEF.CDC25	None	SP2-Unbound	I 4 2 2	167	1-166	2018-04-19	SP2	101.6150	0.0010	Unbound	Unbound	68,92,95,96,99	FMT,NA	Son of sevenless homolog 1	None	B:60,13,63,64,65,66,70,67,73,69,102,103,40,54,55,71,37,61,59,58,57,34,35,32,21,17,18,31,25,30,68,95,5,146,74,98,94,105,33,12,56,62	SOS1_HUMAN	None	None	None	RasGEF	None	B	None	None	None	FMT,NA	None	None	STP	XRAY	1.680	0.156	GMTEYKLVVVGAGGVGKSALTIQLIQNHFVDEYDPTIEDSYRKQVVIDGETCLLDILDTAGQEEYSAMRDQYMRTGEGFLCVFAINNTKSFEDIHQYREQIKRVKDSDDVPMVLVGNKCDLAARTVESRQAQDLARSYGIPYIETSAKTRQGVEDAFYTLVREIRQH	True	183.476	183.476	179.397	90.00	90.00	90.00	/Users/mitchellparker/Desktop/rascore_build/core/6d55C_core.cif	/Users/mitchellparker/Desktop/rascore_build/rcsb/6d55.cif.gz	/Users/mitchellparker/Desktop/rascore_build/renum/6d55_renum.cif	/Users/mitchellparker/Desktop/rascore_build/rcsb_assembly/6d55-assembly-1.cif.gz	/Users/mitchellparker/Desktop/rascore_build/renum_assembly/6d55-assembly-1_renum.cif	/Users/mitchellparker/Desktop/rascore_build/sifts/6d55.xml.gz	/Users/mitchellparker/Desktop/rascore_build/pocket/6d55C_2_pocket.pdb
6d55C	6d55	0	C	Y32out.0P-GEF	Y71out.0P-GEF	Y32out	Y71out	I 4 2 2 (CF2)	6d55C3	3	GTPase HRas	RASH_HUMAN	P01112	WT	WT	HRAS	0P	WT	None	None	GEF.CDC25	None	SP2-Unbound	I 4 2 2	167	1-166	2018-04-19	Other	323.1057	0.0001	Unbound	Unbound	131,134,135,138,139,140,141,162	FMT,NA	Son of sevenless homolog 1	None	B:60,13,63,64,65,66,70,67,73,69,102,103,40,54,55,71,37,61,59,58,57,34,35,32,21,17,18,31,25,30,68,95,5,146,74,98,94,105,33,12,56,62	SOS1_HUMAN	None	None	None	RasGEF	None	B	None	None	None	FMT,NA	None	None	STP	XRAY	1.680	0.156	GMTEYKLVVVGAGGVGKSALTIQLIQNHFVDEYDPTIEDSYRKQVVIDGETCLLDILDTAGQEEYSAMRDQYMRTGEGFLCVFAINNTKSFEDIHQYREQIKRVKDSDDVPMVLVGNKCDLAARTVESRQAQDLARSYGIPYIETSAKTRQGVEDAFYTLVREIRQH	True	183.476	183.476	179.397	90.00	90.00	90.00	/Users/mitchellparker/Desktop/rascore_build/core/6d55C_core.cif	/Users/mitchellparker/Desktop/rascore_build/rcsb/6d55.cif.gz	/Users/mitchellparker/Desktop/rascore_build/renum/6d55_renum.cif	/Users/mitchellparker/Desktop/rascore_build/rcsb_assembly/6d55-assembly-1.cif.gz	/Users/mitchellparker/Desktop/rascore_build/renum_assembly/6d55-assembly-1_renum.cif	/Users/mitchellparker/Desktop/rascore_build/sifts/6d55.xml.gz	/Users/mitchellparker/Desktop/rascore_build/pocket/6d55C_3_pocket.pdb
6d56A	6d56	0	A	Y32in.3P-ON	Y71in.3P-R	Y32in	Y71in	I 4 2 2 (CF2)	6d56A1	1	GTPase HRas	RASH_HUMAN	P01112	Y64A	Y64	HRAS	3P	Other	None	None	GEF.REM	None	Other-Unbound	I 4 2 2	167	1-50:52-166	2018-04-19	Other	177.5476	0.0003	Unbound	Unbound	97,107,108,109,110,111,137,138,139,162,166	CSO,GNP,MG	Son of sevenless homolog 1	None	B:70,37,39,56,66,67,36,34,38,33,63,61,35,64,31,27,26,25,149,22,153,43,50,1,45,44,41,42,24,71,28,152,73,40,32,52	SOS1_HUMAN	None	None	None	RasGEF	None	B	GNP	MG	None	FMT	CSO	None	STP	XRAY	1.680	0.160	GMTEYKLVVVGAGGVGKSALTIQLIQNHFVDEYDPTIEDSYRKQVVIDGETCLLDILDTAGQEEASAMRDQYMRTGEGFLCVFAINNTKSFEDIHQYREQIKRVKDSDDVPMVLVGNKCDLAARTVESRQAQDLARSYGIPYIETSAKTRQGVEDAFYTLVREIRQH	True	183.621	183.621	178.738	90.00	90.00	90.00	/Users/mitchellparker/Desktop/rascore_build/core/6d56A_core.cif	/Users/mitchellparker/Desktop/rascore_build/rcsb/6d56.cif.gz	/Users/mitchellparker/Desktop/rascore_build/renum/6d56_renum.cif	/Users/mitchellparker/Desktop/rascore_build/rcsb_assembly/6d56-assembly-1.cif.gz	/Users/mitchellparker/Desktop/rascore_build/renum_assembly/6d56-assembly-1_renum.cif	/Users/mitchellparker/Desktop/rascore_build/sifts/6d56.xml.gz	/Users/mitchellparker/Desktop/rascore_build/pocket/6d56A_1_pocket.pdb
6d56A	6d56	0	A	Y32in.3P-ON	Y71in.3P-R	Y32in	Y71in	I 4 2 2 (CF2)	6d56A2	2	GTPase HRas	RASH_HUMAN	P01112	Y64A	Y64	HRAS	3P	Other	None	None	GEF.REM	None	Other-Unbound	I 4 2 2	167	1-50:52-166	2018-04-19	Other	320.1246	0.0022	Unbound	Unbound	73,74,75,76,104,106,109,110,163,166	CSO,GNP,MG	Son of sevenless homolog 1	None	B:70,37,39,56,66,67,36,34,38,33,63,61,35,64,31,27,26,25,149,22,153,43,50,1,45,44,41,42,24,71,28,152,73,40,32,52	SOS1_HUMAN	None	None	None	RasGEF	None	B	GNP	MG	None	FMT	CSO	None	STP	XRAY	1.680	0.160	GMTEYKLVVVGAGGVGKSALTIQLIQNHFVDEYDPTIEDSYRKQVVIDGETCLLDILDTAGQEEASAMRDQYMRTGEGFLCVFAINNTKSFEDIHQYREQIKRVKDSDDVPMVLVGNKCDLAARTVESRQAQDLARSYGIPYIETSAKTRQGVEDAFYTLVREIRQH	True	183.621	183.621	178.738	90.00	90.00	90.00	/Users/mitchellparker/Desktop/rascore_build/core/6d56A_core.cif	/Users/mitchellparker/Desktop/rascore_build/rcsb/6d56.cif.gz	/Users/mitchellparker/Desktop/rascore_build/renum/6d56_renum.cif	/Users/mitchellparker/Desktop/rascore_build/rcsb_assembly/6d56-assembly-1.cif.gz	/Users/mitchellparker/Desktop/rascore_build/renum_assembly/6d56-assembly-1_renum.cif	/Users/mitchellparker/Desktop/rascore_build/sifts/6d56.xml.gz	/Users/mitchellparker/Desktop/rascore_build/pocket/6d56A_2_pocket.pdb
6d56C	6d56	0	C	Y32out.0P-GEF	Y71out.0P-GEF	Y32out	Y71out	I 4 2 2 (CF2)	6d56C1	1	GTPase HRas	RASH_HUMAN	P01112	WT	WT	HRAS	0P	WT	None	None	GEF.CDC25	None	SP2-Unbound	I 4 2 2	167	1-166	2018-04-19	SP2	219.9579	0.0201	Unbound	Unbound	7,8,9,10,16,58,61,62,64,68,71,72,96	FMT,NA	Son of sevenless homolog 1	None	B:60,13,64,63,65,66,70,67,73,69,102,103,40,54,55,71,37,61,59,58,57,34,35,32,21,17,18,31,25,30,68,95,56,74,12,33,62,105	SOS1_HUMAN	None	None	None	RasGEF	None	B	None	None	None	FMT,NA	None	None	STP	XRAY	1.680	0.160	GMTEYKLVVVGAGGVGKSALTIQLIQNHFVDEYDPTIEDSYRKQVVIDGETCLLDILDTAGQEEYSAMRDQYMRTGEGFLCVFAINNTKSFEDIHQYREQIKRVKDSDDVPMVLVGNKCDLAARTVESRQAQDLARSYGIPYIETSAKTRQGVEDAFYTLVREIRQH	True	183.621	183.621	178.738	90.00	90.00	90.00	/Users/mitchellparker/Desktop/rascore_build/core/6d56C_core.cif	/Users/mitchellparker/Desktop/rascore_build/rcsb/6d56.cif.gz	/Users/mitchellparker/Desktop/rascore_build/renum/6d56_renum.cif	/Users/mitchellparker/Desktop/rascore_build/rcsb_assembly/6d56-assembly-1.cif.gz	/Users/mitchellparker/Desktop/rascore_build/renum_assembly/6d56-assembly-1_renum.cif	/Users/mitchellparker/Desktop/rascore_build/sifts/6d56.xml.gz	/Users/mitchellparker/Desktop/rascore_build/pocket/6d56C_1_pocket.pdb
6d56C	6d56	0	C	Y32out.0P-GEF	Y71out.0P-GEF	Y32out	Y71out	I 4 2 2 (CF2)	6d56C2	2	GTPase HRas	RASH_HUMAN	P01112	WT	WT	HRAS	0P	WT	None	None	GEF.CDC25	None	SP2-Unbound	I 4 2 2	167	1-166	2018-04-19	Other	544.7348	0.0001	Unbound	Unbound	128,131,132,134,135,138,139,140,141,162	FMT,NA	Son of sevenless homolog 1	None	B:60,13,64,63,65,66,70,67,73,69,102,103,40,54,55,71,37,61,59,58,57,34,35,32,21,17,18,31,25,30,68,95,56,74,12,33,62,105	SOS1_HUMAN	None	None	None	RasGEF	None	B	None	None	None	FMT,NA	None	None	STP	XRAY	1.680	0.160	GMTEYKLVVVGAGGVGKSALTIQLIQNHFVDEYDPTIEDSYRKQVVIDGETCLLDILDTAGQEEYSAMRDQYMRTGEGFLCVFAINNTKSFEDIHQYREQIKRVKDSDDVPMVLVGNKCDLAARTVESRQAQDLARSYGIPYIETSAKTRQGVEDAFYTLVREIRQH	True	183.621	183.621	178.738	90.00	90.00	90.00	/Users/mitchellparker/Desktop/rascore_build/core/6d56C_core.cif	/Users/mitchellparker/Desktop/rascore_build/rcsb/6d56.cif.gz	/Users/mitchellparker/Desktop/rascore_build/renum/6d56_renum.cif	/Users/mitchellparker/Desktop/rascore_build/rcsb_assembly/6d56-assembly-1.cif.gz	/Users/mitchellparker/Desktop/rascore_build/renum_assembly/6d56-assembly-1_renum.cif	/Users/mitchellparker/Desktop/rascore_build/sifts/6d56.xml.gz	/Users/mitchellparker/Desktop/rascore_build/pocket/6d56C_2_pocket.pdb
6d59A	6d59	0	A	Y32in.3P-ON	Y71in.3P-R	Y32in	Y71in	I 4 2 2 (CF2)	6d59A1	1	GTPase HRas	RASH_HUMAN	P01112	Y64A	Y64	HRAS	3P	Other	None	None	GEF.REM	None	SP12-Unbound	I 4 2 2	167	1-50:52-166	2018-04-19	SP12	147.3124	0.0008	Unbound	Unbound	5,6,7,39,54,55,56,74	CSO,GNP,MG	Son of sevenless homolog 1	None	B:70,37,39,56,66,67,36,34,38,33,63,61,35,31,27,26,25,149,22,153,43,50,1,45,44,41,42,24,71,152,28,73,74,32	SOS1_HUMAN	None	None	None	RasGEF	None	B	GNP	MG	None	FMT	CSO	None	STP	XRAY	1.700	0.158	GMTEYKLVVVGAGGVGKSALTIQLIQNHFVDEYDPTIEDSYRKQVVIDGETCLLDILDTAGQEEASAMRDQYMRTGEGFLCVFAINNTKSFEDIHQYREQIKRVKDSDDVPMVLVGNKCDLAARTVESRQAQDLARSYGIPYIETSAKTRQGVEDAFYTLVREIRQH	True	184.107	184.107	179.426	90.00	90.00	90.00	/Users/mitchellparker/Desktop/rascore_build/core/6d59A_core.cif	/Users/mitchellparker/Desktop/rascore_build/rcsb/6d59.cif.gz	/Users/mitchellparker/Desktop/rascore_build/renum/6d59_renum.cif	/Users/mitchellparker/Desktop/rascore_build/rcsb_assembly/6d59-assembly-1.cif.gz	/Users/mitchellparker/Desktop/rascore_build/renum_assembly/6d59-assembly-1_renum.cif	/Users/mitchellparker/Desktop/rascore_build/sifts/6d59.xml.gz	/Users/mitchellparker/Desktop/rascore_build/pocket/6d59A_1_pocket.pdb
6d59A	6d59	0	A	Y32in.3P-ON	Y71in.3P-R	Y32in	Y71in	I 4 2 2 (CF2)	6d59A2	2	GTPase HRas	RASH_HUMAN	P01112	Y64A	Y64	HRAS	3P	Other	None	None	GEF.REM	None	SP12-Unbound	I 4 2 2	167	1-50:52-166	2018-04-19	Other	313.4602	0.0012	Unbound	Unbound	73,74,75,76,104,106,109,110,163,166	CSO,GNP,MG	Son of sevenless homolog 1	None	B:70,37,39,56,66,67,36,34,38,33,63,61,35,31,27,26,25,149,22,153,43,50,1,45,44,41,42,24,71,152,28,73,74,32	SOS1_HUMAN	None	None	None	RasGEF	None	B	GNP	MG	None	FMT	CSO	None	STP	XRAY	1.700	0.158	GMTEYKLVVVGAGGVGKSALTIQLIQNHFVDEYDPTIEDSYRKQVVIDGETCLLDILDTAGQEEASAMRDQYMRTGEGFLCVFAINNTKSFEDIHQYREQIKRVKDSDDVPMVLVGNKCDLAARTVESRQAQDLARSYGIPYIETSAKTRQGVEDAFYTLVREIRQH	True	184.107	184.107	179.426	90.00	90.00	90.00	/Users/mitchellparker/Desktop/rascore_build/core/6d59A_core.cif	/Users/mitchellparker/Desktop/rascore_build/rcsb/6d59.cif.gz	/Users/mitchellparker/Desktop/rascore_build/renum/6d59_renum.cif	/Users/mitchellparker/Desktop/rascore_build/rcsb_assembly/6d59-assembly-1.cif.gz	/Users/mitchellparker/Desktop/rascore_build/renum_assembly/6d59-assembly-1_renum.cif	/Users/mitchellparker/Desktop/rascore_build/sifts/6d59.xml.gz	/Users/mitchellparker/Desktop/rascore_build/pocket/6d59A_2_pocket.pdb
6d59C	6d59	0	C	Y32out.0P-GEF	Y71out.0P-GEF	Y32out	Y71out	I 4 2 2 (CF2)	6d59C1	1	GTPase HRas	RASH_HUMAN	P01112	WT	WT	HRAS	0P	WT	None	None	GEF.CDC25	None	SP2-Unbound	I 4 2 2	167	1-166	2018-04-19	SP2	226.1663	0.0190	Unbound	Unbound	7,8,9,10,16,58,61,62,64,68,71,72,96	FMT,NA	Son of sevenless homolog 1	None	B:60,13,64,63,65,66,70,67,73,69,102,103,40,54,55,71,37,61,59,58,57,34,35,32,21,17,18,30,25,31,68,95,56,12,33,74,62,105	SOS1_HUMAN	None	None	None	RasGEF	None	B	None	None	None	FMT,NA	None	None	STP	XRAY	1.700	0.158	GMTEYKLVVVGAGGVGKSALTIQLIQNHFVDEYDPTIEDSYRKQVVIDGETCLLDILDTAGQEEYSAMRDQYMRTGEGFLCVFAINNTKSFEDIHQYREQIKRVKDSDDVPMVLVGNKCDLAARTVESRQAQDLARSYGIPYIETSAKTRQGVEDAFYTLVREIRQH	True	184.107	184.107	179.426	90.00	90.00	90.00	/Users/mitchellparker/Desktop/rascore_build/core/6d59C_core.cif	/Users/mitchellparker/Desktop/rascore_build/rcsb/6d59.cif.gz	/Users/mitchellparker/Desktop/rascore_build/renum/6d59_renum.cif	/Users/mitchellparker/Desktop/rascore_build/rcsb_assembly/6d59-assembly-1.cif.gz	/Users/mitchellparker/Desktop/rascore_build/renum_assembly/6d59-assembly-1_renum.cif	/Users/mitchellparker/Desktop/rascore_build/sifts/6d59.xml.gz	/Users/mitchellparker/Desktop/rascore_build/pocket/6d59C_1_pocket.pdb
6d59C	6d59	0	C	Y32out.0P-GEF	Y71out.0P-GEF	Y32out	Y71out	I 4 2 2 (CF2)	6d59C2	2	GTPase HRas	RASH_HUMAN	P01112	WT	WT	HRAS	0P	WT	None	None	GEF.CDC25	None	SP2-Unbound	I 4 2 2	167	1-166	2018-04-19	SP2	111.6287	0.0027	Unbound	Unbound	92,95,96,99	FMT,NA	Son of sevenless homolog 1	None	B:60,13,64,63,65,66,70,67,73,69,102,103,40,54,55,71,37,61,59,58,57,34,35,32,21,17,18,30,25,31,68,95,56,12,33,74,62,105	SOS1_HUMAN	None	None	None	RasGEF	None	B	None	None	None	FMT,NA	None	None	STP	XRAY	1.700	0.158	GMTEYKLVVVGAGGVGKSALTIQLIQNHFVDEYDPTIEDSYRKQVVIDGETCLLDILDTAGQEEYSAMRDQYMRTGEGFLCVFAINNTKSFEDIHQYREQIKRVKDSDDVPMVLVGNKCDLAARTVESRQAQDLARSYGIPYIETSAKTRQGVEDAFYTLVREIRQH	True	184.107	184.107	179.426	90.00	90.00	90.00	/Users/mitchellparker/Desktop/rascore_build/core/6d59C_core.cif	/Users/mitchellparker/Desktop/rascore_build/rcsb/6d59.cif.gz	/Users/mitchellparker/Desktop/rascore_build/renum/6d59_renum.cif	/Users/mitchellparker/Desktop/rascore_build/rcsb_assembly/6d59-assembly-1.cif.gz	/Users/mitchellparker/Desktop/rascore_build/renum_assembly/6d59-assembly-1_renum.cif	/Users/mitchellparker/Desktop/rascore_build/sifts/6d59.xml.gz	/Users/mitchellparker/Desktop/rascore_build/pocket/6d59C_2_pocket.pdb
6d59C	6d59	0	C	Y32out.0P-GEF	Y71out.0P-GEF	Y32out	Y71out	I 4 2 2 (CF2)	6d59C3	3	GTPase HRas	RASH_HUMAN	P01112	WT	WT	HRAS	0P	WT	None	None	GEF.CDC25	None	SP2-Unbound	I 4 2 2	167	1-166	2018-04-19	Other	506.4085	0.0001	Unbound	Unbound	128,131,132,134,135,138,139,140,141,162	FMT,NA	Son of sevenless homolog 1	None	B:60,13,64,63,65,66,70,67,73,69,102,103,40,54,55,71,37,61,59,58,57,34,35,32,21,17,18,30,25,31,68,95,56,12,33,74,62,105	SOS1_HUMAN	None	None	None	RasGEF	None	B	None	None	None	FMT,NA	None	None	STP	XRAY	1.700	0.158	GMTEYKLVVVGAGGVGKSALTIQLIQNHFVDEYDPTIEDSYRKQVVIDGETCLLDILDTAGQEEYSAMRDQYMRTGEGFLCVFAINNTKSFEDIHQYREQIKRVKDSDDVPMVLVGNKCDLAARTVESRQAQDLARSYGIPYIETSAKTRQGVEDAFYTLVREIRQH	True	184.107	184.107	179.426	90.00	90.00	90.00	/Users/mitchellparker/Desktop/rascore_build/core/6d59C_core.cif	/Users/mitchellparker/Desktop/rascore_build/rcsb/6d59.cif.gz	/Users/mitchellparker/Desktop/rascore_build/renum/6d59_renum.cif	/Users/mitchellparker/Desktop/rascore_build/rcsb_assembly/6d59-assembly-1.cif.gz	/Users/mitchellparker/Desktop/rascore_build/renum_assembly/6d59-assembly-1_renum.cif	/Users/mitchellparker/Desktop/rascore_build/sifts/6d59.xml.gz	/Users/mitchellparker/Desktop/rascore_build/pocket/6d59C_3_pocket.pdb
6d5eA	6d5e	0	A	Y32in.3P-ON	Y71in.3P-R	Y32in	Y71in	I 4 2 2 (CF2)	6d5eA1	1	GTPase HRas	RASH_HUMAN	P01112	Y64A	Y64	HRAS	3P	Other	None	None	GEF.REM	None	Other-Unbound	I 4 2 2	167	1-50:52-166	2018-04-19	Other	218.2138	0.0006	Unbound	Unbound	97,107,108,109,110,111,137,138,139,162,165,166	CSO,GNP,MG,CL	Son of sevenless homolog 1	None	B:70,37,39,56,66,67,36,34,38,33,63,61,35,31,27,26,25,149,22,153,43,50,1,45,44,41,42,24,28,71,152,73,74,147	SOS1_HUMAN	None	None	None	RasGEF	None	B	GNP	MG	None	CL,FMT	CSO	None	STP	XRAY	1.750	0.160	GMTEYKLVVVGAGGVGKSALTIQLIQNHFVDEYDPTIEDSYRKQVVIDGETCLLDILDTAGQEEASAMRDQYMRTGEGFLCVFAINNTKSFEDIHQYREQIKRVKDSDDVPMVLVGNKCDLAARTVESRQAQDLARSYGIPYIETSAKTRQGVEDAFYTLVREIRQH	True	183.613	183.613	179.178	90.00	90.00	90.00	/Users/mitchellparker/Desktop/rascore_build/core/6d5eA_core.cif	/Users/mitchellparker/Desktop/rascore_build/rcsb/6d5e.cif.gz	/Users/mitchellparker/Desktop/rascore_build/renum/6d5e_renum.cif	/Users/mitchellparker/Desktop/rascore_build/rcsb_assembly/6d5e-assembly-1.cif.gz	/Users/mitchellparker/Desktop/rascore_build/renum_assembly/6d5e-assembly-1_renum.cif	/Users/mitchellparker/Desktop/rascore_build/sifts/6d5e.xml.gz	/Users/mitchellparker/Desktop/rascore_build/pocket/6d5eA_1_pocket.pdb
6d5eC	6d5e	0	C	Y32out.0P-GEF	Y71out.0P-GEF	Y32out	Y71out	I 4 2 2 (CF2)	6d5eC1	1	GTPase HRas	RASH_HUMAN	P01112	WT	WT	HRAS	0P	WT	None	None	GEF.CDC25	None	SP2-Unbound	I 4 2 2	167	1-166	2018-04-19	SP2	236.1827	0.0140	Unbound	Unbound	7,8,9,10,16,58,61,62,64,68,71,72,96	CL,CL,NA	Son of sevenless homolog 1	None	B:60,13,63,64,65,66,70,67,73,69,102,103,40,54,55,71,37,61,59,58,57,34,35,32,21,17,18,31,25,30,68,95,56,74,146,33,12,105,62	SOS1_HUMAN	None	None	None	RasGEF	None	B	None	None	None	CL,FMT,NA	None	None	STP	XRAY	1.750	0.160	GMTEYKLVVVGAGGVGKSALTIQLIQNHFVDEYDPTIEDSYRKQVVIDGETCLLDILDTAGQEEYSAMRDQYMRTGEGFLCVFAINNTKSFEDIHQYREQIKRVKDSDDVPMVLVGNKCDLAARTVESRQAQDLARSYGIPYIETSAKTRQGVEDAFYTLVREIRQH	True	183.613	183.613	179.178	90.00	90.00	90.00	/Users/mitchellparker/Desktop/rascore_build/core/6d5eC_core.cif	/Users/mitchellparker/Desktop/rascore_build/rcsb/6d5e.cif.gz	/Users/mitchellparker/Desktop/rascore_build/renum/6d5e_renum.cif	/Users/mitchellparker/Desktop/rascore_build/rcsb_assembly/6d5e-assembly-1.cif.gz	/Users/mitchellparker/Desktop/rascore_build/renum_assembly/6d5e-assembly-1_renum.cif	/Users/mitchellparker/Desktop/rascore_build/sifts/6d5e.xml.gz	/Users/mitchellparker/Desktop/rascore_build/pocket/6d5eC_1_pocket.pdb
6d5eC	6d5e	0	C	Y32out.0P-GEF	Y71out.0P-GEF	Y32out	Y71out	I 4 2 2 (CF2)	6d5eC2	2	GTPase HRas	RASH_HUMAN	P01112	WT	WT	HRAS	0P	WT	None	None	GEF.CDC25	None	SP2-Unbound	I 4 2 2	167	1-166	2018-04-19	SP2	99.9086	0.0009	Unbound	Unbound	68,92,95,96	CL,CL,NA	Son of sevenless homolog 1	None	B:60,13,63,64,65,66,70,67,73,69,102,103,40,54,55,71,37,61,59,58,57,34,35,32,21,17,18,31,25,30,68,95,56,74,146,33,12,105,62	SOS1_HUMAN	None	None	None	RasGEF	None	B	None	None	None	CL,FMT,NA	None	None	STP	XRAY	1.750	0.160	GMTEYKLVVVGAGGVGKSALTIQLIQNHFVDEYDPTIEDSYRKQVVIDGETCLLDILDTAGQEEYSAMRDQYMRTGEGFLCVFAINNTKSFEDIHQYREQIKRVKDSDDVPMVLVGNKCDLAARTVESRQAQDLARSYGIPYIETSAKTRQGVEDAFYTLVREIRQH	True	183.613	183.613	179.178	90.00	90.00	90.00	/Users/mitchellparker/Desktop/rascore_build/core/6d5eC_core.cif	/Users/mitchellparker/Desktop/rascore_build/rcsb/6d5e.cif.gz	/Users/mitchellparker/Desktop/rascore_build/renum/6d5e_renum.cif	/Users/mitchellparker/Desktop/rascore_build/rcsb_assembly/6d5e-assembly-1.cif.gz	/Users/mitchellparker/Desktop/rascore_build/renum_assembly/6d5e-assembly-1_renum.cif	/Users/mitchellparker/Desktop/rascore_build/sifts/6d5e.xml.gz	/Users/mitchellparker/Desktop/rascore_build/pocket/6d5eC_2_pocket.pdb
6d5eC	6d5e	0	C	Y32out.0P-GEF	Y71out.0P-GEF	Y32out	Y71out	I 4 2 2 (CF2)	6d5eC3	3	GTPase HRas	RASH_HUMAN	P01112	WT	WT	HRAS	0P	WT	None	None	GEF.CDC25	None	SP2-Unbound	I 4 2 2	167	1-166	2018-04-19	Other	336.7220	0.0000	Unbound	Unbound	131,134,135,138,139,140,141,162	CL,CL,NA	Son of sevenless homolog 1	None	B:60,13,63,64,65,66,70,67,73,69,102,103,40,54,55,71,37,61,59,58,57,34,35,32,21,17,18,31,25,30,68,95,56,74,146,33,12,105,62	SOS1_HUMAN	None	None	None	RasGEF	None	B	None	None	None	CL,FMT,NA	None	None	STP	XRAY	1.750	0.160	GMTEYKLVVVGAGGVGKSALTIQLIQNHFVDEYDPTIEDSYRKQVVIDGETCLLDILDTAGQEEYSAMRDQYMRTGEGFLCVFAINNTKSFEDIHQYREQIKRVKDSDDVPMVLVGNKCDLAARTVESRQAQDLARSYGIPYIETSAKTRQGVEDAFYTLVREIRQH	True	183.613	183.613	179.178	90.00	90.00	90.00	/Users/mitchellparker/Desktop/rascore_build/core/6d5eC_core.cif	/Users/mitchellparker/Desktop/rascore_build/rcsb/6d5e.cif.gz	/Users/mitchellparker/Desktop/rascore_build/renum/6d5e_renum.cif	/Users/mitchellparker/Desktop/rascore_build/rcsb_assembly/6d5e-assembly-1.cif.gz	/Users/mitchellparker/Desktop/rascore_build/renum_assembly/6d5e-assembly-1_renum.cif	/Users/mitchellparker/Desktop/rascore_build/sifts/6d5e.xml.gz	/Users/mitchellparker/Desktop/rascore_build/pocket/6d5eC_3_pocket.pdb
6d5gA	6d5g	0	A	Y32in.3P-ON	Y71in.3P-R	Y32in	Y71in	I 4 2 2 (CF2)	6d5gA1	1	GTPase HRas	RASH_HUMAN	P01112	Y64A	Y64	HRAS	3P	Other	None	None	GEF.REM	None	SP12-Unbound	I 4 2 2	167	1-50:52-166	2018-04-19	SP12	132.1225	0.0005	Unbound	Unbound	5,6,7,39,54,55,56,74	CSO,GNP,MG,FMT,CL	Son of sevenless homolog 1	None	B:70,37,39,56,66,67,36,34,38,33,63,61,35,31,27,26,25,149,22,153,43,50,1,45,44,41,42,24,152,71,74,73	SOS1_HUMAN	None	None	None	RasGEF	None	B	GNP	MG	None	CL,FMT	CSO	None	STP	XRAY	1.920	0.156	GMTEYKLVVVGAGGVGKSALTIQLIQNHFVDEYDPTIEDSYRKQVVIDGETCLLDILDTAGQEEASAMRDQYMRTGEGFLCVFAINNTKSFEDIHQYREQIKRVKDSDDVPMVLVGNKCDLAARTVESRQAQDLARSYGIPYIETSAKTRQGVEDAFYTLVREIRQH	True	183.050	183.050	178.784	90.00	90.00	90.00	/Users/mitchellparker/Desktop/rascore_build/core/6d5gA_core.cif	/Users/mitchellparker/Desktop/rascore_build/rcsb/6d5g.cif.gz	/Users/mitchellparker/Desktop/rascore_build/renum/6d5g_renum.cif	/Users/mitchellparker/Desktop/rascore_build/rcsb_assembly/6d5g-assembly-1.cif.gz	/Users/mitchellparker/Desktop/rascore_build/renum_assembly/6d5g-assembly-1_renum.cif	/Users/mitchellparker/Desktop/rascore_build/sifts/6d5g.xml.gz	/Users/mitchellparker/Desktop/rascore_build/pocket/6d5gA_1_pocket.pdb
6d5gA	6d5g	0	A	Y32in.3P-ON	Y71in.3P-R	Y32in	Y71in	I 4 2 2 (CF2)	6d5gA2	2	GTPase HRas	RASH_HUMAN	P01112	Y64A	Y64	HRAS	3P	Other	None	None	GEF.REM	None	SP12-Unbound	I 4 2 2	167	1-50:52-166	2018-04-19	Other	332.6178	0.0006	Unbound	Unbound	73,74,75,76,104,106,109,110,163,166	CSO,GNP,MG,FMT,CL	Son of sevenless homolog 1	None	B:70,37,39,56,66,67,36,34,38,33,63,61,35,31,27,26,25,149,22,153,43,50,1,45,44,41,42,24,152,71,74,73	SOS1_HUMAN	None	None	None	RasGEF	None	B	GNP	MG	None	CL,FMT	CSO	None	STP	XRAY	1.920	0.156	GMTEYKLVVVGAGGVGKSALTIQLIQNHFVDEYDPTIEDSYRKQVVIDGETCLLDILDTAGQEEASAMRDQYMRTGEGFLCVFAINNTKSFEDIHQYREQIKRVKDSDDVPMVLVGNKCDLAARTVESRQAQDLARSYGIPYIETSAKTRQGVEDAFYTLVREIRQH	True	183.050	183.050	178.784	90.00	90.00	90.00	/Users/mitchellparker/Desktop/rascore_build/core/6d5gA_core.cif	/Users/mitchellparker/Desktop/rascore_build/rcsb/6d5g.cif.gz	/Users/mitchellparker/Desktop/rascore_build/renum/6d5g_renum.cif	/Users/mitchellparker/Desktop/rascore_build/rcsb_assembly/6d5g-assembly-1.cif.gz	/Users/mitchellparker/Desktop/rascore_build/renum_assembly/6d5g-assembly-1_renum.cif	/Users/mitchellparker/Desktop/rascore_build/sifts/6d5g.xml.gz	/Users/mitchellparker/Desktop/rascore_build/pocket/6d5gA_2_pocket.pdb
6d5gC	6d5g	0	C	Y32out.0P-GEF	Y71out.0P-GEF	Y32out	Y71out	I 4 2 2 (CF2)	6d5gC1	1	GTPase HRas	RASH_HUMAN	P01112	WT	WT	HRAS	0P	WT	None	None	GEF.CDC25	None	SP2-Unbound	I 4 2 2	167	1-166	2018-04-19	SP2	234.4356	0.0146	Unbound	Unbound	7,8,9,10,16,58,61,62,64,68,71,72,96	CL,CL,BME	Son of sevenless homolog 1	None	B:60,13,64,63,65,66,70,67,73,69,102,103,40,54,55,71,37,61,59,58,57,34,35,32,21,17,18,31,25,30,95,105,68,56,146,33,12,74,62	SOS1_HUMAN	None	None	None	RasGEF	None	B	None	None	None	BME,CL	None	None	STP	XRAY	1.920	0.156	GMTEYKLVVVGAGGVGKSALTIQLIQNHFVDEYDPTIEDSYRKQVVIDGETCLLDILDTAGQEEYSAMRDQYMRTGEGFLCVFAINNTKSFEDIHQYREQIKRVKDSDDVPMVLVGNKCDLAARTVESRQAQDLARSYGIPYIETSAKTRQGVEDAFYTLVREIRQH	True	183.050	183.050	178.784	90.00	90.00	90.00	/Users/mitchellparker/Desktop/rascore_build/core/6d5gC_core.cif	/Users/mitchellparker/Desktop/rascore_build/rcsb/6d5g.cif.gz	/Users/mitchellparker/Desktop/rascore_build/renum/6d5g_renum.cif	/Users/mitchellparker/Desktop/rascore_build/rcsb_assembly/6d5g-assembly-1.cif.gz	/Users/mitchellparker/Desktop/rascore_build/renum_assembly/6d5g-assembly-1_renum.cif	/Users/mitchellparker/Desktop/rascore_build/sifts/6d5g.xml.gz	/Users/mitchellparker/Desktop/rascore_build/pocket/6d5gC_1_pocket.pdb
6d5gC	6d5g	0	C	Y32out.0P-GEF	Y71out.0P-GEF	Y32out	Y71out	I 4 2 2 (CF2)	6d5gC2	2	GTPase HRas	RASH_HUMAN	P01112	WT	WT	HRAS	0P	WT	None	None	GEF.CDC25	None	SP2-Unbound	I 4 2 2	167	1-166	2018-04-19	Other	291.4547	0.0001	Unbound	Unbound	131,134,135,138,139,140,141,162	CL,CL,BME	Son of sevenless homolog 1	None	B:60,13,64,63,65,66,70,67,73,69,102,103,40,54,55,71,37,61,59,58,57,34,35,32,21,17,18,31,25,30,95,105,68,56,146,33,12,74,62	SOS1_HUMAN	None	None	None	RasGEF	None	B	None	None	None	BME,CL	None	None	STP	XRAY	1.920	0.156	GMTEYKLVVVGAGGVGKSALTIQLIQNHFVDEYDPTIEDSYRKQVVIDGETCLLDILDTAGQEEYSAMRDQYMRTGEGFLCVFAINNTKSFEDIHQYREQIKRVKDSDDVPMVLVGNKCDLAARTVESRQAQDLARSYGIPYIETSAKTRQGVEDAFYTLVREIRQH	True	183.050	183.050	178.784	90.00	90.00	90.00	/Users/mitchellparker/Desktop/rascore_build/core/6d5gC_core.cif	/Users/mitchellparker/Desktop/rascore_build/rcsb/6d5g.cif.gz	/Users/mitchellparker/Desktop/rascore_build/renum/6d5g_renum.cif	/Users/mitchellparker/Desktop/rascore_build/rcsb_assembly/6d5g-assembly-1.cif.gz	/Users/mitchellparker/Desktop/rascore_build/renum_assembly/6d5g-assembly-1_renum.cif	/Users/mitchellparker/Desktop/rascore_build/sifts/6d5g.xml.gz	/Users/mitchellparker/Desktop/rascore_build/pocket/6d5gC_2_pocket.pdb
6d5hA	6d5h	0	A	Y32in.3P-ON	Y71in.3P-R	Y32in	Y71in	I 4 2 2 (CF2)	6d5hA1	1	GTPase HRas	RASH_HUMAN	P01112	Y64A	Y64	HRAS	3P	Other	None	None	GEF.REM	None	SP12-Unbound	I 4 2 2	167	1-50:52-166	2018-04-19	SP12	159.4760	0.0014	Unbound	Unbound	5,6,7,39,54,55,56,74,75	CSO,GNP,MG,CL	Son of sevenless homolog 1	None	B:70,37,39,56,66,67,36,34,38,33,63,61,35,31,27,26,25,149,22,153,43,50,1,45,44,41,42,24,32,71,152,28,73,17,52,147	SOS1_HUMAN	None	None	None	RasGEF	None	B	GNP	MG	None	CL,FMT	CSO	None	STP	XRAY	1.800	0.168	GMTEYKLVVVGAGGVGKSALTIQLIQNHFVDEYDPTIEDSYRKQVVIDGETCLLDILDTAGQEEASAMRDQYMRTGEGFLCVFAINNTKSFEDIHQYREQIKRVKDSDDVPMVLVGNKCDLAARTVESRQAQDLARSYGIPYIETSAKTRQGVEDAFYTLVREIRQH	True	184.142	184.142	179.238	90.00	90.00	90.00	/Users/mitchellparker/Desktop/rascore_build/core/6d5hA_core.cif	/Users/mitchellparker/Desktop/rascore_build/rcsb/6d5h.cif.gz	/Users/mitchellparker/Desktop/rascore_build/renum/6d5h_renum.cif	/Users/mitchellparker/Desktop/rascore_build/rcsb_assembly/6d5h-assembly-1.cif.gz	/Users/mitchellparker/Desktop/rascore_build/renum_assembly/6d5h-assembly-1_renum.cif	/Users/mitchellparker/Desktop/rascore_build/sifts/6d5h.xml.gz	/Users/mitchellparker/Desktop/rascore_build/pocket/6d5hA_1_pocket.pdb
6d5hA	6d5h	0	A	Y32in.3P-ON	Y71in.3P-R	Y32in	Y71in	I 4 2 2 (CF2)	6d5hA2	2	GTPase HRas	RASH_HUMAN	P01112	Y64A	Y64	HRAS	3P	Other	None	None	GEF.REM	None	SP12-Unbound	I 4 2 2	167	1-50:52-166	2018-04-19	Other	337.1297	0.0009	Unbound	Unbound	73,74,75,76,104,106,109,110,163,166	CSO,GNP,MG,CL	Son of sevenless homolog 1	None	B:70,37,39,56,66,67,36,34,38,33,63,61,35,31,27,26,25,149,22,153,43,50,1,45,44,41,42,24,32,71,152,28,73,17,52,147	SOS1_HUMAN	None	None	None	RasGEF	None	B	GNP	MG	None	CL,FMT	CSO	None	STP	XRAY	1.800	0.168	GMTEYKLVVVGAGGVGKSALTIQLIQNHFVDEYDPTIEDSYRKQVVIDGETCLLDILDTAGQEEASAMRDQYMRTGEGFLCVFAINNTKSFEDIHQYREQIKRVKDSDDVPMVLVGNKCDLAARTVESRQAQDLARSYGIPYIETSAKTRQGVEDAFYTLVREIRQH	True	184.142	184.142	179.238	90.00	90.00	90.00	/Users/mitchellparker/Desktop/rascore_build/core/6d5hA_core.cif	/Users/mitchellparker/Desktop/rascore_build/rcsb/6d5h.cif.gz	/Users/mitchellparker/Desktop/rascore_build/renum/6d5h_renum.cif	/Users/mitchellparker/Desktop/rascore_build/rcsb_assembly/6d5h-assembly-1.cif.gz	/Users/mitchellparker/Desktop/rascore_build/renum_assembly/6d5h-assembly-1_renum.cif	/Users/mitchellparker/Desktop/rascore_build/sifts/6d5h.xml.gz	/Users/mitchellparker/Desktop/rascore_build/pocket/6d5hA_2_pocket.pdb
6d5hA	6d5h	0	A	Y32in.3P-ON	Y71in.3P-R	Y32in	Y71in	I 4 2 2 (CF2)	6d5hA3	3	GTPase HRas	RASH_HUMAN	P01112	Y64A	Y64	HRAS	3P	Other	None	None	GEF.REM	None	SP12-Unbound	I 4 2 2	167	1-50:52-166	2018-04-19	Other	191.0197	0.0002	Unbound	Unbound	97,107,108,109,110,111,137,138,139,162,166	CSO,GNP,MG,CL	Son of sevenless homolog 1	None	B:70,37,39,56,66,67,36,34,38,33,63,61,35,31,27,26,25,149,22,153,43,50,1,45,44,41,42,24,32,71,152,28,73,17,52,147	SOS1_HUMAN	None	None	None	RasGEF	None	B	GNP	MG	None	CL,FMT	CSO	None	STP	XRAY	1.800	0.168	GMTEYKLVVVGAGGVGKSALTIQLIQNHFVDEYDPTIEDSYRKQVVIDGETCLLDILDTAGQEEASAMRDQYMRTGEGFLCVFAINNTKSFEDIHQYREQIKRVKDSDDVPMVLVGNKCDLAARTVESRQAQDLARSYGIPYIETSAKTRQGVEDAFYTLVREIRQH	True	184.142	184.142	179.238	90.00	90.00	90.00	/Users/mitchellparker/Desktop/rascore_build/core/6d5hA_core.cif	/Users/mitchellparker/Desktop/rascore_build/rcsb/6d5h.cif.gz	/Users/mitchellparker/Desktop/rascore_build/renum/6d5h_renum.cif	/Users/mitchellparker/Desktop/rascore_build/rcsb_assembly/6d5h-assembly-1.cif.gz	/Users/mitchellparker/Desktop/rascore_build/renum_assembly/6d5h-assembly-1_renum.cif	/Users/mitchellparker/Desktop/rascore_build/sifts/6d5h.xml.gz	/Users/mitchellparker/Desktop/rascore_build/pocket/6d5hA_3_pocket.pdb
6d5hC	6d5h	0	C	Y32out.0P-GEF	Y71out.0P-GEF	Y32out	Y71out	I 4 2 2 (CF2)	6d5hC1	1	GTPase HRas	RASH_HUMAN	P01112	WT	WT	HRAS	0P	WT	None	None	GEF.CDC25	None	SP2-Unbound	I 4 2 2	167	1-166	2018-04-19	SP2	215.9124	0.0040	Unbound	Unbound	7,8,9,10,16,58,61,62,64,68,71,72,96	CL,CL	Son of sevenless homolog 1	None	B:60,13,64,63,65,66,70,67,73,69,102,103,40,54,55,56,71,37,61,59,58,57,34,35,32,21,17,18,31,25,30,95,105,68,33,146,12,62,74	SOS1_HUMAN	None	None	None	RasGEF	None	B	None	None	None	CL	None	None	STP	XRAY	1.800	0.168	GMTEYKLVVVGAGGVGKSALTIQLIQNHFVDEYDPTIEDSYRKQVVIDGETCLLDILDTAGQEEYSAMRDQYMRTGEGFLCVFAINNTKSFEDIHQYREQIKRVKDSDDVPMVLVGNKCDLAARTVESRQAQDLARSYGIPYIETSAKTRQGVEDAFYTLVREIRQH	True	184.142	184.142	179.238	90.00	90.00	90.00	/Users/mitchellparker/Desktop/rascore_build/core/6d5hC_core.cif	/Users/mitchellparker/Desktop/rascore_build/rcsb/6d5h.cif.gz	/Users/mitchellparker/Desktop/rascore_build/renum/6d5h_renum.cif	/Users/mitchellparker/Desktop/rascore_build/rcsb_assembly/6d5h-assembly-1.cif.gz	/Users/mitchellparker/Desktop/rascore_build/renum_assembly/6d5h-assembly-1_renum.cif	/Users/mitchellparker/Desktop/rascore_build/sifts/6d5h.xml.gz	/Users/mitchellparker/Desktop/rascore_build/pocket/6d5hC_1_pocket.pdb
6d5hC	6d5h	0	C	Y32out.0P-GEF	Y71out.0P-GEF	Y32out	Y71out	I 4 2 2 (CF2)	6d5hC2	2	GTPase HRas	RASH_HUMAN	P01112	WT	WT	HRAS	0P	WT	None	None	GEF.CDC25	None	SP2-Unbound	I 4 2 2	167	1-166	2018-04-19	SP2	154.9598	0.0035	Unbound	Unbound	92,95,96	CL,CL	Son of sevenless homolog 1	None	B:60,13,64,63,65,66,70,67,73,69,102,103,40,54,55,56,71,37,61,59,58,57,34,35,32,21,17,18,31,25,30,95,105,68,33,146,12,62,74	SOS1_HUMAN	None	None	None	RasGEF	None	B	None	None	None	CL	None	None	STP	XRAY	1.800	0.168	GMTEYKLVVVGAGGVGKSALTIQLIQNHFVDEYDPTIEDSYRKQVVIDGETCLLDILDTAGQEEYSAMRDQYMRTGEGFLCVFAINNTKSFEDIHQYREQIKRVKDSDDVPMVLVGNKCDLAARTVESRQAQDLARSYGIPYIETSAKTRQGVEDAFYTLVREIRQH	True	184.142	184.142	179.238	90.00	90.00	90.00	/Users/mitchellparker/Desktop/rascore_build/core/6d5hC_core.cif	/Users/mitchellparker/Desktop/rascore_build/rcsb/6d5h.cif.gz	/Users/mitchellparker/Desktop/rascore_build/renum/6d5h_renum.cif	/Users/mitchellparker/Desktop/rascore_build/rcsb_assembly/6d5h-assembly-1.cif.gz	/Users/mitchellparker/Desktop/rascore_build/renum_assembly/6d5h-assembly-1_renum.cif	/Users/mitchellparker/Desktop/rascore_build/sifts/6d5h.xml.gz	/Users/mitchellparker/Desktop/rascore_build/pocket/6d5hC_2_pocket.pdb
6d5hC	6d5h	0	C	Y32out.0P-GEF	Y71out.0P-GEF	Y32out	Y71out	I 4 2 2 (CF2)	6d5hC3	3	GTPase HRas	RASH_HUMAN	P01112	WT	WT	HRAS	0P	WT	None	None	GEF.CDC25	None	SP2-Unbound	I 4 2 2	167	1-166	2018-04-19	Other	342.2330	0.0000	Unbound	Unbound	131,134,135,138,139,140,141,162	CL,CL	Son of sevenless homolog 1	None	B:60,13,64,63,65,66,70,67,73,69,102,103,40,54,55,56,71,37,61,59,58,57,34,35,32,21,17,18,31,25,30,95,105,68,33,146,12,62,74	SOS1_HUMAN	None	None	None	RasGEF	None	B	None	None	None	CL	None	None	STP	XRAY	1.800	0.168	GMTEYKLVVVGAGGVGKSALTIQLIQNHFVDEYDPTIEDSYRKQVVIDGETCLLDILDTAGQEEYSAMRDQYMRTGEGFLCVFAINNTKSFEDIHQYREQIKRVKDSDDVPMVLVGNKCDLAARTVESRQAQDLARSYGIPYIETSAKTRQGVEDAFYTLVREIRQH	True	184.142	184.142	179.238	90.00	90.00	90.00	/Users/mitchellparker/Desktop/rascore_build/core/6d5hC_core.cif	/Users/mitchellparker/Desktop/rascore_build/rcsb/6d5h.cif.gz	/Users/mitchellparker/Desktop/rascore_build/renum/6d5h_renum.cif	/Users/mitchellparker/Desktop/rascore_build/rcsb_assembly/6d5h-assembly-1.cif.gz	/Users/mitchellparker/Desktop/rascore_build/renum_assembly/6d5h-assembly-1_renum.cif	/Users/mitchellparker/Desktop/rascore_build/sifts/6d5h.xml.gz	/Users/mitchellparker/Desktop/rascore_build/pocket/6d5hC_3_pocket.pdb
6d5jA	6d5j	0	A	Y32in.3P-ON	Y71in.3P-R	Y32in	Y71in	I 4 2 2 (CF2)	6d5jA1	1	GTPase HRas	RASH_HUMAN	P01112	Y64A	Y64	HRAS	3P	Other	None	None	GEF.REM	None	SP12-Unbound	I 4 2 2	167	1-50:52-166	2018-04-19	SP12	150.2156	0.0010	Unbound	Unbound	5,6,7,39,54,55,56,74	CSO,GNP,MG	Son of sevenless homolog 1	None	B:70,37,39,56,66,67,36,34,38,33,63,61,35,31,27,26,25,149,22,153,43,50,1,45,44,41,42,24,71,28,152,73	SOS1_HUMAN	None	None	None	RasGEF	None	B	GNP	MG	None	FMT	CSO	None	STP	XRAY	1.751	0.158	GMTEYKLVVVGAGGVGKSALTIQLIQNHFVDEYDPTIEDSYRKQVVIDGETCLLDILDTAGQEEASAMRDQYMRTGEGFLCVFAINNTKSFEDIHQYREQIKRVKDSDDVPMVLVGNKCDLAARTVESRQAQDLARSYGIPYIETSAKTRQGVEDAFYTLVREIRQH	True	183.627	183.627	179.056	90.00	90.00	90.00	/Users/mitchellparker/Desktop/rascore_build/core/6d5jA_core.cif	/Users/mitchellparker/Desktop/rascore_build/rcsb/6d5j.cif.gz	/Users/mitchellparker/Desktop/rascore_build/renum/6d5j_renum.cif	/Users/mitchellparker/Desktop/rascore_build/rcsb_assembly/6d5j-assembly-1.cif.gz	/Users/mitchellparker/Desktop/rascore_build/renum_assembly/6d5j-assembly-1_renum.cif	/Users/mitchellparker/Desktop/rascore_build/sifts/6d5j.xml.gz	/Users/mitchellparker/Desktop/rascore_build/pocket/6d5jA_1_pocket.pdb
6d5jA	6d5j	0	A	Y32in.3P-ON	Y71in.3P-R	Y32in	Y71in	I 4 2 2 (CF2)	6d5jA2	2	GTPase HRas	RASH_HUMAN	P01112	Y64A	Y64	HRAS	3P	Other	None	None	GEF.REM	None	SP12-Unbound	I 4 2 2	167	1-50:52-166	2018-04-19	Other	185.2574	0.0003	Unbound	Unbound	97,107,108,109,110,111,137,138,139,162,166	CSO,GNP,MG	Son of sevenless homolog 1	None	B:70,37,39,56,66,67,36,34,38,33,63,61,35,31,27,26,25,149,22,153,43,50,1,45,44,41,42,24,71,28,152,73	SOS1_HUMAN	None	None	None	RasGEF	None	B	GNP	MG	None	FMT	CSO	None	STP	XRAY	1.751	0.158	GMTEYKLVVVGAGGVGKSALTIQLIQNHFVDEYDPTIEDSYRKQVVIDGETCLLDILDTAGQEEASAMRDQYMRTGEGFLCVFAINNTKSFEDIHQYREQIKRVKDSDDVPMVLVGNKCDLAARTVESRQAQDLARSYGIPYIETSAKTRQGVEDAFYTLVREIRQH	True	183.627	183.627	179.056	90.00	90.00	90.00	/Users/mitchellparker/Desktop/rascore_build/core/6d5jA_core.cif	/Users/mitchellparker/Desktop/rascore_build/rcsb/6d5j.cif.gz	/Users/mitchellparker/Desktop/rascore_build/renum/6d5j_renum.cif	/Users/mitchellparker/Desktop/rascore_build/rcsb_assembly/6d5j-assembly-1.cif.gz	/Users/mitchellparker/Desktop/rascore_build/renum_assembly/6d5j-assembly-1_renum.cif	/Users/mitchellparker/Desktop/rascore_build/sifts/6d5j.xml.gz	/Users/mitchellparker/Desktop/rascore_build/pocket/6d5jA_2_pocket.pdb
6d5jA	6d5j	0	A	Y32in.3P-ON	Y71in.3P-R	Y32in	Y71in	I 4 2 2 (CF2)	6d5jA3	3	GTPase HRas	RASH_HUMAN	P01112	Y64A	Y64	HRAS	3P	Other	None	None	GEF.REM	None	SP12-Unbound	I 4 2 2	167	1-50:52-166	2018-04-19	Other	329.8062	0.0012	Unbound	Unbound	73,74,75,76,104,106,109,110,163,166	CSO,GNP,MG	Son of sevenless homolog 1	None	B:70,37,39,56,66,67,36,34,38,33,63,61,35,31,27,26,25,149,22,153,43,50,1,45,44,41,42,24,71,28,152,73	SOS1_HUMAN	None	None	None	RasGEF	None	B	GNP	MG	None	FMT	CSO	None	STP	XRAY	1.751	0.158	GMTEYKLVVVGAGGVGKSALTIQLIQNHFVDEYDPTIEDSYRKQVVIDGETCLLDILDTAGQEEASAMRDQYMRTGEGFLCVFAINNTKSFEDIHQYREQIKRVKDSDDVPMVLVGNKCDLAARTVESRQAQDLARSYGIPYIETSAKTRQGVEDAFYTLVREIRQH	True	183.627	183.627	179.056	90.00	90.00	90.00	/Users/mitchellparker/Desktop/rascore_build/core/6d5jA_core.cif	/Users/mitchellparker/Desktop/rascore_build/rcsb/6d5j.cif.gz	/Users/mitchellparker/Desktop/rascore_build/renum/6d5j_renum.cif	/Users/mitchellparker/Desktop/rascore_build/rcsb_assembly/6d5j-assembly-1.cif.gz	/Users/mitchellparker/Desktop/rascore_build/renum_assembly/6d5j-assembly-1_renum.cif	/Users/mitchellparker/Desktop/rascore_build/sifts/6d5j.xml.gz	/Users/mitchellparker/Desktop/rascore_build/pocket/6d5jA_3_pocket.pdb
6d5jC	6d5j	0	C	Y32out.0P-GEF	Y71out.0P-GEF	Y32out	Y71out	I 4 2 2 (CF2)	6d5jC1	1	GTPase HRas	RASH_HUMAN	P01112	WT	WT	HRAS	0P	WT	None	None	GEF.CDC25	None	SP2-Unbound	I 4 2 2	167	1-166	2018-04-19	SP2	239.5931	0.0245	Unbound	Unbound	7,8,9,10,16,58,61,62,64,68,71,72,96	FMT,NA	Son of sevenless homolog 1	None	B:60,13,64,63,65,66,70,67,73,69,102,103,40,54,55,71,37,61,59,58,57,34,35,32,21,17,18,31,25,30,68,95,56,146,33,74,12,62,105	SOS1_HUMAN	None	None	None	RasGEF	None	B	None	None	None	FMT,NA	None	None	STP	XRAY	1.751	0.158	GMTEYKLVVVGAGGVGKSALTIQLIQNHFVDEYDPTIEDSYRKQVVIDGETCLLDILDTAGQEEYSAMRDQYMRTGEGFLCVFAINNTKSFEDIHQYREQIKRVKDSDDVPMVLVGNKCDLAARTVESRQAQDLARSYGIPYIETSAKTRQGVEDAFYTLVREIRQH	True	183.627	183.627	179.056	90.00	90.00	90.00	/Users/mitchellparker/Desktop/rascore_build/core/6d5jC_core.cif	/Users/mitchellparker/Desktop/rascore_build/rcsb/6d5j.cif.gz	/Users/mitchellparker/Desktop/rascore_build/renum/6d5j_renum.cif	/Users/mitchellparker/Desktop/rascore_build/rcsb_assembly/6d5j-assembly-1.cif.gz	/Users/mitchellparker/Desktop/rascore_build/renum_assembly/6d5j-assembly-1_renum.cif	/Users/mitchellparker/Desktop/rascore_build/sifts/6d5j.xml.gz	/Users/mitchellparker/Desktop/rascore_build/pocket/6d5jC_1_pocket.pdb
6d5jC	6d5j	0	C	Y32out.0P-GEF	Y71out.0P-GEF	Y32out	Y71out	I 4 2 2 (CF2)	6d5jC2	2	GTPase HRas	RASH_HUMAN	P01112	WT	WT	HRAS	0P	WT	None	None	GEF.CDC25	None	SP2-Unbound	I 4 2 2	167	1-166	2018-04-19	SP2	112.1796	0.0032	Unbound	Unbound	92,95,96,99	FMT,NA	Son of sevenless homolog 1	None	B:60,13,64,63,65,66,70,67,73,69,102,103,40,54,55,71,37,61,59,58,57,34,35,32,21,17,18,31,25,30,68,95,56,146,33,74,12,62,105	SOS1_HUMAN	None	None	None	RasGEF	None	B	None	None	None	FMT,NA	None	None	STP	XRAY	1.751	0.158	GMTEYKLVVVGAGGVGKSALTIQLIQNHFVDEYDPTIEDSYRKQVVIDGETCLLDILDTAGQEEYSAMRDQYMRTGEGFLCVFAINNTKSFEDIHQYREQIKRVKDSDDVPMVLVGNKCDLAARTVESRQAQDLARSYGIPYIETSAKTRQGVEDAFYTLVREIRQH	True	183.627	183.627	179.056	90.00	90.00	90.00	/Users/mitchellparker/Desktop/rascore_build/core/6d5jC_core.cif	/Users/mitchellparker/Desktop/rascore_build/rcsb/6d5j.cif.gz	/Users/mitchellparker/Desktop/rascore_build/renum/6d5j_renum.cif	/Users/mitchellparker/Desktop/rascore_build/rcsb_assembly/6d5j-assembly-1.cif.gz	/Users/mitchellparker/Desktop/rascore_build/renum_assembly/6d5j-assembly-1_renum.cif	/Users/mitchellparker/Desktop/rascore_build/sifts/6d5j.xml.gz	/Users/mitchellparker/Desktop/rascore_build/pocket/6d5jC_2_pocket.pdb
6d5jC	6d5j	0	C	Y32out.0P-GEF	Y71out.0P-GEF	Y32out	Y71out	I 4 2 2 (CF2)	6d5jC3	3	GTPase HRas	RASH_HUMAN	P01112	WT	WT	HRAS	0P	WT	None	None	GEF.CDC25	None	SP2-Unbound	I 4 2 2	167	1-166	2018-04-19	Other	335.2313	0.0000	Unbound	Unbound	131,134,135,138,139,140,141,162	FMT,NA	Son of sevenless homolog 1	None	B:60,13,64,63,65,66,70,67,73,69,102,103,40,54,55,71,37,61,59,58,57,34,35,32,21,17,18,31,25,30,68,95,56,146,33,74,12,62,105	SOS1_HUMAN	None	None	None	RasGEF	None	B	None	None	None	FMT,NA	None	None	STP	XRAY	1.751	0.158	GMTEYKLVVVGAGGVGKSALTIQLIQNHFVDEYDPTIEDSYRKQVVIDGETCLLDILDTAGQEEYSAMRDQYMRTGEGFLCVFAINNTKSFEDIHQYREQIKRVKDSDDVPMVLVGNKCDLAARTVESRQAQDLARSYGIPYIETSAKTRQGVEDAFYTLVREIRQH	True	183.627	183.627	179.056	90.00	90.00	90.00	/Users/mitchellparker/Desktop/rascore_build/core/6d5jC_core.cif	/Users/mitchellparker/Desktop/rascore_build/rcsb/6d5j.cif.gz	/Users/mitchellparker/Desktop/rascore_build/renum/6d5j_renum.cif	/Users/mitchellparker/Desktop/rascore_build/rcsb_assembly/6d5j-assembly-1.cif.gz	/Users/mitchellparker/Desktop/rascore_build/renum_assembly/6d5j-assembly-1_renum.cif	/Users/mitchellparker/Desktop/rascore_build/sifts/6d5j.xml.gz	/Users/mitchellparker/Desktop/rascore_build/pocket/6d5jC_3_pocket.pdb
6d5lA	6d5l	0	A	Y32in.3P-ON	Y71in.3P-R	Y32in	Y71in	I 4 2 2 (CF2)	6d5lA1	1	GTPase HRas	RASH_HUMAN	P01112	Y64A	Y64	HRAS	3P	Other	None	None	GEF.REM	None	SP12-Unbound	I 4 2 2	167	1-50:52-166	2018-04-19	SP12	144.5049	0.0006	Unbound	Unbound	5,6,7,39,54,55,56,74	CSO,GNP,MG,FMT	Son of sevenless homolog 1	None	B:70,37,39,56,66,67,36,34,38,33,63,61,35,64,31,27,26,25,149,22,153,43,50,1,45,44,41,42,24,28,152,73,40,32,148,74	SOS1_HUMAN	None	None	None	RasGEF	None	B	GNP	MG	None	FMT	CSO	None	STP	XRAY	1.700	0.159	GMTEYKLVVVGAGGVGKSALTIQLIQNHFVDEYDPTIEDSYRKQVVIDGETCLLDILDTAGQEEASAMRDQYMRTGEGFLCVFAINNTKSFEDIHQYREQIKRVKDSDDVPMVLVGNKCDLAARTVESRQAQDLARSYGIPYIETSAKTRQGVEDAFYTLVREIRQH	True	183.757	183.757	178.445	90.00	90.00	90.00	/Users/mitchellparker/Desktop/rascore_build/core/6d5lA_core.cif	/Users/mitchellparker/Desktop/rascore_build/rcsb/6d5l.cif.gz	/Users/mitchellparker/Desktop/rascore_build/renum/6d5l_renum.cif	/Users/mitchellparker/Desktop/rascore_build/rcsb_assembly/6d5l-assembly-1.cif.gz	/Users/mitchellparker/Desktop/rascore_build/renum_assembly/6d5l-assembly-1_renum.cif	/Users/mitchellparker/Desktop/rascore_build/sifts/6d5l.xml.gz	/Users/mitchellparker/Desktop/rascore_build/pocket/6d5lA_1_pocket.pdb
6d5lA	6d5l	0	A	Y32in.3P-ON	Y71in.3P-R	Y32in	Y71in	I 4 2 2 (CF2)	6d5lA2	2	GTPase HRas	RASH_HUMAN	P01112	Y64A	Y64	HRAS	3P	Other	None	None	GEF.REM	None	SP12-Unbound	I 4 2 2	167	1-50:52-166	2018-04-19	Other	268.2295	0.0007	Unbound	Unbound	73,74,75,76,104,109,110,163,166	CSO,GNP,MG,FMT	Son of sevenless homolog 1	None	B:70,37,39,56,66,67,36,34,38,33,63,61,35,64,31,27,26,25,149,22,153,43,50,1,45,44,41,42,24,28,152,73,40,32,148,74	SOS1_HUMAN	None	None	None	RasGEF	None	B	GNP	MG	None	FMT	CSO	None	STP	XRAY	1.700	0.159	GMTEYKLVVVGAGGVGKSALTIQLIQNHFVDEYDPTIEDSYRKQVVIDGETCLLDILDTAGQEEASAMRDQYMRTGEGFLCVFAINNTKSFEDIHQYREQIKRVKDSDDVPMVLVGNKCDLAARTVESRQAQDLARSYGIPYIETSAKTRQGVEDAFYTLVREIRQH	True	183.757	183.757	178.445	90.00	90.00	90.00	/Users/mitchellparker/Desktop/rascore_build/core/6d5lA_core.cif	/Users/mitchellparker/Desktop/rascore_build/rcsb/6d5l.cif.gz	/Users/mitchellparker/Desktop/rascore_build/renum/6d5l_renum.cif	/Users/mitchellparker/Desktop/rascore_build/rcsb_assembly/6d5l-assembly-1.cif.gz	/Users/mitchellparker/Desktop/rascore_build/renum_assembly/6d5l-assembly-1_renum.cif	/Users/mitchellparker/Desktop/rascore_build/sifts/6d5l.xml.gz	/Users/mitchellparker/Desktop/rascore_build/pocket/6d5lA_2_pocket.pdb
6d5lA	6d5l	0	A	Y32in.3P-ON	Y71in.3P-R	Y32in	Y71in	I 4 2 2 (CF2)	6d5lA3	3	GTPase HRas	RASH_HUMAN	P01112	Y64A	Y64	HRAS	3P	Other	None	None	GEF.REM	None	SP12-Unbound	I 4 2 2	167	1-50:52-166	2018-04-19	Other	197.5791	0.0003	Unbound	Unbound	97,108,109,110,111,137,138,139,162,166	CSO,GNP,MG,FMT	Son of sevenless homolog 1	None	B:70,37,39,56,66,67,36,34,38,33,63,61,35,64,31,27,26,25,149,22,153,43,50,1,45,44,41,42,24,28,152,73,40,32,148,74	SOS1_HUMAN	None	None	None	RasGEF	None	B	GNP	MG	None	FMT	CSO	None	STP	XRAY	1.700	0.159	GMTEYKLVVVGAGGVGKSALTIQLIQNHFVDEYDPTIEDSYRKQVVIDGETCLLDILDTAGQEEASAMRDQYMRTGEGFLCVFAINNTKSFEDIHQYREQIKRVKDSDDVPMVLVGNKCDLAARTVESRQAQDLARSYGIPYIETSAKTRQGVEDAFYTLVREIRQH	True	183.757	183.757	178.445	90.00	90.00	90.00	/Users/mitchellparker/Desktop/rascore_build/core/6d5lA_core.cif	/Users/mitchellparker/Desktop/rascore_build/rcsb/6d5l.cif.gz	/Users/mitchellparker/Desktop/rascore_build/renum/6d5l_renum.cif	/Users/mitchellparker/Desktop/rascore_build/rcsb_assembly/6d5l-assembly-1.cif.gz	/Users/mitchellparker/Desktop/rascore_build/renum_assembly/6d5l-assembly-1_renum.cif	/Users/mitchellparker/Desktop/rascore_build/sifts/6d5l.xml.gz	/Users/mitchellparker/Desktop/rascore_build/pocket/6d5lA_3_pocket.pdb
6d5lC	6d5l	0	C	Y32out.0P-GEF	Y71out.0P-GEF	Y32out	Y71out	I 4 2 2 (CF2)	6d5lC1	1	GTPase HRas	RASH_HUMAN	P01112	WT	WT	HRAS	0P	WT	None	None	GEF.CDC25	None	SP2-Unbound	I 4 2 2	167	1-166	2018-04-19	SP2	218.4257	0.0064	Unbound	Unbound	7,8,9,10,16,58,61,62,64,68,71,72,96	FMT,NA	Son of sevenless homolog 1	None	B:60,13,64,63,65,66,70,67,73,69,102,103,40,54,55,71,37,61,59,58,57,34,35,32,21,17,18,31,25,30,68,95,105,56,146,33,12,74,62	SOS1_HUMAN	None	None	None	RasGEF	None	B	None	None	None	FMT,NA	None	None	STP	XRAY	1.700	0.159	GMTEYKLVVVGAGGVGKSALTIQLIQNHFVDEYDPTIEDSYRKQVVIDGETCLLDILDTAGQEEYSAMRDQYMRTGEGFLCVFAINNTKSFEDIHQYREQIKRVKDSDDVPMVLVGNKCDLAARTVESRQAQDLARSYGIPYIETSAKTRQGVEDAFYTLVREIRQH	True	183.757	183.757	178.445	90.00	90.00	90.00	/Users/mitchellparker/Desktop/rascore_build/core/6d5lC_core.cif	/Users/mitchellparker/Desktop/rascore_build/rcsb/6d5l.cif.gz	/Users/mitchellparker/Desktop/rascore_build/renum/6d5l_renum.cif	/Users/mitchellparker/Desktop/rascore_build/rcsb_assembly/6d5l-assembly-1.cif.gz	/Users/mitchellparker/Desktop/rascore_build/renum_assembly/6d5l-assembly-1_renum.cif	/Users/mitchellparker/Desktop/rascore_build/sifts/6d5l.xml.gz	/Users/mitchellparker/Desktop/rascore_build/pocket/6d5lC_1_pocket.pdb
6d5lC	6d5l	0	C	Y32out.0P-GEF	Y71out.0P-GEF	Y32out	Y71out	I 4 2 2 (CF2)	6d5lC2	2	GTPase HRas	RASH_HUMAN	P01112	WT	WT	HRAS	0P	WT	None	None	GEF.CDC25	None	SP2-Unbound	I 4 2 2	167	1-166	2018-04-19	SP2	136.8380	0.0028	Unbound	Unbound	92,95,96,99	FMT,NA	Son of sevenless homolog 1	None	B:60,13,64,63,65,66,70,67,73,69,102,103,40,54,55,71,37,61,59,58,57,34,35,32,21,17,18,31,25,30,68,95,105,56,146,33,12,74,62	SOS1_HUMAN	None	None	None	RasGEF	None	B	None	None	None	FMT,NA	None	None	STP	XRAY	1.700	0.159	GMTEYKLVVVGAGGVGKSALTIQLIQNHFVDEYDPTIEDSYRKQVVIDGETCLLDILDTAGQEEYSAMRDQYMRTGEGFLCVFAINNTKSFEDIHQYREQIKRVKDSDDVPMVLVGNKCDLAARTVESRQAQDLARSYGIPYIETSAKTRQGVEDAFYTLVREIRQH	True	183.757	183.757	178.445	90.00	90.00	90.00	/Users/mitchellparker/Desktop/rascore_build/core/6d5lC_core.cif	/Users/mitchellparker/Desktop/rascore_build/rcsb/6d5l.cif.gz	/Users/mitchellparker/Desktop/rascore_build/renum/6d5l_renum.cif	/Users/mitchellparker/Desktop/rascore_build/rcsb_assembly/6d5l-assembly-1.cif.gz	/Users/mitchellparker/Desktop/rascore_build/renum_assembly/6d5l-assembly-1_renum.cif	/Users/mitchellparker/Desktop/rascore_build/sifts/6d5l.xml.gz	/Users/mitchellparker/Desktop/rascore_build/pocket/6d5lC_2_pocket.pdb
6d5lC	6d5l	0	C	Y32out.0P-GEF	Y71out.0P-GEF	Y32out	Y71out	I 4 2 2 (CF2)	6d5lC3	3	GTPase HRas	RASH_HUMAN	P01112	WT	WT	HRAS	0P	WT	None	None	GEF.CDC25	None	SP2-Unbound	I 4 2 2	167	1-166	2018-04-19	Other	502.2084	0.0001	Unbound	Unbound	128,131,132,134,135,138,139,140,141,162	FMT,NA	Son of sevenless homolog 1	None	B:60,13,64,63,65,66,70,67,73,69,102,103,40,54,55,71,37,61,59,58,57,34,35,32,21,17,18,31,25,30,68,95,105,56,146,33,12,74,62	SOS1_HUMAN	None	None	None	RasGEF	None	B	None	None	None	FMT,NA	None	None	STP	XRAY	1.700	0.159	GMTEYKLVVVGAGGVGKSALTIQLIQNHFVDEYDPTIEDSYRKQVVIDGETCLLDILDTAGQEEYSAMRDQYMRTGEGFLCVFAINNTKSFEDIHQYREQIKRVKDSDDVPMVLVGNKCDLAARTVESRQAQDLARSYGIPYIETSAKTRQGVEDAFYTLVREIRQH	True	183.757	183.757	178.445	90.00	90.00	90.00	/Users/mitchellparker/Desktop/rascore_build/core/6d5lC_core.cif	/Users/mitchellparker/Desktop/rascore_build/rcsb/6d5l.cif.gz	/Users/mitchellparker/Desktop/rascore_build/renum/6d5l_renum.cif	/Users/mitchellparker/Desktop/rascore_build/rcsb_assembly/6d5l-assembly-1.cif.gz	/Users/mitchellparker/Desktop/rascore_build/renum_assembly/6d5l-assembly-1_renum.cif	/Users/mitchellparker/Desktop/rascore_build/sifts/6d5l.xml.gz	/Users/mitchellparker/Desktop/rascore_build/pocket/6d5lC_3_pocket.pdb
6d5mQ	6d5m	0	Q	Y32in.3P-ON	Y71in.3P-R	Y32in	Y71in	I 4 2 2 (CF2)	6d5mQ1	1	GTPase HRas	RASH_HUMAN	P01112	Y64A	Y64	HRAS	3P	Other	None	None	GEF.REM	None	SP12-Unbound	I 4 2 2	167	1-166	2018-04-19	SP12	93.9285	0.0012	Unbound	Unbound	5,6,7,39,54,55,56,74,75	MG,GNP	Son of sevenless homolog 1	None	S:70,37,39,56,66,67,36,34,38,33,63,61,35,31,26,27,25,149,22,148,43,50,1,45,44,41,42,24,28,73	SOS1_HUMAN	None	None	None	RasGEF	None	S	GNP	MG	None	None	None	None	STP	XRAY	2.081	0.170	GMTEYKLVVVGAGGVGKSALTIQLIQNHFVDEYDPTIEDSYRKQVVIDGETCLLDILDTAGQEEASAMRDQYMRTGEGFLCVFAINNTKSFEDIHQYREQIKRVKDSDDVPMVLVGNKCDLAARTVESRQAQDLARSYGIPYIETSAKTRQGVEDAFYTLVREIRQH	True	183.134	183.134	178.329	90.00	90.00	90.00	/Users/mitchellparker/Desktop/rascore_build/core/6d5mQ_core.cif	/Users/mitchellparker/Desktop/rascore_build/rcsb/6d5m.cif.gz	/Users/mitchellparker/Desktop/rascore_build/renum/6d5m_renum.cif	/Users/mitchellparker/Desktop/rascore_build/rcsb_assembly/6d5m-assembly-1.cif.gz	/Users/mitchellparker/Desktop/rascore_build/renum_assembly/6d5m-assembly-1_renum.cif	/Users/mitchellparker/Desktop/rascore_build/sifts/6d5m.xml.gz	/Users/mitchellparker/Desktop/rascore_build/pocket/6d5mQ_1_pocket.pdb
6d5mQ	6d5m	0	Q	Y32in.3P-ON	Y71in.3P-R	Y32in	Y71in	I 4 2 2 (CF2)	6d5mQ2	2	GTPase HRas	RASH_HUMAN	P01112	Y64A	Y64	HRAS	3P	Other	None	None	GEF.REM	None	SP12-Unbound	I 4 2 2	167	1-166	2018-04-19	Other	274.1697	0.0004	Unbound	Unbound	97,107,108,109,110,111,137,138,139,162,165,166	MG,GNP	Son of sevenless homolog 1	None	S:70,37,39,56,66,67,36,34,38,33,63,61,35,31,26,27,25,149,22,148,43,50,1,45,44,41,42,24,28,73	SOS1_HUMAN	None	None	None	RasGEF	None	S	GNP	MG	None	None	None	None	STP	XRAY	2.081	0.170	GMTEYKLVVVGAGGVGKSALTIQLIQNHFVDEYDPTIEDSYRKQVVIDGETCLLDILDTAGQEEASAMRDQYMRTGEGFLCVFAINNTKSFEDIHQYREQIKRVKDSDDVPMVLVGNKCDLAARTVESRQAQDLARSYGIPYIETSAKTRQGVEDAFYTLVREIRQH	True	183.134	183.134	178.329	90.00	90.00	90.00	/Users/mitchellparker/Desktop/rascore_build/core/6d5mQ_core.cif	/Users/mitchellparker/Desktop/rascore_build/rcsb/6d5m.cif.gz	/Users/mitchellparker/Desktop/rascore_build/renum/6d5m_renum.cif	/Users/mitchellparker/Desktop/rascore_build/rcsb_assembly/6d5m-assembly-1.cif.gz	/Users/mitchellparker/Desktop/rascore_build/renum_assembly/6d5m-assembly-1_renum.cif	/Users/mitchellparker/Desktop/rascore_build/sifts/6d5m.xml.gz	/Users/mitchellparker/Desktop/rascore_build/pocket/6d5mQ_2_pocket.pdb
6d5mQ	6d5m	0	Q	Y32in.3P-ON	Y71in.3P-R	Y32in	Y71in	I 4 2 2 (CF2)	6d5mQ3	3	GTPase HRas	RASH_HUMAN	P01112	Y64A	Y64	HRAS	3P	Other	None	None	GEF.REM	None	SP12-Unbound	I 4 2 2	167	1-166	2018-04-19	Other	397.9753	0.0041	Unbound	Unbound	73,74,75,76,104,106,108,109,110,163,166	MG,GNP	Son of sevenless homolog 1	None	S:70,37,39,56,66,67,36,34,38,33,63,61,35,31,26,27,25,149,22,148,43,50,1,45,44,41,42,24,28,73	SOS1_HUMAN	None	None	None	RasGEF	None	S	GNP	MG	None	None	None	None	STP	XRAY	2.081	0.170	GMTEYKLVVVGAGGVGKSALTIQLIQNHFVDEYDPTIEDSYRKQVVIDGETCLLDILDTAGQEEASAMRDQYMRTGEGFLCVFAINNTKSFEDIHQYREQIKRVKDSDDVPMVLVGNKCDLAARTVESRQAQDLARSYGIPYIETSAKTRQGVEDAFYTLVREIRQH	True	183.134	183.134	178.329	90.00	90.00	90.00	/Users/mitchellparker/Desktop/rascore_build/core/6d5mQ_core.cif	/Users/mitchellparker/Desktop/rascore_build/rcsb/6d5m.cif.gz	/Users/mitchellparker/Desktop/rascore_build/renum/6d5m_renum.cif	/Users/mitchellparker/Desktop/rascore_build/rcsb_assembly/6d5m-assembly-1.cif.gz	/Users/mitchellparker/Desktop/rascore_build/renum_assembly/6d5m-assembly-1_renum.cif	/Users/mitchellparker/Desktop/rascore_build/sifts/6d5m.xml.gz	/Users/mitchellparker/Desktop/rascore_build/pocket/6d5mQ_3_pocket.pdb
6d5mR	6d5m	0	R	Outlier	Y71out.0P-GEF	Y32out	Y71out	I 4 2 2 (CF2)	6d5mR1	1	GTPase HRas	RASH_HUMAN	P01112	WT	WT	HRAS	0P	WT	None	None	GEF.CDC25	None	SP2-Unbound	I 4 2 2	167	1-166	2018-04-19	SP2	237.1657	0.0094	Unbound	Unbound	7,8,9,10,16,58,61,62,64,68,71,72,96	None	Son of sevenless homolog 1	None	S:60,13,63,64,65,66,70,67,73,69,102,103,40,54,55,71,37,61,59,58,57,34,32,21,17,15,31,25,30,68,95,105,14,12,56,16,74,35	SOS1_HUMAN	None	None	None	RasGEF	None	S	None	None	None	None	None	None	STP	XRAY	2.081	0.170	GMTEYKLVVVGAGGVGKSALTIQLIQNHFVDEYDPTIEDSYRKQVVIDGETCLLDILDTAGQEEYSAMRDQYMRTGEGFLCVFAINNTKSFEDIHQYREQIKRVKDSDDVPMVLVGNKCDLAARTVESRQAQDLARSYGIPYIETSAKTRQGVEDAFYTLVREIRQH	True	183.134	183.134	178.329	90.00	90.00	90.00	/Users/mitchellparker/Desktop/rascore_build/core/6d5mR_core.cif	/Users/mitchellparker/Desktop/rascore_build/rcsb/6d5m.cif.gz	/Users/mitchellparker/Desktop/rascore_build/renum/6d5m_renum.cif	/Users/mitchellparker/Desktop/rascore_build/rcsb_assembly/6d5m-assembly-1.cif.gz	/Users/mitchellparker/Desktop/rascore_build/renum_assembly/6d5m-assembly-1_renum.cif	/Users/mitchellparker/Desktop/rascore_build/sifts/6d5m.xml.gz	/Users/mitchellparker/Desktop/rascore_build/pocket/6d5mR_1_pocket.pdb
6d5mR	6d5m	0	R	Outlier	Y71out.0P-GEF	Y32out	Y71out	I 4 2 2 (CF2)	6d5mR2	2	GTPase HRas	RASH_HUMAN	P01112	WT	WT	HRAS	0P	WT	None	None	GEF.CDC25	None	SP2-Unbound	I 4 2 2	167	1-166	2018-04-19	Other	256.8095	0.0026	Unbound	Unbound	76,104,106,108,109,110,163,166	None	Son of sevenless homolog 1	None	S:60,13,63,64,65,66,70,67,73,69,102,103,40,54,55,71,37,61,59,58,57,34,32,21,17,15,31,25,30,68,95,105,14,12,56,16,74,35	SOS1_HUMAN	None	None	None	RasGEF	None	S	None	None	None	None	None	None	STP	XRAY	2.081	0.170	GMTEYKLVVVGAGGVGKSALTIQLIQNHFVDEYDPTIEDSYRKQVVIDGETCLLDILDTAGQEEYSAMRDQYMRTGEGFLCVFAINNTKSFEDIHQYREQIKRVKDSDDVPMVLVGNKCDLAARTVESRQAQDLARSYGIPYIETSAKTRQGVEDAFYTLVREIRQH	True	183.134	183.134	178.329	90.00	90.00	90.00	/Users/mitchellparker/Desktop/rascore_build/core/6d5mR_core.cif	/Users/mitchellparker/Desktop/rascore_build/rcsb/6d5m.cif.gz	/Users/mitchellparker/Desktop/rascore_build/renum/6d5m_renum.cif	/Users/mitchellparker/Desktop/rascore_build/rcsb_assembly/6d5m-assembly-1.cif.gz	/Users/mitchellparker/Desktop/rascore_build/renum_assembly/6d5m-assembly-1_renum.cif	/Users/mitchellparker/Desktop/rascore_build/sifts/6d5m.xml.gz	/Users/mitchellparker/Desktop/rascore_build/pocket/6d5mR_2_pocket.pdb
6d5vQ	6d5v	0	Q	Y32in.3P-ON	Y71in.3P-R	Y32in	Y71in	I 4 2 2 (CF2)	6d5vQ1	1	GTPase HRas	RASH_HUMAN	P01112	Y64A	Y64	HRAS	3P	Other	None	None	GEF.REM	None	Other-Unbound	I 4 2 2	167	1-166	2018-04-19	Other	184.3445	0.0002	Unbound	Unbound	108,109,110,111,138,139,162,165,166	MG,GNP	Son of sevenless homolog 1	None	S:70,37,39,56,66,67,36,34,38,33,63,61,35,31,27,26,25,149,148,43,50,1,45,44,41,42,24,32,73,74,28	SOS1_HUMAN	None	None	None	RasGEF	None	S	GNP	MG	None	None	None	None	STP	XRAY	2.040	0.167	GMTEYKLVVVGAGGVGKSALTIQLIQNHFVDEYDPTIEDSYRKQVVIDGETCLLDILDTAGQEEASAMRDQYMRTGEGFLCVFAINNTKSFEDIHQYREQIKRVKDSDDVPMVLVGNKCDLAARTVESRQAQDLARSYGIPYIETSAKTRQGVEDAFYTLVREIRQH	True	182.822	182.822	177.866	90.00	90.00	90.00	/Users/mitchellparker/Desktop/rascore_build/core/6d5vQ_core.cif	/Users/mitchellparker/Desktop/rascore_build/rcsb/6d5v.cif.gz	/Users/mitchellparker/Desktop/rascore_build/renum/6d5v_renum.cif	/Users/mitchellparker/Desktop/rascore_build/rcsb_assembly/6d5v-assembly-1.cif.gz	/Users/mitchellparker/Desktop/rascore_build/renum_assembly/6d5v-assembly-1_renum.cif	/Users/mitchellparker/Desktop/rascore_build/sifts/6d5v.xml.gz	/Users/mitchellparker/Desktop/rascore_build/pocket/6d5vQ_1_pocket.pdb
6d5vQ	6d5v	0	Q	Y32in.3P-ON	Y71in.3P-R	Y32in	Y71in	I 4 2 2 (CF2)	6d5vQ2	2	GTPase HRas	RASH_HUMAN	P01112	Y64A	Y64	HRAS	3P	Other	None	None	GEF.REM	None	Other-Unbound	I 4 2 2	167	1-166	2018-04-19	Other	364.7130	0.0048	Unbound	Unbound	73,74,75,76,104,106,108,109,110,163,166	MG,GNP	Son of sevenless homolog 1	None	S:70,37,39,56,66,67,36,34,38,33,63,61,35,31,27,26,25,149,148,43,50,1,45,44,41,42,24,32,73,74,28	SOS1_HUMAN	None	None	None	RasGEF	None	S	GNP	MG	None	None	None	None	STP	XRAY	2.040	0.167	GMTEYKLVVVGAGGVGKSALTIQLIQNHFVDEYDPTIEDSYRKQVVIDGETCLLDILDTAGQEEASAMRDQYMRTGEGFLCVFAINNTKSFEDIHQYREQIKRVKDSDDVPMVLVGNKCDLAARTVESRQAQDLARSYGIPYIETSAKTRQGVEDAFYTLVREIRQH	True	182.822	182.822	177.866	90.00	90.00	90.00	/Users/mitchellparker/Desktop/rascore_build/core/6d5vQ_core.cif	/Users/mitchellparker/Desktop/rascore_build/rcsb/6d5v.cif.gz	/Users/mitchellparker/Desktop/rascore_build/renum/6d5v_renum.cif	/Users/mitchellparker/Desktop/rascore_build/rcsb_assembly/6d5v-assembly-1.cif.gz	/Users/mitchellparker/Desktop/rascore_build/renum_assembly/6d5v-assembly-1_renum.cif	/Users/mitchellparker/Desktop/rascore_build/sifts/6d5v.xml.gz	/Users/mitchellparker/Desktop/rascore_build/pocket/6d5vQ_2_pocket.pdb
6d5vR	6d5v	0	R	Outlier	Y71out.0P-GEF	Y32out	Y71out	I 4 2 2 (CF2)	6d5vR1	1	GTPase HRas	RASH_HUMAN	P01112	WT	WT	HRAS	0P	WT	None	None	GEF.CDC25	None	SP2-Unbound	I 4 2 2	167	1-166	2018-04-19	SP2	233.5810	0.0294	Unbound	Unbound	7,8,9,10,16,58,61,62,64,68,71,72,96	None	Son of sevenless homolog 1	None	S:60,13,64,63,65,66,70,67,73,69,102,103,40,54,55,71,61,59,58,57,34,35,32,21,17,31,25,30,68,95,105,12,74,56,33,37	SOS1_HUMAN	None	None	None	RasGEF	None	S	None	None	None	None	None	None	STP	XRAY	2.040	0.167	GMTEYKLVVVGAGGVGKSALTIQLIQNHFVDEYDPTIEDSYRKQVVIDGETCLLDILDTAGQEEYSAMRDQYMRTGEGFLCVFAINNTKSFEDIHQYREQIKRVKDSDDVPMVLVGNKCDLAARTVESRQAQDLARSYGIPYIETSAKTRQGVEDAFYTLVREIRQH	True	182.822	182.822	177.866	90.00	90.00	90.00	/Users/mitchellparker/Desktop/rascore_build/core/6d5vR_core.cif	/Users/mitchellparker/Desktop/rascore_build/rcsb/6d5v.cif.gz	/Users/mitchellparker/Desktop/rascore_build/renum/6d5v_renum.cif	/Users/mitchellparker/Desktop/rascore_build/rcsb_assembly/6d5v-assembly-1.cif.gz	/Users/mitchellparker/Desktop/rascore_build/renum_assembly/6d5v-assembly-1_renum.cif	/Users/mitchellparker/Desktop/rascore_build/sifts/6d5v.xml.gz	/Users/mitchellparker/Desktop/rascore_build/pocket/6d5vR_1_pocket.pdb
6d5vR	6d5v	0	R	Outlier	Y71out.0P-GEF	Y32out	Y71out	I 4 2 2 (CF2)	6d5vR2	2	GTPase HRas	RASH_HUMAN	P01112	WT	WT	HRAS	0P	WT	None	None	GEF.CDC25	None	SP2-Unbound	I 4 2 2	167	1-166	2018-04-19	Other	305.5453	0.0000	Unbound	Unbound	131,134,135,138,139,140,141,162	None	Son of sevenless homolog 1	None	S:60,13,64,63,65,66,70,67,73,69,102,103,40,54,55,71,61,59,58,57,34,35,32,21,17,31,25,30,68,95,105,12,74,56,33,37	SOS1_HUMAN	None	None	None	RasGEF	None	S	None	None	None	None	None	None	STP	XRAY	2.040	0.167	GMTEYKLVVVGAGGVGKSALTIQLIQNHFVDEYDPTIEDSYRKQVVIDGETCLLDILDTAGQEEYSAMRDQYMRTGEGFLCVFAINNTKSFEDIHQYREQIKRVKDSDDVPMVLVGNKCDLAARTVESRQAQDLARSYGIPYIETSAKTRQGVEDAFYTLVREIRQH	True	182.822	182.822	177.866	90.00	90.00	90.00	/Users/mitchellparker/Desktop/rascore_build/core/6d5vR_core.cif	/Users/mitchellparker/Desktop/rascore_build/rcsb/6d5v.cif.gz	/Users/mitchellparker/Desktop/rascore_build/renum/6d5v_renum.cif	/Users/mitchellparker/Desktop/rascore_build/rcsb_assembly/6d5v-assembly-1.cif.gz	/Users/mitchellparker/Desktop/rascore_build/renum_assembly/6d5v-assembly-1_renum.cif	/Users/mitchellparker/Desktop/rascore_build/sifts/6d5v.xml.gz	/Users/mitchellparker/Desktop/rascore_build/pocket/6d5vR_2_pocket.pdb
6d5wQ	6d5w	0	Q	Y32in.3P-ON	Y71in.3P-R	Y32in	Y71in	I 4 2 2 (CF2)	6d5wQ1	1	GTPase HRas	RASH_HUMAN	P01112	Y64A	Y64	HRAS	3P	Other	None	None	GEF.REM	None	Other-Unbound	I 4 2 2	167	1-166	2018-04-19	Other	451.2493	0.0019	Unbound	Unbound	65,68,69,94,95,98,99,102	MG,GNP	Son of sevenless homolog 1	None	S:70,37,39,56,41,63,67,36,38,34,33,61,35,31,27,26,153,149,43,50,1,45,44,42,24,25,28,17	SOS1_HUMAN	None	None	None	RasGEF	None	S	GNP	MG	None	None	None	None	STP	XRAY	2.478	0.195	GMTEYKLVVVGAGGVGKSALTIQLIQNHFVDEYDPTIEDSYRKQVVIDGETCLLDILDTAGQEEASAMRDQYMRTGEGFLCVFAINNTKSFEDIHQYREQIKRVKDSDDVPMVLVGNKCDLAARTVESRQAQDLARSYGIPYIETSAKTRQGVEDAFYTLVREIRQH	True	186.125	186.125	179.217	90.00	90.00	90.00	/Users/mitchellparker/Desktop/rascore_build/core/6d5wQ_core.cif	/Users/mitchellparker/Desktop/rascore_build/rcsb/6d5w.cif.gz	/Users/mitchellparker/Desktop/rascore_build/renum/6d5w_renum.cif	/Users/mitchellparker/Desktop/rascore_build/rcsb_assembly/6d5w-assembly-1.cif.gz	/Users/mitchellparker/Desktop/rascore_build/renum_assembly/6d5w-assembly-1_renum.cif	/Users/mitchellparker/Desktop/rascore_build/sifts/6d5w.xml.gz	/Users/mitchellparker/Desktop/rascore_build/pocket/6d5wQ_1_pocket.pdb
6d5wQ	6d5w	0	Q	Y32in.3P-ON	Y71in.3P-R	Y32in	Y71in	I 4 2 2 (CF2)	6d5wQ2	2	GTPase HRas	RASH_HUMAN	P01112	Y64A	Y64	HRAS	3P	Other	None	None	GEF.REM	None	Other-Unbound	I 4 2 2	167	1-166	2018-04-19	Other	321.4015	0.0003	Unbound	Unbound	98,101,102,105,106,107	MG,GNP	Son of sevenless homolog 1	None	S:70,37,39,56,41,63,67,36,38,34,33,61,35,31,27,26,153,149,43,50,1,45,44,42,24,25,28,17	SOS1_HUMAN	None	None	None	RasGEF	None	S	GNP	MG	None	None	None	None	STP	XRAY	2.478	0.195	GMTEYKLVVVGAGGVGKSALTIQLIQNHFVDEYDPTIEDSYRKQVVIDGETCLLDILDTAGQEEASAMRDQYMRTGEGFLCVFAINNTKSFEDIHQYREQIKRVKDSDDVPMVLVGNKCDLAARTVESRQAQDLARSYGIPYIETSAKTRQGVEDAFYTLVREIRQH	True	186.125	186.125	179.217	90.00	90.00	90.00	/Users/mitchellparker/Desktop/rascore_build/core/6d5wQ_core.cif	/Users/mitchellparker/Desktop/rascore_build/rcsb/6d5w.cif.gz	/Users/mitchellparker/Desktop/rascore_build/renum/6d5w_renum.cif	/Users/mitchellparker/Desktop/rascore_build/rcsb_assembly/6d5w-assembly-1.cif.gz	/Users/mitchellparker/Desktop/rascore_build/renum_assembly/6d5w-assembly-1_renum.cif	/Users/mitchellparker/Desktop/rascore_build/sifts/6d5w.xml.gz	/Users/mitchellparker/Desktop/rascore_build/pocket/6d5wQ_2_pocket.pdb
6d5wQ	6d5w	0	Q	Y32in.3P-ON	Y71in.3P-R	Y32in	Y71in	I 4 2 2 (CF2)	6d5wQ3	3	GTPase HRas	RASH_HUMAN	P01112	Y64A	Y64	HRAS	3P	Other	None	None	GEF.REM	None	Other-Unbound	I 4 2 2	167	1-166	2018-04-19	Other	379.4911	0.0038	Unbound	Unbound	73,74,75,76,104,106,108,109,110,163,166	MG,GNP	Son of sevenless homolog 1	None	S:70,37,39,56,41,63,67,36,38,34,33,61,35,31,27,26,153,149,43,50,1,45,44,42,24,25,28,17	SOS1_HUMAN	None	None	None	RasGEF	None	S	GNP	MG	None	None	None	None	STP	XRAY	2.478	0.195	GMTEYKLVVVGAGGVGKSALTIQLIQNHFVDEYDPTIEDSYRKQVVIDGETCLLDILDTAGQEEASAMRDQYMRTGEGFLCVFAINNTKSFEDIHQYREQIKRVKDSDDVPMVLVGNKCDLAARTVESRQAQDLARSYGIPYIETSAKTRQGVEDAFYTLVREIRQH	True	186.125	186.125	179.217	90.00	90.00	90.00	/Users/mitchellparker/Desktop/rascore_build/core/6d5wQ_core.cif	/Users/mitchellparker/Desktop/rascore_build/rcsb/6d5w.cif.gz	/Users/mitchellparker/Desktop/rascore_build/renum/6d5w_renum.cif	/Users/mitchellparker/Desktop/rascore_build/rcsb_assembly/6d5w-assembly-1.cif.gz	/Users/mitchellparker/Desktop/rascore_build/renum_assembly/6d5w-assembly-1_renum.cif	/Users/mitchellparker/Desktop/rascore_build/sifts/6d5w.xml.gz	/Users/mitchellparker/Desktop/rascore_build/pocket/6d5wQ_3_pocket.pdb
6d5wQ	6d5w	0	Q	Y32in.3P-ON	Y71in.3P-R	Y32in	Y71in	I 4 2 2 (CF2)	6d5wQ4	4	GTPase HRas	RASH_HUMAN	P01112	Y64A	Y64	HRAS	3P	Other	None	None	GEF.REM	None	Other-Unbound	I 4 2 2	167	1-166	2018-04-19	Other	193.4322	0.0002	Unbound	Unbound	108,109,110,111,137,138,139,162,166	MG,GNP	Son of sevenless homolog 1	None	S:70,37,39,56,41,63,67,36,38,34,33,61,35,31,27,26,153,149,43,50,1,45,44,42,24,25,28,17	SOS1_HUMAN	None	None	None	RasGEF	None	S	GNP	MG	None	None	None	None	STP	XRAY	2.478	0.195	GMTEYKLVVVGAGGVGKSALTIQLIQNHFVDEYDPTIEDSYRKQVVIDGETCLLDILDTAGQEEASAMRDQYMRTGEGFLCVFAINNTKSFEDIHQYREQIKRVKDSDDVPMVLVGNKCDLAARTVESRQAQDLARSYGIPYIETSAKTRQGVEDAFYTLVREIRQH	True	186.125	186.125	179.217	90.00	90.00	90.00	/Users/mitchellparker/Desktop/rascore_build/core/6d5wQ_core.cif	/Users/mitchellparker/Desktop/rascore_build/rcsb/6d5w.cif.gz	/Users/mitchellparker/Desktop/rascore_build/renum/6d5w_renum.cif	/Users/mitchellparker/Desktop/rascore_build/rcsb_assembly/6d5w-assembly-1.cif.gz	/Users/mitchellparker/Desktop/rascore_build/renum_assembly/6d5w-assembly-1_renum.cif	/Users/mitchellparker/Desktop/rascore_build/sifts/6d5w.xml.gz	/Users/mitchellparker/Desktop/rascore_build/pocket/6d5wQ_4_pocket.pdb
6d5wR	6d5w	0	R	Outlier	Y71out.0P-GEF	Y32out	Y71out	I 4 2 2 (CF2)	6d5wR1	1	GTPase HRas	RASH_HUMAN	P01112	WT	WT	HRAS	0P	WT	None	None	GEF.CDC25	None	SP2-Unbound	I 4 2 2	167	1-166	2018-04-19	SP2	236.7501	0.0169	Unbound	Unbound	7,8,9,10,16,58,61,62,64,68,71,72,96	None	Son of sevenless homolog 1	None	S:60,13,63,64,66,70,67,73,69,102,103,40,56,54,55,71,61,59,58,57,34,35,32,21,17,31,25,30,65,95,105,18	SOS1_HUMAN	None	None	None	RasGEF	None	S	None	None	None	None	None	None	STP	XRAY	2.478	0.195	GMTEYKLVVVGAGGVGKSALTIQLIQNHFVDEYDPTIEDSYRKQVVIDGETCLLDILDTAGQEEYSAMRDQYMRTGEGFLCVFAINNTKSFEDIHQYREQIKRVKDSDDVPMVLVGNKCDLAARTVESRQAQDLARSYGIPYIETSAKTRQGVEDAFYTLVREIRQH	True	186.125	186.125	179.217	90.00	90.00	90.00	/Users/mitchellparker/Desktop/rascore_build/core/6d5wR_core.cif	/Users/mitchellparker/Desktop/rascore_build/rcsb/6d5w.cif.gz	/Users/mitchellparker/Desktop/rascore_build/renum/6d5w_renum.cif	/Users/mitchellparker/Desktop/rascore_build/rcsb_assembly/6d5w-assembly-1.cif.gz	/Users/mitchellparker/Desktop/rascore_build/renum_assembly/6d5w-assembly-1_renum.cif	/Users/mitchellparker/Desktop/rascore_build/sifts/6d5w.xml.gz	/Users/mitchellparker/Desktop/rascore_build/pocket/6d5wR_1_pocket.pdb
6d5wR	6d5w	0	R	Outlier	Y71out.0P-GEF	Y32out	Y71out	I 4 2 2 (CF2)	6d5wR2	2	GTPase HRas	RASH_HUMAN	P01112	WT	WT	HRAS	0P	WT	None	None	GEF.CDC25	None	SP2-Unbound	I 4 2 2	167	1-166	2018-04-19	Other	276.6445	0.0003	Unbound	Unbound	128,131,134,135,138,139,140,141	None	Son of sevenless homolog 1	None	S:60,13,63,64,66,70,67,73,69,102,103,40,56,54,55,71,61,59,58,57,34,35,32,21,17,31,25,30,65,95,105,18	SOS1_HUMAN	None	None	None	RasGEF	None	S	None	None	None	None	None	None	STP	XRAY	2.478	0.195	GMTEYKLVVVGAGGVGKSALTIQLIQNHFVDEYDPTIEDSYRKQVVIDGETCLLDILDTAGQEEYSAMRDQYMRTGEGFLCVFAINNTKSFEDIHQYREQIKRVKDSDDVPMVLVGNKCDLAARTVESRQAQDLARSYGIPYIETSAKTRQGVEDAFYTLVREIRQH	True	186.125	186.125	179.217	90.00	90.00	90.00	/Users/mitchellparker/Desktop/rascore_build/core/6d5wR_core.cif	/Users/mitchellparker/Desktop/rascore_build/rcsb/6d5w.cif.gz	/Users/mitchellparker/Desktop/rascore_build/renum/6d5w_renum.cif	/Users/mitchellparker/Desktop/rascore_build/rcsb_assembly/6d5w-assembly-1.cif.gz	/Users/mitchellparker/Desktop/rascore_build/renum_assembly/6d5w-assembly-1_renum.cif	/Users/mitchellparker/Desktop/rascore_build/sifts/6d5w.xml.gz	/Users/mitchellparker/Desktop/rascore_build/pocket/6d5wR_2_pocket.pdb
6d5wR	6d5w	0	R	Outlier	Y71out.0P-GEF	Y32out	Y71out	I 4 2 2 (CF2)	6d5wR3	3	GTPase HRas	RASH_HUMAN	P01112	WT	WT	HRAS	0P	WT	None	None	GEF.CDC25	None	SP2-Unbound	I 4 2 2	167	1-166	2018-04-19	Other	256.5791	0.0003	Unbound	Unbound	97,107,108,109,110,111,137,138,139,162,165,166	None	Son of sevenless homolog 1	None	S:60,13,63,64,66,70,67,73,69,102,103,40,56,54,55,71,61,59,58,57,34,35,32,21,17,31,25,30,65,95,105,18	SOS1_HUMAN	None	None	None	RasGEF	None	S	None	None	None	None	None	None	STP	XRAY	2.478	0.195	GMTEYKLVVVGAGGVGKSALTIQLIQNHFVDEYDPTIEDSYRKQVVIDGETCLLDILDTAGQEEYSAMRDQYMRTGEGFLCVFAINNTKSFEDIHQYREQIKRVKDSDDVPMVLVGNKCDLAARTVESRQAQDLARSYGIPYIETSAKTRQGVEDAFYTLVREIRQH	True	186.125	186.125	179.217	90.00	90.00	90.00	/Users/mitchellparker/Desktop/rascore_build/core/6d5wR_core.cif	/Users/mitchellparker/Desktop/rascore_build/rcsb/6d5w.cif.gz	/Users/mitchellparker/Desktop/rascore_build/renum/6d5w_renum.cif	/Users/mitchellparker/Desktop/rascore_build/rcsb_assembly/6d5w-assembly-1.cif.gz	/Users/mitchellparker/Desktop/rascore_build/renum_assembly/6d5w-assembly-1_renum.cif	/Users/mitchellparker/Desktop/rascore_build/sifts/6d5w.xml.gz	/Users/mitchellparker/Desktop/rascore_build/pocket/6d5wR_3_pocket.pdb
6dzhA	6dzh	0	A	Disordered	Outlier	Y32out	Y71out	P 21 21 21 (CF17)	6dzhA1	1	GTPase HRas	RASH_HUMAN	P01112	G13D	G13	HRAS	2P	G13D	None	None	None	Homodimer	SP12-Unbound	P 21 21 21	166	1-35:37-166	2018-07-04	SP12	441.9540	0.2609	Unbound	Unbound	5,39,40,41,54,56,67,70,71,74	GDP,MG,GOL	None	None	None	None	None	None	None	None	None	None	GDP	MG	None	GOL	None	None	STP	XRAY	1.950	0.163	MTEYKLVVVGAGDVGKSALTIQLIQNHFVDEYDPTIEDSYRKQVVIDGETCLLDILDTAGQEEYSAMRDQYMRTGEGFLCVFAINNTKSFEDIHQYREQIKRVKDSDDVPMVLVGNKCDLAARTVESRQAQDLARSYGIPYIETSAKTRQGVEDAFYTLVREIRQH	True	60.571	71.410	94.861	90.000	90.000	90.000	/Users/mitchellparker/Desktop/rascore_build/core/6dzhA_core.cif	/Users/mitchellparker/Desktop/rascore_build/rcsb/6dzh.cif.gz	/Users/mitchellparker/Desktop/rascore_build/renum/6dzh_renum.cif	/Users/mitchellparker/Desktop/rascore_build/rcsb_assembly/6dzh-assembly-2.cif.gz	/Users/mitchellparker/Desktop/rascore_build/renum_assembly/6dzh-assembly-2_renum.cif	/Users/mitchellparker/Desktop/rascore_build/sifts/6dzh.xml.gz	/Users/mitchellparker/Desktop/rascore_build/pocket/6dzhA_1_pocket.pdb
6dzhA	6dzh	0	A	Disordered	Outlier	Y32out	Y71out	P 21 21 21 (CF17)	6dzhA2	2	GTPase HRas	RASH_HUMAN	P01112	G13D	G13	HRAS	2P	G13D	None	None	None	Homodimer	SP12-Unbound	P 21 21 21	166	1-35:37-166	2018-07-04	Other	203.7255	0.0003	Unbound	Unbound	97,107,108,109,110,137,138,139,162,165,166	GDP,MG,GOL	None	None	None	None	None	None	None	None	None	None	GDP	MG	None	GOL	None	None	STP	XRAY	1.950	0.163	MTEYKLVVVGAGDVGKSALTIQLIQNHFVDEYDPTIEDSYRKQVVIDGETCLLDILDTAGQEEYSAMRDQYMRTGEGFLCVFAINNTKSFEDIHQYREQIKRVKDSDDVPMVLVGNKCDLAARTVESRQAQDLARSYGIPYIETSAKTRQGVEDAFYTLVREIRQH	True	60.571	71.410	94.861	90.000	90.000	90.000	/Users/mitchellparker/Desktop/rascore_build/core/6dzhA_core.cif	/Users/mitchellparker/Desktop/rascore_build/rcsb/6dzh.cif.gz	/Users/mitchellparker/Desktop/rascore_build/renum/6dzh_renum.cif	/Users/mitchellparker/Desktop/rascore_build/rcsb_assembly/6dzh-assembly-2.cif.gz	/Users/mitchellparker/Desktop/rascore_build/renum_assembly/6dzh-assembly-2_renum.cif	/Users/mitchellparker/Desktop/rascore_build/sifts/6dzh.xml.gz	/Users/mitchellparker/Desktop/rascore_build/pocket/6dzhA_2_pocket.pdb
6dzhA	6dzh	0	A	Disordered	Outlier	Y32out	Y71out	P 21 21 21 (CF17)	6dzhA3	3	GTPase HRas	RASH_HUMAN	P01112	G13D	G13	HRAS	2P	G13D	None	None	None	Homodimer	SP12-Unbound	P 21 21 21	166	1-35:37-166	2018-07-04	Other	329.0039	0.0632	Unbound	Unbound	76,104,106,109,110,163,166	GDP,MG,GOL	None	None	None	None	None	None	None	None	None	None	GDP	MG	None	GOL	None	None	STP	XRAY	1.950	0.163	MTEYKLVVVGAGDVGKSALTIQLIQNHFVDEYDPTIEDSYRKQVVIDGETCLLDILDTAGQEEYSAMRDQYMRTGEGFLCVFAINNTKSFEDIHQYREQIKRVKDSDDVPMVLVGNKCDLAARTVESRQAQDLARSYGIPYIETSAKTRQGVEDAFYTLVREIRQH	True	60.571	71.410	94.861	90.000	90.000	90.000	/Users/mitchellparker/Desktop/rascore_build/core/6dzhA_core.cif	/Users/mitchellparker/Desktop/rascore_build/rcsb/6dzh.cif.gz	/Users/mitchellparker/Desktop/rascore_build/renum/6dzh_renum.cif	/Users/mitchellparker/Desktop/rascore_build/rcsb_assembly/6dzh-assembly-2.cif.gz	/Users/mitchellparker/Desktop/rascore_build/renum_assembly/6dzh-assembly-2_renum.cif	/Users/mitchellparker/Desktop/rascore_build/sifts/6dzh.xml.gz	/Users/mitchellparker/Desktop/rascore_build/pocket/6dzhA_3_pocket.pdb
6dzhB	6dzh	0	B	Outlier	Disordered	Y32out	Disordered	P 21 21 21 (CF17)	6dzhB1	1	GTPase HRas	RASH_HUMAN	P01112	G13D	G13	HRAS	2P	G13D	None	None	None	None	Other-Unbound	P 21 21 21	166	1-59:72-166	2018-07-04	Other	156.5376	0.0019	Unbound	Unbound	23,24,26,42,44,149,153,157	GDP,MG,MG,CA,DTT	None	None	None	None	None	None	None	None	None	None	GDP	MG	None	CA,DTT	None	None	STP	XRAY	1.950	0.163	MTEYKLVVVGAGDVGKSALTIQLIQNHFVDEYDPTIEDSYRKQVVIDGETCLLDILDTAGQEEYSAMRDQYMRTGEGFLCVFAINNTKSFEDIHQYREQIKRVKDSDDVPMVLVGNKCDLAARTVESRQAQDLARSYGIPYIETSAKTRQGVEDAFYTLVREIRQH	True	60.571	71.410	94.861	90.000	90.000	90.000	/Users/mitchellparker/Desktop/rascore_build/core/6dzhB_core.cif	/Users/mitchellparker/Desktop/rascore_build/rcsb/6dzh.cif.gz	/Users/mitchellparker/Desktop/rascore_build/renum/6dzh_renum.cif	/Users/mitchellparker/Desktop/rascore_build/rcsb_assembly/6dzh-assembly-2.cif.gz	/Users/mitchellparker/Desktop/rascore_build/renum_assembly/6dzh-assembly-2_renum.cif	/Users/mitchellparker/Desktop/rascore_build/sifts/6dzh.xml.gz	/Users/mitchellparker/Desktop/rascore_build/pocket/6dzhB_1_pocket.pdb
6dzhC	6dzh	0	C	Disordered	Disordered	Disordered	Disordered	P 21 21 21 (CF17)	6dzhC1	1	GTPase HRas	RASH_HUMAN	P01112	G13D	G13	HRAS	2P	G13D	None	None	None	Homodimer	Other-Unbound	P 21 21 21	166	1-29:39-64:69-166	2018-07-04	Other	287.5379	0.0003	Unbound	Unbound	97,101,107,108,109,110,111,137,138,139,162,166	GDP,MG,CA	None	None	None	None	None	None	None	None	None	None	GDP	MG	None	CA	None	None	STP	XRAY	1.950	0.163	MTEYKLVVVGAGDVGKSALTIQLIQNHFVDEYDPTIEDSYRKQVVIDGETCLLDILDTAGQEEYSAMRDQYMRTGEGFLCVFAINNTKSFEDIHQYREQIKRVKDSDDVPMVLVGNKCDLAARTVESRQAQDLARSYGIPYIETSAKTRQGVEDAFYTLVREIRQH	True	60.571	71.410	94.861	90.000	90.000	90.000	/Users/mitchellparker/Desktop/rascore_build/core/6dzhC_core.cif	/Users/mitchellparker/Desktop/rascore_build/rcsb/6dzh.cif.gz	/Users/mitchellparker/Desktop/rascore_build/renum/6dzh_renum.cif	/Users/mitchellparker/Desktop/rascore_build/rcsb_assembly/6dzh-assembly-2.cif.gz	/Users/mitchellparker/Desktop/rascore_build/renum_assembly/6dzh-assembly-2_renum.cif	/Users/mitchellparker/Desktop/rascore_build/sifts/6dzh.xml.gz	/Users/mitchellparker/Desktop/rascore_build/pocket/6dzhC_1_pocket.pdb
6dzhC	6dzh	0	C	Disordered	Disordered	Disordered	Disordered	P 21 21 21 (CF17)	6dzhC2	2	GTPase HRas	RASH_HUMAN	P01112	G13D	G13	HRAS	2P	G13D	None	None	None	Homodimer	Other-Unbound	P 21 21 21	166	1-29:39-64:69-166	2018-07-04	Other	196.0968	0.1686	Unbound	Unbound	87,90,91,124,125,126,129	GDP,MG,CA	None	None	None	None	None	None	None	None	None	None	GDP	MG	None	CA	None	None	STP	XRAY	1.950	0.163	MTEYKLVVVGAGDVGKSALTIQLIQNHFVDEYDPTIEDSYRKQVVIDGETCLLDILDTAGQEEYSAMRDQYMRTGEGFLCVFAINNTKSFEDIHQYREQIKRVKDSDDVPMVLVGNKCDLAARTVESRQAQDLARSYGIPYIETSAKTRQGVEDAFYTLVREIRQH	True	60.571	71.410	94.861	90.000	90.000	90.000	/Users/mitchellparker/Desktop/rascore_build/core/6dzhC_core.cif	/Users/mitchellparker/Desktop/rascore_build/rcsb/6dzh.cif.gz	/Users/mitchellparker/Desktop/rascore_build/renum/6dzh_renum.cif	/Users/mitchellparker/Desktop/rascore_build/rcsb_assembly/6dzh-assembly-2.cif.gz	/Users/mitchellparker/Desktop/rascore_build/renum_assembly/6dzh-assembly-2_renum.cif	/Users/mitchellparker/Desktop/rascore_build/sifts/6dzh.xml.gz	/Users/mitchellparker/Desktop/rascore_build/pocket/6dzhC_2_pocket.pdb
6dzhC	6dzh	0	C	Disordered	Disordered	Disordered	Disordered	P 21 21 21 (CF17)	6dzhC3	3	GTPase HRas	RASH_HUMAN	P01112	G13D	G13	HRAS	2P	G13D	None	None	None	Homodimer	Other-Unbound	P 21 21 21	166	1-29:39-64:69-166	2018-07-04	Other	244.8046	0.0171	Unbound	Unbound	17,18,21,28,29	GDP,MG,CA	None	None	None	None	None	None	None	None	None	None	GDP	MG	None	CA	None	None	STP	XRAY	1.950	0.163	MTEYKLVVVGAGDVGKSALTIQLIQNHFVDEYDPTIEDSYRKQVVIDGETCLLDILDTAGQEEYSAMRDQYMRTGEGFLCVFAINNTKSFEDIHQYREQIKRVKDSDDVPMVLVGNKCDLAARTVESRQAQDLARSYGIPYIETSAKTRQGVEDAFYTLVREIRQH	True	60.571	71.410	94.861	90.000	90.000	90.000	/Users/mitchellparker/Desktop/rascore_build/core/6dzhC_core.cif	/Users/mitchellparker/Desktop/rascore_build/rcsb/6dzh.cif.gz	/Users/mitchellparker/Desktop/rascore_build/renum/6dzh_renum.cif	/Users/mitchellparker/Desktop/rascore_build/rcsb_assembly/6dzh-assembly-2.cif.gz	/Users/mitchellparker/Desktop/rascore_build/renum_assembly/6dzh-assembly-2_renum.cif	/Users/mitchellparker/Desktop/rascore_build/sifts/6dzh.xml.gz	/Users/mitchellparker/Desktop/rascore_build/pocket/6dzhC_3_pocket.pdb
6e6cA	6e6c	0	A	Outlier	Disordered	Y32out	Y71out	C 1 2 1 (CF7)	6e6cA2	2	GTPase HRas	RASH_HUMAN	P01112	G13D	G13	HRAS	3P	G13D	None	None	None	None	Other-Unbound	C 1 2 1	166	1-60:63-166	2018-07-24	Other	254.4766	0.3820	Unbound	Unbound	37,56,57,58,59,68,71,72	MG,GNP,CA	None	None	None	None	None	None	None	None	None	None	GNP	MG	None	CA	None	None	STP	XRAY	1.900	0.168	MTEYKLVVVGAGDVGKSALTIQLIQNHFVDEYDPTIEDSYRKQVVIDGETCLLDILDTAGQEEYSAMRDQYMRTGEGFLCVFAINNTKSFEDIHQYREQIKRVKDSDDVPMVLVGNKCDLAARTVESRQAQDLARSYGIPYIETSAKTRQGVEDAFYTLVREIRQH	True	54.600	47.753	57.037	90.000	118.310	90.000	/Users/mitchellparker/Desktop/rascore_build/core/6e6cA_core.cif	/Users/mitchellparker/Desktop/rascore_build/rcsb/6e6c.cif.gz	/Users/mitchellparker/Desktop/rascore_build/renum/6e6c_renum.cif	/Users/mitchellparker/Desktop/rascore_build/rcsb_assembly/6e6c-assembly-1.cif.gz	/Users/mitchellparker/Desktop/rascore_build/renum_assembly/6e6c-assembly-1_renum.cif	/Users/mitchellparker/Desktop/rascore_build/sifts/6e6c.xml.gz	/Users/mitchellparker/Desktop/rascore_build/pocket/6e6cA_2_pocket.pdb
6e6cA	6e6c	0	A	Outlier	Disordered	Y32out	Y71out	C 1 2 1 (CF7)	6e6cA3	3	GTPase HRas	RASH_HUMAN	P01112	G13D	G13	HRAS	3P	G13D	None	None	None	None	Other-Unbound	C 1 2 1	166	1-60:63-166	2018-07-24	Other	258.2784	0.0108	Unbound	Unbound	76,104,106,108,109,110,163,166	MG,GNP,CA	None	None	None	None	None	None	None	None	None	None	GNP	MG	None	CA	None	None	STP	XRAY	1.900	0.168	MTEYKLVVVGAGDVGKSALTIQLIQNHFVDEYDPTIEDSYRKQVVIDGETCLLDILDTAGQEEYSAMRDQYMRTGEGFLCVFAINNTKSFEDIHQYREQIKRVKDSDDVPMVLVGNKCDLAARTVESRQAQDLARSYGIPYIETSAKTRQGVEDAFYTLVREIRQH	True	54.600	47.753	57.037	90.000	118.310	90.000	/Users/mitchellparker/Desktop/rascore_build/core/6e6cA_core.cif	/Users/mitchellparker/Desktop/rascore_build/rcsb/6e6c.cif.gz	/Users/mitchellparker/Desktop/rascore_build/renum/6e6c_renum.cif	/Users/mitchellparker/Desktop/rascore_build/rcsb_assembly/6e6c-assembly-1.cif.gz	/Users/mitchellparker/Desktop/rascore_build/renum_assembly/6e6c-assembly-1_renum.cif	/Users/mitchellparker/Desktop/rascore_build/sifts/6e6c.xml.gz	/Users/mitchellparker/Desktop/rascore_build/pocket/6e6cA_3_pocket.pdb
6e6cA	6e6c	0	A	Outlier	Disordered	Y32out	Y71out	C 1 2 1 (CF7)	6e6cA4	4	GTPase HRas	RASH_HUMAN	P01112	G13D	G13	HRAS	3P	G13D	None	None	None	None	Other-Unbound	C 1 2 1	166	1-60:63-166	2018-07-24	Other	570.0516	0.0001	Unbound	Unbound	131,134,135,138,139,140,141,162,165	MG,GNP,CA	None	None	None	None	None	None	None	None	None	None	GNP	MG	None	CA	None	None	STP	XRAY	1.900	0.168	MTEYKLVVVGAGDVGKSALTIQLIQNHFVDEYDPTIEDSYRKQVVIDGETCLLDILDTAGQEEYSAMRDQYMRTGEGFLCVFAINNTKSFEDIHQYREQIKRVKDSDDVPMVLVGNKCDLAARTVESRQAQDLARSYGIPYIETSAKTRQGVEDAFYTLVREIRQH	True	54.600	47.753	57.037	90.000	118.310	90.000	/Users/mitchellparker/Desktop/rascore_build/core/6e6cA_core.cif	/Users/mitchellparker/Desktop/rascore_build/rcsb/6e6c.cif.gz	/Users/mitchellparker/Desktop/rascore_build/renum/6e6c_renum.cif	/Users/mitchellparker/Desktop/rascore_build/rcsb_assembly/6e6c-assembly-1.cif.gz	/Users/mitchellparker/Desktop/rascore_build/renum_assembly/6e6c-assembly-1_renum.cif	/Users/mitchellparker/Desktop/rascore_build/sifts/6e6c.xml.gz	/Users/mitchellparker/Desktop/rascore_build/pocket/6e6cA_4_pocket.pdb
6e6cA	6e6c	0	A	Outlier	Disordered	Y32out	Y71out	C 1 2 1 (CF7)	6e6cA5	5	GTPase HRas	RASH_HUMAN	P01112	G13D	G13	HRAS	3P	G13D	None	None	None	None	Other-Unbound	C 1 2 1	166	1-60:63-166	2018-07-24	Other	245.9381	0.0001	Unbound	Unbound	108,109,110,138,139,162,165,166	MG,GNP,CA	None	None	None	None	None	None	None	None	None	None	GNP	MG	None	CA	None	None	STP	XRAY	1.900	0.168	MTEYKLVVVGAGDVGKSALTIQLIQNHFVDEYDPTIEDSYRKQVVIDGETCLLDILDTAGQEEYSAMRDQYMRTGEGFLCVFAINNTKSFEDIHQYREQIKRVKDSDDVPMVLVGNKCDLAARTVESRQAQDLARSYGIPYIETSAKTRQGVEDAFYTLVREIRQH	True	54.600	47.753	57.037	90.000	118.310	90.000	/Users/mitchellparker/Desktop/rascore_build/core/6e6cA_core.cif	/Users/mitchellparker/Desktop/rascore_build/rcsb/6e6c.cif.gz	/Users/mitchellparker/Desktop/rascore_build/renum/6e6c_renum.cif	/Users/mitchellparker/Desktop/rascore_build/rcsb_assembly/6e6c-assembly-1.cif.gz	/Users/mitchellparker/Desktop/rascore_build/renum_assembly/6e6c-assembly-1_renum.cif	/Users/mitchellparker/Desktop/rascore_build/sifts/6e6c.xml.gz	/Users/mitchellparker/Desktop/rascore_build/pocket/6e6cA_5_pocket.pdb
6e6fA	6e6f	0	A	Outlier	Disordered	Y32in	Y71out	C 1 2 1 (CF8)	6e6fA2	2	GTPase KRas	RASK_HUMAN	P01116-2	G13D	G13	KRAS	3P	G13D	None	None	None	None	SP2-Unbound	C 1 2 1	166	1-58:71-166	2018-07-24	SP2	361.7580	0.2750	Unbound	Unbound	9,56,58,71,72,74,96,99,100	GNP,MG	None	None	None	None	None	None	None	None	None	None	GNP	MG	None	None	None	None	STP	XRAY	3.401	0.187	MTEYKLVVVGAGDVGKSALTIQLIQNHFVDEYDPTIEDSYRKQVVIDGETCLLDILDTAGQEEYSAMRDQYMRTGEGFLCVFAINNTKSFEDIHHYREQIKRVKDSEDVPMVLVGNKCDLPSRTVDTKQAQDLARSYGIPFIETSAKTRQGVDDAFYTLVREIRKH	True	114.486	39.096	89.319	90.000	124.370	90.000	/Users/mitchellparker/Desktop/rascore_build/core/6e6fA_core.cif	/Users/mitchellparker/Desktop/rascore_build/rcsb/6e6f.cif.gz	/Users/mitchellparker/Desktop/rascore_build/renum/6e6f_renum.cif	/Users/mitchellparker/Desktop/rascore_build/rcsb_assembly/6e6f-assembly-2.cif.gz	/Users/mitchellparker/Desktop/rascore_build/renum_assembly/6e6f-assembly-2_renum.cif	/Users/mitchellparker/Desktop/rascore_build/sifts/6e6f.xml.gz	/Users/mitchellparker/Desktop/rascore_build/pocket/6e6fA_2_pocket.pdb
6e6fA	6e6f	0	A	Outlier	Disordered	Y32in	Y71out	C 1 2 1 (CF8)	6e6fA3	3	GTPase KRas	RASK_HUMAN	P01116-2	G13D	G13	KRAS	3P	G13D	None	None	None	None	SP2-Unbound	C 1 2 1	166	1-58:71-166	2018-07-24	Other	332.5832	0.0001	Unbound	Unbound	97,108,109,110,111,137,138,139,162,165,166	GNP,MG	None	None	None	None	None	None	None	None	None	None	GNP	MG	None	None	None	None	STP	XRAY	3.401	0.187	MTEYKLVVVGAGDVGKSALTIQLIQNHFVDEYDPTIEDSYRKQVVIDGETCLLDILDTAGQEEYSAMRDQYMRTGEGFLCVFAINNTKSFEDIHHYREQIKRVKDSEDVPMVLVGNKCDLPSRTVDTKQAQDLARSYGIPFIETSAKTRQGVDDAFYTLVREIRKH	True	114.486	39.096	89.319	90.000	124.370	90.000	/Users/mitchellparker/Desktop/rascore_build/core/6e6fA_core.cif	/Users/mitchellparker/Desktop/rascore_build/rcsb/6e6f.cif.gz	/Users/mitchellparker/Desktop/rascore_build/renum/6e6f_renum.cif	/Users/mitchellparker/Desktop/rascore_build/rcsb_assembly/6e6f-assembly-2.cif.gz	/Users/mitchellparker/Desktop/rascore_build/renum_assembly/6e6f-assembly-2_renum.cif	/Users/mitchellparker/Desktop/rascore_build/sifts/6e6f.xml.gz	/Users/mitchellparker/Desktop/rascore_build/pocket/6e6fA_3_pocket.pdb
6e6fA	6e6f	0	A	Outlier	Disordered	Y32in	Y71out	C 1 2 1 (CF8)	6e6fA4	4	GTPase KRas	RASK_HUMAN	P01116-2	G13D	G13	KRAS	3P	G13D	None	None	None	None	SP2-Unbound	C 1 2 1	166	1-58:71-166	2018-07-24	Other	205.3985	0.0002	Unbound	Unbound	22,23,26,42,149,152,153,154	GNP,MG	None	None	None	None	None	None	None	None	None	None	GNP	MG	None	None	None	None	STP	XRAY	3.401	0.187	MTEYKLVVVGAGDVGKSALTIQLIQNHFVDEYDPTIEDSYRKQVVIDGETCLLDILDTAGQEEYSAMRDQYMRTGEGFLCVFAINNTKSFEDIHHYREQIKRVKDSEDVPMVLVGNKCDLPSRTVDTKQAQDLARSYGIPFIETSAKTRQGVDDAFYTLVREIRKH	True	114.486	39.096	89.319	90.000	124.370	90.000	/Users/mitchellparker/Desktop/rascore_build/core/6e6fA_core.cif	/Users/mitchellparker/Desktop/rascore_build/rcsb/6e6f.cif.gz	/Users/mitchellparker/Desktop/rascore_build/renum/6e6f_renum.cif	/Users/mitchellparker/Desktop/rascore_build/rcsb_assembly/6e6f-assembly-2.cif.gz	/Users/mitchellparker/Desktop/rascore_build/renum_assembly/6e6f-assembly-2_renum.cif	/Users/mitchellparker/Desktop/rascore_build/sifts/6e6f.xml.gz	/Users/mitchellparker/Desktop/rascore_build/pocket/6e6fA_4_pocket.pdb
6e6fB	6e6f	0	B	Disordered	Disordered	Disordered	Disordered	C 1 2 1 (CF8)	6e6fB2	2	GTPase KRas	RASK_HUMAN	P01116-2	G13D	G13	KRAS	3P	G13D	None	None	None	None	SP2-Unbound	C 1 2 1	166	1-28:40-58:64-166	2018-07-24	Other	365.4251	0.0147	Unbound	Unbound	1,2,4,46,47,49,51,160,161,164	GNP	None	None	None	None	None	None	None	None	None	None	GNP	None	None	None	None	None	STP	XRAY	3.401	0.187	MTEYKLVVVGAGDVGKSALTIQLIQNHFVDEYDPTIEDSYRKQVVIDGETCLLDILDTAGQEEYSAMRDQYMRTGEGFLCVFAINNTKSFEDIHHYREQIKRVKDSEDVPMVLVGNKCDLPSRTVDTKQAQDLARSYGIPFIETSAKTRQGVDDAFYTLVREIRKH	True	114.486	39.096	89.319	90.000	124.370	90.000	/Users/mitchellparker/Desktop/rascore_build/core/6e6fB_core.cif	/Users/mitchellparker/Desktop/rascore_build/rcsb/6e6f.cif.gz	/Users/mitchellparker/Desktop/rascore_build/renum/6e6f_renum.cif	/Users/mitchellparker/Desktop/rascore_build/rcsb_assembly/6e6f-assembly-2.cif.gz	/Users/mitchellparker/Desktop/rascore_build/renum_assembly/6e6f-assembly-2_renum.cif	/Users/mitchellparker/Desktop/rascore_build/sifts/6e6f.xml.gz	/Users/mitchellparker/Desktop/rascore_build/pocket/6e6fB_2_pocket.pdb
6e6fB	6e6f	0	B	Disordered	Disordered	Disordered	Disordered	C 1 2 1 (CF8)	6e6fB3	3	GTPase KRas	RASK_HUMAN	P01116-2	G13D	G13	KRAS	3P	G13D	None	None	None	None	SP2-Unbound	C 1 2 1	166	1-28:40-58:64-166	2018-07-24	SP2	254.2738	0.0048	Unbound	Unbound	64,65,68,69,72,95,99,102,103	GNP	None	None	None	None	None	None	None	None	None	None	GNP	None	None	None	None	None	STP	XRAY	3.401	0.187	MTEYKLVVVGAGDVGKSALTIQLIQNHFVDEYDPTIEDSYRKQVVIDGETCLLDILDTAGQEEYSAMRDQYMRTGEGFLCVFAINNTKSFEDIHHYREQIKRVKDSEDVPMVLVGNKCDLPSRTVDTKQAQDLARSYGIPFIETSAKTRQGVDDAFYTLVREIRKH	True	114.486	39.096	89.319	90.000	124.370	90.000	/Users/mitchellparker/Desktop/rascore_build/core/6e6fB_core.cif	/Users/mitchellparker/Desktop/rascore_build/rcsb/6e6f.cif.gz	/Users/mitchellparker/Desktop/rascore_build/renum/6e6f_renum.cif	/Users/mitchellparker/Desktop/rascore_build/rcsb_assembly/6e6f-assembly-2.cif.gz	/Users/mitchellparker/Desktop/rascore_build/renum_assembly/6e6f-assembly-2_renum.cif	/Users/mitchellparker/Desktop/rascore_build/sifts/6e6f.xml.gz	/Users/mitchellparker/Desktop/rascore_build/pocket/6e6fB_3_pocket.pdb
6e6fB	6e6f	0	B	Disordered	Disordered	Disordered	Disordered	C 1 2 1 (CF8)	6e6fB4	4	GTPase KRas	RASK_HUMAN	P01116-2	G13D	G13	KRAS	3P	G13D	None	None	None	None	SP2-Unbound	C 1 2 1	166	1-28:40-58:64-166	2018-07-24	Other	74.5860	0.0505	Unbound	Unbound	80,93,97,111,113,137,139	GNP	None	None	None	None	None	None	None	None	None	None	GNP	None	None	None	None	None	STP	XRAY	3.401	0.187	MTEYKLVVVGAGDVGKSALTIQLIQNHFVDEYDPTIEDSYRKQVVIDGETCLLDILDTAGQEEYSAMRDQYMRTGEGFLCVFAINNTKSFEDIHHYREQIKRVKDSEDVPMVLVGNKCDLPSRTVDTKQAQDLARSYGIPFIETSAKTRQGVDDAFYTLVREIRKH	True	114.486	39.096	89.319	90.000	124.370	90.000	/Users/mitchellparker/Desktop/rascore_build/core/6e6fB_core.cif	/Users/mitchellparker/Desktop/rascore_build/rcsb/6e6f.cif.gz	/Users/mitchellparker/Desktop/rascore_build/renum/6e6f_renum.cif	/Users/mitchellparker/Desktop/rascore_build/rcsb_assembly/6e6f-assembly-2.cif.gz	/Users/mitchellparker/Desktop/rascore_build/renum_assembly/6e6f-assembly-2_renum.cif	/Users/mitchellparker/Desktop/rascore_build/sifts/6e6f.xml.gz	/Users/mitchellparker/Desktop/rascore_build/pocket/6e6fB_4_pocket.pdb
6e6fB	6e6f	0	B	Disordered	Disordered	Disordered	Disordered	C 1 2 1 (CF8)	6e6fB5	5	GTPase KRas	RASK_HUMAN	P01116-2	G13D	G13	KRAS	3P	G13D	None	None	None	None	SP2-Unbound	C 1 2 1	166	1-28:40-58:64-166	2018-07-24	Other	155.0545	0.3110	Unbound	Unbound	23,24,42,44,53,55,153,156,157	GNP	None	None	None	None	None	None	None	None	None	None	GNP	None	None	None	None	None	STP	XRAY	3.401	0.187	MTEYKLVVVGAGDVGKSALTIQLIQNHFVDEYDPTIEDSYRKQVVIDGETCLLDILDTAGQEEYSAMRDQYMRTGEGFLCVFAINNTKSFEDIHHYREQIKRVKDSEDVPMVLVGNKCDLPSRTVDTKQAQDLARSYGIPFIETSAKTRQGVDDAFYTLVREIRKH	True	114.486	39.096	89.319	90.000	124.370	90.000	/Users/mitchellparker/Desktop/rascore_build/core/6e6fB_core.cif	/Users/mitchellparker/Desktop/rascore_build/rcsb/6e6f.cif.gz	/Users/mitchellparker/Desktop/rascore_build/renum/6e6f_renum.cif	/Users/mitchellparker/Desktop/rascore_build/rcsb_assembly/6e6f-assembly-2.cif.gz	/Users/mitchellparker/Desktop/rascore_build/renum_assembly/6e6f-assembly-2_renum.cif	/Users/mitchellparker/Desktop/rascore_build/sifts/6e6f.xml.gz	/Users/mitchellparker/Desktop/rascore_build/pocket/6e6fB_5_pocket.pdb
6e6fB	6e6f	0	B	Disordered	Disordered	Disordered	Disordered	C 1 2 1 (CF8)	6e6fB6	6	GTPase KRas	RASK_HUMAN	P01116-2	G13D	G13	KRAS	3P	G13D	None	None	None	None	SP2-Unbound	C 1 2 1	166	1-28:40-58:64-166	2018-07-24	Other	276.6828	0.0379	Unbound	Unbound	7,56,57,58,67,68,71,72	GNP	None	None	None	None	None	None	None	None	None	None	GNP	None	None	None	None	None	STP	XRAY	3.401	0.187	MTEYKLVVVGAGDVGKSALTIQLIQNHFVDEYDPTIEDSYRKQVVIDGETCLLDILDTAGQEEYSAMRDQYMRTGEGFLCVFAINNTKSFEDIHHYREQIKRVKDSEDVPMVLVGNKCDLPSRTVDTKQAQDLARSYGIPFIETSAKTRQGVDDAFYTLVREIRKH	True	114.486	39.096	89.319	90.000	124.370	90.000	/Users/mitchellparker/Desktop/rascore_build/core/6e6fB_core.cif	/Users/mitchellparker/Desktop/rascore_build/rcsb/6e6f.cif.gz	/Users/mitchellparker/Desktop/rascore_build/renum/6e6f_renum.cif	/Users/mitchellparker/Desktop/rascore_build/rcsb_assembly/6e6f-assembly-2.cif.gz	/Users/mitchellparker/Desktop/rascore_build/renum_assembly/6e6f-assembly-2_renum.cif	/Users/mitchellparker/Desktop/rascore_build/sifts/6e6f.xml.gz	/Users/mitchellparker/Desktop/rascore_build/pocket/6e6fB_6_pocket.pdb
6e6fB	6e6f	0	B	Disordered	Disordered	Disordered	Disordered	C 1 2 1 (CF8)	6e6fB7	7	GTPase KRas	RASK_HUMAN	P01116-2	G13D	G13	KRAS	3P	G13D	None	None	None	None	SP2-Unbound	C 1 2 1	166	1-28:40-58:64-166	2018-07-24	Other	270.1067	0.0004	Unbound	Unbound	108,109,110,111,138,139,140,162,165,166	GNP	None	None	None	None	None	None	None	None	None	None	GNP	None	None	None	None	None	STP	XRAY	3.401	0.187	MTEYKLVVVGAGDVGKSALTIQLIQNHFVDEYDPTIEDSYRKQVVIDGETCLLDILDTAGQEEYSAMRDQYMRTGEGFLCVFAINNTKSFEDIHHYREQIKRVKDSEDVPMVLVGNKCDLPSRTVDTKQAQDLARSYGIPFIETSAKTRQGVDDAFYTLVREIRKH	True	114.486	39.096	89.319	90.000	124.370	90.000	/Users/mitchellparker/Desktop/rascore_build/core/6e6fB_core.cif	/Users/mitchellparker/Desktop/rascore_build/rcsb/6e6f.cif.gz	/Users/mitchellparker/Desktop/rascore_build/renum/6e6f_renum.cif	/Users/mitchellparker/Desktop/rascore_build/rcsb_assembly/6e6f-assembly-2.cif.gz	/Users/mitchellparker/Desktop/rascore_build/renum_assembly/6e6f-assembly-2_renum.cif	/Users/mitchellparker/Desktop/rascore_build/sifts/6e6f.xml.gz	/Users/mitchellparker/Desktop/rascore_build/pocket/6e6fB_7_pocket.pdb
6e6fB	6e6f	0	B	Disordered	Disordered	Disordered	Disordered	C 1 2 1 (CF8)	6e6fB8	8	GTPase KRas	RASK_HUMAN	P01116-2	G13D	G13	KRAS	3P	G13D	None	None	None	None	SP2-Unbound	C 1 2 1	166	1-28:40-58:64-166	2018-07-24	Other	206.2530	0.0002	Unbound	Unbound	97,98,101,102,106,107	GNP	None	None	None	None	None	None	None	None	None	None	GNP	None	None	None	None	None	STP	XRAY	3.401	0.187	MTEYKLVVVGAGDVGKSALTIQLIQNHFVDEYDPTIEDSYRKQVVIDGETCLLDILDTAGQEEYSAMRDQYMRTGEGFLCVFAINNTKSFEDIHHYREQIKRVKDSEDVPMVLVGNKCDLPSRTVDTKQAQDLARSYGIPFIETSAKTRQGVDDAFYTLVREIRKH	True	114.486	39.096	89.319	90.000	124.370	90.000	/Users/mitchellparker/Desktop/rascore_build/core/6e6fB_core.cif	/Users/mitchellparker/Desktop/rascore_build/rcsb/6e6f.cif.gz	/Users/mitchellparker/Desktop/rascore_build/renum/6e6f_renum.cif	/Users/mitchellparker/Desktop/rascore_build/rcsb_assembly/6e6f-assembly-2.cif.gz	/Users/mitchellparker/Desktop/rascore_build/renum_assembly/6e6f-assembly-2_renum.cif	/Users/mitchellparker/Desktop/rascore_build/sifts/6e6f.xml.gz	/Users/mitchellparker/Desktop/rascore_build/pocket/6e6fB_8_pocket.pdb
6e6gA	6e6g	0	A	Outlier	Outlier	Y32out	Y71out	P 21 21 21 (CF18)	6e6gA1	1	GTPase KRas	RASK_HUMAN	P01116-2	G13D	G13	KRAS	2P	G13D	None	None	None	None	Other-Unbound	P 21 21 21	166	1-166	2018-07-24	Other	253.1436	0.0102	Unbound	Unbound	22,26,149,151,152,153,154	GDP,CA,NA	None	None	None	None	None	None	None	None	None	None	GDP	None	None	CA,NA	None	None	STP	XRAY	1.930	0.165	MTEYKLVVVGAGDVGKSALTIQLIQNHFVDEYDPTIEDSYRKQVVIDGETCLLDILDTAGQEEYSAMRDQYMRTGEGFLCVFAINNTKSFEDIHHYREQIKRVKDSEDVPMVLVGNKCDLPSRTVDTKQAQDLARSYGIPFIETSAKTRQGVDDAFYTLVREIRKH	True	36.096	37.829	100.171	90.000	90.000	90.000	/Users/mitchellparker/Desktop/rascore_build/core/6e6gA_core.cif	/Users/mitchellparker/Desktop/rascore_build/rcsb/6e6g.cif.gz	/Users/mitchellparker/Desktop/rascore_build/renum/6e6g_renum.cif	/Users/mitchellparker/Desktop/rascore_build/rcsb_assembly/6e6g-assembly-1.cif.gz	/Users/mitchellparker/Desktop/rascore_build/renum_assembly/6e6g-assembly-1_renum.cif	/Users/mitchellparker/Desktop/rascore_build/sifts/6e6g.xml.gz	/Users/mitchellparker/Desktop/rascore_build/pocket/6e6gA_1_pocket.pdb
6e6gA	6e6g	0	A	Outlier	Outlier	Y32out	Y71out	P 21 21 21 (CF18)	6e6gA2	2	GTPase KRas	RASK_HUMAN	P01116-2	G13D	G13	KRAS	2P	G13D	None	None	None	None	Other-Unbound	P 21 21 21	166	1-166	2018-07-24	Other	263.9746	0.0354	Unbound	Unbound	131,134,135,138,139,141	GDP,CA,NA	None	None	None	None	None	None	None	None	None	None	GDP	None	None	CA,NA	None	None	STP	XRAY	1.930	0.165	MTEYKLVVVGAGDVGKSALTIQLIQNHFVDEYDPTIEDSYRKQVVIDGETCLLDILDTAGQEEYSAMRDQYMRTGEGFLCVFAINNTKSFEDIHHYREQIKRVKDSEDVPMVLVGNKCDLPSRTVDTKQAQDLARSYGIPFIETSAKTRQGVDDAFYTLVREIRKH	True	36.096	37.829	100.171	90.000	90.000	90.000	/Users/mitchellparker/Desktop/rascore_build/core/6e6gA_core.cif	/Users/mitchellparker/Desktop/rascore_build/rcsb/6e6g.cif.gz	/Users/mitchellparker/Desktop/rascore_build/renum/6e6g_renum.cif	/Users/mitchellparker/Desktop/rascore_build/rcsb_assembly/6e6g-assembly-1.cif.gz	/Users/mitchellparker/Desktop/rascore_build/renum_assembly/6e6g-assembly-1_renum.cif	/Users/mitchellparker/Desktop/rascore_build/sifts/6e6g.xml.gz	/Users/mitchellparker/Desktop/rascore_build/pocket/6e6gA_2_pocket.pdb
6e6hA	6e6h	0	A	Outlier	Disordered	Y32out	Disordered	C 1 2 1 (CF9)	6e6hA2	2	GTPase NRas	RASN_HUMAN	P01111	G13D	G13	NRAS	3P	G13D	None	None	None	None	Other-Unbound	C 1 2 1	166	1-58:71-166	2018-07-24	Other	253.9321	0.0354	Unbound	Unbound	90,128,129,132,133,136	MG,GNP	None	None	None	None	None	None	None	None	None	None	GNP	MG	None	None	None	None	STP	XRAY	1.990	0.179	MTEYKLVVVGAGDVGKSALTIQLIQNHFVDEYDPTIEDSYRKQVVIDGETCLLDILDTAGQEEYSAMRDQYMRTGEGFLCVFAINNSKSFADINLYREQIKRVKDSDDVPMVLVGNKCDLPTRTVDTKQAHELAKSYGIPFIETSAKTRQGVEDAFYTLVREIRQY	True	59.553	39.565	65.016	90.000	106.400	90.000	/Users/mitchellparker/Desktop/rascore_build/core/6e6hA_core.cif	/Users/mitchellparker/Desktop/rascore_build/rcsb/6e6h.cif.gz	/Users/mitchellparker/Desktop/rascore_build/renum/6e6h_renum.cif	/Users/mitchellparker/Desktop/rascore_build/rcsb_assembly/6e6h-assembly-1.cif.gz	/Users/mitchellparker/Desktop/rascore_build/renum_assembly/6e6h-assembly-1_renum.cif	/Users/mitchellparker/Desktop/rascore_build/sifts/6e6h.xml.gz	/Users/mitchellparker/Desktop/rascore_build/pocket/6e6hA_2_pocket.pdb
6e6hA	6e6h	0	A	Outlier	Disordered	Y32out	Disordered	C 1 2 1 (CF9)	6e6hA3	3	GTPase NRas	RASN_HUMAN	P01111	G13D	G13	NRAS	3P	G13D	None	None	None	None	Other-Unbound	C 1 2 1	166	1-58:71-166	2018-07-24	Other	271.9945	0.0131	Unbound	Unbound	95,98,99,102,103	MG,GNP	None	None	None	None	None	None	None	None	None	None	GNP	MG	None	None	None	None	STP	XRAY	1.990	0.179	MTEYKLVVVGAGDVGKSALTIQLIQNHFVDEYDPTIEDSYRKQVVIDGETCLLDILDTAGQEEYSAMRDQYMRTGEGFLCVFAINNSKSFADINLYREQIKRVKDSDDVPMVLVGNKCDLPTRTVDTKQAHELAKSYGIPFIETSAKTRQGVEDAFYTLVREIRQY	True	59.553	39.565	65.016	90.000	106.400	90.000	/Users/mitchellparker/Desktop/rascore_build/core/6e6hA_core.cif	/Users/mitchellparker/Desktop/rascore_build/rcsb/6e6h.cif.gz	/Users/mitchellparker/Desktop/rascore_build/renum/6e6h_renum.cif	/Users/mitchellparker/Desktop/rascore_build/rcsb_assembly/6e6h-assembly-1.cif.gz	/Users/mitchellparker/Desktop/rascore_build/renum_assembly/6e6h-assembly-1_renum.cif	/Users/mitchellparker/Desktop/rascore_build/sifts/6e6h.xml.gz	/Users/mitchellparker/Desktop/rascore_build/pocket/6e6hA_3_pocket.pdb
6e6hA	6e6h	0	A	Outlier	Disordered	Y32out	Disordered	C 1 2 1 (CF9)	6e6hA4	4	GTPase NRas	RASN_HUMAN	P01111	G13D	G13	NRAS	3P	G13D	None	None	None	None	Other-Unbound	C 1 2 1	166	1-58:71-166	2018-07-24	Other	233.9528	0.0005	Unbound	Unbound	98,101,102,105,106,107	MG,GNP	None	None	None	None	None	None	None	None	None	None	GNP	MG	None	None	None	None	STP	XRAY	1.990	0.179	MTEYKLVVVGAGDVGKSALTIQLIQNHFVDEYDPTIEDSYRKQVVIDGETCLLDILDTAGQEEYSAMRDQYMRTGEGFLCVFAINNSKSFADINLYREQIKRVKDSDDVPMVLVGNKCDLPTRTVDTKQAHELAKSYGIPFIETSAKTRQGVEDAFYTLVREIRQY	True	59.553	39.565	65.016	90.000	106.400	90.000	/Users/mitchellparker/Desktop/rascore_build/core/6e6hA_core.cif	/Users/mitchellparker/Desktop/rascore_build/rcsb/6e6h.cif.gz	/Users/mitchellparker/Desktop/rascore_build/renum/6e6h_renum.cif	/Users/mitchellparker/Desktop/rascore_build/rcsb_assembly/6e6h-assembly-1.cif.gz	/Users/mitchellparker/Desktop/rascore_build/renum_assembly/6e6h-assembly-1_renum.cif	/Users/mitchellparker/Desktop/rascore_build/sifts/6e6h.xml.gz	/Users/mitchellparker/Desktop/rascore_build/pocket/6e6hA_4_pocket.pdb
6e6hA	6e6h	0	A	Outlier	Disordered	Y32out	Disordered	C 1 2 1 (CF9)	6e6hA5	5	GTPase NRas	RASN_HUMAN	P01111	G13D	G13	NRAS	3P	G13D	None	None	None	None	Other-Unbound	C 1 2 1	166	1-58:71-166	2018-07-24	Other	256.6929	0.0020	Unbound	Unbound	21,25,27,29,33,34,36,37,40	MG,GNP	None	None	None	None	None	None	None	None	None	None	GNP	MG	None	None	None	None	STP	XRAY	1.990	0.179	MTEYKLVVVGAGDVGKSALTIQLIQNHFVDEYDPTIEDSYRKQVVIDGETCLLDILDTAGQEEYSAMRDQYMRTGEGFLCVFAINNSKSFADINLYREQIKRVKDSDDVPMVLVGNKCDLPTRTVDTKQAHELAKSYGIPFIETSAKTRQGVEDAFYTLVREIRQY	True	59.553	39.565	65.016	90.000	106.400	90.000	/Users/mitchellparker/Desktop/rascore_build/core/6e6hA_core.cif	/Users/mitchellparker/Desktop/rascore_build/rcsb/6e6h.cif.gz	/Users/mitchellparker/Desktop/rascore_build/renum/6e6h_renum.cif	/Users/mitchellparker/Desktop/rascore_build/rcsb_assembly/6e6h-assembly-1.cif.gz	/Users/mitchellparker/Desktop/rascore_build/renum_assembly/6e6h-assembly-1_renum.cif	/Users/mitchellparker/Desktop/rascore_build/sifts/6e6h.xml.gz	/Users/mitchellparker/Desktop/rascore_build/pocket/6e6hA_5_pocket.pdb
6e6hA	6e6h	0	A	Outlier	Disordered	Y32out	Disordered	C 1 2 1 (CF9)	6e6hA6	6	GTPase NRas	RASN_HUMAN	P01111	G13D	G13	NRAS	3P	G13D	None	None	None	None	Other-Unbound	C 1 2 1	166	1-58:71-166	2018-07-24	Other	260.3432	0.0004	Unbound	Unbound	97,108,109,110,138,139,162,165,166	MG,GNP	None	None	None	None	None	None	None	None	None	None	GNP	MG	None	None	None	None	STP	XRAY	1.990	0.179	MTEYKLVVVGAGDVGKSALTIQLIQNHFVDEYDPTIEDSYRKQVVIDGETCLLDILDTAGQEEYSAMRDQYMRTGEGFLCVFAINNSKSFADINLYREQIKRVKDSDDVPMVLVGNKCDLPTRTVDTKQAHELAKSYGIPFIETSAKTRQGVEDAFYTLVREIRQY	True	59.553	39.565	65.016	90.000	106.400	90.000	/Users/mitchellparker/Desktop/rascore_build/core/6e6hA_core.cif	/Users/mitchellparker/Desktop/rascore_build/rcsb/6e6h.cif.gz	/Users/mitchellparker/Desktop/rascore_build/renum/6e6h_renum.cif	/Users/mitchellparker/Desktop/rascore_build/rcsb_assembly/6e6h-assembly-1.cif.gz	/Users/mitchellparker/Desktop/rascore_build/renum_assembly/6e6h-assembly-1_renum.cif	/Users/mitchellparker/Desktop/rascore_build/sifts/6e6h.xml.gz	/Users/mitchellparker/Desktop/rascore_build/pocket/6e6hA_6_pocket.pdb
6e6hA	6e6h	0	A	Outlier	Disordered	Y32out	Disordered	C 1 2 1 (CF9)	6e6hA7	7	GTPase NRas	RASN_HUMAN	P01111	G13D	G13	NRAS	3P	G13D	None	None	None	None	Other-Unbound	C 1 2 1	166	1-58:71-166	2018-07-24	Other	262.5570	0.0179	Unbound	Unbound	76,104,106,109,110,163,166	MG,GNP	None	None	None	None	None	None	None	None	None	None	GNP	MG	None	None	None	None	STP	XRAY	1.990	0.179	MTEYKLVVVGAGDVGKSALTIQLIQNHFVDEYDPTIEDSYRKQVVIDGETCLLDILDTAGQEEYSAMRDQYMRTGEGFLCVFAINNSKSFADINLYREQIKRVKDSDDVPMVLVGNKCDLPTRTVDTKQAHELAKSYGIPFIETSAKTRQGVEDAFYTLVREIRQY	True	59.553	39.565	65.016	90.000	106.400	90.000	/Users/mitchellparker/Desktop/rascore_build/core/6e6hA_core.cif	/Users/mitchellparker/Desktop/rascore_build/rcsb/6e6h.cif.gz	/Users/mitchellparker/Desktop/rascore_build/renum/6e6h_renum.cif	/Users/mitchellparker/Desktop/rascore_build/rcsb_assembly/6e6h-assembly-1.cif.gz	/Users/mitchellparker/Desktop/rascore_build/renum_assembly/6e6h-assembly-1_renum.cif	/Users/mitchellparker/Desktop/rascore_build/sifts/6e6h.xml.gz	/Users/mitchellparker/Desktop/rascore_build/pocket/6e6hA_7_pocket.pdb
6e6pA	6e6p	0	A	Outlier	Disordered	Y32out	Y71out	P 21 21 21 (CF1)	6e6pA2	2	GTPase HRas	RASH_HUMAN	P01112	G13D	G13	HRAS	3P	G13D	None	None	None	Homodimer	Multiple-Unbound	P 21 21 21	166	1-59:67-166	2018-07-25	Other	337.3378	0.0016	Unbound	Unbound	97,101,107,108,109,110,111,137,138,139,162,165,166	GNP,MG,CA,GOL,GOL	None	None	None	None	None	None	None	None	None	None	GNP	MG	None	CA,GOL	None	None	STP	XRAY	1.930	0.184	MTEYKLVVVGAGDVGKSALTIQLIQNHFVDEYDPTIEDSYRKQVVIDGETCLLDILDTAGQEEYSAMRDQYMRTGEGFLCVFAINNTKSFEDIHQYREQIKRVKDSDDVPMVLVGNKCDLAARTVESRQAQDLARSYGIPYIETSAKTRQGVEDAFYTLVREIRQH	True	61.649	75.567	94.722	90.000	90.000	90.000	/Users/mitchellparker/Desktop/rascore_build/core/6e6pA_core.cif	/Users/mitchellparker/Desktop/rascore_build/rcsb/6e6p.cif.gz	/Users/mitchellparker/Desktop/rascore_build/renum/6e6p_renum.cif	/Users/mitchellparker/Desktop/rascore_build/rcsb_assembly/6e6p-assembly-1.cif.gz	/Users/mitchellparker/Desktop/rascore_build/renum_assembly/6e6p-assembly-1_renum.cif	/Users/mitchellparker/Desktop/rascore_build/sifts/6e6p.xml.gz	/Users/mitchellparker/Desktop/rascore_build/pocket/6e6pA_2_pocket.pdb
6e6pA	6e6p	0	A	Outlier	Disordered	Y32out	Y71out	P 21 21 21 (CF1)	6e6pA3	3	GTPase HRas	RASH_HUMAN	P01112	G13D	G13	HRAS	3P	G13D	None	None	None	Homodimer	Multiple-Unbound	P 21 21 21	166	1-59:67-166	2018-07-25	SP12	437.5130	0.4214	Unbound	Unbound	5,6,7,39,40,41,54,55,56,71,74,75	GNP,MG,CA,GOL,GOL	None	None	None	None	None	None	None	None	None	None	GNP	MG	None	CA,GOL	None	None	STP	XRAY	1.930	0.184	MTEYKLVVVGAGDVGKSALTIQLIQNHFVDEYDPTIEDSYRKQVVIDGETCLLDILDTAGQEEYSAMRDQYMRTGEGFLCVFAINNTKSFEDIHQYREQIKRVKDSDDVPMVLVGNKCDLAARTVESRQAQDLARSYGIPYIETSAKTRQGVEDAFYTLVREIRQH	True	61.649	75.567	94.722	90.000	90.000	90.000	/Users/mitchellparker/Desktop/rascore_build/core/6e6pA_core.cif	/Users/mitchellparker/Desktop/rascore_build/rcsb/6e6p.cif.gz	/Users/mitchellparker/Desktop/rascore_build/renum/6e6p_renum.cif	/Users/mitchellparker/Desktop/rascore_build/rcsb_assembly/6e6p-assembly-1.cif.gz	/Users/mitchellparker/Desktop/rascore_build/renum_assembly/6e6p-assembly-1_renum.cif	/Users/mitchellparker/Desktop/rascore_build/sifts/6e6p.xml.gz	/Users/mitchellparker/Desktop/rascore_build/pocket/6e6pA_3_pocket.pdb
6e6pA	6e6p	0	A	Outlier	Disordered	Y32out	Y71out	P 21 21 21 (CF1)	6e6pA4	4	GTPase HRas	RASH_HUMAN	P01112	G13D	G13	HRAS	3P	G13D	None	None	None	Homodimer	Multiple-Unbound	P 21 21 21	166	1-59:67-166	2018-07-25	Other	436.6308	0.0039	Unbound	Unbound	94,95,98,99,101,102,105,106,107	GNP,MG,CA,GOL,GOL	None	None	None	None	None	None	None	None	None	None	GNP	MG	None	CA,GOL	None	None	STP	XRAY	1.930	0.184	MTEYKLVVVGAGDVGKSALTIQLIQNHFVDEYDPTIEDSYRKQVVIDGETCLLDILDTAGQEEYSAMRDQYMRTGEGFLCVFAINNTKSFEDIHQYREQIKRVKDSDDVPMVLVGNKCDLAARTVESRQAQDLARSYGIPYIETSAKTRQGVEDAFYTLVREIRQH	True	61.649	75.567	94.722	90.000	90.000	90.000	/Users/mitchellparker/Desktop/rascore_build/core/6e6pA_core.cif	/Users/mitchellparker/Desktop/rascore_build/rcsb/6e6p.cif.gz	/Users/mitchellparker/Desktop/rascore_build/renum/6e6p_renum.cif	/Users/mitchellparker/Desktop/rascore_build/rcsb_assembly/6e6p-assembly-1.cif.gz	/Users/mitchellparker/Desktop/rascore_build/renum_assembly/6e6p-assembly-1_renum.cif	/Users/mitchellparker/Desktop/rascore_build/sifts/6e6p.xml.gz	/Users/mitchellparker/Desktop/rascore_build/pocket/6e6pA_4_pocket.pdb
6e6pA	6e6p	0	A	Outlier	Disordered	Y32out	Y71out	P 21 21 21 (CF1)	6e6pA5	5	GTPase HRas	RASH_HUMAN	P01112	G13D	G13	HRAS	3P	G13D	None	None	None	Homodimer	Multiple-Unbound	P 21 21 21	166	1-59:67-166	2018-07-25	SP2	365.8120	0.1182	Unbound	Unbound	9,10,38,56,57,58,59,68,71,72,96,99,100	GNP,MG,CA,GOL,GOL	None	None	None	None	None	None	None	None	None	None	GNP	MG	None	CA,GOL	None	None	STP	XRAY	1.930	0.184	MTEYKLVVVGAGDVGKSALTIQLIQNHFVDEYDPTIEDSYRKQVVIDGETCLLDILDTAGQEEYSAMRDQYMRTGEGFLCVFAINNTKSFEDIHQYREQIKRVKDSDDVPMVLVGNKCDLAARTVESRQAQDLARSYGIPYIETSAKTRQGVEDAFYTLVREIRQH	True	61.649	75.567	94.722	90.000	90.000	90.000	/Users/mitchellparker/Desktop/rascore_build/core/6e6pA_core.cif	/Users/mitchellparker/Desktop/rascore_build/rcsb/6e6p.cif.gz	/Users/mitchellparker/Desktop/rascore_build/renum/6e6p_renum.cif	/Users/mitchellparker/Desktop/rascore_build/rcsb_assembly/6e6p-assembly-1.cif.gz	/Users/mitchellparker/Desktop/rascore_build/renum_assembly/6e6p-assembly-1_renum.cif	/Users/mitchellparker/Desktop/rascore_build/sifts/6e6p.xml.gz	/Users/mitchellparker/Desktop/rascore_build/pocket/6e6pA_5_pocket.pdb
6e6pA	6e6p	0	A	Outlier	Disordered	Y32out	Y71out	P 21 21 21 (CF1)	6e6pA6	6	GTPase HRas	RASH_HUMAN	P01112	G13D	G13	HRAS	3P	G13D	None	None	None	Homodimer	Multiple-Unbound	P 21 21 21	166	1-59:67-166	2018-07-25	Other	276.5682	0.0001	Unbound	Unbound	23,24,25,26,42,149,153,157	GNP,MG,CA,GOL,GOL	None	None	None	None	None	None	None	None	None	None	GNP	MG	None	CA,GOL	None	None	STP	XRAY	1.930	0.184	MTEYKLVVVGAGDVGKSALTIQLIQNHFVDEYDPTIEDSYRKQVVIDGETCLLDILDTAGQEEYSAMRDQYMRTGEGFLCVFAINNTKSFEDIHQYREQIKRVKDSDDVPMVLVGNKCDLAARTVESRQAQDLARSYGIPYIETSAKTRQGVEDAFYTLVREIRQH	True	61.649	75.567	94.722	90.000	90.000	90.000	/Users/mitchellparker/Desktop/rascore_build/core/6e6pA_core.cif	/Users/mitchellparker/Desktop/rascore_build/rcsb/6e6p.cif.gz	/Users/mitchellparker/Desktop/rascore_build/renum/6e6p_renum.cif	/Users/mitchellparker/Desktop/rascore_build/rcsb_assembly/6e6p-assembly-1.cif.gz	/Users/mitchellparker/Desktop/rascore_build/renum_assembly/6e6p-assembly-1_renum.cif	/Users/mitchellparker/Desktop/rascore_build/sifts/6e6p.xml.gz	/Users/mitchellparker/Desktop/rascore_build/pocket/6e6pA_6_pocket.pdb
6e6pA	6e6p	0	A	Outlier	Disordered	Y32out	Y71out	P 21 21 21 (CF1)	6e6pA7	7	GTPase HRas	RASH_HUMAN	P01112	G13D	G13	HRAS	3P	G13D	None	None	None	Homodimer	Multiple-Unbound	P 21 21 21	166	1-59:67-166	2018-07-25	Other	332.6197	0.0014	Unbound	Unbound	76,104,106,108,109,110,163,166	GNP,MG,CA,GOL,GOL	None	None	None	None	None	None	None	None	None	None	GNP	MG	None	CA,GOL	None	None	STP	XRAY	1.930	0.184	MTEYKLVVVGAGDVGKSALTIQLIQNHFVDEYDPTIEDSYRKQVVIDGETCLLDILDTAGQEEYSAMRDQYMRTGEGFLCVFAINNTKSFEDIHQYREQIKRVKDSDDVPMVLVGNKCDLAARTVESRQAQDLARSYGIPYIETSAKTRQGVEDAFYTLVREIRQH	True	61.649	75.567	94.722	90.000	90.000	90.000	/Users/mitchellparker/Desktop/rascore_build/core/6e6pA_core.cif	/Users/mitchellparker/Desktop/rascore_build/rcsb/6e6p.cif.gz	/Users/mitchellparker/Desktop/rascore_build/renum/6e6p_renum.cif	/Users/mitchellparker/Desktop/rascore_build/rcsb_assembly/6e6p-assembly-1.cif.gz	/Users/mitchellparker/Desktop/rascore_build/renum_assembly/6e6p-assembly-1_renum.cif	/Users/mitchellparker/Desktop/rascore_build/sifts/6e6p.xml.gz	/Users/mitchellparker/Desktop/rascore_build/pocket/6e6pA_7_pocket.pdb
6e6pB	6e6p	0	B	Outlier	Disordered	Y32out	Disordered	P 21 21 21 (CF1)	6e6pB2	2	GTPase HRas	RASH_HUMAN	P01112	G13D	G13	HRAS	3P	G13D	None	None	None	None	Other-Unbound	P 21 21 21	166	1-60:69-166	2018-07-25	Other	224.3616	0.0023	Unbound	Unbound	90,129,132,133,136	GNP,MG,GOL	None	None	None	None	None	None	None	None	None	None	GNP	MG	None	GOL	None	None	STP	XRAY	1.930	0.184	MTEYKLVVVGAGDVGKSALTIQLIQNHFVDEYDPTIEDSYRKQVVIDGETCLLDILDTAGQEEYSAMRDQYMRTGEGFLCVFAINNTKSFEDIHQYREQIKRVKDSDDVPMVLVGNKCDLAARTVESRQAQDLARSYGIPYIETSAKTRQGVEDAFYTLVREIRQH	True	61.649	75.567	94.722	90.000	90.000	90.000	/Users/mitchellparker/Desktop/rascore_build/core/6e6pB_core.cif	/Users/mitchellparker/Desktop/rascore_build/rcsb/6e6p.cif.gz	/Users/mitchellparker/Desktop/rascore_build/renum/6e6p_renum.cif	/Users/mitchellparker/Desktop/rascore_build/rcsb_assembly/6e6p-assembly-1.cif.gz	/Users/mitchellparker/Desktop/rascore_build/renum_assembly/6e6p-assembly-1_renum.cif	/Users/mitchellparker/Desktop/rascore_build/sifts/6e6p.xml.gz	/Users/mitchellparker/Desktop/rascore_build/pocket/6e6pB_2_pocket.pdb
6e6pB	6e6p	0	B	Outlier	Disordered	Y32out	Disordered	P 21 21 21 (CF1)	6e6pB3	3	GTPase HRas	RASH_HUMAN	P01112	G13D	G13	HRAS	3P	G13D	None	None	None	None	Other-Unbound	P 21 21 21	166	1-60:69-166	2018-07-25	Other	276.5487	0.0003	Unbound	Unbound	97,107,108,109,110,111,137,138,139,162,165,166	GNP,MG,GOL	None	None	None	None	None	None	None	None	None	None	GNP	MG	None	GOL	None	None	STP	XRAY	1.930	0.184	MTEYKLVVVGAGDVGKSALTIQLIQNHFVDEYDPTIEDSYRKQVVIDGETCLLDILDTAGQEEYSAMRDQYMRTGEGFLCVFAINNTKSFEDIHQYREQIKRVKDSDDVPMVLVGNKCDLAARTVESRQAQDLARSYGIPYIETSAKTRQGVEDAFYTLVREIRQH	True	61.649	75.567	94.722	90.000	90.000	90.000	/Users/mitchellparker/Desktop/rascore_build/core/6e6pB_core.cif	/Users/mitchellparker/Desktop/rascore_build/rcsb/6e6p.cif.gz	/Users/mitchellparker/Desktop/rascore_build/renum/6e6p_renum.cif	/Users/mitchellparker/Desktop/rascore_build/rcsb_assembly/6e6p-assembly-1.cif.gz	/Users/mitchellparker/Desktop/rascore_build/renum_assembly/6e6p-assembly-1_renum.cif	/Users/mitchellparker/Desktop/rascore_build/sifts/6e6p.xml.gz	/Users/mitchellparker/Desktop/rascore_build/pocket/6e6pB_3_pocket.pdb
6e6pB	6e6p	0	B	Outlier	Disordered	Y32out	Disordered	P 21 21 21 (CF1)	6e6pB4	4	GTPase HRas	RASH_HUMAN	P01112	G13D	G13	HRAS	3P	G13D	None	None	None	None	Other-Unbound	P 21 21 21	166	1-60:69-166	2018-07-25	Other	288.3333	0.0112	Unbound	Unbound	76,104,106,108,109,110,163,166	GNP,MG,GOL	None	None	None	None	None	None	None	None	None	None	GNP	MG	None	GOL	None	None	STP	XRAY	1.930	0.184	MTEYKLVVVGAGDVGKSALTIQLIQNHFVDEYDPTIEDSYRKQVVIDGETCLLDILDTAGQEEYSAMRDQYMRTGEGFLCVFAINNTKSFEDIHQYREQIKRVKDSDDVPMVLVGNKCDLAARTVESRQAQDLARSYGIPYIETSAKTRQGVEDAFYTLVREIRQH	True	61.649	75.567	94.722	90.000	90.000	90.000	/Users/mitchellparker/Desktop/rascore_build/core/6e6pB_core.cif	/Users/mitchellparker/Desktop/rascore_build/rcsb/6e6p.cif.gz	/Users/mitchellparker/Desktop/rascore_build/renum/6e6p_renum.cif	/Users/mitchellparker/Desktop/rascore_build/rcsb_assembly/6e6p-assembly-1.cif.gz	/Users/mitchellparker/Desktop/rascore_build/renum_assembly/6e6p-assembly-1_renum.cif	/Users/mitchellparker/Desktop/rascore_build/sifts/6e6p.xml.gz	/Users/mitchellparker/Desktop/rascore_build/pocket/6e6pB_4_pocket.pdb
6e6pB	6e6p	0	B	Outlier	Disordered	Y32out	Disordered	P 21 21 21 (CF1)	6e6pB5	5	GTPase HRas	RASH_HUMAN	P01112	G13D	G13	HRAS	3P	G13D	None	None	None	None	Other-Unbound	P 21 21 21	166	1-60:69-166	2018-07-25	Other	178.7960	0.0051	Unbound	Unbound	131,134,135,139,141	GNP,MG,GOL	None	None	None	None	None	None	None	None	None	None	GNP	MG	None	GOL	None	None	STP	XRAY	1.930	0.184	MTEYKLVVVGAGDVGKSALTIQLIQNHFVDEYDPTIEDSYRKQVVIDGETCLLDILDTAGQEEYSAMRDQYMRTGEGFLCVFAINNTKSFEDIHQYREQIKRVKDSDDVPMVLVGNKCDLAARTVESRQAQDLARSYGIPYIETSAKTRQGVEDAFYTLVREIRQH	True	61.649	75.567	94.722	90.000	90.000	90.000	/Users/mitchellparker/Desktop/rascore_build/core/6e6pB_core.cif	/Users/mitchellparker/Desktop/rascore_build/rcsb/6e6p.cif.gz	/Users/mitchellparker/Desktop/rascore_build/renum/6e6p_renum.cif	/Users/mitchellparker/Desktop/rascore_build/rcsb_assembly/6e6p-assembly-1.cif.gz	/Users/mitchellparker/Desktop/rascore_build/renum_assembly/6e6p-assembly-1_renum.cif	/Users/mitchellparker/Desktop/rascore_build/sifts/6e6p.xml.gz	/Users/mitchellparker/Desktop/rascore_build/pocket/6e6pB_5_pocket.pdb
6e6pC	6e6p	0	C	Outlier	Outlier	Disordered	Disordered	P 21 21 21 (CF1)	6e6pC3	3	GTPase HRas	RASH_HUMAN	P01112	G13D	G13	HRAS	3P	G13D	None	None	None	Homodimer	Other-Unbound	P 21 21 21	166	1-166	2018-07-25	Other	318.7744	0.0017	Unbound	Unbound	75,76,104,108,109,110,163,166	GNP,MG,CA,NA,GOL	None	None	None	None	None	None	None	None	None	None	GNP	MG	None	CA,GOL,NA	None	None	STP	XRAY	1.930	0.184	MTEYKLVVVGAGDVGKSALTIQLIQNHFVDEYDPTIEDSYRKQVVIDGETCLLDILDTAGQEEYSAMRDQYMRTGEGFLCVFAINNTKSFEDIHQYREQIKRVKDSDDVPMVLVGNKCDLAARTVESRQAQDLARSYGIPYIETSAKTRQGVEDAFYTLVREIRQH	True	61.649	75.567	94.722	90.000	90.000	90.000	/Users/mitchellparker/Desktop/rascore_build/core/6e6pC_core.cif	/Users/mitchellparker/Desktop/rascore_build/rcsb/6e6p.cif.gz	/Users/mitchellparker/Desktop/rascore_build/renum/6e6p_renum.cif	/Users/mitchellparker/Desktop/rascore_build/rcsb_assembly/6e6p-assembly-1.cif.gz	/Users/mitchellparker/Desktop/rascore_build/renum_assembly/6e6p-assembly-1_renum.cif	/Users/mitchellparker/Desktop/rascore_build/sifts/6e6p.xml.gz	/Users/mitchellparker/Desktop/rascore_build/pocket/6e6pC_3_pocket.pdb
6e6pC	6e6p	0	C	Outlier	Outlier	Disordered	Disordered	P 21 21 21 (CF1)	6e6pC4	4	GTPase HRas	RASH_HUMAN	P01112	G13D	G13	HRAS	3P	G13D	None	None	None	Homodimer	Other-Unbound	P 21 21 21	166	1-166	2018-07-25	Other	248.4875	0.0002	Unbound	Unbound	97,107,108,109,110,137,138,139,162,166	GNP,MG,CA,NA,GOL	None	None	None	None	None	None	None	None	None	None	GNP	MG	None	CA,GOL,NA	None	None	STP	XRAY	1.930	0.184	MTEYKLVVVGAGDVGKSALTIQLIQNHFVDEYDPTIEDSYRKQVVIDGETCLLDILDTAGQEEYSAMRDQYMRTGEGFLCVFAINNTKSFEDIHQYREQIKRVKDSDDVPMVLVGNKCDLAARTVESRQAQDLARSYGIPYIETSAKTRQGVEDAFYTLVREIRQH	True	61.649	75.567	94.722	90.000	90.000	90.000	/Users/mitchellparker/Desktop/rascore_build/core/6e6pC_core.cif	/Users/mitchellparker/Desktop/rascore_build/rcsb/6e6p.cif.gz	/Users/mitchellparker/Desktop/rascore_build/renum/6e6p_renum.cif	/Users/mitchellparker/Desktop/rascore_build/rcsb_assembly/6e6p-assembly-1.cif.gz	/Users/mitchellparker/Desktop/rascore_build/renum_assembly/6e6p-assembly-1_renum.cif	/Users/mitchellparker/Desktop/rascore_build/sifts/6e6p.xml.gz	/Users/mitchellparker/Desktop/rascore_build/pocket/6e6pC_4_pocket.pdb
6eplR	6epl	0	R	Outlier	Y71out.0P-GEF	Y32out	Y71out	I 4 2 2 (CF1)	6eplR1	1	GTPase KRas	RASK_HUMAN	P01116-2	G12C,C118S,D126E,T127S,K128R	G12,C118,D126,T127,K128	KRAS	0P	G12C	None	None	GEF.CDC25	None	SP2-Unbound	I 4 2 2	170	1-169	2017-10-12	SP2	252.9422	0.0760	Unbound	Unbound	7,8,9,10,16,58,61,62,64,68,71,72,96	GOL	Son of sevenless homolog 1	None	S:60,63,64,65,66,70,67,73,69,102,40,56,54,55,71,61,59,58,57,34,17,32,21,25,31,30,68,105,99,12,74	SOS1_HUMAN	None	None	None	RasGEF	None	S	None	None	None	GOL	None	None	STP	XRAY	2.550	0.192	GMTEYKLVVVGACGVGKSALTIQLIQNHFVDEYDPTIEDSYRKQVVIDGETCLLDILDTAGQEEYSAMRDQYMRTGEGFLCVFAINNTKSFEDIHHYREQIKRVKDSEDVPMVLVGNKSDLPSRTVESRQAQDLARSYGIPFIETSAKTRQGVDDAFYTLVREIRKHKEK	True	149.522	149.522	202.101	90.00	90.00	90.00	/Users/mitchellparker/Desktop/rascore_build/core/6eplR_core.cif	/Users/mitchellparker/Desktop/rascore_build/rcsb/6epl.cif.gz	/Users/mitchellparker/Desktop/rascore_build/renum/6epl_renum.cif	/Users/mitchellparker/Desktop/rascore_build/rcsb_assembly/6epl-assembly-1.cif.gz	/Users/mitchellparker/Desktop/rascore_build/renum_assembly/6epl-assembly-1_renum.cif	/Users/mitchellparker/Desktop/rascore_build/sifts/6epl.xml.gz	/Users/mitchellparker/Desktop/rascore_build/pocket/6eplR_1_pocket.pdb
6eplR	6epl	0	R	Outlier	Y71out.0P-GEF	Y32out	Y71out	I 4 2 2 (CF1)	6eplR2	2	GTPase KRas	RASK_HUMAN	P01116-2	G12C,C118S,D126E,T127S,K128R	G12,C118,D126,T127,K128	KRAS	0P	G12C	None	None	GEF.CDC25	None	SP2-Unbound	I 4 2 2	170	1-169	2017-10-12	Other	135.6745	0.0005	Unbound	Unbound	97,108,109,110,137,138,139,162,166	GOL	Son of sevenless homolog 1	None	S:60,63,64,65,66,70,67,73,69,102,40,56,54,55,71,61,59,58,57,34,17,32,21,25,31,30,68,105,99,12,74	SOS1_HUMAN	None	None	None	RasGEF	None	S	None	None	None	GOL	None	None	STP	XRAY	2.550	0.192	GMTEYKLVVVGACGVGKSALTIQLIQNHFVDEYDPTIEDSYRKQVVIDGETCLLDILDTAGQEEYSAMRDQYMRTGEGFLCVFAINNTKSFEDIHHYREQIKRVKDSEDVPMVLVGNKSDLPSRTVESRQAQDLARSYGIPFIETSAKTRQGVDDAFYTLVREIRKHKEK	True	149.522	149.522	202.101	90.00	90.00	90.00	/Users/mitchellparker/Desktop/rascore_build/core/6eplR_core.cif	/Users/mitchellparker/Desktop/rascore_build/rcsb/6epl.cif.gz	/Users/mitchellparker/Desktop/rascore_build/renum/6epl_renum.cif	/Users/mitchellparker/Desktop/rascore_build/rcsb_assembly/6epl-assembly-1.cif.gz	/Users/mitchellparker/Desktop/rascore_build/renum_assembly/6epl-assembly-1_renum.cif	/Users/mitchellparker/Desktop/rascore_build/sifts/6epl.xml.gz	/Users/mitchellparker/Desktop/rascore_build/pocket/6eplR_2_pocket.pdb
6eplR	6epl	0	R	Outlier	Y71out.0P-GEF	Y32out	Y71out	I 4 2 2 (CF1)	6eplR3	3	GTPase KRas	RASK_HUMAN	P01116-2	G12C,C118S,D126E,T127S,K128R	G12,C118,D126,T127,K128	KRAS	0P	G12C	None	None	GEF.CDC25	None	SP2-Unbound	I 4 2 2	170	1-169	2017-10-12	Other	278.2505	0.0010	Unbound	Unbound	84,85,117,118,119,120,121,122,123	GOL	Son of sevenless homolog 1	None	S:60,63,64,65,66,70,67,73,69,102,40,56,54,55,71,61,59,58,57,34,17,32,21,25,31,30,68,105,99,12,74	SOS1_HUMAN	None	None	None	RasGEF	None	S	None	None	None	GOL	None	None	STP	XRAY	2.550	0.192	GMTEYKLVVVGACGVGKSALTIQLIQNHFVDEYDPTIEDSYRKQVVIDGETCLLDILDTAGQEEYSAMRDQYMRTGEGFLCVFAINNTKSFEDIHHYREQIKRVKDSEDVPMVLVGNKSDLPSRTVESRQAQDLARSYGIPFIETSAKTRQGVDDAFYTLVREIRKHKEK	True	149.522	149.522	202.101	90.00	90.00	90.00	/Users/mitchellparker/Desktop/rascore_build/core/6eplR_core.cif	/Users/mitchellparker/Desktop/rascore_build/rcsb/6epl.cif.gz	/Users/mitchellparker/Desktop/rascore_build/renum/6epl_renum.cif	/Users/mitchellparker/Desktop/rascore_build/rcsb_assembly/6epl-assembly-1.cif.gz	/Users/mitchellparker/Desktop/rascore_build/renum_assembly/6epl-assembly-1_renum.cif	/Users/mitchellparker/Desktop/rascore_build/sifts/6epl.xml.gz	/Users/mitchellparker/Desktop/rascore_build/pocket/6eplR_3_pocket.pdb
6eplR	6epl	0	R	Outlier	Y71out.0P-GEF	Y32out	Y71out	I 4 2 2 (CF1)	6eplR4	4	GTPase KRas	RASK_HUMAN	P01116-2	G12C,C118S,D126E,T127S,K128R	G12,C118,D126,T127,K128	KRAS	0P	G12C	None	None	GEF.CDC25	None	SP2-Unbound	I 4 2 2	170	1-169	2017-10-12	Other	415.3620	0.0001	Unbound	Unbound	131,135,138,139,140,141,162,165	GOL	Son of sevenless homolog 1	None	S:60,63,64,65,66,70,67,73,69,102,40,56,54,55,71,61,59,58,57,34,17,32,21,25,31,30,68,105,99,12,74	SOS1_HUMAN	None	None	None	RasGEF	None	S	None	None	None	GOL	None	None	STP	XRAY	2.550	0.192	GMTEYKLVVVGACGVGKSALTIQLIQNHFVDEYDPTIEDSYRKQVVIDGETCLLDILDTAGQEEYSAMRDQYMRTGEGFLCVFAINNTKSFEDIHHYREQIKRVKDSEDVPMVLVGNKSDLPSRTVESRQAQDLARSYGIPFIETSAKTRQGVDDAFYTLVREIRKHKEK	True	149.522	149.522	202.101	90.00	90.00	90.00	/Users/mitchellparker/Desktop/rascore_build/core/6eplR_core.cif	/Users/mitchellparker/Desktop/rascore_build/rcsb/6epl.cif.gz	/Users/mitchellparker/Desktop/rascore_build/renum/6epl_renum.cif	/Users/mitchellparker/Desktop/rascore_build/rcsb_assembly/6epl-assembly-1.cif.gz	/Users/mitchellparker/Desktop/rascore_build/renum_assembly/6epl-assembly-1_renum.cif	/Users/mitchellparker/Desktop/rascore_build/sifts/6epl.xml.gz	/Users/mitchellparker/Desktop/rascore_build/pocket/6eplR_4_pocket.pdb
6eplR	6epl	0	R	Outlier	Y71out.0P-GEF	Y32out	Y71out	I 4 2 2 (CF1)	6eplR5	5	GTPase KRas	RASK_HUMAN	P01116-2	G12C,C118S,D126E,T127S,K128R	G12,C118,D126,T127,K128	KRAS	0P	G12C	None	None	GEF.CDC25	None	SP2-Unbound	I 4 2 2	170	1-169	2017-10-12	Other	334.4301	0.0637	Unbound	Unbound	76,104,106,108,109,110,163,166,167	GOL	Son of sevenless homolog 1	None	S:60,63,64,65,66,70,67,73,69,102,40,56,54,55,71,61,59,58,57,34,17,32,21,25,31,30,68,105,99,12,74	SOS1_HUMAN	None	None	None	RasGEF	None	S	None	None	None	GOL	None	None	STP	XRAY	2.550	0.192	GMTEYKLVVVGACGVGKSALTIQLIQNHFVDEYDPTIEDSYRKQVVIDGETCLLDILDTAGQEEYSAMRDQYMRTGEGFLCVFAINNTKSFEDIHHYREQIKRVKDSEDVPMVLVGNKSDLPSRTVESRQAQDLARSYGIPFIETSAKTRQGVDDAFYTLVREIRKHKEK	True	149.522	149.522	202.101	90.00	90.00	90.00	/Users/mitchellparker/Desktop/rascore_build/core/6eplR_core.cif	/Users/mitchellparker/Desktop/rascore_build/rcsb/6epl.cif.gz	/Users/mitchellparker/Desktop/rascore_build/renum/6epl_renum.cif	/Users/mitchellparker/Desktop/rascore_build/rcsb_assembly/6epl-assembly-1.cif.gz	/Users/mitchellparker/Desktop/rascore_build/renum_assembly/6epl-assembly-1_renum.cif	/Users/mitchellparker/Desktop/rascore_build/sifts/6epl.xml.gz	/Users/mitchellparker/Desktop/rascore_build/pocket/6eplR_5_pocket.pdb
6eplR	6epl	0	R	Outlier	Y71out.0P-GEF	Y32out	Y71out	I 4 2 2 (CF1)	6eplR6	6	GTPase KRas	RASK_HUMAN	P01116-2	G12C,C118S,D126E,T127S,K128R	G12,C118,D126,T127,K128	KRAS	0P	G12C	None	None	GEF.CDC25	None	SP2-Unbound	I 4 2 2	170	1-169	2017-10-12	Other	249.1546	0.0008	Unbound	Unbound	47,161,164,165,168	GOL	Son of sevenless homolog 1	None	S:60,63,64,65,66,70,67,73,69,102,40,56,54,55,71,61,59,58,57,34,17,32,21,25,31,30,68,105,99,12,74	SOS1_HUMAN	None	None	None	RasGEF	None	S	None	None	None	GOL	None	None	STP	XRAY	2.550	0.192	GMTEYKLVVVGACGVGKSALTIQLIQNHFVDEYDPTIEDSYRKQVVIDGETCLLDILDTAGQEEYSAMRDQYMRTGEGFLCVFAINNTKSFEDIHHYREQIKRVKDSEDVPMVLVGNKSDLPSRTVESRQAQDLARSYGIPFIETSAKTRQGVDDAFYTLVREIRKHKEK	True	149.522	149.522	202.101	90.00	90.00	90.00	/Users/mitchellparker/Desktop/rascore_build/core/6eplR_core.cif	/Users/mitchellparker/Desktop/rascore_build/rcsb/6epl.cif.gz	/Users/mitchellparker/Desktop/rascore_build/renum/6epl_renum.cif	/Users/mitchellparker/Desktop/rascore_build/rcsb_assembly/6epl-assembly-1.cif.gz	/Users/mitchellparker/Desktop/rascore_build/renum_assembly/6epl-assembly-1_renum.cif	/Users/mitchellparker/Desktop/rascore_build/sifts/6epl.xml.gz	/Users/mitchellparker/Desktop/rascore_build/pocket/6eplR_6_pocket.pdb
6epmR	6epm	0	R	Outlier	Y71out.0P-GEF	Y32out	Y71out	I 4 2 2 (CF1)	6epmR1	1	GTPase KRas	RASK_HUMAN	P01116-2	G12C,C118S,D126E,T127S,K128R	G12,C118,D126,T127,K128	KRAS	0P	G12C	None	None	GEF.CDC25	None	SP2-Unbound	I 4 2 2	170	1-169	2017-10-12	SP2	253.8901	0.1442	Unbound	Unbound	7,8,9,10,16,58,61,62,64,68,71,72,96	GOL	Son of sevenless homolog 1	None	S:60,63,64,65,66,70,67,73,69,102,40,56,54,55,71,37,61,59,58,57,34,35,32,21,25,30,31,33,68,105,12,74,95,98,13	SOS1_HUMAN	None	None	None	RasGEF	None	S	None	None	None	GOL	None	None	STP	XRAY	2.500	0.181	GMTEYKLVVVGACGVGKSALTIQLIQNHFVDEYDPTIEDSYRKQVVIDGETCLLDILDTAGQEEYSAMRDQYMRTGEGFLCVFAINNTKSFEDIHHYREQIKRVKDSEDVPMVLVGNKSDLPSRTVESRQAQDLARSYGIPFIETSAKTRQGVDDAFYTLVREIRKHKEK	True	150.223	150.223	200.471	90.00	90.00	90.00	/Users/mitchellparker/Desktop/rascore_build/core/6epmR_core.cif	/Users/mitchellparker/Desktop/rascore_build/rcsb/6epm.cif.gz	/Users/mitchellparker/Desktop/rascore_build/renum/6epm_renum.cif	/Users/mitchellparker/Desktop/rascore_build/rcsb_assembly/6epm-assembly-1.cif.gz	/Users/mitchellparker/Desktop/rascore_build/renum_assembly/6epm-assembly-1_renum.cif	/Users/mitchellparker/Desktop/rascore_build/sifts/6epm.xml.gz	/Users/mitchellparker/Desktop/rascore_build/pocket/6epmR_1_pocket.pdb
6epmR	6epm	0	R	Outlier	Y71out.0P-GEF	Y32out	Y71out	I 4 2 2 (CF1)	6epmR2	2	GTPase KRas	RASK_HUMAN	P01116-2	G12C,C118S,D126E,T127S,K128R	G12,C118,D126,T127,K128	KRAS	0P	G12C	None	None	GEF.CDC25	None	SP2-Unbound	I 4 2 2	170	1-169	2017-10-12	Other	222.3128	0.0004	Unbound	Unbound	97,107,108,109,110,137,138,139,162,165,166,169	GOL	Son of sevenless homolog 1	None	S:60,63,64,65,66,70,67,73,69,102,40,56,54,55,71,37,61,59,58,57,34,35,32,21,25,30,31,33,68,105,12,74,95,98,13	SOS1_HUMAN	None	None	None	RasGEF	None	S	None	None	None	GOL	None	None	STP	XRAY	2.500	0.181	GMTEYKLVVVGACGVGKSALTIQLIQNHFVDEYDPTIEDSYRKQVVIDGETCLLDILDTAGQEEYSAMRDQYMRTGEGFLCVFAINNTKSFEDIHHYREQIKRVKDSEDVPMVLVGNKSDLPSRTVESRQAQDLARSYGIPFIETSAKTRQGVDDAFYTLVREIRKHKEK	True	150.223	150.223	200.471	90.00	90.00	90.00	/Users/mitchellparker/Desktop/rascore_build/core/6epmR_core.cif	/Users/mitchellparker/Desktop/rascore_build/rcsb/6epm.cif.gz	/Users/mitchellparker/Desktop/rascore_build/renum/6epm_renum.cif	/Users/mitchellparker/Desktop/rascore_build/rcsb_assembly/6epm-assembly-1.cif.gz	/Users/mitchellparker/Desktop/rascore_build/renum_assembly/6epm-assembly-1_renum.cif	/Users/mitchellparker/Desktop/rascore_build/sifts/6epm.xml.gz	/Users/mitchellparker/Desktop/rascore_build/pocket/6epmR_2_pocket.pdb
6epmR	6epm	0	R	Outlier	Y71out.0P-GEF	Y32out	Y71out	I 4 2 2 (CF1)	6epmR3	3	GTPase KRas	RASK_HUMAN	P01116-2	G12C,C118S,D126E,T127S,K128R	G12,C118,D126,T127,K128	KRAS	0P	G12C	None	None	GEF.CDC25	None	SP2-Unbound	I 4 2 2	170	1-169	2017-10-12	Other	321.7990	0.0009	Unbound	Unbound	84,85,117,118,119,120,121,122,123	GOL	Son of sevenless homolog 1	None	S:60,63,64,65,66,70,67,73,69,102,40,56,54,55,71,37,61,59,58,57,34,35,32,21,25,30,31,33,68,105,12,74,95,98,13	SOS1_HUMAN	None	None	None	RasGEF	None	S	None	None	None	GOL	None	None	STP	XRAY	2.500	0.181	GMTEYKLVVVGACGVGKSALTIQLIQNHFVDEYDPTIEDSYRKQVVIDGETCLLDILDTAGQEEYSAMRDQYMRTGEGFLCVFAINNTKSFEDIHHYREQIKRVKDSEDVPMVLVGNKSDLPSRTVESRQAQDLARSYGIPFIETSAKTRQGVDDAFYTLVREIRKHKEK	True	150.223	150.223	200.471	90.00	90.00	90.00	/Users/mitchellparker/Desktop/rascore_build/core/6epmR_core.cif	/Users/mitchellparker/Desktop/rascore_build/rcsb/6epm.cif.gz	/Users/mitchellparker/Desktop/rascore_build/renum/6epm_renum.cif	/Users/mitchellparker/Desktop/rascore_build/rcsb_assembly/6epm-assembly-1.cif.gz	/Users/mitchellparker/Desktop/rascore_build/renum_assembly/6epm-assembly-1_renum.cif	/Users/mitchellparker/Desktop/rascore_build/sifts/6epm.xml.gz	/Users/mitchellparker/Desktop/rascore_build/pocket/6epmR_3_pocket.pdb
6epmR	6epm	0	R	Outlier	Y71out.0P-GEF	Y32out	Y71out	I 4 2 2 (CF1)	6epmR4	4	GTPase KRas	RASK_HUMAN	P01116-2	G12C,C118S,D126E,T127S,K128R	G12,C118,D126,T127,K128	KRAS	0P	G12C	None	None	GEF.CDC25	None	SP2-Unbound	I 4 2 2	170	1-169	2017-10-12	Other	351.1653	0.0001	Unbound	Unbound	131,134,135,138,139,140,141,162,165	GOL	Son of sevenless homolog 1	None	S:60,63,64,65,66,70,67,73,69,102,40,56,54,55,71,37,61,59,58,57,34,35,32,21,25,30,31,33,68,105,12,74,95,98,13	SOS1_HUMAN	None	None	None	RasGEF	None	S	None	None	None	GOL	None	None	STP	XRAY	2.500	0.181	GMTEYKLVVVGACGVGKSALTIQLIQNHFVDEYDPTIEDSYRKQVVIDGETCLLDILDTAGQEEYSAMRDQYMRTGEGFLCVFAINNTKSFEDIHHYREQIKRVKDSEDVPMVLVGNKSDLPSRTVESRQAQDLARSYGIPFIETSAKTRQGVDDAFYTLVREIRKHKEK	True	150.223	150.223	200.471	90.00	90.00	90.00	/Users/mitchellparker/Desktop/rascore_build/core/6epmR_core.cif	/Users/mitchellparker/Desktop/rascore_build/rcsb/6epm.cif.gz	/Users/mitchellparker/Desktop/rascore_build/renum/6epm_renum.cif	/Users/mitchellparker/Desktop/rascore_build/rcsb_assembly/6epm-assembly-1.cif.gz	/Users/mitchellparker/Desktop/rascore_build/renum_assembly/6epm-assembly-1_renum.cif	/Users/mitchellparker/Desktop/rascore_build/sifts/6epm.xml.gz	/Users/mitchellparker/Desktop/rascore_build/pocket/6epmR_4_pocket.pdb
6epmR	6epm	0	R	Outlier	Y71out.0P-GEF	Y32out	Y71out	I 4 2 2 (CF1)	6epmR5	5	GTPase KRas	RASK_HUMAN	P01116-2	G12C,C118S,D126E,T127S,K128R	G12,C118,D126,T127,K128	KRAS	0P	G12C	None	None	GEF.CDC25	None	SP2-Unbound	I 4 2 2	170	1-169	2017-10-12	Other	292.7577	0.0121	Unbound	Unbound	76,104,106,108,109,110,163,166,167	GOL	Son of sevenless homolog 1	None	S:60,63,64,65,66,70,67,73,69,102,40,56,54,55,71,37,61,59,58,57,34,35,32,21,25,30,31,33,68,105,12,74,95,98,13	SOS1_HUMAN	None	None	None	RasGEF	None	S	None	None	None	GOL	None	None	STP	XRAY	2.500	0.181	GMTEYKLVVVGACGVGKSALTIQLIQNHFVDEYDPTIEDSYRKQVVIDGETCLLDILDTAGQEEYSAMRDQYMRTGEGFLCVFAINNTKSFEDIHHYREQIKRVKDSEDVPMVLVGNKSDLPSRTVESRQAQDLARSYGIPFIETSAKTRQGVDDAFYTLVREIRKHKEK	True	150.223	150.223	200.471	90.00	90.00	90.00	/Users/mitchellparker/Desktop/rascore_build/core/6epmR_core.cif	/Users/mitchellparker/Desktop/rascore_build/rcsb/6epm.cif.gz	/Users/mitchellparker/Desktop/rascore_build/renum/6epm_renum.cif	/Users/mitchellparker/Desktop/rascore_build/rcsb_assembly/6epm-assembly-1.cif.gz	/Users/mitchellparker/Desktop/rascore_build/renum_assembly/6epm-assembly-1_renum.cif	/Users/mitchellparker/Desktop/rascore_build/sifts/6epm.xml.gz	/Users/mitchellparker/Desktop/rascore_build/pocket/6epmR_5_pocket.pdb
6epmR	6epm	0	R	Outlier	Y71out.0P-GEF	Y32out	Y71out	I 4 2 2 (CF1)	6epmR6	6	GTPase KRas	RASK_HUMAN	P01116-2	G12C,C118S,D126E,T127S,K128R	G12,C118,D126,T127,K128	KRAS	0P	G12C	None	None	GEF.CDC25	None	SP2-Unbound	I 4 2 2	170	1-169	2017-10-12	Other	169.1336	0.0001	Unbound	Unbound	117,123,143,144,145,150	GOL	Son of sevenless homolog 1	None	S:60,63,64,65,66,70,67,73,69,102,40,56,54,55,71,37,61,59,58,57,34,35,32,21,25,30,31,33,68,105,12,74,95,98,13	SOS1_HUMAN	None	None	None	RasGEF	None	S	None	None	None	GOL	None	None	STP	XRAY	2.500	0.181	GMTEYKLVVVGACGVGKSALTIQLIQNHFVDEYDPTIEDSYRKQVVIDGETCLLDILDTAGQEEYSAMRDQYMRTGEGFLCVFAINNTKSFEDIHHYREQIKRVKDSEDVPMVLVGNKSDLPSRTVESRQAQDLARSYGIPFIETSAKTRQGVDDAFYTLVREIRKHKEK	True	150.223	150.223	200.471	90.00	90.00	90.00	/Users/mitchellparker/Desktop/rascore_build/core/6epmR_core.cif	/Users/mitchellparker/Desktop/rascore_build/rcsb/6epm.cif.gz	/Users/mitchellparker/Desktop/rascore_build/renum/6epm_renum.cif	/Users/mitchellparker/Desktop/rascore_build/rcsb_assembly/6epm-assembly-1.cif.gz	/Users/mitchellparker/Desktop/rascore_build/renum_assembly/6epm-assembly-1_renum.cif	/Users/mitchellparker/Desktop/rascore_build/sifts/6epm.xml.gz	/Users/mitchellparker/Desktop/rascore_build/pocket/6epmR_6_pocket.pdb
6epnR	6epn	0	R	Outlier	Y71out.0P-GEF	Y32out	Y71out	I 4 2 2 (CF1)	6epnR1	1	GTPase KRas	RASK_HUMAN	P01116-2	G12C,C118S,D126E,T127S,K128R	G12,C118,D126,T127,K128	KRAS	0P	G12C	None	None	GEF.CDC25	None	SP2-Unbound	I 4 2 2	170	1-169	2017-10-12	SP2	235.8332	0.0264	Unbound	Unbound	7,8,9,10,16,58,61,62,64,68,71,72,96	GOL	Son of sevenless homolog 1	None	S:60,63,64,65,66,70,67,73,69,102,40,56,54,55,71,61,59,58,57,34,17,32,21,25,31,30,68,105,74,95,98	SOS1_HUMAN	None	None	None	RasGEF	None	S	None	None	None	GOL	None	None	STP	XRAY	2.500	0.179	GMTEYKLVVVGACGVGKSALTIQLIQNHFVDEYDPTIEDSYRKQVVIDGETCLLDILDTAGQEEYSAMRDQYMRTGEGFLCVFAINNTKSFEDIHHYREQIKRVKDSEDVPMVLVGNKSDLPSRTVESRQAQDLARSYGIPFIETSAKTRQGVDDAFYTLVREIRKHKEK	True	149.990	149.990	201.070	90.00	90.00	90.00	/Users/mitchellparker/Desktop/rascore_build/core/6epnR_core.cif	/Users/mitchellparker/Desktop/rascore_build/rcsb/6epn.cif.gz	/Users/mitchellparker/Desktop/rascore_build/renum/6epn_renum.cif	/Users/mitchellparker/Desktop/rascore_build/rcsb_assembly/6epn-assembly-1.cif.gz	/Users/mitchellparker/Desktop/rascore_build/renum_assembly/6epn-assembly-1_renum.cif	/Users/mitchellparker/Desktop/rascore_build/sifts/6epn.xml.gz	/Users/mitchellparker/Desktop/rascore_build/pocket/6epnR_1_pocket.pdb
6epnR	6epn	0	R	Outlier	Y71out.0P-GEF	Y32out	Y71out	I 4 2 2 (CF1)	6epnR2	2	GTPase KRas	RASK_HUMAN	P01116-2	G12C,C118S,D126E,T127S,K128R	G12,C118,D126,T127,K128	KRAS	0P	G12C	None	None	GEF.CDC25	None	SP2-Unbound	I 4 2 2	170	1-169	2017-10-12	Other	217.9578	0.0003	Unbound	Unbound	97,107,108,109,110,111,137,138,139,162,165,166,169	GOL	Son of sevenless homolog 1	None	S:60,63,64,65,66,70,67,73,69,102,40,56,54,55,71,61,59,58,57,34,17,32,21,25,31,30,68,105,74,95,98	SOS1_HUMAN	None	None	None	RasGEF	None	S	None	None	None	GOL	None	None	STP	XRAY	2.500	0.179	GMTEYKLVVVGACGVGKSALTIQLIQNHFVDEYDPTIEDSYRKQVVIDGETCLLDILDTAGQEEYSAMRDQYMRTGEGFLCVFAINNTKSFEDIHHYREQIKRVKDSEDVPMVLVGNKSDLPSRTVESRQAQDLARSYGIPFIETSAKTRQGVDDAFYTLVREIRKHKEK	True	149.990	149.990	201.070	90.00	90.00	90.00	/Users/mitchellparker/Desktop/rascore_build/core/6epnR_core.cif	/Users/mitchellparker/Desktop/rascore_build/rcsb/6epn.cif.gz	/Users/mitchellparker/Desktop/rascore_build/renum/6epn_renum.cif	/Users/mitchellparker/Desktop/rascore_build/rcsb_assembly/6epn-assembly-1.cif.gz	/Users/mitchellparker/Desktop/rascore_build/renum_assembly/6epn-assembly-1_renum.cif	/Users/mitchellparker/Desktop/rascore_build/sifts/6epn.xml.gz	/Users/mitchellparker/Desktop/rascore_build/pocket/6epnR_2_pocket.pdb
6epnR	6epn	0	R	Outlier	Y71out.0P-GEF	Y32out	Y71out	I 4 2 2 (CF1)	6epnR3	3	GTPase KRas	RASK_HUMAN	P01116-2	G12C,C118S,D126E,T127S,K128R	G12,C118,D126,T127,K128	KRAS	0P	G12C	None	None	GEF.CDC25	None	SP2-Unbound	I 4 2 2	170	1-169	2017-10-12	Other	302.9829	0.0122	Unbound	Unbound	76,104,106,108,109,110,163,166,167	GOL	Son of sevenless homolog 1	None	S:60,63,64,65,66,70,67,73,69,102,40,56,54,55,71,61,59,58,57,34,17,32,21,25,31,30,68,105,74,95,98	SOS1_HUMAN	None	None	None	RasGEF	None	S	None	None	None	GOL	None	None	STP	XRAY	2.500	0.179	GMTEYKLVVVGACGVGKSALTIQLIQNHFVDEYDPTIEDSYRKQVVIDGETCLLDILDTAGQEEYSAMRDQYMRTGEGFLCVFAINNTKSFEDIHHYREQIKRVKDSEDVPMVLVGNKSDLPSRTVESRQAQDLARSYGIPFIETSAKTRQGVDDAFYTLVREIRKHKEK	True	149.990	149.990	201.070	90.00	90.00	90.00	/Users/mitchellparker/Desktop/rascore_build/core/6epnR_core.cif	/Users/mitchellparker/Desktop/rascore_build/rcsb/6epn.cif.gz	/Users/mitchellparker/Desktop/rascore_build/renum/6epn_renum.cif	/Users/mitchellparker/Desktop/rascore_build/rcsb_assembly/6epn-assembly-1.cif.gz	/Users/mitchellparker/Desktop/rascore_build/renum_assembly/6epn-assembly-1_renum.cif	/Users/mitchellparker/Desktop/rascore_build/sifts/6epn.xml.gz	/Users/mitchellparker/Desktop/rascore_build/pocket/6epnR_3_pocket.pdb
6epnR	6epn	0	R	Outlier	Y71out.0P-GEF	Y32out	Y71out	I 4 2 2 (CF1)	6epnR4	4	GTPase KRas	RASK_HUMAN	P01116-2	G12C,C118S,D126E,T127S,K128R	G12,C118,D126,T127,K128	KRAS	0P	G12C	None	None	GEF.CDC25	None	SP2-Unbound	I 4 2 2	170	1-169	2017-10-12	Other	343.1303	0.0001	Unbound	Unbound	131,134,135,138,139,140,141,162,165	GOL	Son of sevenless homolog 1	None	S:60,63,64,65,66,70,67,73,69,102,40,56,54,55,71,61,59,58,57,34,17,32,21,25,31,30,68,105,74,95,98	SOS1_HUMAN	None	None	None	RasGEF	None	S	None	None	None	GOL	None	None	STP	XRAY	2.500	0.179	GMTEYKLVVVGACGVGKSALTIQLIQNHFVDEYDPTIEDSYRKQVVIDGETCLLDILDTAGQEEYSAMRDQYMRTGEGFLCVFAINNTKSFEDIHHYREQIKRVKDSEDVPMVLVGNKSDLPSRTVESRQAQDLARSYGIPFIETSAKTRQGVDDAFYTLVREIRKHKEK	True	149.990	149.990	201.070	90.00	90.00	90.00	/Users/mitchellparker/Desktop/rascore_build/core/6epnR_core.cif	/Users/mitchellparker/Desktop/rascore_build/rcsb/6epn.cif.gz	/Users/mitchellparker/Desktop/rascore_build/renum/6epn_renum.cif	/Users/mitchellparker/Desktop/rascore_build/rcsb_assembly/6epn-assembly-1.cif.gz	/Users/mitchellparker/Desktop/rascore_build/renum_assembly/6epn-assembly-1_renum.cif	/Users/mitchellparker/Desktop/rascore_build/sifts/6epn.xml.gz	/Users/mitchellparker/Desktop/rascore_build/pocket/6epnR_4_pocket.pdb
6epnR	6epn	0	R	Outlier	Y71out.0P-GEF	Y32out	Y71out	I 4 2 2 (CF1)	6epnR5	5	GTPase KRas	RASK_HUMAN	P01116-2	G12C,C118S,D126E,T127S,K128R	G12,C118,D126,T127,K128	KRAS	0P	G12C	None	None	GEF.CDC25	None	SP2-Unbound	I 4 2 2	170	1-169	2017-10-12	Other	242.8079	0.0014	Unbound	Unbound	84,85,117,118,119,120,121,122,123	GOL	Son of sevenless homolog 1	None	S:60,63,64,65,66,70,67,73,69,102,40,56,54,55,71,61,59,58,57,34,17,32,21,25,31,30,68,105,74,95,98	SOS1_HUMAN	None	None	None	RasGEF	None	S	None	None	None	GOL	None	None	STP	XRAY	2.500	0.179	GMTEYKLVVVGACGVGKSALTIQLIQNHFVDEYDPTIEDSYRKQVVIDGETCLLDILDTAGQEEYSAMRDQYMRTGEGFLCVFAINNTKSFEDIHHYREQIKRVKDSEDVPMVLVGNKSDLPSRTVESRQAQDLARSYGIPFIETSAKTRQGVDDAFYTLVREIRKHKEK	True	149.990	149.990	201.070	90.00	90.00	90.00	/Users/mitchellparker/Desktop/rascore_build/core/6epnR_core.cif	/Users/mitchellparker/Desktop/rascore_build/rcsb/6epn.cif.gz	/Users/mitchellparker/Desktop/rascore_build/renum/6epn_renum.cif	/Users/mitchellparker/Desktop/rascore_build/rcsb_assembly/6epn-assembly-1.cif.gz	/Users/mitchellparker/Desktop/rascore_build/renum_assembly/6epn-assembly-1_renum.cif	/Users/mitchellparker/Desktop/rascore_build/sifts/6epn.xml.gz	/Users/mitchellparker/Desktop/rascore_build/pocket/6epnR_5_pocket.pdb
6epoR	6epo	0	R	Outlier	Y71out.0P-GEF	Y32out	Y71out	I 4 2 2 (CF1)	6epoR1	1	GTPase KRas	RASK_HUMAN	P01116-2	G12C,C118S,D126E,T127S,K128R	G12,C118,D126,T127,K128	KRAS	0P	G12C	None	None	GEF.CDC25	None	SP2-Unbound	I 4 2 2	170	1-169	2017-10-12	SP2	229.7322	0.0126	Unbound	Unbound	7,8,9,10,16,58,61,62,64,68,71,72,96	GOL	Son of sevenless homolog 1	None	S:60,63,64,65,66,70,67,73,69,102,40,56,54,55,71,61,59,58,57,34,35,17,32,21,25,31,30,68,105,12,74,13	SOS1_HUMAN	None	None	None	RasGEF	None	S	None	None	None	GOL	None	None	STP	XRAY	2.400	0.187	GMTEYKLVVVGACGVGKSALTIQLIQNHFVDEYDPTIEDSYRKQVVIDGETCLLDILDTAGQEEYSAMRDQYMRTGEGFLCVFAINNTKSFEDIHHYREQIKRVKDSEDVPMVLVGNKSDLPSRTVESRQAQDLARSYGIPFIETSAKTRQGVDDAFYTLVREIRKHKEK	True	150.118	150.118	200.087	90.00	90.00	90.00	/Users/mitchellparker/Desktop/rascore_build/core/6epoR_core.cif	/Users/mitchellparker/Desktop/rascore_build/rcsb/6epo.cif.gz	/Users/mitchellparker/Desktop/rascore_build/renum/6epo_renum.cif	/Users/mitchellparker/Desktop/rascore_build/rcsb_assembly/6epo-assembly-1.cif.gz	/Users/mitchellparker/Desktop/rascore_build/renum_assembly/6epo-assembly-1_renum.cif	/Users/mitchellparker/Desktop/rascore_build/sifts/6epo.xml.gz	/Users/mitchellparker/Desktop/rascore_build/pocket/6epoR_1_pocket.pdb
6epoR	6epo	0	R	Outlier	Y71out.0P-GEF	Y32out	Y71out	I 4 2 2 (CF1)	6epoR2	2	GTPase KRas	RASK_HUMAN	P01116-2	G12C,C118S,D126E,T127S,K128R	G12,C118,D126,T127,K128	KRAS	0P	G12C	None	None	GEF.CDC25	None	SP2-Unbound	I 4 2 2	170	1-169	2017-10-12	Other	159.9609	0.0003	Unbound	Unbound	97,107,108,109,110,111,137,138,139,162,166	GOL	Son of sevenless homolog 1	None	S:60,63,64,65,66,70,67,73,69,102,40,56,54,55,71,61,59,58,57,34,35,17,32,21,25,31,30,68,105,12,74,13	SOS1_HUMAN	None	None	None	RasGEF	None	S	None	None	None	GOL	None	None	STP	XRAY	2.400	0.187	GMTEYKLVVVGACGVGKSALTIQLIQNHFVDEYDPTIEDSYRKQVVIDGETCLLDILDTAGQEEYSAMRDQYMRTGEGFLCVFAINNTKSFEDIHHYREQIKRVKDSEDVPMVLVGNKSDLPSRTVESRQAQDLARSYGIPFIETSAKTRQGVDDAFYTLVREIRKHKEK	True	150.118	150.118	200.087	90.00	90.00	90.00	/Users/mitchellparker/Desktop/rascore_build/core/6epoR_core.cif	/Users/mitchellparker/Desktop/rascore_build/rcsb/6epo.cif.gz	/Users/mitchellparker/Desktop/rascore_build/renum/6epo_renum.cif	/Users/mitchellparker/Desktop/rascore_build/rcsb_assembly/6epo-assembly-1.cif.gz	/Users/mitchellparker/Desktop/rascore_build/renum_assembly/6epo-assembly-1_renum.cif	/Users/mitchellparker/Desktop/rascore_build/sifts/6epo.xml.gz	/Users/mitchellparker/Desktop/rascore_build/pocket/6epoR_2_pocket.pdb
6epoR	6epo	0	R	Outlier	Y71out.0P-GEF	Y32out	Y71out	I 4 2 2 (CF1)	6epoR3	3	GTPase KRas	RASK_HUMAN	P01116-2	G12C,C118S,D126E,T127S,K128R	G12,C118,D126,T127,K128	KRAS	0P	G12C	None	None	GEF.CDC25	None	SP2-Unbound	I 4 2 2	170	1-169	2017-10-12	Other	299.7750	0.0075	Unbound	Unbound	76,104,106,108,109,110,163,166,167	GOL	Son of sevenless homolog 1	None	S:60,63,64,65,66,70,67,73,69,102,40,56,54,55,71,61,59,58,57,34,35,17,32,21,25,31,30,68,105,12,74,13	SOS1_HUMAN	None	None	None	RasGEF	None	S	None	None	None	GOL	None	None	STP	XRAY	2.400	0.187	GMTEYKLVVVGACGVGKSALTIQLIQNHFVDEYDPTIEDSYRKQVVIDGETCLLDILDTAGQEEYSAMRDQYMRTGEGFLCVFAINNTKSFEDIHHYREQIKRVKDSEDVPMVLVGNKSDLPSRTVESRQAQDLARSYGIPFIETSAKTRQGVDDAFYTLVREIRKHKEK	True	150.118	150.118	200.087	90.00	90.00	90.00	/Users/mitchellparker/Desktop/rascore_build/core/6epoR_core.cif	/Users/mitchellparker/Desktop/rascore_build/rcsb/6epo.cif.gz	/Users/mitchellparker/Desktop/rascore_build/renum/6epo_renum.cif	/Users/mitchellparker/Desktop/rascore_build/rcsb_assembly/6epo-assembly-1.cif.gz	/Users/mitchellparker/Desktop/rascore_build/renum_assembly/6epo-assembly-1_renum.cif	/Users/mitchellparker/Desktop/rascore_build/sifts/6epo.xml.gz	/Users/mitchellparker/Desktop/rascore_build/pocket/6epoR_3_pocket.pdb
6epoR	6epo	0	R	Outlier	Y71out.0P-GEF	Y32out	Y71out	I 4 2 2 (CF1)	6epoR4	4	GTPase KRas	RASK_HUMAN	P01116-2	G12C,C118S,D126E,T127S,K128R	G12,C118,D126,T127,K128	KRAS	0P	G12C	None	None	GEF.CDC25	None	SP2-Unbound	I 4 2 2	170	1-169	2017-10-12	Other	226.6891	0.0009	Unbound	Unbound	24,25,31,32,33,36,38,39	GOL	Son of sevenless homolog 1	None	S:60,63,64,65,66,70,67,73,69,102,40,56,54,55,71,61,59,58,57,34,35,17,32,21,25,31,30,68,105,12,74,13	SOS1_HUMAN	None	None	None	RasGEF	None	S	None	None	None	GOL	None	None	STP	XRAY	2.400	0.187	GMTEYKLVVVGACGVGKSALTIQLIQNHFVDEYDPTIEDSYRKQVVIDGETCLLDILDTAGQEEYSAMRDQYMRTGEGFLCVFAINNTKSFEDIHHYREQIKRVKDSEDVPMVLVGNKSDLPSRTVESRQAQDLARSYGIPFIETSAKTRQGVDDAFYTLVREIRKHKEK	True	150.118	150.118	200.087	90.00	90.00	90.00	/Users/mitchellparker/Desktop/rascore_build/core/6epoR_core.cif	/Users/mitchellparker/Desktop/rascore_build/rcsb/6epo.cif.gz	/Users/mitchellparker/Desktop/rascore_build/renum/6epo_renum.cif	/Users/mitchellparker/Desktop/rascore_build/rcsb_assembly/6epo-assembly-1.cif.gz	/Users/mitchellparker/Desktop/rascore_build/renum_assembly/6epo-assembly-1_renum.cif	/Users/mitchellparker/Desktop/rascore_build/sifts/6epo.xml.gz	/Users/mitchellparker/Desktop/rascore_build/pocket/6epoR_4_pocket.pdb
6epoR	6epo	0	R	Outlier	Y71out.0P-GEF	Y32out	Y71out	I 4 2 2 (CF1)	6epoR5	5	GTPase KRas	RASK_HUMAN	P01116-2	G12C,C118S,D126E,T127S,K128R	G12,C118,D126,T127,K128	KRAS	0P	G12C	None	None	GEF.CDC25	None	SP2-Unbound	I 4 2 2	170	1-169	2017-10-12	Other	336.9028	0.0001	Unbound	Unbound	131,135,138,139,140,141,162,165	GOL	Son of sevenless homolog 1	None	S:60,63,64,65,66,70,67,73,69,102,40,56,54,55,71,61,59,58,57,34,35,17,32,21,25,31,30,68,105,12,74,13	SOS1_HUMAN	None	None	None	RasGEF	None	S	None	None	None	GOL	None	None	STP	XRAY	2.400	0.187	GMTEYKLVVVGACGVGKSALTIQLIQNHFVDEYDPTIEDSYRKQVVIDGETCLLDILDTAGQEEYSAMRDQYMRTGEGFLCVFAINNTKSFEDIHHYREQIKRVKDSEDVPMVLVGNKSDLPSRTVESRQAQDLARSYGIPFIETSAKTRQGVDDAFYTLVREIRKHKEK	True	150.118	150.118	200.087	90.00	90.00	90.00	/Users/mitchellparker/Desktop/rascore_build/core/6epoR_core.cif	/Users/mitchellparker/Desktop/rascore_build/rcsb/6epo.cif.gz	/Users/mitchellparker/Desktop/rascore_build/renum/6epo_renum.cif	/Users/mitchellparker/Desktop/rascore_build/rcsb_assembly/6epo-assembly-1.cif.gz	/Users/mitchellparker/Desktop/rascore_build/renum_assembly/6epo-assembly-1_renum.cif	/Users/mitchellparker/Desktop/rascore_build/sifts/6epo.xml.gz	/Users/mitchellparker/Desktop/rascore_build/pocket/6epoR_5_pocket.pdb
6epoR	6epo	0	R	Outlier	Y71out.0P-GEF	Y32out	Y71out	I 4 2 2 (CF1)	6epoR6	6	GTPase KRas	RASK_HUMAN	P01116-2	G12C,C118S,D126E,T127S,K128R	G12,C118,D126,T127,K128	KRAS	0P	G12C	None	None	GEF.CDC25	None	SP2-Unbound	I 4 2 2	170	1-169	2017-10-12	Other	240.3798	0.0009	Unbound	Unbound	47,161,164,165,168	GOL	Son of sevenless homolog 1	None	S:60,63,64,65,66,70,67,73,69,102,40,56,54,55,71,61,59,58,57,34,35,17,32,21,25,31,30,68,105,12,74,13	SOS1_HUMAN	None	None	None	RasGEF	None	S	None	None	None	GOL	None	None	STP	XRAY	2.400	0.187	GMTEYKLVVVGACGVGKSALTIQLIQNHFVDEYDPTIEDSYRKQVVIDGETCLLDILDTAGQEEYSAMRDQYMRTGEGFLCVFAINNTKSFEDIHHYREQIKRVKDSEDVPMVLVGNKSDLPSRTVESRQAQDLARSYGIPFIETSAKTRQGVDDAFYTLVREIRKHKEK	True	150.118	150.118	200.087	90.00	90.00	90.00	/Users/mitchellparker/Desktop/rascore_build/core/6epoR_core.cif	/Users/mitchellparker/Desktop/rascore_build/rcsb/6epo.cif.gz	/Users/mitchellparker/Desktop/rascore_build/renum/6epo_renum.cif	/Users/mitchellparker/Desktop/rascore_build/rcsb_assembly/6epo-assembly-1.cif.gz	/Users/mitchellparker/Desktop/rascore_build/renum_assembly/6epo-assembly-1_renum.cif	/Users/mitchellparker/Desktop/rascore_build/sifts/6epo.xml.gz	/Users/mitchellparker/Desktop/rascore_build/pocket/6epoR_6_pocket.pdb
6eppR	6epp	0	R	Outlier	Y71out.0P-GEF	Y32out	Y71out	I 4 2 2 (CF1)	6eppR1	1	GTPase KRas	RASK_HUMAN	P01116-2	G12C,C118S,D126E,T127S,K128R	G12,C118,D126,T127,K128	KRAS	0P	G12C	None	None	GEF.CDC25	None	SP2-Unbound	I 4 2 2	170	1-168	2017-10-12	SP2	448.2614	0.0540	Unbound	Unbound	7,8,9,10,11,12,16,58,61,62,63,64,68,71,72,88,92,96	GOL	Son of sevenless homolog 1	None	S:60,63,64,65,66,70,67,73,69,102,40,56,54,55,71,61,59,58,57,34,17,32,21,31,30,68,105,74	SOS1_HUMAN	None	None	None	RasGEF	None	S	None	None	None	GOL	None	None	STP	XRAY	2.400	0.178	GMTEYKLVVVGACGVGKSALTIQLIQNHFVDEYDPTIEDSYRKQVVIDGETCLLDILDTAGQEEYSAMRDQYMRTGEGFLCVFAINNTKSFEDIHHYREQIKRVKDSEDVPMVLVGNKSDLPSRTVESRQAQDLARSYGIPFIETSAKTRQGVDDAFYTLVREIRKHKEK	True	149.980	149.980	200.370	90.00	90.00	90.00	/Users/mitchellparker/Desktop/rascore_build/core/6eppR_core.cif	/Users/mitchellparker/Desktop/rascore_build/rcsb/6epp.cif.gz	/Users/mitchellparker/Desktop/rascore_build/renum/6epp_renum.cif	/Users/mitchellparker/Desktop/rascore_build/rcsb_assembly/6epp-assembly-1.cif.gz	/Users/mitchellparker/Desktop/rascore_build/renum_assembly/6epp-assembly-1_renum.cif	/Users/mitchellparker/Desktop/rascore_build/sifts/6epp.xml.gz	/Users/mitchellparker/Desktop/rascore_build/pocket/6eppR_1_pocket.pdb
6eppR	6epp	0	R	Outlier	Y71out.0P-GEF	Y32out	Y71out	I 4 2 2 (CF1)	6eppR2	2	GTPase KRas	RASK_HUMAN	P01116-2	G12C,C118S,D126E,T127S,K128R	G12,C118,D126,T127,K128	KRAS	0P	G12C	None	None	GEF.CDC25	None	SP2-Unbound	I 4 2 2	170	1-168	2017-10-12	Other	266.7903	0.0002	Unbound	Unbound	97,107,108,109,110,111,137,138,139,162,165,166	GOL	Son of sevenless homolog 1	None	S:60,63,64,65,66,70,67,73,69,102,40,56,54,55,71,61,59,58,57,34,17,32,21,31,30,68,105,74	SOS1_HUMAN	None	None	None	RasGEF	None	S	None	None	None	GOL	None	None	STP	XRAY	2.400	0.178	GMTEYKLVVVGACGVGKSALTIQLIQNHFVDEYDPTIEDSYRKQVVIDGETCLLDILDTAGQEEYSAMRDQYMRTGEGFLCVFAINNTKSFEDIHHYREQIKRVKDSEDVPMVLVGNKSDLPSRTVESRQAQDLARSYGIPFIETSAKTRQGVDDAFYTLVREIRKHKEK	True	149.980	149.980	200.370	90.00	90.00	90.00	/Users/mitchellparker/Desktop/rascore_build/core/6eppR_core.cif	/Users/mitchellparker/Desktop/rascore_build/rcsb/6epp.cif.gz	/Users/mitchellparker/Desktop/rascore_build/renum/6epp_renum.cif	/Users/mitchellparker/Desktop/rascore_build/rcsb_assembly/6epp-assembly-1.cif.gz	/Users/mitchellparker/Desktop/rascore_build/renum_assembly/6epp-assembly-1_renum.cif	/Users/mitchellparker/Desktop/rascore_build/sifts/6epp.xml.gz	/Users/mitchellparker/Desktop/rascore_build/pocket/6eppR_2_pocket.pdb
6eppR	6epp	0	R	Outlier	Y71out.0P-GEF	Y32out	Y71out	I 4 2 2 (CF1)	6eppR3	3	GTPase KRas	RASK_HUMAN	P01116-2	G12C,C118S,D126E,T127S,K128R	G12,C118,D126,T127,K128	KRAS	0P	G12C	None	None	GEF.CDC25	None	SP2-Unbound	I 4 2 2	170	1-168	2017-10-12	Other	229.0637	0.0009	Unbound	Unbound	84,85,117,118,119,120,121,122,123	GOL	Son of sevenless homolog 1	None	S:60,63,64,65,66,70,67,73,69,102,40,56,54,55,71,61,59,58,57,34,17,32,21,31,30,68,105,74	SOS1_HUMAN	None	None	None	RasGEF	None	S	None	None	None	GOL	None	None	STP	XRAY	2.400	0.178	GMTEYKLVVVGACGVGKSALTIQLIQNHFVDEYDPTIEDSYRKQVVIDGETCLLDILDTAGQEEYSAMRDQYMRTGEGFLCVFAINNTKSFEDIHHYREQIKRVKDSEDVPMVLVGNKSDLPSRTVESRQAQDLARSYGIPFIETSAKTRQGVDDAFYTLVREIRKHKEK	True	149.980	149.980	200.370	90.00	90.00	90.00	/Users/mitchellparker/Desktop/rascore_build/core/6eppR_core.cif	/Users/mitchellparker/Desktop/rascore_build/rcsb/6epp.cif.gz	/Users/mitchellparker/Desktop/rascore_build/renum/6epp_renum.cif	/Users/mitchellparker/Desktop/rascore_build/rcsb_assembly/6epp-assembly-1.cif.gz	/Users/mitchellparker/Desktop/rascore_build/renum_assembly/6epp-assembly-1_renum.cif	/Users/mitchellparker/Desktop/rascore_build/sifts/6epp.xml.gz	/Users/mitchellparker/Desktop/rascore_build/pocket/6eppR_3_pocket.pdb
6eppR	6epp	0	R	Outlier	Y71out.0P-GEF	Y32out	Y71out	I 4 2 2 (CF1)	6eppR4	4	GTPase KRas	RASK_HUMAN	P01116-2	G12C,C118S,D126E,T127S,K128R	G12,C118,D126,T127,K128	KRAS	0P	G12C	None	None	GEF.CDC25	None	SP2-Unbound	I 4 2 2	170	1-168	2017-10-12	Other	282.4584	0.0072	Unbound	Unbound	76,104,106,108,109,110,163,166,167	GOL	Son of sevenless homolog 1	None	S:60,63,64,65,66,70,67,73,69,102,40,56,54,55,71,61,59,58,57,34,17,32,21,31,30,68,105,74	SOS1_HUMAN	None	None	None	RasGEF	None	S	None	None	None	GOL	None	None	STP	XRAY	2.400	0.178	GMTEYKLVVVGACGVGKSALTIQLIQNHFVDEYDPTIEDSYRKQVVIDGETCLLDILDTAGQEEYSAMRDQYMRTGEGFLCVFAINNTKSFEDIHHYREQIKRVKDSEDVPMVLVGNKSDLPSRTVESRQAQDLARSYGIPFIETSAKTRQGVDDAFYTLVREIRKHKEK	True	149.980	149.980	200.370	90.00	90.00	90.00	/Users/mitchellparker/Desktop/rascore_build/core/6eppR_core.cif	/Users/mitchellparker/Desktop/rascore_build/rcsb/6epp.cif.gz	/Users/mitchellparker/Desktop/rascore_build/renum/6epp_renum.cif	/Users/mitchellparker/Desktop/rascore_build/rcsb_assembly/6epp-assembly-1.cif.gz	/Users/mitchellparker/Desktop/rascore_build/renum_assembly/6epp-assembly-1_renum.cif	/Users/mitchellparker/Desktop/rascore_build/sifts/6epp.xml.gz	/Users/mitchellparker/Desktop/rascore_build/pocket/6eppR_4_pocket.pdb
6eppR	6epp	0	R	Outlier	Y71out.0P-GEF	Y32out	Y71out	I 4 2 2 (CF1)	6eppR5	5	GTPase KRas	RASK_HUMAN	P01116-2	G12C,C118S,D126E,T127S,K128R	G12,C118,D126,T127,K128	KRAS	0P	G12C	None	None	GEF.CDC25	None	SP2-Unbound	I 4 2 2	170	1-168	2017-10-12	Other	362.1176	0.0001	Unbound	Unbound	131,134,135,138,139,140,141,162,165	GOL	Son of sevenless homolog 1	None	S:60,63,64,65,66,70,67,73,69,102,40,56,54,55,71,61,59,58,57,34,17,32,21,31,30,68,105,74	SOS1_HUMAN	None	None	None	RasGEF	None	S	None	None	None	GOL	None	None	STP	XRAY	2.400	0.178	GMTEYKLVVVGACGVGKSALTIQLIQNHFVDEYDPTIEDSYRKQVVIDGETCLLDILDTAGQEEYSAMRDQYMRTGEGFLCVFAINNTKSFEDIHHYREQIKRVKDSEDVPMVLVGNKSDLPSRTVESRQAQDLARSYGIPFIETSAKTRQGVDDAFYTLVREIRKHKEK	True	149.980	149.980	200.370	90.00	90.00	90.00	/Users/mitchellparker/Desktop/rascore_build/core/6eppR_core.cif	/Users/mitchellparker/Desktop/rascore_build/rcsb/6epp.cif.gz	/Users/mitchellparker/Desktop/rascore_build/renum/6epp_renum.cif	/Users/mitchellparker/Desktop/rascore_build/rcsb_assembly/6epp-assembly-1.cif.gz	/Users/mitchellparker/Desktop/rascore_build/renum_assembly/6epp-assembly-1_renum.cif	/Users/mitchellparker/Desktop/rascore_build/sifts/6epp.xml.gz	/Users/mitchellparker/Desktop/rascore_build/pocket/6eppR_5_pocket.pdb
6eppR	6epp	0	R	Outlier	Y71out.0P-GEF	Y32out	Y71out	I 4 2 2 (CF1)	6eppR6	6	GTPase KRas	RASK_HUMAN	P01116-2	G12C,C118S,D126E,T127S,K128R	G12,C118,D126,T127,K128	KRAS	0P	G12C	None	None	GEF.CDC25	None	SP2-Unbound	I 4 2 2	170	1-168	2017-10-12	Other	294.1721	0.0016	Unbound	Unbound	24,25,26,29,31,32,33,36,38,39	GOL	Son of sevenless homolog 1	None	S:60,63,64,65,66,70,67,73,69,102,40,56,54,55,71,61,59,58,57,34,17,32,21,31,30,68,105,74	SOS1_HUMAN	None	None	None	RasGEF	None	S	None	None	None	GOL	None	None	STP	XRAY	2.400	0.178	GMTEYKLVVVGACGVGKSALTIQLIQNHFVDEYDPTIEDSYRKQVVIDGETCLLDILDTAGQEEYSAMRDQYMRTGEGFLCVFAINNTKSFEDIHHYREQIKRVKDSEDVPMVLVGNKSDLPSRTVESRQAQDLARSYGIPFIETSAKTRQGVDDAFYTLVREIRKHKEK	True	149.980	149.980	200.370	90.00	90.00	90.00	/Users/mitchellparker/Desktop/rascore_build/core/6eppR_core.cif	/Users/mitchellparker/Desktop/rascore_build/rcsb/6epp.cif.gz	/Users/mitchellparker/Desktop/rascore_build/renum/6epp_renum.cif	/Users/mitchellparker/Desktop/rascore_build/rcsb_assembly/6epp-assembly-1.cif.gz	/Users/mitchellparker/Desktop/rascore_build/renum_assembly/6epp-assembly-1_renum.cif	/Users/mitchellparker/Desktop/rascore_build/sifts/6epp.xml.gz	/Users/mitchellparker/Desktop/rascore_build/pocket/6eppR_6_pocket.pdb
6eppR	6epp	0	R	Outlier	Y71out.0P-GEF	Y32out	Y71out	I 4 2 2 (CF1)	6eppR7	7	GTPase KRas	RASK_HUMAN	P01116-2	G12C,C118S,D126E,T127S,K128R	G12,C118,D126,T127,K128	KRAS	0P	G12C	None	None	GEF.CDC25	None	SP2-Unbound	I 4 2 2	170	1-168	2017-10-12	Other	163.8385	0.0001	Unbound	Unbound	117,123,143,144,145,150	GOL	Son of sevenless homolog 1	None	S:60,63,64,65,66,70,67,73,69,102,40,56,54,55,71,61,59,58,57,34,17,32,21,31,30,68,105,74	SOS1_HUMAN	None	None	None	RasGEF	None	S	None	None	None	GOL	None	None	STP	XRAY	2.400	0.178	GMTEYKLVVVGACGVGKSALTIQLIQNHFVDEYDPTIEDSYRKQVVIDGETCLLDILDTAGQEEYSAMRDQYMRTGEGFLCVFAINNTKSFEDIHHYREQIKRVKDSEDVPMVLVGNKSDLPSRTVESRQAQDLARSYGIPFIETSAKTRQGVDDAFYTLVREIRKHKEK	True	149.980	149.980	200.370	90.00	90.00	90.00	/Users/mitchellparker/Desktop/rascore_build/core/6eppR_core.cif	/Users/mitchellparker/Desktop/rascore_build/rcsb/6epp.cif.gz	/Users/mitchellparker/Desktop/rascore_build/renum/6epp_renum.cif	/Users/mitchellparker/Desktop/rascore_build/rcsb_assembly/6epp-assembly-1.cif.gz	/Users/mitchellparker/Desktop/rascore_build/renum_assembly/6epp-assembly-1_renum.cif	/Users/mitchellparker/Desktop/rascore_build/sifts/6epp.xml.gz	/Users/mitchellparker/Desktop/rascore_build/pocket/6eppR_7_pocket.pdb
6f76A	6f76	0	A	Y32in.3P-ON	Y71in.3P-SP12-B	Y32in	Y71in	P 21 21 21 (CF5)	6f76A3	3	GTPase KRas	RASK_HUMAN	P01116-2	Q61H	Q61	KRAS	3P	Q61H	None	None	None	None	Other-Unbound	P 21 21 21	173	1-168	2017-12-07	Other	224.9783	0.0009	Unbound	Unbound	74,75,76,104,106,108,109,110,163,166	MG,GNP,CVK	None	None	None	None	None	None	None	None	None	None	GNP	MG	None	CVK	None	None	STP	XRAY	2.200	0.227	AFQGMTEYKLVVVGAGGVGKSALTIQLIQNHFVDEYDPTIEDSYRKQVVIDGETCLLDILDTAGHEEYSAMRDQYMRTGEGFLCVFAINNTKSFEDIHHYREQIKRVKDSEDVPMVLVGNKCDLPSRTVDTKQAQDLARSYGIPFIETSAKTRQGVDDAFYTLVREIRKHKEK	True	63.190	118.424	156.751	90.00	90.00	90.00	/Users/mitchellparker/Desktop/rascore_build/core/6f76A_core.cif	/Users/mitchellparker/Desktop/rascore_build/rcsb/6f76.cif.gz	/Users/mitchellparker/Desktop/rascore_build/renum/6f76_renum.cif	/Users/mitchellparker/Desktop/rascore_build/rcsb_assembly/6f76-assembly-1.cif.gz	/Users/mitchellparker/Desktop/rascore_build/renum_assembly/6f76-assembly-1_renum.cif	/Users/mitchellparker/Desktop/rascore_build/sifts/6f76.xml.gz	/Users/mitchellparker/Desktop/rascore_build/pocket/6f76A_3_pocket.pdb
6f76A	6f76	0	A	Y32in.3P-ON	Y71in.3P-SP12-B	Y32in	Y71in	P 21 21 21 (CF5)	6f76A4	4	GTPase KRas	RASK_HUMAN	P01116-2	Q61H	Q61	KRAS	3P	Q61H	None	None	None	None	Other-Unbound	P 21 21 21	173	1-168	2017-12-07	Other	227.7146	0.0010	Unbound	Unbound	97,107,108,109,110,111,137,138,139,162,165,166	MG,GNP,CVK	None	None	None	None	None	None	None	None	None	None	GNP	MG	None	CVK	None	None	STP	XRAY	2.200	0.227	AFQGMTEYKLVVVGAGGVGKSALTIQLIQNHFVDEYDPTIEDSYRKQVVIDGETCLLDILDTAGHEEYSAMRDQYMRTGEGFLCVFAINNTKSFEDIHHYREQIKRVKDSEDVPMVLVGNKCDLPSRTVDTKQAQDLARSYGIPFIETSAKTRQGVDDAFYTLVREIRKHKEK	True	63.190	118.424	156.751	90.00	90.00	90.00	/Users/mitchellparker/Desktop/rascore_build/core/6f76A_core.cif	/Users/mitchellparker/Desktop/rascore_build/rcsb/6f76.cif.gz	/Users/mitchellparker/Desktop/rascore_build/renum/6f76_renum.cif	/Users/mitchellparker/Desktop/rascore_build/rcsb_assembly/6f76-assembly-1.cif.gz	/Users/mitchellparker/Desktop/rascore_build/renum_assembly/6f76-assembly-1_renum.cif	/Users/mitchellparker/Desktop/rascore_build/sifts/6f76.xml.gz	/Users/mitchellparker/Desktop/rascore_build/pocket/6f76A_4_pocket.pdb
6f76A	6f76	0	A	Y32in.3P-ON	Y71in.3P-SP12-B	Y32in	Y71in	P 21 21 21 (CF5)	6f76A5	5	GTPase KRas	RASK_HUMAN	P01116-2	Q61H	Q61	KRAS	3P	Q61H	None	None	None	None	Other-Unbound	P 21 21 21	173	1-168	2017-12-07	Other	214.7616	0.0001	Unbound	Unbound	131,134,135,139,141	MG,GNP,CVK	None	None	None	None	None	None	None	None	None	None	GNP	MG	None	CVK	None	None	STP	XRAY	2.200	0.227	AFQGMTEYKLVVVGAGGVGKSALTIQLIQNHFVDEYDPTIEDSYRKQVVIDGETCLLDILDTAGHEEYSAMRDQYMRTGEGFLCVFAINNTKSFEDIHHYREQIKRVKDSEDVPMVLVGNKCDLPSRTVDTKQAQDLARSYGIPFIETSAKTRQGVDDAFYTLVREIRKHKEK	True	63.190	118.424	156.751	90.00	90.00	90.00	/Users/mitchellparker/Desktop/rascore_build/core/6f76A_core.cif	/Users/mitchellparker/Desktop/rascore_build/rcsb/6f76.cif.gz	/Users/mitchellparker/Desktop/rascore_build/renum/6f76_renum.cif	/Users/mitchellparker/Desktop/rascore_build/rcsb_assembly/6f76-assembly-1.cif.gz	/Users/mitchellparker/Desktop/rascore_build/renum_assembly/6f76-assembly-1_renum.cif	/Users/mitchellparker/Desktop/rascore_build/sifts/6f76.xml.gz	/Users/mitchellparker/Desktop/rascore_build/pocket/6f76A_5_pocket.pdb
6f76B	6f76	0	B	Y32in.3P-ON	Y71in.3P-SP12-A	Y32in	Y71in	P 21 21 21 (CF5)	6f76B3	3	GTPase KRas	RASK_HUMAN	P01116-2	Q61H	Q61	KRAS	3P	Q61H	None	None	None	None	SP2-Unbound	P 21 21 21	173	1-168	2017-12-07	Other	400.1595	0.0002	Unbound	Unbound	98,101,102,105,106,107	MG,GNP,CVK	None	None	None	None	None	None	None	None	None	None	GNP	MG	None	CVK	None	None	STP	XRAY	2.200	0.227	AFQGMTEYKLVVVGAGGVGKSALTIQLIQNHFVDEYDPTIEDSYRKQVVIDGETCLLDILDTAGHEEYSAMRDQYMRTGEGFLCVFAINNTKSFEDIHHYREQIKRVKDSEDVPMVLVGNKCDLPSRTVDTKQAQDLARSYGIPFIETSAKTRQGVDDAFYTLVREIRKHKEK	True	63.190	118.424	156.751	90.00	90.00	90.00	/Users/mitchellparker/Desktop/rascore_build/core/6f76B_core.cif	/Users/mitchellparker/Desktop/rascore_build/rcsb/6f76.cif.gz	/Users/mitchellparker/Desktop/rascore_build/renum/6f76_renum.cif	/Users/mitchellparker/Desktop/rascore_build/rcsb_assembly/6f76-assembly-1.cif.gz	/Users/mitchellparker/Desktop/rascore_build/renum_assembly/6f76-assembly-1_renum.cif	/Users/mitchellparker/Desktop/rascore_build/sifts/6f76.xml.gz	/Users/mitchellparker/Desktop/rascore_build/pocket/6f76B_3_pocket.pdb
6f76B	6f76	0	B	Y32in.3P-ON	Y71in.3P-SP12-A	Y32in	Y71in	P 21 21 21 (CF5)	6f76B4	4	GTPase KRas	RASK_HUMAN	P01116-2	Q61H	Q61	KRAS	3P	Q61H	None	None	None	None	SP2-Unbound	P 21 21 21	173	1-168	2017-12-07	SP2	230.0576	0.0023	Unbound	Unbound	68,72,95,96,99,102	MG,GNP,CVK	None	None	None	None	None	None	None	None	None	None	GNP	MG	None	CVK	None	None	STP	XRAY	2.200	0.227	AFQGMTEYKLVVVGAGGVGKSALTIQLIQNHFVDEYDPTIEDSYRKQVVIDGETCLLDILDTAGHEEYSAMRDQYMRTGEGFLCVFAINNTKSFEDIHHYREQIKRVKDSEDVPMVLVGNKCDLPSRTVDTKQAQDLARSYGIPFIETSAKTRQGVDDAFYTLVREIRKHKEK	True	63.190	118.424	156.751	90.00	90.00	90.00	/Users/mitchellparker/Desktop/rascore_build/core/6f76B_core.cif	/Users/mitchellparker/Desktop/rascore_build/rcsb/6f76.cif.gz	/Users/mitchellparker/Desktop/rascore_build/renum/6f76_renum.cif	/Users/mitchellparker/Desktop/rascore_build/rcsb_assembly/6f76-assembly-1.cif.gz	/Users/mitchellparker/Desktop/rascore_build/renum_assembly/6f76-assembly-1_renum.cif	/Users/mitchellparker/Desktop/rascore_build/sifts/6f76.xml.gz	/Users/mitchellparker/Desktop/rascore_build/pocket/6f76B_4_pocket.pdb
6f76B	6f76	0	B	Y32in.3P-ON	Y71in.3P-SP12-A	Y32in	Y71in	P 21 21 21 (CF5)	6f76B5	5	GTPase KRas	RASK_HUMAN	P01116-2	Q61H	Q61	KRAS	3P	Q61H	None	None	None	None	SP2-Unbound	P 21 21 21	173	1-168	2017-12-07	Other	366.7927	0.0070	Unbound	Unbound	73,74,75,76,104,106,108,109,110,163,166,167	MG,GNP,CVK	None	None	None	None	None	None	None	None	None	None	GNP	MG	None	CVK	None	None	STP	XRAY	2.200	0.227	AFQGMTEYKLVVVGAGGVGKSALTIQLIQNHFVDEYDPTIEDSYRKQVVIDGETCLLDILDTAGHEEYSAMRDQYMRTGEGFLCVFAINNTKSFEDIHHYREQIKRVKDSEDVPMVLVGNKCDLPSRTVDTKQAQDLARSYGIPFIETSAKTRQGVDDAFYTLVREIRKHKEK	True	63.190	118.424	156.751	90.00	90.00	90.00	/Users/mitchellparker/Desktop/rascore_build/core/6f76B_core.cif	/Users/mitchellparker/Desktop/rascore_build/rcsb/6f76.cif.gz	/Users/mitchellparker/Desktop/rascore_build/renum/6f76_renum.cif	/Users/mitchellparker/Desktop/rascore_build/rcsb_assembly/6f76-assembly-1.cif.gz	/Users/mitchellparker/Desktop/rascore_build/renum_assembly/6f76-assembly-1_renum.cif	/Users/mitchellparker/Desktop/rascore_build/sifts/6f76.xml.gz	/Users/mitchellparker/Desktop/rascore_build/pocket/6f76B_5_pocket.pdb
6f76B	6f76	0	B	Y32in.3P-ON	Y71in.3P-SP12-A	Y32in	Y71in	P 21 21 21 (CF5)	6f76B6	6	GTPase KRas	RASK_HUMAN	P01116-2	Q61H	Q61	KRAS	3P	Q61H	None	None	None	None	SP2-Unbound	P 21 21 21	173	1-168	2017-12-07	Other	372.5453	0.0008	Unbound	Unbound	97,107,108,109,110,137,138,139,162,165,166	MG,GNP,CVK	None	None	None	None	None	None	None	None	None	None	GNP	MG	None	CVK	None	None	STP	XRAY	2.200	0.227	AFQGMTEYKLVVVGAGGVGKSALTIQLIQNHFVDEYDPTIEDSYRKQVVIDGETCLLDILDTAGHEEYSAMRDQYMRTGEGFLCVFAINNTKSFEDIHHYREQIKRVKDSEDVPMVLVGNKCDLPSRTVDTKQAQDLARSYGIPFIETSAKTRQGVDDAFYTLVREIRKHKEK	True	63.190	118.424	156.751	90.00	90.00	90.00	/Users/mitchellparker/Desktop/rascore_build/core/6f76B_core.cif	/Users/mitchellparker/Desktop/rascore_build/rcsb/6f76.cif.gz	/Users/mitchellparker/Desktop/rascore_build/renum/6f76_renum.cif	/Users/mitchellparker/Desktop/rascore_build/rcsb_assembly/6f76-assembly-1.cif.gz	/Users/mitchellparker/Desktop/rascore_build/renum_assembly/6f76-assembly-1_renum.cif	/Users/mitchellparker/Desktop/rascore_build/sifts/6f76.xml.gz	/Users/mitchellparker/Desktop/rascore_build/pocket/6f76B_6_pocket.pdb
6f76C	6f76	0	C	Y32in.3P-ON	Disordered	Y32in	Y71in	P 21 21 21 (CF5)	6f76C3	3	GTPase KRas	RASK_HUMAN	P01116-2	WT	WT	KRAS	3P	WT	None	None	None	None	Other-Unbound	P 21 21 21	173	1-60:66-168	2017-12-07	Other	327.7983	0.0018	Unbound	Unbound	73,74,75,76,104,106,109,110,163,166	MG,GNP,CVK	None	None	None	None	None	None	None	None	None	None	GNP	MG	None	CVK	None	None	STP	XRAY	2.200	0.227	AFQGMTEYKLVVVGAGGVGKSALTIQLIQNHFVDEYDPTIEDSYRKQVVIDGETCLLDILDTAGHEEYSAMRDQYMRTGEGFLCVFAINNTKSFEDIHHYREQIKRVKDSEDVPMVLVGNKCDLPSRTVDTKQAQDLARSYGIPFIETSAKTRQGVDDAFYTLVREIRKHKEK	True	63.190	118.424	156.751	90.00	90.00	90.00	/Users/mitchellparker/Desktop/rascore_build/core/6f76C_core.cif	/Users/mitchellparker/Desktop/rascore_build/rcsb/6f76.cif.gz	/Users/mitchellparker/Desktop/rascore_build/renum/6f76_renum.cif	/Users/mitchellparker/Desktop/rascore_build/rcsb_assembly/6f76-assembly-1.cif.gz	/Users/mitchellparker/Desktop/rascore_build/renum_assembly/6f76-assembly-1_renum.cif	/Users/mitchellparker/Desktop/rascore_build/sifts/6f76.xml.gz	/Users/mitchellparker/Desktop/rascore_build/pocket/6f76C_3_pocket.pdb
6f76C	6f76	0	C	Y32in.3P-ON	Disordered	Y32in	Y71in	P 21 21 21 (CF5)	6f76C4	4	GTPase KRas	RASK_HUMAN	P01116-2	WT	WT	KRAS	3P	WT	None	None	None	None	Other-Unbound	P 21 21 21	173	1-60:66-168	2017-12-07	Other	348.8766	0.0003	Unbound	Unbound	97,107,108,109,110,137,138,139,162,165,166	MG,GNP,CVK	None	None	None	None	None	None	None	None	None	None	GNP	MG	None	CVK	None	None	STP	XRAY	2.200	0.227	AFQGMTEYKLVVVGAGGVGKSALTIQLIQNHFVDEYDPTIEDSYRKQVVIDGETCLLDILDTAGHEEYSAMRDQYMRTGEGFLCVFAINNTKSFEDIHHYREQIKRVKDSEDVPMVLVGNKCDLPSRTVDTKQAQDLARSYGIPFIETSAKTRQGVDDAFYTLVREIRKHKEK	True	63.190	118.424	156.751	90.00	90.00	90.00	/Users/mitchellparker/Desktop/rascore_build/core/6f76C_core.cif	/Users/mitchellparker/Desktop/rascore_build/rcsb/6f76.cif.gz	/Users/mitchellparker/Desktop/rascore_build/renum/6f76_renum.cif	/Users/mitchellparker/Desktop/rascore_build/rcsb_assembly/6f76-assembly-1.cif.gz	/Users/mitchellparker/Desktop/rascore_build/renum_assembly/6f76-assembly-1_renum.cif	/Users/mitchellparker/Desktop/rascore_build/sifts/6f76.xml.gz	/Users/mitchellparker/Desktop/rascore_build/pocket/6f76C_4_pocket.pdb
6f76C	6f76	0	C	Y32in.3P-ON	Disordered	Y32in	Y71in	P 21 21 21 (CF5)	6f76C5	5	GTPase KRas	RASK_HUMAN	P01116-2	WT	WT	KRAS	3P	WT	None	None	None	None	Other-Unbound	P 21 21 21	173	1-60:66-168	2017-12-07	Other	237.5422	0.0001	Unbound	Unbound	131,134,135,139,141	MG,GNP,CVK	None	None	None	None	None	None	None	None	None	None	GNP	MG	None	CVK	None	None	STP	XRAY	2.200	0.227	AFQGMTEYKLVVVGAGGVGKSALTIQLIQNHFVDEYDPTIEDSYRKQVVIDGETCLLDILDTAGHEEYSAMRDQYMRTGEGFLCVFAINNTKSFEDIHHYREQIKRVKDSEDVPMVLVGNKCDLPSRTVDTKQAQDLARSYGIPFIETSAKTRQGVDDAFYTLVREIRKHKEK	True	63.190	118.424	156.751	90.00	90.00	90.00	/Users/mitchellparker/Desktop/rascore_build/core/6f76C_core.cif	/Users/mitchellparker/Desktop/rascore_build/rcsb/6f76.cif.gz	/Users/mitchellparker/Desktop/rascore_build/renum/6f76_renum.cif	/Users/mitchellparker/Desktop/rascore_build/rcsb_assembly/6f76-assembly-1.cif.gz	/Users/mitchellparker/Desktop/rascore_build/renum_assembly/6f76-assembly-1_renum.cif	/Users/mitchellparker/Desktop/rascore_build/sifts/6f76.xml.gz	/Users/mitchellparker/Desktop/rascore_build/pocket/6f76C_5_pocket.pdb
6f76D	6f76	0	D	Y32in.3P-ON	Disordered	Y32in	Y71in	P 21 21 21 (CF5)	6f76D2	2	GTPase KRas	RASK_HUMAN	P01116-2	Q61H	Q61	KRAS	3P	Q61H	None	None	None	None	SP12-Unbound	P 21 21 21	173	1-61:68-167	2017-12-07	SP12	442.2101	0.3486	Unbound	Unbound	5,6,7,37,39,40,41,54,55,56,71,74,75	GNP,MG	None	None	None	None	None	None	None	None	None	None	GNP	MG	None	None	None	None	STP	XRAY	2.200	0.227	AFQGMTEYKLVVVGAGGVGKSALTIQLIQNHFVDEYDPTIEDSYRKQVVIDGETCLLDILDTAGHEEYSAMRDQYMRTGEGFLCVFAINNTKSFEDIHHYREQIKRVKDSEDVPMVLVGNKCDLPSRTVDTKQAQDLARSYGIPFIETSAKTRQGVDDAFYTLVREIRKHKEK	True	63.190	118.424	156.751	90.00	90.00	90.00	/Users/mitchellparker/Desktop/rascore_build/core/6f76D_core.cif	/Users/mitchellparker/Desktop/rascore_build/rcsb/6f76.cif.gz	/Users/mitchellparker/Desktop/rascore_build/renum/6f76_renum.cif	/Users/mitchellparker/Desktop/rascore_build/rcsb_assembly/6f76-assembly-1.cif.gz	/Users/mitchellparker/Desktop/rascore_build/renum_assembly/6f76-assembly-1_renum.cif	/Users/mitchellparker/Desktop/rascore_build/sifts/6f76.xml.gz	/Users/mitchellparker/Desktop/rascore_build/pocket/6f76D_2_pocket.pdb
6f76D	6f76	0	D	Y32in.3P-ON	Disordered	Y32in	Y71in	P 21 21 21 (CF5)	6f76D3	3	GTPase KRas	RASK_HUMAN	P01116-2	Q61H	Q61	KRAS	3P	Q61H	None	None	None	None	SP12-Unbound	P 21 21 21	173	1-61:68-167	2017-12-07	Other	367.0841	0.0173	Unbound	Unbound	73,74,75,76,104,106,108,109,110,163,166,167	GNP,MG	None	None	None	None	None	None	None	None	None	None	GNP	MG	None	None	None	None	STP	XRAY	2.200	0.227	AFQGMTEYKLVVVGAGGVGKSALTIQLIQNHFVDEYDPTIEDSYRKQVVIDGETCLLDILDTAGHEEYSAMRDQYMRTGEGFLCVFAINNTKSFEDIHHYREQIKRVKDSEDVPMVLVGNKCDLPSRTVDTKQAQDLARSYGIPFIETSAKTRQGVDDAFYTLVREIRKHKEK	True	63.190	118.424	156.751	90.00	90.00	90.00	/Users/mitchellparker/Desktop/rascore_build/core/6f76D_core.cif	/Users/mitchellparker/Desktop/rascore_build/rcsb/6f76.cif.gz	/Users/mitchellparker/Desktop/rascore_build/renum/6f76_renum.cif	/Users/mitchellparker/Desktop/rascore_build/rcsb_assembly/6f76-assembly-1.cif.gz	/Users/mitchellparker/Desktop/rascore_build/renum_assembly/6f76-assembly-1_renum.cif	/Users/mitchellparker/Desktop/rascore_build/sifts/6f76.xml.gz	/Users/mitchellparker/Desktop/rascore_build/pocket/6f76D_3_pocket.pdb
6f76D	6f76	0	D	Y32in.3P-ON	Disordered	Y32in	Y71in	P 21 21 21 (CF5)	6f76D4	4	GTPase KRas	RASK_HUMAN	P01116-2	Q61H	Q61	KRAS	3P	Q61H	None	None	None	None	SP12-Unbound	P 21 21 21	173	1-61:68-167	2017-12-07	Other	265.4329	0.0003	Unbound	Unbound	98,101,102,105,106,107	GNP,MG	None	None	None	None	None	None	None	None	None	None	GNP	MG	None	None	None	None	STP	XRAY	2.200	0.227	AFQGMTEYKLVVVGAGGVGKSALTIQLIQNHFVDEYDPTIEDSYRKQVVIDGETCLLDILDTAGHEEYSAMRDQYMRTGEGFLCVFAINNTKSFEDIHHYREQIKRVKDSEDVPMVLVGNKCDLPSRTVDTKQAQDLARSYGIPFIETSAKTRQGVDDAFYTLVREIRKHKEK	True	63.190	118.424	156.751	90.00	90.00	90.00	/Users/mitchellparker/Desktop/rascore_build/core/6f76D_core.cif	/Users/mitchellparker/Desktop/rascore_build/rcsb/6f76.cif.gz	/Users/mitchellparker/Desktop/rascore_build/renum/6f76_renum.cif	/Users/mitchellparker/Desktop/rascore_build/rcsb_assembly/6f76-assembly-1.cif.gz	/Users/mitchellparker/Desktop/rascore_build/renum_assembly/6f76-assembly-1_renum.cif	/Users/mitchellparker/Desktop/rascore_build/sifts/6f76.xml.gz	/Users/mitchellparker/Desktop/rascore_build/pocket/6f76D_4_pocket.pdb
6f76D	6f76	0	D	Y32in.3P-ON	Disordered	Y32in	Y71in	P 21 21 21 (CF5)	6f76D5	5	GTPase KRas	RASK_HUMAN	P01116-2	Q61H	Q61	KRAS	3P	Q61H	None	None	None	None	SP12-Unbound	P 21 21 21	173	1-61:68-167	2017-12-07	Other	257.6105	0.0002	Unbound	Unbound	97,107,108,109,110,111,137,138,139,162,165,166	GNP,MG	None	None	None	None	None	None	None	None	None	None	GNP	MG	None	None	None	None	STP	XRAY	2.200	0.227	AFQGMTEYKLVVVGAGGVGKSALTIQLIQNHFVDEYDPTIEDSYRKQVVIDGETCLLDILDTAGHEEYSAMRDQYMRTGEGFLCVFAINNTKSFEDIHHYREQIKRVKDSEDVPMVLVGNKCDLPSRTVDTKQAQDLARSYGIPFIETSAKTRQGVDDAFYTLVREIRKHKEK	True	63.190	118.424	156.751	90.00	90.00	90.00	/Users/mitchellparker/Desktop/rascore_build/core/6f76D_core.cif	/Users/mitchellparker/Desktop/rascore_build/rcsb/6f76.cif.gz	/Users/mitchellparker/Desktop/rascore_build/renum/6f76_renum.cif	/Users/mitchellparker/Desktop/rascore_build/rcsb_assembly/6f76-assembly-1.cif.gz	/Users/mitchellparker/Desktop/rascore_build/renum_assembly/6f76-assembly-1_renum.cif	/Users/mitchellparker/Desktop/rascore_build/sifts/6f76.xml.gz	/Users/mitchellparker/Desktop/rascore_build/pocket/6f76D_5_pocket.pdb
6f76E	6f76	0	E	Y32in.3P-ON	Disordered	Y32in	Y71in	P 21 21 21 (CF5)	6f76E2	2	GTPase KRas	RASK_HUMAN	P01116-2	Q61H	Q61	KRAS	3P	Q61H	None	None	None	None	SP12-Unbound	P 21 21 21	173	1-62:68-169	2017-12-07	SP12	520.3021	0.3001	Unbound	Unbound	5,6,7,39,40,41,54,55,56,71,74,75	MG,GNP	None	None	None	None	None	None	None	None	None	None	GNP	MG	None	None	None	None	STP	XRAY	2.200	0.227	AFQGMTEYKLVVVGAGGVGKSALTIQLIQNHFVDEYDPTIEDSYRKQVVIDGETCLLDILDTAGHEEYSAMRDQYMRTGEGFLCVFAINNTKSFEDIHHYREQIKRVKDSEDVPMVLVGNKCDLPSRTVDTKQAQDLARSYGIPFIETSAKTRQGVDDAFYTLVREIRKHKEK	True	63.190	118.424	156.751	90.00	90.00	90.00	/Users/mitchellparker/Desktop/rascore_build/core/6f76E_core.cif	/Users/mitchellparker/Desktop/rascore_build/rcsb/6f76.cif.gz	/Users/mitchellparker/Desktop/rascore_build/renum/6f76_renum.cif	/Users/mitchellparker/Desktop/rascore_build/rcsb_assembly/6f76-assembly-1.cif.gz	/Users/mitchellparker/Desktop/rascore_build/renum_assembly/6f76-assembly-1_renum.cif	/Users/mitchellparker/Desktop/rascore_build/sifts/6f76.xml.gz	/Users/mitchellparker/Desktop/rascore_build/pocket/6f76E_2_pocket.pdb
6f76E	6f76	0	E	Y32in.3P-ON	Disordered	Y32in	Y71in	P 21 21 21 (CF5)	6f76E3	3	GTPase KRas	RASK_HUMAN	P01116-2	Q61H	Q61	KRAS	3P	Q61H	None	None	None	None	SP12-Unbound	P 21 21 21	173	1-62:68-169	2017-12-07	Other	399.4351	0.0001	Unbound	Unbound	127,131,141,142,143,150,151,154	MG,GNP	None	None	None	None	None	None	None	None	None	None	GNP	MG	None	None	None	None	STP	XRAY	2.200	0.227	AFQGMTEYKLVVVGAGGVGKSALTIQLIQNHFVDEYDPTIEDSYRKQVVIDGETCLLDILDTAGHEEYSAMRDQYMRTGEGFLCVFAINNTKSFEDIHHYREQIKRVKDSEDVPMVLVGNKCDLPSRTVDTKQAQDLARSYGIPFIETSAKTRQGVDDAFYTLVREIRKHKEK	True	63.190	118.424	156.751	90.00	90.00	90.00	/Users/mitchellparker/Desktop/rascore_build/core/6f76E_core.cif	/Users/mitchellparker/Desktop/rascore_build/rcsb/6f76.cif.gz	/Users/mitchellparker/Desktop/rascore_build/renum/6f76_renum.cif	/Users/mitchellparker/Desktop/rascore_build/rcsb_assembly/6f76-assembly-1.cif.gz	/Users/mitchellparker/Desktop/rascore_build/renum_assembly/6f76-assembly-1_renum.cif	/Users/mitchellparker/Desktop/rascore_build/sifts/6f76.xml.gz	/Users/mitchellparker/Desktop/rascore_build/pocket/6f76E_3_pocket.pdb
6f76E	6f76	0	E	Y32in.3P-ON	Disordered	Y32in	Y71in	P 21 21 21 (CF5)	6f76E4	4	GTPase KRas	RASK_HUMAN	P01116-2	Q61H	Q61	KRAS	3P	Q61H	None	None	None	None	SP12-Unbound	P 21 21 21	173	1-62:68-169	2017-12-07	Other	199.5405	0.0005	Unbound	Unbound	97,107,108,109,110,111,137,138,139,162,165,166	MG,GNP	None	None	None	None	None	None	None	None	None	None	GNP	MG	None	None	None	None	STP	XRAY	2.200	0.227	AFQGMTEYKLVVVGAGGVGKSALTIQLIQNHFVDEYDPTIEDSYRKQVVIDGETCLLDILDTAGHEEYSAMRDQYMRTGEGFLCVFAINNTKSFEDIHHYREQIKRVKDSEDVPMVLVGNKCDLPSRTVDTKQAQDLARSYGIPFIETSAKTRQGVDDAFYTLVREIRKHKEK	True	63.190	118.424	156.751	90.00	90.00	90.00	/Users/mitchellparker/Desktop/rascore_build/core/6f76E_core.cif	/Users/mitchellparker/Desktop/rascore_build/rcsb/6f76.cif.gz	/Users/mitchellparker/Desktop/rascore_build/renum/6f76_renum.cif	/Users/mitchellparker/Desktop/rascore_build/rcsb_assembly/6f76-assembly-1.cif.gz	/Users/mitchellparker/Desktop/rascore_build/renum_assembly/6f76-assembly-1_renum.cif	/Users/mitchellparker/Desktop/rascore_build/sifts/6f76.xml.gz	/Users/mitchellparker/Desktop/rascore_build/pocket/6f76E_4_pocket.pdb
6f76E	6f76	0	E	Y32in.3P-ON	Disordered	Y32in	Y71in	P 21 21 21 (CF5)	6f76E5	5	GTPase KRas	RASK_HUMAN	P01116-2	Q61H	Q61	KRAS	3P	Q61H	None	None	None	None	SP12-Unbound	P 21 21 21	173	1-62:68-169	2017-12-07	Other	346.3356	0.0071	Unbound	Unbound	73,74,75,76,104,106,108,109,110,163,166,167	MG,GNP	None	None	None	None	None	None	None	None	None	None	GNP	MG	None	None	None	None	STP	XRAY	2.200	0.227	AFQGMTEYKLVVVGAGGVGKSALTIQLIQNHFVDEYDPTIEDSYRKQVVIDGETCLLDILDTAGHEEYSAMRDQYMRTGEGFLCVFAINNTKSFEDIHHYREQIKRVKDSEDVPMVLVGNKCDLPSRTVDTKQAQDLARSYGIPFIETSAKTRQGVDDAFYTLVREIRKHKEK	True	63.190	118.424	156.751	90.00	90.00	90.00	/Users/mitchellparker/Desktop/rascore_build/core/6f76E_core.cif	/Users/mitchellparker/Desktop/rascore_build/rcsb/6f76.cif.gz	/Users/mitchellparker/Desktop/rascore_build/renum/6f76_renum.cif	/Users/mitchellparker/Desktop/rascore_build/rcsb_assembly/6f76-assembly-1.cif.gz	/Users/mitchellparker/Desktop/rascore_build/renum_assembly/6f76-assembly-1_renum.cif	/Users/mitchellparker/Desktop/rascore_build/sifts/6f76.xml.gz	/Users/mitchellparker/Desktop/rascore_build/pocket/6f76E_5_pocket.pdb
6f76E	6f76	0	E	Y32in.3P-ON	Disordered	Y32in	Y71in	P 21 21 21 (CF5)	6f76E6	6	GTPase KRas	RASK_HUMAN	P01116-2	Q61H	Q61	KRAS	3P	Q61H	None	None	None	None	SP12-Unbound	P 21 21 21	173	1-62:68-169	2017-12-07	Other	269.2221	0.0002	Unbound	Unbound	127,128,131,132,135	MG,GNP	None	None	None	None	None	None	None	None	None	None	GNP	MG	None	None	None	None	STP	XRAY	2.200	0.227	AFQGMTEYKLVVVGAGGVGKSALTIQLIQNHFVDEYDPTIEDSYRKQVVIDGETCLLDILDTAGHEEYSAMRDQYMRTGEGFLCVFAINNTKSFEDIHHYREQIKRVKDSEDVPMVLVGNKCDLPSRTVDTKQAQDLARSYGIPFIETSAKTRQGVDDAFYTLVREIRKHKEK	True	63.190	118.424	156.751	90.00	90.00	90.00	/Users/mitchellparker/Desktop/rascore_build/core/6f76E_core.cif	/Users/mitchellparker/Desktop/rascore_build/rcsb/6f76.cif.gz	/Users/mitchellparker/Desktop/rascore_build/renum/6f76_renum.cif	/Users/mitchellparker/Desktop/rascore_build/rcsb_assembly/6f76-assembly-1.cif.gz	/Users/mitchellparker/Desktop/rascore_build/renum_assembly/6f76-assembly-1_renum.cif	/Users/mitchellparker/Desktop/rascore_build/sifts/6f76.xml.gz	/Users/mitchellparker/Desktop/rascore_build/pocket/6f76E_6_pocket.pdb
6f76E	6f76	0	E	Y32in.3P-ON	Disordered	Y32in	Y71in	P 21 21 21 (CF5)	6f76E7	7	GTPase KRas	RASK_HUMAN	P01116-2	Q61H	Q61	KRAS	3P	Q61H	None	None	None	None	SP12-Unbound	P 21 21 21	173	1-62:68-169	2017-12-07	Other	243.7837	0.0001	Unbound	Unbound	1,2,48,49,50	MG,GNP	None	None	None	None	None	None	None	None	None	None	GNP	MG	None	None	None	None	STP	XRAY	2.200	0.227	AFQGMTEYKLVVVGAGGVGKSALTIQLIQNHFVDEYDPTIEDSYRKQVVIDGETCLLDILDTAGHEEYSAMRDQYMRTGEGFLCVFAINNTKSFEDIHHYREQIKRVKDSEDVPMVLVGNKCDLPSRTVDTKQAQDLARSYGIPFIETSAKTRQGVDDAFYTLVREIRKHKEK	True	63.190	118.424	156.751	90.00	90.00	90.00	/Users/mitchellparker/Desktop/rascore_build/core/6f76E_core.cif	/Users/mitchellparker/Desktop/rascore_build/rcsb/6f76.cif.gz	/Users/mitchellparker/Desktop/rascore_build/renum/6f76_renum.cif	/Users/mitchellparker/Desktop/rascore_build/rcsb_assembly/6f76-assembly-1.cif.gz	/Users/mitchellparker/Desktop/rascore_build/renum_assembly/6f76-assembly-1_renum.cif	/Users/mitchellparker/Desktop/rascore_build/sifts/6f76.xml.gz	/Users/mitchellparker/Desktop/rascore_build/pocket/6f76E_7_pocket.pdb
6f76F	6f76	0	F	Y32in.3P-ON	Disordered	Y32in	Y71in	P 21 21 21 (CF5)	6f76F3	3	GTPase KRas	RASK_HUMAN	P01116-2	Q61H	Q61	KRAS	3P	Q61H	None	None	None	None	Other-Unbound	P 21 21 21	173	1-61:66-168	2017-12-07	Other	386.1683	0.0713	Unbound	Unbound	87,90,91,124,125,126,129,132,133	MG,GNP,CVK	None	None	None	None	None	None	None	None	None	None	GNP	MG	None	CVK	None	None	STP	XRAY	2.200	0.227	AFQGMTEYKLVVVGAGGVGKSALTIQLIQNHFVDEYDPTIEDSYRKQVVIDGETCLLDILDTAGHEEYSAMRDQYMRTGEGFLCVFAINNTKSFEDIHHYREQIKRVKDSEDVPMVLVGNKCDLPSRTVDTKQAQDLARSYGIPFIETSAKTRQGVDDAFYTLVREIRKHKEK	True	63.190	118.424	156.751	90.00	90.00	90.00	/Users/mitchellparker/Desktop/rascore_build/core/6f76F_core.cif	/Users/mitchellparker/Desktop/rascore_build/rcsb/6f76.cif.gz	/Users/mitchellparker/Desktop/rascore_build/renum/6f76_renum.cif	/Users/mitchellparker/Desktop/rascore_build/rcsb_assembly/6f76-assembly-1.cif.gz	/Users/mitchellparker/Desktop/rascore_build/renum_assembly/6f76-assembly-1_renum.cif	/Users/mitchellparker/Desktop/rascore_build/sifts/6f76.xml.gz	/Users/mitchellparker/Desktop/rascore_build/pocket/6f76F_3_pocket.pdb
6f76F	6f76	0	F	Y32in.3P-ON	Disordered	Y32in	Y71in	P 21 21 21 (CF5)	6f76F4	4	GTPase KRas	RASK_HUMAN	P01116-2	Q61H	Q61	KRAS	3P	Q61H	None	None	None	None	Other-Unbound	P 21 21 21	173	1-61:66-168	2017-12-07	Other	352.0794	0.0080	Unbound	Unbound	88,90,91,92,94,95,133,137	MG,GNP,CVK	None	None	None	None	None	None	None	None	None	None	GNP	MG	None	CVK	None	None	STP	XRAY	2.200	0.227	AFQGMTEYKLVVVGAGGVGKSALTIQLIQNHFVDEYDPTIEDSYRKQVVIDGETCLLDILDTAGHEEYSAMRDQYMRTGEGFLCVFAINNTKSFEDIHHYREQIKRVKDSEDVPMVLVGNKCDLPSRTVDTKQAQDLARSYGIPFIETSAKTRQGVDDAFYTLVREIRKHKEK	True	63.190	118.424	156.751	90.00	90.00	90.00	/Users/mitchellparker/Desktop/rascore_build/core/6f76F_core.cif	/Users/mitchellparker/Desktop/rascore_build/rcsb/6f76.cif.gz	/Users/mitchellparker/Desktop/rascore_build/renum/6f76_renum.cif	/Users/mitchellparker/Desktop/rascore_build/rcsb_assembly/6f76-assembly-1.cif.gz	/Users/mitchellparker/Desktop/rascore_build/renum_assembly/6f76-assembly-1_renum.cif	/Users/mitchellparker/Desktop/rascore_build/sifts/6f76.xml.gz	/Users/mitchellparker/Desktop/rascore_build/pocket/6f76F_4_pocket.pdb
6f76F	6f76	0	F	Y32in.3P-ON	Disordered	Y32in	Y71in	P 21 21 21 (CF5)	6f76F5	5	GTPase KRas	RASK_HUMAN	P01116-2	Q61H	Q61	KRAS	3P	Q61H	None	None	None	None	Other-Unbound	P 21 21 21	173	1-61:66-168	2017-12-07	Other	262.3487	0.0002	Unbound	Unbound	97,107,108,109,110,111,137,138,139,162,165,166	MG,GNP,CVK	None	None	None	None	None	None	None	None	None	None	GNP	MG	None	CVK	None	None	STP	XRAY	2.200	0.227	AFQGMTEYKLVVVGAGGVGKSALTIQLIQNHFVDEYDPTIEDSYRKQVVIDGETCLLDILDTAGHEEYSAMRDQYMRTGEGFLCVFAINNTKSFEDIHHYREQIKRVKDSEDVPMVLVGNKCDLPSRTVDTKQAQDLARSYGIPFIETSAKTRQGVDDAFYTLVREIRKHKEK	True	63.190	118.424	156.751	90.00	90.00	90.00	/Users/mitchellparker/Desktop/rascore_build/core/6f76F_core.cif	/Users/mitchellparker/Desktop/rascore_build/rcsb/6f76.cif.gz	/Users/mitchellparker/Desktop/rascore_build/renum/6f76_renum.cif	/Users/mitchellparker/Desktop/rascore_build/rcsb_assembly/6f76-assembly-1.cif.gz	/Users/mitchellparker/Desktop/rascore_build/renum_assembly/6f76-assembly-1_renum.cif	/Users/mitchellparker/Desktop/rascore_build/sifts/6f76.xml.gz	/Users/mitchellparker/Desktop/rascore_build/pocket/6f76F_5_pocket.pdb
6f76F	6f76	0	F	Y32in.3P-ON	Disordered	Y32in	Y71in	P 21 21 21 (CF5)	6f76F6	6	GTPase KRas	RASK_HUMAN	P01116-2	Q61H	Q61	KRAS	3P	Q61H	None	None	None	None	Other-Unbound	P 21 21 21	173	1-61:66-168	2017-12-07	Other	244.8506	0.0012	Unbound	Unbound	73,74,75,76,104,108,109,110,163,166	MG,GNP,CVK	None	None	None	None	None	None	None	None	None	None	GNP	MG	None	CVK	None	None	STP	XRAY	2.200	0.227	AFQGMTEYKLVVVGAGGVGKSALTIQLIQNHFVDEYDPTIEDSYRKQVVIDGETCLLDILDTAGHEEYSAMRDQYMRTGEGFLCVFAINNTKSFEDIHHYREQIKRVKDSEDVPMVLVGNKCDLPSRTVDTKQAQDLARSYGIPFIETSAKTRQGVDDAFYTLVREIRKHKEK	True	63.190	118.424	156.751	90.00	90.00	90.00	/Users/mitchellparker/Desktop/rascore_build/core/6f76F_core.cif	/Users/mitchellparker/Desktop/rascore_build/rcsb/6f76.cif.gz	/Users/mitchellparker/Desktop/rascore_build/renum/6f76_renum.cif	/Users/mitchellparker/Desktop/rascore_build/rcsb_assembly/6f76-assembly-1.cif.gz	/Users/mitchellparker/Desktop/rascore_build/renum_assembly/6f76-assembly-1_renum.cif	/Users/mitchellparker/Desktop/rascore_build/sifts/6f76.xml.gz	/Users/mitchellparker/Desktop/rascore_build/pocket/6f76F_6_pocket.pdb
6f76F	6f76	0	F	Y32in.3P-ON	Disordered	Y32in	Y71in	P 21 21 21 (CF5)	6f76F7	7	GTPase KRas	RASK_HUMAN	P01116-2	Q61H	Q61	KRAS	3P	Q61H	None	None	None	None	Other-Unbound	P 21 21 21	173	1-61:66-168	2017-12-07	Other	254.9644	0.0001	Unbound	Unbound	131,134,135,139,141	MG,GNP,CVK	None	None	None	None	None	None	None	None	None	None	GNP	MG	None	CVK	None	None	STP	XRAY	2.200	0.227	AFQGMTEYKLVVVGAGGVGKSALTIQLIQNHFVDEYDPTIEDSYRKQVVIDGETCLLDILDTAGHEEYSAMRDQYMRTGEGFLCVFAINNTKSFEDIHHYREQIKRVKDSEDVPMVLVGNKCDLPSRTVDTKQAQDLARSYGIPFIETSAKTRQGVDDAFYTLVREIRKHKEK	True	63.190	118.424	156.751	90.00	90.00	90.00	/Users/mitchellparker/Desktop/rascore_build/core/6f76F_core.cif	/Users/mitchellparker/Desktop/rascore_build/rcsb/6f76.cif.gz	/Users/mitchellparker/Desktop/rascore_build/renum/6f76_renum.cif	/Users/mitchellparker/Desktop/rascore_build/rcsb_assembly/6f76-assembly-1.cif.gz	/Users/mitchellparker/Desktop/rascore_build/renum_assembly/6f76-assembly-1_renum.cif	/Users/mitchellparker/Desktop/rascore_build/sifts/6f76.xml.gz	/Users/mitchellparker/Desktop/rascore_build/pocket/6f76F_7_pocket.pdb
6fa1A	6fa1	0	A	Y32in.3P-ON	Outlier	Y32in	Y71in	P 21 21 21 (CF5)	6fa1A2	2	GTPase KRas	RASK_HUMAN	P01116-2	Q61H	Q61	KRAS	3P	Q61H	None	None	None	None	SP12-Unbound	P 21 21 21	172	1-50:52-167	2017-12-15	Other	320.1643	0.0006	Unbound	Unbound	97,107,108,109,110,111,137,138,139,162,165,166	CSO,MG,GNP	None	None	None	None	None	None	None	None	None	None	GNP	MG	None	None	CSO	None	STP	XRAY	1.970	0.182	AFQGMTEYKLVVVGAGGVGKSALTIQLIQNHFVDEYDPTIEDSYRKQVVIDGETCLLDILDTAGHEEYSAMRDQYMRTGEGFLCVFAINNTKSFEDIHHYREQIKRVKDSEDVPMVLVGNKCDLPSRTVDTKQAQDLARSYGIPFIETSAKTRQGVDDAFYTLVREIRKHKE	True	63.610	118.600	156.610	90.00	90.00	90.00	/Users/mitchellparker/Desktop/rascore_build/core/6fa1A_core.cif	/Users/mitchellparker/Desktop/rascore_build/rcsb/6fa1.cif.gz	/Users/mitchellparker/Desktop/rascore_build/renum/6fa1_renum.cif	/Users/mitchellparker/Desktop/rascore_build/rcsb_assembly/6fa1-assembly-1.cif.gz	/Users/mitchellparker/Desktop/rascore_build/renum_assembly/6fa1-assembly-1_renum.cif	/Users/mitchellparker/Desktop/rascore_build/sifts/6fa1.xml.gz	/Users/mitchellparker/Desktop/rascore_build/pocket/6fa1A_2_pocket.pdb
6fa1A	6fa1	0	A	Y32in.3P-ON	Outlier	Y32in	Y71in	P 21 21 21 (CF5)	6fa1A3	3	GTPase KRas	RASK_HUMAN	P01116-2	Q61H	Q61	KRAS	3P	Q61H	None	None	None	None	SP12-Unbound	P 21 21 21	172	1-50:52-167	2017-12-15	SP12	250.0910	0.0001	Unbound	Unbound	5,6,7,37,39,54,56,71,74	CSO,MG,GNP	None	None	None	None	None	None	None	None	None	None	GNP	MG	None	None	CSO	None	STP	XRAY	1.970	0.182	AFQGMTEYKLVVVGAGGVGKSALTIQLIQNHFVDEYDPTIEDSYRKQVVIDGETCLLDILDTAGHEEYSAMRDQYMRTGEGFLCVFAINNTKSFEDIHHYREQIKRVKDSEDVPMVLVGNKCDLPSRTVDTKQAQDLARSYGIPFIETSAKTRQGVDDAFYTLVREIRKHKE	True	63.610	118.600	156.610	90.00	90.00	90.00	/Users/mitchellparker/Desktop/rascore_build/core/6fa1A_core.cif	/Users/mitchellparker/Desktop/rascore_build/rcsb/6fa1.cif.gz	/Users/mitchellparker/Desktop/rascore_build/renum/6fa1_renum.cif	/Users/mitchellparker/Desktop/rascore_build/rcsb_assembly/6fa1-assembly-1.cif.gz	/Users/mitchellparker/Desktop/rascore_build/renum_assembly/6fa1-assembly-1_renum.cif	/Users/mitchellparker/Desktop/rascore_build/sifts/6fa1.xml.gz	/Users/mitchellparker/Desktop/rascore_build/pocket/6fa1A_3_pocket.pdb
6fa1A	6fa1	0	A	Y32in.3P-ON	Outlier	Y32in	Y71in	P 21 21 21 (CF5)	6fa1A4	4	GTPase KRas	RASK_HUMAN	P01116-2	Q61H	Q61	KRAS	3P	Q61H	None	None	None	None	SP12-Unbound	P 21 21 21	172	1-50:52-167	2017-12-15	Other	250.1998	0.0088	Unbound	Unbound	76,104,106,108,109,110,163,166	CSO,MG,GNP	None	None	None	None	None	None	None	None	None	None	GNP	MG	None	None	CSO	None	STP	XRAY	1.970	0.182	AFQGMTEYKLVVVGAGGVGKSALTIQLIQNHFVDEYDPTIEDSYRKQVVIDGETCLLDILDTAGHEEYSAMRDQYMRTGEGFLCVFAINNTKSFEDIHHYREQIKRVKDSEDVPMVLVGNKCDLPSRTVDTKQAQDLARSYGIPFIETSAKTRQGVDDAFYTLVREIRKHKE	True	63.610	118.600	156.610	90.00	90.00	90.00	/Users/mitchellparker/Desktop/rascore_build/core/6fa1A_core.cif	/Users/mitchellparker/Desktop/rascore_build/rcsb/6fa1.cif.gz	/Users/mitchellparker/Desktop/rascore_build/renum/6fa1_renum.cif	/Users/mitchellparker/Desktop/rascore_build/rcsb_assembly/6fa1-assembly-1.cif.gz	/Users/mitchellparker/Desktop/rascore_build/renum_assembly/6fa1-assembly-1_renum.cif	/Users/mitchellparker/Desktop/rascore_build/sifts/6fa1.xml.gz	/Users/mitchellparker/Desktop/rascore_build/pocket/6fa1A_4_pocket.pdb
6fa1A	6fa1	0	A	Y32in.3P-ON	Outlier	Y32in	Y71in	P 21 21 21 (CF5)	6fa1A5	5	GTPase KRas	RASK_HUMAN	P01116-2	Q61H	Q61	KRAS	3P	Q61H	None	None	None	None	SP12-Unbound	P 21 21 21	172	1-50:52-167	2017-12-15	Other	183.9854	0.0002	Unbound	Unbound	131,134,135,139,141	CSO,MG,GNP	None	None	None	None	None	None	None	None	None	None	GNP	MG	None	None	CSO	None	STP	XRAY	1.970	0.182	AFQGMTEYKLVVVGAGGVGKSALTIQLIQNHFVDEYDPTIEDSYRKQVVIDGETCLLDILDTAGHEEYSAMRDQYMRTGEGFLCVFAINNTKSFEDIHHYREQIKRVKDSEDVPMVLVGNKCDLPSRTVDTKQAQDLARSYGIPFIETSAKTRQGVDDAFYTLVREIRKHKE	True	63.610	118.600	156.610	90.00	90.00	90.00	/Users/mitchellparker/Desktop/rascore_build/core/6fa1A_core.cif	/Users/mitchellparker/Desktop/rascore_build/rcsb/6fa1.cif.gz	/Users/mitchellparker/Desktop/rascore_build/renum/6fa1_renum.cif	/Users/mitchellparker/Desktop/rascore_build/rcsb_assembly/6fa1-assembly-1.cif.gz	/Users/mitchellparker/Desktop/rascore_build/renum_assembly/6fa1-assembly-1_renum.cif	/Users/mitchellparker/Desktop/rascore_build/sifts/6fa1.xml.gz	/Users/mitchellparker/Desktop/rascore_build/pocket/6fa1A_5_pocket.pdb
6fa1B	6fa1	0	B	Y32in.3P-ON	Y71in.3P-SP12-A	Y32in	Y71in	P 21 21 21 (CF5)	6fa1B2	2	GTPase KRas	RASK_HUMAN	P01116-2	Q61H	Q61	KRAS	3P	Q61H	SP12	SP12.Benzodioxane	None	None	SP12-Bound	P 21 21 21	173	1-50:52-169	2017-12-15	SP12	208.7547	0.0450	Bound	SP12	5,6,7,39,54,56,71,74,75	CSO,MG,GNP,D2Z	None	D2Z:6,56,5,54,7,74,75,71,67,70	None	None	SP12	SP12.Benzodioxane	D2Z:C[NH+](C)CCOc1ccc(C(=O)NCC2COc3ccccc3O2)cc1	None	None	None	GNP	MG	D2Z	None	CSO	None	D2Z	XRAY	1.970	0.182	AFQGMTEYKLVVVGAGGVGKSALTIQLIQNHFVDEYDPTIEDSYRKQVVIDGETCLLDILDTAGHEEYSAMRDQYMRTGEGFLCVFAINNTKSFEDIHHYREQIKRVKDSEDVPMVLVGNKCDLPSRTVDTKQAQDLARSYGIPFIETSAKTRQGVDDAFYTLVREIRKHKEK	True	63.610	118.600	156.610	90.00	90.00	90.00	/Users/mitchellparker/Desktop/rascore_build/core/6fa1B_core.cif	/Users/mitchellparker/Desktop/rascore_build/rcsb/6fa1.cif.gz	/Users/mitchellparker/Desktop/rascore_build/renum/6fa1_renum.cif	/Users/mitchellparker/Desktop/rascore_build/rcsb_assembly/6fa1-assembly-1.cif.gz	/Users/mitchellparker/Desktop/rascore_build/renum_assembly/6fa1-assembly-1_renum.cif	/Users/mitchellparker/Desktop/rascore_build/sifts/6fa1.xml.gz	/Users/mitchellparker/Desktop/rascore_build/pocket/6fa1B_2_pocket.pdb
6fa1C	6fa1	0	C	Y32in.3P-ON	Y71in.3P-SP12-A	Y32in	Y71in	P 21 21 21 (CF5)	6fa1C2	2	GTPase KRas	RASK_HUMAN	P01116-2	Q61H	Q61	KRAS	3P	Q61H	None	None	None	None	SP12-Unbound	P 21 21 21	172	1-50:52-167	2017-12-15	Other	263.8479	0.0016	Unbound	Unbound	73,74,75,76,104,106,108,109,110,166	CSO,MG,GNP	None	None	None	None	None	None	None	None	None	None	GNP	MG	None	None	CSO	None	STP	XRAY	1.970	0.182	AFQGMTEYKLVVVGAGGVGKSALTIQLIQNHFVDEYDPTIEDSYRKQVVIDGETCLLDILDTAGHEEYSAMRDQYMRTGEGFLCVFAINNTKSFEDIHHYREQIKRVKDSEDVPMVLVGNKCDLPSRTVDTKQAQDLARSYGIPFIETSAKTRQGVDDAFYTLVREIRKHKE	True	63.610	118.600	156.610	90.00	90.00	90.00	/Users/mitchellparker/Desktop/rascore_build/core/6fa1C_core.cif	/Users/mitchellparker/Desktop/rascore_build/rcsb/6fa1.cif.gz	/Users/mitchellparker/Desktop/rascore_build/renum/6fa1_renum.cif	/Users/mitchellparker/Desktop/rascore_build/rcsb_assembly/6fa1-assembly-1.cif.gz	/Users/mitchellparker/Desktop/rascore_build/renum_assembly/6fa1-assembly-1_renum.cif	/Users/mitchellparker/Desktop/rascore_build/sifts/6fa1.xml.gz	/Users/mitchellparker/Desktop/rascore_build/pocket/6fa1C_2_pocket.pdb
6fa1C	6fa1	0	C	Y32in.3P-ON	Y71in.3P-SP12-A	Y32in	Y71in	P 21 21 21 (CF5)	6fa1C3	3	GTPase KRas	RASK_HUMAN	P01116-2	Q61H	Q61	KRAS	3P	Q61H	None	None	None	None	SP12-Unbound	P 21 21 21	172	1-50:52-167	2017-12-15	Other	379.3696	0.0003	Unbound	Unbound	131,134,135,138,139,140,141,162,165	CSO,MG,GNP	None	None	None	None	None	None	None	None	None	None	GNP	MG	None	None	CSO	None	STP	XRAY	1.970	0.182	AFQGMTEYKLVVVGAGGVGKSALTIQLIQNHFVDEYDPTIEDSYRKQVVIDGETCLLDILDTAGHEEYSAMRDQYMRTGEGFLCVFAINNTKSFEDIHHYREQIKRVKDSEDVPMVLVGNKCDLPSRTVDTKQAQDLARSYGIPFIETSAKTRQGVDDAFYTLVREIRKHKE	True	63.610	118.600	156.610	90.00	90.00	90.00	/Users/mitchellparker/Desktop/rascore_build/core/6fa1C_core.cif	/Users/mitchellparker/Desktop/rascore_build/rcsb/6fa1.cif.gz	/Users/mitchellparker/Desktop/rascore_build/renum/6fa1_renum.cif	/Users/mitchellparker/Desktop/rascore_build/rcsb_assembly/6fa1-assembly-1.cif.gz	/Users/mitchellparker/Desktop/rascore_build/renum_assembly/6fa1-assembly-1_renum.cif	/Users/mitchellparker/Desktop/rascore_build/sifts/6fa1.xml.gz	/Users/mitchellparker/Desktop/rascore_build/pocket/6fa1C_3_pocket.pdb
6fa1C	6fa1	0	C	Y32in.3P-ON	Y71in.3P-SP12-A	Y32in	Y71in	P 21 21 21 (CF5)	6fa1C4	4	GTPase KRas	RASK_HUMAN	P01116-2	Q61H	Q61	KRAS	3P	Q61H	None	None	None	None	SP12-Unbound	P 21 21 21	172	1-50:52-167	2017-12-15	Other	301.6721	0.0002	Unbound	Unbound	97,107,108,109,110,137,138,139,162,165,166	CSO,MG,GNP	None	None	None	None	None	None	None	None	None	None	GNP	MG	None	None	CSO	None	STP	XRAY	1.970	0.182	AFQGMTEYKLVVVGAGGVGKSALTIQLIQNHFVDEYDPTIEDSYRKQVVIDGETCLLDILDTAGHEEYSAMRDQYMRTGEGFLCVFAINNTKSFEDIHHYREQIKRVKDSEDVPMVLVGNKCDLPSRTVDTKQAQDLARSYGIPFIETSAKTRQGVDDAFYTLVREIRKHKE	True	63.610	118.600	156.610	90.00	90.00	90.00	/Users/mitchellparker/Desktop/rascore_build/core/6fa1C_core.cif	/Users/mitchellparker/Desktop/rascore_build/rcsb/6fa1.cif.gz	/Users/mitchellparker/Desktop/rascore_build/renum/6fa1_renum.cif	/Users/mitchellparker/Desktop/rascore_build/rcsb_assembly/6fa1-assembly-1.cif.gz	/Users/mitchellparker/Desktop/rascore_build/renum_assembly/6fa1-assembly-1_renum.cif	/Users/mitchellparker/Desktop/rascore_build/sifts/6fa1.xml.gz	/Users/mitchellparker/Desktop/rascore_build/pocket/6fa1C_4_pocket.pdb
6fa1C	6fa1	0	C	Y32in.3P-ON	Y71in.3P-SP12-A	Y32in	Y71in	P 21 21 21 (CF5)	6fa1C5	5	GTPase KRas	RASK_HUMAN	P01116-2	Q61H	Q61	KRAS	3P	Q61H	None	None	None	None	SP12-Unbound	P 21 21 21	172	1-50:52-167	2017-12-15	SP12	271.3215	0.0138	Unbound	Unbound	5,6,7,39,54,56,71,74,75	CSO,MG,GNP	None	None	None	None	None	None	None	None	None	None	GNP	MG	None	None	CSO	None	STP	XRAY	1.970	0.182	AFQGMTEYKLVVVGAGGVGKSALTIQLIQNHFVDEYDPTIEDSYRKQVVIDGETCLLDILDTAGHEEYSAMRDQYMRTGEGFLCVFAINNTKSFEDIHHYREQIKRVKDSEDVPMVLVGNKCDLPSRTVDTKQAQDLARSYGIPFIETSAKTRQGVDDAFYTLVREIRKHKE	True	63.610	118.600	156.610	90.00	90.00	90.00	/Users/mitchellparker/Desktop/rascore_build/core/6fa1C_core.cif	/Users/mitchellparker/Desktop/rascore_build/rcsb/6fa1.cif.gz	/Users/mitchellparker/Desktop/rascore_build/renum/6fa1_renum.cif	/Users/mitchellparker/Desktop/rascore_build/rcsb_assembly/6fa1-assembly-1.cif.gz	/Users/mitchellparker/Desktop/rascore_build/renum_assembly/6fa1-assembly-1_renum.cif	/Users/mitchellparker/Desktop/rascore_build/sifts/6fa1.xml.gz	/Users/mitchellparker/Desktop/rascore_build/pocket/6fa1C_5_pocket.pdb
6fa1C	6fa1	0	C	Y32in.3P-ON	Y71in.3P-SP12-A	Y32in	Y71in	P 21 21 21 (CF5)	6fa1C6	6	GTPase KRas	RASK_HUMAN	P01116-2	Q61H	Q61	KRAS	3P	Q61H	None	None	None	None	SP12-Unbound	P 21 21 21	172	1-50:52-167	2017-12-15	Other	387.5634	0.0007	Unbound	Unbound	1,2,4,43,48,49,50	CSO,MG,GNP	None	None	None	None	None	None	None	None	None	None	GNP	MG	None	None	CSO	None	STP	XRAY	1.970	0.182	AFQGMTEYKLVVVGAGGVGKSALTIQLIQNHFVDEYDPTIEDSYRKQVVIDGETCLLDILDTAGHEEYSAMRDQYMRTGEGFLCVFAINNTKSFEDIHHYREQIKRVKDSEDVPMVLVGNKCDLPSRTVDTKQAQDLARSYGIPFIETSAKTRQGVDDAFYTLVREIRKHKE	True	63.610	118.600	156.610	90.00	90.00	90.00	/Users/mitchellparker/Desktop/rascore_build/core/6fa1C_core.cif	/Users/mitchellparker/Desktop/rascore_build/rcsb/6fa1.cif.gz	/Users/mitchellparker/Desktop/rascore_build/renum/6fa1_renum.cif	/Users/mitchellparker/Desktop/rascore_build/rcsb_assembly/6fa1-assembly-1.cif.gz	/Users/mitchellparker/Desktop/rascore_build/renum_assembly/6fa1-assembly-1_renum.cif	/Users/mitchellparker/Desktop/rascore_build/sifts/6fa1.xml.gz	/Users/mitchellparker/Desktop/rascore_build/pocket/6fa1C_6_pocket.pdb
6fa1D	6fa1	0	D	Y32in.3P-ON	Y71in.3P-SP12-A	Y32in	Y71in	P 21 21 21 (CF5)	6fa1D2	2	GTPase KRas	RASK_HUMAN	P01116-2	Q61H	Q61	KRAS	3P	Q61H	None	None	None	None	SP12-Unbound	P 21 21 21	172	1-50:52-167	2017-12-15	SP12	318.2041	0.5327	Unbound	Unbound	5,6,7,37,39,54,56,70,71,74,75	CSO,GNP,MG	None	None	None	None	None	None	None	None	None	None	GNP	MG	None	None	CSO	None	STP	XRAY	1.970	0.182	AFQGMTEYKLVVVGAGGVGKSALTIQLIQNHFVDEYDPTIEDSYRKQVVIDGETCLLDILDTAGHEEYSAMRDQYMRTGEGFLCVFAINNTKSFEDIHHYREQIKRVKDSEDVPMVLVGNKCDLPSRTVDTKQAQDLARSYGIPFIETSAKTRQGVDDAFYTLVREIRKHKE	True	63.610	118.600	156.610	90.00	90.00	90.00	/Users/mitchellparker/Desktop/rascore_build/core/6fa1D_core.cif	/Users/mitchellparker/Desktop/rascore_build/rcsb/6fa1.cif.gz	/Users/mitchellparker/Desktop/rascore_build/renum/6fa1_renum.cif	/Users/mitchellparker/Desktop/rascore_build/rcsb_assembly/6fa1-assembly-1.cif.gz	/Users/mitchellparker/Desktop/rascore_build/renum_assembly/6fa1-assembly-1_renum.cif	/Users/mitchellparker/Desktop/rascore_build/sifts/6fa1.xml.gz	/Users/mitchellparker/Desktop/rascore_build/pocket/6fa1D_2_pocket.pdb
6fa1D	6fa1	0	D	Y32in.3P-ON	Y71in.3P-SP12-A	Y32in	Y71in	P 21 21 21 (CF5)	6fa1D3	3	GTPase KRas	RASK_HUMAN	P01116-2	Q61H	Q61	KRAS	3P	Q61H	None	None	None	None	SP12-Unbound	P 21 21 21	172	1-50:52-167	2017-12-15	Other	361.7067	0.0014	Unbound	Unbound	131,134,135,138,139,140,141,162,165	CSO,GNP,MG	None	None	None	None	None	None	None	None	None	None	GNP	MG	None	None	CSO	None	STP	XRAY	1.970	0.182	AFQGMTEYKLVVVGAGGVGKSALTIQLIQNHFVDEYDPTIEDSYRKQVVIDGETCLLDILDTAGHEEYSAMRDQYMRTGEGFLCVFAINNTKSFEDIHHYREQIKRVKDSEDVPMVLVGNKCDLPSRTVDTKQAQDLARSYGIPFIETSAKTRQGVDDAFYTLVREIRKHKE	True	63.610	118.600	156.610	90.00	90.00	90.00	/Users/mitchellparker/Desktop/rascore_build/core/6fa1D_core.cif	/Users/mitchellparker/Desktop/rascore_build/rcsb/6fa1.cif.gz	/Users/mitchellparker/Desktop/rascore_build/renum/6fa1_renum.cif	/Users/mitchellparker/Desktop/rascore_build/rcsb_assembly/6fa1-assembly-1.cif.gz	/Users/mitchellparker/Desktop/rascore_build/renum_assembly/6fa1-assembly-1_renum.cif	/Users/mitchellparker/Desktop/rascore_build/sifts/6fa1.xml.gz	/Users/mitchellparker/Desktop/rascore_build/pocket/6fa1D_3_pocket.pdb
6fa1D	6fa1	0	D	Y32in.3P-ON	Y71in.3P-SP12-A	Y32in	Y71in	P 21 21 21 (CF5)	6fa1D4	4	GTPase KRas	RASK_HUMAN	P01116-2	Q61H	Q61	KRAS	3P	Q61H	None	None	None	None	SP12-Unbound	P 21 21 21	172	1-50:52-167	2017-12-15	Other	256.0510	0.0023	Unbound	Unbound	73,74,75,76,104,106,108,109,110,166,167	CSO,GNP,MG	None	None	None	None	None	None	None	None	None	None	GNP	MG	None	None	CSO	None	STP	XRAY	1.970	0.182	AFQGMTEYKLVVVGAGGVGKSALTIQLIQNHFVDEYDPTIEDSYRKQVVIDGETCLLDILDTAGHEEYSAMRDQYMRTGEGFLCVFAINNTKSFEDIHHYREQIKRVKDSEDVPMVLVGNKCDLPSRTVDTKQAQDLARSYGIPFIETSAKTRQGVDDAFYTLVREIRKHKE	True	63.610	118.600	156.610	90.00	90.00	90.00	/Users/mitchellparker/Desktop/rascore_build/core/6fa1D_core.cif	/Users/mitchellparker/Desktop/rascore_build/rcsb/6fa1.cif.gz	/Users/mitchellparker/Desktop/rascore_build/renum/6fa1_renum.cif	/Users/mitchellparker/Desktop/rascore_build/rcsb_assembly/6fa1-assembly-1.cif.gz	/Users/mitchellparker/Desktop/rascore_build/renum_assembly/6fa1-assembly-1_renum.cif	/Users/mitchellparker/Desktop/rascore_build/sifts/6fa1.xml.gz	/Users/mitchellparker/Desktop/rascore_build/pocket/6fa1D_4_pocket.pdb
6fa1D	6fa1	0	D	Y32in.3P-ON	Y71in.3P-SP12-A	Y32in	Y71in	P 21 21 21 (CF5)	6fa1D5	5	GTPase KRas	RASK_HUMAN	P01116-2	Q61H	Q61	KRAS	3P	Q61H	None	None	None	None	SP12-Unbound	P 21 21 21	172	1-50:52-167	2017-12-15	Other	235.2207	0.0003	Unbound	Unbound	98,101,102,105,106,107	CSO,GNP,MG	None	None	None	None	None	None	None	None	None	None	GNP	MG	None	None	CSO	None	STP	XRAY	1.970	0.182	AFQGMTEYKLVVVGAGGVGKSALTIQLIQNHFVDEYDPTIEDSYRKQVVIDGETCLLDILDTAGHEEYSAMRDQYMRTGEGFLCVFAINNTKSFEDIHHYREQIKRVKDSEDVPMVLVGNKCDLPSRTVDTKQAQDLARSYGIPFIETSAKTRQGVDDAFYTLVREIRKHKE	True	63.610	118.600	156.610	90.00	90.00	90.00	/Users/mitchellparker/Desktop/rascore_build/core/6fa1D_core.cif	/Users/mitchellparker/Desktop/rascore_build/rcsb/6fa1.cif.gz	/Users/mitchellparker/Desktop/rascore_build/renum/6fa1_renum.cif	/Users/mitchellparker/Desktop/rascore_build/rcsb_assembly/6fa1-assembly-1.cif.gz	/Users/mitchellparker/Desktop/rascore_build/renum_assembly/6fa1-assembly-1_renum.cif	/Users/mitchellparker/Desktop/rascore_build/sifts/6fa1.xml.gz	/Users/mitchellparker/Desktop/rascore_build/pocket/6fa1D_5_pocket.pdb
6fa1D	6fa1	0	D	Y32in.3P-ON	Y71in.3P-SP12-A	Y32in	Y71in	P 21 21 21 (CF5)	6fa1D6	6	GTPase KRas	RASK_HUMAN	P01116-2	Q61H	Q61	KRAS	3P	Q61H	None	None	None	None	SP12-Unbound	P 21 21 21	172	1-50:52-167	2017-12-15	Other	252.5165	0.0003	Unbound	Unbound	97,107,108,109,110,137,138,139,162,165,166	CSO,GNP,MG	None	None	None	None	None	None	None	None	None	None	GNP	MG	None	None	CSO	None	STP	XRAY	1.970	0.182	AFQGMTEYKLVVVGAGGVGKSALTIQLIQNHFVDEYDPTIEDSYRKQVVIDGETCLLDILDTAGHEEYSAMRDQYMRTGEGFLCVFAINNTKSFEDIHHYREQIKRVKDSEDVPMVLVGNKCDLPSRTVDTKQAQDLARSYGIPFIETSAKTRQGVDDAFYTLVREIRKHKE	True	63.610	118.600	156.610	90.00	90.00	90.00	/Users/mitchellparker/Desktop/rascore_build/core/6fa1D_core.cif	/Users/mitchellparker/Desktop/rascore_build/rcsb/6fa1.cif.gz	/Users/mitchellparker/Desktop/rascore_build/renum/6fa1_renum.cif	/Users/mitchellparker/Desktop/rascore_build/rcsb_assembly/6fa1-assembly-1.cif.gz	/Users/mitchellparker/Desktop/rascore_build/renum_assembly/6fa1-assembly-1_renum.cif	/Users/mitchellparker/Desktop/rascore_build/sifts/6fa1.xml.gz	/Users/mitchellparker/Desktop/rascore_build/pocket/6fa1D_6_pocket.pdb
6fa1D	6fa1	0	D	Y32in.3P-ON	Y71in.3P-SP12-A	Y32in	Y71in	P 21 21 21 (CF5)	6fa1D7	7	GTPase KRas	RASK_HUMAN	P01116-2	Q61H	Q61	KRAS	3P	Q61H	None	None	None	None	SP12-Unbound	P 21 21 21	172	1-50:52-167	2017-12-15	Other	233.5843	0.0004	Unbound	Unbound	95,98,99,102	CSO,GNP,MG	None	None	None	None	None	None	None	None	None	None	GNP	MG	None	None	CSO	None	STP	XRAY	1.970	0.182	AFQGMTEYKLVVVGAGGVGKSALTIQLIQNHFVDEYDPTIEDSYRKQVVIDGETCLLDILDTAGHEEYSAMRDQYMRTGEGFLCVFAINNTKSFEDIHHYREQIKRVKDSEDVPMVLVGNKCDLPSRTVDTKQAQDLARSYGIPFIETSAKTRQGVDDAFYTLVREIRKHKE	True	63.610	118.600	156.610	90.00	90.00	90.00	/Users/mitchellparker/Desktop/rascore_build/core/6fa1D_core.cif	/Users/mitchellparker/Desktop/rascore_build/rcsb/6fa1.cif.gz	/Users/mitchellparker/Desktop/rascore_build/renum/6fa1_renum.cif	/Users/mitchellparker/Desktop/rascore_build/rcsb_assembly/6fa1-assembly-1.cif.gz	/Users/mitchellparker/Desktop/rascore_build/renum_assembly/6fa1-assembly-1_renum.cif	/Users/mitchellparker/Desktop/rascore_build/sifts/6fa1.xml.gz	/Users/mitchellparker/Desktop/rascore_build/pocket/6fa1D_7_pocket.pdb
6fa1E	6fa1	0	E	Y32in.3P-ON	Y71in.3P-SP12-A	Y32in	Y71in	P 21 21 21 (CF5)	6fa1E2	2	GTPase KRas	RASK_HUMAN	P01116-2	Q61H	Q61	KRAS	3P	Q61H	None	None	None	None	SP12-Unbound	P 21 21 21	173	1-169	2017-12-15	Other	208.3791	0.0002	Unbound	Unbound	97,107,108,109,110,137,138,139,162,165,166,169	MG,GNP	None	None	None	None	None	None	None	None	None	None	GNP	MG	None	None	None	None	STP	XRAY	1.970	0.182	AFQGMTEYKLVVVGAGGVGKSALTIQLIQNHFVDEYDPTIEDSYRKQVVIDGETCLLDILDTAGHEEYSAMRDQYMRTGEGFLCVFAINNTKSFEDIHHYREQIKRVKDSEDVPMVLVGNKCDLPSRTVDTKQAQDLARSYGIPFIETSAKTRQGVDDAFYTLVREIRKHKEK	True	63.610	118.600	156.610	90.00	90.00	90.00	/Users/mitchellparker/Desktop/rascore_build/core/6fa1E_core.cif	/Users/mitchellparker/Desktop/rascore_build/rcsb/6fa1.cif.gz	/Users/mitchellparker/Desktop/rascore_build/renum/6fa1_renum.cif	/Users/mitchellparker/Desktop/rascore_build/rcsb_assembly/6fa1-assembly-1.cif.gz	/Users/mitchellparker/Desktop/rascore_build/renum_assembly/6fa1-assembly-1_renum.cif	/Users/mitchellparker/Desktop/rascore_build/sifts/6fa1.xml.gz	/Users/mitchellparker/Desktop/rascore_build/pocket/6fa1E_2_pocket.pdb
6fa1E	6fa1	0	E	Y32in.3P-ON	Y71in.3P-SP12-A	Y32in	Y71in	P 21 21 21 (CF5)	6fa1E3	3	GTPase KRas	RASK_HUMAN	P01116-2	Q61H	Q61	KRAS	3P	Q61H	None	None	None	None	SP12-Unbound	P 21 21 21	173	1-169	2017-12-15	SP12	270.3914	0.0535	Unbound	Unbound	5,6,7,39,54,56,70,71,74,75	MG,GNP	None	None	None	None	None	None	None	None	None	None	GNP	MG	None	None	None	None	STP	XRAY	1.970	0.182	AFQGMTEYKLVVVGAGGVGKSALTIQLIQNHFVDEYDPTIEDSYRKQVVIDGETCLLDILDTAGHEEYSAMRDQYMRTGEGFLCVFAINNTKSFEDIHHYREQIKRVKDSEDVPMVLVGNKCDLPSRTVDTKQAQDLARSYGIPFIETSAKTRQGVDDAFYTLVREIRKHKEK	True	63.610	118.600	156.610	90.00	90.00	90.00	/Users/mitchellparker/Desktop/rascore_build/core/6fa1E_core.cif	/Users/mitchellparker/Desktop/rascore_build/rcsb/6fa1.cif.gz	/Users/mitchellparker/Desktop/rascore_build/renum/6fa1_renum.cif	/Users/mitchellparker/Desktop/rascore_build/rcsb_assembly/6fa1-assembly-1.cif.gz	/Users/mitchellparker/Desktop/rascore_build/renum_assembly/6fa1-assembly-1_renum.cif	/Users/mitchellparker/Desktop/rascore_build/sifts/6fa1.xml.gz	/Users/mitchellparker/Desktop/rascore_build/pocket/6fa1E_3_pocket.pdb
6fa1E	6fa1	0	E	Y32in.3P-ON	Y71in.3P-SP12-A	Y32in	Y71in	P 21 21 21 (CF5)	6fa1E4	4	GTPase KRas	RASK_HUMAN	P01116-2	Q61H	Q61	KRAS	3P	Q61H	None	None	None	None	SP12-Unbound	P 21 21 21	173	1-169	2017-12-15	Other	340.8057	0.0086	Unbound	Unbound	73,74,75,76,104,106,108,109,110,163,166,167	MG,GNP	None	None	None	None	None	None	None	None	None	None	GNP	MG	None	None	None	None	STP	XRAY	1.970	0.182	AFQGMTEYKLVVVGAGGVGKSALTIQLIQNHFVDEYDPTIEDSYRKQVVIDGETCLLDILDTAGHEEYSAMRDQYMRTGEGFLCVFAINNTKSFEDIHHYREQIKRVKDSEDVPMVLVGNKCDLPSRTVDTKQAQDLARSYGIPFIETSAKTRQGVDDAFYTLVREIRKHKEK	True	63.610	118.600	156.610	90.00	90.00	90.00	/Users/mitchellparker/Desktop/rascore_build/core/6fa1E_core.cif	/Users/mitchellparker/Desktop/rascore_build/rcsb/6fa1.cif.gz	/Users/mitchellparker/Desktop/rascore_build/renum/6fa1_renum.cif	/Users/mitchellparker/Desktop/rascore_build/rcsb_assembly/6fa1-assembly-1.cif.gz	/Users/mitchellparker/Desktop/rascore_build/renum_assembly/6fa1-assembly-1_renum.cif	/Users/mitchellparker/Desktop/rascore_build/sifts/6fa1.xml.gz	/Users/mitchellparker/Desktop/rascore_build/pocket/6fa1E_4_pocket.pdb
6fa1E	6fa1	0	E	Y32in.3P-ON	Y71in.3P-SP12-A	Y32in	Y71in	P 21 21 21 (CF5)	6fa1E5	5	GTPase KRas	RASK_HUMAN	P01116-2	Q61H	Q61	KRAS	3P	Q61H	None	None	None	None	SP12-Unbound	P 21 21 21	173	1-169	2017-12-15	Other	220.6967	0.0002	Unbound	Unbound	127,128,131,132,135	MG,GNP	None	None	None	None	None	None	None	None	None	None	GNP	MG	None	None	None	None	STP	XRAY	1.970	0.182	AFQGMTEYKLVVVGAGGVGKSALTIQLIQNHFVDEYDPTIEDSYRKQVVIDGETCLLDILDTAGHEEYSAMRDQYMRTGEGFLCVFAINNTKSFEDIHHYREQIKRVKDSEDVPMVLVGNKCDLPSRTVDTKQAQDLARSYGIPFIETSAKTRQGVDDAFYTLVREIRKHKEK	True	63.610	118.600	156.610	90.00	90.00	90.00	/Users/mitchellparker/Desktop/rascore_build/core/6fa1E_core.cif	/Users/mitchellparker/Desktop/rascore_build/rcsb/6fa1.cif.gz	/Users/mitchellparker/Desktop/rascore_build/renum/6fa1_renum.cif	/Users/mitchellparker/Desktop/rascore_build/rcsb_assembly/6fa1-assembly-1.cif.gz	/Users/mitchellparker/Desktop/rascore_build/renum_assembly/6fa1-assembly-1_renum.cif	/Users/mitchellparker/Desktop/rascore_build/sifts/6fa1.xml.gz	/Users/mitchellparker/Desktop/rascore_build/pocket/6fa1E_5_pocket.pdb
6fa1F	6fa1	0	F	Y32in.3P-ON	Y71in.3P-SP12-A	Y32in	Y71in	P 21 21 21 (CF5)	6fa1F2	2	GTPase KRas	RASK_HUMAN	P01116-2	Q61H	Q61	KRAS	3P	Q61H	SP12	SP12.Benzodioxane	None	None	SP12-Bound	P 21 21 21	172	1-50:52-167	2017-12-15	SP12	251.3843	0.1348	Bound	SP12	5,6,7,39,54,56,71,74,75	CSO,MG,GNP,D2Z	None	D2Z:56,54,5,7,6,74,71,70	None	None	SP12	SP12.Benzodioxane	D2Z:C[NH+](C)CCOc1ccc(C(=O)NCC2COc3ccccc3O2)cc1	None	None	None	GNP	MG	D2Z	None	CSO	None	D2Z	XRAY	1.970	0.182	AFQGMTEYKLVVVGAGGVGKSALTIQLIQNHFVDEYDPTIEDSYRKQVVIDGETCLLDILDTAGHEEYSAMRDQYMRTGEGFLCVFAINNTKSFEDIHHYREQIKRVKDSEDVPMVLVGNKCDLPSRTVDTKQAQDLARSYGIPFIETSAKTRQGVDDAFYTLVREIRKHKE	True	63.610	118.600	156.610	90.00	90.00	90.00	/Users/mitchellparker/Desktop/rascore_build/core/6fa1F_core.cif	/Users/mitchellparker/Desktop/rascore_build/rcsb/6fa1.cif.gz	/Users/mitchellparker/Desktop/rascore_build/renum/6fa1_renum.cif	/Users/mitchellparker/Desktop/rascore_build/rcsb_assembly/6fa1-assembly-1.cif.gz	/Users/mitchellparker/Desktop/rascore_build/renum_assembly/6fa1-assembly-1_renum.cif	/Users/mitchellparker/Desktop/rascore_build/sifts/6fa1.xml.gz	/Users/mitchellparker/Desktop/rascore_build/pocket/6fa1F_2_pocket.pdb
6fa2A	6fa2	0	A	Y32in.3P-ON	Y71in.3P-SP12-B	Y32in	Y71in	P 21 21 21 (CF5)	6fa2A2	2	GTPase KRas	RASK_HUMAN	P01116-2	Q61H	Q61	KRAS	3P	Q61H	SP12	SP12.Benzodioxane	None	None	SP12-Bound	P 21 21 21	167	1-167	2017-12-15	SP12	394.4032	0.1068	Bound	SP12	5,6,7,39,40,41,54,55,56,71,74,75	MG,GNP,D2W	None	D2W:70,74,71,7,75,56,5,6,54,41,40,39,55	None	None	SP12	SP12.Benzodioxane	D2W:COc1cccc(-c2cccc3c2OC(CNC(=O)c2ccc(OCCN(C)C)cc2)CO3)n1	None	None	None	GNP	MG	D2W	None	None	None	D2W	XRAY	2.600	0.205	MTEYKLVVVGAGGVGKSALTIQLIQNHFVDEYDPTIEDSYRKQVVIDGETCLLDILDTAGHEEYSAMRDQYMRTGEGFLCVFAINNTKSFEDIHHYREQIKRVKDSEDVPMVLVGNKCDLPSRTVDTKQAQDLARSYGIPFIETSAKTRQGVDDAFYTLVREIRKHK	True	63.230	117.215	156.446	90.00	90.00	90.00	/Users/mitchellparker/Desktop/rascore_build/core/6fa2A_core.cif	/Users/mitchellparker/Desktop/rascore_build/rcsb/6fa2.cif.gz	/Users/mitchellparker/Desktop/rascore_build/renum/6fa2_renum.cif	/Users/mitchellparker/Desktop/rascore_build/rcsb_assembly/6fa2-assembly-5.cif.gz	/Users/mitchellparker/Desktop/rascore_build/renum_assembly/6fa2-assembly-5_renum.cif	/Users/mitchellparker/Desktop/rascore_build/sifts/6fa2.xml.gz	/Users/mitchellparker/Desktop/rascore_build/pocket/6fa2A_2_pocket.pdb
6fa2B	6fa2	0	B	Y32in.3P-ON	Disordered	Y32in	Y71in	P 21 21 21 (CF5)	6fa2B2	2	GTPase KRas	RASK_HUMAN	P01116-2	Q61H	Q61	KRAS	3P	Q61H	SP12	SP12.Benzodioxane	None	None	SP12-Bound	P 21 21 21	170	1-62:65-167	2017-12-15	SP12	526.0372	0.1265	Bound	SP12	5,6,7,37,39,40,41,54,55,56,70,71,74,75	MG,GNP,D2W	None	D2W:56,37,74,71,7,5,6,54,41,39,40,55	None	None	SP12	SP12.Benzodioxane	D2W:COc1cccc(-c2cccc3c2OC(CNC(=O)c2ccc(OCCN(C)C)cc2)CO3)n1	None	None	None	GNP	MG	D2W	None	None	None	D2W	XRAY	2.600	0.205	FQGMTEYKLVVVGAGGVGKSALTIQLIQNHFVDEYDPTIEDSYRKQVVIDGETCLLDILDTAGHEEYSAMRDQYMRTGEGFLCVFAINNTKSFEDIHHYREQIKRVKDSEDVPMVLVGNKCDLPSRTVDTKQAQDLARSYGIPFIETSAKTRQGVDDAFYTLVREIRKHK	True	63.230	117.215	156.446	90.00	90.00	90.00	/Users/mitchellparker/Desktop/rascore_build/core/6fa2B_core.cif	/Users/mitchellparker/Desktop/rascore_build/rcsb/6fa2.cif.gz	/Users/mitchellparker/Desktop/rascore_build/renum/6fa2_renum.cif	/Users/mitchellparker/Desktop/rascore_build/rcsb_assembly/6fa2-assembly-5.cif.gz	/Users/mitchellparker/Desktop/rascore_build/renum_assembly/6fa2-assembly-5_renum.cif	/Users/mitchellparker/Desktop/rascore_build/sifts/6fa2.xml.gz	/Users/mitchellparker/Desktop/rascore_build/pocket/6fa2B_2_pocket.pdb
6fa2C	6fa2	0	C	Disordered	Disordered	Y32in	Y71in	P 21 21 21 (CF5)	6fa2C2	2	GTPase KRas	RASK_HUMAN	P01116-2	WT	WT	KRAS	3P	WT	SP12	SP12.Benzodioxane	None	None	SP12-Bound	P 21 21 21	171	1-35:38-60:65-167	2017-12-15	SP12	616.9688	0.0948	Bound	SP12	5,6,7,24,39,40,41,54,55,56,71,74,75	MG,GNP,D2W	None	D2W:71,74,7,5,54,41,55,39,40	None	None	SP12	SP12.Benzodioxane	D2W:COc1cccc(-c2cccc3c2OC(CNC(=O)c2ccc(OCCN(C)C)cc2)CO3)n1	None	None	None	GNP	MG	D2W	None	None	None	D2W	XRAY	2.600	0.205	YFQGMTEYKLVVVGAGGVGKSALTIQLIQNHFVDEYDPTIEDSYRKQVVIDGETCLLDILDTAGHEEYSAMRDQYMRTGEGFLCVFAINNTKSFEDIHHYREQIKRVKDSEDVPMVLVGNKCDLPSRTVDTKQAQDLARSYGIPFIETSAKTRQGVDDAFYTLVREIRKHK	True	63.230	117.215	156.446	90.00	90.00	90.00	/Users/mitchellparker/Desktop/rascore_build/core/6fa2C_core.cif	/Users/mitchellparker/Desktop/rascore_build/rcsb/6fa2.cif.gz	/Users/mitchellparker/Desktop/rascore_build/renum/6fa2_renum.cif	/Users/mitchellparker/Desktop/rascore_build/rcsb_assembly/6fa2-assembly-5.cif.gz	/Users/mitchellparker/Desktop/rascore_build/renum_assembly/6fa2-assembly-5_renum.cif	/Users/mitchellparker/Desktop/rascore_build/sifts/6fa2.xml.gz	/Users/mitchellparker/Desktop/rascore_build/pocket/6fa2C_2_pocket.pdb
6fa2D	6fa2	0	D	Disordered	Disordered	Y32in	Y71in	P 21 21 21 (CF5)	6fa2D2	2	GTPase KRas	RASK_HUMAN	P01116-2	WT	WT	KRAS	3P	WT	SP12	SP12.Benzodioxane	None	None	SP12-Bound	P 21 21 21	170	1-32:38-60:68-167	2017-12-15	SP12	431.0503	0.8266	Bound	SP12	5,6,7,39,40,41,54,55,56,71,74,75	MG,GNP,D2W	None	D2W:71,74,56,7,6,5,54,40,39,55	None	None	SP12	SP12.Benzodioxane	D2W:COc1cccc(-c2cccc3c2OC(CNC(=O)c2ccc(OCCN(C)C)cc2)CO3)n1	None	None	None	GNP	MG	D2W	None	None	None	D2W	XRAY	2.600	0.205	FQGMTEYKLVVVGAGGVGKSALTIQLIQNHFVDEYDPTIEDSYRKQVVIDGETCLLDILDTAGHEEYSAMRDQYMRTGEGFLCVFAINNTKSFEDIHHYREQIKRVKDSEDVPMVLVGNKCDLPSRTVDTKQAQDLARSYGIPFIETSAKTRQGVDDAFYTLVREIRKHK	True	63.230	117.215	156.446	90.00	90.00	90.00	/Users/mitchellparker/Desktop/rascore_build/core/6fa2D_core.cif	/Users/mitchellparker/Desktop/rascore_build/rcsb/6fa2.cif.gz	/Users/mitchellparker/Desktop/rascore_build/renum/6fa2_renum.cif	/Users/mitchellparker/Desktop/rascore_build/rcsb_assembly/6fa2-assembly-5.cif.gz	/Users/mitchellparker/Desktop/rascore_build/renum_assembly/6fa2-assembly-5_renum.cif	/Users/mitchellparker/Desktop/rascore_build/sifts/6fa2.xml.gz	/Users/mitchellparker/Desktop/rascore_build/pocket/6fa2D_2_pocket.pdb
6fa2E	6fa2	0	E	Y32in.3P-ON	Disordered	Y32in	Y71in	P 21 21 21 (CF5)	6fa2E2	2	GTPase KRas	RASK_HUMAN	P01116-2	WT	WT	KRAS	3P	WT	SP12	SP12.Benzodioxane	None	None	SP12-Bound	P 21 21 21	170	1-60:67-167	2017-12-15	SP12	464.5639	0.2346	Bound	SP12	5,6,7,39,40,41,54,55,56,71,74,75	MG,GNP,D2W	None	D2W:74,71,56,7,5,54,41,40,39,55	None	None	SP12	SP12.Benzodioxane	D2W:COc1cccc(-c2cccc3c2OC(CNC(=O)c2ccc(OCCN(C)C)cc2)CO3)n1	None	None	None	GNP	MG	D2W	None	None	None	D2W	XRAY	2.600	0.205	FQGMTEYKLVVVGAGGVGKSALTIQLIQNHFVDEYDPTIEDSYRKQVVIDGETCLLDILDTAGHEEYSAMRDQYMRTGEGFLCVFAINNTKSFEDIHHYREQIKRVKDSEDVPMVLVGNKCDLPSRTVDTKQAQDLARSYGIPFIETSAKTRQGVDDAFYTLVREIRKHK	True	63.230	117.215	156.446	90.00	90.00	90.00	/Users/mitchellparker/Desktop/rascore_build/core/6fa2E_core.cif	/Users/mitchellparker/Desktop/rascore_build/rcsb/6fa2.cif.gz	/Users/mitchellparker/Desktop/rascore_build/renum/6fa2_renum.cif	/Users/mitchellparker/Desktop/rascore_build/rcsb_assembly/6fa2-assembly-5.cif.gz	/Users/mitchellparker/Desktop/rascore_build/renum_assembly/6fa2-assembly-5_renum.cif	/Users/mitchellparker/Desktop/rascore_build/sifts/6fa2.xml.gz	/Users/mitchellparker/Desktop/rascore_build/pocket/6fa2E_2_pocket.pdb
6fa2F	6fa2	0	F	Disordered	Disordered	Disordered	Y71in	P 21 21 21 (CF5)	6fa2F2	2	GTPase KRas	RASK_HUMAN	P01116-2	WT	WT	KRAS	3P	WT	SP12	SP12.Benzodioxane	None	None	SP12-Bound	P 21 21 21	170	1-31:38-60:67-167	2017-12-15	SP12	417.0709	0.6910	Bound	SP12	5,6,7,39,40,41,54,55,56,71,74,75	MG,GNP,D2W	None	D2W:74,71,56,75,7,5,54,41,40,55,39	None	None	SP12	SP12.Benzodioxane	D2W:COc1cccc(-c2cccc3c2OC(CNC(=O)c2ccc(OCCN(C)C)cc2)CO3)n1	None	None	None	GNP	MG	D2W	None	None	None	D2W	XRAY	2.600	0.205	FQGMTEYKLVVVGAGGVGKSALTIQLIQNHFVDEYDPTIEDSYRKQVVIDGETCLLDILDTAGHEEYSAMRDQYMRTGEGFLCVFAINNTKSFEDIHHYREQIKRVKDSEDVPMVLVGNKCDLPSRTVDTKQAQDLARSYGIPFIETSAKTRQGVDDAFYTLVREIRKHK	True	63.230	117.215	156.446	90.00	90.00	90.00	/Users/mitchellparker/Desktop/rascore_build/core/6fa2F_core.cif	/Users/mitchellparker/Desktop/rascore_build/rcsb/6fa2.cif.gz	/Users/mitchellparker/Desktop/rascore_build/renum/6fa2_renum.cif	/Users/mitchellparker/Desktop/rascore_build/rcsb_assembly/6fa2-assembly-5.cif.gz	/Users/mitchellparker/Desktop/rascore_build/renum_assembly/6fa2-assembly-5_renum.cif	/Users/mitchellparker/Desktop/rascore_build/sifts/6fa2.xml.gz	/Users/mitchellparker/Desktop/rascore_build/pocket/6fa2F_2_pocket.pdb
6fa3A	6fa3	0	A	Y32in.3P-ON	Y71in.3P-SP12-B	Y32in	Y71in	P 21 21 21 (CF5)	6fa3A2	2	GTPase KRas	RASK_HUMAN	P01116-2	Q61H	Q61	KRAS	3P	Q61H	SP12	SP12.Benzodioxane	None	None	SP12-Bound	P 21 21 21	172	1-167	2017-12-15	SP12	466.6461	0.7310	Bound	SP12	5,6,7,39,40,41,54,55,56,71,74,75	D1Z,MG,GNP	None	D1Z:74,5,71,75,56,7,6,54,39,41,40	None	None	SP12	SP12.Benzodioxane	D1Z:COc1nc(-c2cccc3c2OC(CNC(=O)C2CCOCC2)CO3)ccc1Nc1cccc(CN(C)C)c1	None	None	None	GNP	MG	D1Z	None	None	None	D1Z	XRAY	1.820	0.185	AFQGMTEYKLVVVGAGGVGKSALTIQLIQNHFVDEYDPTIEDSYRKQVVIDGETCLLDILDTAGHEEYSAMRDQYMRTGEGFLCVFAINNTKSFEDIHHYREQIKRVKDSEDVPMVLVGNKCDLPSRTVDTKQAQDLARSYGIPFIETSAKTRQGVDDAFYTLVREIRKHKE	True	63.390	118.480	156.280	90.00	90.00	90.00	/Users/mitchellparker/Desktop/rascore_build/core/6fa3A_core.cif	/Users/mitchellparker/Desktop/rascore_build/rcsb/6fa3.cif.gz	/Users/mitchellparker/Desktop/rascore_build/renum/6fa3_renum.cif	/Users/mitchellparker/Desktop/rascore_build/rcsb_assembly/6fa3-assembly-4.cif.gz	/Users/mitchellparker/Desktop/rascore_build/renum_assembly/6fa3-assembly-4_renum.cif	/Users/mitchellparker/Desktop/rascore_build/sifts/6fa3.xml.gz	/Users/mitchellparker/Desktop/rascore_build/pocket/6fa3A_2_pocket.pdb
6fa3B	6fa3	0	B	Y32in.3P-ON	Y71in.3P-SP12-A	Y32in	Y71in	P 21 21 21 (CF5)	6fa3B2	2	GTPase KRas	RASK_HUMAN	P01116-2	Q61H	Q61	KRAS	3P	Q61H	SP12	SP12.Benzodioxane	None	None	SP12-Bound	P 21 21 21	172	1-50:52-167	2017-12-15	SP12	361.7038	0.8091	Bound	SP12	5,6,7,37,39,40,54,55,56,67,70,71,74,75	CSO,MG,GNP,D1Z	None	D1Z:70,71,74,56,7,75,6,5,54,55,39,40,41	None	None	SP12	SP12.Benzodioxane	D1Z:COc1nc(-c2cccc3c2OC(CNC(=O)C2CCOCC2)CO3)ccc1Nc1cccc(CN(C)C)c1	None	None	None	GNP	MG	D1Z	None	CSO	None	D1Z	XRAY	1.820	0.185	AFQGMTEYKLVVVGAGGVGKSALTIQLIQNHFVDEYDPTIEDSYRKQVVIDGETCLLDILDTAGHEEYSAMRDQYMRTGEGFLCVFAINNTKSFEDIHHYREQIKRVKDSEDVPMVLVGNKCDLPSRTVDTKQAQDLARSYGIPFIETSAKTRQGVDDAFYTLVREIRKHKE	True	63.390	118.480	156.280	90.00	90.00	90.00	/Users/mitchellparker/Desktop/rascore_build/core/6fa3B_core.cif	/Users/mitchellparker/Desktop/rascore_build/rcsb/6fa3.cif.gz	/Users/mitchellparker/Desktop/rascore_build/renum/6fa3_renum.cif	/Users/mitchellparker/Desktop/rascore_build/rcsb_assembly/6fa3-assembly-4.cif.gz	/Users/mitchellparker/Desktop/rascore_build/renum_assembly/6fa3-assembly-4_renum.cif	/Users/mitchellparker/Desktop/rascore_build/sifts/6fa3.xml.gz	/Users/mitchellparker/Desktop/rascore_build/pocket/6fa3B_2_pocket.pdb
6fa3C	6fa3	0	C	Y32in.3P-ON	Y71in.3P-SP12-A	Y32in	Y71in	P 21 21 21 (CF5)	6fa3C2	2	GTPase KRas	RASK_HUMAN	P01116-2	Q61H	Q61	KRAS	3P	Q61H	SP12	SP12.Benzodioxane	None	None	SP12-Bound	P 21 21 21	172	1-50:52-62:65-167	2017-12-15	SP12	524.2056	0.9304	Bound	SP12	5,6,7,39,40,41,54,55,56,70,71,74,75	CSO,MG,GNP,D1Z	None	D1Z:39,37,74,71,56,7,75,6,5,54,55,40,41	None	None	SP12	SP12.Benzodioxane	D1Z:COc1nc(-c2cccc3c2OC(CNC(=O)C2CCOCC2)CO3)ccc1Nc1cccc(CN(C)C)c1	None	None	None	GNP	MG	D1Z	None	CSO	None	D1Z	XRAY	1.820	0.185	AFQGMTEYKLVVVGAGGVGKSALTIQLIQNHFVDEYDPTIEDSYRKQVVIDGETCLLDILDTAGHEEYSAMRDQYMRTGEGFLCVFAINNTKSFEDIHHYREQIKRVKDSEDVPMVLVGNKCDLPSRTVDTKQAQDLARSYGIPFIETSAKTRQGVDDAFYTLVREIRKHKE	True	63.390	118.480	156.280	90.00	90.00	90.00	/Users/mitchellparker/Desktop/rascore_build/core/6fa3C_core.cif	/Users/mitchellparker/Desktop/rascore_build/rcsb/6fa3.cif.gz	/Users/mitchellparker/Desktop/rascore_build/renum/6fa3_renum.cif	/Users/mitchellparker/Desktop/rascore_build/rcsb_assembly/6fa3-assembly-4.cif.gz	/Users/mitchellparker/Desktop/rascore_build/renum_assembly/6fa3-assembly-4_renum.cif	/Users/mitchellparker/Desktop/rascore_build/sifts/6fa3.xml.gz	/Users/mitchellparker/Desktop/rascore_build/pocket/6fa3C_2_pocket.pdb
6fa3D	6fa3	0	D	Y32in.3P-ON	Y71in.3P-SP12-A	Y32in	Y71in	P 21 21 21 (CF5)	6fa3D2	2	GTPase KRas	RASK_HUMAN	P01116-2	Q61H	Q61	KRAS	3P	Q61H	None	None	None	None	SP12-Unbound	P 21 21 21	172	1-50:52-167	2017-12-15	SP12	553.3117	0.4266	Unbound	Unbound	5,6,7,37,39,40,41,54,55,56,70,71,74,75	CSO,GNP,MG	None	None	None	None	None	None	None	None	None	None	GNP	MG	None	None	CSO	None	STP	XRAY	1.820	0.185	AFQGMTEYKLVVVGAGGVGKSALTIQLIQNHFVDEYDPTIEDSYRKQVVIDGETCLLDILDTAGHEEYSAMRDQYMRTGEGFLCVFAINNTKSFEDIHHYREQIKRVKDSEDVPMVLVGNKCDLPSRTVDTKQAQDLARSYGIPFIETSAKTRQGVDDAFYTLVREIRKHKE	True	63.390	118.480	156.280	90.00	90.00	90.00	/Users/mitchellparker/Desktop/rascore_build/core/6fa3D_core.cif	/Users/mitchellparker/Desktop/rascore_build/rcsb/6fa3.cif.gz	/Users/mitchellparker/Desktop/rascore_build/renum/6fa3_renum.cif	/Users/mitchellparker/Desktop/rascore_build/rcsb_assembly/6fa3-assembly-4.cif.gz	/Users/mitchellparker/Desktop/rascore_build/renum_assembly/6fa3-assembly-4_renum.cif	/Users/mitchellparker/Desktop/rascore_build/sifts/6fa3.xml.gz	/Users/mitchellparker/Desktop/rascore_build/pocket/6fa3D_2_pocket.pdb
6fa3D	6fa3	0	D	Y32in.3P-ON	Y71in.3P-SP12-A	Y32in	Y71in	P 21 21 21 (CF5)	6fa3D3	3	GTPase KRas	RASK_HUMAN	P01116-2	Q61H	Q61	KRAS	3P	Q61H	None	None	None	None	SP12-Unbound	P 21 21 21	172	1-50:52-167	2017-12-15	Other	220.3744	0.0032	Unbound	Unbound	73,74,75,76,104,106,108,109,110,166,167	CSO,GNP,MG	None	None	None	None	None	None	None	None	None	None	GNP	MG	None	None	CSO	None	STP	XRAY	1.820	0.185	AFQGMTEYKLVVVGAGGVGKSALTIQLIQNHFVDEYDPTIEDSYRKQVVIDGETCLLDILDTAGHEEYSAMRDQYMRTGEGFLCVFAINNTKSFEDIHHYREQIKRVKDSEDVPMVLVGNKCDLPSRTVDTKQAQDLARSYGIPFIETSAKTRQGVDDAFYTLVREIRKHKE	True	63.390	118.480	156.280	90.00	90.00	90.00	/Users/mitchellparker/Desktop/rascore_build/core/6fa3D_core.cif	/Users/mitchellparker/Desktop/rascore_build/rcsb/6fa3.cif.gz	/Users/mitchellparker/Desktop/rascore_build/renum/6fa3_renum.cif	/Users/mitchellparker/Desktop/rascore_build/rcsb_assembly/6fa3-assembly-4.cif.gz	/Users/mitchellparker/Desktop/rascore_build/renum_assembly/6fa3-assembly-4_renum.cif	/Users/mitchellparker/Desktop/rascore_build/sifts/6fa3.xml.gz	/Users/mitchellparker/Desktop/rascore_build/pocket/6fa3D_3_pocket.pdb
6fa3D	6fa3	0	D	Y32in.3P-ON	Y71in.3P-SP12-A	Y32in	Y71in	P 21 21 21 (CF5)	6fa3D4	4	GTPase KRas	RASK_HUMAN	P01116-2	Q61H	Q61	KRAS	3P	Q61H	None	None	None	None	SP12-Unbound	P 21 21 21	172	1-50:52-167	2017-12-15	Other	231.9505	0.0003	Unbound	Unbound	98,101,102,105,106,107	CSO,GNP,MG	None	None	None	None	None	None	None	None	None	None	GNP	MG	None	None	CSO	None	STP	XRAY	1.820	0.185	AFQGMTEYKLVVVGAGGVGKSALTIQLIQNHFVDEYDPTIEDSYRKQVVIDGETCLLDILDTAGHEEYSAMRDQYMRTGEGFLCVFAINNTKSFEDIHHYREQIKRVKDSEDVPMVLVGNKCDLPSRTVDTKQAQDLARSYGIPFIETSAKTRQGVDDAFYTLVREIRKHKE	True	63.390	118.480	156.280	90.00	90.00	90.00	/Users/mitchellparker/Desktop/rascore_build/core/6fa3D_core.cif	/Users/mitchellparker/Desktop/rascore_build/rcsb/6fa3.cif.gz	/Users/mitchellparker/Desktop/rascore_build/renum/6fa3_renum.cif	/Users/mitchellparker/Desktop/rascore_build/rcsb_assembly/6fa3-assembly-4.cif.gz	/Users/mitchellparker/Desktop/rascore_build/renum_assembly/6fa3-assembly-4_renum.cif	/Users/mitchellparker/Desktop/rascore_build/sifts/6fa3.xml.gz	/Users/mitchellparker/Desktop/rascore_build/pocket/6fa3D_4_pocket.pdb
6fa3D	6fa3	0	D	Y32in.3P-ON	Y71in.3P-SP12-A	Y32in	Y71in	P 21 21 21 (CF5)	6fa3D5	5	GTPase KRas	RASK_HUMAN	P01116-2	Q61H	Q61	KRAS	3P	Q61H	None	None	None	None	SP12-Unbound	P 21 21 21	172	1-50:52-167	2017-12-15	Other	277.1310	0.0002	Unbound	Unbound	97,107,108,109,110,111,137,138,139,162,165,166	CSO,GNP,MG	None	None	None	None	None	None	None	None	None	None	GNP	MG	None	None	CSO	None	STP	XRAY	1.820	0.185	AFQGMTEYKLVVVGAGGVGKSALTIQLIQNHFVDEYDPTIEDSYRKQVVIDGETCLLDILDTAGHEEYSAMRDQYMRTGEGFLCVFAINNTKSFEDIHHYREQIKRVKDSEDVPMVLVGNKCDLPSRTVDTKQAQDLARSYGIPFIETSAKTRQGVDDAFYTLVREIRKHKE	True	63.390	118.480	156.280	90.00	90.00	90.00	/Users/mitchellparker/Desktop/rascore_build/core/6fa3D_core.cif	/Users/mitchellparker/Desktop/rascore_build/rcsb/6fa3.cif.gz	/Users/mitchellparker/Desktop/rascore_build/renum/6fa3_renum.cif	/Users/mitchellparker/Desktop/rascore_build/rcsb_assembly/6fa3-assembly-4.cif.gz	/Users/mitchellparker/Desktop/rascore_build/renum_assembly/6fa3-assembly-4_renum.cif	/Users/mitchellparker/Desktop/rascore_build/sifts/6fa3.xml.gz	/Users/mitchellparker/Desktop/rascore_build/pocket/6fa3D_5_pocket.pdb
6fa3D	6fa3	0	D	Y32in.3P-ON	Y71in.3P-SP12-A	Y32in	Y71in	P 21 21 21 (CF5)	6fa3D6	6	GTPase KRas	RASK_HUMAN	P01116-2	Q61H	Q61	KRAS	3P	Q61H	None	None	None	None	SP12-Unbound	P 21 21 21	172	1-50:52-167	2017-12-15	Other	237.4784	0.0002	Unbound	Unbound	131,134,135,139,141	CSO,GNP,MG	None	None	None	None	None	None	None	None	None	None	GNP	MG	None	None	CSO	None	STP	XRAY	1.820	0.185	AFQGMTEYKLVVVGAGGVGKSALTIQLIQNHFVDEYDPTIEDSYRKQVVIDGETCLLDILDTAGHEEYSAMRDQYMRTGEGFLCVFAINNTKSFEDIHHYREQIKRVKDSEDVPMVLVGNKCDLPSRTVDTKQAQDLARSYGIPFIETSAKTRQGVDDAFYTLVREIRKHKE	True	63.390	118.480	156.280	90.00	90.00	90.00	/Users/mitchellparker/Desktop/rascore_build/core/6fa3D_core.cif	/Users/mitchellparker/Desktop/rascore_build/rcsb/6fa3.cif.gz	/Users/mitchellparker/Desktop/rascore_build/renum/6fa3_renum.cif	/Users/mitchellparker/Desktop/rascore_build/rcsb_assembly/6fa3-assembly-4.cif.gz	/Users/mitchellparker/Desktop/rascore_build/renum_assembly/6fa3-assembly-4_renum.cif	/Users/mitchellparker/Desktop/rascore_build/sifts/6fa3.xml.gz	/Users/mitchellparker/Desktop/rascore_build/pocket/6fa3D_6_pocket.pdb
6fa3E	6fa3	0	E	Y32in.3P-ON	Disordered	Y32in	Y71in	P 21 21 21 (CF5)	6fa3E2	2	GTPase KRas	RASK_HUMAN	P01116-2	Q61H	Q61	KRAS	3P	Q61H	None	None	None	None	Multiple-Unbound	P 21 21 21	172	1-50:52-62:68-167	2017-12-15	SP12	484.4199	0.5559	Unbound	Unbound	5,6,7,39,40,41,54,55,56,71,74,75	CSO,MG,GNP	None	None	None	None	None	None	None	None	None	None	GNP	MG	None	None	CSO	None	STP	XRAY	1.820	0.185	AFQGMTEYKLVVVGAGGVGKSALTIQLIQNHFVDEYDPTIEDSYRKQVVIDGETCLLDILDTAGHEEYSAMRDQYMRTGEGFLCVFAINNTKSFEDIHHYREQIKRVKDSEDVPMVLVGNKCDLPSRTVDTKQAQDLARSYGIPFIETSAKTRQGVDDAFYTLVREIRKHKE	True	63.390	118.480	156.280	90.00	90.00	90.00	/Users/mitchellparker/Desktop/rascore_build/core/6fa3E_core.cif	/Users/mitchellparker/Desktop/rascore_build/rcsb/6fa3.cif.gz	/Users/mitchellparker/Desktop/rascore_build/renum/6fa3_renum.cif	/Users/mitchellparker/Desktop/rascore_build/rcsb_assembly/6fa3-assembly-4.cif.gz	/Users/mitchellparker/Desktop/rascore_build/renum_assembly/6fa3-assembly-4_renum.cif	/Users/mitchellparker/Desktop/rascore_build/sifts/6fa3.xml.gz	/Users/mitchellparker/Desktop/rascore_build/pocket/6fa3E_2_pocket.pdb
6fa3E	6fa3	0	E	Y32in.3P-ON	Disordered	Y32in	Y71in	P 21 21 21 (CF5)	6fa3E3	3	GTPase KRas	RASK_HUMAN	P01116-2	Q61H	Q61	KRAS	3P	Q61H	None	None	None	None	Multiple-Unbound	P 21 21 21	172	1-50:52-62:68-167	2017-12-15	Other	190.8057	0.0003	Unbound	Unbound	97,107,108,109,110,137,138,139,162,165,166	CSO,MG,GNP	None	None	None	None	None	None	None	None	None	None	GNP	MG	None	None	CSO	None	STP	XRAY	1.820	0.185	AFQGMTEYKLVVVGAGGVGKSALTIQLIQNHFVDEYDPTIEDSYRKQVVIDGETCLLDILDTAGHEEYSAMRDQYMRTGEGFLCVFAINNTKSFEDIHHYREQIKRVKDSEDVPMVLVGNKCDLPSRTVDTKQAQDLARSYGIPFIETSAKTRQGVDDAFYTLVREIRKHKE	True	63.390	118.480	156.280	90.00	90.00	90.00	/Users/mitchellparker/Desktop/rascore_build/core/6fa3E_core.cif	/Users/mitchellparker/Desktop/rascore_build/rcsb/6fa3.cif.gz	/Users/mitchellparker/Desktop/rascore_build/renum/6fa3_renum.cif	/Users/mitchellparker/Desktop/rascore_build/rcsb_assembly/6fa3-assembly-4.cif.gz	/Users/mitchellparker/Desktop/rascore_build/renum_assembly/6fa3-assembly-4_renum.cif	/Users/mitchellparker/Desktop/rascore_build/sifts/6fa3.xml.gz	/Users/mitchellparker/Desktop/rascore_build/pocket/6fa3E_3_pocket.pdb
6fa3E	6fa3	0	E	Y32in.3P-ON	Disordered	Y32in	Y71in	P 21 21 21 (CF5)	6fa3E4	4	GTPase KRas	RASK_HUMAN	P01116-2	Q61H	Q61	KRAS	3P	Q61H	None	None	None	None	Multiple-Unbound	P 21 21 21	172	1-50:52-62:68-167	2017-12-15	Other	356.7354	0.0026	Unbound	Unbound	1,2,4,49,50	CSO,MG,GNP	None	None	None	None	None	None	None	None	None	None	GNP	MG	None	None	CSO	None	STP	XRAY	1.820	0.185	AFQGMTEYKLVVVGAGGVGKSALTIQLIQNHFVDEYDPTIEDSYRKQVVIDGETCLLDILDTAGHEEYSAMRDQYMRTGEGFLCVFAINNTKSFEDIHHYREQIKRVKDSEDVPMVLVGNKCDLPSRTVDTKQAQDLARSYGIPFIETSAKTRQGVDDAFYTLVREIRKHKE	True	63.390	118.480	156.280	90.00	90.00	90.00	/Users/mitchellparker/Desktop/rascore_build/core/6fa3E_core.cif	/Users/mitchellparker/Desktop/rascore_build/rcsb/6fa3.cif.gz	/Users/mitchellparker/Desktop/rascore_build/renum/6fa3_renum.cif	/Users/mitchellparker/Desktop/rascore_build/rcsb_assembly/6fa3-assembly-4.cif.gz	/Users/mitchellparker/Desktop/rascore_build/renum_assembly/6fa3-assembly-4_renum.cif	/Users/mitchellparker/Desktop/rascore_build/sifts/6fa3.xml.gz	/Users/mitchellparker/Desktop/rascore_build/pocket/6fa3E_4_pocket.pdb
6fa3E	6fa3	0	E	Y32in.3P-ON	Disordered	Y32in	Y71in	P 21 21 21 (CF5)	6fa3E5	5	GTPase KRas	RASK_HUMAN	P01116-2	Q61H	Q61	KRAS	3P	Q61H	None	None	None	None	Multiple-Unbound	P 21 21 21	172	1-50:52-62:68-167	2017-12-15	Other	267.3698	0.0036	Unbound	Unbound	73,74,75,76,104,106,108,109,110,163,166,167	CSO,MG,GNP	None	None	None	None	None	None	None	None	None	None	GNP	MG	None	None	CSO	None	STP	XRAY	1.820	0.185	AFQGMTEYKLVVVGAGGVGKSALTIQLIQNHFVDEYDPTIEDSYRKQVVIDGETCLLDILDTAGHEEYSAMRDQYMRTGEGFLCVFAINNTKSFEDIHHYREQIKRVKDSEDVPMVLVGNKCDLPSRTVDTKQAQDLARSYGIPFIETSAKTRQGVDDAFYTLVREIRKHKE	True	63.390	118.480	156.280	90.00	90.00	90.00	/Users/mitchellparker/Desktop/rascore_build/core/6fa3E_core.cif	/Users/mitchellparker/Desktop/rascore_build/rcsb/6fa3.cif.gz	/Users/mitchellparker/Desktop/rascore_build/renum/6fa3_renum.cif	/Users/mitchellparker/Desktop/rascore_build/rcsb_assembly/6fa3-assembly-4.cif.gz	/Users/mitchellparker/Desktop/rascore_build/renum_assembly/6fa3-assembly-4_renum.cif	/Users/mitchellparker/Desktop/rascore_build/sifts/6fa3.xml.gz	/Users/mitchellparker/Desktop/rascore_build/pocket/6fa3E_5_pocket.pdb
6fa3E	6fa3	0	E	Y32in.3P-ON	Disordered	Y32in	Y71in	P 21 21 21 (CF5)	6fa3E6	6	GTPase KRas	RASK_HUMAN	P01116-2	Q61H	Q61	KRAS	3P	Q61H	None	None	None	None	Multiple-Unbound	P 21 21 21	172	1-50:52-62:68-167	2017-12-15	SP2	184.0423	0.0029	Unbound	Unbound	92,95,96,99	CSO,MG,GNP	None	None	None	None	None	None	None	None	None	None	GNP	MG	None	None	CSO	None	STP	XRAY	1.820	0.185	AFQGMTEYKLVVVGAGGVGKSALTIQLIQNHFVDEYDPTIEDSYRKQVVIDGETCLLDILDTAGHEEYSAMRDQYMRTGEGFLCVFAINNTKSFEDIHHYREQIKRVKDSEDVPMVLVGNKCDLPSRTVDTKQAQDLARSYGIPFIETSAKTRQGVDDAFYTLVREIRKHKE	True	63.390	118.480	156.280	90.00	90.00	90.00	/Users/mitchellparker/Desktop/rascore_build/core/6fa3E_core.cif	/Users/mitchellparker/Desktop/rascore_build/rcsb/6fa3.cif.gz	/Users/mitchellparker/Desktop/rascore_build/renum/6fa3_renum.cif	/Users/mitchellparker/Desktop/rascore_build/rcsb_assembly/6fa3-assembly-4.cif.gz	/Users/mitchellparker/Desktop/rascore_build/renum_assembly/6fa3-assembly-4_renum.cif	/Users/mitchellparker/Desktop/rascore_build/sifts/6fa3.xml.gz	/Users/mitchellparker/Desktop/rascore_build/pocket/6fa3E_6_pocket.pdb
6fa3F	6fa3	0	F	Y32in.3P-ON	Disordered	Y32in	Y71in	P 21 21 21 (CF5)	6fa3F2	2	GTPase KRas	RASK_HUMAN	P01116-2	Q61H	Q61	KRAS	3P	Q61H	SP12	SP12.Benzodioxane	None	None	SP12-Bound	P 21 21 21	172	1-50:52-61:67-167	2017-12-15	SP12	434.8308	0.6120	Bound	SP12	5,6,7,39,40,41,54,55,56,71,74,75	CSO,D1Z,MG,GNP,DMS	None	D1Z:67,71,74,56,7,75,5,54,55,39,40,41	None	None	SP12	SP12.Benzodioxane	D1Z:COc1nc(-c2cccc3c2OC(CNC(=O)C2CCOCC2)CO3)ccc1Nc1cccc(CN(C)C)c1	None	None	None	GNP	MG	D1Z	DMS	CSO	None	D1Z	XRAY	1.820	0.185	AFQGMTEYKLVVVGAGGVGKSALTIQLIQNHFVDEYDPTIEDSYRKQVVIDGETCLLDILDTAGHEEYSAMRDQYMRTGEGFLCVFAINNTKSFEDIHHYREQIKRVKDSEDVPMVLVGNKCDLPSRTVDTKQAQDLARSYGIPFIETSAKTRQGVDDAFYTLVREIRKHKE	True	63.390	118.480	156.280	90.00	90.00	90.00	/Users/mitchellparker/Desktop/rascore_build/core/6fa3F_core.cif	/Users/mitchellparker/Desktop/rascore_build/rcsb/6fa3.cif.gz	/Users/mitchellparker/Desktop/rascore_build/renum/6fa3_renum.cif	/Users/mitchellparker/Desktop/rascore_build/rcsb_assembly/6fa3-assembly-4.cif.gz	/Users/mitchellparker/Desktop/rascore_build/renum_assembly/6fa3-assembly-4_renum.cif	/Users/mitchellparker/Desktop/rascore_build/sifts/6fa3.xml.gz	/Users/mitchellparker/Desktop/rascore_build/pocket/6fa3F_2_pocket.pdb
6fa4A	6fa4	0	A	Y32in.3P-ON	Y71in.3P-SP12-B	Y32in	Y71in	P 21 21 21 (CF5)	6fa4A1	1	GTPase KRas	RASK_HUMAN	P01116-2	Q61H	Q61	KRAS	3P	Q61H	SP12	SP12.Benzodioxane	None	None	SP12-Bound	P 21 21 21	173	1-168	2017-12-15	SP12	553.7251	0.8327	Bound	SP12	5,6,7,39,40,41,54,55,56,70,71,74,75	MG,GNP,D1W	None	D1W:54,5,55,40,39,6,56,7,71,75,74,41	None	None	SP12	SP12.Benzodioxane	D1W:COc1nc(-c2cccc3c2OCCO3)ccc1Nc1ccc(CN(C)C)cc1	None	None	None	GNP	MG	D1W	None	None	None	D1W	XRAY	2.020	0.202	AFQGMTEYKLVVVGAGGVGKSALTIQLIQNHFVDEYDPTIEDSYRKQVVIDGETCLLDILDTAGHEEYSAMRDQYMRTGEGFLCVFAINNTKSFEDIHHYREQIKRVKDSEDVPMVLVGNKCDLPSRTVDTKQAQDLARSYGIPFIETSAKTRQGVDDAFYTLVREIRKHKEK	True	63.704	118.619	157.329	90.00	90.00	90.00	/Users/mitchellparker/Desktop/rascore_build/core/6fa4A_core.cif	/Users/mitchellparker/Desktop/rascore_build/rcsb/6fa4.cif.gz	/Users/mitchellparker/Desktop/rascore_build/renum/6fa4_renum.cif	/Users/mitchellparker/Desktop/rascore_build/rcsb_assembly/6fa4-assembly-6.cif.gz	/Users/mitchellparker/Desktop/rascore_build/renum_assembly/6fa4-assembly-6_renum.cif	/Users/mitchellparker/Desktop/rascore_build/sifts/6fa4.xml.gz	/Users/mitchellparker/Desktop/rascore_build/pocket/6fa4A_1_pocket.pdb
6fa4B	6fa4	0	B	Y32in.3P-ON	Y71in.3P-SP12-A	Y32in	Y71in	P 21 21 21 (CF5)	6fa4B2	2	GTPase KRas	RASK_HUMAN	P01116-2	Q61H	Q61	KRAS	3P	Q61H	SP12	SP12.Benzodioxane	None	None	SP12-Bound	P 21 21 21	173	1-50:52-169	2017-12-15	SP12	439.8192	0.6119	Bound	SP12	5,6,7,39,40,41,54,55,56,71,74,75	CSO,MG,GNP,D1W	None	D1W:5,54,55,40,39,56,6,7,75,74,71,41	None	None	SP12	SP12.Benzodioxane	D1W:COc1nc(-c2cccc3c2OCCO3)ccc1Nc1ccc(CN(C)C)cc1	None	None	None	GNP	MG	D1W	None	CSO	None	D1W	XRAY	2.020	0.202	AFQGMTEYKLVVVGAGGVGKSALTIQLIQNHFVDEYDPTIEDSYRKQVVIDGETCLLDILDTAGHEEYSAMRDQYMRTGEGFLCVFAINNTKSFEDIHHYREQIKRVKDSEDVPMVLVGNKCDLPSRTVDTKQAQDLARSYGIPFIETSAKTRQGVDDAFYTLVREIRKHKEK	True	63.704	118.619	157.329	90.00	90.00	90.00	/Users/mitchellparker/Desktop/rascore_build/core/6fa4B_core.cif	/Users/mitchellparker/Desktop/rascore_build/rcsb/6fa4.cif.gz	/Users/mitchellparker/Desktop/rascore_build/renum/6fa4_renum.cif	/Users/mitchellparker/Desktop/rascore_build/rcsb_assembly/6fa4-assembly-6.cif.gz	/Users/mitchellparker/Desktop/rascore_build/renum_assembly/6fa4-assembly-6_renum.cif	/Users/mitchellparker/Desktop/rascore_build/sifts/6fa4.xml.gz	/Users/mitchellparker/Desktop/rascore_build/pocket/6fa4B_2_pocket.pdb
6fa4C	6fa4	0	C	Y32in.3P-ON	Y71in.3P-SP12-A	Y32in	Y71in	P 21 21 21 (CF5)	6fa4C2	2	GTPase KRas	RASK_HUMAN	P01116-2	Q61H	Q61	KRAS	3P	Q61H	None	None	None	None	SP12-Unbound	P 21 21 21	173	1-61:65-168	2017-12-15	Other	179.8312	0.0007	Unbound	Unbound	97,107,108,109,110,137,138,139,162,165,166	MG,GNP	None	None	None	None	None	None	None	None	None	None	GNP	MG	None	None	None	None	STP	XRAY	2.020	0.202	AFQGMTEYKLVVVGAGGVGKSALTIQLIQNHFVDEYDPTIEDSYRKQVVIDGETCLLDILDTAGHEEYSAMRDQYMRTGEGFLCVFAINNTKSFEDIHHYREQIKRVKDSEDVPMVLVGNKCDLPSRTVDTKQAQDLARSYGIPFIETSAKTRQGVDDAFYTLVREIRKHKEK	True	63.704	118.619	157.329	90.00	90.00	90.00	/Users/mitchellparker/Desktop/rascore_build/core/6fa4C_core.cif	/Users/mitchellparker/Desktop/rascore_build/rcsb/6fa4.cif.gz	/Users/mitchellparker/Desktop/rascore_build/renum/6fa4_renum.cif	/Users/mitchellparker/Desktop/rascore_build/rcsb_assembly/6fa4-assembly-6.cif.gz	/Users/mitchellparker/Desktop/rascore_build/renum_assembly/6fa4-assembly-6_renum.cif	/Users/mitchellparker/Desktop/rascore_build/sifts/6fa4.xml.gz	/Users/mitchellparker/Desktop/rascore_build/pocket/6fa4C_2_pocket.pdb
6fa4C	6fa4	0	C	Y32in.3P-ON	Y71in.3P-SP12-A	Y32in	Y71in	P 21 21 21 (CF5)	6fa4C3	3	GTPase KRas	RASK_HUMAN	P01116-2	Q61H	Q61	KRAS	3P	Q61H	None	None	None	None	SP12-Unbound	P 21 21 21	173	1-61:65-168	2017-12-15	SP12	440.2596	0.2619	Unbound	Unbound	5,6,7,39,40,41,54,55,56,71,74,75	MG,GNP	None	None	None	None	None	None	None	None	None	None	GNP	MG	None	None	None	None	STP	XRAY	2.020	0.202	AFQGMTEYKLVVVGAGGVGKSALTIQLIQNHFVDEYDPTIEDSYRKQVVIDGETCLLDILDTAGHEEYSAMRDQYMRTGEGFLCVFAINNTKSFEDIHHYREQIKRVKDSEDVPMVLVGNKCDLPSRTVDTKQAQDLARSYGIPFIETSAKTRQGVDDAFYTLVREIRKHKEK	True	63.704	118.619	157.329	90.00	90.00	90.00	/Users/mitchellparker/Desktop/rascore_build/core/6fa4C_core.cif	/Users/mitchellparker/Desktop/rascore_build/rcsb/6fa4.cif.gz	/Users/mitchellparker/Desktop/rascore_build/renum/6fa4_renum.cif	/Users/mitchellparker/Desktop/rascore_build/rcsb_assembly/6fa4-assembly-6.cif.gz	/Users/mitchellparker/Desktop/rascore_build/renum_assembly/6fa4-assembly-6_renum.cif	/Users/mitchellparker/Desktop/rascore_build/sifts/6fa4.xml.gz	/Users/mitchellparker/Desktop/rascore_build/pocket/6fa4C_3_pocket.pdb
6fa4C	6fa4	0	C	Y32in.3P-ON	Y71in.3P-SP12-A	Y32in	Y71in	P 21 21 21 (CF5)	6fa4C4	4	GTPase KRas	RASK_HUMAN	P01116-2	Q61H	Q61	KRAS	3P	Q61H	None	None	None	None	SP12-Unbound	P 21 21 21	173	1-61:65-168	2017-12-15	Other	305.4210	0.0030	Unbound	Unbound	73,74,75,76,104,106,109,110,163,166	MG,GNP	None	None	None	None	None	None	None	None	None	None	GNP	MG	None	None	None	None	STP	XRAY	2.020	0.202	AFQGMTEYKLVVVGAGGVGKSALTIQLIQNHFVDEYDPTIEDSYRKQVVIDGETCLLDILDTAGHEEYSAMRDQYMRTGEGFLCVFAINNTKSFEDIHHYREQIKRVKDSEDVPMVLVGNKCDLPSRTVDTKQAQDLARSYGIPFIETSAKTRQGVDDAFYTLVREIRKHKEK	True	63.704	118.619	157.329	90.00	90.00	90.00	/Users/mitchellparker/Desktop/rascore_build/core/6fa4C_core.cif	/Users/mitchellparker/Desktop/rascore_build/rcsb/6fa4.cif.gz	/Users/mitchellparker/Desktop/rascore_build/renum/6fa4_renum.cif	/Users/mitchellparker/Desktop/rascore_build/rcsb_assembly/6fa4-assembly-6.cif.gz	/Users/mitchellparker/Desktop/rascore_build/renum_assembly/6fa4-assembly-6_renum.cif	/Users/mitchellparker/Desktop/rascore_build/sifts/6fa4.xml.gz	/Users/mitchellparker/Desktop/rascore_build/pocket/6fa4C_4_pocket.pdb
6fa4C	6fa4	0	C	Y32in.3P-ON	Y71in.3P-SP12-A	Y32in	Y71in	P 21 21 21 (CF5)	6fa4C5	5	GTPase KRas	RASK_HUMAN	P01116-2	Q61H	Q61	KRAS	3P	Q61H	None	None	None	None	SP12-Unbound	P 21 21 21	173	1-61:65-168	2017-12-15	Other	188.9305	0.0022	Unbound	Unbound	47,161,164,165	MG,GNP	None	None	None	None	None	None	None	None	None	None	GNP	MG	None	None	None	None	STP	XRAY	2.020	0.202	AFQGMTEYKLVVVGAGGVGKSALTIQLIQNHFVDEYDPTIEDSYRKQVVIDGETCLLDILDTAGHEEYSAMRDQYMRTGEGFLCVFAINNTKSFEDIHHYREQIKRVKDSEDVPMVLVGNKCDLPSRTVDTKQAQDLARSYGIPFIETSAKTRQGVDDAFYTLVREIRKHKEK	True	63.704	118.619	157.329	90.00	90.00	90.00	/Users/mitchellparker/Desktop/rascore_build/core/6fa4C_core.cif	/Users/mitchellparker/Desktop/rascore_build/rcsb/6fa4.cif.gz	/Users/mitchellparker/Desktop/rascore_build/renum/6fa4_renum.cif	/Users/mitchellparker/Desktop/rascore_build/rcsb_assembly/6fa4-assembly-6.cif.gz	/Users/mitchellparker/Desktop/rascore_build/renum_assembly/6fa4-assembly-6_renum.cif	/Users/mitchellparker/Desktop/rascore_build/sifts/6fa4.xml.gz	/Users/mitchellparker/Desktop/rascore_build/pocket/6fa4C_5_pocket.pdb
6fa4D	6fa4	0	D	Y32in.3P-ON	Disordered	Y32in	Y71in	P 21 21 21 (CF5)	6fa4D2	2	GTPase KRas	RASK_HUMAN	P01116-2	Q61H	Q61	KRAS	3P	Q61H	SP12	SP12.Benzodioxane	None	None	SP12-Bound	P 21 21 21	173	1-61:66-167	2017-12-15	SP12	384.5927	0.7357	Bound	SP12	5,6,7,37,39,41,54,55,56,70,71,74,75	GNP,MG,D1W	None	D1W:54,55,39,40,56,6,5,7,75,74,71,41	None	None	SP12	SP12.Benzodioxane	D1W:COc1nc(-c2cccc3c2OCCO3)ccc1Nc1ccc(CN(C)C)cc1	None	None	None	GNP	MG	D1W	None	None	None	D1W	XRAY	2.020	0.202	AFQGMTEYKLVVVGAGGVGKSALTIQLIQNHFVDEYDPTIEDSYRKQVVIDGETCLLDILDTAGHEEYSAMRDQYMRTGEGFLCVFAINNTKSFEDIHHYREQIKRVKDSEDVPMVLVGNKCDLPSRTVDTKQAQDLARSYGIPFIETSAKTRQGVDDAFYTLVREIRKHKEK	True	63.704	118.619	157.329	90.00	90.00	90.00	/Users/mitchellparker/Desktop/rascore_build/core/6fa4D_core.cif	/Users/mitchellparker/Desktop/rascore_build/rcsb/6fa4.cif.gz	/Users/mitchellparker/Desktop/rascore_build/renum/6fa4_renum.cif	/Users/mitchellparker/Desktop/rascore_build/rcsb_assembly/6fa4-assembly-6.cif.gz	/Users/mitchellparker/Desktop/rascore_build/renum_assembly/6fa4-assembly-6_renum.cif	/Users/mitchellparker/Desktop/rascore_build/sifts/6fa4.xml.gz	/Users/mitchellparker/Desktop/rascore_build/pocket/6fa4D_2_pocket.pdb
6fa4E	6fa4	0	E	Y32in.3P-ON	Y71in.3P-SP12-A	Y32in	Y71in	P 21 21 21 (CF5)	6fa4E2	2	GTPase KRas	RASK_HUMAN	P01116-2	Q61H	Q61	KRAS	3P	Q61H	None	None	None	None	SP12-Unbound	P 21 21 21	173	1-61:65-168	2017-12-15	SP12	438.2320	0.5873	Unbound	Unbound	5,6,7,39,40,41,54,55,56,71,74,75	MG,GNP	None	None	None	None	None	None	None	None	None	None	GNP	MG	None	None	None	None	STP	XRAY	2.020	0.202	AFQGMTEYKLVVVGAGGVGKSALTIQLIQNHFVDEYDPTIEDSYRKQVVIDGETCLLDILDTAGHEEYSAMRDQYMRTGEGFLCVFAINNTKSFEDIHHYREQIKRVKDSEDVPMVLVGNKCDLPSRTVDTKQAQDLARSYGIPFIETSAKTRQGVDDAFYTLVREIRKHKEK	True	63.704	118.619	157.329	90.00	90.00	90.00	/Users/mitchellparker/Desktop/rascore_build/core/6fa4E_core.cif	/Users/mitchellparker/Desktop/rascore_build/rcsb/6fa4.cif.gz	/Users/mitchellparker/Desktop/rascore_build/renum/6fa4_renum.cif	/Users/mitchellparker/Desktop/rascore_build/rcsb_assembly/6fa4-assembly-6.cif.gz	/Users/mitchellparker/Desktop/rascore_build/renum_assembly/6fa4-assembly-6_renum.cif	/Users/mitchellparker/Desktop/rascore_build/sifts/6fa4.xml.gz	/Users/mitchellparker/Desktop/rascore_build/pocket/6fa4E_2_pocket.pdb
6fa4E	6fa4	0	E	Y32in.3P-ON	Y71in.3P-SP12-A	Y32in	Y71in	P 21 21 21 (CF5)	6fa4E3	3	GTPase KRas	RASK_HUMAN	P01116-2	Q61H	Q61	KRAS	3P	Q61H	None	None	None	None	SP12-Unbound	P 21 21 21	173	1-61:65-168	2017-12-15	Other	276.7632	0.0155	Unbound	Unbound	73,74,75,76,104,106,108,109,110,163,166,167	MG,GNP	None	None	None	None	None	None	None	None	None	None	GNP	MG	None	None	None	None	STP	XRAY	2.020	0.202	AFQGMTEYKLVVVGAGGVGKSALTIQLIQNHFVDEYDPTIEDSYRKQVVIDGETCLLDILDTAGHEEYSAMRDQYMRTGEGFLCVFAINNTKSFEDIHHYREQIKRVKDSEDVPMVLVGNKCDLPSRTVDTKQAQDLARSYGIPFIETSAKTRQGVDDAFYTLVREIRKHKEK	True	63.704	118.619	157.329	90.00	90.00	90.00	/Users/mitchellparker/Desktop/rascore_build/core/6fa4E_core.cif	/Users/mitchellparker/Desktop/rascore_build/rcsb/6fa4.cif.gz	/Users/mitchellparker/Desktop/rascore_build/renum/6fa4_renum.cif	/Users/mitchellparker/Desktop/rascore_build/rcsb_assembly/6fa4-assembly-6.cif.gz	/Users/mitchellparker/Desktop/rascore_build/renum_assembly/6fa4-assembly-6_renum.cif	/Users/mitchellparker/Desktop/rascore_build/sifts/6fa4.xml.gz	/Users/mitchellparker/Desktop/rascore_build/pocket/6fa4E_3_pocket.pdb
6fa4E	6fa4	0	E	Y32in.3P-ON	Y71in.3P-SP12-A	Y32in	Y71in	P 21 21 21 (CF5)	6fa4E4	4	GTPase KRas	RASK_HUMAN	P01116-2	Q61H	Q61	KRAS	3P	Q61H	None	None	None	None	SP12-Unbound	P 21 21 21	173	1-61:65-168	2017-12-15	Other	372.3912	0.0001	Unbound	Unbound	127,131,141,142,143,150,151,154	MG,GNP	None	None	None	None	None	None	None	None	None	None	GNP	MG	None	None	None	None	STP	XRAY	2.020	0.202	AFQGMTEYKLVVVGAGGVGKSALTIQLIQNHFVDEYDPTIEDSYRKQVVIDGETCLLDILDTAGHEEYSAMRDQYMRTGEGFLCVFAINNTKSFEDIHHYREQIKRVKDSEDVPMVLVGNKCDLPSRTVDTKQAQDLARSYGIPFIETSAKTRQGVDDAFYTLVREIRKHKEK	True	63.704	118.619	157.329	90.00	90.00	90.00	/Users/mitchellparker/Desktop/rascore_build/core/6fa4E_core.cif	/Users/mitchellparker/Desktop/rascore_build/rcsb/6fa4.cif.gz	/Users/mitchellparker/Desktop/rascore_build/renum/6fa4_renum.cif	/Users/mitchellparker/Desktop/rascore_build/rcsb_assembly/6fa4-assembly-6.cif.gz	/Users/mitchellparker/Desktop/rascore_build/renum_assembly/6fa4-assembly-6_renum.cif	/Users/mitchellparker/Desktop/rascore_build/sifts/6fa4.xml.gz	/Users/mitchellparker/Desktop/rascore_build/pocket/6fa4E_4_pocket.pdb
6fa4E	6fa4	0	E	Y32in.3P-ON	Y71in.3P-SP12-A	Y32in	Y71in	P 21 21 21 (CF5)	6fa4E5	5	GTPase KRas	RASK_HUMAN	P01116-2	Q61H	Q61	KRAS	3P	Q61H	None	None	None	None	SP12-Unbound	P 21 21 21	173	1-61:65-168	2017-12-15	Other	320.4938	0.0001	Unbound	Unbound	97,107,108,109,110,111,137,138,139,162,165,166	MG,GNP	None	None	None	None	None	None	None	None	None	None	GNP	MG	None	None	None	None	STP	XRAY	2.020	0.202	AFQGMTEYKLVVVGAGGVGKSALTIQLIQNHFVDEYDPTIEDSYRKQVVIDGETCLLDILDTAGHEEYSAMRDQYMRTGEGFLCVFAINNTKSFEDIHHYREQIKRVKDSEDVPMVLVGNKCDLPSRTVDTKQAQDLARSYGIPFIETSAKTRQGVDDAFYTLVREIRKHKEK	True	63.704	118.619	157.329	90.00	90.00	90.00	/Users/mitchellparker/Desktop/rascore_build/core/6fa4E_core.cif	/Users/mitchellparker/Desktop/rascore_build/rcsb/6fa4.cif.gz	/Users/mitchellparker/Desktop/rascore_build/renum/6fa4_renum.cif	/Users/mitchellparker/Desktop/rascore_build/rcsb_assembly/6fa4-assembly-6.cif.gz	/Users/mitchellparker/Desktop/rascore_build/renum_assembly/6fa4-assembly-6_renum.cif	/Users/mitchellparker/Desktop/rascore_build/sifts/6fa4.xml.gz	/Users/mitchellparker/Desktop/rascore_build/pocket/6fa4E_5_pocket.pdb
6fa4E	6fa4	0	E	Y32in.3P-ON	Y71in.3P-SP12-A	Y32in	Y71in	P 21 21 21 (CF5)	6fa4E6	6	GTPase KRas	RASK_HUMAN	P01116-2	Q61H	Q61	KRAS	3P	Q61H	None	None	None	None	SP12-Unbound	P 21 21 21	173	1-61:65-168	2017-12-15	Other	188.8265	0.0009	Unbound	Unbound	47,161,164,165,168	MG,GNP	None	None	None	None	None	None	None	None	None	None	GNP	MG	None	None	None	None	STP	XRAY	2.020	0.202	AFQGMTEYKLVVVGAGGVGKSALTIQLIQNHFVDEYDPTIEDSYRKQVVIDGETCLLDILDTAGHEEYSAMRDQYMRTGEGFLCVFAINNTKSFEDIHHYREQIKRVKDSEDVPMVLVGNKCDLPSRTVDTKQAQDLARSYGIPFIETSAKTRQGVDDAFYTLVREIRKHKEK	True	63.704	118.619	157.329	90.00	90.00	90.00	/Users/mitchellparker/Desktop/rascore_build/core/6fa4E_core.cif	/Users/mitchellparker/Desktop/rascore_build/rcsb/6fa4.cif.gz	/Users/mitchellparker/Desktop/rascore_build/renum/6fa4_renum.cif	/Users/mitchellparker/Desktop/rascore_build/rcsb_assembly/6fa4-assembly-6.cif.gz	/Users/mitchellparker/Desktop/rascore_build/renum_assembly/6fa4-assembly-6_renum.cif	/Users/mitchellparker/Desktop/rascore_build/sifts/6fa4.xml.gz	/Users/mitchellparker/Desktop/rascore_build/pocket/6fa4E_6_pocket.pdb
6fa4F	6fa4	0	F	Y32in.3P-ON	Disordered	Y32in	Y71in	P 21 21 21 (CF5)	6fa4F2	2	GTPase KRas	RASK_HUMAN	P01116-2	Q61H	Q61	KRAS	3P	Q61H	SP12	SP12.Benzodioxane	None	None	SP12-Bound	P 21 21 21	173	1-61:66-168	2017-12-15	SP12	455.5793	0.8604	Bound	SP12	5,6,7,39,40,41,54,55,56,71,74,75	MG,GNP,D1W	None	D1W:54,55,40,39,5,6,56,7,75,71,74,41	None	None	SP12	SP12.Benzodioxane	D1W:COc1nc(-c2cccc3c2OCCO3)ccc1Nc1ccc(CN(C)C)cc1	None	None	None	GNP	MG	D1W	None	None	None	D1W	XRAY	2.020	0.202	AFQGMTEYKLVVVGAGGVGKSALTIQLIQNHFVDEYDPTIEDSYRKQVVIDGETCLLDILDTAGHEEYSAMRDQYMRTGEGFLCVFAINNTKSFEDIHHYREQIKRVKDSEDVPMVLVGNKCDLPSRTVDTKQAQDLARSYGIPFIETSAKTRQGVDDAFYTLVREIRKHKEK	True	63.704	118.619	157.329	90.00	90.00	90.00	/Users/mitchellparker/Desktop/rascore_build/core/6fa4F_core.cif	/Users/mitchellparker/Desktop/rascore_build/rcsb/6fa4.cif.gz	/Users/mitchellparker/Desktop/rascore_build/renum/6fa4_renum.cif	/Users/mitchellparker/Desktop/rascore_build/rcsb_assembly/6fa4-assembly-6.cif.gz	/Users/mitchellparker/Desktop/rascore_build/renum_assembly/6fa4-assembly-6_renum.cif	/Users/mitchellparker/Desktop/rascore_build/sifts/6fa4.xml.gz	/Users/mitchellparker/Desktop/rascore_build/pocket/6fa4F_2_pocket.pdb
6gj5A	6gj5	0	A	Y32in.3P-ON	Disordered	Y32in	Y71in	P 1 21 1 (CF9)	6gj5A2	2	GTPase KRas	RASK_HUMAN	P01116-2	G12D,C118S	G12,C118	KRAS	3P	G12D	SP12	SP12.Indole	None	None	SP12-Bound	P 1 21 1	170	1-61:66-167	2018-05-16	SP12	190.2870	0.0234	Bound	SP12	5,6,7,54,56,71,74,75	GCP,MG,F0N	None	F0N:54,70,71,67,37,56,7,75,39,74,5,6	None	None	SP12	SP12.Indole	F0N:O=C1NC(c2c(C3CCCN3)[nH]c3ccccc23)c2ccccc21	None	None	None	GCP	MG	F0N	None	None	None	F0N	XRAY	1.499	0.185	GMTEYKLVVVGADGVGKSALTIQLIQNHFVDEYDPTIEDSYRKQVVIDGETCLLDILDTAGQEEYSAMRDQYMRTGEGFLCVFAINNTKSFEDIHHYREQIKRVKDSEDVPMVLVGNKSDLPSRTVDTKQAQDLARSYGIPFIETSAKTRQGVDDAFYTLVREIRKHKEK	True	42.074	40.043	94.284	90.00	101.14	90.00	/Users/mitchellparker/Desktop/rascore_build/core/6gj5A_core.cif	/Users/mitchellparker/Desktop/rascore_build/rcsb/6gj5.cif.gz	/Users/mitchellparker/Desktop/rascore_build/renum/6gj5_renum.cif	/Users/mitchellparker/Desktop/rascore_build/rcsb_assembly/6gj5-assembly-2.cif.gz	/Users/mitchellparker/Desktop/rascore_build/renum_assembly/6gj5-assembly-2_renum.cif	/Users/mitchellparker/Desktop/rascore_build/sifts/6gj5.xml.gz	/Users/mitchellparker/Desktop/rascore_build/pocket/6gj5A_2_pocket.pdb
6gj5B	6gj5	0	B	Y32in.3P-ON	Disordered	Y32in	Y71in	P 1 21 1 (CF9)	6gj5B2	2	GTPase KRas	RASK_HUMAN	P01116-2	G12D,C118S	G12,C118	KRAS	3P	G12D	SP12	SP12.Indole	None	None	SP12-Bound	P 1 21 1	170	1-60:69-169	2018-05-16	SP12	360.1289	0.4920	Bound	SP12	5,6,7,37,54,56,70,71,74,75	GCP,MG,F0N	None	F0N:54,71,70,56,37,7,75,39,74,6,5	None	None	SP12	SP12.Indole	F0N:O=C1NC(c2c(C3CCCN3)[nH]c3ccccc23)c2ccccc21	None	None	None	GCP	MG	F0N	None	None	None	F0N	XRAY	1.499	0.185	GMTEYKLVVVGADGVGKSALTIQLIQNHFVDEYDPTIEDSYRKQVVIDGETCLLDILDTAGQEEYSAMRDQYMRTGEGFLCVFAINNTKSFEDIHHYREQIKRVKDSEDVPMVLVGNKSDLPSRTVDTKQAQDLARSYGIPFIETSAKTRQGVDDAFYTLVREIRKHKEK	True	42.074	40.043	94.284	90.00	101.14	90.00	/Users/mitchellparker/Desktop/rascore_build/core/6gj5B_core.cif	/Users/mitchellparker/Desktop/rascore_build/rcsb/6gj5.cif.gz	/Users/mitchellparker/Desktop/rascore_build/renum/6gj5_renum.cif	/Users/mitchellparker/Desktop/rascore_build/rcsb_assembly/6gj5-assembly-2.cif.gz	/Users/mitchellparker/Desktop/rascore_build/renum_assembly/6gj5-assembly-2_renum.cif	/Users/mitchellparker/Desktop/rascore_build/sifts/6gj5.xml.gz	/Users/mitchellparker/Desktop/rascore_build/pocket/6gj5B_2_pocket.pdb
6gj6A	6gj6	0	A	Y32in.3P-ON	Disordered	Y32in	Y71in	P 63 (CF5)	6gj6A2	2	GTPase KRas	RASK_HUMAN	P01116-2	G12D	G12	KRAS	3P	G12D	SP12	SP12.Indole	None	None	SP12-Bound	P 63	170	1-60:65-167	2018-05-16	SP12	215.6357	0.0130	Bound	SP12	5,6,7,39,41,54,56,71,74,75	MG,NO3,GCP,EZZ	None	EZZ:37,56,54,6,5,39,41,70,71,74,7,75,67	None	None	SP12	SP12.Indole	EZZ:CN(C)Cc1[nH]c2ccccc2c1C1NC(=O)c2ccc(O)cc21	None	None	None	GCP	MG	EZZ	NO3	None	None	EZZ	XRAY	1.761	0.185	GMTEYKLVVVGADGVGKSALTIQLIQNHFVDEYDPTIEDSYRKQVVIDGETCLLDILDTAGQEEYSAMRDQYMRTGEGFLCVFAINNTKSFEDIHHYREQIKRVKDSEDVPMVLVGNKCDLPSRTVDTKQAQDLARSYGIPFIETSAKTRQGVDDAFYTLVREIRKHKEK	True	85.890	85.890	47.525	90.00	90.00	120.00	/Users/mitchellparker/Desktop/rascore_build/core/6gj6A_core.cif	/Users/mitchellparker/Desktop/rascore_build/rcsb/6gj6.cif.gz	/Users/mitchellparker/Desktop/rascore_build/renum/6gj6_renum.cif	/Users/mitchellparker/Desktop/rascore_build/rcsb_assembly/6gj6-assembly-1.cif.gz	/Users/mitchellparker/Desktop/rascore_build/renum_assembly/6gj6-assembly-1_renum.cif	/Users/mitchellparker/Desktop/rascore_build/sifts/6gj6.xml.gz	/Users/mitchellparker/Desktop/rascore_build/pocket/6gj6A_2_pocket.pdb
6gj6A	6gj6	0	A	Y32in.3P-ON	Disordered	Y32in	Y71in	P 63 (CF5)	6gj6A3	3	GTPase KRas	RASK_HUMAN	P01116-2	G12D	G12	KRAS	3P	G12D	SP12	SP12.Indole	None	None	SP12-Bound	P 63	170	1-60:65-167	2018-05-16	SP12	218.4765	0.0043	Bound	SP12	37,56,67,70,71,74	MG,NO3,GCP,EZZ	None	EZZ:37,56,54,6,5,39,41,70,71,74,7,75,67	None	None	SP12	SP12.Indole	EZZ:CN(C)Cc1[nH]c2ccccc2c1C1NC(=O)c2ccc(O)cc21	None	None	None	GCP	MG	EZZ	NO3	None	None	EZZ	XRAY	1.761	0.185	GMTEYKLVVVGADGVGKSALTIQLIQNHFVDEYDPTIEDSYRKQVVIDGETCLLDILDTAGQEEYSAMRDQYMRTGEGFLCVFAINNTKSFEDIHHYREQIKRVKDSEDVPMVLVGNKCDLPSRTVDTKQAQDLARSYGIPFIETSAKTRQGVDDAFYTLVREIRKHKEK	True	85.890	85.890	47.525	90.00	90.00	120.00	/Users/mitchellparker/Desktop/rascore_build/core/6gj6A_core.cif	/Users/mitchellparker/Desktop/rascore_build/rcsb/6gj6.cif.gz	/Users/mitchellparker/Desktop/rascore_build/renum/6gj6_renum.cif	/Users/mitchellparker/Desktop/rascore_build/rcsb_assembly/6gj6-assembly-1.cif.gz	/Users/mitchellparker/Desktop/rascore_build/renum_assembly/6gj6-assembly-1_renum.cif	/Users/mitchellparker/Desktop/rascore_build/sifts/6gj6.xml.gz	/Users/mitchellparker/Desktop/rascore_build/pocket/6gj6A_3_pocket.pdb
6gj7A	6gj7	0	A	Y32in.3P-ON	Y71in.3P-R	Y32in	Y71in	C 2 2 21 (CF2)	6gj7A2	2	GTPase KRas	RASK_HUMAN	P01116-2	G12D	G12	KRAS	3P	G12D	SP12	SP12.Indole	None	None	SP12-Bound	C 2 2 21	170	1-166	2018-05-16	SP12	260.1759	0.0721	Bound	SP12	5,6,7,39,54,56,71,74,75	MG,GCP,F0B	None	F0B:71,70,37,56,74,5,6,75,7,54,39,38	None	None	SP12	SP12.Indole	F0B:O=C1NC(c2c(CNCc3ccc4ccn(Cc5ccccc5)c4c3)[nH]c3ccccc23)c2cc(O)ccc21	None	None	None	GCP	MG	F0B	None	None	None	F0B	XRAY	1.670	0.227	GMTEYKLVVVGADGVGKSALTIQLIQNHFVDEYDPTIEDSYRKQVVIDGETCLLDILDTAGQEEYSAMRDQYMRTGEGFLCVFAINNTKSFEDIHHYREQIKRVKDSEDVPMVLVGNKCDLPSRTVDTKQAQDLARSYGIPFIETSAKTRQGVDDAFYTLVREIRKHKEK	True	41.790	116.672	91.802	90.00	90.00	90.00	/Users/mitchellparker/Desktop/rascore_build/core/6gj7A_core.cif	/Users/mitchellparker/Desktop/rascore_build/rcsb/6gj7.cif.gz	/Users/mitchellparker/Desktop/rascore_build/renum/6gj7_renum.cif	/Users/mitchellparker/Desktop/rascore_build/rcsb_assembly/6gj7-assembly-1.cif.gz	/Users/mitchellparker/Desktop/rascore_build/renum_assembly/6gj7-assembly-1_renum.cif	/Users/mitchellparker/Desktop/rascore_build/sifts/6gj7.xml.gz	/Users/mitchellparker/Desktop/rascore_build/pocket/6gj7A_2_pocket.pdb
6gj7A	6gj7	0	A	Y32in.3P-ON	Y71in.3P-R	Y32in	Y71in	C 2 2 21 (CF2)	6gj7A3	3	GTPase KRas	RASK_HUMAN	P01116-2	G12D	G12	KRAS	3P	G12D	SP12	SP12.Indole	None	None	SP12-Bound	C 2 2 21	170	1-166	2018-05-16	SP12	329.0784	0.0081	Bound	SP12	37,56,67,70,71,74	MG,GCP,F0B	None	F0B:71,70,37,56,74,5,6,75,7,54,39,38	None	None	SP12	SP12.Indole	F0B:O=C1NC(c2c(CNCc3ccc4ccn(Cc5ccccc5)c4c3)[nH]c3ccccc23)c2cc(O)ccc21	None	None	None	GCP	MG	F0B	None	None	None	F0B	XRAY	1.670	0.227	GMTEYKLVVVGADGVGKSALTIQLIQNHFVDEYDPTIEDSYRKQVVIDGETCLLDILDTAGQEEYSAMRDQYMRTGEGFLCVFAINNTKSFEDIHHYREQIKRVKDSEDVPMVLVGNKCDLPSRTVDTKQAQDLARSYGIPFIETSAKTRQGVDDAFYTLVREIRKHKEK	True	41.790	116.672	91.802	90.00	90.00	90.00	/Users/mitchellparker/Desktop/rascore_build/core/6gj7A_core.cif	/Users/mitchellparker/Desktop/rascore_build/rcsb/6gj7.cif.gz	/Users/mitchellparker/Desktop/rascore_build/renum/6gj7_renum.cif	/Users/mitchellparker/Desktop/rascore_build/rcsb_assembly/6gj7-assembly-1.cif.gz	/Users/mitchellparker/Desktop/rascore_build/renum_assembly/6gj7-assembly-1_renum.cif	/Users/mitchellparker/Desktop/rascore_build/sifts/6gj7.xml.gz	/Users/mitchellparker/Desktop/rascore_build/pocket/6gj7A_3_pocket.pdb
6gj8A	6gj8	0	A	Y32in.3P-ON	Y71in.3P-R	Y32in	Y71in	C 2 2 21 (CF2)	6gj8A2	2	GTPase KRas	RASK_HUMAN	P01116-2	G12D	G12	KRAS	3P	G12D	SP12	SP12.Indole	None	None	SP12-Bound	C 2 2 21	169	1-167	2018-05-16	SP12	392.5063	0.8878	Bound	SP12	5,6,7,37,54,56,67,70,71,74,75	F0K,MG,GCP	None	F0K:71,70,37,74,5,7,56,6,75,54,39	None	None	SP12	SP12.Indole	F0K:Cn1cnc(Cn2ccc3ccc(CNCc4[nH]c5ccccc5c4C4NC(=O)c5ccc(O)cc54)cc32)c1	None	None	None	GCP	MG	F0K	None	None	None	F0K	XRAY	1.650	0.177	GMTEYKLVVVGADGVGKSALTIQLIQNHFVDEYDPTIEDSYRKQVVIDGETCLLDILDTAGQEEYSAMRDQYMRTGEGFLCVFAINNTKSFEDIHHYREQIKRVKDSEDVPMVLVGNKCDLPSRTVDTKQAQDLARSYGIPFIETSAKTRQGVDDAFYTLVREIRKHKE	True	41.604	116.842	91.486	90.00	90.00	90.00	/Users/mitchellparker/Desktop/rascore_build/core/6gj8A_core.cif	/Users/mitchellparker/Desktop/rascore_build/rcsb/6gj8.cif.gz	/Users/mitchellparker/Desktop/rascore_build/renum/6gj8_renum.cif	/Users/mitchellparker/Desktop/rascore_build/rcsb_assembly/6gj8-assembly-1.cif.gz	/Users/mitchellparker/Desktop/rascore_build/renum_assembly/6gj8-assembly-1_renum.cif	/Users/mitchellparker/Desktop/rascore_build/sifts/6gj8.xml.gz	/Users/mitchellparker/Desktop/rascore_build/pocket/6gj8A_2_pocket.pdb
6godA	6god	0	A	Y32in.3P-ON	Y71in.3P-SP12-A	Y32in	Y71in	H 3 (CF1)	6godA4	4	GTPase KRas	RASK_HUMAN	P01116-2	WT	WT	KRAS	3P	WT	None	None	None	None	SP12-Unbound	H 3	172	2-167:169-173	2018-06-01	Other	408.8018	0.0320	Unbound	Unbound	73,74,75,76,104,106,108,109,110,163,166,167	MG,GNP,GOL,MG	None	None	None	None	None	None	None	None	None	None	GNP	MG	None	GOL	None	None	STP	XRAY	1.710	0.185	STEYKLVVVGAGGVGKSALTIQLIQNHFVDEYDPTIEDSYRKQVVIDGETCLLDILDTAGQEEYSAMRDQYMRTGEGFLCVFAINNTKSFEDIHHYREQIKRVKDSEDVPMVLVGNKCDLPSRTVDTKQAQDLARSYGIPFIETSAKTRQGVDDAFYTLVREIRKHKEKMSK	True	78.760	78.760	77.180	90.00	90.00	120.00	/Users/mitchellparker/Desktop/rascore_build/core/6godA_core.cif	/Users/mitchellparker/Desktop/rascore_build/rcsb/6god.cif.gz	/Users/mitchellparker/Desktop/rascore_build/renum/6god_renum.cif	/Users/mitchellparker/Desktop/rascore_build/rcsb_assembly/6god-assembly-1.cif.gz	/Users/mitchellparker/Desktop/rascore_build/renum_assembly/6god-assembly-1_renum.cif	/Users/mitchellparker/Desktop/rascore_build/sifts/6god.xml.gz	/Users/mitchellparker/Desktop/rascore_build/pocket/6godA_4_pocket.pdb
6godA	6god	0	A	Y32in.3P-ON	Y71in.3P-SP12-A	Y32in	Y71in	H 3 (CF1)	6godA5	5	GTPase KRas	RASK_HUMAN	P01116-2	WT	WT	KRAS	3P	WT	None	None	None	None	SP12-Unbound	H 3	172	2-167:169-173	2018-06-01	Other	298.2850	0.0014	Unbound	Unbound	97,108,109,110,137,138,139,162,165,166,170	MG,GNP,GOL,MG	None	None	None	None	None	None	None	None	None	None	GNP	MG	None	GOL	None	None	STP	XRAY	1.710	0.185	STEYKLVVVGAGGVGKSALTIQLIQNHFVDEYDPTIEDSYRKQVVIDGETCLLDILDTAGQEEYSAMRDQYMRTGEGFLCVFAINNTKSFEDIHHYREQIKRVKDSEDVPMVLVGNKCDLPSRTVDTKQAQDLARSYGIPFIETSAKTRQGVDDAFYTLVREIRKHKEKMSK	True	78.760	78.760	77.180	90.00	90.00	120.00	/Users/mitchellparker/Desktop/rascore_build/core/6godA_core.cif	/Users/mitchellparker/Desktop/rascore_build/rcsb/6god.cif.gz	/Users/mitchellparker/Desktop/rascore_build/renum/6god_renum.cif	/Users/mitchellparker/Desktop/rascore_build/rcsb_assembly/6god-assembly-1.cif.gz	/Users/mitchellparker/Desktop/rascore_build/renum_assembly/6god-assembly-1_renum.cif	/Users/mitchellparker/Desktop/rascore_build/sifts/6god.xml.gz	/Users/mitchellparker/Desktop/rascore_build/pocket/6godA_5_pocket.pdb
6godA	6god	0	A	Y32in.3P-ON	Y71in.3P-SP12-A	Y32in	Y71in	H 3 (CF1)	6godA6	6	GTPase KRas	RASK_HUMAN	P01116-2	WT	WT	KRAS	3P	WT	None	None	None	None	SP12-Unbound	H 3	172	2-167:169-173	2018-06-01	SP12	347.9181	0.0104	Unbound	Unbound	5,6,7,37,39,54,56,67,70,71,74	MG,GNP,GOL,MG	None	None	None	None	None	None	None	None	None	None	GNP	MG	None	GOL	None	None	STP	XRAY	1.710	0.185	STEYKLVVVGAGGVGKSALTIQLIQNHFVDEYDPTIEDSYRKQVVIDGETCLLDILDTAGQEEYSAMRDQYMRTGEGFLCVFAINNTKSFEDIHHYREQIKRVKDSEDVPMVLVGNKCDLPSRTVDTKQAQDLARSYGIPFIETSAKTRQGVDDAFYTLVREIRKHKEKMSK	True	78.760	78.760	77.180	90.00	90.00	120.00	/Users/mitchellparker/Desktop/rascore_build/core/6godA_core.cif	/Users/mitchellparker/Desktop/rascore_build/rcsb/6god.cif.gz	/Users/mitchellparker/Desktop/rascore_build/renum/6god_renum.cif	/Users/mitchellparker/Desktop/rascore_build/rcsb_assembly/6god-assembly-1.cif.gz	/Users/mitchellparker/Desktop/rascore_build/renum_assembly/6god-assembly-1_renum.cif	/Users/mitchellparker/Desktop/rascore_build/sifts/6god.xml.gz	/Users/mitchellparker/Desktop/rascore_build/pocket/6godA_6_pocket.pdb
6godA	6god	0	A	Y32in.3P-ON	Y71in.3P-SP12-A	Y32in	Y71in	H 3 (CF1)	6godA7	7	GTPase KRas	RASK_HUMAN	P01116-2	WT	WT	KRAS	3P	WT	None	None	None	None	SP12-Unbound	H 3	172	2-167:169-173	2018-06-01	Other	349.3719	0.0046	Unbound	Unbound	126,127,128,129,132	MG,GNP,GOL,MG	None	None	None	None	None	None	None	None	None	None	GNP	MG	None	GOL	None	None	STP	XRAY	1.710	0.185	STEYKLVVVGAGGVGKSALTIQLIQNHFVDEYDPTIEDSYRKQVVIDGETCLLDILDTAGQEEYSAMRDQYMRTGEGFLCVFAINNTKSFEDIHHYREQIKRVKDSEDVPMVLVGNKCDLPSRTVDTKQAQDLARSYGIPFIETSAKTRQGVDDAFYTLVREIRKHKEKMSK	True	78.760	78.760	77.180	90.00	90.00	120.00	/Users/mitchellparker/Desktop/rascore_build/core/6godA_core.cif	/Users/mitchellparker/Desktop/rascore_build/rcsb/6god.cif.gz	/Users/mitchellparker/Desktop/rascore_build/renum/6god_renum.cif	/Users/mitchellparker/Desktop/rascore_build/rcsb_assembly/6god-assembly-1.cif.gz	/Users/mitchellparker/Desktop/rascore_build/renum_assembly/6god-assembly-1_renum.cif	/Users/mitchellparker/Desktop/rascore_build/sifts/6god.xml.gz	/Users/mitchellparker/Desktop/rascore_build/pocket/6godA_7_pocket.pdb
6goeA	6goe	0	A	Y32in.3P-ON	Disordered	Y32in	Y71in	H 3 (CF1)	6goeA3	3	GTPase KRas	RASK_HUMAN	P01116-2	G12V	G12	KRAS	3P	G12V	None	None	None	None	Other-Unbound	H 3	172	2-61:67-169	2018-06-01	Other	353.7008	0.0087	Unbound	Unbound	73,74,75,76,104,108,109,110,163,166,167	MG,GNP	None	None	None	None	None	None	None	None	None	None	GNP	MG	None	None	None	None	STP	XRAY	1.600	0.184	GSTEYKLVVVGAVGVGKSALTIQLIQNHFVDEYDPTIEDSYRKQVVIDGETCLLDILDTAGQEEYSAMRDQYMRTGEGFLCVFAINNTKSFEDIHHYREQIKRVKDSEDVPMVLVGNKCDLPSRTVDTKQAQDLARSYGIPFIETSAKTRQGVDDAFYTLVREIRKHKEKMS	True	79.880	79.880	78.790	90.00	90.00	120.00	/Users/mitchellparker/Desktop/rascore_build/core/6goeA_core.cif	/Users/mitchellparker/Desktop/rascore_build/rcsb/6goe.cif.gz	/Users/mitchellparker/Desktop/rascore_build/renum/6goe_renum.cif	/Users/mitchellparker/Desktop/rascore_build/rcsb_assembly/6goe-assembly-1.cif.gz	/Users/mitchellparker/Desktop/rascore_build/renum_assembly/6goe-assembly-1_renum.cif	/Users/mitchellparker/Desktop/rascore_build/sifts/6goe.xml.gz	/Users/mitchellparker/Desktop/rascore_build/pocket/6goeA_3_pocket.pdb
6goeA	6goe	0	A	Y32in.3P-ON	Disordered	Y32in	Y71in	H 3 (CF1)	6goeA4	4	GTPase KRas	RASK_HUMAN	P01116-2	G12V	G12	KRAS	3P	G12V	None	None	None	None	Other-Unbound	H 3	172	2-61:67-169	2018-06-01	Other	278.6369	0.0011	Unbound	Unbound	97,107,108,109,110,111,137,138,139,162,165,166,169	MG,GNP	None	None	None	None	None	None	None	None	None	None	GNP	MG	None	None	None	None	STP	XRAY	1.600	0.184	GSTEYKLVVVGAVGVGKSALTIQLIQNHFVDEYDPTIEDSYRKQVVIDGETCLLDILDTAGQEEYSAMRDQYMRTGEGFLCVFAINNTKSFEDIHHYREQIKRVKDSEDVPMVLVGNKCDLPSRTVDTKQAQDLARSYGIPFIETSAKTRQGVDDAFYTLVREIRKHKEKMS	True	79.880	79.880	78.790	90.00	90.00	120.00	/Users/mitchellparker/Desktop/rascore_build/core/6goeA_core.cif	/Users/mitchellparker/Desktop/rascore_build/rcsb/6goe.cif.gz	/Users/mitchellparker/Desktop/rascore_build/renum/6goe_renum.cif	/Users/mitchellparker/Desktop/rascore_build/rcsb_assembly/6goe-assembly-1.cif.gz	/Users/mitchellparker/Desktop/rascore_build/renum_assembly/6goe-assembly-1_renum.cif	/Users/mitchellparker/Desktop/rascore_build/sifts/6goe.xml.gz	/Users/mitchellparker/Desktop/rascore_build/pocket/6goeA_4_pocket.pdb
6goeA	6goe	0	A	Y32in.3P-ON	Disordered	Y32in	Y71in	H 3 (CF1)	6goeA5	5	GTPase KRas	RASK_HUMAN	P01116-2	G12V	G12	KRAS	3P	G12V	None	None	None	None	Other-Unbound	H 3	172	2-61:67-169	2018-06-01	SP2	385.2597	0.0003	Unbound	Unbound	11,12,60,61,68,86,88,89,92,95,96	MG,GNP	None	None	None	None	None	None	None	None	None	None	GNP	MG	None	None	None	None	STP	XRAY	1.600	0.184	GSTEYKLVVVGAVGVGKSALTIQLIQNHFVDEYDPTIEDSYRKQVVIDGETCLLDILDTAGQEEYSAMRDQYMRTGEGFLCVFAINNTKSFEDIHHYREQIKRVKDSEDVPMVLVGNKCDLPSRTVDTKQAQDLARSYGIPFIETSAKTRQGVDDAFYTLVREIRKHKEKMS	True	79.880	79.880	78.790	90.00	90.00	120.00	/Users/mitchellparker/Desktop/rascore_build/core/6goeA_core.cif	/Users/mitchellparker/Desktop/rascore_build/rcsb/6goe.cif.gz	/Users/mitchellparker/Desktop/rascore_build/renum/6goe_renum.cif	/Users/mitchellparker/Desktop/rascore_build/rcsb_assembly/6goe-assembly-1.cif.gz	/Users/mitchellparker/Desktop/rascore_build/renum_assembly/6goe-assembly-1_renum.cif	/Users/mitchellparker/Desktop/rascore_build/sifts/6goe.xml.gz	/Users/mitchellparker/Desktop/rascore_build/pocket/6goeA_5_pocket.pdb
6gofA	6gof	0	A	Y32in.3P-ON	Y71in.3P-SP12-A	Y32in	Y71in	H 3 (CF1)	6gofA2	2	GTPase KRas	RASK_HUMAN	P01116-2	G12D	G12	KRAS	3P	G12D	None	None	None	None	Multiple-Unbound	H 3	172	2-167:169-173	2018-06-01	SP2	379.6349	0.0069	Unbound	Unbound	11,12,60,61,68,86,88,92,95,96,99	MG,GNP,MG	None	None	None	None	None	None	None	None	None	None	GNP	MG	None	None	None	None	STP	XRAY	1.980	0.182	STEYKLVVVGADGVGKSALTIQLIQNHFVDEYDPTIEDSYRKQVVIDGETCLLDILDTAGQEEYSAMRDQYMRTGEGFLCVFAINNTKSFEDIHHYREQIKRVKDSEDVPMVLVGNKCDLPSRTVDTKQAQDLARSYGIPFIETSAKTRQGVDDAFYTLVREIRKHKEKMSK	True	78.630	78.630	77.540	90.00	90.00	120.00	/Users/mitchellparker/Desktop/rascore_build/core/6gofA_core.cif	/Users/mitchellparker/Desktop/rascore_build/rcsb/6gof.cif.gz	/Users/mitchellparker/Desktop/rascore_build/renum/6gof_renum.cif	/Users/mitchellparker/Desktop/rascore_build/rcsb_assembly/6gof-assembly-1.cif.gz	/Users/mitchellparker/Desktop/rascore_build/renum_assembly/6gof-assembly-1_renum.cif	/Users/mitchellparker/Desktop/rascore_build/sifts/6gof.xml.gz	/Users/mitchellparker/Desktop/rascore_build/pocket/6gofA_2_pocket.pdb
6gofA	6gof	0	A	Y32in.3P-ON	Y71in.3P-SP12-A	Y32in	Y71in	H 3 (CF1)	6gofA4	4	GTPase KRas	RASK_HUMAN	P01116-2	G12D	G12	KRAS	3P	G12D	None	None	None	None	Multiple-Unbound	H 3	172	2-167:169-173	2018-06-01	SP12	225.6125	0.0006	Unbound	Unbound	5,6,7,54,55,56,74	MG,GNP,MG	None	None	None	None	None	None	None	None	None	None	GNP	MG	None	None	None	None	STP	XRAY	1.980	0.182	STEYKLVVVGADGVGKSALTIQLIQNHFVDEYDPTIEDSYRKQVVIDGETCLLDILDTAGQEEYSAMRDQYMRTGEGFLCVFAINNTKSFEDIHHYREQIKRVKDSEDVPMVLVGNKCDLPSRTVDTKQAQDLARSYGIPFIETSAKTRQGVDDAFYTLVREIRKHKEKMSK	True	78.630	78.630	77.540	90.00	90.00	120.00	/Users/mitchellparker/Desktop/rascore_build/core/6gofA_core.cif	/Users/mitchellparker/Desktop/rascore_build/rcsb/6gof.cif.gz	/Users/mitchellparker/Desktop/rascore_build/renum/6gof_renum.cif	/Users/mitchellparker/Desktop/rascore_build/rcsb_assembly/6gof-assembly-1.cif.gz	/Users/mitchellparker/Desktop/rascore_build/renum_assembly/6gof-assembly-1_renum.cif	/Users/mitchellparker/Desktop/rascore_build/sifts/6gof.xml.gz	/Users/mitchellparker/Desktop/rascore_build/pocket/6gofA_4_pocket.pdb
6gofA	6gof	0	A	Y32in.3P-ON	Y71in.3P-SP12-A	Y32in	Y71in	H 3 (CF1)	6gofA5	5	GTPase KRas	RASK_HUMAN	P01116-2	G12D	G12	KRAS	3P	G12D	None	None	None	None	Multiple-Unbound	H 3	172	2-167:169-173	2018-06-01	Other	389.6497	0.0158	Unbound	Unbound	73,74,75,76,104,106,108,109,110,163,166,167,171	MG,GNP,MG	None	None	None	None	None	None	None	None	None	None	GNP	MG	None	None	None	None	STP	XRAY	1.980	0.182	STEYKLVVVGADGVGKSALTIQLIQNHFVDEYDPTIEDSYRKQVVIDGETCLLDILDTAGQEEYSAMRDQYMRTGEGFLCVFAINNTKSFEDIHHYREQIKRVKDSEDVPMVLVGNKCDLPSRTVDTKQAQDLARSYGIPFIETSAKTRQGVDDAFYTLVREIRKHKEKMSK	True	78.630	78.630	77.540	90.00	90.00	120.00	/Users/mitchellparker/Desktop/rascore_build/core/6gofA_core.cif	/Users/mitchellparker/Desktop/rascore_build/rcsb/6gof.cif.gz	/Users/mitchellparker/Desktop/rascore_build/renum/6gof_renum.cif	/Users/mitchellparker/Desktop/rascore_build/rcsb_assembly/6gof-assembly-1.cif.gz	/Users/mitchellparker/Desktop/rascore_build/renum_assembly/6gof-assembly-1_renum.cif	/Users/mitchellparker/Desktop/rascore_build/sifts/6gof.xml.gz	/Users/mitchellparker/Desktop/rascore_build/pocket/6gofA_5_pocket.pdb
6gofA	6gof	0	A	Y32in.3P-ON	Y71in.3P-SP12-A	Y32in	Y71in	H 3 (CF1)	6gofA6	6	GTPase KRas	RASK_HUMAN	P01116-2	G12D	G12	KRAS	3P	G12D	None	None	None	None	Multiple-Unbound	H 3	172	2-167:169-173	2018-06-01	Other	296.5596	0.0013	Unbound	Unbound	97,108,109,110,137,138,139,162,165,166,170	MG,GNP,MG	None	None	None	None	None	None	None	None	None	None	GNP	MG	None	None	None	None	STP	XRAY	1.980	0.182	STEYKLVVVGADGVGKSALTIQLIQNHFVDEYDPTIEDSYRKQVVIDGETCLLDILDTAGQEEYSAMRDQYMRTGEGFLCVFAINNTKSFEDIHHYREQIKRVKDSEDVPMVLVGNKCDLPSRTVDTKQAQDLARSYGIPFIETSAKTRQGVDDAFYTLVREIRKHKEKMSK	True	78.630	78.630	77.540	90.00	90.00	120.00	/Users/mitchellparker/Desktop/rascore_build/core/6gofA_core.cif	/Users/mitchellparker/Desktop/rascore_build/rcsb/6gof.cif.gz	/Users/mitchellparker/Desktop/rascore_build/renum/6gof_renum.cif	/Users/mitchellparker/Desktop/rascore_build/rcsb_assembly/6gof-assembly-1.cif.gz	/Users/mitchellparker/Desktop/rascore_build/renum_assembly/6gof-assembly-1_renum.cif	/Users/mitchellparker/Desktop/rascore_build/sifts/6gof.xml.gz	/Users/mitchellparker/Desktop/rascore_build/pocket/6gofA_6_pocket.pdb
6gogA	6gog	0	A	Y32in.3P-ON	Y71in.3P-SP12-B	Y32in	Y71in	P 21 21 21 (CF5)	6gogA3	3	GTPase KRas	RASK_HUMAN	P01116-2	Q61H	Q61	KRAS	3P	Q61H	None	None	None	None	SP12-Unbound	P 21 21 21	173	1-167	2018-06-01	Other	198.7369	0.0002	Unbound	Unbound	97,108,109,110,111,137,138,139,162,165,166	GNP,MG,CIT,CIT	None	None	None	None	None	None	None	None	None	None	GNP	MG	None	CIT	None	None	STP	XRAY	2.050	0.172	YFQGMTEYKLVVVGAGGVGKSALTIQLIQNHFVDEYDPTIEDSYRKQVVIDGETCLLDILDTAGHEEYSAMRDQYMRTGEGFLCVFAINNTKSFEDIHHYREQIKRVKDSEDVPMVLVGNKCDLPSRTVDTKQAQDLARSYGIPFIETSAKTRQGVDDAFYTLVREIRKHKEK	True	63.565	118.748	156.595	90.00	90.00	90.00	/Users/mitchellparker/Desktop/rascore_build/core/6gogA_core.cif	/Users/mitchellparker/Desktop/rascore_build/rcsb/6gog.cif.gz	/Users/mitchellparker/Desktop/rascore_build/renum/6gog_renum.cif	/Users/mitchellparker/Desktop/rascore_build/rcsb_assembly/6gog-assembly-1.cif.gz	/Users/mitchellparker/Desktop/rascore_build/renum_assembly/6gog-assembly-1_renum.cif	/Users/mitchellparker/Desktop/rascore_build/sifts/6gog.xml.gz	/Users/mitchellparker/Desktop/rascore_build/pocket/6gogA_3_pocket.pdb
6gogA	6gog	0	A	Y32in.3P-ON	Y71in.3P-SP12-B	Y32in	Y71in	P 21 21 21 (CF5)	6gogA4	4	GTPase KRas	RASK_HUMAN	P01116-2	Q61H	Q61	KRAS	3P	Q61H	None	None	None	None	SP12-Unbound	P 21 21 21	173	1-167	2018-06-01	SP12	401.6559	0.0108	Unbound	Unbound	5,6,7,37,39,40,41,54,55,56,71,74	GNP,MG,CIT,CIT	None	None	None	None	None	None	None	None	None	None	GNP	MG	None	CIT	None	None	STP	XRAY	2.050	0.172	YFQGMTEYKLVVVGAGGVGKSALTIQLIQNHFVDEYDPTIEDSYRKQVVIDGETCLLDILDTAGHEEYSAMRDQYMRTGEGFLCVFAINNTKSFEDIHHYREQIKRVKDSEDVPMVLVGNKCDLPSRTVDTKQAQDLARSYGIPFIETSAKTRQGVDDAFYTLVREIRKHKEK	True	63.565	118.748	156.595	90.00	90.00	90.00	/Users/mitchellparker/Desktop/rascore_build/core/6gogA_core.cif	/Users/mitchellparker/Desktop/rascore_build/rcsb/6gog.cif.gz	/Users/mitchellparker/Desktop/rascore_build/renum/6gog_renum.cif	/Users/mitchellparker/Desktop/rascore_build/rcsb_assembly/6gog-assembly-1.cif.gz	/Users/mitchellparker/Desktop/rascore_build/renum_assembly/6gog-assembly-1_renum.cif	/Users/mitchellparker/Desktop/rascore_build/sifts/6gog.xml.gz	/Users/mitchellparker/Desktop/rascore_build/pocket/6gogA_4_pocket.pdb
6gogA	6gog	0	A	Y32in.3P-ON	Y71in.3P-SP12-B	Y32in	Y71in	P 21 21 21 (CF5)	6gogA5	5	GTPase KRas	RASK_HUMAN	P01116-2	Q61H	Q61	KRAS	3P	Q61H	None	None	None	None	SP12-Unbound	P 21 21 21	173	1-167	2018-06-01	Other	269.1951	0.0127	Unbound	Unbound	76,104,106,108,109,110,163,166	GNP,MG,CIT,CIT	None	None	None	None	None	None	None	None	None	None	GNP	MG	None	CIT	None	None	STP	XRAY	2.050	0.172	YFQGMTEYKLVVVGAGGVGKSALTIQLIQNHFVDEYDPTIEDSYRKQVVIDGETCLLDILDTAGHEEYSAMRDQYMRTGEGFLCVFAINNTKSFEDIHHYREQIKRVKDSEDVPMVLVGNKCDLPSRTVDTKQAQDLARSYGIPFIETSAKTRQGVDDAFYTLVREIRKHKEK	True	63.565	118.748	156.595	90.00	90.00	90.00	/Users/mitchellparker/Desktop/rascore_build/core/6gogA_core.cif	/Users/mitchellparker/Desktop/rascore_build/rcsb/6gog.cif.gz	/Users/mitchellparker/Desktop/rascore_build/renum/6gog_renum.cif	/Users/mitchellparker/Desktop/rascore_build/rcsb_assembly/6gog-assembly-1.cif.gz	/Users/mitchellparker/Desktop/rascore_build/renum_assembly/6gog-assembly-1_renum.cif	/Users/mitchellparker/Desktop/rascore_build/sifts/6gog.xml.gz	/Users/mitchellparker/Desktop/rascore_build/pocket/6gogA_5_pocket.pdb
6gogB	6gog	0	B	Y32in.3P-ON	Y71in.3P-SP12-A	Y32in	Y71in	P 21 21 21 (CF5)	6gogB2	2	GTPase KRas	RASK_HUMAN	P01116-2	Q61H	Q61	KRAS	3P	Q61H	None	None	None	None	SP2-Unbound	P 21 21 21	173	1-169	2018-06-01	Other	252.5891	0.0003	Unbound	Unbound	97,108,109,110,111,137,138,139,162,165,166	GNP,MG	None	None	None	None	None	None	None	None	None	None	GNP	MG	None	None	None	None	STP	XRAY	2.050	0.172	YFQGMTEYKLVVVGAGGVGKSALTIQLIQNHFVDEYDPTIEDSYRKQVVIDGETCLLDILDTAGHEEYSAMRDQYMRTGEGFLCVFAINNTKSFEDIHHYREQIKRVKDSEDVPMVLVGNKCDLPSRTVDTKQAQDLARSYGIPFIETSAKTRQGVDDAFYTLVREIRKHKEK	True	63.565	118.748	156.595	90.00	90.00	90.00	/Users/mitchellparker/Desktop/rascore_build/core/6gogB_core.cif	/Users/mitchellparker/Desktop/rascore_build/rcsb/6gog.cif.gz	/Users/mitchellparker/Desktop/rascore_build/renum/6gog_renum.cif	/Users/mitchellparker/Desktop/rascore_build/rcsb_assembly/6gog-assembly-1.cif.gz	/Users/mitchellparker/Desktop/rascore_build/renum_assembly/6gog-assembly-1_renum.cif	/Users/mitchellparker/Desktop/rascore_build/sifts/6gog.xml.gz	/Users/mitchellparker/Desktop/rascore_build/pocket/6gogB_2_pocket.pdb
6gogB	6gog	0	B	Y32in.3P-ON	Y71in.3P-SP12-A	Y32in	Y71in	P 21 21 21 (CF5)	6gogB3	3	GTPase KRas	RASK_HUMAN	P01116-2	Q61H	Q61	KRAS	3P	Q61H	None	None	None	None	SP2-Unbound	P 21 21 21	173	1-169	2018-06-01	Other	309.7455	0.0073	Unbound	Unbound	73,74,75,76,104,106,108,109,110,163,166,167	GNP,MG	None	None	None	None	None	None	None	None	None	None	GNP	MG	None	None	None	None	STP	XRAY	2.050	0.172	YFQGMTEYKLVVVGAGGVGKSALTIQLIQNHFVDEYDPTIEDSYRKQVVIDGETCLLDILDTAGHEEYSAMRDQYMRTGEGFLCVFAINNTKSFEDIHHYREQIKRVKDSEDVPMVLVGNKCDLPSRTVDTKQAQDLARSYGIPFIETSAKTRQGVDDAFYTLVREIRKHKEK	True	63.565	118.748	156.595	90.00	90.00	90.00	/Users/mitchellparker/Desktop/rascore_build/core/6gogB_core.cif	/Users/mitchellparker/Desktop/rascore_build/rcsb/6gog.cif.gz	/Users/mitchellparker/Desktop/rascore_build/renum/6gog_renum.cif	/Users/mitchellparker/Desktop/rascore_build/rcsb_assembly/6gog-assembly-1.cif.gz	/Users/mitchellparker/Desktop/rascore_build/renum_assembly/6gog-assembly-1_renum.cif	/Users/mitchellparker/Desktop/rascore_build/sifts/6gog.xml.gz	/Users/mitchellparker/Desktop/rascore_build/pocket/6gogB_3_pocket.pdb
6gogB	6gog	0	B	Y32in.3P-ON	Y71in.3P-SP12-A	Y32in	Y71in	P 21 21 21 (CF5)	6gogB4	4	GTPase KRas	RASK_HUMAN	P01116-2	Q61H	Q61	KRAS	3P	Q61H	None	None	None	None	SP2-Unbound	P 21 21 21	173	1-169	2018-06-01	SP2	243.0609	0.0037	Unbound	Unbound	60,92,95,96,99	GNP,MG	None	None	None	None	None	None	None	None	None	None	GNP	MG	None	None	None	None	STP	XRAY	2.050	0.172	YFQGMTEYKLVVVGAGGVGKSALTIQLIQNHFVDEYDPTIEDSYRKQVVIDGETCLLDILDTAGHEEYSAMRDQYMRTGEGFLCVFAINNTKSFEDIHHYREQIKRVKDSEDVPMVLVGNKCDLPSRTVDTKQAQDLARSYGIPFIETSAKTRQGVDDAFYTLVREIRKHKEK	True	63.565	118.748	156.595	90.00	90.00	90.00	/Users/mitchellparker/Desktop/rascore_build/core/6gogB_core.cif	/Users/mitchellparker/Desktop/rascore_build/rcsb/6gog.cif.gz	/Users/mitchellparker/Desktop/rascore_build/renum/6gog_renum.cif	/Users/mitchellparker/Desktop/rascore_build/rcsb_assembly/6gog-assembly-1.cif.gz	/Users/mitchellparker/Desktop/rascore_build/renum_assembly/6gog-assembly-1_renum.cif	/Users/mitchellparker/Desktop/rascore_build/sifts/6gog.xml.gz	/Users/mitchellparker/Desktop/rascore_build/pocket/6gogB_4_pocket.pdb
6gogB	6gog	0	B	Y32in.3P-ON	Y71in.3P-SP12-A	Y32in	Y71in	P 21 21 21 (CF5)	6gogB5	5	GTPase KRas	RASK_HUMAN	P01116-2	Q61H	Q61	KRAS	3P	Q61H	None	None	None	None	SP2-Unbound	P 21 21 21	173	1-169	2018-06-01	Other	316.3051	0.0002	Unbound	Unbound	33,34,35,36,37,38	GNP,MG	None	None	None	None	None	None	None	None	None	None	GNP	MG	None	None	None	None	STP	XRAY	2.050	0.172	YFQGMTEYKLVVVGAGGVGKSALTIQLIQNHFVDEYDPTIEDSYRKQVVIDGETCLLDILDTAGHEEYSAMRDQYMRTGEGFLCVFAINNTKSFEDIHHYREQIKRVKDSEDVPMVLVGNKCDLPSRTVDTKQAQDLARSYGIPFIETSAKTRQGVDDAFYTLVREIRKHKEK	True	63.565	118.748	156.595	90.00	90.00	90.00	/Users/mitchellparker/Desktop/rascore_build/core/6gogB_core.cif	/Users/mitchellparker/Desktop/rascore_build/rcsb/6gog.cif.gz	/Users/mitchellparker/Desktop/rascore_build/renum/6gog_renum.cif	/Users/mitchellparker/Desktop/rascore_build/rcsb_assembly/6gog-assembly-1.cif.gz	/Users/mitchellparker/Desktop/rascore_build/renum_assembly/6gog-assembly-1_renum.cif	/Users/mitchellparker/Desktop/rascore_build/sifts/6gog.xml.gz	/Users/mitchellparker/Desktop/rascore_build/pocket/6gogB_5_pocket.pdb
6gogC	6gog	0	C	Y32in.3P-ON	Y71in.3P-SP12-A	Y32in	Y71in	P 21 21 21 (CF5)	6gogC2	2	GTPase KRas	RASK_HUMAN	P01116-2	Q61H	Q61	KRAS	3P	Q61H	None	None	None	None	SP12-Unbound	P 21 21 21	173	1-168	2018-06-01	Other	199.8100	0.0015	Unbound	Unbound	97,107,108,109,110,137,138,139,162,165,166	GNP,MG	None	None	None	None	None	None	None	None	None	None	GNP	MG	None	None	None	None	STP	XRAY	2.050	0.172	YFQGMTEYKLVVVGAGGVGKSALTIQLIQNHFVDEYDPTIEDSYRKQVVIDGETCLLDILDTAGHEEYSAMRDQYMRTGEGFLCVFAINNTKSFEDIHHYREQIKRVKDSEDVPMVLVGNKCDLPSRTVDTKQAQDLARSYGIPFIETSAKTRQGVDDAFYTLVREIRKHKEK	True	63.565	118.748	156.595	90.00	90.00	90.00	/Users/mitchellparker/Desktop/rascore_build/core/6gogC_core.cif	/Users/mitchellparker/Desktop/rascore_build/rcsb/6gog.cif.gz	/Users/mitchellparker/Desktop/rascore_build/renum/6gog_renum.cif	/Users/mitchellparker/Desktop/rascore_build/rcsb_assembly/6gog-assembly-1.cif.gz	/Users/mitchellparker/Desktop/rascore_build/renum_assembly/6gog-assembly-1_renum.cif	/Users/mitchellparker/Desktop/rascore_build/sifts/6gog.xml.gz	/Users/mitchellparker/Desktop/rascore_build/pocket/6gogC_2_pocket.pdb
6gogC	6gog	0	C	Y32in.3P-ON	Y71in.3P-SP12-A	Y32in	Y71in	P 21 21 21 (CF5)	6gogC3	3	GTPase KRas	RASK_HUMAN	P01116-2	Q61H	Q61	KRAS	3P	Q61H	None	None	None	None	SP12-Unbound	P 21 21 21	173	1-168	2018-06-01	Other	355.8709	0.0030	Unbound	Unbound	1,2,4,43,49,50	GNP,MG	None	None	None	None	None	None	None	None	None	None	GNP	MG	None	None	None	None	STP	XRAY	2.050	0.172	YFQGMTEYKLVVVGAGGVGKSALTIQLIQNHFVDEYDPTIEDSYRKQVVIDGETCLLDILDTAGHEEYSAMRDQYMRTGEGFLCVFAINNTKSFEDIHHYREQIKRVKDSEDVPMVLVGNKCDLPSRTVDTKQAQDLARSYGIPFIETSAKTRQGVDDAFYTLVREIRKHKEK	True	63.565	118.748	156.595	90.00	90.00	90.00	/Users/mitchellparker/Desktop/rascore_build/core/6gogC_core.cif	/Users/mitchellparker/Desktop/rascore_build/rcsb/6gog.cif.gz	/Users/mitchellparker/Desktop/rascore_build/renum/6gog_renum.cif	/Users/mitchellparker/Desktop/rascore_build/rcsb_assembly/6gog-assembly-1.cif.gz	/Users/mitchellparker/Desktop/rascore_build/renum_assembly/6gog-assembly-1_renum.cif	/Users/mitchellparker/Desktop/rascore_build/sifts/6gog.xml.gz	/Users/mitchellparker/Desktop/rascore_build/pocket/6gogC_3_pocket.pdb
6gogC	6gog	0	C	Y32in.3P-ON	Y71in.3P-SP12-A	Y32in	Y71in	P 21 21 21 (CF5)	6gogC4	4	GTPase KRas	RASK_HUMAN	P01116-2	Q61H	Q61	KRAS	3P	Q61H	None	None	None	None	SP12-Unbound	P 21 21 21	173	1-168	2018-06-01	Other	351.3163	0.0117	Unbound	Unbound	73,74,75,76,104,106,108,109,110,163,166,167	GNP,MG	None	None	None	None	None	None	None	None	None	None	GNP	MG	None	None	None	None	STP	XRAY	2.050	0.172	YFQGMTEYKLVVVGAGGVGKSALTIQLIQNHFVDEYDPTIEDSYRKQVVIDGETCLLDILDTAGHEEYSAMRDQYMRTGEGFLCVFAINNTKSFEDIHHYREQIKRVKDSEDVPMVLVGNKCDLPSRTVDTKQAQDLARSYGIPFIETSAKTRQGVDDAFYTLVREIRKHKEK	True	63.565	118.748	156.595	90.00	90.00	90.00	/Users/mitchellparker/Desktop/rascore_build/core/6gogC_core.cif	/Users/mitchellparker/Desktop/rascore_build/rcsb/6gog.cif.gz	/Users/mitchellparker/Desktop/rascore_build/renum/6gog_renum.cif	/Users/mitchellparker/Desktop/rascore_build/rcsb_assembly/6gog-assembly-1.cif.gz	/Users/mitchellparker/Desktop/rascore_build/renum_assembly/6gog-assembly-1_renum.cif	/Users/mitchellparker/Desktop/rascore_build/sifts/6gog.xml.gz	/Users/mitchellparker/Desktop/rascore_build/pocket/6gogC_4_pocket.pdb
6gogC	6gog	0	C	Y32in.3P-ON	Y71in.3P-SP12-A	Y32in	Y71in	P 21 21 21 (CF5)	6gogC5	5	GTPase KRas	RASK_HUMAN	P01116-2	Q61H	Q61	KRAS	3P	Q61H	None	None	None	None	SP12-Unbound	P 21 21 21	173	1-168	2018-06-01	SP12	228.2281	0.0122	Unbound	Unbound	5,6,7,39,54,55,56,74,75	GNP,MG	None	None	None	None	None	None	None	None	None	None	GNP	MG	None	None	None	None	STP	XRAY	2.050	0.172	YFQGMTEYKLVVVGAGGVGKSALTIQLIQNHFVDEYDPTIEDSYRKQVVIDGETCLLDILDTAGHEEYSAMRDQYMRTGEGFLCVFAINNTKSFEDIHHYREQIKRVKDSEDVPMVLVGNKCDLPSRTVDTKQAQDLARSYGIPFIETSAKTRQGVDDAFYTLVREIRKHKEK	True	63.565	118.748	156.595	90.00	90.00	90.00	/Users/mitchellparker/Desktop/rascore_build/core/6gogC_core.cif	/Users/mitchellparker/Desktop/rascore_build/rcsb/6gog.cif.gz	/Users/mitchellparker/Desktop/rascore_build/renum/6gog_renum.cif	/Users/mitchellparker/Desktop/rascore_build/rcsb_assembly/6gog-assembly-1.cif.gz	/Users/mitchellparker/Desktop/rascore_build/renum_assembly/6gog-assembly-1_renum.cif	/Users/mitchellparker/Desktop/rascore_build/sifts/6gog.xml.gz	/Users/mitchellparker/Desktop/rascore_build/pocket/6gogC_5_pocket.pdb
6gogD	6gog	0	D	Y32in.3P-ON	Disordered	Y32in	Y71in	P 21 21 21 (CF5)	6gogD2	2	GTPase KRas	RASK_HUMAN	P01116-2	Q61H	Q61	KRAS	3P	Q61H	None	None	None	None	SP12-Unbound	P 21 21 21	173	1-61:65-167	2018-06-01	SP12	451.9304	0.3774	Unbound	Unbound	5,6,7,39,40,41,54,55,56,70,71,74,75	GNP,MG,CIT	None	None	None	None	None	None	None	None	None	None	GNP	MG	None	CIT	None	None	STP	XRAY	2.050	0.172	YFQGMTEYKLVVVGAGGVGKSALTIQLIQNHFVDEYDPTIEDSYRKQVVIDGETCLLDILDTAGHEEYSAMRDQYMRTGEGFLCVFAINNTKSFEDIHHYREQIKRVKDSEDVPMVLVGNKCDLPSRTVDTKQAQDLARSYGIPFIETSAKTRQGVDDAFYTLVREIRKHKEK	True	63.565	118.748	156.595	90.00	90.00	90.00	/Users/mitchellparker/Desktop/rascore_build/core/6gogD_core.cif	/Users/mitchellparker/Desktop/rascore_build/rcsb/6gog.cif.gz	/Users/mitchellparker/Desktop/rascore_build/renum/6gog_renum.cif	/Users/mitchellparker/Desktop/rascore_build/rcsb_assembly/6gog-assembly-1.cif.gz	/Users/mitchellparker/Desktop/rascore_build/renum_assembly/6gog-assembly-1_renum.cif	/Users/mitchellparker/Desktop/rascore_build/sifts/6gog.xml.gz	/Users/mitchellparker/Desktop/rascore_build/pocket/6gogD_2_pocket.pdb
6gogD	6gog	0	D	Y32in.3P-ON	Disordered	Y32in	Y71in	P 21 21 21 (CF5)	6gogD3	3	GTPase KRas	RASK_HUMAN	P01116-2	Q61H	Q61	KRAS	3P	Q61H	None	None	None	None	SP12-Unbound	P 21 21 21	173	1-61:65-167	2018-06-01	Other	394.4705	0.0010	Unbound	Unbound	131,134,135,138,139,140,141,162,165	GNP,MG,CIT	None	None	None	None	None	None	None	None	None	None	GNP	MG	None	CIT	None	None	STP	XRAY	2.050	0.172	YFQGMTEYKLVVVGAGGVGKSALTIQLIQNHFVDEYDPTIEDSYRKQVVIDGETCLLDILDTAGHEEYSAMRDQYMRTGEGFLCVFAINNTKSFEDIHHYREQIKRVKDSEDVPMVLVGNKCDLPSRTVDTKQAQDLARSYGIPFIETSAKTRQGVDDAFYTLVREIRKHKEK	True	63.565	118.748	156.595	90.00	90.00	90.00	/Users/mitchellparker/Desktop/rascore_build/core/6gogD_core.cif	/Users/mitchellparker/Desktop/rascore_build/rcsb/6gog.cif.gz	/Users/mitchellparker/Desktop/rascore_build/renum/6gog_renum.cif	/Users/mitchellparker/Desktop/rascore_build/rcsb_assembly/6gog-assembly-1.cif.gz	/Users/mitchellparker/Desktop/rascore_build/renum_assembly/6gog-assembly-1_renum.cif	/Users/mitchellparker/Desktop/rascore_build/sifts/6gog.xml.gz	/Users/mitchellparker/Desktop/rascore_build/pocket/6gogD_3_pocket.pdb
6gogD	6gog	0	D	Y32in.3P-ON	Disordered	Y32in	Y71in	P 21 21 21 (CF5)	6gogD4	4	GTPase KRas	RASK_HUMAN	P01116-2	Q61H	Q61	KRAS	3P	Q61H	None	None	None	None	SP12-Unbound	P 21 21 21	173	1-61:65-167	2018-06-01	Other	296.2879	0.0149	Unbound	Unbound	73,74,75,76,104,106,108,109,110,163,166,167	GNP,MG,CIT	None	None	None	None	None	None	None	None	None	None	GNP	MG	None	CIT	None	None	STP	XRAY	2.050	0.172	YFQGMTEYKLVVVGAGGVGKSALTIQLIQNHFVDEYDPTIEDSYRKQVVIDGETCLLDILDTAGHEEYSAMRDQYMRTGEGFLCVFAINNTKSFEDIHHYREQIKRVKDSEDVPMVLVGNKCDLPSRTVDTKQAQDLARSYGIPFIETSAKTRQGVDDAFYTLVREIRKHKEK	True	63.565	118.748	156.595	90.00	90.00	90.00	/Users/mitchellparker/Desktop/rascore_build/core/6gogD_core.cif	/Users/mitchellparker/Desktop/rascore_build/rcsb/6gog.cif.gz	/Users/mitchellparker/Desktop/rascore_build/renum/6gog_renum.cif	/Users/mitchellparker/Desktop/rascore_build/rcsb_assembly/6gog-assembly-1.cif.gz	/Users/mitchellparker/Desktop/rascore_build/renum_assembly/6gog-assembly-1_renum.cif	/Users/mitchellparker/Desktop/rascore_build/sifts/6gog.xml.gz	/Users/mitchellparker/Desktop/rascore_build/pocket/6gogD_4_pocket.pdb
6gogD	6gog	0	D	Y32in.3P-ON	Disordered	Y32in	Y71in	P 21 21 21 (CF5)	6gogD5	5	GTPase KRas	RASK_HUMAN	P01116-2	Q61H	Q61	KRAS	3P	Q61H	None	None	None	None	SP12-Unbound	P 21 21 21	173	1-61:65-167	2018-06-01	Other	347.2974	0.0008	Unbound	Unbound	1,2,43,48,49,50	GNP,MG,CIT	None	None	None	None	None	None	None	None	None	None	GNP	MG	None	CIT	None	None	STP	XRAY	2.050	0.172	YFQGMTEYKLVVVGAGGVGKSALTIQLIQNHFVDEYDPTIEDSYRKQVVIDGETCLLDILDTAGHEEYSAMRDQYMRTGEGFLCVFAINNTKSFEDIHHYREQIKRVKDSEDVPMVLVGNKCDLPSRTVDTKQAQDLARSYGIPFIETSAKTRQGVDDAFYTLVREIRKHKEK	True	63.565	118.748	156.595	90.00	90.00	90.00	/Users/mitchellparker/Desktop/rascore_build/core/6gogD_core.cif	/Users/mitchellparker/Desktop/rascore_build/rcsb/6gog.cif.gz	/Users/mitchellparker/Desktop/rascore_build/renum/6gog_renum.cif	/Users/mitchellparker/Desktop/rascore_build/rcsb_assembly/6gog-assembly-1.cif.gz	/Users/mitchellparker/Desktop/rascore_build/renum_assembly/6gog-assembly-1_renum.cif	/Users/mitchellparker/Desktop/rascore_build/sifts/6gog.xml.gz	/Users/mitchellparker/Desktop/rascore_build/pocket/6gogD_5_pocket.pdb
6gogD	6gog	0	D	Y32in.3P-ON	Disordered	Y32in	Y71in	P 21 21 21 (CF5)	6gogD6	6	GTPase KRas	RASK_HUMAN	P01116-2	Q61H	Q61	KRAS	3P	Q61H	None	None	None	None	SP12-Unbound	P 21 21 21	173	1-61:65-167	2018-06-01	Other	349.3266	0.0009	Unbound	Unbound	97,107,108,109,110,137,138,139,162,165,166	GNP,MG,CIT	None	None	None	None	None	None	None	None	None	None	GNP	MG	None	CIT	None	None	STP	XRAY	2.050	0.172	YFQGMTEYKLVVVGAGGVGKSALTIQLIQNHFVDEYDPTIEDSYRKQVVIDGETCLLDILDTAGHEEYSAMRDQYMRTGEGFLCVFAINNTKSFEDIHHYREQIKRVKDSEDVPMVLVGNKCDLPSRTVDTKQAQDLARSYGIPFIETSAKTRQGVDDAFYTLVREIRKHKEK	True	63.565	118.748	156.595	90.00	90.00	90.00	/Users/mitchellparker/Desktop/rascore_build/core/6gogD_core.cif	/Users/mitchellparker/Desktop/rascore_build/rcsb/6gog.cif.gz	/Users/mitchellparker/Desktop/rascore_build/renum/6gog_renum.cif	/Users/mitchellparker/Desktop/rascore_build/rcsb_assembly/6gog-assembly-1.cif.gz	/Users/mitchellparker/Desktop/rascore_build/renum_assembly/6gog-assembly-1_renum.cif	/Users/mitchellparker/Desktop/rascore_build/sifts/6gog.xml.gz	/Users/mitchellparker/Desktop/rascore_build/pocket/6gogD_6_pocket.pdb
6gogD	6gog	0	D	Y32in.3P-ON	Disordered	Y32in	Y71in	P 21 21 21 (CF5)	6gogD7	7	GTPase KRas	RASK_HUMAN	P01116-2	Q61H	Q61	KRAS	3P	Q61H	None	None	None	None	SP12-Unbound	P 21 21 21	173	1-61:65-167	2018-06-01	Other	355.3085	0.0002	Unbound	Unbound	127,131,141,142,143,150,151,154	GNP,MG,CIT	None	None	None	None	None	None	None	None	None	None	GNP	MG	None	CIT	None	None	STP	XRAY	2.050	0.172	YFQGMTEYKLVVVGAGGVGKSALTIQLIQNHFVDEYDPTIEDSYRKQVVIDGETCLLDILDTAGHEEYSAMRDQYMRTGEGFLCVFAINNTKSFEDIHHYREQIKRVKDSEDVPMVLVGNKCDLPSRTVDTKQAQDLARSYGIPFIETSAKTRQGVDDAFYTLVREIRKHKEK	True	63.565	118.748	156.595	90.00	90.00	90.00	/Users/mitchellparker/Desktop/rascore_build/core/6gogD_core.cif	/Users/mitchellparker/Desktop/rascore_build/rcsb/6gog.cif.gz	/Users/mitchellparker/Desktop/rascore_build/renum/6gog_renum.cif	/Users/mitchellparker/Desktop/rascore_build/rcsb_assembly/6gog-assembly-1.cif.gz	/Users/mitchellparker/Desktop/rascore_build/renum_assembly/6gog-assembly-1_renum.cif	/Users/mitchellparker/Desktop/rascore_build/sifts/6gog.xml.gz	/Users/mitchellparker/Desktop/rascore_build/pocket/6gogD_7_pocket.pdb
6gogD	6gog	0	D	Y32in.3P-ON	Disordered	Y32in	Y71in	P 21 21 21 (CF5)	6gogD8	8	GTPase KRas	RASK_HUMAN	P01116-2	Q61H	Q61	KRAS	3P	Q61H	None	None	None	None	SP12-Unbound	P 21 21 21	173	1-61:65-167	2018-06-01	Other	268.8823	0.0009	Unbound	Unbound	47,161,164,165	GNP,MG,CIT	None	None	None	None	None	None	None	None	None	None	GNP	MG	None	CIT	None	None	STP	XRAY	2.050	0.172	YFQGMTEYKLVVVGAGGVGKSALTIQLIQNHFVDEYDPTIEDSYRKQVVIDGETCLLDILDTAGHEEYSAMRDQYMRTGEGFLCVFAINNTKSFEDIHHYREQIKRVKDSEDVPMVLVGNKCDLPSRTVDTKQAQDLARSYGIPFIETSAKTRQGVDDAFYTLVREIRKHKEK	True	63.565	118.748	156.595	90.00	90.00	90.00	/Users/mitchellparker/Desktop/rascore_build/core/6gogD_core.cif	/Users/mitchellparker/Desktop/rascore_build/rcsb/6gog.cif.gz	/Users/mitchellparker/Desktop/rascore_build/renum/6gog_renum.cif	/Users/mitchellparker/Desktop/rascore_build/rcsb_assembly/6gog-assembly-1.cif.gz	/Users/mitchellparker/Desktop/rascore_build/renum_assembly/6gog-assembly-1_renum.cif	/Users/mitchellparker/Desktop/rascore_build/sifts/6gog.xml.gz	/Users/mitchellparker/Desktop/rascore_build/pocket/6gogD_8_pocket.pdb
6gogE	6gog	0	E	Y32in.3P-ON	Disordered	Y32in	Y71in	P 21 21 21 (CF5)	6gogE2	2	GTPase KRas	RASK_HUMAN	P01116-2	Q61H	Q61	KRAS	3P	Q61H	None	None	None	None	SP12-Unbound	P 21 21 21	173	1-62:64-168	2018-06-01	Other	221.0454	0.0003	Unbound	Unbound	97,107,108,109,110,111,137,138,139,162,165,166	GNP,MG	None	None	None	None	None	None	None	None	None	None	GNP	MG	None	None	None	None	STP	XRAY	2.050	0.172	YFQGMTEYKLVVVGAGGVGKSALTIQLIQNHFVDEYDPTIEDSYRKQVVIDGETCLLDILDTAGHEEYSAMRDQYMRTGEGFLCVFAINNTKSFEDIHHYREQIKRVKDSEDVPMVLVGNKCDLPSRTVDTKQAQDLARSYGIPFIETSAKTRQGVDDAFYTLVREIRKHKEK	True	63.565	118.748	156.595	90.00	90.00	90.00	/Users/mitchellparker/Desktop/rascore_build/core/6gogE_core.cif	/Users/mitchellparker/Desktop/rascore_build/rcsb/6gog.cif.gz	/Users/mitchellparker/Desktop/rascore_build/renum/6gog_renum.cif	/Users/mitchellparker/Desktop/rascore_build/rcsb_assembly/6gog-assembly-1.cif.gz	/Users/mitchellparker/Desktop/rascore_build/renum_assembly/6gog-assembly-1_renum.cif	/Users/mitchellparker/Desktop/rascore_build/sifts/6gog.xml.gz	/Users/mitchellparker/Desktop/rascore_build/pocket/6gogE_2_pocket.pdb
6gogE	6gog	0	E	Y32in.3P-ON	Disordered	Y32in	Y71in	P 21 21 21 (CF5)	6gogE3	3	GTPase KRas	RASK_HUMAN	P01116-2	Q61H	Q61	KRAS	3P	Q61H	None	None	None	None	SP12-Unbound	P 21 21 21	173	1-62:64-168	2018-06-01	SP12	479.7121	0.0048	Unbound	Unbound	5,6,7,39,40,41,54,55,56,74,75	GNP,MG	None	None	None	None	None	None	None	None	None	None	GNP	MG	None	None	None	None	STP	XRAY	2.050	0.172	YFQGMTEYKLVVVGAGGVGKSALTIQLIQNHFVDEYDPTIEDSYRKQVVIDGETCLLDILDTAGHEEYSAMRDQYMRTGEGFLCVFAINNTKSFEDIHHYREQIKRVKDSEDVPMVLVGNKCDLPSRTVDTKQAQDLARSYGIPFIETSAKTRQGVDDAFYTLVREIRKHKEK	True	63.565	118.748	156.595	90.00	90.00	90.00	/Users/mitchellparker/Desktop/rascore_build/core/6gogE_core.cif	/Users/mitchellparker/Desktop/rascore_build/rcsb/6gog.cif.gz	/Users/mitchellparker/Desktop/rascore_build/renum/6gog_renum.cif	/Users/mitchellparker/Desktop/rascore_build/rcsb_assembly/6gog-assembly-1.cif.gz	/Users/mitchellparker/Desktop/rascore_build/renum_assembly/6gog-assembly-1_renum.cif	/Users/mitchellparker/Desktop/rascore_build/sifts/6gog.xml.gz	/Users/mitchellparker/Desktop/rascore_build/pocket/6gogE_3_pocket.pdb
6gogE	6gog	0	E	Y32in.3P-ON	Disordered	Y32in	Y71in	P 21 21 21 (CF5)	6gogE4	4	GTPase KRas	RASK_HUMAN	P01116-2	Q61H	Q61	KRAS	3P	Q61H	None	None	None	None	SP12-Unbound	P 21 21 21	173	1-62:64-168	2018-06-01	Other	304.9782	0.0001	Unbound	Unbound	127,131,141,142,143,150,151,154	GNP,MG	None	None	None	None	None	None	None	None	None	None	GNP	MG	None	None	None	None	STP	XRAY	2.050	0.172	YFQGMTEYKLVVVGAGGVGKSALTIQLIQNHFVDEYDPTIEDSYRKQVVIDGETCLLDILDTAGHEEYSAMRDQYMRTGEGFLCVFAINNTKSFEDIHHYREQIKRVKDSEDVPMVLVGNKCDLPSRTVDTKQAQDLARSYGIPFIETSAKTRQGVDDAFYTLVREIRKHKEK	True	63.565	118.748	156.595	90.00	90.00	90.00	/Users/mitchellparker/Desktop/rascore_build/core/6gogE_core.cif	/Users/mitchellparker/Desktop/rascore_build/rcsb/6gog.cif.gz	/Users/mitchellparker/Desktop/rascore_build/renum/6gog_renum.cif	/Users/mitchellparker/Desktop/rascore_build/rcsb_assembly/6gog-assembly-1.cif.gz	/Users/mitchellparker/Desktop/rascore_build/renum_assembly/6gog-assembly-1_renum.cif	/Users/mitchellparker/Desktop/rascore_build/sifts/6gog.xml.gz	/Users/mitchellparker/Desktop/rascore_build/pocket/6gogE_4_pocket.pdb
6gogE	6gog	0	E	Y32in.3P-ON	Disordered	Y32in	Y71in	P 21 21 21 (CF5)	6gogE5	5	GTPase KRas	RASK_HUMAN	P01116-2	Q61H	Q61	KRAS	3P	Q61H	None	None	None	None	SP12-Unbound	P 21 21 21	173	1-62:64-168	2018-06-01	Other	360.6077	0.0018	Unbound	Unbound	73,74,75,76,104,106,108,109,110,163,166,167	GNP,MG	None	None	None	None	None	None	None	None	None	None	GNP	MG	None	None	None	None	STP	XRAY	2.050	0.172	YFQGMTEYKLVVVGAGGVGKSALTIQLIQNHFVDEYDPTIEDSYRKQVVIDGETCLLDILDTAGHEEYSAMRDQYMRTGEGFLCVFAINNTKSFEDIHHYREQIKRVKDSEDVPMVLVGNKCDLPSRTVDTKQAQDLARSYGIPFIETSAKTRQGVDDAFYTLVREIRKHKEK	True	63.565	118.748	156.595	90.00	90.00	90.00	/Users/mitchellparker/Desktop/rascore_build/core/6gogE_core.cif	/Users/mitchellparker/Desktop/rascore_build/rcsb/6gog.cif.gz	/Users/mitchellparker/Desktop/rascore_build/renum/6gog_renum.cif	/Users/mitchellparker/Desktop/rascore_build/rcsb_assembly/6gog-assembly-1.cif.gz	/Users/mitchellparker/Desktop/rascore_build/renum_assembly/6gog-assembly-1_renum.cif	/Users/mitchellparker/Desktop/rascore_build/sifts/6gog.xml.gz	/Users/mitchellparker/Desktop/rascore_build/pocket/6gogE_5_pocket.pdb
6gogF	6gog	0	F	Y32in.3P-ON	Y71in.3P-SP12-A	Y32in	Y71in	P 21 21 21 (CF5)	6gogF2	2	GTPase KRas	RASK_HUMAN	P01116-2	Q61H	Q61	KRAS	3P	Q61H	None	None	None	None	SP12-Unbound	P 21 21 21	173	1-168	2018-06-01	SP12	193.6570	0.0026	Unbound	Unbound	5,6,7,39,54,56,74,75	GNP,MG	None	None	None	None	None	None	None	None	None	None	GNP	MG	None	None	None	None	STP	XRAY	2.050	0.172	YFQGMTEYKLVVVGAGGVGKSALTIQLIQNHFVDEYDPTIEDSYRKQVVIDGETCLLDILDTAGHEEYSAMRDQYMRTGEGFLCVFAINNTKSFEDIHHYREQIKRVKDSEDVPMVLVGNKCDLPSRTVDTKQAQDLARSYGIPFIETSAKTRQGVDDAFYTLVREIRKHKEK	True	63.565	118.748	156.595	90.00	90.00	90.00	/Users/mitchellparker/Desktop/rascore_build/core/6gogF_core.cif	/Users/mitchellparker/Desktop/rascore_build/rcsb/6gog.cif.gz	/Users/mitchellparker/Desktop/rascore_build/renum/6gog_renum.cif	/Users/mitchellparker/Desktop/rascore_build/rcsb_assembly/6gog-assembly-1.cif.gz	/Users/mitchellparker/Desktop/rascore_build/renum_assembly/6gog-assembly-1_renum.cif	/Users/mitchellparker/Desktop/rascore_build/sifts/6gog.xml.gz	/Users/mitchellparker/Desktop/rascore_build/pocket/6gogF_2_pocket.pdb
6gogF	6gog	0	F	Y32in.3P-ON	Y71in.3P-SP12-A	Y32in	Y71in	P 21 21 21 (CF5)	6gogF3	3	GTPase KRas	RASK_HUMAN	P01116-2	Q61H	Q61	KRAS	3P	Q61H	None	None	None	None	SP12-Unbound	P 21 21 21	173	1-168	2018-06-01	Other	249.1956	0.0008	Unbound	Unbound	90,129,132,133,136	GNP,MG	None	None	None	None	None	None	None	None	None	None	GNP	MG	None	None	None	None	STP	XRAY	2.050	0.172	YFQGMTEYKLVVVGAGGVGKSALTIQLIQNHFVDEYDPTIEDSYRKQVVIDGETCLLDILDTAGHEEYSAMRDQYMRTGEGFLCVFAINNTKSFEDIHHYREQIKRVKDSEDVPMVLVGNKCDLPSRTVDTKQAQDLARSYGIPFIETSAKTRQGVDDAFYTLVREIRKHKEK	True	63.565	118.748	156.595	90.00	90.00	90.00	/Users/mitchellparker/Desktop/rascore_build/core/6gogF_core.cif	/Users/mitchellparker/Desktop/rascore_build/rcsb/6gog.cif.gz	/Users/mitchellparker/Desktop/rascore_build/renum/6gog_renum.cif	/Users/mitchellparker/Desktop/rascore_build/rcsb_assembly/6gog-assembly-1.cif.gz	/Users/mitchellparker/Desktop/rascore_build/renum_assembly/6gog-assembly-1_renum.cif	/Users/mitchellparker/Desktop/rascore_build/sifts/6gog.xml.gz	/Users/mitchellparker/Desktop/rascore_build/pocket/6gogF_3_pocket.pdb
6gogF	6gog	0	F	Y32in.3P-ON	Y71in.3P-SP12-A	Y32in	Y71in	P 21 21 21 (CF5)	6gogF4	4	GTPase KRas	RASK_HUMAN	P01116-2	Q61H	Q61	KRAS	3P	Q61H	None	None	None	None	SP12-Unbound	P 21 21 21	173	1-168	2018-06-01	Other	223.4683	0.0003	Unbound	Unbound	131,134,135,139,141	GNP,MG	None	None	None	None	None	None	None	None	None	None	GNP	MG	None	None	None	None	STP	XRAY	2.050	0.172	YFQGMTEYKLVVVGAGGVGKSALTIQLIQNHFVDEYDPTIEDSYRKQVVIDGETCLLDILDTAGHEEYSAMRDQYMRTGEGFLCVFAINNTKSFEDIHHYREQIKRVKDSEDVPMVLVGNKCDLPSRTVDTKQAQDLARSYGIPFIETSAKTRQGVDDAFYTLVREIRKHKEK	True	63.565	118.748	156.595	90.00	90.00	90.00	/Users/mitchellparker/Desktop/rascore_build/core/6gogF_core.cif	/Users/mitchellparker/Desktop/rascore_build/rcsb/6gog.cif.gz	/Users/mitchellparker/Desktop/rascore_build/renum/6gog_renum.cif	/Users/mitchellparker/Desktop/rascore_build/rcsb_assembly/6gog-assembly-1.cif.gz	/Users/mitchellparker/Desktop/rascore_build/renum_assembly/6gog-assembly-1_renum.cif	/Users/mitchellparker/Desktop/rascore_build/sifts/6gog.xml.gz	/Users/mitchellparker/Desktop/rascore_build/pocket/6gogF_4_pocket.pdb
6gogF	6gog	0	F	Y32in.3P-ON	Y71in.3P-SP12-A	Y32in	Y71in	P 21 21 21 (CF5)	6gogF5	5	GTPase KRas	RASK_HUMAN	P01116-2	Q61H	Q61	KRAS	3P	Q61H	None	None	None	None	SP12-Unbound	P 21 21 21	173	1-168	2018-06-01	Other	291.6770	0.0008	Unbound	Unbound	11,12,60,61,86,88,89,92,96	GNP,MG	None	None	None	None	None	None	None	None	None	None	GNP	MG	None	None	None	None	STP	XRAY	2.050	0.172	YFQGMTEYKLVVVGAGGVGKSALTIQLIQNHFVDEYDPTIEDSYRKQVVIDGETCLLDILDTAGHEEYSAMRDQYMRTGEGFLCVFAINNTKSFEDIHHYREQIKRVKDSEDVPMVLVGNKCDLPSRTVDTKQAQDLARSYGIPFIETSAKTRQGVDDAFYTLVREIRKHKEK	True	63.565	118.748	156.595	90.00	90.00	90.00	/Users/mitchellparker/Desktop/rascore_build/core/6gogF_core.cif	/Users/mitchellparker/Desktop/rascore_build/rcsb/6gog.cif.gz	/Users/mitchellparker/Desktop/rascore_build/renum/6gog_renum.cif	/Users/mitchellparker/Desktop/rascore_build/rcsb_assembly/6gog-assembly-1.cif.gz	/Users/mitchellparker/Desktop/rascore_build/renum_assembly/6gog-assembly-1_renum.cif	/Users/mitchellparker/Desktop/rascore_build/sifts/6gog.xml.gz	/Users/mitchellparker/Desktop/rascore_build/pocket/6gogF_5_pocket.pdb
6gogF	6gog	0	F	Y32in.3P-ON	Y71in.3P-SP12-A	Y32in	Y71in	P 21 21 21 (CF5)	6gogF6	6	GTPase KRas	RASK_HUMAN	P01116-2	Q61H	Q61	KRAS	3P	Q61H	None	None	None	None	SP12-Unbound	P 21 21 21	173	1-168	2018-06-01	Other	254.2531	0.0008	Unbound	Unbound	73,74,75,76,104,108,109,110,163,166,167	GNP,MG	None	None	None	None	None	None	None	None	None	None	GNP	MG	None	None	None	None	STP	XRAY	2.050	0.172	YFQGMTEYKLVVVGAGGVGKSALTIQLIQNHFVDEYDPTIEDSYRKQVVIDGETCLLDILDTAGHEEYSAMRDQYMRTGEGFLCVFAINNTKSFEDIHHYREQIKRVKDSEDVPMVLVGNKCDLPSRTVDTKQAQDLARSYGIPFIETSAKTRQGVDDAFYTLVREIRKHKEK	True	63.565	118.748	156.595	90.00	90.00	90.00	/Users/mitchellparker/Desktop/rascore_build/core/6gogF_core.cif	/Users/mitchellparker/Desktop/rascore_build/rcsb/6gog.cif.gz	/Users/mitchellparker/Desktop/rascore_build/renum/6gog_renum.cif	/Users/mitchellparker/Desktop/rascore_build/rcsb_assembly/6gog-assembly-1.cif.gz	/Users/mitchellparker/Desktop/rascore_build/renum_assembly/6gog-assembly-1_renum.cif	/Users/mitchellparker/Desktop/rascore_build/sifts/6gog.xml.gz	/Users/mitchellparker/Desktop/rascore_build/pocket/6gogF_6_pocket.pdb
6gomA	6gom	0	A	Y32in.3P-ON	Y71in.3P-SP12-B	Y32in	Y71in	P 21 21 21 (CF5)	6gomA2	2	GTPase KRas	RASK_HUMAN	P01116-2	Q61H	Q61	KRAS	3P	Q61H	SP12	SP12.Biphenyl	None	None	SP12-Bound	P 21 21 21	172	1-50:52-167	2018-06-01	SP12	327.7216	0.6133	Bound	SP12	5,6,7,39,40,41,54,55,56,74,75	CSO,GNP,MG,CIT,F6E,CIT	None	F6E:39,41,54,74,71,56,7,75,5,6,55,40	None	None	SP12	SP12.Biphenyl	F6E:CCCN1CCN(C(=O)c2c[nH]cn2)CC(Cc2ccc(-c3ccccc3)cc2)C1=O	None	None	None	GNP	MG	F6E	CIT	CSO	None	F6E	XRAY	1.630	0.187	AFQGMTEYKLVVVGAGGVGKSALTIQLIQNHFVDEYDPTIEDSYRKQVVIDGETCLLDILDTAGHEEYSAMRDQYMRTGEGFLCVFAINNTKSFEDIHHYREQIKRVKDSEDVPMVLVGNKCDLPSRTVDTKQAQDLARSYGIPFIETSAKTRQGVDDAFYTLVREIRKHKE	True	64.180	119.840	158.600	90.00	90.00	90.00	/Users/mitchellparker/Desktop/rascore_build/core/6gomA_core.cif	/Users/mitchellparker/Desktop/rascore_build/rcsb/6gom.cif.gz	/Users/mitchellparker/Desktop/rascore_build/renum/6gom_renum.cif	/Users/mitchellparker/Desktop/rascore_build/rcsb_assembly/6gom-assembly-5.cif.gz	/Users/mitchellparker/Desktop/rascore_build/renum_assembly/6gom-assembly-5_renum.cif	/Users/mitchellparker/Desktop/rascore_build/sifts/6gom.xml.gz	/Users/mitchellparker/Desktop/rascore_build/pocket/6gomA_2_pocket.pdb
6gomB	6gom	0	B	Y32in.3P-ON	Disordered	Y32in	Y71in	P 21 21 21 (CF5)	6gomB2	2	GTPase KRas	RASK_HUMAN	P01116-2	Q61H	Q61	KRAS	3P	Q61H	None	None	None	None	SP2-Unbound	P 21 21 21	172	1-50:52-62:65-167	2018-06-01	Other	313.7037	0.0011	Unbound	Unbound	97,101,107,108,109,110,111,137,138,139,162,165,166	CSO,GNP,MG,PO4	None	None	None	None	None	None	None	None	None	None	GNP	MG	None	PO4	CSO	None	STP	XRAY	1.630	0.187	AFQGMTEYKLVVVGAGGVGKSALTIQLIQNHFVDEYDPTIEDSYRKQVVIDGETCLLDILDTAGHEEYSAMRDQYMRTGEGFLCVFAINNTKSFEDIHHYREQIKRVKDSEDVPMVLVGNKCDLPSRTVDTKQAQDLARSYGIPFIETSAKTRQGVDDAFYTLVREIRKHKE	True	64.180	119.840	158.600	90.00	90.00	90.00	/Users/mitchellparker/Desktop/rascore_build/core/6gomB_core.cif	/Users/mitchellparker/Desktop/rascore_build/rcsb/6gom.cif.gz	/Users/mitchellparker/Desktop/rascore_build/renum/6gom_renum.cif	/Users/mitchellparker/Desktop/rascore_build/rcsb_assembly/6gom-assembly-5.cif.gz	/Users/mitchellparker/Desktop/rascore_build/renum_assembly/6gom-assembly-5_renum.cif	/Users/mitchellparker/Desktop/rascore_build/sifts/6gom.xml.gz	/Users/mitchellparker/Desktop/rascore_build/pocket/6gomB_2_pocket.pdb
6gomB	6gom	0	B	Y32in.3P-ON	Disordered	Y32in	Y71in	P 21 21 21 (CF5)	6gomB3	3	GTPase KRas	RASK_HUMAN	P01116-2	Q61H	Q61	KRAS	3P	Q61H	None	None	None	None	SP2-Unbound	P 21 21 21	172	1-50:52-62:65-167	2018-06-01	Other	320.3242	0.0057	Unbound	Unbound	73,74,75,76,104,106,108,109,110,163,166,167	CSO,GNP,MG,PO4	None	None	None	None	None	None	None	None	None	None	GNP	MG	None	PO4	CSO	None	STP	XRAY	1.630	0.187	AFQGMTEYKLVVVGAGGVGKSALTIQLIQNHFVDEYDPTIEDSYRKQVVIDGETCLLDILDTAGHEEYSAMRDQYMRTGEGFLCVFAINNTKSFEDIHHYREQIKRVKDSEDVPMVLVGNKCDLPSRTVDTKQAQDLARSYGIPFIETSAKTRQGVDDAFYTLVREIRKHKE	True	64.180	119.840	158.600	90.00	90.00	90.00	/Users/mitchellparker/Desktop/rascore_build/core/6gomB_core.cif	/Users/mitchellparker/Desktop/rascore_build/rcsb/6gom.cif.gz	/Users/mitchellparker/Desktop/rascore_build/renum/6gom_renum.cif	/Users/mitchellparker/Desktop/rascore_build/rcsb_assembly/6gom-assembly-5.cif.gz	/Users/mitchellparker/Desktop/rascore_build/renum_assembly/6gom-assembly-5_renum.cif	/Users/mitchellparker/Desktop/rascore_build/sifts/6gom.xml.gz	/Users/mitchellparker/Desktop/rascore_build/pocket/6gomB_3_pocket.pdb
6gomB	6gom	0	B	Y32in.3P-ON	Disordered	Y32in	Y71in	P 21 21 21 (CF5)	6gomB4	4	GTPase KRas	RASK_HUMAN	P01116-2	Q61H	Q61	KRAS	3P	Q61H	None	None	None	None	SP2-Unbound	P 21 21 21	172	1-50:52-62:65-167	2018-06-01	SP2	254.1425	0.0026	Unbound	Unbound	60,92,95,96,99	CSO,GNP,MG,PO4	None	None	None	None	None	None	None	None	None	None	GNP	MG	None	PO4	CSO	None	STP	XRAY	1.630	0.187	AFQGMTEYKLVVVGAGGVGKSALTIQLIQNHFVDEYDPTIEDSYRKQVVIDGETCLLDILDTAGHEEYSAMRDQYMRTGEGFLCVFAINNTKSFEDIHHYREQIKRVKDSEDVPMVLVGNKCDLPSRTVDTKQAQDLARSYGIPFIETSAKTRQGVDDAFYTLVREIRKHKE	True	64.180	119.840	158.600	90.00	90.00	90.00	/Users/mitchellparker/Desktop/rascore_build/core/6gomB_core.cif	/Users/mitchellparker/Desktop/rascore_build/rcsb/6gom.cif.gz	/Users/mitchellparker/Desktop/rascore_build/renum/6gom_renum.cif	/Users/mitchellparker/Desktop/rascore_build/rcsb_assembly/6gom-assembly-5.cif.gz	/Users/mitchellparker/Desktop/rascore_build/renum_assembly/6gom-assembly-5_renum.cif	/Users/mitchellparker/Desktop/rascore_build/sifts/6gom.xml.gz	/Users/mitchellparker/Desktop/rascore_build/pocket/6gomB_4_pocket.pdb
6gomB	6gom	0	B	Y32in.3P-ON	Disordered	Y32in	Y71in	P 21 21 21 (CF5)	6gomB5	5	GTPase KRas	RASK_HUMAN	P01116-2	Q61H	Q61	KRAS	3P	Q61H	None	None	None	None	SP2-Unbound	P 21 21 21	172	1-50:52-62:65-167	2018-06-01	Other	225.6732	0.0001	Unbound	Unbound	131,134,135,139,141	CSO,GNP,MG,PO4	None	None	None	None	None	None	None	None	None	None	GNP	MG	None	PO4	CSO	None	STP	XRAY	1.630	0.187	AFQGMTEYKLVVVGAGGVGKSALTIQLIQNHFVDEYDPTIEDSYRKQVVIDGETCLLDILDTAGHEEYSAMRDQYMRTGEGFLCVFAINNTKSFEDIHHYREQIKRVKDSEDVPMVLVGNKCDLPSRTVDTKQAQDLARSYGIPFIETSAKTRQGVDDAFYTLVREIRKHKE	True	64.180	119.840	158.600	90.00	90.00	90.00	/Users/mitchellparker/Desktop/rascore_build/core/6gomB_core.cif	/Users/mitchellparker/Desktop/rascore_build/rcsb/6gom.cif.gz	/Users/mitchellparker/Desktop/rascore_build/renum/6gom_renum.cif	/Users/mitchellparker/Desktop/rascore_build/rcsb_assembly/6gom-assembly-5.cif.gz	/Users/mitchellparker/Desktop/rascore_build/renum_assembly/6gom-assembly-5_renum.cif	/Users/mitchellparker/Desktop/rascore_build/sifts/6gom.xml.gz	/Users/mitchellparker/Desktop/rascore_build/pocket/6gomB_5_pocket.pdb
6gomC	6gom	0	C	Y32in.3P-ON	Disordered	Y32in	Y71in	P 21 21 21 (CF5)	6gomC2	2	GTPase KRas	RASK_HUMAN	P01116-2	WT	WT	KRAS	3P	WT	None	None	None	None	Other-Unbound	P 21 21 21	172	1-34:38-50:52-60:68-166	2018-06-01	Other	229.2437	0.0004	Unbound	Unbound	97,107,108,109,110,111,137,138,139,162,165,166	CSO,GNP,MG	None	None	None	None	None	None	None	None	None	None	GNP	MG	None	None	CSO	None	STP	XRAY	1.630	0.187	AFQGMTEYKLVVVGAGGVGKSALTIQLIQNHFVDEYDPTIEDSYRKQVVIDGETCLLDILDTAGHEEYSAMRDQYMRTGEGFLCVFAINNTKSFEDIHHYREQIKRVKDSEDVPMVLVGNKCDLPSRTVDTKQAQDLARSYGIPFIETSAKTRQGVDDAFYTLVREIRKHKE	True	64.180	119.840	158.600	90.00	90.00	90.00	/Users/mitchellparker/Desktop/rascore_build/core/6gomC_core.cif	/Users/mitchellparker/Desktop/rascore_build/rcsb/6gom.cif.gz	/Users/mitchellparker/Desktop/rascore_build/renum/6gom_renum.cif	/Users/mitchellparker/Desktop/rascore_build/rcsb_assembly/6gom-assembly-5.cif.gz	/Users/mitchellparker/Desktop/rascore_build/renum_assembly/6gom-assembly-5_renum.cif	/Users/mitchellparker/Desktop/rascore_build/sifts/6gom.xml.gz	/Users/mitchellparker/Desktop/rascore_build/pocket/6gomC_2_pocket.pdb
6gomC	6gom	0	C	Y32in.3P-ON	Disordered	Y32in	Y71in	P 21 21 21 (CF5)	6gomC3	3	GTPase KRas	RASK_HUMAN	P01116-2	WT	WT	KRAS	3P	WT	None	None	None	None	Other-Unbound	P 21 21 21	172	1-34:38-50:52-60:68-166	2018-06-01	Other	361.1017	0.0075	Unbound	Unbound	73,74,75,76,104,106,108,109,110,163,166,172	CSO,GNP,MG	None	None	None	None	None	None	None	None	None	None	GNP	MG	None	None	CSO	None	STP	XRAY	1.630	0.187	AFQGMTEYKLVVVGAGGVGKSALTIQLIQNHFVDEYDPTIEDSYRKQVVIDGETCLLDILDTAGHEEYSAMRDQYMRTGEGFLCVFAINNTKSFEDIHHYREQIKRVKDSEDVPMVLVGNKCDLPSRTVDTKQAQDLARSYGIPFIETSAKTRQGVDDAFYTLVREIRKHKE	True	64.180	119.840	158.600	90.00	90.00	90.00	/Users/mitchellparker/Desktop/rascore_build/core/6gomC_core.cif	/Users/mitchellparker/Desktop/rascore_build/rcsb/6gom.cif.gz	/Users/mitchellparker/Desktop/rascore_build/renum/6gom_renum.cif	/Users/mitchellparker/Desktop/rascore_build/rcsb_assembly/6gom-assembly-5.cif.gz	/Users/mitchellparker/Desktop/rascore_build/renum_assembly/6gom-assembly-5_renum.cif	/Users/mitchellparker/Desktop/rascore_build/sifts/6gom.xml.gz	/Users/mitchellparker/Desktop/rascore_build/pocket/6gomC_3_pocket.pdb
6gomC	6gom	0	C	Y32in.3P-ON	Disordered	Y32in	Y71in	P 21 21 21 (CF5)	6gomC4	4	GTPase KRas	RASK_HUMAN	P01116-2	WT	WT	KRAS	3P	WT	None	None	None	None	Other-Unbound	P 21 21 21	172	1-34:38-50:52-60:68-166	2018-06-01	Other	191.2662	0.0001	Unbound	Unbound	131,134,135,139,141	CSO,GNP,MG	None	None	None	None	None	None	None	None	None	None	GNP	MG	None	None	CSO	None	STP	XRAY	1.630	0.187	AFQGMTEYKLVVVGAGGVGKSALTIQLIQNHFVDEYDPTIEDSYRKQVVIDGETCLLDILDTAGHEEYSAMRDQYMRTGEGFLCVFAINNTKSFEDIHHYREQIKRVKDSEDVPMVLVGNKCDLPSRTVDTKQAQDLARSYGIPFIETSAKTRQGVDDAFYTLVREIRKHKE	True	64.180	119.840	158.600	90.00	90.00	90.00	/Users/mitchellparker/Desktop/rascore_build/core/6gomC_core.cif	/Users/mitchellparker/Desktop/rascore_build/rcsb/6gom.cif.gz	/Users/mitchellparker/Desktop/rascore_build/renum/6gom_renum.cif	/Users/mitchellparker/Desktop/rascore_build/rcsb_assembly/6gom-assembly-5.cif.gz	/Users/mitchellparker/Desktop/rascore_build/renum_assembly/6gom-assembly-5_renum.cif	/Users/mitchellparker/Desktop/rascore_build/sifts/6gom.xml.gz	/Users/mitchellparker/Desktop/rascore_build/pocket/6gomC_4_pocket.pdb
6gomD	6gom	0	D	Disordered	Disordered	Y32in	Y71in	P 21 21 21 (CF5)	6gomD3	3	GTPase KRas	RASK_HUMAN	P01116-2	WT	WT	KRAS	3P	WT	None	None	None	None	Other-Unbound	P 21 21 21	172	1-32:37-50:52-60:66-167	2018-06-01	Other	399.8518	0.0005	Unbound	Unbound	131,134,135,138,139,140,141,162,165	CSO,GNP,MG,CIT	None	None	None	None	None	None	None	None	None	None	GNP	MG	None	CIT	CSO	None	STP	XRAY	1.630	0.187	AFQGMTEYKLVVVGAGGVGKSALTIQLIQNHFVDEYDPTIEDSYRKQVVIDGETCLLDILDTAGHEEYSAMRDQYMRTGEGFLCVFAINNTKSFEDIHHYREQIKRVKDSEDVPMVLVGNKCDLPSRTVDTKQAQDLARSYGIPFIETSAKTRQGVDDAFYTLVREIRKHKE	True	64.180	119.840	158.600	90.00	90.00	90.00	/Users/mitchellparker/Desktop/rascore_build/core/6gomD_core.cif	/Users/mitchellparker/Desktop/rascore_build/rcsb/6gom.cif.gz	/Users/mitchellparker/Desktop/rascore_build/renum/6gom_renum.cif	/Users/mitchellparker/Desktop/rascore_build/rcsb_assembly/6gom-assembly-5.cif.gz	/Users/mitchellparker/Desktop/rascore_build/renum_assembly/6gom-assembly-5_renum.cif	/Users/mitchellparker/Desktop/rascore_build/sifts/6gom.xml.gz	/Users/mitchellparker/Desktop/rascore_build/pocket/6gomD_3_pocket.pdb
6gomD	6gom	0	D	Disordered	Disordered	Y32in	Y71in	P 21 21 21 (CF5)	6gomD4	4	GTPase KRas	RASK_HUMAN	P01116-2	WT	WT	KRAS	3P	WT	None	None	None	None	Other-Unbound	P 21 21 21	172	1-32:37-50:52-60:66-167	2018-06-01	Other	341.6354	0.0043	Unbound	Unbound	1,2,4,43,48,49,50	CSO,GNP,MG,CIT	None	None	None	None	None	None	None	None	None	None	GNP	MG	None	CIT	CSO	None	STP	XRAY	1.630	0.187	AFQGMTEYKLVVVGAGGVGKSALTIQLIQNHFVDEYDPTIEDSYRKQVVIDGETCLLDILDTAGHEEYSAMRDQYMRTGEGFLCVFAINNTKSFEDIHHYREQIKRVKDSEDVPMVLVGNKCDLPSRTVDTKQAQDLARSYGIPFIETSAKTRQGVDDAFYTLVREIRKHKE	True	64.180	119.840	158.600	90.00	90.00	90.00	/Users/mitchellparker/Desktop/rascore_build/core/6gomD_core.cif	/Users/mitchellparker/Desktop/rascore_build/rcsb/6gom.cif.gz	/Users/mitchellparker/Desktop/rascore_build/renum/6gom_renum.cif	/Users/mitchellparker/Desktop/rascore_build/rcsb_assembly/6gom-assembly-5.cif.gz	/Users/mitchellparker/Desktop/rascore_build/renum_assembly/6gom-assembly-5_renum.cif	/Users/mitchellparker/Desktop/rascore_build/sifts/6gom.xml.gz	/Users/mitchellparker/Desktop/rascore_build/pocket/6gomD_4_pocket.pdb
6gomD	6gom	0	D	Disordered	Disordered	Y32in	Y71in	P 21 21 21 (CF5)	6gomD5	5	GTPase KRas	RASK_HUMAN	P01116-2	WT	WT	KRAS	3P	WT	None	None	None	None	Other-Unbound	P 21 21 21	172	1-32:37-50:52-60:66-167	2018-06-01	Other	326.2367	0.0002	Unbound	Unbound	97,107,108,109,110,111,137,138,139,162,165,166	CSO,GNP,MG,CIT	None	None	None	None	None	None	None	None	None	None	GNP	MG	None	CIT	CSO	None	STP	XRAY	1.630	0.187	AFQGMTEYKLVVVGAGGVGKSALTIQLIQNHFVDEYDPTIEDSYRKQVVIDGETCLLDILDTAGHEEYSAMRDQYMRTGEGFLCVFAINNTKSFEDIHHYREQIKRVKDSEDVPMVLVGNKCDLPSRTVDTKQAQDLARSYGIPFIETSAKTRQGVDDAFYTLVREIRKHKE	True	64.180	119.840	158.600	90.00	90.00	90.00	/Users/mitchellparker/Desktop/rascore_build/core/6gomD_core.cif	/Users/mitchellparker/Desktop/rascore_build/rcsb/6gom.cif.gz	/Users/mitchellparker/Desktop/rascore_build/renum/6gom_renum.cif	/Users/mitchellparker/Desktop/rascore_build/rcsb_assembly/6gom-assembly-5.cif.gz	/Users/mitchellparker/Desktop/rascore_build/renum_assembly/6gom-assembly-5_renum.cif	/Users/mitchellparker/Desktop/rascore_build/sifts/6gom.xml.gz	/Users/mitchellparker/Desktop/rascore_build/pocket/6gomD_5_pocket.pdb
6gomD	6gom	0	D	Disordered	Disordered	Y32in	Y71in	P 21 21 21 (CF5)	6gomD6	6	GTPase KRas	RASK_HUMAN	P01116-2	WT	WT	KRAS	3P	WT	None	None	None	None	Other-Unbound	P 21 21 21	172	1-32:37-50:52-60:66-167	2018-06-01	Other	292.9999	0.0068	Unbound	Unbound	76,104,106,109,110,163,166,167	CSO,GNP,MG,CIT	None	None	None	None	None	None	None	None	None	None	GNP	MG	None	CIT	CSO	None	STP	XRAY	1.630	0.187	AFQGMTEYKLVVVGAGGVGKSALTIQLIQNHFVDEYDPTIEDSYRKQVVIDGETCLLDILDTAGHEEYSAMRDQYMRTGEGFLCVFAINNTKSFEDIHHYREQIKRVKDSEDVPMVLVGNKCDLPSRTVDTKQAQDLARSYGIPFIETSAKTRQGVDDAFYTLVREIRKHKE	True	64.180	119.840	158.600	90.00	90.00	90.00	/Users/mitchellparker/Desktop/rascore_build/core/6gomD_core.cif	/Users/mitchellparker/Desktop/rascore_build/rcsb/6gom.cif.gz	/Users/mitchellparker/Desktop/rascore_build/renum/6gom_renum.cif	/Users/mitchellparker/Desktop/rascore_build/rcsb_assembly/6gom-assembly-5.cif.gz	/Users/mitchellparker/Desktop/rascore_build/renum_assembly/6gom-assembly-5_renum.cif	/Users/mitchellparker/Desktop/rascore_build/sifts/6gom.xml.gz	/Users/mitchellparker/Desktop/rascore_build/pocket/6gomD_6_pocket.pdb
6gomD	6gom	0	D	Disordered	Disordered	Y32in	Y71in	P 21 21 21 (CF5)	6gomD7	7	GTPase KRas	RASK_HUMAN	P01116-2	WT	WT	KRAS	3P	WT	None	None	None	None	Other-Unbound	P 21 21 21	172	1-32:37-50:52-60:66-167	2018-06-01	Other	245.8159	0.0002	Unbound	Unbound	98,101,102,105,106,107	CSO,GNP,MG,CIT	None	None	None	None	None	None	None	None	None	None	GNP	MG	None	CIT	CSO	None	STP	XRAY	1.630	0.187	AFQGMTEYKLVVVGAGGVGKSALTIQLIQNHFVDEYDPTIEDSYRKQVVIDGETCLLDILDTAGHEEYSAMRDQYMRTGEGFLCVFAINNTKSFEDIHHYREQIKRVKDSEDVPMVLVGNKCDLPSRTVDTKQAQDLARSYGIPFIETSAKTRQGVDDAFYTLVREIRKHKE	True	64.180	119.840	158.600	90.00	90.00	90.00	/Users/mitchellparker/Desktop/rascore_build/core/6gomD_core.cif	/Users/mitchellparker/Desktop/rascore_build/rcsb/6gom.cif.gz	/Users/mitchellparker/Desktop/rascore_build/renum/6gom_renum.cif	/Users/mitchellparker/Desktop/rascore_build/rcsb_assembly/6gom-assembly-5.cif.gz	/Users/mitchellparker/Desktop/rascore_build/renum_assembly/6gom-assembly-5_renum.cif	/Users/mitchellparker/Desktop/rascore_build/sifts/6gom.xml.gz	/Users/mitchellparker/Desktop/rascore_build/pocket/6gomD_7_pocket.pdb
6gomE	6gom	0	E	Y32in.3P-ON	Disordered	Y32in	Y71in	P 21 21 21 (CF5)	6gomE2	2	GTPase KRas	RASK_HUMAN	P01116-2	WT	WT	KRAS	3P	WT	None	None	None	None	SP12-Unbound	P 21 21 21	172	1-50:52-60:68-167	2018-06-01	SP12	425.8596	0.0255	Unbound	Unbound	5,6,7,39,40,41,54,55,56,74,75	CSO,GNP,MG	None	None	None	None	None	None	None	None	None	None	GNP	MG	None	None	CSO	None	STP	XRAY	1.630	0.187	AFQGMTEYKLVVVGAGGVGKSALTIQLIQNHFVDEYDPTIEDSYRKQVVIDGETCLLDILDTAGHEEYSAMRDQYMRTGEGFLCVFAINNTKSFEDIHHYREQIKRVKDSEDVPMVLVGNKCDLPSRTVDTKQAQDLARSYGIPFIETSAKTRQGVDDAFYTLVREIRKHKE	True	64.180	119.840	158.600	90.00	90.00	90.00	/Users/mitchellparker/Desktop/rascore_build/core/6gomE_core.cif	/Users/mitchellparker/Desktop/rascore_build/rcsb/6gom.cif.gz	/Users/mitchellparker/Desktop/rascore_build/renum/6gom_renum.cif	/Users/mitchellparker/Desktop/rascore_build/rcsb_assembly/6gom-assembly-5.cif.gz	/Users/mitchellparker/Desktop/rascore_build/renum_assembly/6gom-assembly-5_renum.cif	/Users/mitchellparker/Desktop/rascore_build/sifts/6gom.xml.gz	/Users/mitchellparker/Desktop/rascore_build/pocket/6gomE_2_pocket.pdb
6gomE	6gom	0	E	Y32in.3P-ON	Disordered	Y32in	Y71in	P 21 21 21 (CF5)	6gomE3	3	GTPase KRas	RASK_HUMAN	P01116-2	WT	WT	KRAS	3P	WT	None	None	None	None	SP12-Unbound	P 21 21 21	172	1-50:52-60:68-167	2018-06-01	Other	273.0082	0.0003	Unbound	Unbound	97,107,108,109,110,111,137,138,139,162,165,166	CSO,GNP,MG	None	None	None	None	None	None	None	None	None	None	GNP	MG	None	None	CSO	None	STP	XRAY	1.630	0.187	AFQGMTEYKLVVVGAGGVGKSALTIQLIQNHFVDEYDPTIEDSYRKQVVIDGETCLLDILDTAGHEEYSAMRDQYMRTGEGFLCVFAINNTKSFEDIHHYREQIKRVKDSEDVPMVLVGNKCDLPSRTVDTKQAQDLARSYGIPFIETSAKTRQGVDDAFYTLVREIRKHKE	True	64.180	119.840	158.600	90.00	90.00	90.00	/Users/mitchellparker/Desktop/rascore_build/core/6gomE_core.cif	/Users/mitchellparker/Desktop/rascore_build/rcsb/6gom.cif.gz	/Users/mitchellparker/Desktop/rascore_build/renum/6gom_renum.cif	/Users/mitchellparker/Desktop/rascore_build/rcsb_assembly/6gom-assembly-5.cif.gz	/Users/mitchellparker/Desktop/rascore_build/renum_assembly/6gom-assembly-5_renum.cif	/Users/mitchellparker/Desktop/rascore_build/sifts/6gom.xml.gz	/Users/mitchellparker/Desktop/rascore_build/pocket/6gomE_3_pocket.pdb
6gomE	6gom	0	E	Y32in.3P-ON	Disordered	Y32in	Y71in	P 21 21 21 (CF5)	6gomE4	4	GTPase KRas	RASK_HUMAN	P01116-2	WT	WT	KRAS	3P	WT	None	None	None	None	SP12-Unbound	P 21 21 21	172	1-50:52-60:68-167	2018-06-01	Other	255.6682	0.0353	Unbound	Unbound	76,104,106,108,109,110,163,166,167	CSO,GNP,MG	None	None	None	None	None	None	None	None	None	None	GNP	MG	None	None	CSO	None	STP	XRAY	1.630	0.187	AFQGMTEYKLVVVGAGGVGKSALTIQLIQNHFVDEYDPTIEDSYRKQVVIDGETCLLDILDTAGHEEYSAMRDQYMRTGEGFLCVFAINNTKSFEDIHHYREQIKRVKDSEDVPMVLVGNKCDLPSRTVDTKQAQDLARSYGIPFIETSAKTRQGVDDAFYTLVREIRKHKE	True	64.180	119.840	158.600	90.00	90.00	90.00	/Users/mitchellparker/Desktop/rascore_build/core/6gomE_core.cif	/Users/mitchellparker/Desktop/rascore_build/rcsb/6gom.cif.gz	/Users/mitchellparker/Desktop/rascore_build/renum/6gom_renum.cif	/Users/mitchellparker/Desktop/rascore_build/rcsb_assembly/6gom-assembly-5.cif.gz	/Users/mitchellparker/Desktop/rascore_build/renum_assembly/6gom-assembly-5_renum.cif	/Users/mitchellparker/Desktop/rascore_build/sifts/6gom.xml.gz	/Users/mitchellparker/Desktop/rascore_build/pocket/6gomE_4_pocket.pdb
6gomE	6gom	0	E	Y32in.3P-ON	Disordered	Y32in	Y71in	P 21 21 21 (CF5)	6gomE5	5	GTPase KRas	RASK_HUMAN	P01116-2	WT	WT	KRAS	3P	WT	None	None	None	None	SP12-Unbound	P 21 21 21	172	1-50:52-60:68-167	2018-06-01	Other	252.8966	0.0002	Unbound	Unbound	123,124,126,127	CSO,GNP,MG	None	None	None	None	None	None	None	None	None	None	GNP	MG	None	None	CSO	None	STP	XRAY	1.630	0.187	AFQGMTEYKLVVVGAGGVGKSALTIQLIQNHFVDEYDPTIEDSYRKQVVIDGETCLLDILDTAGHEEYSAMRDQYMRTGEGFLCVFAINNTKSFEDIHHYREQIKRVKDSEDVPMVLVGNKCDLPSRTVDTKQAQDLARSYGIPFIETSAKTRQGVDDAFYTLVREIRKHKE	True	64.180	119.840	158.600	90.00	90.00	90.00	/Users/mitchellparker/Desktop/rascore_build/core/6gomE_core.cif	/Users/mitchellparker/Desktop/rascore_build/rcsb/6gom.cif.gz	/Users/mitchellparker/Desktop/rascore_build/renum/6gom_renum.cif	/Users/mitchellparker/Desktop/rascore_build/rcsb_assembly/6gom-assembly-5.cif.gz	/Users/mitchellparker/Desktop/rascore_build/renum_assembly/6gom-assembly-5_renum.cif	/Users/mitchellparker/Desktop/rascore_build/sifts/6gom.xml.gz	/Users/mitchellparker/Desktop/rascore_build/pocket/6gomE_5_pocket.pdb
6gomF	6gom	0	F	Disordered	Disordered	Disordered	Y71in	P 21 21 21 (CF5)	6gomF2	2	GTPase KRas	RASK_HUMAN	P01116-2	WT	WT	KRAS	3P	WT	None	None	None	None	SP12-Unbound	P 21 21 21	172	1-33:38-50:52-60:67-167	2018-06-01	Other	267.6888	0.0003	Unbound	Unbound	97,108,109,110,111,137,138,139,162,165,166	CSO,GNP,MG	None	None	None	None	None	None	None	None	None	None	GNP	MG	None	None	CSO	None	STP	XRAY	1.630	0.187	AFQGMTEYKLVVVGAGGVGKSALTIQLIQNHFVDEYDPTIEDSYRKQVVIDGETCLLDILDTAGHEEYSAMRDQYMRTGEGFLCVFAINNTKSFEDIHHYREQIKRVKDSEDVPMVLVGNKCDLPSRTVDTKQAQDLARSYGIPFIETSAKTRQGVDDAFYTLVREIRKHKE	True	64.180	119.840	158.600	90.00	90.00	90.00	/Users/mitchellparker/Desktop/rascore_build/core/6gomF_core.cif	/Users/mitchellparker/Desktop/rascore_build/rcsb/6gom.cif.gz	/Users/mitchellparker/Desktop/rascore_build/renum/6gom_renum.cif	/Users/mitchellparker/Desktop/rascore_build/rcsb_assembly/6gom-assembly-5.cif.gz	/Users/mitchellparker/Desktop/rascore_build/renum_assembly/6gom-assembly-5_renum.cif	/Users/mitchellparker/Desktop/rascore_build/sifts/6gom.xml.gz	/Users/mitchellparker/Desktop/rascore_build/pocket/6gomF_2_pocket.pdb
6gomF	6gom	0	F	Disordered	Disordered	Disordered	Y71in	P 21 21 21 (CF5)	6gomF3	3	GTPase KRas	RASK_HUMAN	P01116-2	WT	WT	KRAS	3P	WT	None	None	None	None	SP12-Unbound	P 21 21 21	172	1-33:38-50:52-60:67-167	2018-06-01	SP12	319.0302	0.0689	Unbound	Unbound	5,6,7,39,40,41,54,55,56,74,75	CSO,GNP,MG	None	None	None	None	None	None	None	None	None	None	GNP	MG	None	None	CSO	None	STP	XRAY	1.630	0.187	AFQGMTEYKLVVVGAGGVGKSALTIQLIQNHFVDEYDPTIEDSYRKQVVIDGETCLLDILDTAGHEEYSAMRDQYMRTGEGFLCVFAINNTKSFEDIHHYREQIKRVKDSEDVPMVLVGNKCDLPSRTVDTKQAQDLARSYGIPFIETSAKTRQGVDDAFYTLVREIRKHKE	True	64.180	119.840	158.600	90.00	90.00	90.00	/Users/mitchellparker/Desktop/rascore_build/core/6gomF_core.cif	/Users/mitchellparker/Desktop/rascore_build/rcsb/6gom.cif.gz	/Users/mitchellparker/Desktop/rascore_build/renum/6gom_renum.cif	/Users/mitchellparker/Desktop/rascore_build/rcsb_assembly/6gom-assembly-5.cif.gz	/Users/mitchellparker/Desktop/rascore_build/renum_assembly/6gom-assembly-5_renum.cif	/Users/mitchellparker/Desktop/rascore_build/sifts/6gom.xml.gz	/Users/mitchellparker/Desktop/rascore_build/pocket/6gomF_3_pocket.pdb
6gomF	6gom	0	F	Disordered	Disordered	Disordered	Y71in	P 21 21 21 (CF5)	6gomF4	4	GTPase KRas	RASK_HUMAN	P01116-2	WT	WT	KRAS	3P	WT	None	None	None	None	SP12-Unbound	P 21 21 21	172	1-33:38-50:52-60:67-167	2018-06-01	Other	252.2809	0.0058	Unbound	Unbound	73,74,75,76,104,108,109,110,163,166	CSO,GNP,MG	None	None	None	None	None	None	None	None	None	None	GNP	MG	None	None	CSO	None	STP	XRAY	1.630	0.187	AFQGMTEYKLVVVGAGGVGKSALTIQLIQNHFVDEYDPTIEDSYRKQVVIDGETCLLDILDTAGHEEYSAMRDQYMRTGEGFLCVFAINNTKSFEDIHHYREQIKRVKDSEDVPMVLVGNKCDLPSRTVDTKQAQDLARSYGIPFIETSAKTRQGVDDAFYTLVREIRKHKE	True	64.180	119.840	158.600	90.00	90.00	90.00	/Users/mitchellparker/Desktop/rascore_build/core/6gomF_core.cif	/Users/mitchellparker/Desktop/rascore_build/rcsb/6gom.cif.gz	/Users/mitchellparker/Desktop/rascore_build/renum/6gom_renum.cif	/Users/mitchellparker/Desktop/rascore_build/rcsb_assembly/6gom-assembly-5.cif.gz	/Users/mitchellparker/Desktop/rascore_build/renum_assembly/6gom-assembly-5_renum.cif	/Users/mitchellparker/Desktop/rascore_build/sifts/6gom.xml.gz	/Users/mitchellparker/Desktop/rascore_build/pocket/6gomF_4_pocket.pdb
6gomF	6gom	0	F	Disordered	Disordered	Disordered	Y71in	P 21 21 21 (CF5)	6gomF5	5	GTPase KRas	RASK_HUMAN	P01116-2	WT	WT	KRAS	3P	WT	None	None	None	None	SP12-Unbound	P 21 21 21	172	1-33:38-50:52-60:67-167	2018-06-01	Other	287.0576	0.0002	Unbound	Unbound	131,134,135,139,141	CSO,GNP,MG	None	None	None	None	None	None	None	None	None	None	GNP	MG	None	None	CSO	None	STP	XRAY	1.630	0.187	AFQGMTEYKLVVVGAGGVGKSALTIQLIQNHFVDEYDPTIEDSYRKQVVIDGETCLLDILDTAGHEEYSAMRDQYMRTGEGFLCVFAINNTKSFEDIHHYREQIKRVKDSEDVPMVLVGNKCDLPSRTVDTKQAQDLARSYGIPFIETSAKTRQGVDDAFYTLVREIRKHKE	True	64.180	119.840	158.600	90.00	90.00	90.00	/Users/mitchellparker/Desktop/rascore_build/core/6gomF_core.cif	/Users/mitchellparker/Desktop/rascore_build/rcsb/6gom.cif.gz	/Users/mitchellparker/Desktop/rascore_build/renum/6gom_renum.cif	/Users/mitchellparker/Desktop/rascore_build/rcsb_assembly/6gom-assembly-5.cif.gz	/Users/mitchellparker/Desktop/rascore_build/renum_assembly/6gom-assembly-5_renum.cif	/Users/mitchellparker/Desktop/rascore_build/sifts/6gom.xml.gz	/Users/mitchellparker/Desktop/rascore_build/pocket/6gomF_5_pocket.pdb
6gomF	6gom	0	F	Disordered	Disordered	Disordered	Y71in	P 21 21 21 (CF5)	6gomF6	6	GTPase KRas	RASK_HUMAN	P01116-2	WT	WT	KRAS	3P	WT	None	None	None	None	SP12-Unbound	P 21 21 21	172	1-33:38-50:52-60:67-167	2018-06-01	Other	207.6161	0.0046	Unbound	Unbound	87,90,91,124,125,126,129	CSO,GNP,MG	None	None	None	None	None	None	None	None	None	None	GNP	MG	None	None	CSO	None	STP	XRAY	1.630	0.187	AFQGMTEYKLVVVGAGGVGKSALTIQLIQNHFVDEYDPTIEDSYRKQVVIDGETCLLDILDTAGHEEYSAMRDQYMRTGEGFLCVFAINNTKSFEDIHHYREQIKRVKDSEDVPMVLVGNKCDLPSRTVDTKQAQDLARSYGIPFIETSAKTRQGVDDAFYTLVREIRKHKE	True	64.180	119.840	158.600	90.00	90.00	90.00	/Users/mitchellparker/Desktop/rascore_build/core/6gomF_core.cif	/Users/mitchellparker/Desktop/rascore_build/rcsb/6gom.cif.gz	/Users/mitchellparker/Desktop/rascore_build/renum/6gom_renum.cif	/Users/mitchellparker/Desktop/rascore_build/rcsb_assembly/6gom-assembly-5.cif.gz	/Users/mitchellparker/Desktop/rascore_build/renum_assembly/6gom-assembly-5_renum.cif	/Users/mitchellparker/Desktop/rascore_build/sifts/6gom.xml.gz	/Users/mitchellparker/Desktop/rascore_build/pocket/6gomF_6_pocket.pdb
6gqtA	6gqt	0	A	Y32in.3P-ON	Y71in.3P-SP12-B	Y32in	Y71in	P 21 21 21 (CF5)	6gqtA3	3	GTPase KRas	RASK_HUMAN	P01116-2	Q61H	Q61	KRAS	3P	Q61H	None	None	None	None	SP12-Unbound	P 21 21 21	171	1-167	2018-06-08	Other	379.1933	0.0005	Unbound	Unbound	131,134,135,138,139,140,141,162,165	GNP,MG,CIT,CIT	None	None	None	None	None	None	None	None	None	None	GNP	MG	None	CIT	None	None	STP	XRAY	1.690	0.190	FQGMTEYKLVVVGAGGVGKSALTIQLIQNHFVDEYDPTIEDSYRKQVVIDGETCLLDILDTAGHEEYSAMRDQYMRTGEGFLCVFAINNTKSFEDIHHYREQIKRVKDSEDVPMVLVGNKCDLPSRTVDTKQAQDLARSYGIPFIETSAKTRQGVDDAFYTLVREIRKHKE	True	64.270	119.550	158.590	90.00	90.00	90.00	/Users/mitchellparker/Desktop/rascore_build/core/6gqtA_core.cif	/Users/mitchellparker/Desktop/rascore_build/rcsb/6gqt.cif.gz	/Users/mitchellparker/Desktop/rascore_build/renum/6gqt_renum.cif	/Users/mitchellparker/Desktop/rascore_build/rcsb_assembly/6gqt-assembly-2.cif.gz	/Users/mitchellparker/Desktop/rascore_build/renum_assembly/6gqt-assembly-2_renum.cif	/Users/mitchellparker/Desktop/rascore_build/sifts/6gqt.xml.gz	/Users/mitchellparker/Desktop/rascore_build/pocket/6gqtA_3_pocket.pdb
6gqtA	6gqt	0	A	Y32in.3P-ON	Y71in.3P-SP12-B	Y32in	Y71in	P 21 21 21 (CF5)	6gqtA4	4	GTPase KRas	RASK_HUMAN	P01116-2	Q61H	Q61	KRAS	3P	Q61H	None	None	None	None	SP12-Unbound	P 21 21 21	171	1-167	2018-06-08	Other	256.3306	0.0002	Unbound	Unbound	97,107,108,109,110,111,137,138,139,162,165,166	GNP,MG,CIT,CIT	None	None	None	None	None	None	None	None	None	None	GNP	MG	None	CIT	None	None	STP	XRAY	1.690	0.190	FQGMTEYKLVVVGAGGVGKSALTIQLIQNHFVDEYDPTIEDSYRKQVVIDGETCLLDILDTAGHEEYSAMRDQYMRTGEGFLCVFAINNTKSFEDIHHYREQIKRVKDSEDVPMVLVGNKCDLPSRTVDTKQAQDLARSYGIPFIETSAKTRQGVDDAFYTLVREIRKHKE	True	64.270	119.550	158.590	90.00	90.00	90.00	/Users/mitchellparker/Desktop/rascore_build/core/6gqtA_core.cif	/Users/mitchellparker/Desktop/rascore_build/rcsb/6gqt.cif.gz	/Users/mitchellparker/Desktop/rascore_build/renum/6gqt_renum.cif	/Users/mitchellparker/Desktop/rascore_build/rcsb_assembly/6gqt-assembly-2.cif.gz	/Users/mitchellparker/Desktop/rascore_build/renum_assembly/6gqt-assembly-2_renum.cif	/Users/mitchellparker/Desktop/rascore_build/sifts/6gqt.xml.gz	/Users/mitchellparker/Desktop/rascore_build/pocket/6gqtA_4_pocket.pdb
6gqtA	6gqt	0	A	Y32in.3P-ON	Y71in.3P-SP12-B	Y32in	Y71in	P 21 21 21 (CF5)	6gqtA5	5	GTPase KRas	RASK_HUMAN	P01116-2	Q61H	Q61	KRAS	3P	Q61H	None	None	None	None	SP12-Unbound	P 21 21 21	171	1-167	2018-06-08	SP12	216.6905	0.0115	Unbound	Unbound	5,6,7,39,40,54,55,56,74	GNP,MG,CIT,CIT	None	None	None	None	None	None	None	None	None	None	GNP	MG	None	CIT	None	None	STP	XRAY	1.690	0.190	FQGMTEYKLVVVGAGGVGKSALTIQLIQNHFVDEYDPTIEDSYRKQVVIDGETCLLDILDTAGHEEYSAMRDQYMRTGEGFLCVFAINNTKSFEDIHHYREQIKRVKDSEDVPMVLVGNKCDLPSRTVDTKQAQDLARSYGIPFIETSAKTRQGVDDAFYTLVREIRKHKE	True	64.270	119.550	158.590	90.00	90.00	90.00	/Users/mitchellparker/Desktop/rascore_build/core/6gqtA_core.cif	/Users/mitchellparker/Desktop/rascore_build/rcsb/6gqt.cif.gz	/Users/mitchellparker/Desktop/rascore_build/renum/6gqt_renum.cif	/Users/mitchellparker/Desktop/rascore_build/rcsb_assembly/6gqt-assembly-2.cif.gz	/Users/mitchellparker/Desktop/rascore_build/renum_assembly/6gqt-assembly-2_renum.cif	/Users/mitchellparker/Desktop/rascore_build/sifts/6gqt.xml.gz	/Users/mitchellparker/Desktop/rascore_build/pocket/6gqtA_5_pocket.pdb
6gqtA	6gqt	0	A	Y32in.3P-ON	Y71in.3P-SP12-B	Y32in	Y71in	P 21 21 21 (CF5)	6gqtA6	6	GTPase KRas	RASK_HUMAN	P01116-2	Q61H	Q61	KRAS	3P	Q61H	None	None	None	None	SP12-Unbound	P 21 21 21	171	1-167	2018-06-08	Other	303.9102	0.0051	Unbound	Unbound	76,104,106,108,109,110,163,166	GNP,MG,CIT,CIT	None	None	None	None	None	None	None	None	None	None	GNP	MG	None	CIT	None	None	STP	XRAY	1.690	0.190	FQGMTEYKLVVVGAGGVGKSALTIQLIQNHFVDEYDPTIEDSYRKQVVIDGETCLLDILDTAGHEEYSAMRDQYMRTGEGFLCVFAINNTKSFEDIHHYREQIKRVKDSEDVPMVLVGNKCDLPSRTVDTKQAQDLARSYGIPFIETSAKTRQGVDDAFYTLVREIRKHKE	True	64.270	119.550	158.590	90.00	90.00	90.00	/Users/mitchellparker/Desktop/rascore_build/core/6gqtA_core.cif	/Users/mitchellparker/Desktop/rascore_build/rcsb/6gqt.cif.gz	/Users/mitchellparker/Desktop/rascore_build/renum/6gqt_renum.cif	/Users/mitchellparker/Desktop/rascore_build/rcsb_assembly/6gqt-assembly-2.cif.gz	/Users/mitchellparker/Desktop/rascore_build/renum_assembly/6gqt-assembly-2_renum.cif	/Users/mitchellparker/Desktop/rascore_build/sifts/6gqt.xml.gz	/Users/mitchellparker/Desktop/rascore_build/pocket/6gqtA_6_pocket.pdb
6gqtB	6gqt	0	B	Y32in.3P-ON	Y71in.3P-SP12-A	Y32in	Y71in	P 21 21 21 (CF5)	6gqtB2	2	GTPase KRas	RASK_HUMAN	P01116-2	Q61H	Q61	KRAS	3P	Q61H	SP12	SP12.Biphenyl	None	None	SP12-Bound	P 21 21 21	171	1-167	2018-06-08	SP12	358.0889	0.6225	Bound	SP12	5,6,7,39,40,41,54,55,56,71,74,75	GNP,MG,F8N	None	F8N:54,41,6,56,5,55,39,40,7,74,75,71	None	None	SP12	SP12.Biphenyl	F8N:COc1cccc(-c2cccc(CC3(C(=O)NCCCn4ccnc4)CCOCC3)c2)c1	None	None	None	GNP	MG	F8N	None	None	None	F8N	XRAY	1.690	0.190	FQGMTEYKLVVVGAGGVGKSALTIQLIQNHFVDEYDPTIEDSYRKQVVIDGETCLLDILDTAGHEEYSAMRDQYMRTGEGFLCVFAINNTKSFEDIHHYREQIKRVKDSEDVPMVLVGNKCDLPSRTVDTKQAQDLARSYGIPFIETSAKTRQGVDDAFYTLVREIRKHKE	True	64.270	119.550	158.590	90.00	90.00	90.00	/Users/mitchellparker/Desktop/rascore_build/core/6gqtB_core.cif	/Users/mitchellparker/Desktop/rascore_build/rcsb/6gqt.cif.gz	/Users/mitchellparker/Desktop/rascore_build/renum/6gqt_renum.cif	/Users/mitchellparker/Desktop/rascore_build/rcsb_assembly/6gqt-assembly-2.cif.gz	/Users/mitchellparker/Desktop/rascore_build/renum_assembly/6gqt-assembly-2_renum.cif	/Users/mitchellparker/Desktop/rascore_build/sifts/6gqt.xml.gz	/Users/mitchellparker/Desktop/rascore_build/pocket/6gqtB_2_pocket.pdb
6gqtC	6gqt	0	C	Disordered	Disordered	Y32in	Y71in	P 21 21 21 (CF5)	6gqtC2	2	GTPase KRas	RASK_HUMAN	P01116-2	WT	WT	KRAS	3P	WT	SP12	SP12.Biphenyl	None	None	SP12-Bound	P 21 21 21	171	1-32:38-60:67-167	2018-06-08	SP12	521.6052	0.7783	Bound	SP12	5,6,7,39,40,41,54,55,56,71,74,75	GNP,MG,F8N	None	F8N:54,5,6,56,39,55,40,7,75,74,71	None	None	SP12	SP12.Biphenyl	F8N:COc1cccc(-c2cccc(CC3(C(=O)NCCCn4ccnc4)CCOCC3)c2)c1	None	None	None	GNP	MG	F8N	None	None	None	F8N	XRAY	1.690	0.190	FQGMTEYKLVVVGAGGVGKSALTIQLIQNHFVDEYDPTIEDSYRKQVVIDGETCLLDILDTAGHEEYSAMRDQYMRTGEGFLCVFAINNTKSFEDIHHYREQIKRVKDSEDVPMVLVGNKCDLPSRTVDTKQAQDLARSYGIPFIETSAKTRQGVDDAFYTLVREIRKHKE	True	64.270	119.550	158.590	90.00	90.00	90.00	/Users/mitchellparker/Desktop/rascore_build/core/6gqtC_core.cif	/Users/mitchellparker/Desktop/rascore_build/rcsb/6gqt.cif.gz	/Users/mitchellparker/Desktop/rascore_build/renum/6gqt_renum.cif	/Users/mitchellparker/Desktop/rascore_build/rcsb_assembly/6gqt-assembly-2.cif.gz	/Users/mitchellparker/Desktop/rascore_build/renum_assembly/6gqt-assembly-2_renum.cif	/Users/mitchellparker/Desktop/rascore_build/sifts/6gqt.xml.gz	/Users/mitchellparker/Desktop/rascore_build/pocket/6gqtC_2_pocket.pdb
6gqtD	6gqt	0	D	Disordered	Disordered	Disordered	Y71in	P 21 21 21 (CF5)	6gqtD2	2	GTPase KRas	RASK_HUMAN	P01116-2	WT	WT	KRAS	3P	WT	SP12	SP12.Biphenyl	None	None	SP12-Bound	P 21 21 21	171	1-31:37-60:66-167	2018-06-08	SP12	470.6391	0.8855	Bound	SP12	5,6,7,39,40,41,54,55,56,71,74,75	GNP,MG,F8N,CIT	None	F8N:54,41,6,5,56,55,39,40,7,75,74,71	None	None	SP12	SP12.Biphenyl	F8N:COc1cccc(-c2cccc(CC3(C(=O)NCCCn4ccnc4)CCOCC3)c2)c1	None	None	None	GNP	MG	F8N	CIT	None	None	F8N	XRAY	1.690	0.190	FQGMTEYKLVVVGAGGVGKSALTIQLIQNHFVDEYDPTIEDSYRKQVVIDGETCLLDILDTAGHEEYSAMRDQYMRTGEGFLCVFAINNTKSFEDIHHYREQIKRVKDSEDVPMVLVGNKCDLPSRTVDTKQAQDLARSYGIPFIETSAKTRQGVDDAFYTLVREIRKHKE	True	64.270	119.550	158.590	90.00	90.00	90.00	/Users/mitchellparker/Desktop/rascore_build/core/6gqtD_core.cif	/Users/mitchellparker/Desktop/rascore_build/rcsb/6gqt.cif.gz	/Users/mitchellparker/Desktop/rascore_build/renum/6gqt_renum.cif	/Users/mitchellparker/Desktop/rascore_build/rcsb_assembly/6gqt-assembly-2.cif.gz	/Users/mitchellparker/Desktop/rascore_build/renum_assembly/6gqt-assembly-2_renum.cif	/Users/mitchellparker/Desktop/rascore_build/sifts/6gqt.xml.gz	/Users/mitchellparker/Desktop/rascore_build/pocket/6gqtD_2_pocket.pdb
6gqtE	6gqt	0	E	Y32in.3P-ON	Disordered	Y32in	Y71in	P 21 21 21 (CF5)	6gqtE2	2	GTPase KRas	RASK_HUMAN	P01116-2	WT	WT	KRAS	3P	WT	None	None	None	None	SP12-Unbound	P 21 21 21	171	1-60:67-167	2018-06-08	SP12	502.9675	0.1111	Unbound	Unbound	5,6,7,39,40,41,54,55,56,74,75	GNP,MG	None	None	None	None	None	None	None	None	None	None	GNP	MG	None	None	None	None	STP	XRAY	1.690	0.190	FQGMTEYKLVVVGAGGVGKSALTIQLIQNHFVDEYDPTIEDSYRKQVVIDGETCLLDILDTAGHEEYSAMRDQYMRTGEGFLCVFAINNTKSFEDIHHYREQIKRVKDSEDVPMVLVGNKCDLPSRTVDTKQAQDLARSYGIPFIETSAKTRQGVDDAFYTLVREIRKHKE	True	64.270	119.550	158.590	90.00	90.00	90.00	/Users/mitchellparker/Desktop/rascore_build/core/6gqtE_core.cif	/Users/mitchellparker/Desktop/rascore_build/rcsb/6gqt.cif.gz	/Users/mitchellparker/Desktop/rascore_build/renum/6gqt_renum.cif	/Users/mitchellparker/Desktop/rascore_build/rcsb_assembly/6gqt-assembly-2.cif.gz	/Users/mitchellparker/Desktop/rascore_build/renum_assembly/6gqt-assembly-2_renum.cif	/Users/mitchellparker/Desktop/rascore_build/sifts/6gqt.xml.gz	/Users/mitchellparker/Desktop/rascore_build/pocket/6gqtE_2_pocket.pdb
6gqtE	6gqt	0	E	Y32in.3P-ON	Disordered	Y32in	Y71in	P 21 21 21 (CF5)	6gqtE3	3	GTPase KRas	RASK_HUMAN	P01116-2	WT	WT	KRAS	3P	WT	None	None	None	None	SP12-Unbound	P 21 21 21	171	1-60:67-167	2018-06-08	Other	262.5916	0.0002	Unbound	Unbound	97,107,108,109,110,111,137,138,139,162,165,166	GNP,MG	None	None	None	None	None	None	None	None	None	None	GNP	MG	None	None	None	None	STP	XRAY	1.690	0.190	FQGMTEYKLVVVGAGGVGKSALTIQLIQNHFVDEYDPTIEDSYRKQVVIDGETCLLDILDTAGHEEYSAMRDQYMRTGEGFLCVFAINNTKSFEDIHHYREQIKRVKDSEDVPMVLVGNKCDLPSRTVDTKQAQDLARSYGIPFIETSAKTRQGVDDAFYTLVREIRKHKE	True	64.270	119.550	158.590	90.00	90.00	90.00	/Users/mitchellparker/Desktop/rascore_build/core/6gqtE_core.cif	/Users/mitchellparker/Desktop/rascore_build/rcsb/6gqt.cif.gz	/Users/mitchellparker/Desktop/rascore_build/renum/6gqt_renum.cif	/Users/mitchellparker/Desktop/rascore_build/rcsb_assembly/6gqt-assembly-2.cif.gz	/Users/mitchellparker/Desktop/rascore_build/renum_assembly/6gqt-assembly-2_renum.cif	/Users/mitchellparker/Desktop/rascore_build/sifts/6gqt.xml.gz	/Users/mitchellparker/Desktop/rascore_build/pocket/6gqtE_3_pocket.pdb
6gqtE	6gqt	0	E	Y32in.3P-ON	Disordered	Y32in	Y71in	P 21 21 21 (CF5)	6gqtE4	4	GTPase KRas	RASK_HUMAN	P01116-2	WT	WT	KRAS	3P	WT	None	None	None	None	SP12-Unbound	P 21 21 21	171	1-60:67-167	2018-06-08	Other	325.5525	0.0041	Unbound	Unbound	73,74,75,76,104,106,108,109,110,163,166,167	GNP,MG	None	None	None	None	None	None	None	None	None	None	GNP	MG	None	None	None	None	STP	XRAY	1.690	0.190	FQGMTEYKLVVVGAGGVGKSALTIQLIQNHFVDEYDPTIEDSYRKQVVIDGETCLLDILDTAGHEEYSAMRDQYMRTGEGFLCVFAINNTKSFEDIHHYREQIKRVKDSEDVPMVLVGNKCDLPSRTVDTKQAQDLARSYGIPFIETSAKTRQGVDDAFYTLVREIRKHKE	True	64.270	119.550	158.590	90.00	90.00	90.00	/Users/mitchellparker/Desktop/rascore_build/core/6gqtE_core.cif	/Users/mitchellparker/Desktop/rascore_build/rcsb/6gqt.cif.gz	/Users/mitchellparker/Desktop/rascore_build/renum/6gqt_renum.cif	/Users/mitchellparker/Desktop/rascore_build/rcsb_assembly/6gqt-assembly-2.cif.gz	/Users/mitchellparker/Desktop/rascore_build/renum_assembly/6gqt-assembly-2_renum.cif	/Users/mitchellparker/Desktop/rascore_build/sifts/6gqt.xml.gz	/Users/mitchellparker/Desktop/rascore_build/pocket/6gqtE_4_pocket.pdb
6gqtE	6gqt	0	E	Y32in.3P-ON	Disordered	Y32in	Y71in	P 21 21 21 (CF5)	6gqtE5	5	GTPase KRas	RASK_HUMAN	P01116-2	WT	WT	KRAS	3P	WT	None	None	None	None	SP12-Unbound	P 21 21 21	171	1-60:67-167	2018-06-08	Other	342.8734	0.0023	Unbound	Unbound	1,2,3,48,49,50	GNP,MG	None	None	None	None	None	None	None	None	None	None	GNP	MG	None	None	None	None	STP	XRAY	1.690	0.190	FQGMTEYKLVVVGAGGVGKSALTIQLIQNHFVDEYDPTIEDSYRKQVVIDGETCLLDILDTAGHEEYSAMRDQYMRTGEGFLCVFAINNTKSFEDIHHYREQIKRVKDSEDVPMVLVGNKCDLPSRTVDTKQAQDLARSYGIPFIETSAKTRQGVDDAFYTLVREIRKHKE	True	64.270	119.550	158.590	90.00	90.00	90.00	/Users/mitchellparker/Desktop/rascore_build/core/6gqtE_core.cif	/Users/mitchellparker/Desktop/rascore_build/rcsb/6gqt.cif.gz	/Users/mitchellparker/Desktop/rascore_build/renum/6gqt_renum.cif	/Users/mitchellparker/Desktop/rascore_build/rcsb_assembly/6gqt-assembly-2.cif.gz	/Users/mitchellparker/Desktop/rascore_build/renum_assembly/6gqt-assembly-2_renum.cif	/Users/mitchellparker/Desktop/rascore_build/sifts/6gqt.xml.gz	/Users/mitchellparker/Desktop/rascore_build/pocket/6gqtE_5_pocket.pdb
6gqtF	6gqt	0	F	Disordered	Disordered	Disordered	Y71in	P 21 21 21 (CF5)	6gqtF2	2	GTPase KRas	RASK_HUMAN	P01116-2	WT	WT	KRAS	3P	WT	SP12	SP12.Biphenyl	None	None	SP12-Bound	P 21 21 21	171	1-31:38-60:67-167	2018-06-08	SP12	263.5594	0.2344	Bound	SP12	5,6,7,39,40,41,54,55,56,74,75	GNP,MG,F8N	None	F8N:54,41,56,6,5,39,55,40,7,71,75,74	None	None	SP12	SP12.Biphenyl	F8N:COc1cccc(-c2cccc(CC3(C(=O)NCCCn4ccnc4)CCOCC3)c2)c1	None	None	None	GNP	MG	F8N	None	None	None	F8N	XRAY	1.690	0.190	FQGMTEYKLVVVGAGGVGKSALTIQLIQNHFVDEYDPTIEDSYRKQVVIDGETCLLDILDTAGHEEYSAMRDQYMRTGEGFLCVFAINNTKSFEDIHHYREQIKRVKDSEDVPMVLVGNKCDLPSRTVDTKQAQDLARSYGIPFIETSAKTRQGVDDAFYTLVREIRKHKE	True	64.270	119.550	158.590	90.00	90.00	90.00	/Users/mitchellparker/Desktop/rascore_build/core/6gqtF_core.cif	/Users/mitchellparker/Desktop/rascore_build/rcsb/6gqt.cif.gz	/Users/mitchellparker/Desktop/rascore_build/renum/6gqt_renum.cif	/Users/mitchellparker/Desktop/rascore_build/rcsb_assembly/6gqt-assembly-2.cif.gz	/Users/mitchellparker/Desktop/rascore_build/renum_assembly/6gqt-assembly-2_renum.cif	/Users/mitchellparker/Desktop/rascore_build/sifts/6gqt.xml.gz	/Users/mitchellparker/Desktop/rascore_build/pocket/6gqtF_2_pocket.pdb
6gqwA	6gqw	0	A	Y32in.3P-ON	Y71in.3P-SP12-B	Y32in	Y71in	P 21 21 21 (CF5)	6gqwA2	2	GTPase KRas	RASK_HUMAN	P01116-2	Q61H	Q61	KRAS	3P	Q61H	SP12	SP12.Biphenyl	None	None	SP12-Bound	P 21 21 21	171	1-167	2018-06-08	SP12	475.5918	0.9057	Bound	SP12	5,6,7,39,40,41,54,55,56,71,74,75	MG,GNP,F8T	None	F8T:6,56,54,5,7,71,74,40,55,39,41	None	None	SP12	SP12.Biphenyl	F8T:COc1cccc(-c2ccc(Nc3ccc(C[NH+](C)C)cc3)cc2)c1	None	None	None	GNP	MG	F8T	None	None	None	F8T	XRAY	2.800	0.189	YFQGMTEYKLVVVGAGGVGKSALTIQLIQNHFVDEYDPTIEDSYRKQVVIDGETCLLDILDTAGHEEYSAMRDQYMRTGEGFLCVFAINNTKSFEDIHHYREQIKRVKDSEDVPMVLVGNKCDLPSRTVDTKQAQDLARSYGIPFIETSAKTRQGVDDAFYTLVREIRKHK	True	63.484	118.538	156.527	90.00	90.00	90.00	/Users/mitchellparker/Desktop/rascore_build/core/6gqwA_core.cif	/Users/mitchellparker/Desktop/rascore_build/rcsb/6gqw.cif.gz	/Users/mitchellparker/Desktop/rascore_build/renum/6gqw_renum.cif	/Users/mitchellparker/Desktop/rascore_build/rcsb_assembly/6gqw-assembly-1.cif.gz	/Users/mitchellparker/Desktop/rascore_build/renum_assembly/6gqw-assembly-1_renum.cif	/Users/mitchellparker/Desktop/rascore_build/sifts/6gqw.xml.gz	/Users/mitchellparker/Desktop/rascore_build/pocket/6gqwA_2_pocket.pdb
6gqwB	6gqw	0	B	Y32in.3P-ON	Disordered	Y32in	Y71in	P 21 21 21 (CF5)	6gqwB2	2	GTPase KRas	RASK_HUMAN	P01116-2	Q61H	Q61	KRAS	3P	Q61H	SP12	SP12.Biphenyl	None	None	SP12-Bound	P 21 21 21	171	1-62:65-167	2018-06-08	SP12	482.2392	0.8447	Bound	SP12	5,6,7,37,39,40,41,54,55,56,70,71,74,75	MG,GNP,F8T	None	F8T:54,5,56,7,6,74,55,40,39,71,41	None	None	SP12	SP12.Biphenyl	F8T:COc1cccc(-c2ccc(Nc3ccc(C[NH+](C)C)cc3)cc2)c1	None	None	None	GNP	MG	F8T	None	None	None	F8T	XRAY	2.800	0.189	YFQGMTEYKLVVVGAGGVGKSALTIQLIQNHFVDEYDPTIEDSYRKQVVIDGETCLLDILDTAGHEEYSAMRDQYMRTGEGFLCVFAINNTKSFEDIHHYREQIKRVKDSEDVPMVLVGNKCDLPSRTVDTKQAQDLARSYGIPFIETSAKTRQGVDDAFYTLVREIRKHK	True	63.484	118.538	156.527	90.00	90.00	90.00	/Users/mitchellparker/Desktop/rascore_build/core/6gqwB_core.cif	/Users/mitchellparker/Desktop/rascore_build/rcsb/6gqw.cif.gz	/Users/mitchellparker/Desktop/rascore_build/renum/6gqw_renum.cif	/Users/mitchellparker/Desktop/rascore_build/rcsb_assembly/6gqw-assembly-1.cif.gz	/Users/mitchellparker/Desktop/rascore_build/renum_assembly/6gqw-assembly-1_renum.cif	/Users/mitchellparker/Desktop/rascore_build/sifts/6gqw.xml.gz	/Users/mitchellparker/Desktop/rascore_build/pocket/6gqwB_2_pocket.pdb
6gqwC	6gqw	0	C	Y32in.3P-ON	Disordered	Y32in	Y71in	P 21 21 21 (CF5)	6gqwC2	2	GTPase KRas	RASK_HUMAN	P01116-2	WT	WT	KRAS	3P	WT	SP12	SP12.Biphenyl	None	None	SP12-Bound	P 21 21 21	171	1-60:65-167	2018-06-08	SP12	378.0444	0.2564	Bound	SP12	5,6,7,39,40,41,54,55,56,74,75	MG,GNP,F8T	None	F8T:56,54,7,5,74,55,40,71,41,39	None	None	SP12	SP12.Biphenyl	F8T:COc1cccc(-c2ccc(Nc3ccc(C[NH+](C)C)cc3)cc2)c1	None	None	None	GNP	MG	F8T	None	None	None	F8T	XRAY	2.800	0.189	YFQGMTEYKLVVVGAGGVGKSALTIQLIQNHFVDEYDPTIEDSYRKQVVIDGETCLLDILDTAGHEEYSAMRDQYMRTGEGFLCVFAINNTKSFEDIHHYREQIKRVKDSEDVPMVLVGNKCDLPSRTVDTKQAQDLARSYGIPFIETSAKTRQGVDDAFYTLVREIRKHK	True	63.484	118.538	156.527	90.00	90.00	90.00	/Users/mitchellparker/Desktop/rascore_build/core/6gqwC_core.cif	/Users/mitchellparker/Desktop/rascore_build/rcsb/6gqw.cif.gz	/Users/mitchellparker/Desktop/rascore_build/renum/6gqw_renum.cif	/Users/mitchellparker/Desktop/rascore_build/rcsb_assembly/6gqw-assembly-1.cif.gz	/Users/mitchellparker/Desktop/rascore_build/renum_assembly/6gqw-assembly-1_renum.cif	/Users/mitchellparker/Desktop/rascore_build/sifts/6gqw.xml.gz	/Users/mitchellparker/Desktop/rascore_build/pocket/6gqwC_2_pocket.pdb
6gqwD	6gqw	0	D	Disordered	Disordered	Disordered	Y71in	P 21 21 21 (CF5)	6gqwD2	2	GTPase KRas	RASK_HUMAN	P01116-2	WT	WT	KRAS	3P	WT	None	None	None	None	SP12-Unbound	P 21 21 21	171	1-33:37-60:68-167	2018-06-08	SP12	514.5015	0.1832	Unbound	Unbound	5,6,7,39,40,41,54,55,56,74,75	MG,GNP	None	None	None	None	None	None	None	None	None	None	GNP	MG	None	None	None	None	STP	XRAY	2.800	0.189	YFQGMTEYKLVVVGAGGVGKSALTIQLIQNHFVDEYDPTIEDSYRKQVVIDGETCLLDILDTAGHEEYSAMRDQYMRTGEGFLCVFAINNTKSFEDIHHYREQIKRVKDSEDVPMVLVGNKCDLPSRTVDTKQAQDLARSYGIPFIETSAKTRQGVDDAFYTLVREIRKHK	True	63.484	118.538	156.527	90.00	90.00	90.00	/Users/mitchellparker/Desktop/rascore_build/core/6gqwD_core.cif	/Users/mitchellparker/Desktop/rascore_build/rcsb/6gqw.cif.gz	/Users/mitchellparker/Desktop/rascore_build/renum/6gqw_renum.cif	/Users/mitchellparker/Desktop/rascore_build/rcsb_assembly/6gqw-assembly-1.cif.gz	/Users/mitchellparker/Desktop/rascore_build/renum_assembly/6gqw-assembly-1_renum.cif	/Users/mitchellparker/Desktop/rascore_build/sifts/6gqw.xml.gz	/Users/mitchellparker/Desktop/rascore_build/pocket/6gqwD_2_pocket.pdb
6gqwD	6gqw	0	D	Disordered	Disordered	Disordered	Y71in	P 21 21 21 (CF5)	6gqwD3	3	GTPase KRas	RASK_HUMAN	P01116-2	WT	WT	KRAS	3P	WT	None	None	None	None	SP12-Unbound	P 21 21 21	171	1-33:37-60:68-167	2018-06-08	Other	305.0296	0.0246	Unbound	Unbound	76,104,106,108,109,110,163,166,167	MG,GNP	None	None	None	None	None	None	None	None	None	None	GNP	MG	None	None	None	None	STP	XRAY	2.800	0.189	YFQGMTEYKLVVVGAGGVGKSALTIQLIQNHFVDEYDPTIEDSYRKQVVIDGETCLLDILDTAGHEEYSAMRDQYMRTGEGFLCVFAINNTKSFEDIHHYREQIKRVKDSEDVPMVLVGNKCDLPSRTVDTKQAQDLARSYGIPFIETSAKTRQGVDDAFYTLVREIRKHK	True	63.484	118.538	156.527	90.00	90.00	90.00	/Users/mitchellparker/Desktop/rascore_build/core/6gqwD_core.cif	/Users/mitchellparker/Desktop/rascore_build/rcsb/6gqw.cif.gz	/Users/mitchellparker/Desktop/rascore_build/renum/6gqw_renum.cif	/Users/mitchellparker/Desktop/rascore_build/rcsb_assembly/6gqw-assembly-1.cif.gz	/Users/mitchellparker/Desktop/rascore_build/renum_assembly/6gqw-assembly-1_renum.cif	/Users/mitchellparker/Desktop/rascore_build/sifts/6gqw.xml.gz	/Users/mitchellparker/Desktop/rascore_build/pocket/6gqwD_3_pocket.pdb
6gqwD	6gqw	0	D	Disordered	Disordered	Disordered	Y71in	P 21 21 21 (CF5)	6gqwD4	4	GTPase KRas	RASK_HUMAN	P01116-2	WT	WT	KRAS	3P	WT	None	None	None	None	SP12-Unbound	P 21 21 21	171	1-33:37-60:68-167	2018-06-08	Other	271.5849	0.0021	Unbound	Unbound	94,95,98,99,102	MG,GNP	None	None	None	None	None	None	None	None	None	None	GNP	MG	None	None	None	None	STP	XRAY	2.800	0.189	YFQGMTEYKLVVVGAGGVGKSALTIQLIQNHFVDEYDPTIEDSYRKQVVIDGETCLLDILDTAGHEEYSAMRDQYMRTGEGFLCVFAINNTKSFEDIHHYREQIKRVKDSEDVPMVLVGNKCDLPSRTVDTKQAQDLARSYGIPFIETSAKTRQGVDDAFYTLVREIRKHK	True	63.484	118.538	156.527	90.00	90.00	90.00	/Users/mitchellparker/Desktop/rascore_build/core/6gqwD_core.cif	/Users/mitchellparker/Desktop/rascore_build/rcsb/6gqw.cif.gz	/Users/mitchellparker/Desktop/rascore_build/renum/6gqw_renum.cif	/Users/mitchellparker/Desktop/rascore_build/rcsb_assembly/6gqw-assembly-1.cif.gz	/Users/mitchellparker/Desktop/rascore_build/renum_assembly/6gqw-assembly-1_renum.cif	/Users/mitchellparker/Desktop/rascore_build/sifts/6gqw.xml.gz	/Users/mitchellparker/Desktop/rascore_build/pocket/6gqwD_4_pocket.pdb
6gqwD	6gqw	0	D	Disordered	Disordered	Disordered	Y71in	P 21 21 21 (CF5)	6gqwD5	5	GTPase KRas	RASK_HUMAN	P01116-2	WT	WT	KRAS	3P	WT	None	None	None	None	SP12-Unbound	P 21 21 21	171	1-33:37-60:68-167	2018-06-08	Other	300.2048	0.0004	Unbound	Unbound	97,107,108,109,110,137,138,139,162,165,166	MG,GNP	None	None	None	None	None	None	None	None	None	None	GNP	MG	None	None	None	None	STP	XRAY	2.800	0.189	YFQGMTEYKLVVVGAGGVGKSALTIQLIQNHFVDEYDPTIEDSYRKQVVIDGETCLLDILDTAGHEEYSAMRDQYMRTGEGFLCVFAINNTKSFEDIHHYREQIKRVKDSEDVPMVLVGNKCDLPSRTVDTKQAQDLARSYGIPFIETSAKTRQGVDDAFYTLVREIRKHK	True	63.484	118.538	156.527	90.00	90.00	90.00	/Users/mitchellparker/Desktop/rascore_build/core/6gqwD_core.cif	/Users/mitchellparker/Desktop/rascore_build/rcsb/6gqw.cif.gz	/Users/mitchellparker/Desktop/rascore_build/renum/6gqw_renum.cif	/Users/mitchellparker/Desktop/rascore_build/rcsb_assembly/6gqw-assembly-1.cif.gz	/Users/mitchellparker/Desktop/rascore_build/renum_assembly/6gqw-assembly-1_renum.cif	/Users/mitchellparker/Desktop/rascore_build/sifts/6gqw.xml.gz	/Users/mitchellparker/Desktop/rascore_build/pocket/6gqwD_5_pocket.pdb
6gqwD	6gqw	0	D	Disordered	Disordered	Disordered	Y71in	P 21 21 21 (CF5)	6gqwD6	6	GTPase KRas	RASK_HUMAN	P01116-2	WT	WT	KRAS	3P	WT	None	None	None	None	SP12-Unbound	P 21 21 21	171	1-33:37-60:68-167	2018-06-08	Other	328.4326	0.0004	Unbound	Unbound	98,101,102,105,106,107	MG,GNP	None	None	None	None	None	None	None	None	None	None	GNP	MG	None	None	None	None	STP	XRAY	2.800	0.189	YFQGMTEYKLVVVGAGGVGKSALTIQLIQNHFVDEYDPTIEDSYRKQVVIDGETCLLDILDTAGHEEYSAMRDQYMRTGEGFLCVFAINNTKSFEDIHHYREQIKRVKDSEDVPMVLVGNKCDLPSRTVDTKQAQDLARSYGIPFIETSAKTRQGVDDAFYTLVREIRKHK	True	63.484	118.538	156.527	90.00	90.00	90.00	/Users/mitchellparker/Desktop/rascore_build/core/6gqwD_core.cif	/Users/mitchellparker/Desktop/rascore_build/rcsb/6gqw.cif.gz	/Users/mitchellparker/Desktop/rascore_build/renum/6gqw_renum.cif	/Users/mitchellparker/Desktop/rascore_build/rcsb_assembly/6gqw-assembly-1.cif.gz	/Users/mitchellparker/Desktop/rascore_build/renum_assembly/6gqw-assembly-1_renum.cif	/Users/mitchellparker/Desktop/rascore_build/sifts/6gqw.xml.gz	/Users/mitchellparker/Desktop/rascore_build/pocket/6gqwD_6_pocket.pdb
6gqwD	6gqw	0	D	Disordered	Disordered	Disordered	Y71in	P 21 21 21 (CF5)	6gqwD7	7	GTPase KRas	RASK_HUMAN	P01116-2	WT	WT	KRAS	3P	WT	None	None	None	None	SP12-Unbound	P 21 21 21	171	1-33:37-60:68-167	2018-06-08	Other	292.6983	0.0042	Unbound	Unbound	47,158,161,162,164,165	MG,GNP	None	None	None	None	None	None	None	None	None	None	GNP	MG	None	None	None	None	STP	XRAY	2.800	0.189	YFQGMTEYKLVVVGAGGVGKSALTIQLIQNHFVDEYDPTIEDSYRKQVVIDGETCLLDILDTAGHEEYSAMRDQYMRTGEGFLCVFAINNTKSFEDIHHYREQIKRVKDSEDVPMVLVGNKCDLPSRTVDTKQAQDLARSYGIPFIETSAKTRQGVDDAFYTLVREIRKHK	True	63.484	118.538	156.527	90.00	90.00	90.00	/Users/mitchellparker/Desktop/rascore_build/core/6gqwD_core.cif	/Users/mitchellparker/Desktop/rascore_build/rcsb/6gqw.cif.gz	/Users/mitchellparker/Desktop/rascore_build/renum/6gqw_renum.cif	/Users/mitchellparker/Desktop/rascore_build/rcsb_assembly/6gqw-assembly-1.cif.gz	/Users/mitchellparker/Desktop/rascore_build/renum_assembly/6gqw-assembly-1_renum.cif	/Users/mitchellparker/Desktop/rascore_build/sifts/6gqw.xml.gz	/Users/mitchellparker/Desktop/rascore_build/pocket/6gqwD_7_pocket.pdb
6gqwD	6gqw	0	D	Disordered	Disordered	Disordered	Y71in	P 21 21 21 (CF5)	6gqwD8	8	GTPase KRas	RASK_HUMAN	P01116-2	WT	WT	KRAS	3P	WT	None	None	None	None	SP12-Unbound	P 21 21 21	171	1-33:37-60:68-167	2018-06-08	Other	163.7459	0.0001	Unbound	Unbound	131,134,135,139,141	MG,GNP	None	None	None	None	None	None	None	None	None	None	GNP	MG	None	None	None	None	STP	XRAY	2.800	0.189	YFQGMTEYKLVVVGAGGVGKSALTIQLIQNHFVDEYDPTIEDSYRKQVVIDGETCLLDILDTAGHEEYSAMRDQYMRTGEGFLCVFAINNTKSFEDIHHYREQIKRVKDSEDVPMVLVGNKCDLPSRTVDTKQAQDLARSYGIPFIETSAKTRQGVDDAFYTLVREIRKHK	True	63.484	118.538	156.527	90.00	90.00	90.00	/Users/mitchellparker/Desktop/rascore_build/core/6gqwD_core.cif	/Users/mitchellparker/Desktop/rascore_build/rcsb/6gqw.cif.gz	/Users/mitchellparker/Desktop/rascore_build/renum/6gqw_renum.cif	/Users/mitchellparker/Desktop/rascore_build/rcsb_assembly/6gqw-assembly-1.cif.gz	/Users/mitchellparker/Desktop/rascore_build/renum_assembly/6gqw-assembly-1_renum.cif	/Users/mitchellparker/Desktop/rascore_build/sifts/6gqw.xml.gz	/Users/mitchellparker/Desktop/rascore_build/pocket/6gqwD_8_pocket.pdb
6gqwD	6gqw	0	D	Disordered	Disordered	Disordered	Y71in	P 21 21 21 (CF5)	6gqwD9	9	GTPase KRas	RASK_HUMAN	P01116-2	WT	WT	KRAS	3P	WT	None	None	None	None	SP12-Unbound	P 21 21 21	171	1-33:37-60:68-167	2018-06-08	Other	116.2716	0.0002	Unbound	Unbound	123,124,126,129	MG,GNP	None	None	None	None	None	None	None	None	None	None	GNP	MG	None	None	None	None	STP	XRAY	2.800	0.189	YFQGMTEYKLVVVGAGGVGKSALTIQLIQNHFVDEYDPTIEDSYRKQVVIDGETCLLDILDTAGHEEYSAMRDQYMRTGEGFLCVFAINNTKSFEDIHHYREQIKRVKDSEDVPMVLVGNKCDLPSRTVDTKQAQDLARSYGIPFIETSAKTRQGVDDAFYTLVREIRKHK	True	63.484	118.538	156.527	90.00	90.00	90.00	/Users/mitchellparker/Desktop/rascore_build/core/6gqwD_core.cif	/Users/mitchellparker/Desktop/rascore_build/rcsb/6gqw.cif.gz	/Users/mitchellparker/Desktop/rascore_build/renum/6gqw_renum.cif	/Users/mitchellparker/Desktop/rascore_build/rcsb_assembly/6gqw-assembly-1.cif.gz	/Users/mitchellparker/Desktop/rascore_build/renum_assembly/6gqw-assembly-1_renum.cif	/Users/mitchellparker/Desktop/rascore_build/sifts/6gqw.xml.gz	/Users/mitchellparker/Desktop/rascore_build/pocket/6gqwD_9_pocket.pdb
6gqwE	6gqw	0	E	Disordered	Disordered	Disordered	Y71in	P 21 21 21 (CF5)	6gqwE2	2	GTPase KRas	RASK_HUMAN	P01116-2	T20V	T20	KRAS	3P	Other	None	None	None	None	SP12-Unbound	P 21 21 21	171	1-34:37-60:68-167	2018-06-08	SP12	519.7866	0.2889	Unbound	Unbound	5,6,7,39,40,41,54,55,56,74,75	MG,GNP	None	None	None	None	None	None	None	None	None	None	GNP	MG	None	None	None	None	STP	XRAY	2.800	0.189	YFQGMTEYKLVVVGAGGVGKSALVIQLIQNHFVDEYDPTIEDSYRKQVVIDGETCLLDILDTAGHEEYSAMRDQYMRTGEGFLCVFAINNTKSFEDIHHYREQIKRVKDSEDVPMVLVGNKCDLPSRTVDTKQAQDLARSYGIPFIETSAKTRQGVDDAFYTLVREIRKHK	True	63.484	118.538	156.527	90.00	90.00	90.00	/Users/mitchellparker/Desktop/rascore_build/core/6gqwE_core.cif	/Users/mitchellparker/Desktop/rascore_build/rcsb/6gqw.cif.gz	/Users/mitchellparker/Desktop/rascore_build/renum/6gqw_renum.cif	/Users/mitchellparker/Desktop/rascore_build/rcsb_assembly/6gqw-assembly-1.cif.gz	/Users/mitchellparker/Desktop/rascore_build/renum_assembly/6gqw-assembly-1_renum.cif	/Users/mitchellparker/Desktop/rascore_build/sifts/6gqw.xml.gz	/Users/mitchellparker/Desktop/rascore_build/pocket/6gqwE_2_pocket.pdb
6gqwE	6gqw	0	E	Disordered	Disordered	Disordered	Y71in	P 21 21 21 (CF5)	6gqwE3	3	GTPase KRas	RASK_HUMAN	P01116-2	T20V	T20	KRAS	3P	Other	None	None	None	None	SP12-Unbound	P 21 21 21	171	1-34:37-60:68-167	2018-06-08	Other	298.2033	0.0001	Unbound	Unbound	97,107,108,109,110,137,138,139,162,165,166	MG,GNP	None	None	None	None	None	None	None	None	None	None	GNP	MG	None	None	None	None	STP	XRAY	2.800	0.189	YFQGMTEYKLVVVGAGGVGKSALVIQLIQNHFVDEYDPTIEDSYRKQVVIDGETCLLDILDTAGHEEYSAMRDQYMRTGEGFLCVFAINNTKSFEDIHHYREQIKRVKDSEDVPMVLVGNKCDLPSRTVDTKQAQDLARSYGIPFIETSAKTRQGVDDAFYTLVREIRKHK	True	63.484	118.538	156.527	90.00	90.00	90.00	/Users/mitchellparker/Desktop/rascore_build/core/6gqwE_core.cif	/Users/mitchellparker/Desktop/rascore_build/rcsb/6gqw.cif.gz	/Users/mitchellparker/Desktop/rascore_build/renum/6gqw_renum.cif	/Users/mitchellparker/Desktop/rascore_build/rcsb_assembly/6gqw-assembly-1.cif.gz	/Users/mitchellparker/Desktop/rascore_build/renum_assembly/6gqw-assembly-1_renum.cif	/Users/mitchellparker/Desktop/rascore_build/sifts/6gqw.xml.gz	/Users/mitchellparker/Desktop/rascore_build/pocket/6gqwE_3_pocket.pdb
6gqwE	6gqw	0	E	Disordered	Disordered	Disordered	Y71in	P 21 21 21 (CF5)	6gqwE4	4	GTPase KRas	RASK_HUMAN	P01116-2	T20V	T20	KRAS	3P	Other	None	None	None	None	SP12-Unbound	P 21 21 21	171	1-34:37-60:68-167	2018-06-08	Other	280.9732	0.0105	Unbound	Unbound	76,104,106,108,109,110,163,166,167	MG,GNP	None	None	None	None	None	None	None	None	None	None	GNP	MG	None	None	None	None	STP	XRAY	2.800	0.189	YFQGMTEYKLVVVGAGGVGKSALVIQLIQNHFVDEYDPTIEDSYRKQVVIDGETCLLDILDTAGHEEYSAMRDQYMRTGEGFLCVFAINNTKSFEDIHHYREQIKRVKDSEDVPMVLVGNKCDLPSRTVDTKQAQDLARSYGIPFIETSAKTRQGVDDAFYTLVREIRKHK	True	63.484	118.538	156.527	90.00	90.00	90.00	/Users/mitchellparker/Desktop/rascore_build/core/6gqwE_core.cif	/Users/mitchellparker/Desktop/rascore_build/rcsb/6gqw.cif.gz	/Users/mitchellparker/Desktop/rascore_build/renum/6gqw_renum.cif	/Users/mitchellparker/Desktop/rascore_build/rcsb_assembly/6gqw-assembly-1.cif.gz	/Users/mitchellparker/Desktop/rascore_build/renum_assembly/6gqw-assembly-1_renum.cif	/Users/mitchellparker/Desktop/rascore_build/sifts/6gqw.xml.gz	/Users/mitchellparker/Desktop/rascore_build/pocket/6gqwE_4_pocket.pdb
6gqwE	6gqw	0	E	Disordered	Disordered	Disordered	Y71in	P 21 21 21 (CF5)	6gqwE5	5	GTPase KRas	RASK_HUMAN	P01116-2	T20V	T20	KRAS	3P	Other	None	None	None	None	SP12-Unbound	P 21 21 21	171	1-34:37-60:68-167	2018-06-08	Other	221.8258	0.0003	Unbound	Unbound	11,12,60,86,88,89,92,96	MG,GNP	None	None	None	None	None	None	None	None	None	None	GNP	MG	None	None	None	None	STP	XRAY	2.800	0.189	YFQGMTEYKLVVVGAGGVGKSALVIQLIQNHFVDEYDPTIEDSYRKQVVIDGETCLLDILDTAGHEEYSAMRDQYMRTGEGFLCVFAINNTKSFEDIHHYREQIKRVKDSEDVPMVLVGNKCDLPSRTVDTKQAQDLARSYGIPFIETSAKTRQGVDDAFYTLVREIRKHK	True	63.484	118.538	156.527	90.00	90.00	90.00	/Users/mitchellparker/Desktop/rascore_build/core/6gqwE_core.cif	/Users/mitchellparker/Desktop/rascore_build/rcsb/6gqw.cif.gz	/Users/mitchellparker/Desktop/rascore_build/renum/6gqw_renum.cif	/Users/mitchellparker/Desktop/rascore_build/rcsb_assembly/6gqw-assembly-1.cif.gz	/Users/mitchellparker/Desktop/rascore_build/renum_assembly/6gqw-assembly-1_renum.cif	/Users/mitchellparker/Desktop/rascore_build/sifts/6gqw.xml.gz	/Users/mitchellparker/Desktop/rascore_build/pocket/6gqwE_5_pocket.pdb
6gqwE	6gqw	0	E	Disordered	Disordered	Disordered	Y71in	P 21 21 21 (CF5)	6gqwE6	6	GTPase KRas	RASK_HUMAN	P01116-2	T20V	T20	KRAS	3P	Other	None	None	None	None	SP12-Unbound	P 21 21 21	171	1-34:37-60:68-167	2018-06-08	Other	333.5088	0.0018	Unbound	Unbound	1,2,43,48,49,50	MG,GNP	None	None	None	None	None	None	None	None	None	None	GNP	MG	None	None	None	None	STP	XRAY	2.800	0.189	YFQGMTEYKLVVVGAGGVGKSALVIQLIQNHFVDEYDPTIEDSYRKQVVIDGETCLLDILDTAGHEEYSAMRDQYMRTGEGFLCVFAINNTKSFEDIHHYREQIKRVKDSEDVPMVLVGNKCDLPSRTVDTKQAQDLARSYGIPFIETSAKTRQGVDDAFYTLVREIRKHK	True	63.484	118.538	156.527	90.00	90.00	90.00	/Users/mitchellparker/Desktop/rascore_build/core/6gqwE_core.cif	/Users/mitchellparker/Desktop/rascore_build/rcsb/6gqw.cif.gz	/Users/mitchellparker/Desktop/rascore_build/renum/6gqw_renum.cif	/Users/mitchellparker/Desktop/rascore_build/rcsb_assembly/6gqw-assembly-1.cif.gz	/Users/mitchellparker/Desktop/rascore_build/renum_assembly/6gqw-assembly-1_renum.cif	/Users/mitchellparker/Desktop/rascore_build/sifts/6gqw.xml.gz	/Users/mitchellparker/Desktop/rascore_build/pocket/6gqwE_6_pocket.pdb
6gqwF	6gqw	0	F	Disordered	Disordered	Y32in	Y71in	P 21 21 21 (CF5)	6gqwF2	2	GTPase KRas	RASK_HUMAN	P01116-2	WT	WT	KRAS	3P	WT	SP12	SP12.Biphenyl	None	None	SP12-Bound	P 21 21 21	171	1-35:37-60:66-167	2018-06-08	SP12	402.2711	0.8057	Bound	SP12	5,6,7,39,40,41,54,55,56,74,75	MG,GNP,F8T	None	F8T:56,54,5,7,6,74,40,55,71,41,39	None	None	SP12	SP12.Biphenyl	F8T:COc1cccc(-c2ccc(Nc3ccc(C[NH+](C)C)cc3)cc2)c1	None	None	None	GNP	MG	F8T	None	None	None	F8T	XRAY	2.800	0.189	YFQGMTEYKLVVVGAGGVGKSALTIQLIQNHFVDEYDPTIEDSYRKQVVIDGETCLLDILDTAGHEEYSAMRDQYMRTGEGFLCVFAINNTKSFEDIHHYREQIKRVKDSEDVPMVLVGNKCDLPSRTVDTKQAQDLARSYGIPFIETSAKTRQGVDDAFYTLVREIRKHK	True	63.484	118.538	156.527	90.00	90.00	90.00	/Users/mitchellparker/Desktop/rascore_build/core/6gqwF_core.cif	/Users/mitchellparker/Desktop/rascore_build/rcsb/6gqw.cif.gz	/Users/mitchellparker/Desktop/rascore_build/renum/6gqw_renum.cif	/Users/mitchellparker/Desktop/rascore_build/rcsb_assembly/6gqw-assembly-1.cif.gz	/Users/mitchellparker/Desktop/rascore_build/renum_assembly/6gqw-assembly-1_renum.cif	/Users/mitchellparker/Desktop/rascore_build/sifts/6gqw.xml.gz	/Users/mitchellparker/Desktop/rascore_build/pocket/6gqwF_2_pocket.pdb
6gqxA	6gqx	0	A	Y32in.3P-ON	Y71in.3P-SP12-B	Y32in	Y71in	P 21 21 21 (CF5)	6gqxA2	2	GTPase KRas	RASK_HUMAN	P01116-2	Q61H	Q61	KRAS	3P	Q61H	SP12	SP12.Biphenyl	None	None	SP12-Bound	P 21 21 21	171	1-167	2018-06-08	SP12	470.6996	0.5097	Bound	SP12	5,6,7,39,40,41,54,55,56,71,74,75	MG,GNP,F8K	None	F8K:54,56,6,5,7,74,75,71,55,39,40,3,41	None	None	SP12	SP12.Biphenyl	F8K:COc1cccc(-c2ccc(Nc3ccc(C[NH+](C)C)cc3)c(OC)c2)c1	None	None	None	GNP	MG	F8K	None	None	None	F8K	XRAY	2.200	0.203	YFQGMTEYKLVVVGAGGVGKSALTIQLIQNHFVDEYDPTIEDSYRKQVVIDGETCLLDILDTAGHEEYSAMRDQYMRTGEGFLCVFAINNTKSFEDIHHYREQIKRVKDSEDVPMVLVGNKCDLPSRTVDTKQAQDLARSYGIPFIETSAKTRQGVDDAFYTLVREIRKHK	True	63.187	118.032	156.371	90.00	90.00	90.00	/Users/mitchellparker/Desktop/rascore_build/core/6gqxA_core.cif	/Users/mitchellparker/Desktop/rascore_build/rcsb/6gqx.cif.gz	/Users/mitchellparker/Desktop/rascore_build/renum/6gqx_renum.cif	/Users/mitchellparker/Desktop/rascore_build/rcsb_assembly/6gqx-assembly-1.cif.gz	/Users/mitchellparker/Desktop/rascore_build/renum_assembly/6gqx-assembly-1_renum.cif	/Users/mitchellparker/Desktop/rascore_build/sifts/6gqx.xml.gz	/Users/mitchellparker/Desktop/rascore_build/pocket/6gqxA_2_pocket.pdb
6gqxB	6gqx	0	B	Y32in.3P-ON	Disordered	Y32in	Y71in	P 21 21 21 (CF5)	6gqxB2	2	GTPase KRas	RASK_HUMAN	P01116-2	Q61H	Q61	KRAS	3P	Q61H	SP12	SP12.Biphenyl	None	None	SP12-Bound	P 21 21 21	170	1-63:65-167	2018-06-08	SP12	385.3337	0.2597	Bound	SP12	5,6,7,39,40,41,54,55,56,74,75	MG,GNP,F8K	None	F8K:6,5,56,54,7,74,55,39,40,71,41	None	None	SP12	SP12.Biphenyl	F8K:COc1cccc(-c2ccc(Nc3ccc(C[NH+](C)C)cc3)c(OC)c2)c1	None	None	None	GNP	MG	F8K	None	None	None	F8K	XRAY	2.200	0.203	FQGMTEYKLVVVGAGGVGKSALTIQLIQNHFVDEYDPTIEDSYRKQVVIDGETCLLDILDTAGHEEYSAMRDQYMRTGEGFLCVFAINNTKSFEDIHHYREQIKRVKDSEDVPMVLVGNKCDLPSRTVDTKQAQDLARSYGIPFIETSAKTRQGVDDAFYTLVREIRKHK	True	63.187	118.032	156.371	90.00	90.00	90.00	/Users/mitchellparker/Desktop/rascore_build/core/6gqxB_core.cif	/Users/mitchellparker/Desktop/rascore_build/rcsb/6gqx.cif.gz	/Users/mitchellparker/Desktop/rascore_build/renum/6gqx_renum.cif	/Users/mitchellparker/Desktop/rascore_build/rcsb_assembly/6gqx-assembly-1.cif.gz	/Users/mitchellparker/Desktop/rascore_build/renum_assembly/6gqx-assembly-1_renum.cif	/Users/mitchellparker/Desktop/rascore_build/sifts/6gqx.xml.gz	/Users/mitchellparker/Desktop/rascore_build/pocket/6gqxB_2_pocket.pdb
6gqxC	6gqx	0	C	Y32in.3P-ON	Disordered	Y32in	Y71in	P 21 21 21 (CF5)	6gqxC2	2	GTPase KRas	RASK_HUMAN	P01116-2	WT	WT	KRAS	3P	WT	SP12	SP12.Biphenyl	None	None	SP12-Bound	P 21 21 21	171	1-60:65-167	2018-06-08	SP12	357.0754	0.1707	Bound	SP12	5,6,7,39,40,41,54,55,56,74,75	MG,GNP,F8K	None	F8K:56,54,5,6,7,75,74,39,55,40,71,41	None	None	SP12	SP12.Biphenyl	F8K:COc1cccc(-c2ccc(Nc3ccc(C[NH+](C)C)cc3)c(OC)c2)c1	None	None	None	GNP	MG	F8K	None	None	None	F8K	XRAY	2.200	0.203	YFQGMTEYKLVVVGAGGVGKSALTIQLIQNHFVDEYDPTIEDSYRKQVVIDGETCLLDILDTAGHEEYSAMRDQYMRTGEGFLCVFAINNTKSFEDIHHYREQIKRVKDSEDVPMVLVGNKCDLPSRTVDTKQAQDLARSYGIPFIETSAKTRQGVDDAFYTLVREIRKHK	True	63.187	118.032	156.371	90.00	90.00	90.00	/Users/mitchellparker/Desktop/rascore_build/core/6gqxC_core.cif	/Users/mitchellparker/Desktop/rascore_build/rcsb/6gqx.cif.gz	/Users/mitchellparker/Desktop/rascore_build/renum/6gqx_renum.cif	/Users/mitchellparker/Desktop/rascore_build/rcsb_assembly/6gqx-assembly-1.cif.gz	/Users/mitchellparker/Desktop/rascore_build/renum_assembly/6gqx-assembly-1_renum.cif	/Users/mitchellparker/Desktop/rascore_build/sifts/6gqx.xml.gz	/Users/mitchellparker/Desktop/rascore_build/pocket/6gqxC_2_pocket.pdb
6gqxD	6gqx	0	D	Disordered	Disordered	Disordered	Y71in	P 21 21 21 (CF5)	6gqxD2	2	GTPase KRas	RASK_HUMAN	P01116-2	WT	WT	KRAS	3P	WT	None	None	None	None	SP12-Unbound	P 21 21 21	171	1-31:38-60:67-167	2018-06-08	SP12	397.8294	0.2912	Unbound	Unbound	5,6,7,39,40,41,54,55,56,74,75	GNP	None	None	None	None	None	None	None	None	None	None	GNP	None	None	None	None	None	STP	XRAY	2.200	0.203	YFQGMTEYKLVVVGAGGVGKSALTIQLIQNHFVDEYDPTIEDSYRKQVVIDGETCLLDILDTAGHEEYSAMRDQYMRTGEGFLCVFAINNTKSFEDIHHYREQIKRVKDSEDVPMVLVGNKCDLPSRTVDTKQAQDLARSYGIPFIETSAKTRQGVDDAFYTLVREIRKHK	True	63.187	118.032	156.371	90.00	90.00	90.00	/Users/mitchellparker/Desktop/rascore_build/core/6gqxD_core.cif	/Users/mitchellparker/Desktop/rascore_build/rcsb/6gqx.cif.gz	/Users/mitchellparker/Desktop/rascore_build/renum/6gqx_renum.cif	/Users/mitchellparker/Desktop/rascore_build/rcsb_assembly/6gqx-assembly-1.cif.gz	/Users/mitchellparker/Desktop/rascore_build/renum_assembly/6gqx-assembly-1_renum.cif	/Users/mitchellparker/Desktop/rascore_build/sifts/6gqx.xml.gz	/Users/mitchellparker/Desktop/rascore_build/pocket/6gqxD_2_pocket.pdb
6gqxD	6gqx	0	D	Disordered	Disordered	Disordered	Y71in	P 21 21 21 (CF5)	6gqxD3	3	GTPase KRas	RASK_HUMAN	P01116-2	WT	WT	KRAS	3P	WT	None	None	None	None	SP12-Unbound	P 21 21 21	171	1-31:38-60:67-167	2018-06-08	Other	317.6682	0.0005	Unbound	Unbound	97,107,108,109,110,111,137,138,139,162,165,166	GNP	None	None	None	None	None	None	None	None	None	None	GNP	None	None	None	None	None	STP	XRAY	2.200	0.203	YFQGMTEYKLVVVGAGGVGKSALTIQLIQNHFVDEYDPTIEDSYRKQVVIDGETCLLDILDTAGHEEYSAMRDQYMRTGEGFLCVFAINNTKSFEDIHHYREQIKRVKDSEDVPMVLVGNKCDLPSRTVDTKQAQDLARSYGIPFIETSAKTRQGVDDAFYTLVREIRKHK	True	63.187	118.032	156.371	90.00	90.00	90.00	/Users/mitchellparker/Desktop/rascore_build/core/6gqxD_core.cif	/Users/mitchellparker/Desktop/rascore_build/rcsb/6gqx.cif.gz	/Users/mitchellparker/Desktop/rascore_build/renum/6gqx_renum.cif	/Users/mitchellparker/Desktop/rascore_build/rcsb_assembly/6gqx-assembly-1.cif.gz	/Users/mitchellparker/Desktop/rascore_build/renum_assembly/6gqx-assembly-1_renum.cif	/Users/mitchellparker/Desktop/rascore_build/sifts/6gqx.xml.gz	/Users/mitchellparker/Desktop/rascore_build/pocket/6gqxD_3_pocket.pdb
6gqxD	6gqx	0	D	Disordered	Disordered	Disordered	Y71in	P 21 21 21 (CF5)	6gqxD4	4	GTPase KRas	RASK_HUMAN	P01116-2	WT	WT	KRAS	3P	WT	None	None	None	None	SP12-Unbound	P 21 21 21	171	1-31:38-60:67-167	2018-06-08	Other	265.2846	0.0284	Unbound	Unbound	76,104,106,109,110,163,166,167	GNP	None	None	None	None	None	None	None	None	None	None	GNP	None	None	None	None	None	STP	XRAY	2.200	0.203	YFQGMTEYKLVVVGAGGVGKSALTIQLIQNHFVDEYDPTIEDSYRKQVVIDGETCLLDILDTAGHEEYSAMRDQYMRTGEGFLCVFAINNTKSFEDIHHYREQIKRVKDSEDVPMVLVGNKCDLPSRTVDTKQAQDLARSYGIPFIETSAKTRQGVDDAFYTLVREIRKHK	True	63.187	118.032	156.371	90.00	90.00	90.00	/Users/mitchellparker/Desktop/rascore_build/core/6gqxD_core.cif	/Users/mitchellparker/Desktop/rascore_build/rcsb/6gqx.cif.gz	/Users/mitchellparker/Desktop/rascore_build/renum/6gqx_renum.cif	/Users/mitchellparker/Desktop/rascore_build/rcsb_assembly/6gqx-assembly-1.cif.gz	/Users/mitchellparker/Desktop/rascore_build/renum_assembly/6gqx-assembly-1_renum.cif	/Users/mitchellparker/Desktop/rascore_build/sifts/6gqx.xml.gz	/Users/mitchellparker/Desktop/rascore_build/pocket/6gqxD_4_pocket.pdb
6gqxD	6gqx	0	D	Disordered	Disordered	Disordered	Y71in	P 21 21 21 (CF5)	6gqxD5	5	GTPase KRas	RASK_HUMAN	P01116-2	WT	WT	KRAS	3P	WT	None	None	None	None	SP12-Unbound	P 21 21 21	171	1-31:38-60:67-167	2018-06-08	Other	290.8547	0.0015	Unbound	Unbound	94,95,98,99,102	GNP	None	None	None	None	None	None	None	None	None	None	GNP	None	None	None	None	None	STP	XRAY	2.200	0.203	YFQGMTEYKLVVVGAGGVGKSALTIQLIQNHFVDEYDPTIEDSYRKQVVIDGETCLLDILDTAGHEEYSAMRDQYMRTGEGFLCVFAINNTKSFEDIHHYREQIKRVKDSEDVPMVLVGNKCDLPSRTVDTKQAQDLARSYGIPFIETSAKTRQGVDDAFYTLVREIRKHK	True	63.187	118.032	156.371	90.00	90.00	90.00	/Users/mitchellparker/Desktop/rascore_build/core/6gqxD_core.cif	/Users/mitchellparker/Desktop/rascore_build/rcsb/6gqx.cif.gz	/Users/mitchellparker/Desktop/rascore_build/renum/6gqx_renum.cif	/Users/mitchellparker/Desktop/rascore_build/rcsb_assembly/6gqx-assembly-1.cif.gz	/Users/mitchellparker/Desktop/rascore_build/renum_assembly/6gqx-assembly-1_renum.cif	/Users/mitchellparker/Desktop/rascore_build/sifts/6gqx.xml.gz	/Users/mitchellparker/Desktop/rascore_build/pocket/6gqxD_5_pocket.pdb
6gqxD	6gqx	0	D	Disordered	Disordered	Disordered	Y71in	P 21 21 21 (CF5)	6gqxD6	6	GTPase KRas	RASK_HUMAN	P01116-2	WT	WT	KRAS	3P	WT	None	None	None	None	SP12-Unbound	P 21 21 21	171	1-31:38-60:67-167	2018-06-08	Other	234.5973	0.0002	Unbound	Unbound	131,134,135,139,141	GNP	None	None	None	None	None	None	None	None	None	None	GNP	None	None	None	None	None	STP	XRAY	2.200	0.203	YFQGMTEYKLVVVGAGGVGKSALTIQLIQNHFVDEYDPTIEDSYRKQVVIDGETCLLDILDTAGHEEYSAMRDQYMRTGEGFLCVFAINNTKSFEDIHHYREQIKRVKDSEDVPMVLVGNKCDLPSRTVDTKQAQDLARSYGIPFIETSAKTRQGVDDAFYTLVREIRKHK	True	63.187	118.032	156.371	90.00	90.00	90.00	/Users/mitchellparker/Desktop/rascore_build/core/6gqxD_core.cif	/Users/mitchellparker/Desktop/rascore_build/rcsb/6gqx.cif.gz	/Users/mitchellparker/Desktop/rascore_build/renum/6gqx_renum.cif	/Users/mitchellparker/Desktop/rascore_build/rcsb_assembly/6gqx-assembly-1.cif.gz	/Users/mitchellparker/Desktop/rascore_build/renum_assembly/6gqx-assembly-1_renum.cif	/Users/mitchellparker/Desktop/rascore_build/sifts/6gqx.xml.gz	/Users/mitchellparker/Desktop/rascore_build/pocket/6gqxD_6_pocket.pdb
6gqxD	6gqx	0	D	Disordered	Disordered	Disordered	Y71in	P 21 21 21 (CF5)	6gqxD7	7	GTPase KRas	RASK_HUMAN	P01116-2	WT	WT	KRAS	3P	WT	None	None	None	None	SP12-Unbound	P 21 21 21	171	1-31:38-60:67-167	2018-06-08	Other	261.2897	0.0047	Unbound	Unbound	47,158,161,162,164,165	GNP	None	None	None	None	None	None	None	None	None	None	GNP	None	None	None	None	None	STP	XRAY	2.200	0.203	YFQGMTEYKLVVVGAGGVGKSALTIQLIQNHFVDEYDPTIEDSYRKQVVIDGETCLLDILDTAGHEEYSAMRDQYMRTGEGFLCVFAINNTKSFEDIHHYREQIKRVKDSEDVPMVLVGNKCDLPSRTVDTKQAQDLARSYGIPFIETSAKTRQGVDDAFYTLVREIRKHK	True	63.187	118.032	156.371	90.00	90.00	90.00	/Users/mitchellparker/Desktop/rascore_build/core/6gqxD_core.cif	/Users/mitchellparker/Desktop/rascore_build/rcsb/6gqx.cif.gz	/Users/mitchellparker/Desktop/rascore_build/renum/6gqx_renum.cif	/Users/mitchellparker/Desktop/rascore_build/rcsb_assembly/6gqx-assembly-1.cif.gz	/Users/mitchellparker/Desktop/rascore_build/renum_assembly/6gqx-assembly-1_renum.cif	/Users/mitchellparker/Desktop/rascore_build/sifts/6gqx.xml.gz	/Users/mitchellparker/Desktop/rascore_build/pocket/6gqxD_7_pocket.pdb
6gqxE	6gqx	0	E	Disordered	Disordered	Disordered	Y71in	P 21 21 21 (CF5)	6gqxE2	2	GTPase KRas	RASK_HUMAN	P01116-2	WT	WT	KRAS	3P	WT	None	None	None	None	Other-Unbound	P 21 21 21	171	1-31:38-59:65-167	2018-06-08	Other	257.1350	0.0002	Unbound	Unbound	97,107,108,109,110,137,138,139,162,165,166	GNP	None	None	None	None	None	None	None	None	None	None	GNP	None	None	None	None	None	STP	XRAY	2.200	0.203	YFQGMTEYKLVVVGAGGVGKSALTIQLIQNHFVDEYDPTIEDSYRKQVVIDGETCLLDILDTAGHEEYSAMRDQYMRTGEGFLCVFAINNTKSFEDIHHYREQIKRVKDSEDVPMVLVGNKCDLPSRTVDTKQAQDLARSYGIPFIETSAKTRQGVDDAFYTLVREIRKHK	True	63.187	118.032	156.371	90.00	90.00	90.00	/Users/mitchellparker/Desktop/rascore_build/core/6gqxE_core.cif	/Users/mitchellparker/Desktop/rascore_build/rcsb/6gqx.cif.gz	/Users/mitchellparker/Desktop/rascore_build/renum/6gqx_renum.cif	/Users/mitchellparker/Desktop/rascore_build/rcsb_assembly/6gqx-assembly-1.cif.gz	/Users/mitchellparker/Desktop/rascore_build/renum_assembly/6gqx-assembly-1_renum.cif	/Users/mitchellparker/Desktop/rascore_build/sifts/6gqx.xml.gz	/Users/mitchellparker/Desktop/rascore_build/pocket/6gqxE_2_pocket.pdb
6gqxE	6gqx	0	E	Disordered	Disordered	Disordered	Y71in	P 21 21 21 (CF5)	6gqxE3	3	GTPase KRas	RASK_HUMAN	P01116-2	WT	WT	KRAS	3P	WT	None	None	None	None	Other-Unbound	P 21 21 21	171	1-31:38-59:65-167	2018-06-08	Other	281.7368	0.0126	Unbound	Unbound	76,104,106,108,109,110,163,166,167	GNP	None	None	None	None	None	None	None	None	None	None	GNP	None	None	None	None	None	STP	XRAY	2.200	0.203	YFQGMTEYKLVVVGAGGVGKSALTIQLIQNHFVDEYDPTIEDSYRKQVVIDGETCLLDILDTAGHEEYSAMRDQYMRTGEGFLCVFAINNTKSFEDIHHYREQIKRVKDSEDVPMVLVGNKCDLPSRTVDTKQAQDLARSYGIPFIETSAKTRQGVDDAFYTLVREIRKHK	True	63.187	118.032	156.371	90.00	90.00	90.00	/Users/mitchellparker/Desktop/rascore_build/core/6gqxE_core.cif	/Users/mitchellparker/Desktop/rascore_build/rcsb/6gqx.cif.gz	/Users/mitchellparker/Desktop/rascore_build/renum/6gqx_renum.cif	/Users/mitchellparker/Desktop/rascore_build/rcsb_assembly/6gqx-assembly-1.cif.gz	/Users/mitchellparker/Desktop/rascore_build/renum_assembly/6gqx-assembly-1_renum.cif	/Users/mitchellparker/Desktop/rascore_build/sifts/6gqx.xml.gz	/Users/mitchellparker/Desktop/rascore_build/pocket/6gqxE_3_pocket.pdb
6gqxE	6gqx	0	E	Disordered	Disordered	Disordered	Y71in	P 21 21 21 (CF5)	6gqxE4	4	GTPase KRas	RASK_HUMAN	P01116-2	WT	WT	KRAS	3P	WT	None	None	None	None	Other-Unbound	P 21 21 21	171	1-31:38-59:65-167	2018-06-08	Other	249.3694	0.0057	Unbound	Unbound	47,158,161,162,164,165	GNP	None	None	None	None	None	None	None	None	None	None	GNP	None	None	None	None	None	STP	XRAY	2.200	0.203	YFQGMTEYKLVVVGAGGVGKSALTIQLIQNHFVDEYDPTIEDSYRKQVVIDGETCLLDILDTAGHEEYSAMRDQYMRTGEGFLCVFAINNTKSFEDIHHYREQIKRVKDSEDVPMVLVGNKCDLPSRTVDTKQAQDLARSYGIPFIETSAKTRQGVDDAFYTLVREIRKHK	True	63.187	118.032	156.371	90.00	90.00	90.00	/Users/mitchellparker/Desktop/rascore_build/core/6gqxE_core.cif	/Users/mitchellparker/Desktop/rascore_build/rcsb/6gqx.cif.gz	/Users/mitchellparker/Desktop/rascore_build/renum/6gqx_renum.cif	/Users/mitchellparker/Desktop/rascore_build/rcsb_assembly/6gqx-assembly-1.cif.gz	/Users/mitchellparker/Desktop/rascore_build/renum_assembly/6gqx-assembly-1_renum.cif	/Users/mitchellparker/Desktop/rascore_build/sifts/6gqx.xml.gz	/Users/mitchellparker/Desktop/rascore_build/pocket/6gqxE_4_pocket.pdb
6gqxF	6gqx	0	F	Disordered	Disordered	Disordered	Y71in	P 21 21 21 (CF5)	6gqxF2	2	GTPase KRas	RASK_HUMAN	P01116-2	WT	WT	KRAS	3P	WT	None	None	None	None	SP12-Unbound	P 21 21 21	171	1-31:38-60:65-167	2018-06-08	SP12	426.9096	0.1853	Unbound	Unbound	5,6,7,39,40,41,54,55,56,74,75	GNP	None	None	None	None	None	None	None	None	None	None	GNP	None	None	None	None	None	STP	XRAY	2.200	0.203	YFQGMTEYKLVVVGAGGVGKSALTIQLIQNHFVDEYDPTIEDSYRKQVVIDGETCLLDILDTAGHEEYSAMRDQYMRTGEGFLCVFAINNTKSFEDIHHYREQIKRVKDSEDVPMVLVGNKCDLPSRTVDTKQAQDLARSYGIPFIETSAKTRQGVDDAFYTLVREIRKHK	True	63.187	118.032	156.371	90.00	90.00	90.00	/Users/mitchellparker/Desktop/rascore_build/core/6gqxF_core.cif	/Users/mitchellparker/Desktop/rascore_build/rcsb/6gqx.cif.gz	/Users/mitchellparker/Desktop/rascore_build/renum/6gqx_renum.cif	/Users/mitchellparker/Desktop/rascore_build/rcsb_assembly/6gqx-assembly-1.cif.gz	/Users/mitchellparker/Desktop/rascore_build/renum_assembly/6gqx-assembly-1_renum.cif	/Users/mitchellparker/Desktop/rascore_build/sifts/6gqx.xml.gz	/Users/mitchellparker/Desktop/rascore_build/pocket/6gqxF_2_pocket.pdb
6gqxF	6gqx	0	F	Disordered	Disordered	Disordered	Y71in	P 21 21 21 (CF5)	6gqxF3	3	GTPase KRas	RASK_HUMAN	P01116-2	WT	WT	KRAS	3P	WT	None	None	None	None	SP12-Unbound	P 21 21 21	171	1-31:38-60:65-167	2018-06-08	Other	243.1344	0.0004	Unbound	Unbound	97,107,108,109,110,111,137,138,139,162,165,166	GNP	None	None	None	None	None	None	None	None	None	None	GNP	None	None	None	None	None	STP	XRAY	2.200	0.203	YFQGMTEYKLVVVGAGGVGKSALTIQLIQNHFVDEYDPTIEDSYRKQVVIDGETCLLDILDTAGHEEYSAMRDQYMRTGEGFLCVFAINNTKSFEDIHHYREQIKRVKDSEDVPMVLVGNKCDLPSRTVDTKQAQDLARSYGIPFIETSAKTRQGVDDAFYTLVREIRKHK	True	63.187	118.032	156.371	90.00	90.00	90.00	/Users/mitchellparker/Desktop/rascore_build/core/6gqxF_core.cif	/Users/mitchellparker/Desktop/rascore_build/rcsb/6gqx.cif.gz	/Users/mitchellparker/Desktop/rascore_build/renum/6gqx_renum.cif	/Users/mitchellparker/Desktop/rascore_build/rcsb_assembly/6gqx-assembly-1.cif.gz	/Users/mitchellparker/Desktop/rascore_build/renum_assembly/6gqx-assembly-1_renum.cif	/Users/mitchellparker/Desktop/rascore_build/sifts/6gqx.xml.gz	/Users/mitchellparker/Desktop/rascore_build/pocket/6gqxF_3_pocket.pdb
6gqxF	6gqx	0	F	Disordered	Disordered	Disordered	Y71in	P 21 21 21 (CF5)	6gqxF4	4	GTPase KRas	RASK_HUMAN	P01116-2	WT	WT	KRAS	3P	WT	None	None	None	None	SP12-Unbound	P 21 21 21	171	1-31:38-60:65-167	2018-06-08	Other	267.0597	0.0025	Unbound	Unbound	47,158,161,162,164,165	GNP	None	None	None	None	None	None	None	None	None	None	GNP	None	None	None	None	None	STP	XRAY	2.200	0.203	YFQGMTEYKLVVVGAGGVGKSALTIQLIQNHFVDEYDPTIEDSYRKQVVIDGETCLLDILDTAGHEEYSAMRDQYMRTGEGFLCVFAINNTKSFEDIHHYREQIKRVKDSEDVPMVLVGNKCDLPSRTVDTKQAQDLARSYGIPFIETSAKTRQGVDDAFYTLVREIRKHK	True	63.187	118.032	156.371	90.00	90.00	90.00	/Users/mitchellparker/Desktop/rascore_build/core/6gqxF_core.cif	/Users/mitchellparker/Desktop/rascore_build/rcsb/6gqx.cif.gz	/Users/mitchellparker/Desktop/rascore_build/renum/6gqx_renum.cif	/Users/mitchellparker/Desktop/rascore_build/rcsb_assembly/6gqx-assembly-1.cif.gz	/Users/mitchellparker/Desktop/rascore_build/renum_assembly/6gqx-assembly-1_renum.cif	/Users/mitchellparker/Desktop/rascore_build/sifts/6gqx.xml.gz	/Users/mitchellparker/Desktop/rascore_build/pocket/6gqxF_4_pocket.pdb
6gqxF	6gqx	0	F	Disordered	Disordered	Disordered	Y71in	P 21 21 21 (CF5)	6gqxF5	5	GTPase KRas	RASK_HUMAN	P01116-2	WT	WT	KRAS	3P	WT	None	None	None	None	SP12-Unbound	P 21 21 21	171	1-31:38-60:65-167	2018-06-08	Other	167.2732	0.0034	Unbound	Unbound	76,104,108,109,110,163,166	GNP	None	None	None	None	None	None	None	None	None	None	GNP	None	None	None	None	None	STP	XRAY	2.200	0.203	YFQGMTEYKLVVVGAGGVGKSALTIQLIQNHFVDEYDPTIEDSYRKQVVIDGETCLLDILDTAGHEEYSAMRDQYMRTGEGFLCVFAINNTKSFEDIHHYREQIKRVKDSEDVPMVLVGNKCDLPSRTVDTKQAQDLARSYGIPFIETSAKTRQGVDDAFYTLVREIRKHK	True	63.187	118.032	156.371	90.00	90.00	90.00	/Users/mitchellparker/Desktop/rascore_build/core/6gqxF_core.cif	/Users/mitchellparker/Desktop/rascore_build/rcsb/6gqx.cif.gz	/Users/mitchellparker/Desktop/rascore_build/renum/6gqx_renum.cif	/Users/mitchellparker/Desktop/rascore_build/rcsb_assembly/6gqx-assembly-1.cif.gz	/Users/mitchellparker/Desktop/rascore_build/renum_assembly/6gqx-assembly-1_renum.cif	/Users/mitchellparker/Desktop/rascore_build/sifts/6gqx.xml.gz	/Users/mitchellparker/Desktop/rascore_build/pocket/6gqxF_5_pocket.pdb
6gqxF	6gqx	0	F	Disordered	Disordered	Disordered	Y71in	P 21 21 21 (CF5)	6gqxF6	6	GTPase KRas	RASK_HUMAN	P01116-2	WT	WT	KRAS	3P	WT	None	None	None	None	SP12-Unbound	P 21 21 21	171	1-31:38-60:65-167	2018-06-08	Other	261.0601	0.0001	Unbound	Unbound	131,134,135,139,141	GNP	None	None	None	None	None	None	None	None	None	None	GNP	None	None	None	None	None	STP	XRAY	2.200	0.203	YFQGMTEYKLVVVGAGGVGKSALTIQLIQNHFVDEYDPTIEDSYRKQVVIDGETCLLDILDTAGHEEYSAMRDQYMRTGEGFLCVFAINNTKSFEDIHHYREQIKRVKDSEDVPMVLVGNKCDLPSRTVDTKQAQDLARSYGIPFIETSAKTRQGVDDAFYTLVREIRKHK	True	63.187	118.032	156.371	90.00	90.00	90.00	/Users/mitchellparker/Desktop/rascore_build/core/6gqxF_core.cif	/Users/mitchellparker/Desktop/rascore_build/rcsb/6gqx.cif.gz	/Users/mitchellparker/Desktop/rascore_build/renum/6gqx_renum.cif	/Users/mitchellparker/Desktop/rascore_build/rcsb_assembly/6gqx-assembly-1.cif.gz	/Users/mitchellparker/Desktop/rascore_build/renum_assembly/6gqx-assembly-1_renum.cif	/Users/mitchellparker/Desktop/rascore_build/sifts/6gqx.xml.gz	/Users/mitchellparker/Desktop/rascore_build/pocket/6gqxF_6_pocket.pdb
6gqxF	6gqx	0	F	Disordered	Disordered	Disordered	Y71in	P 21 21 21 (CF5)	6gqxF7	7	GTPase KRas	RASK_HUMAN	P01116-2	WT	WT	KRAS	3P	WT	None	None	None	None	SP12-Unbound	P 21 21 21	171	1-31:38-60:65-167	2018-06-08	Other	155.7525	0.0032	Unbound	Unbound	87,90,91,124,125,126,129	GNP	None	None	None	None	None	None	None	None	None	None	GNP	None	None	None	None	None	STP	XRAY	2.200	0.203	YFQGMTEYKLVVVGAGGVGKSALTIQLIQNHFVDEYDPTIEDSYRKQVVIDGETCLLDILDTAGHEEYSAMRDQYMRTGEGFLCVFAINNTKSFEDIHHYREQIKRVKDSEDVPMVLVGNKCDLPSRTVDTKQAQDLARSYGIPFIETSAKTRQGVDDAFYTLVREIRKHK	True	63.187	118.032	156.371	90.00	90.00	90.00	/Users/mitchellparker/Desktop/rascore_build/core/6gqxF_core.cif	/Users/mitchellparker/Desktop/rascore_build/rcsb/6gqx.cif.gz	/Users/mitchellparker/Desktop/rascore_build/renum/6gqx_renum.cif	/Users/mitchellparker/Desktop/rascore_build/rcsb_assembly/6gqx-assembly-1.cif.gz	/Users/mitchellparker/Desktop/rascore_build/renum_assembly/6gqx-assembly-1_renum.cif	/Users/mitchellparker/Desktop/rascore_build/sifts/6gqx.xml.gz	/Users/mitchellparker/Desktop/rascore_build/pocket/6gqxF_7_pocket.pdb
6gqyA	6gqy	0	A	Y32in.3P-ON	Y71in.3P-SP12-B	Y32in	Y71in	P 21 21 21 (CF5)	6gqyA2	2	GTPase KRas	RASK_HUMAN	P01116-2	Q61H	Q61	KRAS	3P	Q61H	SP12	SP12.Biphenyl	None	None	SP12-Bound	P 21 21 21	171	1-167	2018-06-08	SP12	504.8956	0.3324	Bound	SP12	3,5,6,7,39,40,41,54,55,56,71,74,75	MG,GNP,F8Q	None	F8Q:5,54,74,71,7,75,6,56,3,39,40,55,41	None	None	SP12	SP12.Biphenyl	F8Q:COc1cccc(-c2ccc(Nc3ccc(C[NH+](C)C)cc3)c(OC)c2F)c1	None	None	None	GNP	MG	F8Q	None	None	None	F8Q	XRAY	2.750	0.207	YFQGMTEYKLVVVGAGGVGKSALTIQLIQNHFVDEYDPTIEDSYRKQVVIDGETCLLDILDTAGHEEYSAMRDQYMRTGEGFLCVFAINNTKSFEDIHHYREQIKRVKDSEDVPMVLVGNKCDLPSRTVDTKQAQDLARSYGIPFIETSAKTRQGVDDAFYTLVREIRKHK	True	63.531	118.678	156.996	90.00	90.00	90.00	/Users/mitchellparker/Desktop/rascore_build/core/6gqyA_core.cif	/Users/mitchellparker/Desktop/rascore_build/rcsb/6gqy.cif.gz	/Users/mitchellparker/Desktop/rascore_build/renum/6gqy_renum.cif	/Users/mitchellparker/Desktop/rascore_build/rcsb_assembly/6gqy-assembly-6.cif.gz	/Users/mitchellparker/Desktop/rascore_build/renum_assembly/6gqy-assembly-6_renum.cif	/Users/mitchellparker/Desktop/rascore_build/sifts/6gqy.xml.gz	/Users/mitchellparker/Desktop/rascore_build/pocket/6gqyA_2_pocket.pdb
6gqyB	6gqy	0	B	Y32in.3P-ON	Outlier	Y32in	Y71in	P 21 21 21 (CF5)	6gqyB2	2	GTPase KRas	RASK_HUMAN	P01116-2	Q61H	Q61	KRAS	3P	Q61H	SP12	SP12.Biphenyl	None	None	SP12-Bound	P 21 21 21	171	1-167	2018-06-08	SP12	217.2901	0.0291	Bound	SP12	5,6,7,39,54,55,56,74,75	MG,GNP,F8Q	None	F8Q:5,54,74,56,71,7,6,3,41,39,40,55	None	None	SP12	SP12.Biphenyl	F8Q:COc1cccc(-c2ccc(Nc3ccc(C[NH+](C)C)cc3)c(OC)c2F)c1	None	None	None	GNP	MG	F8Q	None	None	None	F8Q	XRAY	2.750	0.207	YFQGMTEYKLVVVGAGGVGKSALTIQLIQNHFVDEYDPTIEDSYRKQVVIDGETCLLDILDTAGHEEYSAMRDQYMRTGEGFLCVFAINNTKSFEDIHHYREQIKRVKDSEDVPMVLVGNKCDLPSRTVDTKQAQDLARSYGIPFIETSAKTRQGVDDAFYTLVREIRKHK	True	63.531	118.678	156.996	90.00	90.00	90.00	/Users/mitchellparker/Desktop/rascore_build/core/6gqyB_core.cif	/Users/mitchellparker/Desktop/rascore_build/rcsb/6gqy.cif.gz	/Users/mitchellparker/Desktop/rascore_build/renum/6gqy_renum.cif	/Users/mitchellparker/Desktop/rascore_build/rcsb_assembly/6gqy-assembly-6.cif.gz	/Users/mitchellparker/Desktop/rascore_build/renum_assembly/6gqy-assembly-6_renum.cif	/Users/mitchellparker/Desktop/rascore_build/sifts/6gqy.xml.gz	/Users/mitchellparker/Desktop/rascore_build/pocket/6gqyB_2_pocket.pdb
6gqyB	6gqy	0	B	Y32in.3P-ON	Outlier	Y32in	Y71in	P 21 21 21 (CF5)	6gqyB3	3	GTPase KRas	RASK_HUMAN	P01116-2	Q61H	Q61	KRAS	3P	Q61H	SP12	SP12.Biphenyl	None	None	SP12-Bound	P 21 21 21	171	1-167	2018-06-08	SP12	243.8155	0.0006	Bound	SP12	5,39,40,41,54	MG,GNP,F8Q	None	F8Q:5,54,74,56,71,7,6,3,41,39,40,55	None	None	SP12	SP12.Biphenyl	F8Q:COc1cccc(-c2ccc(Nc3ccc(C[NH+](C)C)cc3)c(OC)c2F)c1	None	None	None	GNP	MG	F8Q	None	None	None	F8Q	XRAY	2.750	0.207	YFQGMTEYKLVVVGAGGVGKSALTIQLIQNHFVDEYDPTIEDSYRKQVVIDGETCLLDILDTAGHEEYSAMRDQYMRTGEGFLCVFAINNTKSFEDIHHYREQIKRVKDSEDVPMVLVGNKCDLPSRTVDTKQAQDLARSYGIPFIETSAKTRQGVDDAFYTLVREIRKHK	True	63.531	118.678	156.996	90.00	90.00	90.00	/Users/mitchellparker/Desktop/rascore_build/core/6gqyB_core.cif	/Users/mitchellparker/Desktop/rascore_build/rcsb/6gqy.cif.gz	/Users/mitchellparker/Desktop/rascore_build/renum/6gqy_renum.cif	/Users/mitchellparker/Desktop/rascore_build/rcsb_assembly/6gqy-assembly-6.cif.gz	/Users/mitchellparker/Desktop/rascore_build/renum_assembly/6gqy-assembly-6_renum.cif	/Users/mitchellparker/Desktop/rascore_build/sifts/6gqy.xml.gz	/Users/mitchellparker/Desktop/rascore_build/pocket/6gqyB_3_pocket.pdb
6gqyC	6gqy	0	C	Y32in.3P-ON	Disordered	Y32in	Y71in	P 21 21 21 (CF5)	6gqyC2	2	GTPase KRas	RASK_HUMAN	P01116-2	Q61H	Q61	KRAS	3P	Q61H	SP12	SP12.Biphenyl	None	None	SP12-Bound	P 21 21 21	171	1-61:68-167	2018-06-08	SP12	430.3161	0.2324	Bound	SP12	5,6,7,39,40,41,54,55,56,71,74,75	MG,GNP,F8Q	None	F8Q:5,54,74,71,56,7,75,6,3,39,40,55,41	None	None	SP12	SP12.Biphenyl	F8Q:COc1cccc(-c2ccc(Nc3ccc(C[NH+](C)C)cc3)c(OC)c2F)c1	None	None	None	GNP	MG	F8Q	None	None	None	F8Q	XRAY	2.750	0.207	YFQGMTEYKLVVVGAGGVGKSALTIQLIQNHFVDEYDPTIEDSYRKQVVIDGETCLLDILDTAGHEEYSAMRDQYMRTGEGFLCVFAINNTKSFEDIHHYREQIKRVKDSEDVPMVLVGNKCDLPSRTVDTKQAQDLARSYGIPFIETSAKTRQGVDDAFYTLVREIRKHK	True	63.531	118.678	156.996	90.00	90.00	90.00	/Users/mitchellparker/Desktop/rascore_build/core/6gqyC_core.cif	/Users/mitchellparker/Desktop/rascore_build/rcsb/6gqy.cif.gz	/Users/mitchellparker/Desktop/rascore_build/renum/6gqy_renum.cif	/Users/mitchellparker/Desktop/rascore_build/rcsb_assembly/6gqy-assembly-6.cif.gz	/Users/mitchellparker/Desktop/rascore_build/renum_assembly/6gqy-assembly-6_renum.cif	/Users/mitchellparker/Desktop/rascore_build/sifts/6gqy.xml.gz	/Users/mitchellparker/Desktop/rascore_build/pocket/6gqyC_2_pocket.pdb
6gqyD	6gqy	0	D	Y32in.3P-ON	Disordered	Y32in	Y71in	P 21 21 21 (CF5)	6gqyD2	2	GTPase KRas	RASK_HUMAN	P01116-2	WT	WT	KRAS	3P	WT	SP12	SP12.Biphenyl	None	None	SP12-Bound	P 21 21 21	171	1-60:68-167	2018-06-08	SP12	187.3005	0.0465	Bound	SP12	5,6,7,39,54,55,56,74,75	MG,GNP,F8Q	None	F8Q:5,54,74,71,70,56,6,41,39,40	None	None	SP12	SP12.Biphenyl	F8Q:COc1cccc(-c2ccc(Nc3ccc(C[NH+](C)C)cc3)c(OC)c2F)c1	None	None	None	GNP	MG	F8Q	None	None	None	F8Q	XRAY	2.750	0.207	YFQGMTEYKLVVVGAGGVGKSALTIQLIQNHFVDEYDPTIEDSYRKQVVIDGETCLLDILDTAGHEEYSAMRDQYMRTGEGFLCVFAINNTKSFEDIHHYREQIKRVKDSEDVPMVLVGNKCDLPSRTVDTKQAQDLARSYGIPFIETSAKTRQGVDDAFYTLVREIRKHK	True	63.531	118.678	156.996	90.00	90.00	90.00	/Users/mitchellparker/Desktop/rascore_build/core/6gqyD_core.cif	/Users/mitchellparker/Desktop/rascore_build/rcsb/6gqy.cif.gz	/Users/mitchellparker/Desktop/rascore_build/renum/6gqy_renum.cif	/Users/mitchellparker/Desktop/rascore_build/rcsb_assembly/6gqy-assembly-6.cif.gz	/Users/mitchellparker/Desktop/rascore_build/renum_assembly/6gqy-assembly-6_renum.cif	/Users/mitchellparker/Desktop/rascore_build/sifts/6gqy.xml.gz	/Users/mitchellparker/Desktop/rascore_build/pocket/6gqyD_2_pocket.pdb
6gqyD	6gqy	0	D	Y32in.3P-ON	Disordered	Y32in	Y71in	P 21 21 21 (CF5)	6gqyD3	3	GTPase KRas	RASK_HUMAN	P01116-2	WT	WT	KRAS	3P	WT	SP12	SP12.Biphenyl	None	None	SP12-Bound	P 21 21 21	171	1-60:68-167	2018-06-08	SP12	271.9182	0.0015	Bound	SP12	5,39,40,41,54	MG,GNP,F8Q	None	F8Q:5,54,74,71,70,56,6,41,39,40	None	None	SP12	SP12.Biphenyl	F8Q:COc1cccc(-c2ccc(Nc3ccc(C[NH+](C)C)cc3)c(OC)c2F)c1	None	None	None	GNP	MG	F8Q	None	None	None	F8Q	XRAY	2.750	0.207	YFQGMTEYKLVVVGAGGVGKSALTIQLIQNHFVDEYDPTIEDSYRKQVVIDGETCLLDILDTAGHEEYSAMRDQYMRTGEGFLCVFAINNTKSFEDIHHYREQIKRVKDSEDVPMVLVGNKCDLPSRTVDTKQAQDLARSYGIPFIETSAKTRQGVDDAFYTLVREIRKHK	True	63.531	118.678	156.996	90.00	90.00	90.00	/Users/mitchellparker/Desktop/rascore_build/core/6gqyD_core.cif	/Users/mitchellparker/Desktop/rascore_build/rcsb/6gqy.cif.gz	/Users/mitchellparker/Desktop/rascore_build/renum/6gqy_renum.cif	/Users/mitchellparker/Desktop/rascore_build/rcsb_assembly/6gqy-assembly-6.cif.gz	/Users/mitchellparker/Desktop/rascore_build/renum_assembly/6gqy-assembly-6_renum.cif	/Users/mitchellparker/Desktop/rascore_build/sifts/6gqy.xml.gz	/Users/mitchellparker/Desktop/rascore_build/pocket/6gqyD_3_pocket.pdb
6gqyE	6gqy	0	E	Y32in.3P-ON	Disordered	Y32in	Y71in	P 21 21 21 (CF5)	6gqyE2	2	GTPase KRas	RASK_HUMAN	P01116-2	WT	WT	KRAS	3P	WT	None	None	None	None	SP12-Unbound	P 21 21 21	171	1-60:68-167	2018-06-08	Other	250.3011	0.0007	Unbound	Unbound	97,107,108,109,110,111,137,138,139,162,165,166	MG,GNP	None	None	None	None	None	None	None	None	None	None	GNP	MG	None	None	None	None	STP	XRAY	2.750	0.207	YFQGMTEYKLVVVGAGGVGKSALTIQLIQNHFVDEYDPTIEDSYRKQVVIDGETCLLDILDTAGHEEYSAMRDQYMRTGEGFLCVFAINNTKSFEDIHHYREQIKRVKDSEDVPMVLVGNKCDLPSRTVDTKQAQDLARSYGIPFIETSAKTRQGVDDAFYTLVREIRKHK	True	63.531	118.678	156.996	90.00	90.00	90.00	/Users/mitchellparker/Desktop/rascore_build/core/6gqyE_core.cif	/Users/mitchellparker/Desktop/rascore_build/rcsb/6gqy.cif.gz	/Users/mitchellparker/Desktop/rascore_build/renum/6gqy_renum.cif	/Users/mitchellparker/Desktop/rascore_build/rcsb_assembly/6gqy-assembly-6.cif.gz	/Users/mitchellparker/Desktop/rascore_build/renum_assembly/6gqy-assembly-6_renum.cif	/Users/mitchellparker/Desktop/rascore_build/sifts/6gqy.xml.gz	/Users/mitchellparker/Desktop/rascore_build/pocket/6gqyE_2_pocket.pdb
6gqyE	6gqy	0	E	Y32in.3P-ON	Disordered	Y32in	Y71in	P 21 21 21 (CF5)	6gqyE3	3	GTPase KRas	RASK_HUMAN	P01116-2	WT	WT	KRAS	3P	WT	None	None	None	None	SP12-Unbound	P 21 21 21	171	1-60:68-167	2018-06-08	SP12	214.9133	0.0997	Unbound	Unbound	5,6,7,39,54,55,56,71,74,75	MG,GNP	None	None	None	None	None	None	None	None	None	None	GNP	MG	None	None	None	None	STP	XRAY	2.750	0.207	YFQGMTEYKLVVVGAGGVGKSALTIQLIQNHFVDEYDPTIEDSYRKQVVIDGETCLLDILDTAGHEEYSAMRDQYMRTGEGFLCVFAINNTKSFEDIHHYREQIKRVKDSEDVPMVLVGNKCDLPSRTVDTKQAQDLARSYGIPFIETSAKTRQGVDDAFYTLVREIRKHK	True	63.531	118.678	156.996	90.00	90.00	90.00	/Users/mitchellparker/Desktop/rascore_build/core/6gqyE_core.cif	/Users/mitchellparker/Desktop/rascore_build/rcsb/6gqy.cif.gz	/Users/mitchellparker/Desktop/rascore_build/renum/6gqy_renum.cif	/Users/mitchellparker/Desktop/rascore_build/rcsb_assembly/6gqy-assembly-6.cif.gz	/Users/mitchellparker/Desktop/rascore_build/renum_assembly/6gqy-assembly-6_renum.cif	/Users/mitchellparker/Desktop/rascore_build/sifts/6gqy.xml.gz	/Users/mitchellparker/Desktop/rascore_build/pocket/6gqyE_3_pocket.pdb
6gqyE	6gqy	0	E	Y32in.3P-ON	Disordered	Y32in	Y71in	P 21 21 21 (CF5)	6gqyE4	4	GTPase KRas	RASK_HUMAN	P01116-2	WT	WT	KRAS	3P	WT	None	None	None	None	SP12-Unbound	P 21 21 21	171	1-60:68-167	2018-06-08	Other	279.0047	0.0090	Unbound	Unbound	76,104,106,108,109,110,163,166,167	MG,GNP	None	None	None	None	None	None	None	None	None	None	GNP	MG	None	None	None	None	STP	XRAY	2.750	0.207	YFQGMTEYKLVVVGAGGVGKSALTIQLIQNHFVDEYDPTIEDSYRKQVVIDGETCLLDILDTAGHEEYSAMRDQYMRTGEGFLCVFAINNTKSFEDIHHYREQIKRVKDSEDVPMVLVGNKCDLPSRTVDTKQAQDLARSYGIPFIETSAKTRQGVDDAFYTLVREIRKHK	True	63.531	118.678	156.996	90.00	90.00	90.00	/Users/mitchellparker/Desktop/rascore_build/core/6gqyE_core.cif	/Users/mitchellparker/Desktop/rascore_build/rcsb/6gqy.cif.gz	/Users/mitchellparker/Desktop/rascore_build/renum/6gqy_renum.cif	/Users/mitchellparker/Desktop/rascore_build/rcsb_assembly/6gqy-assembly-6.cif.gz	/Users/mitchellparker/Desktop/rascore_build/renum_assembly/6gqy-assembly-6_renum.cif	/Users/mitchellparker/Desktop/rascore_build/sifts/6gqy.xml.gz	/Users/mitchellparker/Desktop/rascore_build/pocket/6gqyE_4_pocket.pdb
6gqyE	6gqy	0	E	Y32in.3P-ON	Disordered	Y32in	Y71in	P 21 21 21 (CF5)	6gqyE5	5	GTPase KRas	RASK_HUMAN	P01116-2	WT	WT	KRAS	3P	WT	None	None	None	None	SP12-Unbound	P 21 21 21	171	1-60:68-167	2018-06-08	Other	240.7425	0.0005	Unbound	Unbound	131,134,135,138,139,140,141,162,165	MG,GNP	None	None	None	None	None	None	None	None	None	None	GNP	MG	None	None	None	None	STP	XRAY	2.750	0.207	YFQGMTEYKLVVVGAGGVGKSALTIQLIQNHFVDEYDPTIEDSYRKQVVIDGETCLLDILDTAGHEEYSAMRDQYMRTGEGFLCVFAINNTKSFEDIHHYREQIKRVKDSEDVPMVLVGNKCDLPSRTVDTKQAQDLARSYGIPFIETSAKTRQGVDDAFYTLVREIRKHK	True	63.531	118.678	156.996	90.00	90.00	90.00	/Users/mitchellparker/Desktop/rascore_build/core/6gqyE_core.cif	/Users/mitchellparker/Desktop/rascore_build/rcsb/6gqy.cif.gz	/Users/mitchellparker/Desktop/rascore_build/renum/6gqy_renum.cif	/Users/mitchellparker/Desktop/rascore_build/rcsb_assembly/6gqy-assembly-6.cif.gz	/Users/mitchellparker/Desktop/rascore_build/renum_assembly/6gqy-assembly-6_renum.cif	/Users/mitchellparker/Desktop/rascore_build/sifts/6gqy.xml.gz	/Users/mitchellparker/Desktop/rascore_build/pocket/6gqyE_5_pocket.pdb
6gqyE	6gqy	0	E	Y32in.3P-ON	Disordered	Y32in	Y71in	P 21 21 21 (CF5)	6gqyE6	6	GTPase KRas	RASK_HUMAN	P01116-2	WT	WT	KRAS	3P	WT	None	None	None	None	SP12-Unbound	P 21 21 21	171	1-60:68-167	2018-06-08	SP12	142.0951	0.0001	Unbound	Unbound	39,40,41,54	MG,GNP	None	None	None	None	None	None	None	None	None	None	GNP	MG	None	None	None	None	STP	XRAY	2.750	0.207	YFQGMTEYKLVVVGAGGVGKSALTIQLIQNHFVDEYDPTIEDSYRKQVVIDGETCLLDILDTAGHEEYSAMRDQYMRTGEGFLCVFAINNTKSFEDIHHYREQIKRVKDSEDVPMVLVGNKCDLPSRTVDTKQAQDLARSYGIPFIETSAKTRQGVDDAFYTLVREIRKHK	True	63.531	118.678	156.996	90.00	90.00	90.00	/Users/mitchellparker/Desktop/rascore_build/core/6gqyE_core.cif	/Users/mitchellparker/Desktop/rascore_build/rcsb/6gqy.cif.gz	/Users/mitchellparker/Desktop/rascore_build/renum/6gqy_renum.cif	/Users/mitchellparker/Desktop/rascore_build/rcsb_assembly/6gqy-assembly-6.cif.gz	/Users/mitchellparker/Desktop/rascore_build/renum_assembly/6gqy-assembly-6_renum.cif	/Users/mitchellparker/Desktop/rascore_build/sifts/6gqy.xml.gz	/Users/mitchellparker/Desktop/rascore_build/pocket/6gqyE_6_pocket.pdb
6gqyE	6gqy	0	E	Y32in.3P-ON	Disordered	Y32in	Y71in	P 21 21 21 (CF5)	6gqyE7	7	GTPase KRas	RASK_HUMAN	P01116-2	WT	WT	KRAS	3P	WT	None	None	None	None	SP12-Unbound	P 21 21 21	171	1-60:68-167	2018-06-08	Other	241.8966	0.0009	Unbound	Unbound	127,128,131,132,135	MG,GNP	None	None	None	None	None	None	None	None	None	None	GNP	MG	None	None	None	None	STP	XRAY	2.750	0.207	YFQGMTEYKLVVVGAGGVGKSALTIQLIQNHFVDEYDPTIEDSYRKQVVIDGETCLLDILDTAGHEEYSAMRDQYMRTGEGFLCVFAINNTKSFEDIHHYREQIKRVKDSEDVPMVLVGNKCDLPSRTVDTKQAQDLARSYGIPFIETSAKTRQGVDDAFYTLVREIRKHK	True	63.531	118.678	156.996	90.00	90.00	90.00	/Users/mitchellparker/Desktop/rascore_build/core/6gqyE_core.cif	/Users/mitchellparker/Desktop/rascore_build/rcsb/6gqy.cif.gz	/Users/mitchellparker/Desktop/rascore_build/renum/6gqy_renum.cif	/Users/mitchellparker/Desktop/rascore_build/rcsb_assembly/6gqy-assembly-6.cif.gz	/Users/mitchellparker/Desktop/rascore_build/renum_assembly/6gqy-assembly-6_renum.cif	/Users/mitchellparker/Desktop/rascore_build/sifts/6gqy.xml.gz	/Users/mitchellparker/Desktop/rascore_build/pocket/6gqyE_7_pocket.pdb
6gqyE	6gqy	0	E	Y32in.3P-ON	Disordered	Y32in	Y71in	P 21 21 21 (CF5)	6gqyE8	8	GTPase KRas	RASK_HUMAN	P01116-2	WT	WT	KRAS	3P	WT	None	None	None	None	SP12-Unbound	P 21 21 21	171	1-60:68-167	2018-06-08	Other	243.6452	0.0040	Unbound	Unbound	87,90,91,124,125,126,129	MG,GNP	None	None	None	None	None	None	None	None	None	None	GNP	MG	None	None	None	None	STP	XRAY	2.750	0.207	YFQGMTEYKLVVVGAGGVGKSALTIQLIQNHFVDEYDPTIEDSYRKQVVIDGETCLLDILDTAGHEEYSAMRDQYMRTGEGFLCVFAINNTKSFEDIHHYREQIKRVKDSEDVPMVLVGNKCDLPSRTVDTKQAQDLARSYGIPFIETSAKTRQGVDDAFYTLVREIRKHK	True	63.531	118.678	156.996	90.00	90.00	90.00	/Users/mitchellparker/Desktop/rascore_build/core/6gqyE_core.cif	/Users/mitchellparker/Desktop/rascore_build/rcsb/6gqy.cif.gz	/Users/mitchellparker/Desktop/rascore_build/renum/6gqy_renum.cif	/Users/mitchellparker/Desktop/rascore_build/rcsb_assembly/6gqy-assembly-6.cif.gz	/Users/mitchellparker/Desktop/rascore_build/renum_assembly/6gqy-assembly-6_renum.cif	/Users/mitchellparker/Desktop/rascore_build/sifts/6gqy.xml.gz	/Users/mitchellparker/Desktop/rascore_build/pocket/6gqyE_8_pocket.pdb
6gqyF	6gqy	0	F	Y32in.3P-ON	Disordered	Y32in	Y71in	P 21 21 21 (CF5)	6gqyF2	2	GTPase KRas	RASK_HUMAN	P01116-2	WT	WT	KRAS	3P	WT	None	None	None	None	SP12-Unbound	P 21 21 21	171	1-59:65-167	2018-06-08	Other	247.9288	0.0005	Unbound	Unbound	97,108,109,110,111,137,138,139,162,165,166	MG,GNP	None	None	None	None	None	None	None	None	None	None	GNP	MG	None	None	None	None	STP	XRAY	2.750	0.207	YFQGMTEYKLVVVGAGGVGKSALTIQLIQNHFVDEYDPTIEDSYRKQVVIDGETCLLDILDTAGHEEYSAMRDQYMRTGEGFLCVFAINNTKSFEDIHHYREQIKRVKDSEDVPMVLVGNKCDLPSRTVDTKQAQDLARSYGIPFIETSAKTRQGVDDAFYTLVREIRKHK	True	63.531	118.678	156.996	90.00	90.00	90.00	/Users/mitchellparker/Desktop/rascore_build/core/6gqyF_core.cif	/Users/mitchellparker/Desktop/rascore_build/rcsb/6gqy.cif.gz	/Users/mitchellparker/Desktop/rascore_build/renum/6gqy_renum.cif	/Users/mitchellparker/Desktop/rascore_build/rcsb_assembly/6gqy-assembly-6.cif.gz	/Users/mitchellparker/Desktop/rascore_build/renum_assembly/6gqy-assembly-6_renum.cif	/Users/mitchellparker/Desktop/rascore_build/sifts/6gqy.xml.gz	/Users/mitchellparker/Desktop/rascore_build/pocket/6gqyF_2_pocket.pdb
6gqyF	6gqy	0	F	Y32in.3P-ON	Disordered	Y32in	Y71in	P 21 21 21 (CF5)	6gqyF3	3	GTPase KRas	RASK_HUMAN	P01116-2	WT	WT	KRAS	3P	WT	None	None	None	None	SP12-Unbound	P 21 21 21	171	1-59:65-167	2018-06-08	SP12	192.0287	0.0780	Unbound	Unbound	5,6,7,39,54,55,56,71,74,75	MG,GNP	None	None	None	None	None	None	None	None	None	None	GNP	MG	None	None	None	None	STP	XRAY	2.750	0.207	YFQGMTEYKLVVVGAGGVGKSALTIQLIQNHFVDEYDPTIEDSYRKQVVIDGETCLLDILDTAGHEEYSAMRDQYMRTGEGFLCVFAINNTKSFEDIHHYREQIKRVKDSEDVPMVLVGNKCDLPSRTVDTKQAQDLARSYGIPFIETSAKTRQGVDDAFYTLVREIRKHK	True	63.531	118.678	156.996	90.00	90.00	90.00	/Users/mitchellparker/Desktop/rascore_build/core/6gqyF_core.cif	/Users/mitchellparker/Desktop/rascore_build/rcsb/6gqy.cif.gz	/Users/mitchellparker/Desktop/rascore_build/renum/6gqy_renum.cif	/Users/mitchellparker/Desktop/rascore_build/rcsb_assembly/6gqy-assembly-6.cif.gz	/Users/mitchellparker/Desktop/rascore_build/renum_assembly/6gqy-assembly-6_renum.cif	/Users/mitchellparker/Desktop/rascore_build/sifts/6gqy.xml.gz	/Users/mitchellparker/Desktop/rascore_build/pocket/6gqyF_3_pocket.pdb
6gqyF	6gqy	0	F	Y32in.3P-ON	Disordered	Y32in	Y71in	P 21 21 21 (CF5)	6gqyF4	4	GTPase KRas	RASK_HUMAN	P01116-2	WT	WT	KRAS	3P	WT	None	None	None	None	SP12-Unbound	P 21 21 21	171	1-59:65-167	2018-06-08	Other	221.9988	0.0006	Unbound	Unbound	131,134,135,139,141	MG,GNP	None	None	None	None	None	None	None	None	None	None	GNP	MG	None	None	None	None	STP	XRAY	2.750	0.207	YFQGMTEYKLVVVGAGGVGKSALTIQLIQNHFVDEYDPTIEDSYRKQVVIDGETCLLDILDTAGHEEYSAMRDQYMRTGEGFLCVFAINNTKSFEDIHHYREQIKRVKDSEDVPMVLVGNKCDLPSRTVDTKQAQDLARSYGIPFIETSAKTRQGVDDAFYTLVREIRKHK	True	63.531	118.678	156.996	90.00	90.00	90.00	/Users/mitchellparker/Desktop/rascore_build/core/6gqyF_core.cif	/Users/mitchellparker/Desktop/rascore_build/rcsb/6gqy.cif.gz	/Users/mitchellparker/Desktop/rascore_build/renum/6gqy_renum.cif	/Users/mitchellparker/Desktop/rascore_build/rcsb_assembly/6gqy-assembly-6.cif.gz	/Users/mitchellparker/Desktop/rascore_build/renum_assembly/6gqy-assembly-6_renum.cif	/Users/mitchellparker/Desktop/rascore_build/sifts/6gqy.xml.gz	/Users/mitchellparker/Desktop/rascore_build/pocket/6gqyF_4_pocket.pdb
6gqyF	6gqy	0	F	Y32in.3P-ON	Disordered	Y32in	Y71in	P 21 21 21 (CF5)	6gqyF5	5	GTPase KRas	RASK_HUMAN	P01116-2	WT	WT	KRAS	3P	WT	None	None	None	None	SP12-Unbound	P 21 21 21	171	1-59:65-167	2018-06-08	Other	303.1275	0.0098	Unbound	Unbound	95,98,99,102	MG,GNP	None	None	None	None	None	None	None	None	None	None	GNP	MG	None	None	None	None	STP	XRAY	2.750	0.207	YFQGMTEYKLVVVGAGGVGKSALTIQLIQNHFVDEYDPTIEDSYRKQVVIDGETCLLDILDTAGHEEYSAMRDQYMRTGEGFLCVFAINNTKSFEDIHHYREQIKRVKDSEDVPMVLVGNKCDLPSRTVDTKQAQDLARSYGIPFIETSAKTRQGVDDAFYTLVREIRKHK	True	63.531	118.678	156.996	90.00	90.00	90.00	/Users/mitchellparker/Desktop/rascore_build/core/6gqyF_core.cif	/Users/mitchellparker/Desktop/rascore_build/rcsb/6gqy.cif.gz	/Users/mitchellparker/Desktop/rascore_build/renum/6gqy_renum.cif	/Users/mitchellparker/Desktop/rascore_build/rcsb_assembly/6gqy-assembly-6.cif.gz	/Users/mitchellparker/Desktop/rascore_build/renum_assembly/6gqy-assembly-6_renum.cif	/Users/mitchellparker/Desktop/rascore_build/sifts/6gqy.xml.gz	/Users/mitchellparker/Desktop/rascore_build/pocket/6gqyF_5_pocket.pdb
6gqyF	6gqy	0	F	Y32in.3P-ON	Disordered	Y32in	Y71in	P 21 21 21 (CF5)	6gqyF6	6	GTPase KRas	RASK_HUMAN	P01116-2	WT	WT	KRAS	3P	WT	None	None	None	None	SP12-Unbound	P 21 21 21	171	1-59:65-167	2018-06-08	Other	220.3166	0.0030	Unbound	Unbound	90,91,94,133	MG,GNP	None	None	None	None	None	None	None	None	None	None	GNP	MG	None	None	None	None	STP	XRAY	2.750	0.207	YFQGMTEYKLVVVGAGGVGKSALTIQLIQNHFVDEYDPTIEDSYRKQVVIDGETCLLDILDTAGHEEYSAMRDQYMRTGEGFLCVFAINNTKSFEDIHHYREQIKRVKDSEDVPMVLVGNKCDLPSRTVDTKQAQDLARSYGIPFIETSAKTRQGVDDAFYTLVREIRKHK	True	63.531	118.678	156.996	90.00	90.00	90.00	/Users/mitchellparker/Desktop/rascore_build/core/6gqyF_core.cif	/Users/mitchellparker/Desktop/rascore_build/rcsb/6gqy.cif.gz	/Users/mitchellparker/Desktop/rascore_build/renum/6gqy_renum.cif	/Users/mitchellparker/Desktop/rascore_build/rcsb_assembly/6gqy-assembly-6.cif.gz	/Users/mitchellparker/Desktop/rascore_build/renum_assembly/6gqy-assembly-6_renum.cif	/Users/mitchellparker/Desktop/rascore_build/sifts/6gqy.xml.gz	/Users/mitchellparker/Desktop/rascore_build/pocket/6gqyF_6_pocket.pdb
6gqyF	6gqy	0	F	Y32in.3P-ON	Disordered	Y32in	Y71in	P 21 21 21 (CF5)	6gqyF7	7	GTPase KRas	RASK_HUMAN	P01116-2	WT	WT	KRAS	3P	WT	None	None	None	None	SP12-Unbound	P 21 21 21	171	1-59:65-167	2018-06-08	Other	219.8421	0.0085	Unbound	Unbound	76,104,106,108,109,110,163,166	MG,GNP	None	None	None	None	None	None	None	None	None	None	GNP	MG	None	None	None	None	STP	XRAY	2.750	0.207	YFQGMTEYKLVVVGAGGVGKSALTIQLIQNHFVDEYDPTIEDSYRKQVVIDGETCLLDILDTAGHEEYSAMRDQYMRTGEGFLCVFAINNTKSFEDIHHYREQIKRVKDSEDVPMVLVGNKCDLPSRTVDTKQAQDLARSYGIPFIETSAKTRQGVDDAFYTLVREIRKHK	True	63.531	118.678	156.996	90.00	90.00	90.00	/Users/mitchellparker/Desktop/rascore_build/core/6gqyF_core.cif	/Users/mitchellparker/Desktop/rascore_build/rcsb/6gqy.cif.gz	/Users/mitchellparker/Desktop/rascore_build/renum/6gqy_renum.cif	/Users/mitchellparker/Desktop/rascore_build/rcsb_assembly/6gqy-assembly-6.cif.gz	/Users/mitchellparker/Desktop/rascore_build/renum_assembly/6gqy-assembly-6_renum.cif	/Users/mitchellparker/Desktop/rascore_build/sifts/6gqy.xml.gz	/Users/mitchellparker/Desktop/rascore_build/pocket/6gqyF_7_pocket.pdb
6gqyF	6gqy	0	F	Y32in.3P-ON	Disordered	Y32in	Y71in	P 21 21 21 (CF5)	6gqyF8	8	GTPase KRas	RASK_HUMAN	P01116-2	WT	WT	KRAS	3P	WT	None	None	None	None	SP12-Unbound	P 21 21 21	171	1-59:65-167	2018-06-08	SP12	203.2155	0.0002	Unbound	Unbound	39,40,41,54	MG,GNP	None	None	None	None	None	None	None	None	None	None	GNP	MG	None	None	None	None	STP	XRAY	2.750	0.207	YFQGMTEYKLVVVGAGGVGKSALTIQLIQNHFVDEYDPTIEDSYRKQVVIDGETCLLDILDTAGHEEYSAMRDQYMRTGEGFLCVFAINNTKSFEDIHHYREQIKRVKDSEDVPMVLVGNKCDLPSRTVDTKQAQDLARSYGIPFIETSAKTRQGVDDAFYTLVREIRKHK	True	63.531	118.678	156.996	90.00	90.00	90.00	/Users/mitchellparker/Desktop/rascore_build/core/6gqyF_core.cif	/Users/mitchellparker/Desktop/rascore_build/rcsb/6gqy.cif.gz	/Users/mitchellparker/Desktop/rascore_build/renum/6gqy_renum.cif	/Users/mitchellparker/Desktop/rascore_build/rcsb_assembly/6gqy-assembly-6.cif.gz	/Users/mitchellparker/Desktop/rascore_build/renum_assembly/6gqy-assembly-6_renum.cif	/Users/mitchellparker/Desktop/rascore_build/sifts/6gqy.xml.gz	/Users/mitchellparker/Desktop/rascore_build/pocket/6gqyF_8_pocket.pdb
6h46A	6h46	0	A	Outlier	Outlier	Y32out	Y71out	P 43 21 2 (CF1)	6h46A1	1	GTPase KRas	RASK_HUMAN	P01116-2	G12V	G12	KRAS	2P	G12V	None	None	Binder	None	SP2-Unbound	P 43 21 2	169	1-166	2018-07-20	Other	388.7629	0.0004	Unbound	Unbound	22,26,27,28,30,31,147,148,149	GDP	darpin K13	None	B:91,88,63,95,68,94,133,90,129,87,102,98,99,136,137,107,101,105,106,135,132	None	None	None	None	Binder	None	B	GDP	None	None	None	None	None	STP	XRAY	2.220	0.185	GSHMTEYKLVVVGAVGVGKSALTIQLIQNHFVDEYDPTIEDSYRKQVVIDGETCLLDILDTAGQEEYSAMRDQYMRTGEGFLCVFAINNTKSFEDIHHYREQIKRVKDSEDVPMVLVGNKCDLPSRTVDTKQAQDLARSYGIPFIETSAKTRQGVDDAFYTLVREIRKH	True	79.295	79.295	130.025	90.00	90.00	90.00	/Users/mitchellparker/Desktop/rascore_build/core/6h46A_core.cif	/Users/mitchellparker/Desktop/rascore_build/rcsb/6h46.cif.gz	/Users/mitchellparker/Desktop/rascore_build/renum/6h46_renum.cif	/Users/mitchellparker/Desktop/rascore_build/rcsb_assembly/6h46-assembly-1.cif.gz	/Users/mitchellparker/Desktop/rascore_build/renum_assembly/6h46-assembly-1_renum.cif	/Users/mitchellparker/Desktop/rascore_build/sifts/6h46.xml.gz	/Users/mitchellparker/Desktop/rascore_build/pocket/6h46A_1_pocket.pdb
6h46A	6h46	0	A	Outlier	Outlier	Y32out	Y71out	P 43 21 2 (CF1)	6h46A2	2	GTPase KRas	RASK_HUMAN	P01116-2	G12V	G12	KRAS	2P	G12V	None	None	Binder	None	SP2-Unbound	P 43 21 2	169	1-166	2018-07-20	SP2	267.6081	0.0006	Unbound	Unbound	12,60,62,63,64	GDP	darpin K13	None	B:91,88,63,95,68,94,133,90,129,87,102,98,99,136,137,107,101,105,106,135,132	None	None	None	None	Binder	None	B	GDP	None	None	None	None	None	STP	XRAY	2.220	0.185	GSHMTEYKLVVVGAVGVGKSALTIQLIQNHFVDEYDPTIEDSYRKQVVIDGETCLLDILDTAGQEEYSAMRDQYMRTGEGFLCVFAINNTKSFEDIHHYREQIKRVKDSEDVPMVLVGNKCDLPSRTVDTKQAQDLARSYGIPFIETSAKTRQGVDDAFYTLVREIRKH	True	79.295	79.295	130.025	90.00	90.00	90.00	/Users/mitchellparker/Desktop/rascore_build/core/6h46A_core.cif	/Users/mitchellparker/Desktop/rascore_build/rcsb/6h46.cif.gz	/Users/mitchellparker/Desktop/rascore_build/renum/6h46_renum.cif	/Users/mitchellparker/Desktop/rascore_build/rcsb_assembly/6h46-assembly-1.cif.gz	/Users/mitchellparker/Desktop/rascore_build/renum_assembly/6h46-assembly-1_renum.cif	/Users/mitchellparker/Desktop/rascore_build/sifts/6h46.xml.gz	/Users/mitchellparker/Desktop/rascore_build/pocket/6h46A_2_pocket.pdb
6h46A	6h46	0	A	Outlier	Outlier	Y32out	Y71out	P 43 21 2 (CF1)	6h46A3	3	GTPase KRas	RASK_HUMAN	P01116-2	G12V	G12	KRAS	2P	G12V	None	None	Binder	None	SP2-Unbound	P 43 21 2	169	1-166	2018-07-20	Other	273.2958	0.0090	Unbound	Unbound	56,61,67,70,71,74	GDP	darpin K13	None	B:91,88,63,95,68,94,133,90,129,87,102,98,99,136,137,107,101,105,106,135,132	None	None	None	None	Binder	None	B	GDP	None	None	None	None	None	STP	XRAY	2.220	0.185	GSHMTEYKLVVVGAVGVGKSALTIQLIQNHFVDEYDPTIEDSYRKQVVIDGETCLLDILDTAGQEEYSAMRDQYMRTGEGFLCVFAINNTKSFEDIHHYREQIKRVKDSEDVPMVLVGNKCDLPSRTVDTKQAQDLARSYGIPFIETSAKTRQGVDDAFYTLVREIRKH	True	79.295	79.295	130.025	90.00	90.00	90.00	/Users/mitchellparker/Desktop/rascore_build/core/6h46A_core.cif	/Users/mitchellparker/Desktop/rascore_build/rcsb/6h46.cif.gz	/Users/mitchellparker/Desktop/rascore_build/renum/6h46_renum.cif	/Users/mitchellparker/Desktop/rascore_build/rcsb_assembly/6h46-assembly-1.cif.gz	/Users/mitchellparker/Desktop/rascore_build/renum_assembly/6h46-assembly-1_renum.cif	/Users/mitchellparker/Desktop/rascore_build/sifts/6h46.xml.gz	/Users/mitchellparker/Desktop/rascore_build/pocket/6h46A_3_pocket.pdb
6h46A	6h46	0	A	Outlier	Outlier	Y32out	Y71out	P 43 21 2 (CF1)	6h46A4	4	GTPase KRas	RASK_HUMAN	P01116-2	G12V	G12	KRAS	2P	G12V	None	None	Binder	None	SP2-Unbound	P 43 21 2	169	1-166	2018-07-20	Other	113.3537	0.0037	Unbound	Unbound	17,18,21,29,32	GDP	darpin K13	None	B:91,88,63,95,68,94,133,90,129,87,102,98,99,136,137,107,101,105,106,135,132	None	None	None	None	Binder	None	B	GDP	None	None	None	None	None	STP	XRAY	2.220	0.185	GSHMTEYKLVVVGAVGVGKSALTIQLIQNHFVDEYDPTIEDSYRKQVVIDGETCLLDILDTAGQEEYSAMRDQYMRTGEGFLCVFAINNTKSFEDIHHYREQIKRVKDSEDVPMVLVGNKCDLPSRTVDTKQAQDLARSYGIPFIETSAKTRQGVDDAFYTLVREIRKH	True	79.295	79.295	130.025	90.00	90.00	90.00	/Users/mitchellparker/Desktop/rascore_build/core/6h46A_core.cif	/Users/mitchellparker/Desktop/rascore_build/rcsb/6h46.cif.gz	/Users/mitchellparker/Desktop/rascore_build/renum/6h46_renum.cif	/Users/mitchellparker/Desktop/rascore_build/rcsb_assembly/6h46-assembly-1.cif.gz	/Users/mitchellparker/Desktop/rascore_build/renum_assembly/6h46-assembly-1_renum.cif	/Users/mitchellparker/Desktop/rascore_build/sifts/6h46.xml.gz	/Users/mitchellparker/Desktop/rascore_build/pocket/6h46A_4_pocket.pdb
6h47A	6h47	0	A	Disordered	Outlier	Disordered	Y71out	P 61 2 2 (CF1)	6h47A2	2	GTPase KRas	RASK_HUMAN	P01116-2	G12V	G12	KRAS	0P	G12V	None	None	Binder	None	SP12-Unbound	P 61 2 2	169	1-30:37-166	2018-07-20	Other	274.4528	0.0002	Unbound	Unbound	131,134,135,139,141	SO4	darpin K19	None	B:91,87,88,95,68,94,133,137,90,129,102,98,99,136,97,101,107,108,132,135,138	None	None	None	None	Binder	None	B	None	None	None	SO4	None	None	STP	XRAY	1.700	0.193	GSHMTEYKLVVVGAVGVGKSALTIQLIQNHFVDEYDPTIEDSYRKQVVIDGETCLLDILDTAGQEEYSAMRDQYMRTGEGFLCVFAINNTKSFEDIHHYREQIKRVKDSEDVPMVLVGNKCDLPSRTVDTKQAQDLARSYGIPFIETSAKTRQGVDDAFYTLVREIRKH	True	85.829	85.829	227.122	90.00	90.00	120.00	/Users/mitchellparker/Desktop/rascore_build/core/6h47A_core.cif	/Users/mitchellparker/Desktop/rascore_build/rcsb/6h47.cif.gz	/Users/mitchellparker/Desktop/rascore_build/renum/6h47_renum.cif	/Users/mitchellparker/Desktop/rascore_build/rcsb_assembly/6h47-assembly-1.cif.gz	/Users/mitchellparker/Desktop/rascore_build/renum_assembly/6h47-assembly-1_renum.cif	/Users/mitchellparker/Desktop/rascore_build/sifts/6h47.xml.gz	/Users/mitchellparker/Desktop/rascore_build/pocket/6h47A_2_pocket.pdb
6h47A	6h47	0	A	Disordered	Outlier	Disordered	Y71out	P 61 2 2 (CF1)	6h47A3	3	GTPase KRas	RASK_HUMAN	P01116-2	G12V	G12	KRAS	0P	G12V	None	None	Binder	None	SP12-Unbound	P 61 2 2	169	1-30:37-166	2018-07-20	Other	171.3440	0.0008	Unbound	Unbound	22,149,151,152,153,154	SO4	darpin K19	None	B:91,87,88,95,68,94,133,137,90,129,102,98,99,136,97,101,107,108,132,135,138	None	None	None	None	Binder	None	B	None	None	None	SO4	None	None	STP	XRAY	1.700	0.193	GSHMTEYKLVVVGAVGVGKSALTIQLIQNHFVDEYDPTIEDSYRKQVVIDGETCLLDILDTAGQEEYSAMRDQYMRTGEGFLCVFAINNTKSFEDIHHYREQIKRVKDSEDVPMVLVGNKCDLPSRTVDTKQAQDLARSYGIPFIETSAKTRQGVDDAFYTLVREIRKH	True	85.829	85.829	227.122	90.00	90.00	120.00	/Users/mitchellparker/Desktop/rascore_build/core/6h47A_core.cif	/Users/mitchellparker/Desktop/rascore_build/rcsb/6h47.cif.gz	/Users/mitchellparker/Desktop/rascore_build/renum/6h47_renum.cif	/Users/mitchellparker/Desktop/rascore_build/rcsb_assembly/6h47-assembly-1.cif.gz	/Users/mitchellparker/Desktop/rascore_build/renum_assembly/6h47-assembly-1_renum.cif	/Users/mitchellparker/Desktop/rascore_build/sifts/6h47.xml.gz	/Users/mitchellparker/Desktop/rascore_build/pocket/6h47A_3_pocket.pdb
6h47A	6h47	0	A	Disordered	Outlier	Disordered	Y71out	P 61 2 2 (CF1)	6h47A4	4	GTPase KRas	RASK_HUMAN	P01116-2	G12V	G12	KRAS	0P	G12V	None	None	Binder	None	SP12-Unbound	P 61 2 2	169	1-30:37-166	2018-07-20	Other	288.7587	0.3113	Unbound	Unbound	21,24,25,37,38,40	SO4	darpin K19	None	B:91,87,88,95,68,94,133,137,90,129,102,98,99,136,97,101,107,108,132,135,138	None	None	None	None	Binder	None	B	None	None	None	SO4	None	None	STP	XRAY	1.700	0.193	GSHMTEYKLVVVGAVGVGKSALTIQLIQNHFVDEYDPTIEDSYRKQVVIDGETCLLDILDTAGQEEYSAMRDQYMRTGEGFLCVFAINNTKSFEDIHHYREQIKRVKDSEDVPMVLVGNKCDLPSRTVDTKQAQDLARSYGIPFIETSAKTRQGVDDAFYTLVREIRKH	True	85.829	85.829	227.122	90.00	90.00	120.00	/Users/mitchellparker/Desktop/rascore_build/core/6h47A_core.cif	/Users/mitchellparker/Desktop/rascore_build/rcsb/6h47.cif.gz	/Users/mitchellparker/Desktop/rascore_build/renum/6h47_renum.cif	/Users/mitchellparker/Desktop/rascore_build/rcsb_assembly/6h47-assembly-1.cif.gz	/Users/mitchellparker/Desktop/rascore_build/renum_assembly/6h47-assembly-1_renum.cif	/Users/mitchellparker/Desktop/rascore_build/sifts/6h47.xml.gz	/Users/mitchellparker/Desktop/rascore_build/pocket/6h47A_4_pocket.pdb
6h47A	6h47	0	A	Disordered	Outlier	Disordered	Y71out	P 61 2 2 (CF1)	6h47A5	5	GTPase KRas	RASK_HUMAN	P01116-2	G12V	G12	KRAS	0P	G12V	None	None	Binder	None	SP12-Unbound	P 61 2 2	169	1-30:37-166	2018-07-20	Other	408.0932	0.0605	Unbound	Unbound	73,74,75,76,104,106,109,110,163,166	SO4	darpin K19	None	B:91,87,88,95,68,94,133,137,90,129,102,98,99,136,97,101,107,108,132,135,138	None	None	None	None	Binder	None	B	None	None	None	SO4	None	None	STP	XRAY	1.700	0.193	GSHMTEYKLVVVGAVGVGKSALTIQLIQNHFVDEYDPTIEDSYRKQVVIDGETCLLDILDTAGQEEYSAMRDQYMRTGEGFLCVFAINNTKSFEDIHHYREQIKRVKDSEDVPMVLVGNKCDLPSRTVDTKQAQDLARSYGIPFIETSAKTRQGVDDAFYTLVREIRKH	True	85.829	85.829	227.122	90.00	90.00	120.00	/Users/mitchellparker/Desktop/rascore_build/core/6h47A_core.cif	/Users/mitchellparker/Desktop/rascore_build/rcsb/6h47.cif.gz	/Users/mitchellparker/Desktop/rascore_build/renum/6h47_renum.cif	/Users/mitchellparker/Desktop/rascore_build/rcsb_assembly/6h47-assembly-1.cif.gz	/Users/mitchellparker/Desktop/rascore_build/renum_assembly/6h47-assembly-1_renum.cif	/Users/mitchellparker/Desktop/rascore_build/sifts/6h47.xml.gz	/Users/mitchellparker/Desktop/rascore_build/pocket/6h47A_5_pocket.pdb
6h47A	6h47	0	A	Disordered	Outlier	Disordered	Y71out	P 61 2 2 (CF1)	6h47A6	6	GTPase KRas	RASK_HUMAN	P01116-2	G12V	G12	KRAS	0P	G12V	None	None	Binder	None	SP12-Unbound	P 61 2 2	169	1-30:37-166	2018-07-20	Other	470.2745	0.2198	Unbound	Unbound	22,23,25,42,44,46,53,149,153,156,157	SO4	darpin K19	None	B:91,87,88,95,68,94,133,137,90,129,102,98,99,136,97,101,107,108,132,135,138	None	None	None	None	Binder	None	B	None	None	None	SO4	None	None	STP	XRAY	1.700	0.193	GSHMTEYKLVVVGAVGVGKSALTIQLIQNHFVDEYDPTIEDSYRKQVVIDGETCLLDILDTAGQEEYSAMRDQYMRTGEGFLCVFAINNTKSFEDIHHYREQIKRVKDSEDVPMVLVGNKCDLPSRTVDTKQAQDLARSYGIPFIETSAKTRQGVDDAFYTLVREIRKH	True	85.829	85.829	227.122	90.00	90.00	120.00	/Users/mitchellparker/Desktop/rascore_build/core/6h47A_core.cif	/Users/mitchellparker/Desktop/rascore_build/rcsb/6h47.cif.gz	/Users/mitchellparker/Desktop/rascore_build/renum/6h47_renum.cif	/Users/mitchellparker/Desktop/rascore_build/rcsb_assembly/6h47-assembly-1.cif.gz	/Users/mitchellparker/Desktop/rascore_build/renum_assembly/6h47-assembly-1_renum.cif	/Users/mitchellparker/Desktop/rascore_build/sifts/6h47.xml.gz	/Users/mitchellparker/Desktop/rascore_build/pocket/6h47A_6_pocket.pdb
6h47A	6h47	0	A	Disordered	Outlier	Disordered	Y71out	P 61 2 2 (CF1)	6h47A7	7	GTPase KRas	RASK_HUMAN	P01116-2	G12V	G12	KRAS	0P	G12V	None	None	Binder	None	SP12-Unbound	P 61 2 2	169	1-30:37-166	2018-07-20	SP12	201.4137	0.0307	Unbound	Unbound	56,67,70,71,74	SO4	darpin K19	None	B:91,87,88,95,68,94,133,137,90,129,102,98,99,136,97,101,107,108,132,135,138	None	None	None	None	Binder	None	B	None	None	None	SO4	None	None	STP	XRAY	1.700	0.193	GSHMTEYKLVVVGAVGVGKSALTIQLIQNHFVDEYDPTIEDSYRKQVVIDGETCLLDILDTAGQEEYSAMRDQYMRTGEGFLCVFAINNTKSFEDIHHYREQIKRVKDSEDVPMVLVGNKCDLPSRTVDTKQAQDLARSYGIPFIETSAKTRQGVDDAFYTLVREIRKH	True	85.829	85.829	227.122	90.00	90.00	120.00	/Users/mitchellparker/Desktop/rascore_build/core/6h47A_core.cif	/Users/mitchellparker/Desktop/rascore_build/rcsb/6h47.cif.gz	/Users/mitchellparker/Desktop/rascore_build/renum/6h47_renum.cif	/Users/mitchellparker/Desktop/rascore_build/rcsb_assembly/6h47-assembly-1.cif.gz	/Users/mitchellparker/Desktop/rascore_build/renum_assembly/6h47-assembly-1_renum.cif	/Users/mitchellparker/Desktop/rascore_build/sifts/6h47.xml.gz	/Users/mitchellparker/Desktop/rascore_build/pocket/6h47A_7_pocket.pdb
6h47A	6h47	0	A	Disordered	Outlier	Disordered	Y71out	P 61 2 2 (CF1)	6h47A8	8	GTPase KRas	RASK_HUMAN	P01116-2	G12V	G12	KRAS	0P	G12V	None	None	Binder	None	SP12-Unbound	P 61 2 2	169	1-30:37-166	2018-07-20	Other	257.8046	0.2017	Unbound	Unbound	15,18,116,117,119,120,145,146,147	SO4	darpin K19	None	B:91,87,88,95,68,94,133,137,90,129,102,98,99,136,97,101,107,108,132,135,138	None	None	None	None	Binder	None	B	None	None	None	SO4	None	None	STP	XRAY	1.700	0.193	GSHMTEYKLVVVGAVGVGKSALTIQLIQNHFVDEYDPTIEDSYRKQVVIDGETCLLDILDTAGQEEYSAMRDQYMRTGEGFLCVFAINNTKSFEDIHHYREQIKRVKDSEDVPMVLVGNKCDLPSRTVDTKQAQDLARSYGIPFIETSAKTRQGVDDAFYTLVREIRKH	True	85.829	85.829	227.122	90.00	90.00	120.00	/Users/mitchellparker/Desktop/rascore_build/core/6h47A_core.cif	/Users/mitchellparker/Desktop/rascore_build/rcsb/6h47.cif.gz	/Users/mitchellparker/Desktop/rascore_build/renum/6h47_renum.cif	/Users/mitchellparker/Desktop/rascore_build/rcsb_assembly/6h47-assembly-1.cif.gz	/Users/mitchellparker/Desktop/rascore_build/renum_assembly/6h47-assembly-1_renum.cif	/Users/mitchellparker/Desktop/rascore_build/sifts/6h47.xml.gz	/Users/mitchellparker/Desktop/rascore_build/pocket/6h47A_8_pocket.pdb
6m9wA	6m9w	0	A	Outlier	Outlier	Y32out	Y71out	P 3 2 1 (CF2)	6m9wA1	1	GTPase KRas	RASK_HUMAN	P01116-2	WT	WT	KRAS	2P	WT	None	None	None	None	SP12-Unbound	P 3 2 1	170	2-169	2018-08-24	SP12	349.5834	0.2004	Unbound	Unbound	5,7,52,54,67,70,71,74,75	GDP	None	None	None	None	None	None	None	None	None	None	GDP	None	None	None	None	None	STP	XRAY	1.500	0.145	GGTEYKLVVVGAGGVGKSALTIQLIQNHFVDEYDPTIEDSYRKQVVIDGETCLLDILDTAGQEEYSAMRDQYMRTGEGFLCVFAINNTKSFEDIHHYREQIKRVKDSEDVPMVLVGNKCDLPSRTVDTKQAQDLARSYGIPFIETSAKTRQGVDDAFYTLVREIRKHKEK	True	77.858	77.858	55.726	90.000	90.000	120.000	/Users/mitchellparker/Desktop/rascore_build/core/6m9wA_core.cif	/Users/mitchellparker/Desktop/rascore_build/rcsb/6m9w.cif.gz	/Users/mitchellparker/Desktop/rascore_build/renum/6m9w_renum.cif	/Users/mitchellparker/Desktop/rascore_build/rcsb_assembly/6m9w-assembly-1.cif.gz	/Users/mitchellparker/Desktop/rascore_build/renum_assembly/6m9w-assembly-1_renum.cif	/Users/mitchellparker/Desktop/rascore_build/sifts/6m9w.xml.gz	/Users/mitchellparker/Desktop/rascore_build/pocket/6m9wA_1_pocket.pdb
6m9wA	6m9w	0	A	Outlier	Outlier	Y32out	Y71out	P 3 2 1 (CF2)	6m9wA2	2	GTPase KRas	RASK_HUMAN	P01116-2	WT	WT	KRAS	2P	WT	None	None	None	None	SP12-Unbound	P 3 2 1	170	2-169	2018-08-24	Other	423.9087	0.0341	Unbound	Unbound	76,104,106,108,109,110,163,166,167	GDP	None	None	None	None	None	None	None	None	None	None	GDP	None	None	None	None	None	STP	XRAY	1.500	0.145	GGTEYKLVVVGAGGVGKSALTIQLIQNHFVDEYDPTIEDSYRKQVVIDGETCLLDILDTAGQEEYSAMRDQYMRTGEGFLCVFAINNTKSFEDIHHYREQIKRVKDSEDVPMVLVGNKCDLPSRTVDTKQAQDLARSYGIPFIETSAKTRQGVDDAFYTLVREIRKHKEK	True	77.858	77.858	55.726	90.000	90.000	120.000	/Users/mitchellparker/Desktop/rascore_build/core/6m9wA_core.cif	/Users/mitchellparker/Desktop/rascore_build/rcsb/6m9w.cif.gz	/Users/mitchellparker/Desktop/rascore_build/renum/6m9w_renum.cif	/Users/mitchellparker/Desktop/rascore_build/rcsb_assembly/6m9w-assembly-1.cif.gz	/Users/mitchellparker/Desktop/rascore_build/renum_assembly/6m9w-assembly-1_renum.cif	/Users/mitchellparker/Desktop/rascore_build/sifts/6m9w.xml.gz	/Users/mitchellparker/Desktop/rascore_build/pocket/6m9wA_2_pocket.pdb
6m9wA	6m9w	0	A	Outlier	Outlier	Y32out	Y71out	P 3 2 1 (CF2)	6m9wA3	3	GTPase KRas	RASK_HUMAN	P01116-2	WT	WT	KRAS	2P	WT	None	None	None	None	SP12-Unbound	P 3 2 1	170	2-169	2018-08-24	Other	214.3868	0.0002	Unbound	Unbound	108,109,110,111,137,138,139,162,165,166,169	GDP	None	None	None	None	None	None	None	None	None	None	GDP	None	None	None	None	None	STP	XRAY	1.500	0.145	GGTEYKLVVVGAGGVGKSALTIQLIQNHFVDEYDPTIEDSYRKQVVIDGETCLLDILDTAGQEEYSAMRDQYMRTGEGFLCVFAINNTKSFEDIHHYREQIKRVKDSEDVPMVLVGNKCDLPSRTVDTKQAQDLARSYGIPFIETSAKTRQGVDDAFYTLVREIRKHKEK	True	77.858	77.858	55.726	90.000	90.000	120.000	/Users/mitchellparker/Desktop/rascore_build/core/6m9wA_core.cif	/Users/mitchellparker/Desktop/rascore_build/rcsb/6m9w.cif.gz	/Users/mitchellparker/Desktop/rascore_build/renum/6m9w_renum.cif	/Users/mitchellparker/Desktop/rascore_build/rcsb_assembly/6m9w-assembly-1.cif.gz	/Users/mitchellparker/Desktop/rascore_build/renum_assembly/6m9w-assembly-1_renum.cif	/Users/mitchellparker/Desktop/rascore_build/sifts/6m9w.xml.gz	/Users/mitchellparker/Desktop/rascore_build/pocket/6m9wA_3_pocket.pdb
6m9wA	6m9w	0	A	Outlier	Outlier	Y32out	Y71out	P 3 2 1 (CF2)	6m9wA4	4	GTPase KRas	RASK_HUMAN	P01116-2	WT	WT	KRAS	2P	WT	None	None	None	None	SP12-Unbound	P 3 2 1	170	2-169	2018-08-24	Other	139.9598	0.0002	Unbound	Unbound	18,146,147	GDP	None	None	None	None	None	None	None	None	None	None	GDP	None	None	None	None	None	STP	XRAY	1.500	0.145	GGTEYKLVVVGAGGVGKSALTIQLIQNHFVDEYDPTIEDSYRKQVVIDGETCLLDILDTAGQEEYSAMRDQYMRTGEGFLCVFAINNTKSFEDIHHYREQIKRVKDSEDVPMVLVGNKCDLPSRTVDTKQAQDLARSYGIPFIETSAKTRQGVDDAFYTLVREIRKHKEK	True	77.858	77.858	55.726	90.000	90.000	120.000	/Users/mitchellparker/Desktop/rascore_build/core/6m9wA_core.cif	/Users/mitchellparker/Desktop/rascore_build/rcsb/6m9w.cif.gz	/Users/mitchellparker/Desktop/rascore_build/renum/6m9w_renum.cif	/Users/mitchellparker/Desktop/rascore_build/rcsb_assembly/6m9w-assembly-1.cif.gz	/Users/mitchellparker/Desktop/rascore_build/renum_assembly/6m9w-assembly-1_renum.cif	/Users/mitchellparker/Desktop/rascore_build/sifts/6m9w.xml.gz	/Users/mitchellparker/Desktop/rascore_build/pocket/6m9wA_4_pocket.pdb
6m9wA	6m9w	0	A	Outlier	Outlier	Y32out	Y71out	P 3 2 1 (CF2)	6m9wA5	5	GTPase KRas	RASK_HUMAN	P01116-2	WT	WT	KRAS	2P	WT	None	None	None	None	SP12-Unbound	P 3 2 1	170	2-169	2018-08-24	Other	158.3283	0.0000	Unbound	Unbound	65,66,68,69	GDP	None	None	None	None	None	None	None	None	None	None	GDP	None	None	None	None	None	STP	XRAY	1.500	0.145	GGTEYKLVVVGAGGVGKSALTIQLIQNHFVDEYDPTIEDSYRKQVVIDGETCLLDILDTAGQEEYSAMRDQYMRTGEGFLCVFAINNTKSFEDIHHYREQIKRVKDSEDVPMVLVGNKCDLPSRTVDTKQAQDLARSYGIPFIETSAKTRQGVDDAFYTLVREIRKHKEK	True	77.858	77.858	55.726	90.000	90.000	120.000	/Users/mitchellparker/Desktop/rascore_build/core/6m9wA_core.cif	/Users/mitchellparker/Desktop/rascore_build/rcsb/6m9w.cif.gz	/Users/mitchellparker/Desktop/rascore_build/renum/6m9w_renum.cif	/Users/mitchellparker/Desktop/rascore_build/rcsb_assembly/6m9w-assembly-1.cif.gz	/Users/mitchellparker/Desktop/rascore_build/renum_assembly/6m9w-assembly-1_renum.cif	/Users/mitchellparker/Desktop/rascore_build/sifts/6m9w.xml.gz	/Users/mitchellparker/Desktop/rascore_build/pocket/6m9wA_5_pocket.pdb
6mbqA	6mbq	0	A	Outlier	Outlier	Y32out	Y71out	P 21 21 21 (CF18)	6mbqA3	3	GTPase KRas	RASK_HUMAN	P01116-2	WT	WT	KRAS	3P	WT	None	None	None	None	Other-Unbound	P 21 21 21	167	2-166	2018-08-30	Other	276.1277	0.0007	Unbound	Unbound	2,3,41,43,50,51,52	NA,EDO,GNP	None	None	None	None	None	None	None	None	None	None	GNP	None	None	EDO,NA	None	None	STP	XRAY	1.350	0.137	GGTEYKLVVVGAGGVGKSALTIQLIQNHFVDEYDPTIEDSYRKQVVIDGETCLLDILDTAGQEEYSAMRDQYMRTGEGFLCVFAINNTKSFEDIHHYREQIKRVKDSEDVPMVLVGNKCDLPSRTVDTKQAQDLARSYGIPFIETSAKTRQGVDDAFYTLVREIRKH	True	36.020	37.910	99.990	90.000	90.000	90.000	/Users/mitchellparker/Desktop/rascore_build/core/6mbqA_core.cif	/Users/mitchellparker/Desktop/rascore_build/rcsb/6mbq.cif.gz	/Users/mitchellparker/Desktop/rascore_build/renum/6mbq_renum.cif	/Users/mitchellparker/Desktop/rascore_build/rcsb_assembly/6mbq-assembly-1.cif.gz	/Users/mitchellparker/Desktop/rascore_build/renum_assembly/6mbq-assembly-1_renum.cif	/Users/mitchellparker/Desktop/rascore_build/sifts/6mbq.xml.gz	/Users/mitchellparker/Desktop/rascore_build/pocket/6mbqA_3_pocket.pdb
6mbqA	6mbq	0	A	Outlier	Outlier	Y32out	Y71out	P 21 21 21 (CF18)	6mbqA4	4	GTPase KRas	RASK_HUMAN	P01116-2	WT	WT	KRAS	3P	WT	None	None	None	None	Other-Unbound	P 21 21 21	167	2-166	2018-08-30	Other	284.1113	0.0030	Unbound	Unbound	73,74,75,76,104,108,109,110,163,166	NA,EDO,GNP	None	None	None	None	None	None	None	None	None	None	GNP	None	None	EDO,NA	None	None	STP	XRAY	1.350	0.137	GGTEYKLVVVGAGGVGKSALTIQLIQNHFVDEYDPTIEDSYRKQVVIDGETCLLDILDTAGQEEYSAMRDQYMRTGEGFLCVFAINNTKSFEDIHHYREQIKRVKDSEDVPMVLVGNKCDLPSRTVDTKQAQDLARSYGIPFIETSAKTRQGVDDAFYTLVREIRKH	True	36.020	37.910	99.990	90.000	90.000	90.000	/Users/mitchellparker/Desktop/rascore_build/core/6mbqA_core.cif	/Users/mitchellparker/Desktop/rascore_build/rcsb/6mbq.cif.gz	/Users/mitchellparker/Desktop/rascore_build/renum/6mbq_renum.cif	/Users/mitchellparker/Desktop/rascore_build/rcsb_assembly/6mbq-assembly-1.cif.gz	/Users/mitchellparker/Desktop/rascore_build/renum_assembly/6mbq-assembly-1_renum.cif	/Users/mitchellparker/Desktop/rascore_build/sifts/6mbq.xml.gz	/Users/mitchellparker/Desktop/rascore_build/pocket/6mbqA_4_pocket.pdb
6mbqA	6mbq	0	A	Outlier	Outlier	Y32out	Y71out	P 21 21 21 (CF18)	6mbqA5	5	GTPase KRas	RASK_HUMAN	P01116-2	WT	WT	KRAS	3P	WT	None	None	None	None	Other-Unbound	P 21 21 21	167	2-166	2018-08-30	Other	284.1833	0.0002	Unbound	Unbound	127,131,141,142,143,150,151,154	NA,EDO,GNP	None	None	None	None	None	None	None	None	None	None	GNP	None	None	EDO,NA	None	None	STP	XRAY	1.350	0.137	GGTEYKLVVVGAGGVGKSALTIQLIQNHFVDEYDPTIEDSYRKQVVIDGETCLLDILDTAGQEEYSAMRDQYMRTGEGFLCVFAINNTKSFEDIHHYREQIKRVKDSEDVPMVLVGNKCDLPSRTVDTKQAQDLARSYGIPFIETSAKTRQGVDDAFYTLVREIRKH	True	36.020	37.910	99.990	90.000	90.000	90.000	/Users/mitchellparker/Desktop/rascore_build/core/6mbqA_core.cif	/Users/mitchellparker/Desktop/rascore_build/rcsb/6mbq.cif.gz	/Users/mitchellparker/Desktop/rascore_build/renum/6mbq_renum.cif	/Users/mitchellparker/Desktop/rascore_build/rcsb_assembly/6mbq-assembly-1.cif.gz	/Users/mitchellparker/Desktop/rascore_build/renum_assembly/6mbq-assembly-1_renum.cif	/Users/mitchellparker/Desktop/rascore_build/sifts/6mbq.xml.gz	/Users/mitchellparker/Desktop/rascore_build/pocket/6mbqA_5_pocket.pdb
6mbqA	6mbq	0	A	Outlier	Outlier	Y32out	Y71out	P 21 21 21 (CF18)	6mbqA6	6	GTPase KRas	RASK_HUMAN	P01116-2	WT	WT	KRAS	3P	WT	None	None	None	None	Other-Unbound	P 21 21 21	167	2-166	2018-08-30	Other	161.8736	0.0001	Unbound	Unbound	12,13,14,83,85,86,89,117	NA,EDO,GNP	None	None	None	None	None	None	None	None	None	None	GNP	None	None	EDO,NA	None	None	STP	XRAY	1.350	0.137	GGTEYKLVVVGAGGVGKSALTIQLIQNHFVDEYDPTIEDSYRKQVVIDGETCLLDILDTAGQEEYSAMRDQYMRTGEGFLCVFAINNTKSFEDIHHYREQIKRVKDSEDVPMVLVGNKCDLPSRTVDTKQAQDLARSYGIPFIETSAKTRQGVDDAFYTLVREIRKH	True	36.020	37.910	99.990	90.000	90.000	90.000	/Users/mitchellparker/Desktop/rascore_build/core/6mbqA_core.cif	/Users/mitchellparker/Desktop/rascore_build/rcsb/6mbq.cif.gz	/Users/mitchellparker/Desktop/rascore_build/renum/6mbq_renum.cif	/Users/mitchellparker/Desktop/rascore_build/rcsb_assembly/6mbq-assembly-1.cif.gz	/Users/mitchellparker/Desktop/rascore_build/renum_assembly/6mbq-assembly-1_renum.cif	/Users/mitchellparker/Desktop/rascore_build/sifts/6mbq.xml.gz	/Users/mitchellparker/Desktop/rascore_build/pocket/6mbqA_6_pocket.pdb
6mbtA	6mbt	0	A	Y32out.2P-OFF	Y71in.2P-SP12	Y32out	Y71in	C 1 2 1 (CF4)	6mbtA1	1	GTPase KRas	RASK_HUMAN	P01116-2	WT	WT	KRAS	2P	WT	None	None	None	None	Multiple-Unbound	C 1 2 1	170	1-169	2018-08-30	Other	480.9998	0.0667	Unbound	Unbound	94,97,98,101,102,105,106,107,137	GDP,MG	None	None	None	None	None	None	None	None	None	None	GDP	MG	None	None	None	None	STP	XRAY	1.450	0.178	GMTEYKLVVVGAGGVGKSALTIQLIQNHFVDEYDPTIEDSYRKQVVIDGETCLLDILDTAGQEEYSAMRDQYMRTGEGFLCVFAINNTKSFEDIHHYREQIKRVKDSEDVPMVLVGNKCDLPSRTVDTKQAQDLARSYGIPFIETSAKTRQGVDDAFYTLVREIRKHKEK	True	66.287	41.552	115.380	90.000	105.050	90.000	/Users/mitchellparker/Desktop/rascore_build/core/6mbtA_core.cif	/Users/mitchellparker/Desktop/rascore_build/rcsb/6mbt.cif.gz	/Users/mitchellparker/Desktop/rascore_build/renum/6mbt_renum.cif	/Users/mitchellparker/Desktop/rascore_build/rcsb_assembly/6mbt-assembly-2.cif.gz	/Users/mitchellparker/Desktop/rascore_build/renum_assembly/6mbt-assembly-2_renum.cif	/Users/mitchellparker/Desktop/rascore_build/sifts/6mbt.xml.gz	/Users/mitchellparker/Desktop/rascore_build/pocket/6mbtA_1_pocket.pdb
6mbtA	6mbt	0	A	Y32out.2P-OFF	Y71in.2P-SP12	Y32out	Y71in	C 1 2 1 (CF4)	6mbtA2	2	GTPase KRas	RASK_HUMAN	P01116-2	WT	WT	KRAS	2P	WT	None	None	None	None	Multiple-Unbound	C 1 2 1	170	1-169	2018-08-30	Other	481.8251	0.0980	Unbound	Unbound	73,74,75,76,103,104,106,108,110,166,167	GDP,MG	None	None	None	None	None	None	None	None	None	None	GDP	MG	None	None	None	None	STP	XRAY	1.450	0.178	GMTEYKLVVVGAGGVGKSALTIQLIQNHFVDEYDPTIEDSYRKQVVIDGETCLLDILDTAGQEEYSAMRDQYMRTGEGFLCVFAINNTKSFEDIHHYREQIKRVKDSEDVPMVLVGNKCDLPSRTVDTKQAQDLARSYGIPFIETSAKTRQGVDDAFYTLVREIRKHKEK	True	66.287	41.552	115.380	90.000	105.050	90.000	/Users/mitchellparker/Desktop/rascore_build/core/6mbtA_core.cif	/Users/mitchellparker/Desktop/rascore_build/rcsb/6mbt.cif.gz	/Users/mitchellparker/Desktop/rascore_build/renum/6mbt_renum.cif	/Users/mitchellparker/Desktop/rascore_build/rcsb_assembly/6mbt-assembly-2.cif.gz	/Users/mitchellparker/Desktop/rascore_build/renum_assembly/6mbt-assembly-2_renum.cif	/Users/mitchellparker/Desktop/rascore_build/sifts/6mbt.xml.gz	/Users/mitchellparker/Desktop/rascore_build/pocket/6mbtA_2_pocket.pdb
6mbtA	6mbt	0	A	Y32out.2P-OFF	Y71in.2P-SP12	Y32out	Y71in	C 1 2 1 (CF4)	6mbtA3	3	GTPase KRas	RASK_HUMAN	P01116-2	WT	WT	KRAS	2P	WT	None	None	None	None	Multiple-Unbound	C 1 2 1	170	1-169	2018-08-30	SP12	424.9807	0.1379	Unbound	Unbound	5,6,7,37,39,54,56,62,67,70,71,74	GDP,MG	None	None	None	None	None	None	None	None	None	None	GDP	MG	None	None	None	None	STP	XRAY	1.450	0.178	GMTEYKLVVVGAGGVGKSALTIQLIQNHFVDEYDPTIEDSYRKQVVIDGETCLLDILDTAGQEEYSAMRDQYMRTGEGFLCVFAINNTKSFEDIHHYREQIKRVKDSEDVPMVLVGNKCDLPSRTVDTKQAQDLARSYGIPFIETSAKTRQGVDDAFYTLVREIRKHKEK	True	66.287	41.552	115.380	90.000	105.050	90.000	/Users/mitchellparker/Desktop/rascore_build/core/6mbtA_core.cif	/Users/mitchellparker/Desktop/rascore_build/rcsb/6mbt.cif.gz	/Users/mitchellparker/Desktop/rascore_build/renum/6mbt_renum.cif	/Users/mitchellparker/Desktop/rascore_build/rcsb_assembly/6mbt-assembly-2.cif.gz	/Users/mitchellparker/Desktop/rascore_build/renum_assembly/6mbt-assembly-2_renum.cif	/Users/mitchellparker/Desktop/rascore_build/sifts/6mbt.xml.gz	/Users/mitchellparker/Desktop/rascore_build/pocket/6mbtA_3_pocket.pdb
6mbtA	6mbt	0	A	Y32out.2P-OFF	Y71in.2P-SP12	Y32out	Y71in	C 1 2 1 (CF4)	6mbtA4	4	GTPase KRas	RASK_HUMAN	P01116-2	WT	WT	KRAS	2P	WT	None	None	None	None	Multiple-Unbound	C 1 2 1	170	1-169	2018-08-30	Other	409.6434	0.0578	Unbound	Unbound	68,69,73,95,98,99,102,103	GDP,MG	None	None	None	None	None	None	None	None	None	None	GDP	MG	None	None	None	None	STP	XRAY	1.450	0.178	GMTEYKLVVVGAGGVGKSALTIQLIQNHFVDEYDPTIEDSYRKQVVIDGETCLLDILDTAGQEEYSAMRDQYMRTGEGFLCVFAINNTKSFEDIHHYREQIKRVKDSEDVPMVLVGNKCDLPSRTVDTKQAQDLARSYGIPFIETSAKTRQGVDDAFYTLVREIRKHKEK	True	66.287	41.552	115.380	90.000	105.050	90.000	/Users/mitchellparker/Desktop/rascore_build/core/6mbtA_core.cif	/Users/mitchellparker/Desktop/rascore_build/rcsb/6mbt.cif.gz	/Users/mitchellparker/Desktop/rascore_build/renum/6mbt_renum.cif	/Users/mitchellparker/Desktop/rascore_build/rcsb_assembly/6mbt-assembly-2.cif.gz	/Users/mitchellparker/Desktop/rascore_build/renum_assembly/6mbt-assembly-2_renum.cif	/Users/mitchellparker/Desktop/rascore_build/sifts/6mbt.xml.gz	/Users/mitchellparker/Desktop/rascore_build/pocket/6mbtA_4_pocket.pdb
6mbtA	6mbt	0	A	Y32out.2P-OFF	Y71in.2P-SP12	Y32out	Y71in	C 1 2 1 (CF4)	6mbtA5	5	GTPase KRas	RASK_HUMAN	P01116-2	WT	WT	KRAS	2P	WT	None	None	None	None	Multiple-Unbound	C 1 2 1	170	1-169	2018-08-30	SP2	323.9450	0.0034	Unbound	Unbound	60,61,62,65,68,71,72,95,96,99	GDP,MG	None	None	None	None	None	None	None	None	None	None	GDP	MG	None	None	None	None	STP	XRAY	1.450	0.178	GMTEYKLVVVGAGGVGKSALTIQLIQNHFVDEYDPTIEDSYRKQVVIDGETCLLDILDTAGQEEYSAMRDQYMRTGEGFLCVFAINNTKSFEDIHHYREQIKRVKDSEDVPMVLVGNKCDLPSRTVDTKQAQDLARSYGIPFIETSAKTRQGVDDAFYTLVREIRKHKEK	True	66.287	41.552	115.380	90.000	105.050	90.000	/Users/mitchellparker/Desktop/rascore_build/core/6mbtA_core.cif	/Users/mitchellparker/Desktop/rascore_build/rcsb/6mbt.cif.gz	/Users/mitchellparker/Desktop/rascore_build/renum/6mbt_renum.cif	/Users/mitchellparker/Desktop/rascore_build/rcsb_assembly/6mbt-assembly-2.cif.gz	/Users/mitchellparker/Desktop/rascore_build/renum_assembly/6mbt-assembly-2_renum.cif	/Users/mitchellparker/Desktop/rascore_build/sifts/6mbt.xml.gz	/Users/mitchellparker/Desktop/rascore_build/pocket/6mbtA_5_pocket.pdb
6mbtA	6mbt	0	A	Y32out.2P-OFF	Y71in.2P-SP12	Y32out	Y71in	C 1 2 1 (CF4)	6mbtA6	6	GTPase KRas	RASK_HUMAN	P01116-2	WT	WT	KRAS	2P	WT	None	None	None	None	Multiple-Unbound	C 1 2 1	170	1-169	2018-08-30	Other	269.2923	0.0001	Unbound	Unbound	97,107,108,109,110,111,137,138,139,162,165,166	GDP,MG	None	None	None	None	None	None	None	None	None	None	GDP	MG	None	None	None	None	STP	XRAY	1.450	0.178	GMTEYKLVVVGAGGVGKSALTIQLIQNHFVDEYDPTIEDSYRKQVVIDGETCLLDILDTAGQEEYSAMRDQYMRTGEGFLCVFAINNTKSFEDIHHYREQIKRVKDSEDVPMVLVGNKCDLPSRTVDTKQAQDLARSYGIPFIETSAKTRQGVDDAFYTLVREIRKHKEK	True	66.287	41.552	115.380	90.000	105.050	90.000	/Users/mitchellparker/Desktop/rascore_build/core/6mbtA_core.cif	/Users/mitchellparker/Desktop/rascore_build/rcsb/6mbt.cif.gz	/Users/mitchellparker/Desktop/rascore_build/renum/6mbt_renum.cif	/Users/mitchellparker/Desktop/rascore_build/rcsb_assembly/6mbt-assembly-2.cif.gz	/Users/mitchellparker/Desktop/rascore_build/renum_assembly/6mbt-assembly-2_renum.cif	/Users/mitchellparker/Desktop/rascore_build/sifts/6mbt.xml.gz	/Users/mitchellparker/Desktop/rascore_build/pocket/6mbtA_6_pocket.pdb
6mbtA	6mbt	0	A	Y32out.2P-OFF	Y71in.2P-SP12	Y32out	Y71in	C 1 2 1 (CF4)	6mbtA7	7	GTPase KRas	RASK_HUMAN	P01116-2	WT	WT	KRAS	2P	WT	None	None	None	None	Multiple-Unbound	C 1 2 1	170	1-169	2018-08-30	Other	242.7728	0.1668	Unbound	Unbound	90,94,129,132,133,136	GDP,MG	None	None	None	None	None	None	None	None	None	None	GDP	MG	None	None	None	None	STP	XRAY	1.450	0.178	GMTEYKLVVVGAGGVGKSALTIQLIQNHFVDEYDPTIEDSYRKQVVIDGETCLLDILDTAGQEEYSAMRDQYMRTGEGFLCVFAINNTKSFEDIHHYREQIKRVKDSEDVPMVLVGNKCDLPSRTVDTKQAQDLARSYGIPFIETSAKTRQGVDDAFYTLVREIRKHKEK	True	66.287	41.552	115.380	90.000	105.050	90.000	/Users/mitchellparker/Desktop/rascore_build/core/6mbtA_core.cif	/Users/mitchellparker/Desktop/rascore_build/rcsb/6mbt.cif.gz	/Users/mitchellparker/Desktop/rascore_build/renum/6mbt_renum.cif	/Users/mitchellparker/Desktop/rascore_build/rcsb_assembly/6mbt-assembly-2.cif.gz	/Users/mitchellparker/Desktop/rascore_build/renum_assembly/6mbt-assembly-2_renum.cif	/Users/mitchellparker/Desktop/rascore_build/sifts/6mbt.xml.gz	/Users/mitchellparker/Desktop/rascore_build/pocket/6mbtA_7_pocket.pdb
6mbtA	6mbt	0	A	Y32out.2P-OFF	Y71in.2P-SP12	Y32out	Y71in	C 1 2 1 (CF4)	6mbtA8	8	GTPase KRas	RASK_HUMAN	P01116-2	WT	WT	KRAS	2P	WT	None	None	None	None	Multiple-Unbound	C 1 2 1	170	1-169	2018-08-30	Other	174.2940	0.0183	Unbound	Unbound	13,31,32,34	GDP,MG	None	None	None	None	None	None	None	None	None	None	GDP	MG	None	None	None	None	STP	XRAY	1.450	0.178	GMTEYKLVVVGAGGVGKSALTIQLIQNHFVDEYDPTIEDSYRKQVVIDGETCLLDILDTAGQEEYSAMRDQYMRTGEGFLCVFAINNTKSFEDIHHYREQIKRVKDSEDVPMVLVGNKCDLPSRTVDTKQAQDLARSYGIPFIETSAKTRQGVDDAFYTLVREIRKHKEK	True	66.287	41.552	115.380	90.000	105.050	90.000	/Users/mitchellparker/Desktop/rascore_build/core/6mbtA_core.cif	/Users/mitchellparker/Desktop/rascore_build/rcsb/6mbt.cif.gz	/Users/mitchellparker/Desktop/rascore_build/renum/6mbt_renum.cif	/Users/mitchellparker/Desktop/rascore_build/rcsb_assembly/6mbt-assembly-2.cif.gz	/Users/mitchellparker/Desktop/rascore_build/renum_assembly/6mbt-assembly-2_renum.cif	/Users/mitchellparker/Desktop/rascore_build/sifts/6mbt.xml.gz	/Users/mitchellparker/Desktop/rascore_build/pocket/6mbtA_8_pocket.pdb
6mbtB	6mbt	0	B	Y32out.2P-OFF	Y71in.2P-SP12	Y32out	Y71in	C 1 2 1 (CF4)	6mbtB1	1	GTPase KRas	RASK_HUMAN	P01116-2	WT	WT	KRAS	2P	WT	None	None	None	None	Multiple-Unbound	C 1 2 1	170	1-169	2018-08-30	Other	437.4932	0.0272	Unbound	Unbound	73,74,75,76,103,104,106,108,110,163,166,167	GDP,MG	None	None	None	None	None	None	None	None	None	None	GDP	MG	None	None	None	None	STP	XRAY	1.450	0.178	GMTEYKLVVVGAGGVGKSALTIQLIQNHFVDEYDPTIEDSYRKQVVIDGETCLLDILDTAGQEEYSAMRDQYMRTGEGFLCVFAINNTKSFEDIHHYREQIKRVKDSEDVPMVLVGNKCDLPSRTVDTKQAQDLARSYGIPFIETSAKTRQGVDDAFYTLVREIRKHKEK	True	66.287	41.552	115.380	90.000	105.050	90.000	/Users/mitchellparker/Desktop/rascore_build/core/6mbtB_core.cif	/Users/mitchellparker/Desktop/rascore_build/rcsb/6mbt.cif.gz	/Users/mitchellparker/Desktop/rascore_build/renum/6mbt_renum.cif	/Users/mitchellparker/Desktop/rascore_build/rcsb_assembly/6mbt-assembly-2.cif.gz	/Users/mitchellparker/Desktop/rascore_build/renum_assembly/6mbt-assembly-2_renum.cif	/Users/mitchellparker/Desktop/rascore_build/sifts/6mbt.xml.gz	/Users/mitchellparker/Desktop/rascore_build/pocket/6mbtB_1_pocket.pdb
6mbtB	6mbt	0	B	Y32out.2P-OFF	Y71in.2P-SP12	Y32out	Y71in	C 1 2 1 (CF4)	6mbtB2	2	GTPase KRas	RASK_HUMAN	P01116-2	WT	WT	KRAS	2P	WT	None	None	None	None	Multiple-Unbound	C 1 2 1	170	1-169	2018-08-30	SP2	283.3234	0.0032	Unbound	Unbound	10,58,60,61,62,65,68,71,72,95,96,99	GDP,MG	None	None	None	None	None	None	None	None	None	None	GDP	MG	None	None	None	None	STP	XRAY	1.450	0.178	GMTEYKLVVVGAGGVGKSALTIQLIQNHFVDEYDPTIEDSYRKQVVIDGETCLLDILDTAGQEEYSAMRDQYMRTGEGFLCVFAINNTKSFEDIHHYREQIKRVKDSEDVPMVLVGNKCDLPSRTVDTKQAQDLARSYGIPFIETSAKTRQGVDDAFYTLVREIRKHKEK	True	66.287	41.552	115.380	90.000	105.050	90.000	/Users/mitchellparker/Desktop/rascore_build/core/6mbtB_core.cif	/Users/mitchellparker/Desktop/rascore_build/rcsb/6mbt.cif.gz	/Users/mitchellparker/Desktop/rascore_build/renum/6mbt_renum.cif	/Users/mitchellparker/Desktop/rascore_build/rcsb_assembly/6mbt-assembly-2.cif.gz	/Users/mitchellparker/Desktop/rascore_build/renum_assembly/6mbt-assembly-2_renum.cif	/Users/mitchellparker/Desktop/rascore_build/sifts/6mbt.xml.gz	/Users/mitchellparker/Desktop/rascore_build/pocket/6mbtB_2_pocket.pdb
6mbtB	6mbt	0	B	Y32out.2P-OFF	Y71in.2P-SP12	Y32out	Y71in	C 1 2 1 (CF4)	6mbtB3	3	GTPase KRas	RASK_HUMAN	P01116-2	WT	WT	KRAS	2P	WT	None	None	None	None	Multiple-Unbound	C 1 2 1	170	1-169	2018-08-30	Other	488.6658	0.3378	Unbound	Unbound	94,97,98,101,102,105,106,107,137	GDP,MG	None	None	None	None	None	None	None	None	None	None	GDP	MG	None	None	None	None	STP	XRAY	1.450	0.178	GMTEYKLVVVGAGGVGKSALTIQLIQNHFVDEYDPTIEDSYRKQVVIDGETCLLDILDTAGQEEYSAMRDQYMRTGEGFLCVFAINNTKSFEDIHHYREQIKRVKDSEDVPMVLVGNKCDLPSRTVDTKQAQDLARSYGIPFIETSAKTRQGVDDAFYTLVREIRKHKEK	True	66.287	41.552	115.380	90.000	105.050	90.000	/Users/mitchellparker/Desktop/rascore_build/core/6mbtB_core.cif	/Users/mitchellparker/Desktop/rascore_build/rcsb/6mbt.cif.gz	/Users/mitchellparker/Desktop/rascore_build/renum/6mbt_renum.cif	/Users/mitchellparker/Desktop/rascore_build/rcsb_assembly/6mbt-assembly-2.cif.gz	/Users/mitchellparker/Desktop/rascore_build/renum_assembly/6mbt-assembly-2_renum.cif	/Users/mitchellparker/Desktop/rascore_build/sifts/6mbt.xml.gz	/Users/mitchellparker/Desktop/rascore_build/pocket/6mbtB_3_pocket.pdb
6mbtB	6mbt	0	B	Y32out.2P-OFF	Y71in.2P-SP12	Y32out	Y71in	C 1 2 1 (CF4)	6mbtB4	4	GTPase KRas	RASK_HUMAN	P01116-2	WT	WT	KRAS	2P	WT	None	None	None	None	Multiple-Unbound	C 1 2 1	170	1-169	2018-08-30	SP12	284.0350	0.0296	Unbound	Unbound	5,6,7,39,54,56,67,70,71,74	GDP,MG	None	None	None	None	None	None	None	None	None	None	GDP	MG	None	None	None	None	STP	XRAY	1.450	0.178	GMTEYKLVVVGAGGVGKSALTIQLIQNHFVDEYDPTIEDSYRKQVVIDGETCLLDILDTAGQEEYSAMRDQYMRTGEGFLCVFAINNTKSFEDIHHYREQIKRVKDSEDVPMVLVGNKCDLPSRTVDTKQAQDLARSYGIPFIETSAKTRQGVDDAFYTLVREIRKHKEK	True	66.287	41.552	115.380	90.000	105.050	90.000	/Users/mitchellparker/Desktop/rascore_build/core/6mbtB_core.cif	/Users/mitchellparker/Desktop/rascore_build/rcsb/6mbt.cif.gz	/Users/mitchellparker/Desktop/rascore_build/renum/6mbt_renum.cif	/Users/mitchellparker/Desktop/rascore_build/rcsb_assembly/6mbt-assembly-2.cif.gz	/Users/mitchellparker/Desktop/rascore_build/renum_assembly/6mbt-assembly-2_renum.cif	/Users/mitchellparker/Desktop/rascore_build/sifts/6mbt.xml.gz	/Users/mitchellparker/Desktop/rascore_build/pocket/6mbtB_4_pocket.pdb
6mbtB	6mbt	0	B	Y32out.2P-OFF	Y71in.2P-SP12	Y32out	Y71in	C 1 2 1 (CF4)	6mbtB5	5	GTPase KRas	RASK_HUMAN	P01116-2	WT	WT	KRAS	2P	WT	None	None	None	None	Multiple-Unbound	C 1 2 1	170	1-169	2018-08-30	Other	180.9118	0.0005	Unbound	Unbound	97,107,108,109,110,111,137,138,139,162,165,166	GDP,MG	None	None	None	None	None	None	None	None	None	None	GDP	MG	None	None	None	None	STP	XRAY	1.450	0.178	GMTEYKLVVVGAGGVGKSALTIQLIQNHFVDEYDPTIEDSYRKQVVIDGETCLLDILDTAGQEEYSAMRDQYMRTGEGFLCVFAINNTKSFEDIHHYREQIKRVKDSEDVPMVLVGNKCDLPSRTVDTKQAQDLARSYGIPFIETSAKTRQGVDDAFYTLVREIRKHKEK	True	66.287	41.552	115.380	90.000	105.050	90.000	/Users/mitchellparker/Desktop/rascore_build/core/6mbtB_core.cif	/Users/mitchellparker/Desktop/rascore_build/rcsb/6mbt.cif.gz	/Users/mitchellparker/Desktop/rascore_build/renum/6mbt_renum.cif	/Users/mitchellparker/Desktop/rascore_build/rcsb_assembly/6mbt-assembly-2.cif.gz	/Users/mitchellparker/Desktop/rascore_build/renum_assembly/6mbt-assembly-2_renum.cif	/Users/mitchellparker/Desktop/rascore_build/sifts/6mbt.xml.gz	/Users/mitchellparker/Desktop/rascore_build/pocket/6mbtB_5_pocket.pdb
6mbtB	6mbt	0	B	Y32out.2P-OFF	Y71in.2P-SP12	Y32out	Y71in	C 1 2 1 (CF4)	6mbtB6	6	GTPase KRas	RASK_HUMAN	P01116-2	WT	WT	KRAS	2P	WT	None	None	None	None	Multiple-Unbound	C 1 2 1	170	1-169	2018-08-30	Other	186.7728	0.0021	Unbound	Unbound	87,90,91,124,125,129	GDP,MG	None	None	None	None	None	None	None	None	None	None	GDP	MG	None	None	None	None	STP	XRAY	1.450	0.178	GMTEYKLVVVGAGGVGKSALTIQLIQNHFVDEYDPTIEDSYRKQVVIDGETCLLDILDTAGQEEYSAMRDQYMRTGEGFLCVFAINNTKSFEDIHHYREQIKRVKDSEDVPMVLVGNKCDLPSRTVDTKQAQDLARSYGIPFIETSAKTRQGVDDAFYTLVREIRKHKEK	True	66.287	41.552	115.380	90.000	105.050	90.000	/Users/mitchellparker/Desktop/rascore_build/core/6mbtB_core.cif	/Users/mitchellparker/Desktop/rascore_build/rcsb/6mbt.cif.gz	/Users/mitchellparker/Desktop/rascore_build/renum/6mbt_renum.cif	/Users/mitchellparker/Desktop/rascore_build/rcsb_assembly/6mbt-assembly-2.cif.gz	/Users/mitchellparker/Desktop/rascore_build/renum_assembly/6mbt-assembly-2_renum.cif	/Users/mitchellparker/Desktop/rascore_build/sifts/6mbt.xml.gz	/Users/mitchellparker/Desktop/rascore_build/pocket/6mbtB_6_pocket.pdb
6mbuA	6mbu	0	A	Y32out.2P-OFF	Y71out.2P-SP2-B	Y32out	Y71out	P 3 (CF2)	6mbuA2	2	GTPase KRas	RASK_HUMAN	P01116-2	WT	WT	KRAS	2P	WT	None	None	None	None	SP2-Unbound	P 3	170	1-168	2018-08-30	SP2	336.6633	0.0795	Unbound	Unbound	9,10,12,16,34,37,58,59,60,68,72,96,99	MG,MG,MG,GDP,GOL	None	None	None	None	None	None	None	None	None	None	GDP	MG	None	GOL	None	None	STP	XRAY	1.450	0.136	GMTEYKLVVVGAGGVGKSALTIQLIQNHFVDEYDPTIEDSYRKQVVIDGETCLLDILDTAGQEEYSAMRDQYMRTGEGFLCVFAINNTKSFEDIHHYREQIKRVKDSEDVPMVLVGNKCDLPSRTVDTKQAQDLARSYGIPFIETSAKTRQGVDDAFYTLVREIRKHKEK	True	84.185	84.185	41.916	90.000	90.000	120.000	/Users/mitchellparker/Desktop/rascore_build/core/6mbuA_core.cif	/Users/mitchellparker/Desktop/rascore_build/rcsb/6mbu.cif.gz	/Users/mitchellparker/Desktop/rascore_build/renum/6mbu_renum.cif	/Users/mitchellparker/Desktop/rascore_build/rcsb_assembly/6mbu-assembly-2.cif.gz	/Users/mitchellparker/Desktop/rascore_build/renum_assembly/6mbu-assembly-2_renum.cif	/Users/mitchellparker/Desktop/rascore_build/sifts/6mbu.xml.gz	/Users/mitchellparker/Desktop/rascore_build/pocket/6mbuA_2_pocket.pdb
6mbuA	6mbu	0	A	Y32out.2P-OFF	Y71out.2P-SP2-B	Y32out	Y71out	P 3 (CF2)	6mbuA3	3	GTPase KRas	RASK_HUMAN	P01116-2	WT	WT	KRAS	2P	WT	None	None	None	None	SP2-Unbound	P 3	170	1-168	2018-08-30	Other	191.8010	0.0027	Unbound	Unbound	107,108,109,110,137,138,139,162,166	MG,MG,MG,GDP,GOL	None	None	None	None	None	None	None	None	None	None	GDP	MG	None	GOL	None	None	STP	XRAY	1.450	0.136	GMTEYKLVVVGAGGVGKSALTIQLIQNHFVDEYDPTIEDSYRKQVVIDGETCLLDILDTAGQEEYSAMRDQYMRTGEGFLCVFAINNTKSFEDIHHYREQIKRVKDSEDVPMVLVGNKCDLPSRTVDTKQAQDLARSYGIPFIETSAKTRQGVDDAFYTLVREIRKHKEK	True	84.185	84.185	41.916	90.000	90.000	120.000	/Users/mitchellparker/Desktop/rascore_build/core/6mbuA_core.cif	/Users/mitchellparker/Desktop/rascore_build/rcsb/6mbu.cif.gz	/Users/mitchellparker/Desktop/rascore_build/renum/6mbu_renum.cif	/Users/mitchellparker/Desktop/rascore_build/rcsb_assembly/6mbu-assembly-2.cif.gz	/Users/mitchellparker/Desktop/rascore_build/renum_assembly/6mbu-assembly-2_renum.cif	/Users/mitchellparker/Desktop/rascore_build/sifts/6mbu.xml.gz	/Users/mitchellparker/Desktop/rascore_build/pocket/6mbuA_3_pocket.pdb
6mbuA	6mbu	0	A	Y32out.2P-OFF	Y71out.2P-SP2-B	Y32out	Y71out	P 3 (CF2)	6mbuA4	4	GTPase KRas	RASK_HUMAN	P01116-2	WT	WT	KRAS	2P	WT	None	None	None	None	SP2-Unbound	P 3	170	1-168	2018-08-30	Other	202.1866	0.5357	Unbound	Unbound	75,76,104,106,108,109,110,163,166	MG,MG,MG,GDP,GOL	None	None	None	None	None	None	None	None	None	None	GDP	MG	None	GOL	None	None	STP	XRAY	1.450	0.136	GMTEYKLVVVGAGGVGKSALTIQLIQNHFVDEYDPTIEDSYRKQVVIDGETCLLDILDTAGQEEYSAMRDQYMRTGEGFLCVFAINNTKSFEDIHHYREQIKRVKDSEDVPMVLVGNKCDLPSRTVDTKQAQDLARSYGIPFIETSAKTRQGVDDAFYTLVREIRKHKEK	True	84.185	84.185	41.916	90.000	90.000	120.000	/Users/mitchellparker/Desktop/rascore_build/core/6mbuA_core.cif	/Users/mitchellparker/Desktop/rascore_build/rcsb/6mbu.cif.gz	/Users/mitchellparker/Desktop/rascore_build/renum/6mbu_renum.cif	/Users/mitchellparker/Desktop/rascore_build/rcsb_assembly/6mbu-assembly-2.cif.gz	/Users/mitchellparker/Desktop/rascore_build/renum_assembly/6mbu-assembly-2_renum.cif	/Users/mitchellparker/Desktop/rascore_build/sifts/6mbu.xml.gz	/Users/mitchellparker/Desktop/rascore_build/pocket/6mbuA_4_pocket.pdb
6mbuB	6mbu	0	B	Y32out.2P-OFF	Disordered	Y32out	Y71out	P 3 (CF2)	6mbuB2	2	GTPase KRas	RASK_HUMAN	P01116-2	WT	WT	KRAS	2P	WT	None	None	None	None	SP2-Unbound	P 3	170	1-59:70-168	2018-08-30	SP2	228.4930	0.1278	Unbound	Unbound	72,99,102,103	MG,MG,GDP,GOL,GOL	None	None	None	None	None	None	None	None	None	None	GDP	MG	None	GOL	None	None	STP	XRAY	1.450	0.136	GMTEYKLVVVGAGGVGKSALTIQLIQNHFVDEYDPTIEDSYRKQVVIDGETCLLDILDTAGQEEYSAMRDQYMRTGEGFLCVFAINNTKSFEDIHHYREQIKRVKDSEDVPMVLVGNKCDLPSRTVDTKQAQDLARSYGIPFIETSAKTRQGVDDAFYTLVREIRKHKEK	True	84.185	84.185	41.916	90.000	90.000	120.000	/Users/mitchellparker/Desktop/rascore_build/core/6mbuB_core.cif	/Users/mitchellparker/Desktop/rascore_build/rcsb/6mbu.cif.gz	/Users/mitchellparker/Desktop/rascore_build/renum/6mbu_renum.cif	/Users/mitchellparker/Desktop/rascore_build/rcsb_assembly/6mbu-assembly-2.cif.gz	/Users/mitchellparker/Desktop/rascore_build/renum_assembly/6mbu-assembly-2_renum.cif	/Users/mitchellparker/Desktop/rascore_build/sifts/6mbu.xml.gz	/Users/mitchellparker/Desktop/rascore_build/pocket/6mbuB_2_pocket.pdb
6mbuB	6mbu	0	B	Y32out.2P-OFF	Disordered	Y32out	Y71out	P 3 (CF2)	6mbuB3	3	GTPase KRas	RASK_HUMAN	P01116-2	WT	WT	KRAS	2P	WT	None	None	None	None	SP2-Unbound	P 3	170	1-59:70-168	2018-08-30	Other	215.6822	0.0872	Unbound	Unbound	75,76,104,106,108,109,110,163,166	MG,MG,GDP,GOL,GOL	None	None	None	None	None	None	None	None	None	None	GDP	MG	None	GOL	None	None	STP	XRAY	1.450	0.136	GMTEYKLVVVGAGGVGKSALTIQLIQNHFVDEYDPTIEDSYRKQVVIDGETCLLDILDTAGQEEYSAMRDQYMRTGEGFLCVFAINNTKSFEDIHHYREQIKRVKDSEDVPMVLVGNKCDLPSRTVDTKQAQDLARSYGIPFIETSAKTRQGVDDAFYTLVREIRKHKEK	True	84.185	84.185	41.916	90.000	90.000	120.000	/Users/mitchellparker/Desktop/rascore_build/core/6mbuB_core.cif	/Users/mitchellparker/Desktop/rascore_build/rcsb/6mbu.cif.gz	/Users/mitchellparker/Desktop/rascore_build/renum/6mbu_renum.cif	/Users/mitchellparker/Desktop/rascore_build/rcsb_assembly/6mbu-assembly-2.cif.gz	/Users/mitchellparker/Desktop/rascore_build/renum_assembly/6mbu-assembly-2_renum.cif	/Users/mitchellparker/Desktop/rascore_build/sifts/6mbu.xml.gz	/Users/mitchellparker/Desktop/rascore_build/pocket/6mbuB_3_pocket.pdb
6mbuB	6mbu	0	B	Y32out.2P-OFF	Disordered	Y32out	Y71out	P 3 (CF2)	6mbuB4	4	GTPase KRas	RASK_HUMAN	P01116-2	WT	WT	KRAS	2P	WT	None	None	None	None	SP2-Unbound	P 3	170	1-59:70-168	2018-08-30	Other	204.5318	0.0008	Unbound	Unbound	131,134,135,139,140,141	MG,MG,GDP,GOL,GOL	None	None	None	None	None	None	None	None	None	None	GDP	MG	None	GOL	None	None	STP	XRAY	1.450	0.136	GMTEYKLVVVGAGGVGKSALTIQLIQNHFVDEYDPTIEDSYRKQVVIDGETCLLDILDTAGQEEYSAMRDQYMRTGEGFLCVFAINNTKSFEDIHHYREQIKRVKDSEDVPMVLVGNKCDLPSRTVDTKQAQDLARSYGIPFIETSAKTRQGVDDAFYTLVREIRKHKEK	True	84.185	84.185	41.916	90.000	90.000	120.000	/Users/mitchellparker/Desktop/rascore_build/core/6mbuB_core.cif	/Users/mitchellparker/Desktop/rascore_build/rcsb/6mbu.cif.gz	/Users/mitchellparker/Desktop/rascore_build/renum/6mbu_renum.cif	/Users/mitchellparker/Desktop/rascore_build/rcsb_assembly/6mbu-assembly-2.cif.gz	/Users/mitchellparker/Desktop/rascore_build/renum_assembly/6mbu-assembly-2_renum.cif	/Users/mitchellparker/Desktop/rascore_build/sifts/6mbu.xml.gz	/Users/mitchellparker/Desktop/rascore_build/pocket/6mbuB_4_pocket.pdb
6mbuB	6mbu	0	B	Y32out.2P-OFF	Disordered	Y32out	Y71out	P 3 (CF2)	6mbuB5	5	GTPase KRas	RASK_HUMAN	P01116-2	WT	WT	KRAS	2P	WT	None	None	None	None	SP2-Unbound	P 3	170	1-59:70-168	2018-08-30	Other	249.3152	0.0613	Unbound	Unbound	12,13,30,31,32,34	MG,MG,GDP,GOL,GOL	None	None	None	None	None	None	None	None	None	None	GDP	MG	None	GOL	None	None	STP	XRAY	1.450	0.136	GMTEYKLVVVGAGGVGKSALTIQLIQNHFVDEYDPTIEDSYRKQVVIDGETCLLDILDTAGQEEYSAMRDQYMRTGEGFLCVFAINNTKSFEDIHHYREQIKRVKDSEDVPMVLVGNKCDLPSRTVDTKQAQDLARSYGIPFIETSAKTRQGVDDAFYTLVREIRKHKEK	True	84.185	84.185	41.916	90.000	90.000	120.000	/Users/mitchellparker/Desktop/rascore_build/core/6mbuB_core.cif	/Users/mitchellparker/Desktop/rascore_build/rcsb/6mbu.cif.gz	/Users/mitchellparker/Desktop/rascore_build/renum/6mbu_renum.cif	/Users/mitchellparker/Desktop/rascore_build/rcsb_assembly/6mbu-assembly-2.cif.gz	/Users/mitchellparker/Desktop/rascore_build/renum_assembly/6mbu-assembly-2_renum.cif	/Users/mitchellparker/Desktop/rascore_build/sifts/6mbu.xml.gz	/Users/mitchellparker/Desktop/rascore_build/pocket/6mbuB_5_pocket.pdb
6mnxA	6mnx	0	A	Y32in.3P-ON	Disordered	Y32in	Y71in	P 21 21 21 (CF19)	6mnxA2	2	GTPase KRas	RASK_HUMAN	P01116-2	Q61H	Q61	KRAS	3P	Q61H	None	None	None	None	Multiple-Unbound	P 21 21 21	169	1-63:66-169	2018-10-03	SP12	475.0984	0.2426	Unbound	Unbound	5,6,7,39,40,41,54,55,56,71,74,75	GTP,MG	None	None	None	None	None	None	None	None	None	None	GTP	MG	None	None	None	None	STP	XRAY	2.200	0.207	MTEYKLVVVGAGGVGKSALTIQLIQNHFVDEYDPTIEDSYRKQVVIDGETCLLDILDTAGHEEYSAMRDQYMRTGEGFLCVFAINNTKSFEDIHHYREQIKRVKDSEDVPMVLVGNKCDLPSRTVDTKQAQDLARSYGIPFIETSAKTRQGVDDAFYTLVREIRKHKEK	True	56.770	127.666	145.031	90.000	90.000	90.000	/Users/mitchellparker/Desktop/rascore_build/core/6mnxA_core.cif	/Users/mitchellparker/Desktop/rascore_build/rcsb/6mnx.cif.gz	/Users/mitchellparker/Desktop/rascore_build/renum/6mnx_renum.cif	/Users/mitchellparker/Desktop/rascore_build/rcsb_assembly/6mnx-assembly-6.cif.gz	/Users/mitchellparker/Desktop/rascore_build/renum_assembly/6mnx-assembly-6_renum.cif	/Users/mitchellparker/Desktop/rascore_build/sifts/6mnx.xml.gz	/Users/mitchellparker/Desktop/rascore_build/pocket/6mnxA_2_pocket.pdb
6mnxA	6mnx	0	A	Y32in.3P-ON	Disordered	Y32in	Y71in	P 21 21 21 (CF19)	6mnxA3	3	GTPase KRas	RASK_HUMAN	P01116-2	Q61H	Q61	KRAS	3P	Q61H	None	None	None	None	Multiple-Unbound	P 21 21 21	169	1-63:66-169	2018-10-03	SP2	260.5332	0.0082	Unbound	Unbound	11,12,60,61,68,92,95,96,99	GTP,MG	None	None	None	None	None	None	None	None	None	None	GTP	MG	None	None	None	None	STP	XRAY	2.200	0.207	MTEYKLVVVGAGGVGKSALTIQLIQNHFVDEYDPTIEDSYRKQVVIDGETCLLDILDTAGHEEYSAMRDQYMRTGEGFLCVFAINNTKSFEDIHHYREQIKRVKDSEDVPMVLVGNKCDLPSRTVDTKQAQDLARSYGIPFIETSAKTRQGVDDAFYTLVREIRKHKEK	True	56.770	127.666	145.031	90.000	90.000	90.000	/Users/mitchellparker/Desktop/rascore_build/core/6mnxA_core.cif	/Users/mitchellparker/Desktop/rascore_build/rcsb/6mnx.cif.gz	/Users/mitchellparker/Desktop/rascore_build/renum/6mnx_renum.cif	/Users/mitchellparker/Desktop/rascore_build/rcsb_assembly/6mnx-assembly-6.cif.gz	/Users/mitchellparker/Desktop/rascore_build/renum_assembly/6mnx-assembly-6_renum.cif	/Users/mitchellparker/Desktop/rascore_build/sifts/6mnx.xml.gz	/Users/mitchellparker/Desktop/rascore_build/pocket/6mnxA_3_pocket.pdb
6mnxA	6mnx	0	A	Y32in.3P-ON	Disordered	Y32in	Y71in	P 21 21 21 (CF19)	6mnxA4	4	GTPase KRas	RASK_HUMAN	P01116-2	Q61H	Q61	KRAS	3P	Q61H	None	None	None	None	Multiple-Unbound	P 21 21 21	169	1-63:66-169	2018-10-03	Other	179.8725	0.0004	Unbound	Unbound	97,107,108,109,110,137,138,139,162,165,166	GTP,MG	None	None	None	None	None	None	None	None	None	None	GTP	MG	None	None	None	None	STP	XRAY	2.200	0.207	MTEYKLVVVGAGGVGKSALTIQLIQNHFVDEYDPTIEDSYRKQVVIDGETCLLDILDTAGHEEYSAMRDQYMRTGEGFLCVFAINNTKSFEDIHHYREQIKRVKDSEDVPMVLVGNKCDLPSRTVDTKQAQDLARSYGIPFIETSAKTRQGVDDAFYTLVREIRKHKEK	True	56.770	127.666	145.031	90.000	90.000	90.000	/Users/mitchellparker/Desktop/rascore_build/core/6mnxA_core.cif	/Users/mitchellparker/Desktop/rascore_build/rcsb/6mnx.cif.gz	/Users/mitchellparker/Desktop/rascore_build/renum/6mnx_renum.cif	/Users/mitchellparker/Desktop/rascore_build/rcsb_assembly/6mnx-assembly-6.cif.gz	/Users/mitchellparker/Desktop/rascore_build/renum_assembly/6mnx-assembly-6_renum.cif	/Users/mitchellparker/Desktop/rascore_build/sifts/6mnx.xml.gz	/Users/mitchellparker/Desktop/rascore_build/pocket/6mnxA_4_pocket.pdb
6mnxA	6mnx	0	A	Y32in.3P-ON	Disordered	Y32in	Y71in	P 21 21 21 (CF19)	6mnxA5	5	GTPase KRas	RASK_HUMAN	P01116-2	Q61H	Q61	KRAS	3P	Q61H	None	None	None	None	Multiple-Unbound	P 21 21 21	169	1-63:66-169	2018-10-03	Other	266.9651	0.0122	Unbound	Unbound	76,104,108,109,110,163,166,167	GTP,MG	None	None	None	None	None	None	None	None	None	None	GTP	MG	None	None	None	None	STP	XRAY	2.200	0.207	MTEYKLVVVGAGGVGKSALTIQLIQNHFVDEYDPTIEDSYRKQVVIDGETCLLDILDTAGHEEYSAMRDQYMRTGEGFLCVFAINNTKSFEDIHHYREQIKRVKDSEDVPMVLVGNKCDLPSRTVDTKQAQDLARSYGIPFIETSAKTRQGVDDAFYTLVREIRKHKEK	True	56.770	127.666	145.031	90.000	90.000	90.000	/Users/mitchellparker/Desktop/rascore_build/core/6mnxA_core.cif	/Users/mitchellparker/Desktop/rascore_build/rcsb/6mnx.cif.gz	/Users/mitchellparker/Desktop/rascore_build/renum/6mnx_renum.cif	/Users/mitchellparker/Desktop/rascore_build/rcsb_assembly/6mnx-assembly-6.cif.gz	/Users/mitchellparker/Desktop/rascore_build/renum_assembly/6mnx-assembly-6_renum.cif	/Users/mitchellparker/Desktop/rascore_build/sifts/6mnx.xml.gz	/Users/mitchellparker/Desktop/rascore_build/pocket/6mnxA_5_pocket.pdb
6mnxA	6mnx	0	A	Y32in.3P-ON	Disordered	Y32in	Y71in	P 21 21 21 (CF19)	6mnxA6	6	GTPase KRas	RASK_HUMAN	P01116-2	Q61H	Q61	KRAS	3P	Q61H	None	None	None	None	Multiple-Unbound	P 21 21 21	169	1-63:66-169	2018-10-03	Other	154.3676	0.0001	Unbound	Unbound	131,134,135,139,141	GTP,MG	None	None	None	None	None	None	None	None	None	None	GTP	MG	None	None	None	None	STP	XRAY	2.200	0.207	MTEYKLVVVGAGGVGKSALTIQLIQNHFVDEYDPTIEDSYRKQVVIDGETCLLDILDTAGHEEYSAMRDQYMRTGEGFLCVFAINNTKSFEDIHHYREQIKRVKDSEDVPMVLVGNKCDLPSRTVDTKQAQDLARSYGIPFIETSAKTRQGVDDAFYTLVREIRKHKEK	True	56.770	127.666	145.031	90.000	90.000	90.000	/Users/mitchellparker/Desktop/rascore_build/core/6mnxA_core.cif	/Users/mitchellparker/Desktop/rascore_build/rcsb/6mnx.cif.gz	/Users/mitchellparker/Desktop/rascore_build/renum/6mnx_renum.cif	/Users/mitchellparker/Desktop/rascore_build/rcsb_assembly/6mnx-assembly-6.cif.gz	/Users/mitchellparker/Desktop/rascore_build/renum_assembly/6mnx-assembly-6_renum.cif	/Users/mitchellparker/Desktop/rascore_build/sifts/6mnx.xml.gz	/Users/mitchellparker/Desktop/rascore_build/pocket/6mnxA_6_pocket.pdb
6mnxB	6mnx	0	B	Y32in.3P-ON	Y71in.3P-SP12-A	Y32in	Y71in	P 21 21 21 (CF19)	6mnxB3	3	GTPase KRas	RASK_HUMAN	P01116-2	Q61H	Q61	KRAS	3P	Q61H	None	None	None	None	SP12-Unbound	P 21 21 21	169	1-168	2018-10-03	SP12	228.9134	0.0942	Unbound	Unbound	5,6,7,39,54,56,70,71,74,75	GTP,MG	None	None	None	None	None	None	None	None	None	None	GTP	MG	None	None	None	None	STP	XRAY	2.200	0.207	MTEYKLVVVGAGGVGKSALTIQLIQNHFVDEYDPTIEDSYRKQVVIDGETCLLDILDTAGHEEYSAMRDQYMRTGEGFLCVFAINNTKSFEDIHHYREQIKRVKDSEDVPMVLVGNKCDLPSRTVDTKQAQDLARSYGIPFIETSAKTRQGVDDAFYTLVREIRKHKEK	True	56.770	127.666	145.031	90.000	90.000	90.000	/Users/mitchellparker/Desktop/rascore_build/core/6mnxB_core.cif	/Users/mitchellparker/Desktop/rascore_build/rcsb/6mnx.cif.gz	/Users/mitchellparker/Desktop/rascore_build/renum/6mnx_renum.cif	/Users/mitchellparker/Desktop/rascore_build/rcsb_assembly/6mnx-assembly-6.cif.gz	/Users/mitchellparker/Desktop/rascore_build/renum_assembly/6mnx-assembly-6_renum.cif	/Users/mitchellparker/Desktop/rascore_build/sifts/6mnx.xml.gz	/Users/mitchellparker/Desktop/rascore_build/pocket/6mnxB_3_pocket.pdb
6mnxB	6mnx	0	B	Y32in.3P-ON	Y71in.3P-SP12-A	Y32in	Y71in	P 21 21 21 (CF19)	6mnxB4	4	GTPase KRas	RASK_HUMAN	P01116-2	Q61H	Q61	KRAS	3P	Q61H	None	None	None	None	SP12-Unbound	P 21 21 21	169	1-168	2018-10-03	Other	310.0720	0.0854	Unbound	Unbound	73,74,75,76,104,109,110,163,166,167	GTP,MG	None	None	None	None	None	None	None	None	None	None	GTP	MG	None	None	None	None	STP	XRAY	2.200	0.207	MTEYKLVVVGAGGVGKSALTIQLIQNHFVDEYDPTIEDSYRKQVVIDGETCLLDILDTAGHEEYSAMRDQYMRTGEGFLCVFAINNTKSFEDIHHYREQIKRVKDSEDVPMVLVGNKCDLPSRTVDTKQAQDLARSYGIPFIETSAKTRQGVDDAFYTLVREIRKHKEK	True	56.770	127.666	145.031	90.000	90.000	90.000	/Users/mitchellparker/Desktop/rascore_build/core/6mnxB_core.cif	/Users/mitchellparker/Desktop/rascore_build/rcsb/6mnx.cif.gz	/Users/mitchellparker/Desktop/rascore_build/renum/6mnx_renum.cif	/Users/mitchellparker/Desktop/rascore_build/rcsb_assembly/6mnx-assembly-6.cif.gz	/Users/mitchellparker/Desktop/rascore_build/renum_assembly/6mnx-assembly-6_renum.cif	/Users/mitchellparker/Desktop/rascore_build/sifts/6mnx.xml.gz	/Users/mitchellparker/Desktop/rascore_build/pocket/6mnxB_4_pocket.pdb
6mnxC	6mnx	0	C	Y32in.3P-ON	Outlier	Y32in	Y71in	P 21 21 21 (CF19)	6mnxC2	2	GTPase KRas	RASK_HUMAN	P01116-2	Q61H	Q61	KRAS	3P	Q61H	None	None	None	None	Multiple-Unbound	P 21 21 21	169	1-166	2018-10-03	Other	190.2266	0.0025	Unbound	Unbound	23,26,42,44,53,149,153,157	GTP,MG	None	None	None	None	None	None	None	None	None	None	GTP	MG	None	None	None	None	STP	XRAY	2.200	0.207	MTEYKLVVVGAGGVGKSALTIQLIQNHFVDEYDPTIEDSYRKQVVIDGETCLLDILDTAGHEEYSAMRDQYMRTGEGFLCVFAINNTKSFEDIHHYREQIKRVKDSEDVPMVLVGNKCDLPSRTVDTKQAQDLARSYGIPFIETSAKTRQGVDDAFYTLVREIRKHKEK	True	56.770	127.666	145.031	90.000	90.000	90.000	/Users/mitchellparker/Desktop/rascore_build/core/6mnxC_core.cif	/Users/mitchellparker/Desktop/rascore_build/rcsb/6mnx.cif.gz	/Users/mitchellparker/Desktop/rascore_build/renum/6mnx_renum.cif	/Users/mitchellparker/Desktop/rascore_build/rcsb_assembly/6mnx-assembly-6.cif.gz	/Users/mitchellparker/Desktop/rascore_build/renum_assembly/6mnx-assembly-6_renum.cif	/Users/mitchellparker/Desktop/rascore_build/sifts/6mnx.xml.gz	/Users/mitchellparker/Desktop/rascore_build/pocket/6mnxC_2_pocket.pdb
6mnxC	6mnx	0	C	Y32in.3P-ON	Outlier	Y32in	Y71in	P 21 21 21 (CF19)	6mnxC3	3	GTPase KRas	RASK_HUMAN	P01116-2	Q61H	Q61	KRAS	3P	Q61H	None	None	None	None	Multiple-Unbound	P 21 21 21	169	1-166	2018-10-03	SP12	257.2592	0.3551	Unbound	Unbound	5,6,7,39,40,41,54,55,56,71,74,75	GTP,MG	None	None	None	None	None	None	None	None	None	None	GTP	MG	None	None	None	None	STP	XRAY	2.200	0.207	MTEYKLVVVGAGGVGKSALTIQLIQNHFVDEYDPTIEDSYRKQVVIDGETCLLDILDTAGHEEYSAMRDQYMRTGEGFLCVFAINNTKSFEDIHHYREQIKRVKDSEDVPMVLVGNKCDLPSRTVDTKQAQDLARSYGIPFIETSAKTRQGVDDAFYTLVREIRKHKEK	True	56.770	127.666	145.031	90.000	90.000	90.000	/Users/mitchellparker/Desktop/rascore_build/core/6mnxC_core.cif	/Users/mitchellparker/Desktop/rascore_build/rcsb/6mnx.cif.gz	/Users/mitchellparker/Desktop/rascore_build/renum/6mnx_renum.cif	/Users/mitchellparker/Desktop/rascore_build/rcsb_assembly/6mnx-assembly-6.cif.gz	/Users/mitchellparker/Desktop/rascore_build/renum_assembly/6mnx-assembly-6_renum.cif	/Users/mitchellparker/Desktop/rascore_build/sifts/6mnx.xml.gz	/Users/mitchellparker/Desktop/rascore_build/pocket/6mnxC_3_pocket.pdb
6mnxC	6mnx	0	C	Y32in.3P-ON	Outlier	Y32in	Y71in	P 21 21 21 (CF19)	6mnxC4	4	GTPase KRas	RASK_HUMAN	P01116-2	Q61H	Q61	KRAS	3P	Q61H	None	None	None	None	Multiple-Unbound	P 21 21 21	169	1-166	2018-10-03	SP2	236.4680	0.0024	Unbound	Unbound	60,62,68,92,95,96,99	GTP,MG	None	None	None	None	None	None	None	None	None	None	GTP	MG	None	None	None	None	STP	XRAY	2.200	0.207	MTEYKLVVVGAGGVGKSALTIQLIQNHFVDEYDPTIEDSYRKQVVIDGETCLLDILDTAGHEEYSAMRDQYMRTGEGFLCVFAINNTKSFEDIHHYREQIKRVKDSEDVPMVLVGNKCDLPSRTVDTKQAQDLARSYGIPFIETSAKTRQGVDDAFYTLVREIRKHKEK	True	56.770	127.666	145.031	90.000	90.000	90.000	/Users/mitchellparker/Desktop/rascore_build/core/6mnxC_core.cif	/Users/mitchellparker/Desktop/rascore_build/rcsb/6mnx.cif.gz	/Users/mitchellparker/Desktop/rascore_build/renum/6mnx_renum.cif	/Users/mitchellparker/Desktop/rascore_build/rcsb_assembly/6mnx-assembly-6.cif.gz	/Users/mitchellparker/Desktop/rascore_build/renum_assembly/6mnx-assembly-6_renum.cif	/Users/mitchellparker/Desktop/rascore_build/sifts/6mnx.xml.gz	/Users/mitchellparker/Desktop/rascore_build/pocket/6mnxC_4_pocket.pdb
6mnxD	6mnx	0	D	Y32in.3P-ON	Outlier	Y32in	Y71in	P 21 21 21 (CF19)	6mnxD2	2	GTPase KRas	RASK_HUMAN	P01116-2	Q61H	Q61	KRAS	3P	Q61H	None	None	None	None	SP12-Unbound	P 21 21 21	169	1-166	2018-10-03	Other	163.6371	0.0010	Unbound	Unbound	97,101,106,107,108,109,110,111,137,138,139,162,166	GTP,MG	None	None	None	None	None	None	None	None	None	None	GTP	MG	None	None	None	None	STP	XRAY	2.200	0.207	MTEYKLVVVGAGGVGKSALTIQLIQNHFVDEYDPTIEDSYRKQVVIDGETCLLDILDTAGHEEYSAMRDQYMRTGEGFLCVFAINNTKSFEDIHHYREQIKRVKDSEDVPMVLVGNKCDLPSRTVDTKQAQDLARSYGIPFIETSAKTRQGVDDAFYTLVREIRKHKEK	True	56.770	127.666	145.031	90.000	90.000	90.000	/Users/mitchellparker/Desktop/rascore_build/core/6mnxD_core.cif	/Users/mitchellparker/Desktop/rascore_build/rcsb/6mnx.cif.gz	/Users/mitchellparker/Desktop/rascore_build/renum/6mnx_renum.cif	/Users/mitchellparker/Desktop/rascore_build/rcsb_assembly/6mnx-assembly-6.cif.gz	/Users/mitchellparker/Desktop/rascore_build/renum_assembly/6mnx-assembly-6_renum.cif	/Users/mitchellparker/Desktop/rascore_build/sifts/6mnx.xml.gz	/Users/mitchellparker/Desktop/rascore_build/pocket/6mnxD_2_pocket.pdb
6mnxD	6mnx	0	D	Y32in.3P-ON	Outlier	Y32in	Y71in	P 21 21 21 (CF19)	6mnxD3	3	GTPase KRas	RASK_HUMAN	P01116-2	Q61H	Q61	KRAS	3P	Q61H	None	None	None	None	SP12-Unbound	P 21 21 21	169	1-166	2018-10-03	SP12	263.6159	0.1847	Unbound	Unbound	5,6,7,39,40,41,54,55,56,71,74,75	GTP,MG	None	None	None	None	None	None	None	None	None	None	GTP	MG	None	None	None	None	STP	XRAY	2.200	0.207	MTEYKLVVVGAGGVGKSALTIQLIQNHFVDEYDPTIEDSYRKQVVIDGETCLLDILDTAGHEEYSAMRDQYMRTGEGFLCVFAINNTKSFEDIHHYREQIKRVKDSEDVPMVLVGNKCDLPSRTVDTKQAQDLARSYGIPFIETSAKTRQGVDDAFYTLVREIRKHKEK	True	56.770	127.666	145.031	90.000	90.000	90.000	/Users/mitchellparker/Desktop/rascore_build/core/6mnxD_core.cif	/Users/mitchellparker/Desktop/rascore_build/rcsb/6mnx.cif.gz	/Users/mitchellparker/Desktop/rascore_build/renum/6mnx_renum.cif	/Users/mitchellparker/Desktop/rascore_build/rcsb_assembly/6mnx-assembly-6.cif.gz	/Users/mitchellparker/Desktop/rascore_build/renum_assembly/6mnx-assembly-6_renum.cif	/Users/mitchellparker/Desktop/rascore_build/sifts/6mnx.xml.gz	/Users/mitchellparker/Desktop/rascore_build/pocket/6mnxD_3_pocket.pdb
6mnxE	6mnx	0	E	Y32in.3P-ON	Outlier	Y32in	Y71in	P 21 21 21 (CF19)	6mnxE2	2	GTPase KRas	RASK_HUMAN	P01116-2	Q61H	Q61	KRAS	3P	Q61H	None	None	None	None	SP12-Unbound	P 21 21 21	169	1-169	2018-10-03	Other	223.6429	0.0015	Unbound	Unbound	23,24,25,26,42,44,53,149,157	GTP,MG	None	None	None	None	None	None	None	None	None	None	GTP	MG	None	None	None	None	STP	XRAY	2.200	0.207	MTEYKLVVVGAGGVGKSALTIQLIQNHFVDEYDPTIEDSYRKQVVIDGETCLLDILDTAGHEEYSAMRDQYMRTGEGFLCVFAINNTKSFEDIHHYREQIKRVKDSEDVPMVLVGNKCDLPSRTVDTKQAQDLARSYGIPFIETSAKTRQGVDDAFYTLVREIRKHKEK	True	56.770	127.666	145.031	90.000	90.000	90.000	/Users/mitchellparker/Desktop/rascore_build/core/6mnxE_core.cif	/Users/mitchellparker/Desktop/rascore_build/rcsb/6mnx.cif.gz	/Users/mitchellparker/Desktop/rascore_build/renum/6mnx_renum.cif	/Users/mitchellparker/Desktop/rascore_build/rcsb_assembly/6mnx-assembly-6.cif.gz	/Users/mitchellparker/Desktop/rascore_build/renum_assembly/6mnx-assembly-6_renum.cif	/Users/mitchellparker/Desktop/rascore_build/sifts/6mnx.xml.gz	/Users/mitchellparker/Desktop/rascore_build/pocket/6mnxE_2_pocket.pdb
6mnxE	6mnx	0	E	Y32in.3P-ON	Outlier	Y32in	Y71in	P 21 21 21 (CF19)	6mnxE3	3	GTPase KRas	RASK_HUMAN	P01116-2	Q61H	Q61	KRAS	3P	Q61H	None	None	None	None	SP12-Unbound	P 21 21 21	169	1-169	2018-10-03	Other	309.4466	0.0099	Unbound	Unbound	73,74,75,76,104,106,108,109,110,163,166,167	GTP,MG	None	None	None	None	None	None	None	None	None	None	GTP	MG	None	None	None	None	STP	XRAY	2.200	0.207	MTEYKLVVVGAGGVGKSALTIQLIQNHFVDEYDPTIEDSYRKQVVIDGETCLLDILDTAGHEEYSAMRDQYMRTGEGFLCVFAINNTKSFEDIHHYREQIKRVKDSEDVPMVLVGNKCDLPSRTVDTKQAQDLARSYGIPFIETSAKTRQGVDDAFYTLVREIRKHKEK	True	56.770	127.666	145.031	90.000	90.000	90.000	/Users/mitchellparker/Desktop/rascore_build/core/6mnxE_core.cif	/Users/mitchellparker/Desktop/rascore_build/rcsb/6mnx.cif.gz	/Users/mitchellparker/Desktop/rascore_build/renum/6mnx_renum.cif	/Users/mitchellparker/Desktop/rascore_build/rcsb_assembly/6mnx-assembly-6.cif.gz	/Users/mitchellparker/Desktop/rascore_build/renum_assembly/6mnx-assembly-6_renum.cif	/Users/mitchellparker/Desktop/rascore_build/sifts/6mnx.xml.gz	/Users/mitchellparker/Desktop/rascore_build/pocket/6mnxE_3_pocket.pdb
6mnxE	6mnx	0	E	Y32in.3P-ON	Outlier	Y32in	Y71in	P 21 21 21 (CF19)	6mnxE4	4	GTPase KRas	RASK_HUMAN	P01116-2	Q61H	Q61	KRAS	3P	Q61H	None	None	None	None	SP12-Unbound	P 21 21 21	169	1-169	2018-10-03	Other	273.1306	0.0007	Unbound	Unbound	97,107,108,109,110,111,137,138,139,162,165,166,169	GTP,MG	None	None	None	None	None	None	None	None	None	None	GTP	MG	None	None	None	None	STP	XRAY	2.200	0.207	MTEYKLVVVGAGGVGKSALTIQLIQNHFVDEYDPTIEDSYRKQVVIDGETCLLDILDTAGHEEYSAMRDQYMRTGEGFLCVFAINNTKSFEDIHHYREQIKRVKDSEDVPMVLVGNKCDLPSRTVDTKQAQDLARSYGIPFIETSAKTRQGVDDAFYTLVREIRKHKEK	True	56.770	127.666	145.031	90.000	90.000	90.000	/Users/mitchellparker/Desktop/rascore_build/core/6mnxE_core.cif	/Users/mitchellparker/Desktop/rascore_build/rcsb/6mnx.cif.gz	/Users/mitchellparker/Desktop/rascore_build/renum/6mnx_renum.cif	/Users/mitchellparker/Desktop/rascore_build/rcsb_assembly/6mnx-assembly-6.cif.gz	/Users/mitchellparker/Desktop/rascore_build/renum_assembly/6mnx-assembly-6_renum.cif	/Users/mitchellparker/Desktop/rascore_build/sifts/6mnx.xml.gz	/Users/mitchellparker/Desktop/rascore_build/pocket/6mnxE_4_pocket.pdb
6mnxE	6mnx	0	E	Y32in.3P-ON	Outlier	Y32in	Y71in	P 21 21 21 (CF19)	6mnxE5	5	GTPase KRas	RASK_HUMAN	P01116-2	Q61H	Q61	KRAS	3P	Q61H	None	None	None	None	SP12-Unbound	P 21 21 21	169	1-169	2018-10-03	SP12	350.1779	0.3748	Unbound	Unbound	5,6,7,37,39,40,41,54,55,56,71,74,75	GTP,MG	None	None	None	None	None	None	None	None	None	None	GTP	MG	None	None	None	None	STP	XRAY	2.200	0.207	MTEYKLVVVGAGGVGKSALTIQLIQNHFVDEYDPTIEDSYRKQVVIDGETCLLDILDTAGHEEYSAMRDQYMRTGEGFLCVFAINNTKSFEDIHHYREQIKRVKDSEDVPMVLVGNKCDLPSRTVDTKQAQDLARSYGIPFIETSAKTRQGVDDAFYTLVREIRKHKEK	True	56.770	127.666	145.031	90.000	90.000	90.000	/Users/mitchellparker/Desktop/rascore_build/core/6mnxE_core.cif	/Users/mitchellparker/Desktop/rascore_build/rcsb/6mnx.cif.gz	/Users/mitchellparker/Desktop/rascore_build/renum/6mnx_renum.cif	/Users/mitchellparker/Desktop/rascore_build/rcsb_assembly/6mnx-assembly-6.cif.gz	/Users/mitchellparker/Desktop/rascore_build/renum_assembly/6mnx-assembly-6_renum.cif	/Users/mitchellparker/Desktop/rascore_build/sifts/6mnx.xml.gz	/Users/mitchellparker/Desktop/rascore_build/pocket/6mnxE_5_pocket.pdb
6mnxE	6mnx	0	E	Y32in.3P-ON	Outlier	Y32in	Y71in	P 21 21 21 (CF19)	6mnxE6	6	GTPase KRas	RASK_HUMAN	P01116-2	Q61H	Q61	KRAS	3P	Q61H	None	None	None	None	SP12-Unbound	P 21 21 21	169	1-169	2018-10-03	Other	294.5928	0.0017	Unbound	Unbound	2,4,46,49,51,164,167,168	GTP,MG	None	None	None	None	None	None	None	None	None	None	GTP	MG	None	None	None	None	STP	XRAY	2.200	0.207	MTEYKLVVVGAGGVGKSALTIQLIQNHFVDEYDPTIEDSYRKQVVIDGETCLLDILDTAGHEEYSAMRDQYMRTGEGFLCVFAINNTKSFEDIHHYREQIKRVKDSEDVPMVLVGNKCDLPSRTVDTKQAQDLARSYGIPFIETSAKTRQGVDDAFYTLVREIRKHKEK	True	56.770	127.666	145.031	90.000	90.000	90.000	/Users/mitchellparker/Desktop/rascore_build/core/6mnxE_core.cif	/Users/mitchellparker/Desktop/rascore_build/rcsb/6mnx.cif.gz	/Users/mitchellparker/Desktop/rascore_build/renum/6mnx_renum.cif	/Users/mitchellparker/Desktop/rascore_build/rcsb_assembly/6mnx-assembly-6.cif.gz	/Users/mitchellparker/Desktop/rascore_build/renum_assembly/6mnx-assembly-6_renum.cif	/Users/mitchellparker/Desktop/rascore_build/sifts/6mnx.xml.gz	/Users/mitchellparker/Desktop/rascore_build/pocket/6mnxE_6_pocket.pdb
6mnxF	6mnx	0	F	Y32in.3P-ON	Disordered	Y32in	Y71in	P 21 21 21 (CF19)	6mnxF2	2	GTPase KRas	RASK_HUMAN	P01116-2	Q61H	Q61	KRAS	3P	Q61H	None	None	None	None	SP12-Unbound	P 21 21 21	169	1-61:65-167	2018-10-03	SP12	543.5594	0.1215	Unbound	Unbound	5,6,7,36,37,54,56,58,59,61,65,67,68,70,71,74,75	GTP,MG	None	None	None	None	None	None	None	None	None	None	GTP	MG	None	None	None	None	STP	XRAY	2.200	0.207	MTEYKLVVVGAGGVGKSALTIQLIQNHFVDEYDPTIEDSYRKQVVIDGETCLLDILDTAGHEEYSAMRDQYMRTGEGFLCVFAINNTKSFEDIHHYREQIKRVKDSEDVPMVLVGNKCDLPSRTVDTKQAQDLARSYGIPFIETSAKTRQGVDDAFYTLVREIRKHKEK	True	56.770	127.666	145.031	90.000	90.000	90.000	/Users/mitchellparker/Desktop/rascore_build/core/6mnxF_core.cif	/Users/mitchellparker/Desktop/rascore_build/rcsb/6mnx.cif.gz	/Users/mitchellparker/Desktop/rascore_build/renum/6mnx_renum.cif	/Users/mitchellparker/Desktop/rascore_build/rcsb_assembly/6mnx-assembly-6.cif.gz	/Users/mitchellparker/Desktop/rascore_build/renum_assembly/6mnx-assembly-6_renum.cif	/Users/mitchellparker/Desktop/rascore_build/sifts/6mnx.xml.gz	/Users/mitchellparker/Desktop/rascore_build/pocket/6mnxF_2_pocket.pdb
6mnxF	6mnx	0	F	Y32in.3P-ON	Disordered	Y32in	Y71in	P 21 21 21 (CF19)	6mnxF3	3	GTPase KRas	RASK_HUMAN	P01116-2	Q61H	Q61	KRAS	3P	Q61H	None	None	None	None	SP12-Unbound	P 21 21 21	169	1-61:65-167	2018-10-03	Other	375.0554	0.0010	Unbound	Unbound	98,101,102,105,106,107	GTP,MG	None	None	None	None	None	None	None	None	None	None	GTP	MG	None	None	None	None	STP	XRAY	2.200	0.207	MTEYKLVVVGAGGVGKSALTIQLIQNHFVDEYDPTIEDSYRKQVVIDGETCLLDILDTAGHEEYSAMRDQYMRTGEGFLCVFAINNTKSFEDIHHYREQIKRVKDSEDVPMVLVGNKCDLPSRTVDTKQAQDLARSYGIPFIETSAKTRQGVDDAFYTLVREIRKHKEK	True	56.770	127.666	145.031	90.000	90.000	90.000	/Users/mitchellparker/Desktop/rascore_build/core/6mnxF_core.cif	/Users/mitchellparker/Desktop/rascore_build/rcsb/6mnx.cif.gz	/Users/mitchellparker/Desktop/rascore_build/renum/6mnx_renum.cif	/Users/mitchellparker/Desktop/rascore_build/rcsb_assembly/6mnx-assembly-6.cif.gz	/Users/mitchellparker/Desktop/rascore_build/renum_assembly/6mnx-assembly-6_renum.cif	/Users/mitchellparker/Desktop/rascore_build/sifts/6mnx.xml.gz	/Users/mitchellparker/Desktop/rascore_build/pocket/6mnxF_3_pocket.pdb
6mnxF	6mnx	0	F	Y32in.3P-ON	Disordered	Y32in	Y71in	P 21 21 21 (CF19)	6mnxF4	4	GTPase KRas	RASK_HUMAN	P01116-2	Q61H	Q61	KRAS	3P	Q61H	None	None	None	None	SP12-Unbound	P 21 21 21	169	1-61:65-167	2018-10-03	Other	125.8382	0.2442	Unbound	Unbound	80,93,97,111,112,113,137,139	GTP,MG	None	None	None	None	None	None	None	None	None	None	GTP	MG	None	None	None	None	STP	XRAY	2.200	0.207	MTEYKLVVVGAGGVGKSALTIQLIQNHFVDEYDPTIEDSYRKQVVIDGETCLLDILDTAGHEEYSAMRDQYMRTGEGFLCVFAINNTKSFEDIHHYREQIKRVKDSEDVPMVLVGNKCDLPSRTVDTKQAQDLARSYGIPFIETSAKTRQGVDDAFYTLVREIRKHKEK	True	56.770	127.666	145.031	90.000	90.000	90.000	/Users/mitchellparker/Desktop/rascore_build/core/6mnxF_core.cif	/Users/mitchellparker/Desktop/rascore_build/rcsb/6mnx.cif.gz	/Users/mitchellparker/Desktop/rascore_build/renum/6mnx_renum.cif	/Users/mitchellparker/Desktop/rascore_build/rcsb_assembly/6mnx-assembly-6.cif.gz	/Users/mitchellparker/Desktop/rascore_build/renum_assembly/6mnx-assembly-6_renum.cif	/Users/mitchellparker/Desktop/rascore_build/sifts/6mnx.xml.gz	/Users/mitchellparker/Desktop/rascore_build/pocket/6mnxF_4_pocket.pdb
6mnxF	6mnx	0	F	Y32in.3P-ON	Disordered	Y32in	Y71in	P 21 21 21 (CF19)	6mnxF5	5	GTPase KRas	RASK_HUMAN	P01116-2	Q61H	Q61	KRAS	3P	Q61H	None	None	None	None	SP12-Unbound	P 21 21 21	169	1-61:65-167	2018-10-03	Other	370.5448	0.0118	Unbound	Unbound	23,24,26,42,44,53,149,153,157	GTP,MG	None	None	None	None	None	None	None	None	None	None	GTP	MG	None	None	None	None	STP	XRAY	2.200	0.207	MTEYKLVVVGAGGVGKSALTIQLIQNHFVDEYDPTIEDSYRKQVVIDGETCLLDILDTAGHEEYSAMRDQYMRTGEGFLCVFAINNTKSFEDIHHYREQIKRVKDSEDVPMVLVGNKCDLPSRTVDTKQAQDLARSYGIPFIETSAKTRQGVDDAFYTLVREIRKHKEK	True	56.770	127.666	145.031	90.000	90.000	90.000	/Users/mitchellparker/Desktop/rascore_build/core/6mnxF_core.cif	/Users/mitchellparker/Desktop/rascore_build/rcsb/6mnx.cif.gz	/Users/mitchellparker/Desktop/rascore_build/renum/6mnx_renum.cif	/Users/mitchellparker/Desktop/rascore_build/rcsb_assembly/6mnx-assembly-6.cif.gz	/Users/mitchellparker/Desktop/rascore_build/renum_assembly/6mnx-assembly-6_renum.cif	/Users/mitchellparker/Desktop/rascore_build/sifts/6mnx.xml.gz	/Users/mitchellparker/Desktop/rascore_build/pocket/6mnxF_5_pocket.pdb
6mnxF	6mnx	0	F	Y32in.3P-ON	Disordered	Y32in	Y71in	P 21 21 21 (CF19)	6mnxF6	6	GTPase KRas	RASK_HUMAN	P01116-2	Q61H	Q61	KRAS	3P	Q61H	None	None	None	None	SP12-Unbound	P 21 21 21	169	1-61:65-167	2018-10-03	Other	185.2333	0.0004	Unbound	Unbound	76,104,106,108,109,110,166,167	GTP,MG	None	None	None	None	None	None	None	None	None	None	GTP	MG	None	None	None	None	STP	XRAY	2.200	0.207	MTEYKLVVVGAGGVGKSALTIQLIQNHFVDEYDPTIEDSYRKQVVIDGETCLLDILDTAGHEEYSAMRDQYMRTGEGFLCVFAINNTKSFEDIHHYREQIKRVKDSEDVPMVLVGNKCDLPSRTVDTKQAQDLARSYGIPFIETSAKTRQGVDDAFYTLVREIRKHKEK	True	56.770	127.666	145.031	90.000	90.000	90.000	/Users/mitchellparker/Desktop/rascore_build/core/6mnxF_core.cif	/Users/mitchellparker/Desktop/rascore_build/rcsb/6mnx.cif.gz	/Users/mitchellparker/Desktop/rascore_build/renum/6mnx_renum.cif	/Users/mitchellparker/Desktop/rascore_build/rcsb_assembly/6mnx-assembly-6.cif.gz	/Users/mitchellparker/Desktop/rascore_build/renum_assembly/6mnx-assembly-6_renum.cif	/Users/mitchellparker/Desktop/rascore_build/sifts/6mnx.xml.gz	/Users/mitchellparker/Desktop/rascore_build/pocket/6mnxF_6_pocket.pdb
6mnxF	6mnx	0	F	Y32in.3P-ON	Disordered	Y32in	Y71in	P 21 21 21 (CF19)	6mnxF7	7	GTPase KRas	RASK_HUMAN	P01116-2	Q61H	Q61	KRAS	3P	Q61H	None	None	None	None	SP12-Unbound	P 21 21 21	169	1-61:65-167	2018-10-03	Other	296.8977	0.0000	Unbound	Unbound	97,107,108,109,110,137,138,139,162,165,166	GTP,MG	None	None	None	None	None	None	None	None	None	None	GTP	MG	None	None	None	None	STP	XRAY	2.200	0.207	MTEYKLVVVGAGGVGKSALTIQLIQNHFVDEYDPTIEDSYRKQVVIDGETCLLDILDTAGHEEYSAMRDQYMRTGEGFLCVFAINNTKSFEDIHHYREQIKRVKDSEDVPMVLVGNKCDLPSRTVDTKQAQDLARSYGIPFIETSAKTRQGVDDAFYTLVREIRKHKEK	True	56.770	127.666	145.031	90.000	90.000	90.000	/Users/mitchellparker/Desktop/rascore_build/core/6mnxF_core.cif	/Users/mitchellparker/Desktop/rascore_build/rcsb/6mnx.cif.gz	/Users/mitchellparker/Desktop/rascore_build/renum/6mnx_renum.cif	/Users/mitchellparker/Desktop/rascore_build/rcsb_assembly/6mnx-assembly-6.cif.gz	/Users/mitchellparker/Desktop/rascore_build/renum_assembly/6mnx-assembly-6_renum.cif	/Users/mitchellparker/Desktop/rascore_build/sifts/6mnx.xml.gz	/Users/mitchellparker/Desktop/rascore_build/pocket/6mnxF_7_pocket.pdb
6mnxF	6mnx	0	F	Y32in.3P-ON	Disordered	Y32in	Y71in	P 21 21 21 (CF19)	6mnxF8	8	GTPase KRas	RASK_HUMAN	P01116-2	Q61H	Q61	KRAS	3P	Q61H	None	None	None	None	SP12-Unbound	P 21 21 21	169	1-61:65-167	2018-10-03	Other	192.7919	0.0015	Unbound	Unbound	2,3,4,76,163,164,167	GTP,MG	None	None	None	None	None	None	None	None	None	None	GTP	MG	None	None	None	None	STP	XRAY	2.200	0.207	MTEYKLVVVGAGGVGKSALTIQLIQNHFVDEYDPTIEDSYRKQVVIDGETCLLDILDTAGHEEYSAMRDQYMRTGEGFLCVFAINNTKSFEDIHHYREQIKRVKDSEDVPMVLVGNKCDLPSRTVDTKQAQDLARSYGIPFIETSAKTRQGVDDAFYTLVREIRKHKEK	True	56.770	127.666	145.031	90.000	90.000	90.000	/Users/mitchellparker/Desktop/rascore_build/core/6mnxF_core.cif	/Users/mitchellparker/Desktop/rascore_build/rcsb/6mnx.cif.gz	/Users/mitchellparker/Desktop/rascore_build/renum/6mnx_renum.cif	/Users/mitchellparker/Desktop/rascore_build/rcsb_assembly/6mnx-assembly-6.cif.gz	/Users/mitchellparker/Desktop/rascore_build/renum_assembly/6mnx-assembly-6_renum.cif	/Users/mitchellparker/Desktop/rascore_build/sifts/6mnx.xml.gz	/Users/mitchellparker/Desktop/rascore_build/pocket/6mnxF_8_pocket.pdb
6mqgA	6mqg	0	A	Outlier	Outlier	Y32out	Y71out	P 3 2 1 (CF2)	6mqgA10	10	GTPase KRas	RASK_HUMAN	P01116-2	V14I	V14	KRAS	2P	Other	None	None	None	None	Multiple-Unbound	P 3 2 1	167	3-117:119-169	2018-10-09	Other	285.2979	0.0006	Unbound	Unbound	11,12,58,59,86,88,89,92,96	CSO,GDP	None	None	None	None	None	None	None	None	None	None	GDP	None	None	None	CSO	None	STP	XRAY	1.500	0.157	EYKLVVVGAGGIGKSALTIQLIQNHFVDEYDPTIEDSYRKQVVIDGETCLLDILDTAGQEEYSAMRDQYMRTGEGFLCVFAINNTKSFEDIHHYREQIKRVKDSEDVPMVLVGNKCDLPSRTVDTKQAQDLARSYGIPFIETSAKTRQGVDDAFYTLVREIRKHKEK	True	77.751	77.751	55.935	90.000	90.000	120.000	/Users/mitchellparker/Desktop/rascore_build/core/6mqgA_core.cif	/Users/mitchellparker/Desktop/rascore_build/rcsb/6mqg.cif.gz	/Users/mitchellparker/Desktop/rascore_build/renum/6mqg_renum.cif	/Users/mitchellparker/Desktop/rascore_build/rcsb_assembly/6mqg-assembly-1.cif.gz	/Users/mitchellparker/Desktop/rascore_build/renum_assembly/6mqg-assembly-1_renum.cif	/Users/mitchellparker/Desktop/rascore_build/sifts/6mqg.xml.gz	/Users/mitchellparker/Desktop/rascore_build/pocket/6mqgA_10_pocket.pdb
6mqgA	6mqg	0	A	Outlier	Outlier	Y32out	Y71out	P 3 2 1 (CF2)	6mqgA1	1	GTPase KRas	RASK_HUMAN	P01116-2	V14I	V14	KRAS	2P	Other	None	None	None	None	Multiple-Unbound	P 3 2 1	167	3-117:119-169	2018-10-09	SP12	335.0382	0.4187	Unbound	Unbound	5,7,52,54,67,70,71,74,75	CSO,GDP	None	None	None	None	None	None	None	None	None	None	GDP	None	None	None	CSO	None	STP	XRAY	1.500	0.157	EYKLVVVGAGGIGKSALTIQLIQNHFVDEYDPTIEDSYRKQVVIDGETCLLDILDTAGQEEYSAMRDQYMRTGEGFLCVFAINNTKSFEDIHHYREQIKRVKDSEDVPMVLVGNKCDLPSRTVDTKQAQDLARSYGIPFIETSAKTRQGVDDAFYTLVREIRKHKEK	True	77.751	77.751	55.935	90.000	90.000	120.000	/Users/mitchellparker/Desktop/rascore_build/core/6mqgA_core.cif	/Users/mitchellparker/Desktop/rascore_build/rcsb/6mqg.cif.gz	/Users/mitchellparker/Desktop/rascore_build/renum/6mqg_renum.cif	/Users/mitchellparker/Desktop/rascore_build/rcsb_assembly/6mqg-assembly-1.cif.gz	/Users/mitchellparker/Desktop/rascore_build/renum_assembly/6mqg-assembly-1_renum.cif	/Users/mitchellparker/Desktop/rascore_build/sifts/6mqg.xml.gz	/Users/mitchellparker/Desktop/rascore_build/pocket/6mqgA_1_pocket.pdb
6mqgA	6mqg	0	A	Outlier	Outlier	Y32out	Y71out	P 3 2 1 (CF2)	6mqgA2	2	GTPase KRas	RASK_HUMAN	P01116-2	V14I	V14	KRAS	2P	Other	None	None	None	None	Multiple-Unbound	P 3 2 1	167	3-117:119-169	2018-10-09	Other	314.3996	0.0006	Unbound	Unbound	55,56,57,58,62,63,65,67,68,71	CSO,GDP	None	None	None	None	None	None	None	None	None	None	GDP	None	None	None	CSO	None	STP	XRAY	1.500	0.157	EYKLVVVGAGGIGKSALTIQLIQNHFVDEYDPTIEDSYRKQVVIDGETCLLDILDTAGQEEYSAMRDQYMRTGEGFLCVFAINNTKSFEDIHHYREQIKRVKDSEDVPMVLVGNKCDLPSRTVDTKQAQDLARSYGIPFIETSAKTRQGVDDAFYTLVREIRKHKEK	True	77.751	77.751	55.935	90.000	90.000	120.000	/Users/mitchellparker/Desktop/rascore_build/core/6mqgA_core.cif	/Users/mitchellparker/Desktop/rascore_build/rcsb/6mqg.cif.gz	/Users/mitchellparker/Desktop/rascore_build/renum/6mqg_renum.cif	/Users/mitchellparker/Desktop/rascore_build/rcsb_assembly/6mqg-assembly-1.cif.gz	/Users/mitchellparker/Desktop/rascore_build/renum_assembly/6mqg-assembly-1_renum.cif	/Users/mitchellparker/Desktop/rascore_build/sifts/6mqg.xml.gz	/Users/mitchellparker/Desktop/rascore_build/pocket/6mqgA_2_pocket.pdb
6mqgA	6mqg	0	A	Outlier	Outlier	Y32out	Y71out	P 3 2 1 (CF2)	6mqgA3	3	GTPase KRas	RASK_HUMAN	P01116-2	V14I	V14	KRAS	2P	Other	None	None	None	None	Multiple-Unbound	P 3 2 1	167	3-117:119-169	2018-10-09	Other	325.4984	0.0102	Unbound	Unbound	3,24,28,41,42,43,44,50,51,52,53	CSO,GDP	None	None	None	None	None	None	None	None	None	None	GDP	None	None	None	CSO	None	STP	XRAY	1.500	0.157	EYKLVVVGAGGIGKSALTIQLIQNHFVDEYDPTIEDSYRKQVVIDGETCLLDILDTAGQEEYSAMRDQYMRTGEGFLCVFAINNTKSFEDIHHYREQIKRVKDSEDVPMVLVGNKCDLPSRTVDTKQAQDLARSYGIPFIETSAKTRQGVDDAFYTLVREIRKHKEK	True	77.751	77.751	55.935	90.000	90.000	120.000	/Users/mitchellparker/Desktop/rascore_build/core/6mqgA_core.cif	/Users/mitchellparker/Desktop/rascore_build/rcsb/6mqg.cif.gz	/Users/mitchellparker/Desktop/rascore_build/renum/6mqg_renum.cif	/Users/mitchellparker/Desktop/rascore_build/rcsb_assembly/6mqg-assembly-1.cif.gz	/Users/mitchellparker/Desktop/rascore_build/renum_assembly/6mqg-assembly-1_renum.cif	/Users/mitchellparker/Desktop/rascore_build/sifts/6mqg.xml.gz	/Users/mitchellparker/Desktop/rascore_build/pocket/6mqgA_3_pocket.pdb
6mqgA	6mqg	0	A	Outlier	Outlier	Y32out	Y71out	P 3 2 1 (CF2)	6mqgA4	4	GTPase KRas	RASK_HUMAN	P01116-2	V14I	V14	KRAS	2P	Other	None	None	None	None	Multiple-Unbound	P 3 2 1	167	3-117:119-169	2018-10-09	Other	304.3494	0.0009	Unbound	Unbound	73,74,75,76,104,108,109,110,163,166,167	CSO,GDP	None	None	None	None	None	None	None	None	None	None	GDP	None	None	None	CSO	None	STP	XRAY	1.500	0.157	EYKLVVVGAGGIGKSALTIQLIQNHFVDEYDPTIEDSYRKQVVIDGETCLLDILDTAGQEEYSAMRDQYMRTGEGFLCVFAINNTKSFEDIHHYREQIKRVKDSEDVPMVLVGNKCDLPSRTVDTKQAQDLARSYGIPFIETSAKTRQGVDDAFYTLVREIRKHKEK	True	77.751	77.751	55.935	90.000	90.000	120.000	/Users/mitchellparker/Desktop/rascore_build/core/6mqgA_core.cif	/Users/mitchellparker/Desktop/rascore_build/rcsb/6mqg.cif.gz	/Users/mitchellparker/Desktop/rascore_build/renum/6mqg_renum.cif	/Users/mitchellparker/Desktop/rascore_build/rcsb_assembly/6mqg-assembly-1.cif.gz	/Users/mitchellparker/Desktop/rascore_build/renum_assembly/6mqg-assembly-1_renum.cif	/Users/mitchellparker/Desktop/rascore_build/sifts/6mqg.xml.gz	/Users/mitchellparker/Desktop/rascore_build/pocket/6mqgA_4_pocket.pdb
6mqgA	6mqg	0	A	Outlier	Outlier	Y32out	Y71out	P 3 2 1 (CF2)	6mqgA5	5	GTPase KRas	RASK_HUMAN	P01116-2	V14I	V14	KRAS	2P	Other	None	None	None	None	Multiple-Unbound	P 3 2 1	167	3-117:119-169	2018-10-09	SP2	233.5688	0.0003	Unbound	Unbound	58,68,92,95,96,99	CSO,GDP	None	None	None	None	None	None	None	None	None	None	GDP	None	None	None	CSO	None	STP	XRAY	1.500	0.157	EYKLVVVGAGGIGKSALTIQLIQNHFVDEYDPTIEDSYRKQVVIDGETCLLDILDTAGQEEYSAMRDQYMRTGEGFLCVFAINNTKSFEDIHHYREQIKRVKDSEDVPMVLVGNKCDLPSRTVDTKQAQDLARSYGIPFIETSAKTRQGVDDAFYTLVREIRKHKEK	True	77.751	77.751	55.935	90.000	90.000	120.000	/Users/mitchellparker/Desktop/rascore_build/core/6mqgA_core.cif	/Users/mitchellparker/Desktop/rascore_build/rcsb/6mqg.cif.gz	/Users/mitchellparker/Desktop/rascore_build/renum/6mqg_renum.cif	/Users/mitchellparker/Desktop/rascore_build/rcsb_assembly/6mqg-assembly-1.cif.gz	/Users/mitchellparker/Desktop/rascore_build/renum_assembly/6mqg-assembly-1_renum.cif	/Users/mitchellparker/Desktop/rascore_build/sifts/6mqg.xml.gz	/Users/mitchellparker/Desktop/rascore_build/pocket/6mqgA_5_pocket.pdb
6mqgA	6mqg	0	A	Outlier	Outlier	Y32out	Y71out	P 3 2 1 (CF2)	6mqgA6	6	GTPase KRas	RASK_HUMAN	P01116-2	V14I	V14	KRAS	2P	Other	None	None	None	None	Multiple-Unbound	P 3 2 1	167	3-117:119-169	2018-10-09	Other	236.4675	0.0063	Unbound	Unbound	18,21,22,146,147	CSO,GDP	None	None	None	None	None	None	None	None	None	None	GDP	None	None	None	CSO	None	STP	XRAY	1.500	0.157	EYKLVVVGAGGIGKSALTIQLIQNHFVDEYDPTIEDSYRKQVVIDGETCLLDILDTAGQEEYSAMRDQYMRTGEGFLCVFAINNTKSFEDIHHYREQIKRVKDSEDVPMVLVGNKCDLPSRTVDTKQAQDLARSYGIPFIETSAKTRQGVDDAFYTLVREIRKHKEK	True	77.751	77.751	55.935	90.000	90.000	120.000	/Users/mitchellparker/Desktop/rascore_build/core/6mqgA_core.cif	/Users/mitchellparker/Desktop/rascore_build/rcsb/6mqg.cif.gz	/Users/mitchellparker/Desktop/rascore_build/renum/6mqg_renum.cif	/Users/mitchellparker/Desktop/rascore_build/rcsb_assembly/6mqg-assembly-1.cif.gz	/Users/mitchellparker/Desktop/rascore_build/renum_assembly/6mqg-assembly-1_renum.cif	/Users/mitchellparker/Desktop/rascore_build/sifts/6mqg.xml.gz	/Users/mitchellparker/Desktop/rascore_build/pocket/6mqgA_6_pocket.pdb
6mqgA	6mqg	0	A	Outlier	Outlier	Y32out	Y71out	P 3 2 1 (CF2)	6mqgA7	7	GTPase KRas	RASK_HUMAN	P01116-2	V14I	V14	KRAS	2P	Other	None	None	None	None	Multiple-Unbound	P 3 2 1	167	3-117:119-169	2018-10-09	Other	229.4349	0.0001	Unbound	Unbound	108,109,110,111,137,138,139,162,165,166	CSO,GDP	None	None	None	None	None	None	None	None	None	None	GDP	None	None	None	CSO	None	STP	XRAY	1.500	0.157	EYKLVVVGAGGIGKSALTIQLIQNHFVDEYDPTIEDSYRKQVVIDGETCLLDILDTAGQEEYSAMRDQYMRTGEGFLCVFAINNTKSFEDIHHYREQIKRVKDSEDVPMVLVGNKCDLPSRTVDTKQAQDLARSYGIPFIETSAKTRQGVDDAFYTLVREIRKHKEK	True	77.751	77.751	55.935	90.000	90.000	120.000	/Users/mitchellparker/Desktop/rascore_build/core/6mqgA_core.cif	/Users/mitchellparker/Desktop/rascore_build/rcsb/6mqg.cif.gz	/Users/mitchellparker/Desktop/rascore_build/renum/6mqg_renum.cif	/Users/mitchellparker/Desktop/rascore_build/rcsb_assembly/6mqg-assembly-1.cif.gz	/Users/mitchellparker/Desktop/rascore_build/renum_assembly/6mqg-assembly-1_renum.cif	/Users/mitchellparker/Desktop/rascore_build/sifts/6mqg.xml.gz	/Users/mitchellparker/Desktop/rascore_build/pocket/6mqgA_7_pocket.pdb
6mqgA	6mqg	0	A	Outlier	Outlier	Y32out	Y71out	P 3 2 1 (CF2)	6mqgA8	8	GTPase KRas	RASK_HUMAN	P01116-2	V14I	V14	KRAS	2P	Other	None	None	None	None	Multiple-Unbound	P 3 2 1	167	3-117:119-169	2018-10-09	Other	148.3499	0.0000	Unbound	Unbound	65,66,68,69	CSO,GDP	None	None	None	None	None	None	None	None	None	None	GDP	None	None	None	CSO	None	STP	XRAY	1.500	0.157	EYKLVVVGAGGIGKSALTIQLIQNHFVDEYDPTIEDSYRKQVVIDGETCLLDILDTAGQEEYSAMRDQYMRTGEGFLCVFAINNTKSFEDIHHYREQIKRVKDSEDVPMVLVGNKCDLPSRTVDTKQAQDLARSYGIPFIETSAKTRQGVDDAFYTLVREIRKHKEK	True	77.751	77.751	55.935	90.000	90.000	120.000	/Users/mitchellparker/Desktop/rascore_build/core/6mqgA_core.cif	/Users/mitchellparker/Desktop/rascore_build/rcsb/6mqg.cif.gz	/Users/mitchellparker/Desktop/rascore_build/renum/6mqg_renum.cif	/Users/mitchellparker/Desktop/rascore_build/rcsb_assembly/6mqg-assembly-1.cif.gz	/Users/mitchellparker/Desktop/rascore_build/renum_assembly/6mqg-assembly-1_renum.cif	/Users/mitchellparker/Desktop/rascore_build/sifts/6mqg.xml.gz	/Users/mitchellparker/Desktop/rascore_build/pocket/6mqgA_8_pocket.pdb
6mqgA	6mqg	0	A	Outlier	Outlier	Y32out	Y71out	P 3 2 1 (CF2)	6mqgA9	9	GTPase KRas	RASK_HUMAN	P01116-2	V14I	V14	KRAS	2P	Other	None	None	None	None	Multiple-Unbound	P 3 2 1	167	3-117:119-169	2018-10-09	Other	263.0049	0.0001	Unbound	Unbound	131,134,135,139,141	CSO,GDP	None	None	None	None	None	None	None	None	None	None	GDP	None	None	None	CSO	None	STP	XRAY	1.500	0.157	EYKLVVVGAGGIGKSALTIQLIQNHFVDEYDPTIEDSYRKQVVIDGETCLLDILDTAGQEEYSAMRDQYMRTGEGFLCVFAINNTKSFEDIHHYREQIKRVKDSEDVPMVLVGNKCDLPSRTVDTKQAQDLARSYGIPFIETSAKTRQGVDDAFYTLVREIRKHKEK	True	77.751	77.751	55.935	90.000	90.000	120.000	/Users/mitchellparker/Desktop/rascore_build/core/6mqgA_core.cif	/Users/mitchellparker/Desktop/rascore_build/rcsb/6mqg.cif.gz	/Users/mitchellparker/Desktop/rascore_build/renum/6mqg_renum.cif	/Users/mitchellparker/Desktop/rascore_build/rcsb_assembly/6mqg-assembly-1.cif.gz	/Users/mitchellparker/Desktop/rascore_build/renum_assembly/6mqg-assembly-1_renum.cif	/Users/mitchellparker/Desktop/rascore_build/sifts/6mqg.xml.gz	/Users/mitchellparker/Desktop/rascore_build/pocket/6mqgA_9_pocket.pdb
6mqnA	6mqn	0	A	Disordered	Outlier	Disordered	Y71in	C 1 2 1 (CF3)	6mqnA1	1	GTPase KRas	RASK_HUMAN	P01116-2	V14I	V14	KRAS	2P	Other	None	None	None	None	SP2-Unbound	C 1 2 1	169	1-29:37-168	2018-10-10	Other	84.9788	0.0042	Unbound	Unbound	17,20,21,40,56,57,58	GDP	None	None	None	None	None	None	None	None	None	None	GDP	None	None	None	None	None	STP	XRAY	1.600	0.190	MTEYKLVVVGAGGIGKSALTIQLIQNHFVDEYDPTIEDSYRKQVVIDGETCLLDILDTAGQEEYSAMRDQYMRTGEGFLCVFAINNTKSFEDIHHYREQIKRVKDSEDVPMVLVGNKCDLPSRTVDTKQAQDLARSYGIPFIETSAKTRQGVDDAFYTLVREIRKHKEK	True	67.707	84.224	87.844	90.000	110.260	90.000	/Users/mitchellparker/Desktop/rascore_build/core/6mqnA_core.cif	/Users/mitchellparker/Desktop/rascore_build/rcsb/6mqn.cif.gz	/Users/mitchellparker/Desktop/rascore_build/renum/6mqn_renum.cif	/Users/mitchellparker/Desktop/rascore_build/rcsb_assembly/6mqn-assembly-3.cif.gz	/Users/mitchellparker/Desktop/rascore_build/renum_assembly/6mqn-assembly-3_renum.cif	/Users/mitchellparker/Desktop/rascore_build/sifts/6mqn.xml.gz	/Users/mitchellparker/Desktop/rascore_build/pocket/6mqnA_1_pocket.pdb
6mqnA	6mqn	0	A	Disordered	Outlier	Disordered	Y71in	C 1 2 1 (CF3)	6mqnA2	2	GTPase KRas	RASK_HUMAN	P01116-2	V14I	V14	KRAS	2P	Other	None	None	None	None	SP2-Unbound	C 1 2 1	169	1-29:37-168	2018-10-10	Other	195.6042	0.0189	Unbound	Unbound	76,104,106,108,109,110,166,167	GDP	None	None	None	None	None	None	None	None	None	None	GDP	None	None	None	None	None	STP	XRAY	1.600	0.190	MTEYKLVVVGAGGIGKSALTIQLIQNHFVDEYDPTIEDSYRKQVVIDGETCLLDILDTAGQEEYSAMRDQYMRTGEGFLCVFAINNTKSFEDIHHYREQIKRVKDSEDVPMVLVGNKCDLPSRTVDTKQAQDLARSYGIPFIETSAKTRQGVDDAFYTLVREIRKHKEK	True	67.707	84.224	87.844	90.000	110.260	90.000	/Users/mitchellparker/Desktop/rascore_build/core/6mqnA_core.cif	/Users/mitchellparker/Desktop/rascore_build/rcsb/6mqn.cif.gz	/Users/mitchellparker/Desktop/rascore_build/renum/6mqn_renum.cif	/Users/mitchellparker/Desktop/rascore_build/rcsb_assembly/6mqn-assembly-3.cif.gz	/Users/mitchellparker/Desktop/rascore_build/renum_assembly/6mqn-assembly-3_renum.cif	/Users/mitchellparker/Desktop/rascore_build/sifts/6mqn.xml.gz	/Users/mitchellparker/Desktop/rascore_build/pocket/6mqnA_2_pocket.pdb
6mqnA	6mqn	0	A	Disordered	Outlier	Disordered	Y71in	C 1 2 1 (CF3)	6mqnA3	3	GTPase KRas	RASK_HUMAN	P01116-2	V14I	V14	KRAS	2P	Other	None	None	None	None	SP2-Unbound	C 1 2 1	169	1-29:37-168	2018-10-10	Other	339.0822	0.2115	Unbound	Unbound	90,91,94,129,132,133,137	GDP	None	None	None	None	None	None	None	None	None	None	GDP	None	None	None	None	None	STP	XRAY	1.600	0.190	MTEYKLVVVGAGGIGKSALTIQLIQNHFVDEYDPTIEDSYRKQVVIDGETCLLDILDTAGQEEYSAMRDQYMRTGEGFLCVFAINNTKSFEDIHHYREQIKRVKDSEDVPMVLVGNKCDLPSRTVDTKQAQDLARSYGIPFIETSAKTRQGVDDAFYTLVREIRKHKEK	True	67.707	84.224	87.844	90.000	110.260	90.000	/Users/mitchellparker/Desktop/rascore_build/core/6mqnA_core.cif	/Users/mitchellparker/Desktop/rascore_build/rcsb/6mqn.cif.gz	/Users/mitchellparker/Desktop/rascore_build/renum/6mqn_renum.cif	/Users/mitchellparker/Desktop/rascore_build/rcsb_assembly/6mqn-assembly-3.cif.gz	/Users/mitchellparker/Desktop/rascore_build/renum_assembly/6mqn-assembly-3_renum.cif	/Users/mitchellparker/Desktop/rascore_build/sifts/6mqn.xml.gz	/Users/mitchellparker/Desktop/rascore_build/pocket/6mqnA_3_pocket.pdb
6mqnA	6mqn	0	A	Disordered	Outlier	Disordered	Y71in	C 1 2 1 (CF3)	6mqnA4	4	GTPase KRas	RASK_HUMAN	P01116-2	V14I	V14	KRAS	2P	Other	None	None	None	None	SP2-Unbound	C 1 2 1	169	1-29:37-168	2018-10-10	SP2	180.9712	0.0001	Unbound	Unbound	12,16,58,61,62	GDP	None	None	None	None	None	None	None	None	None	None	GDP	None	None	None	None	None	STP	XRAY	1.600	0.190	MTEYKLVVVGAGGIGKSALTIQLIQNHFVDEYDPTIEDSYRKQVVIDGETCLLDILDTAGQEEYSAMRDQYMRTGEGFLCVFAINNTKSFEDIHHYREQIKRVKDSEDVPMVLVGNKCDLPSRTVDTKQAQDLARSYGIPFIETSAKTRQGVDDAFYTLVREIRKHKEK	True	67.707	84.224	87.844	90.000	110.260	90.000	/Users/mitchellparker/Desktop/rascore_build/core/6mqnA_core.cif	/Users/mitchellparker/Desktop/rascore_build/rcsb/6mqn.cif.gz	/Users/mitchellparker/Desktop/rascore_build/renum/6mqn_renum.cif	/Users/mitchellparker/Desktop/rascore_build/rcsb_assembly/6mqn-assembly-3.cif.gz	/Users/mitchellparker/Desktop/rascore_build/renum_assembly/6mqn-assembly-3_renum.cif	/Users/mitchellparker/Desktop/rascore_build/sifts/6mqn.xml.gz	/Users/mitchellparker/Desktop/rascore_build/pocket/6mqnA_4_pocket.pdb
6mqnB	6mqn	0	B	Disordered	Disordered	Disordered	Y71out	C 1 2 1 (CF3)	6mqnB1	1	GTPase KRas	RASK_HUMAN	P01116-2	V14I	V14	KRAS	2P	Other	None	None	None	None	Other-Unbound	C 1 2 1	169	1-29:36-58:65-169	2018-10-10	Other	241.0821	0.2312	Unbound	Unbound	73,74,75,76,104,106,108,109,110,163,166,167	GDP	None	None	None	None	None	None	None	None	None	None	GDP	None	None	None	None	None	STP	XRAY	1.600	0.190	MTEYKLVVVGAGGIGKSALTIQLIQNHFVDEYDPTIEDSYRKQVVIDGETCLLDILDTAGQEEYSAMRDQYMRTGEGFLCVFAINNTKSFEDIHHYREQIKRVKDSEDVPMVLVGNKCDLPSRTVDTKQAQDLARSYGIPFIETSAKTRQGVDDAFYTLVREIRKHKEK	True	67.707	84.224	87.844	90.000	110.260	90.000	/Users/mitchellparker/Desktop/rascore_build/core/6mqnB_core.cif	/Users/mitchellparker/Desktop/rascore_build/rcsb/6mqn.cif.gz	/Users/mitchellparker/Desktop/rascore_build/renum/6mqn_renum.cif	/Users/mitchellparker/Desktop/rascore_build/rcsb_assembly/6mqn-assembly-3.cif.gz	/Users/mitchellparker/Desktop/rascore_build/renum_assembly/6mqn-assembly-3_renum.cif	/Users/mitchellparker/Desktop/rascore_build/sifts/6mqn.xml.gz	/Users/mitchellparker/Desktop/rascore_build/pocket/6mqnB_1_pocket.pdb
6mqnC	6mqn	0	C	Disordered	Disordered	Disordered	Y71out	C 1 2 1 (CF3)	6mqnC1	1	GTPase KRas	RASK_HUMAN	P01116-2	V14I	V14	KRAS	2P	Other	None	None	None	None	Other-Unbound	C 1 2 1	169	1-30:40-58:65-169	2018-10-10	Other	379.3704	0.1743	Unbound	Unbound	8,16,17,20,21,40,55,56,57,58	GDP	None	None	None	None	None	None	None	None	None	None	GDP	None	None	None	None	None	STP	XRAY	1.600	0.190	MTEYKLVVVGAGGIGKSALTIQLIQNHFVDEYDPTIEDSYRKQVVIDGETCLLDILDTAGQEEYSAMRDQYMRTGEGFLCVFAINNTKSFEDIHHYREQIKRVKDSEDVPMVLVGNKCDLPSRTVDTKQAQDLARSYGIPFIETSAKTRQGVDDAFYTLVREIRKHKEK	True	67.707	84.224	87.844	90.000	110.260	90.000	/Users/mitchellparker/Desktop/rascore_build/core/6mqnC_core.cif	/Users/mitchellparker/Desktop/rascore_build/rcsb/6mqn.cif.gz	/Users/mitchellparker/Desktop/rascore_build/renum/6mqn_renum.cif	/Users/mitchellparker/Desktop/rascore_build/rcsb_assembly/6mqn-assembly-3.cif.gz	/Users/mitchellparker/Desktop/rascore_build/renum_assembly/6mqn-assembly-3_renum.cif	/Users/mitchellparker/Desktop/rascore_build/sifts/6mqn.xml.gz	/Users/mitchellparker/Desktop/rascore_build/pocket/6mqnC_1_pocket.pdb
6mqnC	6mqn	0	C	Disordered	Disordered	Disordered	Y71out	C 1 2 1 (CF3)	6mqnC2	2	GTPase KRas	RASK_HUMAN	P01116-2	V14I	V14	KRAS	2P	Other	None	None	None	None	Other-Unbound	C 1 2 1	169	1-30:40-58:65-169	2018-10-10	Other	184.7909	0.0027	Unbound	Unbound	17,18,21,27,28,29,30	GDP	None	None	None	None	None	None	None	None	None	None	GDP	None	None	None	None	None	STP	XRAY	1.600	0.190	MTEYKLVVVGAGGIGKSALTIQLIQNHFVDEYDPTIEDSYRKQVVIDGETCLLDILDTAGQEEYSAMRDQYMRTGEGFLCVFAINNTKSFEDIHHYREQIKRVKDSEDVPMVLVGNKCDLPSRTVDTKQAQDLARSYGIPFIETSAKTRQGVDDAFYTLVREIRKHKEK	True	67.707	84.224	87.844	90.000	110.260	90.000	/Users/mitchellparker/Desktop/rascore_build/core/6mqnC_core.cif	/Users/mitchellparker/Desktop/rascore_build/rcsb/6mqn.cif.gz	/Users/mitchellparker/Desktop/rascore_build/renum/6mqn_renum.cif	/Users/mitchellparker/Desktop/rascore_build/rcsb_assembly/6mqn-assembly-3.cif.gz	/Users/mitchellparker/Desktop/rascore_build/renum_assembly/6mqn-assembly-3_renum.cif	/Users/mitchellparker/Desktop/rascore_build/sifts/6mqn.xml.gz	/Users/mitchellparker/Desktop/rascore_build/pocket/6mqnC_2_pocket.pdb
6mqnC	6mqn	0	C	Disordered	Disordered	Disordered	Y71out	C 1 2 1 (CF3)	6mqnC3	3	GTPase KRas	RASK_HUMAN	P01116-2	V14I	V14	KRAS	2P	Other	None	None	None	None	Other-Unbound	C 1 2 1	169	1-30:40-58:65-169	2018-10-10	Other	299.5126	0.0002	Unbound	Unbound	127,131,141,142,143,150,151,154	GDP	None	None	None	None	None	None	None	None	None	None	GDP	None	None	None	None	None	STP	XRAY	1.600	0.190	MTEYKLVVVGAGGIGKSALTIQLIQNHFVDEYDPTIEDSYRKQVVIDGETCLLDILDTAGQEEYSAMRDQYMRTGEGFLCVFAINNTKSFEDIHHYREQIKRVKDSEDVPMVLVGNKCDLPSRTVDTKQAQDLARSYGIPFIETSAKTRQGVDDAFYTLVREIRKHKEK	True	67.707	84.224	87.844	90.000	110.260	90.000	/Users/mitchellparker/Desktop/rascore_build/core/6mqnC_core.cif	/Users/mitchellparker/Desktop/rascore_build/rcsb/6mqn.cif.gz	/Users/mitchellparker/Desktop/rascore_build/renum/6mqn_renum.cif	/Users/mitchellparker/Desktop/rascore_build/rcsb_assembly/6mqn-assembly-3.cif.gz	/Users/mitchellparker/Desktop/rascore_build/renum_assembly/6mqn-assembly-3_renum.cif	/Users/mitchellparker/Desktop/rascore_build/sifts/6mqn.xml.gz	/Users/mitchellparker/Desktop/rascore_build/pocket/6mqnC_3_pocket.pdb
6mqnC	6mqn	0	C	Disordered	Disordered	Disordered	Y71out	C 1 2 1 (CF3)	6mqnC4	4	GTPase KRas	RASK_HUMAN	P01116-2	V14I	V14	KRAS	2P	Other	None	None	None	None	Other-Unbound	C 1 2 1	169	1-30:40-58:65-169	2018-10-10	Other	228.6981	0.0087	Unbound	Unbound	73,74,75,76,104,110,163,166,167	GDP	None	None	None	None	None	None	None	None	None	None	GDP	None	None	None	None	None	STP	XRAY	1.600	0.190	MTEYKLVVVGAGGIGKSALTIQLIQNHFVDEYDPTIEDSYRKQVVIDGETCLLDILDTAGQEEYSAMRDQYMRTGEGFLCVFAINNTKSFEDIHHYREQIKRVKDSEDVPMVLVGNKCDLPSRTVDTKQAQDLARSYGIPFIETSAKTRQGVDDAFYTLVREIRKHKEK	True	67.707	84.224	87.844	90.000	110.260	90.000	/Users/mitchellparker/Desktop/rascore_build/core/6mqnC_core.cif	/Users/mitchellparker/Desktop/rascore_build/rcsb/6mqn.cif.gz	/Users/mitchellparker/Desktop/rascore_build/renum/6mqn_renum.cif	/Users/mitchellparker/Desktop/rascore_build/rcsb_assembly/6mqn-assembly-3.cif.gz	/Users/mitchellparker/Desktop/rascore_build/renum_assembly/6mqn-assembly-3_renum.cif	/Users/mitchellparker/Desktop/rascore_build/sifts/6mqn.xml.gz	/Users/mitchellparker/Desktop/rascore_build/pocket/6mqnC_4_pocket.pdb
6mqtA	6mqt	0	A	Y32out.2P-OFF	Outlier	Y32out	Y71out	C 1 2 1 (CF10)	6mqtA1	1	GTPase HRas	RASH_HUMAN	P01112	G12S	G12	HRAS	2P	Other	None	None	None	None	Other-Unbound	C 1 2 1	167	1-166	2018-10-10	Other	364.8737	0.0276	Unbound	Unbound	131,134,135,138,139,140,141,162	GDP,MG	None	None	None	None	None	None	None	None	None	None	GDP	MG	None	None	None	None	STP	XRAY	1.498	0.159	AMTEYKLVVVGASGVGKSALTIQLIQNHFVDEYDPTIEDSYRKQVVIDGETCLLDILDTAGQEEYSAMRDQYMRTGEGFLCVFAINNTKSFEDIHQYREQIKRVKDSDDVPMVLVGNKCDLAARTVESRQAQDLARSYGIPYIETSAKTRQGVEDAFYTLVREIRQH	True	122.808	79.773	134.062	90.000	101.940	90.000	/Users/mitchellparker/Desktop/rascore_build/core/6mqtA_core.cif	/Users/mitchellparker/Desktop/rascore_build/rcsb/6mqt.cif.gz	/Users/mitchellparker/Desktop/rascore_build/renum/6mqt_renum.cif	/Users/mitchellparker/Desktop/rascore_build/rcsb_assembly/6mqt-assembly-2.cif.gz	/Users/mitchellparker/Desktop/rascore_build/renum_assembly/6mqt-assembly-2_renum.cif	/Users/mitchellparker/Desktop/rascore_build/sifts/6mqt.xml.gz	/Users/mitchellparker/Desktop/rascore_build/pocket/6mqtA_1_pocket.pdb
6mqtA	6mqt	0	A	Y32out.2P-OFF	Outlier	Y32out	Y71out	C 1 2 1 (CF10)	6mqtA2	2	GTPase HRas	RASH_HUMAN	P01112	G12S	G12	HRAS	2P	Other	None	None	None	None	Other-Unbound	C 1 2 1	167	1-166	2018-10-10	Other	207.1186	0.0017	Unbound	Unbound	22,23,26,42,44,149,152,153,157	GDP,MG	None	None	None	None	None	None	None	None	None	None	GDP	MG	None	None	None	None	STP	XRAY	1.498	0.159	AMTEYKLVVVGASGVGKSALTIQLIQNHFVDEYDPTIEDSYRKQVVIDGETCLLDILDTAGQEEYSAMRDQYMRTGEGFLCVFAINNTKSFEDIHQYREQIKRVKDSDDVPMVLVGNKCDLAARTVESRQAQDLARSYGIPYIETSAKTRQGVEDAFYTLVREIRQH	True	122.808	79.773	134.062	90.000	101.940	90.000	/Users/mitchellparker/Desktop/rascore_build/core/6mqtA_core.cif	/Users/mitchellparker/Desktop/rascore_build/rcsb/6mqt.cif.gz	/Users/mitchellparker/Desktop/rascore_build/renum/6mqt_renum.cif	/Users/mitchellparker/Desktop/rascore_build/rcsb_assembly/6mqt-assembly-2.cif.gz	/Users/mitchellparker/Desktop/rascore_build/renum_assembly/6mqt-assembly-2_renum.cif	/Users/mitchellparker/Desktop/rascore_build/sifts/6mqt.xml.gz	/Users/mitchellparker/Desktop/rascore_build/pocket/6mqtA_2_pocket.pdb
6mqtA	6mqt	0	A	Y32out.2P-OFF	Outlier	Y32out	Y71out	C 1 2 1 (CF10)	6mqtA3	3	GTPase HRas	RASH_HUMAN	P01112	G12S	G12	HRAS	2P	Other	None	None	None	None	Other-Unbound	C 1 2 1	167	1-166	2018-10-10	Other	233.3592	0.0004	Unbound	Unbound	11,12,13,14,83,85,86,88,89,92,117	GDP,MG	None	None	None	None	None	None	None	None	None	None	GDP	MG	None	None	None	None	STP	XRAY	1.498	0.159	AMTEYKLVVVGASGVGKSALTIQLIQNHFVDEYDPTIEDSYRKQVVIDGETCLLDILDTAGQEEYSAMRDQYMRTGEGFLCVFAINNTKSFEDIHQYREQIKRVKDSDDVPMVLVGNKCDLAARTVESRQAQDLARSYGIPYIETSAKTRQGVEDAFYTLVREIRQH	True	122.808	79.773	134.062	90.000	101.940	90.000	/Users/mitchellparker/Desktop/rascore_build/core/6mqtA_core.cif	/Users/mitchellparker/Desktop/rascore_build/rcsb/6mqt.cif.gz	/Users/mitchellparker/Desktop/rascore_build/renum/6mqt_renum.cif	/Users/mitchellparker/Desktop/rascore_build/rcsb_assembly/6mqt-assembly-2.cif.gz	/Users/mitchellparker/Desktop/rascore_build/renum_assembly/6mqt-assembly-2_renum.cif	/Users/mitchellparker/Desktop/rascore_build/sifts/6mqt.xml.gz	/Users/mitchellparker/Desktop/rascore_build/pocket/6mqtA_3_pocket.pdb
6mqtA	6mqt	0	A	Y32out.2P-OFF	Outlier	Y32out	Y71out	C 1 2 1 (CF10)	6mqtA4	4	GTPase HRas	RASH_HUMAN	P01112	G12S	G12	HRAS	2P	Other	None	None	None	None	Other-Unbound	C 1 2 1	167	1-166	2018-10-10	Other	226.9569	0.0064	Unbound	Unbound	75,76,104,109,110,163,166	GDP,MG	None	None	None	None	None	None	None	None	None	None	GDP	MG	None	None	None	None	STP	XRAY	1.498	0.159	AMTEYKLVVVGASGVGKSALTIQLIQNHFVDEYDPTIEDSYRKQVVIDGETCLLDILDTAGQEEYSAMRDQYMRTGEGFLCVFAINNTKSFEDIHQYREQIKRVKDSDDVPMVLVGNKCDLAARTVESRQAQDLARSYGIPYIETSAKTRQGVEDAFYTLVREIRQH	True	122.808	79.773	134.062	90.000	101.940	90.000	/Users/mitchellparker/Desktop/rascore_build/core/6mqtA_core.cif	/Users/mitchellparker/Desktop/rascore_build/rcsb/6mqt.cif.gz	/Users/mitchellparker/Desktop/rascore_build/renum/6mqt_renum.cif	/Users/mitchellparker/Desktop/rascore_build/rcsb_assembly/6mqt-assembly-2.cif.gz	/Users/mitchellparker/Desktop/rascore_build/renum_assembly/6mqt-assembly-2_renum.cif	/Users/mitchellparker/Desktop/rascore_build/sifts/6mqt.xml.gz	/Users/mitchellparker/Desktop/rascore_build/pocket/6mqtA_4_pocket.pdb
6mqtA	6mqt	0	A	Y32out.2P-OFF	Outlier	Y32out	Y71out	C 1 2 1 (CF10)	6mqtA5	5	GTPase HRas	RASH_HUMAN	P01112	G12S	G12	HRAS	2P	Other	None	None	None	None	Other-Unbound	C 1 2 1	167	1-166	2018-10-10	Other	144.5144	0.1587	Unbound	Unbound	12,13,31,32,34	GDP,MG	None	None	None	None	None	None	None	None	None	None	GDP	MG	None	None	None	None	STP	XRAY	1.498	0.159	AMTEYKLVVVGASGVGKSALTIQLIQNHFVDEYDPTIEDSYRKQVVIDGETCLLDILDTAGQEEYSAMRDQYMRTGEGFLCVFAINNTKSFEDIHQYREQIKRVKDSDDVPMVLVGNKCDLAARTVESRQAQDLARSYGIPYIETSAKTRQGVEDAFYTLVREIRQH	True	122.808	79.773	134.062	90.000	101.940	90.000	/Users/mitchellparker/Desktop/rascore_build/core/6mqtA_core.cif	/Users/mitchellparker/Desktop/rascore_build/rcsb/6mqt.cif.gz	/Users/mitchellparker/Desktop/rascore_build/renum/6mqt_renum.cif	/Users/mitchellparker/Desktop/rascore_build/rcsb_assembly/6mqt-assembly-2.cif.gz	/Users/mitchellparker/Desktop/rascore_build/renum_assembly/6mqt-assembly-2_renum.cif	/Users/mitchellparker/Desktop/rascore_build/sifts/6mqt.xml.gz	/Users/mitchellparker/Desktop/rascore_build/pocket/6mqtA_5_pocket.pdb
6mqtA	6mqt	0	A	Y32out.2P-OFF	Outlier	Y32out	Y71out	C 1 2 1 (CF10)	6mqtA6	6	GTPase HRas	RASH_HUMAN	P01112	G12S	G12	HRAS	2P	Other	None	None	None	None	Other-Unbound	C 1 2 1	167	1-166	2018-10-10	Other	234.2105	0.0019	Unbound	Unbound	33,35,36,37,62,65,67	GDP,MG	None	None	None	None	None	None	None	None	None	None	GDP	MG	None	None	None	None	STP	XRAY	1.498	0.159	AMTEYKLVVVGASGVGKSALTIQLIQNHFVDEYDPTIEDSYRKQVVIDGETCLLDILDTAGQEEYSAMRDQYMRTGEGFLCVFAINNTKSFEDIHQYREQIKRVKDSDDVPMVLVGNKCDLAARTVESRQAQDLARSYGIPYIETSAKTRQGVEDAFYTLVREIRQH	True	122.808	79.773	134.062	90.000	101.940	90.000	/Users/mitchellparker/Desktop/rascore_build/core/6mqtA_core.cif	/Users/mitchellparker/Desktop/rascore_build/rcsb/6mqt.cif.gz	/Users/mitchellparker/Desktop/rascore_build/renum/6mqt_renum.cif	/Users/mitchellparker/Desktop/rascore_build/rcsb_assembly/6mqt-assembly-2.cif.gz	/Users/mitchellparker/Desktop/rascore_build/renum_assembly/6mqt-assembly-2_renum.cif	/Users/mitchellparker/Desktop/rascore_build/sifts/6mqt.xml.gz	/Users/mitchellparker/Desktop/rascore_build/pocket/6mqtA_6_pocket.pdb
6mqtB	6mqt	0	B	Y32out.2P-OFF	Outlier	Y32out	Y71out	C 1 2 1 (CF10)	6mqtB1	1	GTPase HRas	RASH_HUMAN	P01112	G12S	G12	HRAS	2P	Other	None	None	None	None	Other-Unbound	C 1 2 1	167	1-166	2018-10-10	Other	306.5388	0.0084	Unbound	Unbound	31,32,33,34	GDP,MG	None	None	None	None	None	None	None	None	None	None	GDP	MG	None	None	None	None	STP	XRAY	1.498	0.159	AMTEYKLVVVGASGVGKSALTIQLIQNHFVDEYDPTIEDSYRKQVVIDGETCLLDILDTAGQEEYSAMRDQYMRTGEGFLCVFAINNTKSFEDIHQYREQIKRVKDSDDVPMVLVGNKCDLAARTVESRQAQDLARSYGIPYIETSAKTRQGVEDAFYTLVREIRQH	True	122.808	79.773	134.062	90.000	101.940	90.000	/Users/mitchellparker/Desktop/rascore_build/core/6mqtB_core.cif	/Users/mitchellparker/Desktop/rascore_build/rcsb/6mqt.cif.gz	/Users/mitchellparker/Desktop/rascore_build/renum/6mqt_renum.cif	/Users/mitchellparker/Desktop/rascore_build/rcsb_assembly/6mqt-assembly-2.cif.gz	/Users/mitchellparker/Desktop/rascore_build/renum_assembly/6mqt-assembly-2_renum.cif	/Users/mitchellparker/Desktop/rascore_build/sifts/6mqt.xml.gz	/Users/mitchellparker/Desktop/rascore_build/pocket/6mqtB_1_pocket.pdb
6mqtB	6mqt	0	B	Y32out.2P-OFF	Outlier	Y32out	Y71out	C 1 2 1 (CF10)	6mqtB2	2	GTPase HRas	RASH_HUMAN	P01112	G12S	G12	HRAS	2P	Other	None	None	None	None	Other-Unbound	C 1 2 1	167	1-166	2018-10-10	Other	209.9064	0.0015	Unbound	Unbound	131,134,135,139,140,141	GDP,MG	None	None	None	None	None	None	None	None	None	None	GDP	MG	None	None	None	None	STP	XRAY	1.498	0.159	AMTEYKLVVVGASGVGKSALTIQLIQNHFVDEYDPTIEDSYRKQVVIDGETCLLDILDTAGQEEYSAMRDQYMRTGEGFLCVFAINNTKSFEDIHQYREQIKRVKDSDDVPMVLVGNKCDLAARTVESRQAQDLARSYGIPYIETSAKTRQGVEDAFYTLVREIRQH	True	122.808	79.773	134.062	90.000	101.940	90.000	/Users/mitchellparker/Desktop/rascore_build/core/6mqtB_core.cif	/Users/mitchellparker/Desktop/rascore_build/rcsb/6mqt.cif.gz	/Users/mitchellparker/Desktop/rascore_build/renum/6mqt_renum.cif	/Users/mitchellparker/Desktop/rascore_build/rcsb_assembly/6mqt-assembly-2.cif.gz	/Users/mitchellparker/Desktop/rascore_build/renum_assembly/6mqt-assembly-2_renum.cif	/Users/mitchellparker/Desktop/rascore_build/sifts/6mqt.xml.gz	/Users/mitchellparker/Desktop/rascore_build/pocket/6mqtB_2_pocket.pdb
6mqtB	6mqt	0	B	Y32out.2P-OFF	Outlier	Y32out	Y71out	C 1 2 1 (CF10)	6mqtB3	3	GTPase HRas	RASH_HUMAN	P01112	G12S	G12	HRAS	2P	Other	None	None	None	None	Other-Unbound	C 1 2 1	167	1-166	2018-10-10	Other	222.2719	0.4335	Unbound	Unbound	75,76,104,108,109,110,163,166	GDP,MG	None	None	None	None	None	None	None	None	None	None	GDP	MG	None	None	None	None	STP	XRAY	1.498	0.159	AMTEYKLVVVGASGVGKSALTIQLIQNHFVDEYDPTIEDSYRKQVVIDGETCLLDILDTAGQEEYSAMRDQYMRTGEGFLCVFAINNTKSFEDIHQYREQIKRVKDSDDVPMVLVGNKCDLAARTVESRQAQDLARSYGIPYIETSAKTRQGVEDAFYTLVREIRQH	True	122.808	79.773	134.062	90.000	101.940	90.000	/Users/mitchellparker/Desktop/rascore_build/core/6mqtB_core.cif	/Users/mitchellparker/Desktop/rascore_build/rcsb/6mqt.cif.gz	/Users/mitchellparker/Desktop/rascore_build/renum/6mqt_renum.cif	/Users/mitchellparker/Desktop/rascore_build/rcsb_assembly/6mqt-assembly-2.cif.gz	/Users/mitchellparker/Desktop/rascore_build/renum_assembly/6mqt-assembly-2_renum.cif	/Users/mitchellparker/Desktop/rascore_build/sifts/6mqt.xml.gz	/Users/mitchellparker/Desktop/rascore_build/pocket/6mqtB_3_pocket.pdb
6mqtC	6mqt	0	C	Y32out.2P-OFF	Outlier	Y32out	Y71out	C 1 2 1 (CF10)	6mqtC1	1	GTPase HRas	RASH_HUMAN	P01112	G12S	G12	HRAS	2P	Other	None	None	None	None	SP2-Unbound	C 1 2 1	167	1-166	2018-10-10	Other	123.8851	0.3600	Unbound	Unbound	20,21,24,25,32,40,57	GDP,MG	None	None	None	None	None	None	None	None	None	None	GDP	MG	None	None	None	None	STP	XRAY	1.498	0.159	AMTEYKLVVVGASGVGKSALTIQLIQNHFVDEYDPTIEDSYRKQVVIDGETCLLDILDTAGQEEYSAMRDQYMRTGEGFLCVFAINNTKSFEDIHQYREQIKRVKDSDDVPMVLVGNKCDLAARTVESRQAQDLARSYGIPYIETSAKTRQGVEDAFYTLVREIRQH	True	122.808	79.773	134.062	90.000	101.940	90.000	/Users/mitchellparker/Desktop/rascore_build/core/6mqtC_core.cif	/Users/mitchellparker/Desktop/rascore_build/rcsb/6mqt.cif.gz	/Users/mitchellparker/Desktop/rascore_build/renum/6mqt_renum.cif	/Users/mitchellparker/Desktop/rascore_build/rcsb_assembly/6mqt-assembly-2.cif.gz	/Users/mitchellparker/Desktop/rascore_build/renum_assembly/6mqt-assembly-2_renum.cif	/Users/mitchellparker/Desktop/rascore_build/sifts/6mqt.xml.gz	/Users/mitchellparker/Desktop/rascore_build/pocket/6mqtC_1_pocket.pdb
6mqtC	6mqt	0	C	Y32out.2P-OFF	Outlier	Y32out	Y71out	C 1 2 1 (CF10)	6mqtC2	2	GTPase HRas	RASH_HUMAN	P01112	G12S	G12	HRAS	2P	Other	None	None	None	None	SP2-Unbound	C 1 2 1	167	1-166	2018-10-10	Other	321.6897	0.0302	Unbound	Unbound	30,31,32,33,34	GDP,MG	None	None	None	None	None	None	None	None	None	None	GDP	MG	None	None	None	None	STP	XRAY	1.498	0.159	AMTEYKLVVVGASGVGKSALTIQLIQNHFVDEYDPTIEDSYRKQVVIDGETCLLDILDTAGQEEYSAMRDQYMRTGEGFLCVFAINNTKSFEDIHQYREQIKRVKDSDDVPMVLVGNKCDLAARTVESRQAQDLARSYGIPYIETSAKTRQGVEDAFYTLVREIRQH	True	122.808	79.773	134.062	90.000	101.940	90.000	/Users/mitchellparker/Desktop/rascore_build/core/6mqtC_core.cif	/Users/mitchellparker/Desktop/rascore_build/rcsb/6mqt.cif.gz	/Users/mitchellparker/Desktop/rascore_build/renum/6mqt_renum.cif	/Users/mitchellparker/Desktop/rascore_build/rcsb_assembly/6mqt-assembly-2.cif.gz	/Users/mitchellparker/Desktop/rascore_build/renum_assembly/6mqt-assembly-2_renum.cif	/Users/mitchellparker/Desktop/rascore_build/sifts/6mqt.xml.gz	/Users/mitchellparker/Desktop/rascore_build/pocket/6mqtC_2_pocket.pdb
6mqtC	6mqt	0	C	Y32out.2P-OFF	Outlier	Y32out	Y71out	C 1 2 1 (CF10)	6mqtC3	3	GTPase HRas	RASH_HUMAN	P01112	G12S	G12	HRAS	2P	Other	None	None	None	None	SP2-Unbound	C 1 2 1	167	1-166	2018-10-10	SP2	90.5984	0.0012	Unbound	Unbound	9,58,60,68,72,96,99,100	GDP,MG	None	None	None	None	None	None	None	None	None	None	GDP	MG	None	None	None	None	STP	XRAY	1.498	0.159	AMTEYKLVVVGASGVGKSALTIQLIQNHFVDEYDPTIEDSYRKQVVIDGETCLLDILDTAGQEEYSAMRDQYMRTGEGFLCVFAINNTKSFEDIHQYREQIKRVKDSDDVPMVLVGNKCDLAARTVESRQAQDLARSYGIPYIETSAKTRQGVEDAFYTLVREIRQH	True	122.808	79.773	134.062	90.000	101.940	90.000	/Users/mitchellparker/Desktop/rascore_build/core/6mqtC_core.cif	/Users/mitchellparker/Desktop/rascore_build/rcsb/6mqt.cif.gz	/Users/mitchellparker/Desktop/rascore_build/renum/6mqt_renum.cif	/Users/mitchellparker/Desktop/rascore_build/rcsb_assembly/6mqt-assembly-2.cif.gz	/Users/mitchellparker/Desktop/rascore_build/renum_assembly/6mqt-assembly-2_renum.cif	/Users/mitchellparker/Desktop/rascore_build/sifts/6mqt.xml.gz	/Users/mitchellparker/Desktop/rascore_build/pocket/6mqtC_3_pocket.pdb
6mqtC	6mqt	0	C	Y32out.2P-OFF	Outlier	Y32out	Y71out	C 1 2 1 (CF10)	6mqtC4	4	GTPase HRas	RASH_HUMAN	P01112	G12S	G12	HRAS	2P	Other	None	None	None	None	SP2-Unbound	C 1 2 1	167	1-166	2018-10-10	Other	251.0281	0.0015	Unbound	Unbound	75,76,104,109,110,163,166	GDP,MG	None	None	None	None	None	None	None	None	None	None	GDP	MG	None	None	None	None	STP	XRAY	1.498	0.159	AMTEYKLVVVGASGVGKSALTIQLIQNHFVDEYDPTIEDSYRKQVVIDGETCLLDILDTAGQEEYSAMRDQYMRTGEGFLCVFAINNTKSFEDIHQYREQIKRVKDSDDVPMVLVGNKCDLAARTVESRQAQDLARSYGIPYIETSAKTRQGVEDAFYTLVREIRQH	True	122.808	79.773	134.062	90.000	101.940	90.000	/Users/mitchellparker/Desktop/rascore_build/core/6mqtC_core.cif	/Users/mitchellparker/Desktop/rascore_build/rcsb/6mqt.cif.gz	/Users/mitchellparker/Desktop/rascore_build/renum/6mqt_renum.cif	/Users/mitchellparker/Desktop/rascore_build/rcsb_assembly/6mqt-assembly-2.cif.gz	/Users/mitchellparker/Desktop/rascore_build/renum_assembly/6mqt-assembly-2_renum.cif	/Users/mitchellparker/Desktop/rascore_build/sifts/6mqt.xml.gz	/Users/mitchellparker/Desktop/rascore_build/pocket/6mqtC_4_pocket.pdb
6mqtC	6mqt	0	C	Y32out.2P-OFF	Outlier	Y32out	Y71out	C 1 2 1 (CF10)	6mqtC5	5	GTPase HRas	RASH_HUMAN	P01112	G12S	G12	HRAS	2P	Other	None	None	None	None	SP2-Unbound	C 1 2 1	167	1-166	2018-10-10	Other	195.5791	0.0000	Unbound	Unbound	131,134,135,139,140,141	GDP,MG	None	None	None	None	None	None	None	None	None	None	GDP	MG	None	None	None	None	STP	XRAY	1.498	0.159	AMTEYKLVVVGASGVGKSALTIQLIQNHFVDEYDPTIEDSYRKQVVIDGETCLLDILDTAGQEEYSAMRDQYMRTGEGFLCVFAINNTKSFEDIHQYREQIKRVKDSDDVPMVLVGNKCDLAARTVESRQAQDLARSYGIPYIETSAKTRQGVEDAFYTLVREIRQH	True	122.808	79.773	134.062	90.000	101.940	90.000	/Users/mitchellparker/Desktop/rascore_build/core/6mqtC_core.cif	/Users/mitchellparker/Desktop/rascore_build/rcsb/6mqt.cif.gz	/Users/mitchellparker/Desktop/rascore_build/renum/6mqt_renum.cif	/Users/mitchellparker/Desktop/rascore_build/rcsb_assembly/6mqt-assembly-2.cif.gz	/Users/mitchellparker/Desktop/rascore_build/renum_assembly/6mqt-assembly-2_renum.cif	/Users/mitchellparker/Desktop/rascore_build/sifts/6mqt.xml.gz	/Users/mitchellparker/Desktop/rascore_build/pocket/6mqtC_5_pocket.pdb
6mqtD	6mqt	0	D	Y32out.2P-OFF	Outlier	Y32out	Y71out	C 1 2 1 (CF10)	6mqtD1	1	GTPase HRas	RASH_HUMAN	P01112	G12S	G12	HRAS	2P	Other	None	None	None	None	Multiple-Unbound	C 1 2 1	167	1-166	2018-10-10	Other	244.9171	0.4393	Unbound	Unbound	31,32,33,34	GDP,MG	None	None	None	None	None	None	None	None	None	None	GDP	MG	None	None	None	None	STP	XRAY	1.498	0.159	AMTEYKLVVVGASGVGKSALTIQLIQNHFVDEYDPTIEDSYRKQVVIDGETCLLDILDTAGQEEYSAMRDQYMRTGEGFLCVFAINNTKSFEDIHQYREQIKRVKDSDDVPMVLVGNKCDLAARTVESRQAQDLARSYGIPYIETSAKTRQGVEDAFYTLVREIRQH	True	122.808	79.773	134.062	90.000	101.940	90.000	/Users/mitchellparker/Desktop/rascore_build/core/6mqtD_core.cif	/Users/mitchellparker/Desktop/rascore_build/rcsb/6mqt.cif.gz	/Users/mitchellparker/Desktop/rascore_build/renum/6mqt_renum.cif	/Users/mitchellparker/Desktop/rascore_build/rcsb_assembly/6mqt-assembly-2.cif.gz	/Users/mitchellparker/Desktop/rascore_build/renum_assembly/6mqt-assembly-2_renum.cif	/Users/mitchellparker/Desktop/rascore_build/sifts/6mqt.xml.gz	/Users/mitchellparker/Desktop/rascore_build/pocket/6mqtD_1_pocket.pdb
6mqtD	6mqt	0	D	Y32out.2P-OFF	Outlier	Y32out	Y71out	C 1 2 1 (CF10)	6mqtD2	2	GTPase HRas	RASH_HUMAN	P01112	G12S	G12	HRAS	2P	Other	None	None	None	None	Multiple-Unbound	C 1 2 1	167	1-166	2018-10-10	SP12	86.4751	0.3063	Unbound	Unbound	5,6,7,54,71,74,75	GDP,MG	None	None	None	None	None	None	None	None	None	None	GDP	MG	None	None	None	None	STP	XRAY	1.498	0.159	AMTEYKLVVVGASGVGKSALTIQLIQNHFVDEYDPTIEDSYRKQVVIDGETCLLDILDTAGQEEYSAMRDQYMRTGEGFLCVFAINNTKSFEDIHQYREQIKRVKDSDDVPMVLVGNKCDLAARTVESRQAQDLARSYGIPYIETSAKTRQGVEDAFYTLVREIRQH	True	122.808	79.773	134.062	90.000	101.940	90.000	/Users/mitchellparker/Desktop/rascore_build/core/6mqtD_core.cif	/Users/mitchellparker/Desktop/rascore_build/rcsb/6mqt.cif.gz	/Users/mitchellparker/Desktop/rascore_build/renum/6mqt_renum.cif	/Users/mitchellparker/Desktop/rascore_build/rcsb_assembly/6mqt-assembly-2.cif.gz	/Users/mitchellparker/Desktop/rascore_build/renum_assembly/6mqt-assembly-2_renum.cif	/Users/mitchellparker/Desktop/rascore_build/sifts/6mqt.xml.gz	/Users/mitchellparker/Desktop/rascore_build/pocket/6mqtD_2_pocket.pdb
6mqtD	6mqt	0	D	Y32out.2P-OFF	Outlier	Y32out	Y71out	C 1 2 1 (CF10)	6mqtD3	3	GTPase HRas	RASH_HUMAN	P01112	G12S	G12	HRAS	2P	Other	None	None	None	None	Multiple-Unbound	C 1 2 1	167	1-166	2018-10-10	Other	246.7952	0.0252	Unbound	Unbound	75,76,104,109,110,163,166	GDP,MG	None	None	None	None	None	None	None	None	None	None	GDP	MG	None	None	None	None	STP	XRAY	1.498	0.159	AMTEYKLVVVGASGVGKSALTIQLIQNHFVDEYDPTIEDSYRKQVVIDGETCLLDILDTAGQEEYSAMRDQYMRTGEGFLCVFAINNTKSFEDIHQYREQIKRVKDSDDVPMVLVGNKCDLAARTVESRQAQDLARSYGIPYIETSAKTRQGVEDAFYTLVREIRQH	True	122.808	79.773	134.062	90.000	101.940	90.000	/Users/mitchellparker/Desktop/rascore_build/core/6mqtD_core.cif	/Users/mitchellparker/Desktop/rascore_build/rcsb/6mqt.cif.gz	/Users/mitchellparker/Desktop/rascore_build/renum/6mqt_renum.cif	/Users/mitchellparker/Desktop/rascore_build/rcsb_assembly/6mqt-assembly-2.cif.gz	/Users/mitchellparker/Desktop/rascore_build/renum_assembly/6mqt-assembly-2_renum.cif	/Users/mitchellparker/Desktop/rascore_build/sifts/6mqt.xml.gz	/Users/mitchellparker/Desktop/rascore_build/pocket/6mqtD_3_pocket.pdb
6mqtD	6mqt	0	D	Y32out.2P-OFF	Outlier	Y32out	Y71out	C 1 2 1 (CF10)	6mqtD4	4	GTPase HRas	RASH_HUMAN	P01112	G12S	G12	HRAS	2P	Other	None	None	None	None	Multiple-Unbound	C 1 2 1	167	1-166	2018-10-10	Other	192.0835	0.0004	Unbound	Unbound	108,109,110,111,137,138,139,162,165,166	GDP,MG	None	None	None	None	None	None	None	None	None	None	GDP	MG	None	None	None	None	STP	XRAY	1.498	0.159	AMTEYKLVVVGASGVGKSALTIQLIQNHFVDEYDPTIEDSYRKQVVIDGETCLLDILDTAGQEEYSAMRDQYMRTGEGFLCVFAINNTKSFEDIHQYREQIKRVKDSDDVPMVLVGNKCDLAARTVESRQAQDLARSYGIPYIETSAKTRQGVEDAFYTLVREIRQH	True	122.808	79.773	134.062	90.000	101.940	90.000	/Users/mitchellparker/Desktop/rascore_build/core/6mqtD_core.cif	/Users/mitchellparker/Desktop/rascore_build/rcsb/6mqt.cif.gz	/Users/mitchellparker/Desktop/rascore_build/renum/6mqt_renum.cif	/Users/mitchellparker/Desktop/rascore_build/rcsb_assembly/6mqt-assembly-2.cif.gz	/Users/mitchellparker/Desktop/rascore_build/renum_assembly/6mqt-assembly-2_renum.cif	/Users/mitchellparker/Desktop/rascore_build/sifts/6mqt.xml.gz	/Users/mitchellparker/Desktop/rascore_build/pocket/6mqtD_4_pocket.pdb
6mqtD	6mqt	0	D	Y32out.2P-OFF	Outlier	Y32out	Y71out	C 1 2 1 (CF10)	6mqtD5	5	GTPase HRas	RASH_HUMAN	P01112	G12S	G12	HRAS	2P	Other	None	None	None	None	Multiple-Unbound	C 1 2 1	167	1-166	2018-10-10	Other	248.1228	0.0009	Unbound	Unbound	11,12,13,14,83,85,86,88,89,92,117	GDP,MG	None	None	None	None	None	None	None	None	None	None	GDP	MG	None	None	None	None	STP	XRAY	1.498	0.159	AMTEYKLVVVGASGVGKSALTIQLIQNHFVDEYDPTIEDSYRKQVVIDGETCLLDILDTAGQEEYSAMRDQYMRTGEGFLCVFAINNTKSFEDIHQYREQIKRVKDSDDVPMVLVGNKCDLAARTVESRQAQDLARSYGIPYIETSAKTRQGVEDAFYTLVREIRQH	True	122.808	79.773	134.062	90.000	101.940	90.000	/Users/mitchellparker/Desktop/rascore_build/core/6mqtD_core.cif	/Users/mitchellparker/Desktop/rascore_build/rcsb/6mqt.cif.gz	/Users/mitchellparker/Desktop/rascore_build/renum/6mqt_renum.cif	/Users/mitchellparker/Desktop/rascore_build/rcsb_assembly/6mqt-assembly-2.cif.gz	/Users/mitchellparker/Desktop/rascore_build/renum_assembly/6mqt-assembly-2_renum.cif	/Users/mitchellparker/Desktop/rascore_build/sifts/6mqt.xml.gz	/Users/mitchellparker/Desktop/rascore_build/pocket/6mqtD_5_pocket.pdb
6mqtD	6mqt	0	D	Y32out.2P-OFF	Outlier	Y32out	Y71out	C 1 2 1 (CF10)	6mqtD6	6	GTPase HRas	RASH_HUMAN	P01112	G12S	G12	HRAS	2P	Other	None	None	None	None	Multiple-Unbound	C 1 2 1	167	1-166	2018-10-10	SP2	293.4689	0.0194	Unbound	Unbound	9,10,58,60,63,64,68,72,96,99,103	GDP,MG	None	None	None	None	None	None	None	None	None	None	GDP	MG	None	None	None	None	STP	XRAY	1.498	0.159	AMTEYKLVVVGASGVGKSALTIQLIQNHFVDEYDPTIEDSYRKQVVIDGETCLLDILDTAGQEEYSAMRDQYMRTGEGFLCVFAINNTKSFEDIHQYREQIKRVKDSDDVPMVLVGNKCDLAARTVESRQAQDLARSYGIPYIETSAKTRQGVEDAFYTLVREIRQH	True	122.808	79.773	134.062	90.000	101.940	90.000	/Users/mitchellparker/Desktop/rascore_build/core/6mqtD_core.cif	/Users/mitchellparker/Desktop/rascore_build/rcsb/6mqt.cif.gz	/Users/mitchellparker/Desktop/rascore_build/renum/6mqt_renum.cif	/Users/mitchellparker/Desktop/rascore_build/rcsb_assembly/6mqt-assembly-2.cif.gz	/Users/mitchellparker/Desktop/rascore_build/renum_assembly/6mqt-assembly-2_renum.cif	/Users/mitchellparker/Desktop/rascore_build/sifts/6mqt.xml.gz	/Users/mitchellparker/Desktop/rascore_build/pocket/6mqtD_6_pocket.pdb
6mqtE	6mqt	0	E	Y32out.2P-OFF	Outlier	Y32out	Y71out	C 1 2 1 (CF10)	6mqtE1	1	GTPase HRas	RASH_HUMAN	P01112	G12S	G12	HRAS	2P	Other	None	None	None	None	Multiple-Unbound	C 1 2 1	167	1-166	2018-10-10	Other	269.8155	0.1003	Unbound	Unbound	31,32,33,34	GDP,MG	None	None	None	None	None	None	None	None	None	None	GDP	MG	None	None	None	None	STP	XRAY	1.498	0.159	AMTEYKLVVVGASGVGKSALTIQLIQNHFVDEYDPTIEDSYRKQVVIDGETCLLDILDTAGQEEYSAMRDQYMRTGEGFLCVFAINNTKSFEDIHQYREQIKRVKDSDDVPMVLVGNKCDLAARTVESRQAQDLARSYGIPYIETSAKTRQGVEDAFYTLVREIRQH	True	122.808	79.773	134.062	90.000	101.940	90.000	/Users/mitchellparker/Desktop/rascore_build/core/6mqtE_core.cif	/Users/mitchellparker/Desktop/rascore_build/rcsb/6mqt.cif.gz	/Users/mitchellparker/Desktop/rascore_build/renum/6mqt_renum.cif	/Users/mitchellparker/Desktop/rascore_build/rcsb_assembly/6mqt-assembly-2.cif.gz	/Users/mitchellparker/Desktop/rascore_build/renum_assembly/6mqt-assembly-2_renum.cif	/Users/mitchellparker/Desktop/rascore_build/sifts/6mqt.xml.gz	/Users/mitchellparker/Desktop/rascore_build/pocket/6mqtE_1_pocket.pdb
6mqtE	6mqt	0	E	Y32out.2P-OFF	Outlier	Y32out	Y71out	C 1 2 1 (CF10)	6mqtE2	2	GTPase HRas	RASH_HUMAN	P01112	G12S	G12	HRAS	2P	Other	None	None	None	None	Multiple-Unbound	C 1 2 1	167	1-166	2018-10-10	SP2	341.4484	0.0278	Unbound	Unbound	9,10,58,60,63,64,68,72,96,99,103	GDP,MG	None	None	None	None	None	None	None	None	None	None	GDP	MG	None	None	None	None	STP	XRAY	1.498	0.159	AMTEYKLVVVGASGVGKSALTIQLIQNHFVDEYDPTIEDSYRKQVVIDGETCLLDILDTAGQEEYSAMRDQYMRTGEGFLCVFAINNTKSFEDIHQYREQIKRVKDSDDVPMVLVGNKCDLAARTVESRQAQDLARSYGIPYIETSAKTRQGVEDAFYTLVREIRQH	True	122.808	79.773	134.062	90.000	101.940	90.000	/Users/mitchellparker/Desktop/rascore_build/core/6mqtE_core.cif	/Users/mitchellparker/Desktop/rascore_build/rcsb/6mqt.cif.gz	/Users/mitchellparker/Desktop/rascore_build/renum/6mqt_renum.cif	/Users/mitchellparker/Desktop/rascore_build/rcsb_assembly/6mqt-assembly-2.cif.gz	/Users/mitchellparker/Desktop/rascore_build/renum_assembly/6mqt-assembly-2_renum.cif	/Users/mitchellparker/Desktop/rascore_build/sifts/6mqt.xml.gz	/Users/mitchellparker/Desktop/rascore_build/pocket/6mqtE_2_pocket.pdb
6mqtE	6mqt	0	E	Y32out.2P-OFF	Outlier	Y32out	Y71out	C 1 2 1 (CF10)	6mqtE3	3	GTPase HRas	RASH_HUMAN	P01112	G12S	G12	HRAS	2P	Other	None	None	None	None	Multiple-Unbound	C 1 2 1	167	1-166	2018-10-10	Other	315.9961	0.0012	Unbound	Unbound	11,12,13,14,83,85,86,88,89,92,117	GDP,MG	None	None	None	None	None	None	None	None	None	None	GDP	MG	None	None	None	None	STP	XRAY	1.498	0.159	AMTEYKLVVVGASGVGKSALTIQLIQNHFVDEYDPTIEDSYRKQVVIDGETCLLDILDTAGQEEYSAMRDQYMRTGEGFLCVFAINNTKSFEDIHQYREQIKRVKDSDDVPMVLVGNKCDLAARTVESRQAQDLARSYGIPYIETSAKTRQGVEDAFYTLVREIRQH	True	122.808	79.773	134.062	90.000	101.940	90.000	/Users/mitchellparker/Desktop/rascore_build/core/6mqtE_core.cif	/Users/mitchellparker/Desktop/rascore_build/rcsb/6mqt.cif.gz	/Users/mitchellparker/Desktop/rascore_build/renum/6mqt_renum.cif	/Users/mitchellparker/Desktop/rascore_build/rcsb_assembly/6mqt-assembly-2.cif.gz	/Users/mitchellparker/Desktop/rascore_build/renum_assembly/6mqt-assembly-2_renum.cif	/Users/mitchellparker/Desktop/rascore_build/sifts/6mqt.xml.gz	/Users/mitchellparker/Desktop/rascore_build/pocket/6mqtE_3_pocket.pdb
6mqtE	6mqt	0	E	Y32out.2P-OFF	Outlier	Y32out	Y71out	C 1 2 1 (CF10)	6mqtE4	4	GTPase HRas	RASH_HUMAN	P01112	G12S	G12	HRAS	2P	Other	None	None	None	None	Multiple-Unbound	C 1 2 1	167	1-166	2018-10-10	SP12	119.0646	0.4347	Unbound	Unbound	5,6,7,54,71,74,75	GDP,MG	None	None	None	None	None	None	None	None	None	None	GDP	MG	None	None	None	None	STP	XRAY	1.498	0.159	AMTEYKLVVVGASGVGKSALTIQLIQNHFVDEYDPTIEDSYRKQVVIDGETCLLDILDTAGQEEYSAMRDQYMRTGEGFLCVFAINNTKSFEDIHQYREQIKRVKDSDDVPMVLVGNKCDLAARTVESRQAQDLARSYGIPYIETSAKTRQGVEDAFYTLVREIRQH	True	122.808	79.773	134.062	90.000	101.940	90.000	/Users/mitchellparker/Desktop/rascore_build/core/6mqtE_core.cif	/Users/mitchellparker/Desktop/rascore_build/rcsb/6mqt.cif.gz	/Users/mitchellparker/Desktop/rascore_build/renum/6mqt_renum.cif	/Users/mitchellparker/Desktop/rascore_build/rcsb_assembly/6mqt-assembly-2.cif.gz	/Users/mitchellparker/Desktop/rascore_build/renum_assembly/6mqt-assembly-2_renum.cif	/Users/mitchellparker/Desktop/rascore_build/sifts/6mqt.xml.gz	/Users/mitchellparker/Desktop/rascore_build/pocket/6mqtE_4_pocket.pdb
6mqtE	6mqt	0	E	Y32out.2P-OFF	Outlier	Y32out	Y71out	C 1 2 1 (CF10)	6mqtE5	5	GTPase HRas	RASH_HUMAN	P01112	G12S	G12	HRAS	2P	Other	None	None	None	None	Multiple-Unbound	C 1 2 1	167	1-166	2018-10-10	Other	366.3701	0.0081	Unbound	Unbound	73,74,75,76,104,109,110,163,166	GDP,MG	None	None	None	None	None	None	None	None	None	None	GDP	MG	None	None	None	None	STP	XRAY	1.498	0.159	AMTEYKLVVVGASGVGKSALTIQLIQNHFVDEYDPTIEDSYRKQVVIDGETCLLDILDTAGQEEYSAMRDQYMRTGEGFLCVFAINNTKSFEDIHQYREQIKRVKDSDDVPMVLVGNKCDLAARTVESRQAQDLARSYGIPYIETSAKTRQGVEDAFYTLVREIRQH	True	122.808	79.773	134.062	90.000	101.940	90.000	/Users/mitchellparker/Desktop/rascore_build/core/6mqtE_core.cif	/Users/mitchellparker/Desktop/rascore_build/rcsb/6mqt.cif.gz	/Users/mitchellparker/Desktop/rascore_build/renum/6mqt_renum.cif	/Users/mitchellparker/Desktop/rascore_build/rcsb_assembly/6mqt-assembly-2.cif.gz	/Users/mitchellparker/Desktop/rascore_build/renum_assembly/6mqt-assembly-2_renum.cif	/Users/mitchellparker/Desktop/rascore_build/sifts/6mqt.xml.gz	/Users/mitchellparker/Desktop/rascore_build/pocket/6mqtE_5_pocket.pdb
6mqtE	6mqt	0	E	Y32out.2P-OFF	Outlier	Y32out	Y71out	C 1 2 1 (CF10)	6mqtE6	6	GTPase HRas	RASH_HUMAN	P01112	G12S	G12	HRAS	2P	Other	None	None	None	None	Multiple-Unbound	C 1 2 1	167	1-166	2018-10-10	Other	190.3640	0.0003	Unbound	Unbound	108,109,110,111,137,138,139,162,165,166	GDP,MG	None	None	None	None	None	None	None	None	None	None	GDP	MG	None	None	None	None	STP	XRAY	1.498	0.159	AMTEYKLVVVGASGVGKSALTIQLIQNHFVDEYDPTIEDSYRKQVVIDGETCLLDILDTAGQEEYSAMRDQYMRTGEGFLCVFAINNTKSFEDIHQYREQIKRVKDSDDVPMVLVGNKCDLAARTVESRQAQDLARSYGIPYIETSAKTRQGVEDAFYTLVREIRQH	True	122.808	79.773	134.062	90.000	101.940	90.000	/Users/mitchellparker/Desktop/rascore_build/core/6mqtE_core.cif	/Users/mitchellparker/Desktop/rascore_build/rcsb/6mqt.cif.gz	/Users/mitchellparker/Desktop/rascore_build/renum/6mqt_renum.cif	/Users/mitchellparker/Desktop/rascore_build/rcsb_assembly/6mqt-assembly-2.cif.gz	/Users/mitchellparker/Desktop/rascore_build/renum_assembly/6mqt-assembly-2_renum.cif	/Users/mitchellparker/Desktop/rascore_build/sifts/6mqt.xml.gz	/Users/mitchellparker/Desktop/rascore_build/pocket/6mqtE_6_pocket.pdb
6mqtF	6mqt	0	F	Y32out.2P-OFF	Outlier	Y32out	Y71out	C 1 2 1 (CF10)	6mqtF1	1	GTPase HRas	RASH_HUMAN	P01112	G12S	G12	HRAS	2P	Other	None	None	None	None	Other-Unbound	C 1 2 1	167	1-166	2018-10-10	Other	201.1369	0.0020	Unbound	Unbound	22,23,26,42,44,149,152,153,157	GDP,MG	None	None	None	None	None	None	None	None	None	None	GDP	MG	None	None	None	None	STP	XRAY	1.498	0.159	AMTEYKLVVVGASGVGKSALTIQLIQNHFVDEYDPTIEDSYRKQVVIDGETCLLDILDTAGQEEYSAMRDQYMRTGEGFLCVFAINNTKSFEDIHQYREQIKRVKDSDDVPMVLVGNKCDLAARTVESRQAQDLARSYGIPYIETSAKTRQGVEDAFYTLVREIRQH	True	122.808	79.773	134.062	90.000	101.940	90.000	/Users/mitchellparker/Desktop/rascore_build/core/6mqtF_core.cif	/Users/mitchellparker/Desktop/rascore_build/rcsb/6mqt.cif.gz	/Users/mitchellparker/Desktop/rascore_build/renum/6mqt_renum.cif	/Users/mitchellparker/Desktop/rascore_build/rcsb_assembly/6mqt-assembly-2.cif.gz	/Users/mitchellparker/Desktop/rascore_build/renum_assembly/6mqt-assembly-2_renum.cif	/Users/mitchellparker/Desktop/rascore_build/sifts/6mqt.xml.gz	/Users/mitchellparker/Desktop/rascore_build/pocket/6mqtF_1_pocket.pdb
6mqtF	6mqt	0	F	Y32out.2P-OFF	Outlier	Y32out	Y71out	C 1 2 1 (CF10)	6mqtF2	2	GTPase HRas	RASH_HUMAN	P01112	G12S	G12	HRAS	2P	Other	None	None	None	None	Other-Unbound	C 1 2 1	167	1-166	2018-10-10	Other	253.4428	0.2711	Unbound	Unbound	31,32,33,34	GDP,MG	None	None	None	None	None	None	None	None	None	None	GDP	MG	None	None	None	None	STP	XRAY	1.498	0.159	AMTEYKLVVVGASGVGKSALTIQLIQNHFVDEYDPTIEDSYRKQVVIDGETCLLDILDTAGQEEYSAMRDQYMRTGEGFLCVFAINNTKSFEDIHQYREQIKRVKDSDDVPMVLVGNKCDLAARTVESRQAQDLARSYGIPYIETSAKTRQGVEDAFYTLVREIRQH	True	122.808	79.773	134.062	90.000	101.940	90.000	/Users/mitchellparker/Desktop/rascore_build/core/6mqtF_core.cif	/Users/mitchellparker/Desktop/rascore_build/rcsb/6mqt.cif.gz	/Users/mitchellparker/Desktop/rascore_build/renum/6mqt_renum.cif	/Users/mitchellparker/Desktop/rascore_build/rcsb_assembly/6mqt-assembly-2.cif.gz	/Users/mitchellparker/Desktop/rascore_build/renum_assembly/6mqt-assembly-2_renum.cif	/Users/mitchellparker/Desktop/rascore_build/sifts/6mqt.xml.gz	/Users/mitchellparker/Desktop/rascore_build/pocket/6mqtF_2_pocket.pdb
6mqtF	6mqt	0	F	Y32out.2P-OFF	Outlier	Y32out	Y71out	C 1 2 1 (CF10)	6mqtF3	3	GTPase HRas	RASH_HUMAN	P01112	G12S	G12	HRAS	2P	Other	None	None	None	None	Other-Unbound	C 1 2 1	167	1-166	2018-10-10	Other	254.6507	0.0005	Unbound	Unbound	11,12,13,14,83,85,86,88,89,92,117	GDP,MG	None	None	None	None	None	None	None	None	None	None	GDP	MG	None	None	None	None	STP	XRAY	1.498	0.159	AMTEYKLVVVGASGVGKSALTIQLIQNHFVDEYDPTIEDSYRKQVVIDGETCLLDILDTAGQEEYSAMRDQYMRTGEGFLCVFAINNTKSFEDIHQYREQIKRVKDSDDVPMVLVGNKCDLAARTVESRQAQDLARSYGIPYIETSAKTRQGVEDAFYTLVREIRQH	True	122.808	79.773	134.062	90.000	101.940	90.000	/Users/mitchellparker/Desktop/rascore_build/core/6mqtF_core.cif	/Users/mitchellparker/Desktop/rascore_build/rcsb/6mqt.cif.gz	/Users/mitchellparker/Desktop/rascore_build/renum/6mqt_renum.cif	/Users/mitchellparker/Desktop/rascore_build/rcsb_assembly/6mqt-assembly-2.cif.gz	/Users/mitchellparker/Desktop/rascore_build/renum_assembly/6mqt-assembly-2_renum.cif	/Users/mitchellparker/Desktop/rascore_build/sifts/6mqt.xml.gz	/Users/mitchellparker/Desktop/rascore_build/pocket/6mqtF_3_pocket.pdb
6mqtF	6mqt	0	F	Y32out.2P-OFF	Outlier	Y32out	Y71out	C 1 2 1 (CF10)	6mqtF4	4	GTPase HRas	RASH_HUMAN	P01112	G12S	G12	HRAS	2P	Other	None	None	None	None	Other-Unbound	C 1 2 1	167	1-166	2018-10-10	Other	197.3437	0.0002	Unbound	Unbound	107,108,109,110,137,138,139,162,166	GDP,MG	None	None	None	None	None	None	None	None	None	None	GDP	MG	None	None	None	None	STP	XRAY	1.498	0.159	AMTEYKLVVVGASGVGKSALTIQLIQNHFVDEYDPTIEDSYRKQVVIDGETCLLDILDTAGQEEYSAMRDQYMRTGEGFLCVFAINNTKSFEDIHQYREQIKRVKDSDDVPMVLVGNKCDLAARTVESRQAQDLARSYGIPYIETSAKTRQGVEDAFYTLVREIRQH	True	122.808	79.773	134.062	90.000	101.940	90.000	/Users/mitchellparker/Desktop/rascore_build/core/6mqtF_core.cif	/Users/mitchellparker/Desktop/rascore_build/rcsb/6mqt.cif.gz	/Users/mitchellparker/Desktop/rascore_build/renum/6mqt_renum.cif	/Users/mitchellparker/Desktop/rascore_build/rcsb_assembly/6mqt-assembly-2.cif.gz	/Users/mitchellparker/Desktop/rascore_build/renum_assembly/6mqt-assembly-2_renum.cif	/Users/mitchellparker/Desktop/rascore_build/sifts/6mqt.xml.gz	/Users/mitchellparker/Desktop/rascore_build/pocket/6mqtF_4_pocket.pdb
6mqtG	6mqt	0	G	Y32out.2P-OFF	Outlier	Y32out	Y71in	C 1 2 1 (CF10)	6mqtG1	1	GTPase HRas	RASH_HUMAN	P01112	G12S	G12	HRAS	2P	Other	None	None	None	None	SP12-Unbound	C 1 2 1	167	1-166	2018-10-10	SP12	338.9391	0.3380	Unbound	Unbound	5,6,7,37,39,54,56,67,71,74,75	GDP,MG	None	None	None	None	None	None	None	None	None	None	GDP	MG	None	None	None	None	STP	XRAY	1.498	0.159	AMTEYKLVVVGASGVGKSALTIQLIQNHFVDEYDPTIEDSYRKQVVIDGETCLLDILDTAGQEEYSAMRDQYMRTGEGFLCVFAINNTKSFEDIHQYREQIKRVKDSDDVPMVLVGNKCDLAARTVESRQAQDLARSYGIPYIETSAKTRQGVEDAFYTLVREIRQH	True	122.808	79.773	134.062	90.000	101.940	90.000	/Users/mitchellparker/Desktop/rascore_build/core/6mqtG_core.cif	/Users/mitchellparker/Desktop/rascore_build/rcsb/6mqt.cif.gz	/Users/mitchellparker/Desktop/rascore_build/renum/6mqt_renum.cif	/Users/mitchellparker/Desktop/rascore_build/rcsb_assembly/6mqt-assembly-2.cif.gz	/Users/mitchellparker/Desktop/rascore_build/renum_assembly/6mqt-assembly-2_renum.cif	/Users/mitchellparker/Desktop/rascore_build/sifts/6mqt.xml.gz	/Users/mitchellparker/Desktop/rascore_build/pocket/6mqtG_1_pocket.pdb
6mqtG	6mqt	0	G	Y32out.2P-OFF	Outlier	Y32out	Y71in	C 1 2 1 (CF10)	6mqtG2	2	GTPase HRas	RASH_HUMAN	P01112	G12S	G12	HRAS	2P	Other	None	None	None	None	SP12-Unbound	C 1 2 1	167	1-166	2018-10-10	Other	307.5742	0.0370	Unbound	Unbound	31,32,33,34	GDP,MG	None	None	None	None	None	None	None	None	None	None	GDP	MG	None	None	None	None	STP	XRAY	1.498	0.159	AMTEYKLVVVGASGVGKSALTIQLIQNHFVDEYDPTIEDSYRKQVVIDGETCLLDILDTAGQEEYSAMRDQYMRTGEGFLCVFAINNTKSFEDIHQYREQIKRVKDSDDVPMVLVGNKCDLAARTVESRQAQDLARSYGIPYIETSAKTRQGVEDAFYTLVREIRQH	True	122.808	79.773	134.062	90.000	101.940	90.000	/Users/mitchellparker/Desktop/rascore_build/core/6mqtG_core.cif	/Users/mitchellparker/Desktop/rascore_build/rcsb/6mqt.cif.gz	/Users/mitchellparker/Desktop/rascore_build/renum/6mqt_renum.cif	/Users/mitchellparker/Desktop/rascore_build/rcsb_assembly/6mqt-assembly-2.cif.gz	/Users/mitchellparker/Desktop/rascore_build/renum_assembly/6mqt-assembly-2_renum.cif	/Users/mitchellparker/Desktop/rascore_build/sifts/6mqt.xml.gz	/Users/mitchellparker/Desktop/rascore_build/pocket/6mqtG_2_pocket.pdb
6mqtG	6mqt	0	G	Y32out.2P-OFF	Outlier	Y32out	Y71in	C 1 2 1 (CF10)	6mqtG3	3	GTPase HRas	RASH_HUMAN	P01112	G12S	G12	HRAS	2P	Other	None	None	None	None	SP12-Unbound	C 1 2 1	167	1-166	2018-10-10	Other	246.9602	0.0119	Unbound	Unbound	90,91,94,129,133,137	GDP,MG	None	None	None	None	None	None	None	None	None	None	GDP	MG	None	None	None	None	STP	XRAY	1.498	0.159	AMTEYKLVVVGASGVGKSALTIQLIQNHFVDEYDPTIEDSYRKQVVIDGETCLLDILDTAGQEEYSAMRDQYMRTGEGFLCVFAINNTKSFEDIHQYREQIKRVKDSDDVPMVLVGNKCDLAARTVESRQAQDLARSYGIPYIETSAKTRQGVEDAFYTLVREIRQH	True	122.808	79.773	134.062	90.000	101.940	90.000	/Users/mitchellparker/Desktop/rascore_build/core/6mqtG_core.cif	/Users/mitchellparker/Desktop/rascore_build/rcsb/6mqt.cif.gz	/Users/mitchellparker/Desktop/rascore_build/renum/6mqt_renum.cif	/Users/mitchellparker/Desktop/rascore_build/rcsb_assembly/6mqt-assembly-2.cif.gz	/Users/mitchellparker/Desktop/rascore_build/renum_assembly/6mqt-assembly-2_renum.cif	/Users/mitchellparker/Desktop/rascore_build/sifts/6mqt.xml.gz	/Users/mitchellparker/Desktop/rascore_build/pocket/6mqtG_3_pocket.pdb
6mqtH	6mqt	0	H	Y32out.2P-OFF	Outlier	Y32out	Y71in	C 1 2 1 (CF10)	6mqtH1	1	GTPase HRas	RASH_HUMAN	P01112	G12S	G12	HRAS	2P	Other	None	None	None	None	SP12-Unbound	C 1 2 1	167	1-166	2018-10-10	SP12	369.0895	0.4034	Unbound	Unbound	5,6,7,39,54,56,67,70,71,74,75	GDP,MG	None	None	None	None	None	None	None	None	None	None	GDP	MG	None	None	None	None	STP	XRAY	1.498	0.159	AMTEYKLVVVGASGVGKSALTIQLIQNHFVDEYDPTIEDSYRKQVVIDGETCLLDILDTAGQEEYSAMRDQYMRTGEGFLCVFAINNTKSFEDIHQYREQIKRVKDSDDVPMVLVGNKCDLAARTVESRQAQDLARSYGIPYIETSAKTRQGVEDAFYTLVREIRQH	True	122.808	79.773	134.062	90.000	101.940	90.000	/Users/mitchellparker/Desktop/rascore_build/core/6mqtH_core.cif	/Users/mitchellparker/Desktop/rascore_build/rcsb/6mqt.cif.gz	/Users/mitchellparker/Desktop/rascore_build/renum/6mqt_renum.cif	/Users/mitchellparker/Desktop/rascore_build/rcsb_assembly/6mqt-assembly-2.cif.gz	/Users/mitchellparker/Desktop/rascore_build/renum_assembly/6mqt-assembly-2_renum.cif	/Users/mitchellparker/Desktop/rascore_build/sifts/6mqt.xml.gz	/Users/mitchellparker/Desktop/rascore_build/pocket/6mqtH_1_pocket.pdb
6mqtH	6mqt	0	H	Y32out.2P-OFF	Outlier	Y32out	Y71in	C 1 2 1 (CF10)	6mqtH2	2	GTPase HRas	RASH_HUMAN	P01112	G12S	G12	HRAS	2P	Other	None	None	None	None	SP12-Unbound	C 1 2 1	167	1-166	2018-10-10	Other	109.9135	0.0098	Unbound	Unbound	97,100,101,106,107,109,111	GDP,MG	None	None	None	None	None	None	None	None	None	None	GDP	MG	None	None	None	None	STP	XRAY	1.498	0.159	AMTEYKLVVVGASGVGKSALTIQLIQNHFVDEYDPTIEDSYRKQVVIDGETCLLDILDTAGQEEYSAMRDQYMRTGEGFLCVFAINNTKSFEDIHQYREQIKRVKDSDDVPMVLVGNKCDLAARTVESRQAQDLARSYGIPYIETSAKTRQGVEDAFYTLVREIRQH	True	122.808	79.773	134.062	90.000	101.940	90.000	/Users/mitchellparker/Desktop/rascore_build/core/6mqtH_core.cif	/Users/mitchellparker/Desktop/rascore_build/rcsb/6mqt.cif.gz	/Users/mitchellparker/Desktop/rascore_build/renum/6mqt_renum.cif	/Users/mitchellparker/Desktop/rascore_build/rcsb_assembly/6mqt-assembly-2.cif.gz	/Users/mitchellparker/Desktop/rascore_build/renum_assembly/6mqt-assembly-2_renum.cif	/Users/mitchellparker/Desktop/rascore_build/sifts/6mqt.xml.gz	/Users/mitchellparker/Desktop/rascore_build/pocket/6mqtH_2_pocket.pdb
6mqtH	6mqt	0	H	Y32out.2P-OFF	Outlier	Y32out	Y71in	C 1 2 1 (CF10)	6mqtH3	3	GTPase HRas	RASH_HUMAN	P01112	G12S	G12	HRAS	2P	Other	None	None	None	None	SP12-Unbound	C 1 2 1	167	1-166	2018-10-10	Other	239.4388	0.0280	Unbound	Unbound	31,32,33,34	GDP,MG	None	None	None	None	None	None	None	None	None	None	GDP	MG	None	None	None	None	STP	XRAY	1.498	0.159	AMTEYKLVVVGASGVGKSALTIQLIQNHFVDEYDPTIEDSYRKQVVIDGETCLLDILDTAGQEEYSAMRDQYMRTGEGFLCVFAINNTKSFEDIHQYREQIKRVKDSDDVPMVLVGNKCDLAARTVESRQAQDLARSYGIPYIETSAKTRQGVEDAFYTLVREIRQH	True	122.808	79.773	134.062	90.000	101.940	90.000	/Users/mitchellparker/Desktop/rascore_build/core/6mqtH_core.cif	/Users/mitchellparker/Desktop/rascore_build/rcsb/6mqt.cif.gz	/Users/mitchellparker/Desktop/rascore_build/renum/6mqt_renum.cif	/Users/mitchellparker/Desktop/rascore_build/rcsb_assembly/6mqt-assembly-2.cif.gz	/Users/mitchellparker/Desktop/rascore_build/renum_assembly/6mqt-assembly-2_renum.cif	/Users/mitchellparker/Desktop/rascore_build/sifts/6mqt.xml.gz	/Users/mitchellparker/Desktop/rascore_build/pocket/6mqtH_3_pocket.pdb
6ms9A	6ms9	0	A	Disordered	Outlier	Disordered	Y71in	C 1 2 1 (CF3)	6ms9A1	1	GTPase KRas	RASK_HUMAN	P01116-2	WT	WT	KRAS	2P	WT	None	None	None	None	SP2-Unbound	C 1 2 1	169	1-28:38-168	2018-10-16	Other	428.9582	0.2291	Unbound	Unbound	90,91,94,128,129,132,133,137	GDP	None	None	None	None	None	None	None	None	None	None	GDP	None	None	None	None	None	STP	XRAY	1.490	0.197	MTEYKLVVVGAGGVGKSALTIQLIQNHFVDEYDPTIEDSYRKQVVIDGETCLLDILDTAGQEEYSAMRDQYMRTGEGFLCVFAINNTKSFEDIHHYREQIKRVKDSEDVPMVLVGNKCDLPSRTVDTKQAQDLARSYGIPFIETSAKTRQGVDDAFYTLVREIRKHKEK	True	67.821	84.397	88.167	90.000	110.479	90.000	/Users/mitchellparker/Desktop/rascore_build/core/6ms9A_core.cif	/Users/mitchellparker/Desktop/rascore_build/rcsb/6ms9.cif.gz	/Users/mitchellparker/Desktop/rascore_build/renum/6ms9_renum.cif	/Users/mitchellparker/Desktop/rascore_build/rcsb_assembly/6ms9-assembly-1.cif.gz	/Users/mitchellparker/Desktop/rascore_build/renum_assembly/6ms9-assembly-1_renum.cif	/Users/mitchellparker/Desktop/rascore_build/sifts/6ms9.xml.gz	/Users/mitchellparker/Desktop/rascore_build/pocket/6ms9A_1_pocket.pdb
6ms9A	6ms9	0	A	Disordered	Outlier	Disordered	Y71in	C 1 2 1 (CF3)	6ms9A2	2	GTPase KRas	RASK_HUMAN	P01116-2	WT	WT	KRAS	2P	WT	None	None	None	None	SP2-Unbound	C 1 2 1	169	1-28:38-168	2018-10-16	SP2	192.2959	0.0001	Unbound	Unbound	12,16,58,61,62	GDP	None	None	None	None	None	None	None	None	None	None	GDP	None	None	None	None	None	STP	XRAY	1.490	0.197	MTEYKLVVVGAGGVGKSALTIQLIQNHFVDEYDPTIEDSYRKQVVIDGETCLLDILDTAGQEEYSAMRDQYMRTGEGFLCVFAINNTKSFEDIHHYREQIKRVKDSEDVPMVLVGNKCDLPSRTVDTKQAQDLARSYGIPFIETSAKTRQGVDDAFYTLVREIRKHKEK	True	67.821	84.397	88.167	90.000	110.479	90.000	/Users/mitchellparker/Desktop/rascore_build/core/6ms9A_core.cif	/Users/mitchellparker/Desktop/rascore_build/rcsb/6ms9.cif.gz	/Users/mitchellparker/Desktop/rascore_build/renum/6ms9_renum.cif	/Users/mitchellparker/Desktop/rascore_build/rcsb_assembly/6ms9-assembly-1.cif.gz	/Users/mitchellparker/Desktop/rascore_build/renum_assembly/6ms9-assembly-1_renum.cif	/Users/mitchellparker/Desktop/rascore_build/sifts/6ms9.xml.gz	/Users/mitchellparker/Desktop/rascore_build/pocket/6ms9A_2_pocket.pdb
6ms9A	6ms9	0	A	Disordered	Outlier	Disordered	Y71in	C 1 2 1 (CF3)	6ms9A3	3	GTPase KRas	RASK_HUMAN	P01116-2	WT	WT	KRAS	2P	WT	None	None	None	None	SP2-Unbound	C 1 2 1	169	1-28:38-168	2018-10-16	Other	252.1040	0.0092	Unbound	Unbound	97,108,109,110,111,137,138,139,162,165,166	GDP	None	None	None	None	None	None	None	None	None	None	GDP	None	None	None	None	None	STP	XRAY	1.490	0.197	MTEYKLVVVGAGGVGKSALTIQLIQNHFVDEYDPTIEDSYRKQVVIDGETCLLDILDTAGQEEYSAMRDQYMRTGEGFLCVFAINNTKSFEDIHHYREQIKRVKDSEDVPMVLVGNKCDLPSRTVDTKQAQDLARSYGIPFIETSAKTRQGVDDAFYTLVREIRKHKEK	True	67.821	84.397	88.167	90.000	110.479	90.000	/Users/mitchellparker/Desktop/rascore_build/core/6ms9A_core.cif	/Users/mitchellparker/Desktop/rascore_build/rcsb/6ms9.cif.gz	/Users/mitchellparker/Desktop/rascore_build/renum/6ms9_renum.cif	/Users/mitchellparker/Desktop/rascore_build/rcsb_assembly/6ms9-assembly-1.cif.gz	/Users/mitchellparker/Desktop/rascore_build/renum_assembly/6ms9-assembly-1_renum.cif	/Users/mitchellparker/Desktop/rascore_build/sifts/6ms9.xml.gz	/Users/mitchellparker/Desktop/rascore_build/pocket/6ms9A_3_pocket.pdb
6ms9B	6ms9	0	B	Disordered	Disordered	Disordered	Y71out	C 1 2 1 (CF3)	6ms9B1	1	GTPase KRas	RASK_HUMAN	P01116-2	WT	WT	KRAS	2P	WT	None	None	None	None	Other-Unbound	C 1 2 1	169	1-30:38-59:66-169	2018-10-16	Other	249.0711	0.2875	Unbound	Unbound	73,74,75,76,104,106,108,109,110,163,166,167	GDP,MG	None	None	None	None	None	None	None	None	None	None	GDP	MG	None	None	None	None	STP	XRAY	1.490	0.197	MTEYKLVVVGAGGVGKSALTIQLIQNHFVDEYDPTIEDSYRKQVVIDGETCLLDILDTAGQEEYSAMRDQYMRTGEGFLCVFAINNTKSFEDIHHYREQIKRVKDSEDVPMVLVGNKCDLPSRTVDTKQAQDLARSYGIPFIETSAKTRQGVDDAFYTLVREIRKHKEK	True	67.821	84.397	88.167	90.000	110.479	90.000	/Users/mitchellparker/Desktop/rascore_build/core/6ms9B_core.cif	/Users/mitchellparker/Desktop/rascore_build/rcsb/6ms9.cif.gz	/Users/mitchellparker/Desktop/rascore_build/renum/6ms9_renum.cif	/Users/mitchellparker/Desktop/rascore_build/rcsb_assembly/6ms9-assembly-1.cif.gz	/Users/mitchellparker/Desktop/rascore_build/renum_assembly/6ms9-assembly-1_renum.cif	/Users/mitchellparker/Desktop/rascore_build/sifts/6ms9.xml.gz	/Users/mitchellparker/Desktop/rascore_build/pocket/6ms9B_1_pocket.pdb
6ms9B	6ms9	0	B	Disordered	Disordered	Disordered	Y71out	C 1 2 1 (CF3)	6ms9B2	2	GTPase KRas	RASK_HUMAN	P01116-2	WT	WT	KRAS	2P	WT	None	None	None	None	Other-Unbound	C 1 2 1	169	1-30:38-59:66-169	2018-10-16	Other	235.1752	0.0004	Unbound	Unbound	97,108,109,110,111,137,138,139,162,165,166,169	GDP,MG	None	None	None	None	None	None	None	None	None	None	GDP	MG	None	None	None	None	STP	XRAY	1.490	0.197	MTEYKLVVVGAGGVGKSALTIQLIQNHFVDEYDPTIEDSYRKQVVIDGETCLLDILDTAGQEEYSAMRDQYMRTGEGFLCVFAINNTKSFEDIHHYREQIKRVKDSEDVPMVLVGNKCDLPSRTVDTKQAQDLARSYGIPFIETSAKTRQGVDDAFYTLVREIRKHKEK	True	67.821	84.397	88.167	90.000	110.479	90.000	/Users/mitchellparker/Desktop/rascore_build/core/6ms9B_core.cif	/Users/mitchellparker/Desktop/rascore_build/rcsb/6ms9.cif.gz	/Users/mitchellparker/Desktop/rascore_build/renum/6ms9_renum.cif	/Users/mitchellparker/Desktop/rascore_build/rcsb_assembly/6ms9-assembly-1.cif.gz	/Users/mitchellparker/Desktop/rascore_build/renum_assembly/6ms9-assembly-1_renum.cif	/Users/mitchellparker/Desktop/rascore_build/sifts/6ms9.xml.gz	/Users/mitchellparker/Desktop/rascore_build/pocket/6ms9B_2_pocket.pdb
6ms9B	6ms9	0	B	Disordered	Disordered	Disordered	Y71out	C 1 2 1 (CF3)	6ms9B3	3	GTPase KRas	RASK_HUMAN	P01116-2	WT	WT	KRAS	2P	WT	None	None	None	None	Other-Unbound	C 1 2 1	169	1-30:38-59:66-169	2018-10-16	Other	277.1075	0.0004	Unbound	Unbound	94,95,98,99,102	GDP,MG	None	None	None	None	None	None	None	None	None	None	GDP	MG	None	None	None	None	STP	XRAY	1.490	0.197	MTEYKLVVVGAGGVGKSALTIQLIQNHFVDEYDPTIEDSYRKQVVIDGETCLLDILDTAGQEEYSAMRDQYMRTGEGFLCVFAINNTKSFEDIHHYREQIKRVKDSEDVPMVLVGNKCDLPSRTVDTKQAQDLARSYGIPFIETSAKTRQGVDDAFYTLVREIRKHKEK	True	67.821	84.397	88.167	90.000	110.479	90.000	/Users/mitchellparker/Desktop/rascore_build/core/6ms9B_core.cif	/Users/mitchellparker/Desktop/rascore_build/rcsb/6ms9.cif.gz	/Users/mitchellparker/Desktop/rascore_build/renum/6ms9_renum.cif	/Users/mitchellparker/Desktop/rascore_build/rcsb_assembly/6ms9-assembly-1.cif.gz	/Users/mitchellparker/Desktop/rascore_build/renum_assembly/6ms9-assembly-1_renum.cif	/Users/mitchellparker/Desktop/rascore_build/sifts/6ms9.xml.gz	/Users/mitchellparker/Desktop/rascore_build/pocket/6ms9B_3_pocket.pdb
6ms9B	6ms9	0	B	Disordered	Disordered	Disordered	Y71out	C 1 2 1 (CF3)	6ms9B4	4	GTPase KRas	RASK_HUMAN	P01116-2	WT	WT	KRAS	2P	WT	None	None	None	None	Other-Unbound	C 1 2 1	169	1-30:38-59:66-169	2018-10-16	Other	306.8303	0.0642	Unbound	Unbound	47,158,161,162,164,165,168	GDP,MG	None	None	None	None	None	None	None	None	None	None	GDP	MG	None	None	None	None	STP	XRAY	1.490	0.197	MTEYKLVVVGAGGVGKSALTIQLIQNHFVDEYDPTIEDSYRKQVVIDGETCLLDILDTAGQEEYSAMRDQYMRTGEGFLCVFAINNTKSFEDIHHYREQIKRVKDSEDVPMVLVGNKCDLPSRTVDTKQAQDLARSYGIPFIETSAKTRQGVDDAFYTLVREIRKHKEK	True	67.821	84.397	88.167	90.000	110.479	90.000	/Users/mitchellparker/Desktop/rascore_build/core/6ms9B_core.cif	/Users/mitchellparker/Desktop/rascore_build/rcsb/6ms9.cif.gz	/Users/mitchellparker/Desktop/rascore_build/renum/6ms9_renum.cif	/Users/mitchellparker/Desktop/rascore_build/rcsb_assembly/6ms9-assembly-1.cif.gz	/Users/mitchellparker/Desktop/rascore_build/renum_assembly/6ms9-assembly-1_renum.cif	/Users/mitchellparker/Desktop/rascore_build/sifts/6ms9.xml.gz	/Users/mitchellparker/Desktop/rascore_build/pocket/6ms9B_4_pocket.pdb
6ms9C	6ms9	0	C	Disordered	Disordered	Disordered	Y71out	C 1 2 1 (CF3)	6ms9C1	1	GTPase KRas	RASK_HUMAN	P01116-2	WT	WT	KRAS	2P	WT	None	None	None	None	Other-Unbound	C 1 2 1	169	1-29:37-57:65-169	2018-10-16	Other	194.9760	0.1402	Unbound	Unbound	73,74,75,76,104,108,109,110,163,166,167	GDP,MG	None	None	None	None	None	None	None	None	None	None	GDP	MG	None	None	None	None	STP	XRAY	1.490	0.197	MTEYKLVVVGAGGVGKSALTIQLIQNHFVDEYDPTIEDSYRKQVVIDGETCLLDILDTAGQEEYSAMRDQYMRTGEGFLCVFAINNTKSFEDIHHYREQIKRVKDSEDVPMVLVGNKCDLPSRTVDTKQAQDLARSYGIPFIETSAKTRQGVDDAFYTLVREIRKHKEK	True	67.821	84.397	88.167	90.000	110.479	90.000	/Users/mitchellparker/Desktop/rascore_build/core/6ms9C_core.cif	/Users/mitchellparker/Desktop/rascore_build/rcsb/6ms9.cif.gz	/Users/mitchellparker/Desktop/rascore_build/renum/6ms9_renum.cif	/Users/mitchellparker/Desktop/rascore_build/rcsb_assembly/6ms9-assembly-1.cif.gz	/Users/mitchellparker/Desktop/rascore_build/renum_assembly/6ms9-assembly-1_renum.cif	/Users/mitchellparker/Desktop/rascore_build/sifts/6ms9.xml.gz	/Users/mitchellparker/Desktop/rascore_build/pocket/6ms9C_1_pocket.pdb
6mtaA	6mta	0	A	Y32in.3P-ON	Disordered	Y32in	Y71out	C 1 2 1 (CF3)	6mtaA2	2	GTPase KRas	RASK_HUMAN	P01116-2	P34R	P34	KRAS	3P	Other	None	None	None	None	Other-Unbound	C 1 2 1	169	1-60:68-168	2018-10-19	Other	210.5763	0.0010	Unbound	Unbound	73,74,75,76,104,108,109,110,163,166,167	GNP,MG	None	None	None	None	None	None	None	None	None	None	GNP	MG	None	None	None	None	STP	XRAY	2.150	0.206	MTEYKLVVVGAGGVGKSALTIQLIQNHFVDEYDRTIEDSYRKQVVIDGETCLLDILDTAGQEEYSAMRDQYMRTGEGFLCVFAINNTKSFEDIHHYREQIKRVKDSEDVPMVLVGNKCDLPSRTVDTKQAQDLARSYGIPFIETSAKTRQGVDDAFYTLVREIRKHKEK	True	67.320	83.572	84.841	90.000	109.891	90.000	/Users/mitchellparker/Desktop/rascore_build/core/6mtaA_core.cif	/Users/mitchellparker/Desktop/rascore_build/rcsb/6mta.cif.gz	/Users/mitchellparker/Desktop/rascore_build/renum/6mta_renum.cif	/Users/mitchellparker/Desktop/rascore_build/rcsb_assembly/6mta-assembly-1.cif.gz	/Users/mitchellparker/Desktop/rascore_build/renum_assembly/6mta-assembly-1_renum.cif	/Users/mitchellparker/Desktop/rascore_build/sifts/6mta.xml.gz	/Users/mitchellparker/Desktop/rascore_build/pocket/6mtaA_2_pocket.pdb
6mtaA	6mta	0	A	Y32in.3P-ON	Disordered	Y32in	Y71out	C 1 2 1 (CF3)	6mtaA3	3	GTPase KRas	RASK_HUMAN	P01116-2	P34R	P34	KRAS	3P	Other	None	None	None	None	Other-Unbound	C 1 2 1	169	1-60:68-168	2018-10-19	Other	261.0331	0.0004	Unbound	Unbound	108,109,110,111,137,138,139,162,165,166	GNP,MG	None	None	None	None	None	None	None	None	None	None	GNP	MG	None	None	None	None	STP	XRAY	2.150	0.206	MTEYKLVVVGAGGVGKSALTIQLIQNHFVDEYDRTIEDSYRKQVVIDGETCLLDILDTAGQEEYSAMRDQYMRTGEGFLCVFAINNTKSFEDIHHYREQIKRVKDSEDVPMVLVGNKCDLPSRTVDTKQAQDLARSYGIPFIETSAKTRQGVDDAFYTLVREIRKHKEK	True	67.320	83.572	84.841	90.000	109.891	90.000	/Users/mitchellparker/Desktop/rascore_build/core/6mtaA_core.cif	/Users/mitchellparker/Desktop/rascore_build/rcsb/6mta.cif.gz	/Users/mitchellparker/Desktop/rascore_build/renum/6mta_renum.cif	/Users/mitchellparker/Desktop/rascore_build/rcsb_assembly/6mta-assembly-1.cif.gz	/Users/mitchellparker/Desktop/rascore_build/renum_assembly/6mta-assembly-1_renum.cif	/Users/mitchellparker/Desktop/rascore_build/sifts/6mta.xml.gz	/Users/mitchellparker/Desktop/rascore_build/pocket/6mtaA_3_pocket.pdb
6mtaB	6mta	0	B	Y32in.3P-ON	Disordered	Y32in	Y71in	C 1 2 1 (CF3)	6mtaB2	2	GTPase KRas	RASK_HUMAN	P01116-2	P34R	P34	KRAS	3P	Other	None	None	None	None	SP12-Unbound	C 1 2 1	169	1-60:68-166	2018-10-19	Other	340.4088	0.0048	Unbound	Unbound	97,100,101,107,108,109,110,111,137,138,139,162,165,166	GNP,MG	None	None	None	None	None	None	None	None	None	None	GNP	MG	None	None	None	None	STP	XRAY	2.150	0.206	MTEYKLVVVGAGGVGKSALTIQLIQNHFVDEYDRTIEDSYRKQVVIDGETCLLDILDTAGQEEYSAMRDQYMRTGEGFLCVFAINNTKSFEDIHHYREQIKRVKDSEDVPMVLVGNKCDLPSRTVDTKQAQDLARSYGIPFIETSAKTRQGVDDAFYTLVREIRKHKEK	True	67.320	83.572	84.841	90.000	109.891	90.000	/Users/mitchellparker/Desktop/rascore_build/core/6mtaB_core.cif	/Users/mitchellparker/Desktop/rascore_build/rcsb/6mta.cif.gz	/Users/mitchellparker/Desktop/rascore_build/renum/6mta_renum.cif	/Users/mitchellparker/Desktop/rascore_build/rcsb_assembly/6mta-assembly-1.cif.gz	/Users/mitchellparker/Desktop/rascore_build/renum_assembly/6mta-assembly-1_renum.cif	/Users/mitchellparker/Desktop/rascore_build/sifts/6mta.xml.gz	/Users/mitchellparker/Desktop/rascore_build/pocket/6mtaB_2_pocket.pdb
6mtaB	6mta	0	B	Y32in.3P-ON	Disordered	Y32in	Y71in	C 1 2 1 (CF3)	6mtaB3	3	GTPase KRas	RASK_HUMAN	P01116-2	P34R	P34	KRAS	3P	Other	None	None	None	None	SP12-Unbound	C 1 2 1	169	1-60:68-166	2018-10-19	Other	341.3222	0.0275	Unbound	Unbound	76,104,106,108,109,110,163,166	GNP,MG	None	None	None	None	None	None	None	None	None	None	GNP	MG	None	None	None	None	STP	XRAY	2.150	0.206	MTEYKLVVVGAGGVGKSALTIQLIQNHFVDEYDRTIEDSYRKQVVIDGETCLLDILDTAGQEEYSAMRDQYMRTGEGFLCVFAINNTKSFEDIHHYREQIKRVKDSEDVPMVLVGNKCDLPSRTVDTKQAQDLARSYGIPFIETSAKTRQGVDDAFYTLVREIRKHKEK	True	67.320	83.572	84.841	90.000	109.891	90.000	/Users/mitchellparker/Desktop/rascore_build/core/6mtaB_core.cif	/Users/mitchellparker/Desktop/rascore_build/rcsb/6mta.cif.gz	/Users/mitchellparker/Desktop/rascore_build/renum/6mta_renum.cif	/Users/mitchellparker/Desktop/rascore_build/rcsb_assembly/6mta-assembly-1.cif.gz	/Users/mitchellparker/Desktop/rascore_build/renum_assembly/6mta-assembly-1_renum.cif	/Users/mitchellparker/Desktop/rascore_build/sifts/6mta.xml.gz	/Users/mitchellparker/Desktop/rascore_build/pocket/6mtaB_3_pocket.pdb
6mtaB	6mta	0	B	Y32in.3P-ON	Disordered	Y32in	Y71in	C 1 2 1 (CF3)	6mtaB4	4	GTPase KRas	RASK_HUMAN	P01116-2	P34R	P34	KRAS	3P	Other	None	None	None	None	SP12-Unbound	C 1 2 1	169	1-60:68-166	2018-10-19	SP12	206.8686	0.0019	Unbound	Unbound	5,6,7,39,54,56,74	GNP,MG	None	None	None	None	None	None	None	None	None	None	GNP	MG	None	None	None	None	STP	XRAY	2.150	0.206	MTEYKLVVVGAGGVGKSALTIQLIQNHFVDEYDRTIEDSYRKQVVIDGETCLLDILDTAGQEEYSAMRDQYMRTGEGFLCVFAINNTKSFEDIHHYREQIKRVKDSEDVPMVLVGNKCDLPSRTVDTKQAQDLARSYGIPFIETSAKTRQGVDDAFYTLVREIRKHKEK	True	67.320	83.572	84.841	90.000	109.891	90.000	/Users/mitchellparker/Desktop/rascore_build/core/6mtaB_core.cif	/Users/mitchellparker/Desktop/rascore_build/rcsb/6mta.cif.gz	/Users/mitchellparker/Desktop/rascore_build/renum/6mta_renum.cif	/Users/mitchellparker/Desktop/rascore_build/rcsb_assembly/6mta-assembly-1.cif.gz	/Users/mitchellparker/Desktop/rascore_build/renum_assembly/6mta-assembly-1_renum.cif	/Users/mitchellparker/Desktop/rascore_build/sifts/6mta.xml.gz	/Users/mitchellparker/Desktop/rascore_build/pocket/6mtaB_4_pocket.pdb
6mtaC	6mta	0	C	Disordered	Disordered	Disordered	Y71in	C 1 2 1 (CF3)	6mtaC3	3	GTPase KRas	RASK_HUMAN	P01116-2	WT	WT	KRAS	3P	WT	None	None	None	None	SP12-Unbound	C 1 2 1	169	1-29:38-58:69-168	2018-10-19	SP12	206.3366	0.0006	Unbound	Unbound	5,6,7,39,54,56,74,75	GNP,MG	None	None	None	None	None	None	None	None	None	None	GNP	MG	None	None	None	None	STP	XRAY	2.150	0.206	MTEYKLVVVGAGGVGKSALTIQLIQNHFVDEYDRTIEDSYRKQVVIDGETCLLDILDTAGQEEYSAMRDQYMRTGEGFLCVFAINNTKSFEDIHHYREQIKRVKDSEDVPMVLVGNKCDLPSRTVDTKQAQDLARSYGIPFIETSAKTRQGVDDAFYTLVREIRKHKEK	True	67.320	83.572	84.841	90.000	109.891	90.000	/Users/mitchellparker/Desktop/rascore_build/core/6mtaC_core.cif	/Users/mitchellparker/Desktop/rascore_build/rcsb/6mta.cif.gz	/Users/mitchellparker/Desktop/rascore_build/renum/6mta_renum.cif	/Users/mitchellparker/Desktop/rascore_build/rcsb_assembly/6mta-assembly-1.cif.gz	/Users/mitchellparker/Desktop/rascore_build/renum_assembly/6mta-assembly-1_renum.cif	/Users/mitchellparker/Desktop/rascore_build/sifts/6mta.xml.gz	/Users/mitchellparker/Desktop/rascore_build/pocket/6mtaC_3_pocket.pdb
6mtaC	6mta	0	C	Disordered	Disordered	Disordered	Y71in	C 1 2 1 (CF3)	6mtaC4	4	GTPase KRas	RASK_HUMAN	P01116-2	WT	WT	KRAS	3P	WT	None	None	None	None	SP12-Unbound	C 1 2 1	169	1-29:38-58:69-168	2018-10-19	Other	193.0094	0.0001	Unbound	Unbound	131,134,135,139,141	GNP,MG	None	None	None	None	None	None	None	None	None	None	GNP	MG	None	None	None	None	STP	XRAY	2.150	0.206	MTEYKLVVVGAGGVGKSALTIQLIQNHFVDEYDRTIEDSYRKQVVIDGETCLLDILDTAGQEEYSAMRDQYMRTGEGFLCVFAINNTKSFEDIHHYREQIKRVKDSEDVPMVLVGNKCDLPSRTVDTKQAQDLARSYGIPFIETSAKTRQGVDDAFYTLVREIRKHKEK	True	67.320	83.572	84.841	90.000	109.891	90.000	/Users/mitchellparker/Desktop/rascore_build/core/6mtaC_core.cif	/Users/mitchellparker/Desktop/rascore_build/rcsb/6mta.cif.gz	/Users/mitchellparker/Desktop/rascore_build/renum/6mta_renum.cif	/Users/mitchellparker/Desktop/rascore_build/rcsb_assembly/6mta-assembly-1.cif.gz	/Users/mitchellparker/Desktop/rascore_build/renum_assembly/6mta-assembly-1_renum.cif	/Users/mitchellparker/Desktop/rascore_build/sifts/6mta.xml.gz	/Users/mitchellparker/Desktop/rascore_build/pocket/6mtaC_4_pocket.pdb
6mtaC	6mta	0	C	Disordered	Disordered	Disordered	Y71in	C 1 2 1 (CF3)	6mtaC5	5	GTPase KRas	RASK_HUMAN	P01116-2	WT	WT	KRAS	3P	WT	None	None	None	None	SP12-Unbound	C 1 2 1	169	1-29:38-58:69-168	2018-10-19	Other	182.2318	0.0009	Unbound	Unbound	43,44,45,50	GNP,MG	None	None	None	None	None	None	None	None	None	None	GNP	MG	None	None	None	None	STP	XRAY	2.150	0.206	MTEYKLVVVGAGGVGKSALTIQLIQNHFVDEYDRTIEDSYRKQVVIDGETCLLDILDTAGQEEYSAMRDQYMRTGEGFLCVFAINNTKSFEDIHHYREQIKRVKDSEDVPMVLVGNKCDLPSRTVDTKQAQDLARSYGIPFIETSAKTRQGVDDAFYTLVREIRKHKEK	True	67.320	83.572	84.841	90.000	109.891	90.000	/Users/mitchellparker/Desktop/rascore_build/core/6mtaC_core.cif	/Users/mitchellparker/Desktop/rascore_build/rcsb/6mta.cif.gz	/Users/mitchellparker/Desktop/rascore_build/renum/6mta_renum.cif	/Users/mitchellparker/Desktop/rascore_build/rcsb_assembly/6mta-assembly-1.cif.gz	/Users/mitchellparker/Desktop/rascore_build/renum_assembly/6mta-assembly-1_renum.cif	/Users/mitchellparker/Desktop/rascore_build/sifts/6mta.xml.gz	/Users/mitchellparker/Desktop/rascore_build/pocket/6mtaC_5_pocket.pdb
6n2jA	6n2j	0	A	Y32out.2P-OFF	Y71out.2P-SP2-A	Y32out	Y71out	P 21 21 21 (CF14)	6n2jA1	1	GTPase KRas	RASK_HUMAN	P01116-2	G12C,C51S,C80L,C118S	G12,C51,C80,C118	KRAS	2P	G12C	SP2	SP2.Acrylamide	None	None	SP2-Bound	P 21 21 21	170	2-169	2018-11-13	SP2	718.6686	0.9014	Bound	SP2	9,10,11,12,16,34,58,59,60,61,62,63,64,68,69,72,78,92,95,96,99,100,102,103	GDP,MG,K9M	None	K9M:63,64,68,62,96,12,60,59,16,10,95,72,102,69,103,99,100,34,58	None	None	SP2	SP2.Acrylamide	K9M:CCC(=O)N1CCN(c2ncnc3c2CCN(c2cccc4ccccc24)C3)CC1	None	None	None	GDP	MG	K9M	None	None	None	K9M	XRAY	1.800	0.134	GMTEYKLVVVGACGVGKSALTIQLIQNHFVDEYDPTIEDSYRKQVVIDGETSLLDILDTAGQEEYSAMRDQYMRTGEGFLLVFAINNTKSFEDIHHYREQIKRVKDSEDVPMVLVGNKSDLPSRTVDTKQAQDLARSYGIPFIETSAKTRQGVDDAFYTLVREIRKHKEK	True	40.250	51.130	90.120	90.000	90.000	90.000	/Users/mitchellparker/Desktop/rascore_build/core/6n2jA_core.cif	/Users/mitchellparker/Desktop/rascore_build/rcsb/6n2j.cif.gz	/Users/mitchellparker/Desktop/rascore_build/renum/6n2j_renum.cif	/Users/mitchellparker/Desktop/rascore_build/rcsb_assembly/6n2j-assembly-1.cif.gz	/Users/mitchellparker/Desktop/rascore_build/renum_assembly/6n2j-assembly-1_renum.cif	/Users/mitchellparker/Desktop/rascore_build/sifts/6n2j.xml.gz	/Users/mitchellparker/Desktop/rascore_build/pocket/6n2jA_1_pocket.pdb
6n2kA	6n2k	0	A	Y32out.2P-OFF	Y71out.2P-SP2-A	Y32out	Y71out	P 21 21 21 (CF14)	6n2kA1	1	GTPase KRas	RASK_HUMAN	P01116-2	G12C,C51S,C80L,C118S	G12,C51,C80,C118	KRAS	2P	G12C	SP2	SP2.Acrylamide	None	None	SP2-Bound	P 21 21 21	170	1-169	2018-11-13	SP2	793.5575	0.9598	Bound	SP2	9,10,11,12,16,34,58,59,60,61,62,63,64,68,69,72,78,92,95,96,99,100,102,103	GDP,MG,K9J	None	K9J:64,63,68,12,60,59,10,16,62,96,95,72,69,102,34,58,103,99,100,65,88,92,11	None	None	SP2	SP2.Acrylamide	K9J:CCC(=O)N1CCN(c2nc(OC(C)CN(C)C)nc3c2CCN(c2cc(O)cc4ccccc24)C3)CC1	None	None	None	GDP	MG	K9J	None	None	None	K9J	XRAY	1.720	0.120	GMTEYKLVVVGACGVGKSALTIQLIQNHFVDEYDPTIEDSYRKQVVIDGETSLLDILDTAGQEEYSAMRDQYMRTGEGFLLVFAINNTKSFEDIHHYREQIKRVKDSEDVPMVLVGNKSDLPSRTVDTKQAQDLARSYGIPFIETSAKTRQGVDDAFYTLVREIRKHKEK	True	39.969	49.975	92.623	90.000	90.000	90.000	/Users/mitchellparker/Desktop/rascore_build/core/6n2kA_core.cif	/Users/mitchellparker/Desktop/rascore_build/rcsb/6n2k.cif.gz	/Users/mitchellparker/Desktop/rascore_build/renum/6n2k_renum.cif	/Users/mitchellparker/Desktop/rascore_build/rcsb_assembly/6n2k-assembly-1.cif.gz	/Users/mitchellparker/Desktop/rascore_build/renum_assembly/6n2k-assembly-1_renum.cif	/Users/mitchellparker/Desktop/rascore_build/sifts/6n2k.xml.gz	/Users/mitchellparker/Desktop/rascore_build/pocket/6n2kA_1_pocket.pdb
6ntcA	6ntc	0	A	Y32in.3P-ON	Outlier	Y32in	Disordered	P 63 2 2 (CF1)	6ntcA2	2	GTPase HRas	RASH_HUMAN	P01112	G12V	G12	HRAS	3P	G12V	None	None	Effector	Homodimer	SP2-Unbound	P 63 2 2	171	1-166	2019-01-28	Other	389.2000	0.0004	Unbound	Unbound	127,131,134,135,139,141,143	GNP,GOL,MG	RAF proto-oncogene serine/threonine-protein kinase	None	B:41,39,40,38,37,56,36,33,25,35	RAF1_HUMAN	None	None	None	RBD	None	B	GNP	MG	None	GOL	None	None	STP	XRAY	2.900	0.253	GAMDPMTEYKLVVVGAVGVGKSALTIQLIQNHFVDEYDPTIEDSYRKQVVIDGETCLLDILDTAGQEEYSAMRDQYMRTGEGFLCVFAINNTKSFEDIHQYREQIKRVKDSDDVPMVLVGNKCDLAARTVESRQAQDLARSYGIPYIETSAKTRQGVEDAFYTLVREIRQH	True	91.619	91.619	151.412	90.000	90.000	120.000	/Users/mitchellparker/Desktop/rascore_build/core/6ntcA_core.cif	/Users/mitchellparker/Desktop/rascore_build/rcsb/6ntc.cif.gz	/Users/mitchellparker/Desktop/rascore_build/renum/6ntc_renum.cif	/Users/mitchellparker/Desktop/rascore_build/rcsb_assembly/6ntc-assembly-1.cif.gz	/Users/mitchellparker/Desktop/rascore_build/renum_assembly/6ntc-assembly-1_renum.cif	/Users/mitchellparker/Desktop/rascore_build/sifts/6ntc.xml.gz	/Users/mitchellparker/Desktop/rascore_build/pocket/6ntcA_2_pocket.pdb
6ntcA	6ntc	0	A	Y32in.3P-ON	Outlier	Y32in	Disordered	P 63 2 2 (CF1)	6ntcA3	3	GTPase HRas	RASH_HUMAN	P01112	G12V	G12	HRAS	3P	G12V	None	None	Effector	Homodimer	SP2-Unbound	P 63 2 2	171	1-166	2019-01-28	SP2	117.8085	0.0124	Unbound	Unbound	7,9,58,59,65,68,71,72,96	GNP,GOL,MG	RAF proto-oncogene serine/threonine-protein kinase	None	B:41,39,40,38,37,56,36,33,25,35	RAF1_HUMAN	None	None	None	RBD	None	B	GNP	MG	None	GOL	None	None	STP	XRAY	2.900	0.253	GAMDPMTEYKLVVVGAVGVGKSALTIQLIQNHFVDEYDPTIEDSYRKQVVIDGETCLLDILDTAGQEEYSAMRDQYMRTGEGFLCVFAINNTKSFEDIHQYREQIKRVKDSDDVPMVLVGNKCDLAARTVESRQAQDLARSYGIPYIETSAKTRQGVEDAFYTLVREIRQH	True	91.619	91.619	151.412	90.000	90.000	120.000	/Users/mitchellparker/Desktop/rascore_build/core/6ntcA_core.cif	/Users/mitchellparker/Desktop/rascore_build/rcsb/6ntc.cif.gz	/Users/mitchellparker/Desktop/rascore_build/renum/6ntc_renum.cif	/Users/mitchellparker/Desktop/rascore_build/rcsb_assembly/6ntc-assembly-1.cif.gz	/Users/mitchellparker/Desktop/rascore_build/renum_assembly/6ntc-assembly-1_renum.cif	/Users/mitchellparker/Desktop/rascore_build/sifts/6ntc.xml.gz	/Users/mitchellparker/Desktop/rascore_build/pocket/6ntcA_3_pocket.pdb
6ntcA	6ntc	0	A	Y32in.3P-ON	Outlier	Y32in	Disordered	P 63 2 2 (CF1)	6ntcA4	4	GTPase HRas	RASH_HUMAN	P01112	G12V	G12	HRAS	3P	G12V	None	None	Effector	Homodimer	SP2-Unbound	P 63 2 2	171	1-166	2019-01-28	Other	195.8095	0.0003	Unbound	Unbound	46,47,48,49,164	GNP,GOL,MG	RAF proto-oncogene serine/threonine-protein kinase	None	B:41,39,40,38,37,56,36,33,25,35	RAF1_HUMAN	None	None	None	RBD	None	B	GNP	MG	None	GOL	None	None	STP	XRAY	2.900	0.253	GAMDPMTEYKLVVVGAVGVGKSALTIQLIQNHFVDEYDPTIEDSYRKQVVIDGETCLLDILDTAGQEEYSAMRDQYMRTGEGFLCVFAINNTKSFEDIHQYREQIKRVKDSDDVPMVLVGNKCDLAARTVESRQAQDLARSYGIPYIETSAKTRQGVEDAFYTLVREIRQH	True	91.619	91.619	151.412	90.000	90.000	120.000	/Users/mitchellparker/Desktop/rascore_build/core/6ntcA_core.cif	/Users/mitchellparker/Desktop/rascore_build/rcsb/6ntc.cif.gz	/Users/mitchellparker/Desktop/rascore_build/renum/6ntc_renum.cif	/Users/mitchellparker/Desktop/rascore_build/rcsb_assembly/6ntc-assembly-1.cif.gz	/Users/mitchellparker/Desktop/rascore_build/renum_assembly/6ntc-assembly-1_renum.cif	/Users/mitchellparker/Desktop/rascore_build/sifts/6ntc.xml.gz	/Users/mitchellparker/Desktop/rascore_build/pocket/6ntcA_4_pocket.pdb
6ntcA	6ntc	0	A	Y32in.3P-ON	Outlier	Y32in	Disordered	P 63 2 2 (CF1)	6ntcA5	5	GTPase HRas	RASH_HUMAN	P01112	G12V	G12	HRAS	3P	G12V	None	None	Effector	Homodimer	SP2-Unbound	P 63 2 2	171	1-166	2019-01-28	Other	87.6681	0.0003	Unbound	Unbound	107,108,109,111,137,138,139,162	GNP,GOL,MG	RAF proto-oncogene serine/threonine-protein kinase	None	B:41,39,40,38,37,56,36,33,25,35	RAF1_HUMAN	None	None	None	RBD	None	B	GNP	MG	None	GOL	None	None	STP	XRAY	2.900	0.253	GAMDPMTEYKLVVVGAVGVGKSALTIQLIQNHFVDEYDPTIEDSYRKQVVIDGETCLLDILDTAGQEEYSAMRDQYMRTGEGFLCVFAINNTKSFEDIHQYREQIKRVKDSDDVPMVLVGNKCDLAARTVESRQAQDLARSYGIPYIETSAKTRQGVEDAFYTLVREIRQH	True	91.619	91.619	151.412	90.000	90.000	120.000	/Users/mitchellparker/Desktop/rascore_build/core/6ntcA_core.cif	/Users/mitchellparker/Desktop/rascore_build/rcsb/6ntc.cif.gz	/Users/mitchellparker/Desktop/rascore_build/renum/6ntc_renum.cif	/Users/mitchellparker/Desktop/rascore_build/rcsb_assembly/6ntc-assembly-1.cif.gz	/Users/mitchellparker/Desktop/rascore_build/renum_assembly/6ntc-assembly-1_renum.cif	/Users/mitchellparker/Desktop/rascore_build/sifts/6ntc.xml.gz	/Users/mitchellparker/Desktop/rascore_build/pocket/6ntcA_5_pocket.pdb
6ntcA	6ntc	0	A	Y32in.3P-ON	Outlier	Y32in	Disordered	P 63 2 2 (CF1)	6ntcA6	6	GTPase HRas	RASH_HUMAN	P01112	G12V	G12	HRAS	3P	G12V	None	None	Effector	Homodimer	SP2-Unbound	P 63 2 2	171	1-166	2019-01-28	SP2	280.0614	0.0019	Unbound	Unbound	60,62,65,68,72,95,96,99	GNP,GOL,MG	RAF proto-oncogene serine/threonine-protein kinase	None	B:41,39,40,38,37,56,36,33,25,35	RAF1_HUMAN	None	None	None	RBD	None	B	GNP	MG	None	GOL	None	None	STP	XRAY	2.900	0.253	GAMDPMTEYKLVVVGAVGVGKSALTIQLIQNHFVDEYDPTIEDSYRKQVVIDGETCLLDILDTAGQEEYSAMRDQYMRTGEGFLCVFAINNTKSFEDIHQYREQIKRVKDSDDVPMVLVGNKCDLAARTVESRQAQDLARSYGIPYIETSAKTRQGVEDAFYTLVREIRQH	True	91.619	91.619	151.412	90.000	90.000	120.000	/Users/mitchellparker/Desktop/rascore_build/core/6ntcA_core.cif	/Users/mitchellparker/Desktop/rascore_build/rcsb/6ntc.cif.gz	/Users/mitchellparker/Desktop/rascore_build/renum/6ntc_renum.cif	/Users/mitchellparker/Desktop/rascore_build/rcsb_assembly/6ntc-assembly-1.cif.gz	/Users/mitchellparker/Desktop/rascore_build/renum_assembly/6ntc-assembly-1_renum.cif	/Users/mitchellparker/Desktop/rascore_build/sifts/6ntc.xml.gz	/Users/mitchellparker/Desktop/rascore_build/pocket/6ntcA_6_pocket.pdb
6ntdA	6ntd	0	A	Outlier	Outlier	Disordered	Y71in	P 63 2 2 (CF1)	6ntdA2	2	GTPase HRas	RASH_HUMAN	P01112	G12V	G12	HRAS	3P	G12V	None	None	Effector	Homodimer	SP2-Unbound	P 63 2 2	171	1-166	2019-01-28	Other	337.8610	0.0018	Unbound	Unbound	127,131,134,135,139,141,143	MG,GNP	RAF proto-oncogene serine/threonine-protein kinase	None	B:41,39,40,38,56,37,36,25,21,33	RAF1_HUMAN	None	None	None	RBD	None	B	GNP	MG	None	None	None	None	STP	XRAY	3.150	0.274	GAMDPMTEYKLVVVGAVGVGKSALTIQLIQNHFVDEYDPTIEDSYRKQVVIDGETCLLDILDTAGQEEYSAMRDQYMRTGEGFLCVFAINNTKSFEDIHQYREQIKRVKDSDDVPMVLVGNKCDLAARTVESRQAQDLARSYGIPYIETSAKTRQGVEDAFYTLVREIRQH	True	91.761	91.761	151.590	90.000	90.000	120.000	/Users/mitchellparker/Desktop/rascore_build/core/6ntdA_core.cif	/Users/mitchellparker/Desktop/rascore_build/rcsb/6ntd.cif.gz	/Users/mitchellparker/Desktop/rascore_build/renum/6ntd_renum.cif	/Users/mitchellparker/Desktop/rascore_build/rcsb_assembly/6ntd-assembly-1.cif.gz	/Users/mitchellparker/Desktop/rascore_build/renum_assembly/6ntd-assembly-1_renum.cif	/Users/mitchellparker/Desktop/rascore_build/sifts/6ntd.xml.gz	/Users/mitchellparker/Desktop/rascore_build/pocket/6ntdA_2_pocket.pdb
6ntdA	6ntd	0	A	Outlier	Outlier	Disordered	Y71in	P 63 2 2 (CF1)	6ntdA3	3	GTPase HRas	RASH_HUMAN	P01112	G12V	G12	HRAS	3P	G12V	None	None	Effector	Homodimer	SP2-Unbound	P 63 2 2	171	1-166	2019-01-28	Other	189.0295	0.0006	Unbound	Unbound	108,109,110,137,138,139,162,165,166	MG,GNP	RAF proto-oncogene serine/threonine-protein kinase	None	B:41,39,40,38,56,37,36,25,21,33	RAF1_HUMAN	None	None	None	RBD	None	B	GNP	MG	None	None	None	None	STP	XRAY	3.150	0.274	GAMDPMTEYKLVVVGAVGVGKSALTIQLIQNHFVDEYDPTIEDSYRKQVVIDGETCLLDILDTAGQEEYSAMRDQYMRTGEGFLCVFAINNTKSFEDIHQYREQIKRVKDSDDVPMVLVGNKCDLAARTVESRQAQDLARSYGIPYIETSAKTRQGVEDAFYTLVREIRQH	True	91.761	91.761	151.590	90.000	90.000	120.000	/Users/mitchellparker/Desktop/rascore_build/core/6ntdA_core.cif	/Users/mitchellparker/Desktop/rascore_build/rcsb/6ntd.cif.gz	/Users/mitchellparker/Desktop/rascore_build/renum/6ntd_renum.cif	/Users/mitchellparker/Desktop/rascore_build/rcsb_assembly/6ntd-assembly-1.cif.gz	/Users/mitchellparker/Desktop/rascore_build/renum_assembly/6ntd-assembly-1_renum.cif	/Users/mitchellparker/Desktop/rascore_build/sifts/6ntd.xml.gz	/Users/mitchellparker/Desktop/rascore_build/pocket/6ntdA_3_pocket.pdb
6ntdA	6ntd	0	A	Outlier	Outlier	Disordered	Y71in	P 63 2 2 (CF1)	6ntdA4	4	GTPase HRas	RASH_HUMAN	P01112	G12V	G12	HRAS	3P	G12V	None	None	Effector	Homodimer	SP2-Unbound	P 63 2 2	171	1-166	2019-01-28	Other	227.9748	0.0001	Unbound	Unbound	1,2,5,48,49,50	MG,GNP	RAF proto-oncogene serine/threonine-protein kinase	None	B:41,39,40,38,56,37,36,25,21,33	RAF1_HUMAN	None	None	None	RBD	None	B	GNP	MG	None	None	None	None	STP	XRAY	3.150	0.274	GAMDPMTEYKLVVVGAVGVGKSALTIQLIQNHFVDEYDPTIEDSYRKQVVIDGETCLLDILDTAGQEEYSAMRDQYMRTGEGFLCVFAINNTKSFEDIHQYREQIKRVKDSDDVPMVLVGNKCDLAARTVESRQAQDLARSYGIPYIETSAKTRQGVEDAFYTLVREIRQH	True	91.761	91.761	151.590	90.000	90.000	120.000	/Users/mitchellparker/Desktop/rascore_build/core/6ntdA_core.cif	/Users/mitchellparker/Desktop/rascore_build/rcsb/6ntd.cif.gz	/Users/mitchellparker/Desktop/rascore_build/renum/6ntd_renum.cif	/Users/mitchellparker/Desktop/rascore_build/rcsb_assembly/6ntd-assembly-1.cif.gz	/Users/mitchellparker/Desktop/rascore_build/renum_assembly/6ntd-assembly-1_renum.cif	/Users/mitchellparker/Desktop/rascore_build/sifts/6ntd.xml.gz	/Users/mitchellparker/Desktop/rascore_build/pocket/6ntdA_4_pocket.pdb
6ntdA	6ntd	0	A	Outlier	Outlier	Disordered	Y71in	P 63 2 2 (CF1)	6ntdA5	5	GTPase HRas	RASH_HUMAN	P01112	G12V	G12	HRAS	3P	G12V	None	None	Effector	Homodimer	SP2-Unbound	P 63 2 2	171	1-166	2019-01-28	SP2	134.4014	0.0008	Unbound	Unbound	64,65,68,95,96,99	MG,GNP	RAF proto-oncogene serine/threonine-protein kinase	None	B:41,39,40,38,56,37,36,25,21,33	RAF1_HUMAN	None	None	None	RBD	None	B	GNP	MG	None	None	None	None	STP	XRAY	3.150	0.274	GAMDPMTEYKLVVVGAVGVGKSALTIQLIQNHFVDEYDPTIEDSYRKQVVIDGETCLLDILDTAGQEEYSAMRDQYMRTGEGFLCVFAINNTKSFEDIHQYREQIKRVKDSDDVPMVLVGNKCDLAARTVESRQAQDLARSYGIPYIETSAKTRQGVEDAFYTLVREIRQH	True	91.761	91.761	151.590	90.000	90.000	120.000	/Users/mitchellparker/Desktop/rascore_build/core/6ntdA_core.cif	/Users/mitchellparker/Desktop/rascore_build/rcsb/6ntd.cif.gz	/Users/mitchellparker/Desktop/rascore_build/renum/6ntd_renum.cif	/Users/mitchellparker/Desktop/rascore_build/rcsb_assembly/6ntd-assembly-1.cif.gz	/Users/mitchellparker/Desktop/rascore_build/renum_assembly/6ntd-assembly-1_renum.cif	/Users/mitchellparker/Desktop/rascore_build/sifts/6ntd.xml.gz	/Users/mitchellparker/Desktop/rascore_build/pocket/6ntdA_5_pocket.pdb
6ntdA	6ntd	0	A	Outlier	Outlier	Disordered	Y71in	P 63 2 2 (CF1)	6ntdA6	6	GTPase HRas	RASH_HUMAN	P01112	G12V	G12	HRAS	3P	G12V	None	None	Effector	Homodimer	SP2-Unbound	P 63 2 2	171	1-166	2019-01-28	Other	310.7083	0.0017	Unbound	Unbound	76,104,106,108,109,110,163,166	MG,GNP	RAF proto-oncogene serine/threonine-protein kinase	None	B:41,39,40,38,56,37,36,25,21,33	RAF1_HUMAN	None	None	None	RBD	None	B	GNP	MG	None	None	None	None	STP	XRAY	3.150	0.274	GAMDPMTEYKLVVVGAVGVGKSALTIQLIQNHFVDEYDPTIEDSYRKQVVIDGETCLLDILDTAGQEEYSAMRDQYMRTGEGFLCVFAINNTKSFEDIHQYREQIKRVKDSDDVPMVLVGNKCDLAARTVESRQAQDLARSYGIPYIETSAKTRQGVEDAFYTLVREIRQH	True	91.761	91.761	151.590	90.000	90.000	120.000	/Users/mitchellparker/Desktop/rascore_build/core/6ntdA_core.cif	/Users/mitchellparker/Desktop/rascore_build/rcsb/6ntd.cif.gz	/Users/mitchellparker/Desktop/rascore_build/renum/6ntd_renum.cif	/Users/mitchellparker/Desktop/rascore_build/rcsb_assembly/6ntd-assembly-1.cif.gz	/Users/mitchellparker/Desktop/rascore_build/renum_assembly/6ntd-assembly-1_renum.cif	/Users/mitchellparker/Desktop/rascore_build/sifts/6ntd.xml.gz	/Users/mitchellparker/Desktop/rascore_build/pocket/6ntdA_6_pocket.pdb
6o36A	6o36	0	A	Outlier	Outlier	Y32out	Y71out	P 1 21 1 (CF10)	6o36A3	3	GTPase KRas	RASK_HUMAN	P01116-2	P34R	P34	KRAS	3P	Other	None	None	None	None	Other-Unbound	P 1 21 1	168	1-167	2019-02-26	Other	260.1054	0.0008	Unbound	Unbound	97,101,107,108,109,110,111,137,138,139,162,165,166	MG,PO4,GNP	None	None	None	None	None	None	None	None	None	None	GNP	MG	None	None	None	None	STP	XRAY	2.000	0.195	MTEYKLVVVGAGGVGKSALTIQLIQNHFVDEYDRTIEDSYRKQVVIDGETCLLDILDTAGQEEYSAMRDQYMRTGEGFLCVFAINNTKSFEDIHHYREQIKRVKDSEDVPMVLVGNKCDLPSRTVDTKQAQDLARSYGIPFIETSAKTRQGVDDAFYTLVREIRKHKE	True	95.121	35.117	113.426	90.000	111.003	90.000	/Users/mitchellparker/Desktop/rascore_build/core/6o36A_core.cif	/Users/mitchellparker/Desktop/rascore_build/rcsb/6o36.cif.gz	/Users/mitchellparker/Desktop/rascore_build/renum/6o36_renum.cif	/Users/mitchellparker/Desktop/rascore_build/rcsb_assembly/6o36-assembly-1.cif.gz	/Users/mitchellparker/Desktop/rascore_build/renum_assembly/6o36-assembly-1_renum.cif	/Users/mitchellparker/Desktop/rascore_build/sifts/6o36.xml.gz	/Users/mitchellparker/Desktop/rascore_build/pocket/6o36A_3_pocket.pdb
6o36A	6o36	0	A	Outlier	Outlier	Y32out	Y71out	P 1 21 1 (CF10)	6o36A4	4	GTPase KRas	RASK_HUMAN	P01116-2	P34R	P34	KRAS	3P	Other	None	None	None	None	Other-Unbound	P 1 21 1	168	1-167	2019-02-26	Other	218.2714	0.0050	Unbound	Unbound	87,90,91,94,124,125,129,133,137	MG,PO4,GNP	None	None	None	None	None	None	None	None	None	None	GNP	MG	None	None	None	None	STP	XRAY	2.000	0.195	MTEYKLVVVGAGGVGKSALTIQLIQNHFVDEYDRTIEDSYRKQVVIDGETCLLDILDTAGQEEYSAMRDQYMRTGEGFLCVFAINNTKSFEDIHHYREQIKRVKDSEDVPMVLVGNKCDLPSRTVDTKQAQDLARSYGIPFIETSAKTRQGVDDAFYTLVREIRKHKE	True	95.121	35.117	113.426	90.000	111.003	90.000	/Users/mitchellparker/Desktop/rascore_build/core/6o36A_core.cif	/Users/mitchellparker/Desktop/rascore_build/rcsb/6o36.cif.gz	/Users/mitchellparker/Desktop/rascore_build/renum/6o36_renum.cif	/Users/mitchellparker/Desktop/rascore_build/rcsb_assembly/6o36-assembly-1.cif.gz	/Users/mitchellparker/Desktop/rascore_build/renum_assembly/6o36-assembly-1_renum.cif	/Users/mitchellparker/Desktop/rascore_build/sifts/6o36.xml.gz	/Users/mitchellparker/Desktop/rascore_build/pocket/6o36A_4_pocket.pdb
6o36A	6o36	0	A	Outlier	Outlier	Y32out	Y71out	P 1 21 1 (CF10)	6o36A5	5	GTPase KRas	RASK_HUMAN	P01116-2	P34R	P34	KRAS	3P	Other	None	None	None	None	Other-Unbound	P 1 21 1	168	1-167	2019-02-26	Other	297.8541	0.0544	Unbound	Unbound	76,104,106,108,109,110,163,166,167	MG,PO4,GNP	None	None	None	None	None	None	None	None	None	None	GNP	MG	None	None	None	None	STP	XRAY	2.000	0.195	MTEYKLVVVGAGGVGKSALTIQLIQNHFVDEYDRTIEDSYRKQVVIDGETCLLDILDTAGQEEYSAMRDQYMRTGEGFLCVFAINNTKSFEDIHHYREQIKRVKDSEDVPMVLVGNKCDLPSRTVDTKQAQDLARSYGIPFIETSAKTRQGVDDAFYTLVREIRKHKE	True	95.121	35.117	113.426	90.000	111.003	90.000	/Users/mitchellparker/Desktop/rascore_build/core/6o36A_core.cif	/Users/mitchellparker/Desktop/rascore_build/rcsb/6o36.cif.gz	/Users/mitchellparker/Desktop/rascore_build/renum/6o36_renum.cif	/Users/mitchellparker/Desktop/rascore_build/rcsb_assembly/6o36-assembly-1.cif.gz	/Users/mitchellparker/Desktop/rascore_build/renum_assembly/6o36-assembly-1_renum.cif	/Users/mitchellparker/Desktop/rascore_build/sifts/6o36.xml.gz	/Users/mitchellparker/Desktop/rascore_build/pocket/6o36A_5_pocket.pdb
6o36B	6o36	0	B	Outlier	Outlier	Y32out	Y71in	P 1 21 1 (CF10)	6o36B3	3	GTPase KRas	RASK_HUMAN	P01116-2	P34R	P34	KRAS	3P	Other	None	None	None	None	SP12-Unbound	P 1 21 1	168	1-167	2019-02-26	Other	261.8141	0.0001	Unbound	Unbound	97,107,108,109,110,111,137,138,139,162,165,166	MG,GNP	None	None	None	None	None	None	None	None	None	None	GNP	MG	None	None	None	None	STP	XRAY	2.000	0.195	MTEYKLVVVGAGGVGKSALTIQLIQNHFVDEYDRTIEDSYRKQVVIDGETCLLDILDTAGQEEYSAMRDQYMRTGEGFLCVFAINNTKSFEDIHHYREQIKRVKDSEDVPMVLVGNKCDLPSRTVDTKQAQDLARSYGIPFIETSAKTRQGVDDAFYTLVREIRKHKE	True	95.121	35.117	113.426	90.000	111.003	90.000	/Users/mitchellparker/Desktop/rascore_build/core/6o36B_core.cif	/Users/mitchellparker/Desktop/rascore_build/rcsb/6o36.cif.gz	/Users/mitchellparker/Desktop/rascore_build/renum/6o36_renum.cif	/Users/mitchellparker/Desktop/rascore_build/rcsb_assembly/6o36-assembly-1.cif.gz	/Users/mitchellparker/Desktop/rascore_build/renum_assembly/6o36-assembly-1_renum.cif	/Users/mitchellparker/Desktop/rascore_build/sifts/6o36.xml.gz	/Users/mitchellparker/Desktop/rascore_build/pocket/6o36B_3_pocket.pdb
6o36B	6o36	0	B	Outlier	Outlier	Y32out	Y71in	P 1 21 1 (CF10)	6o36B4	4	GTPase KRas	RASK_HUMAN	P01116-2	P34R	P34	KRAS	3P	Other	None	None	None	None	SP12-Unbound	P 1 21 1	168	1-167	2019-02-26	SP12	238.8493	0.0259	Unbound	Unbound	5,6,7,39,54,56,71,74,75	MG,GNP	None	None	None	None	None	None	None	None	None	None	GNP	MG	None	None	None	None	STP	XRAY	2.000	0.195	MTEYKLVVVGAGGVGKSALTIQLIQNHFVDEYDRTIEDSYRKQVVIDGETCLLDILDTAGQEEYSAMRDQYMRTGEGFLCVFAINNTKSFEDIHHYREQIKRVKDSEDVPMVLVGNKCDLPSRTVDTKQAQDLARSYGIPFIETSAKTRQGVDDAFYTLVREIRKHKE	True	95.121	35.117	113.426	90.000	111.003	90.000	/Users/mitchellparker/Desktop/rascore_build/core/6o36B_core.cif	/Users/mitchellparker/Desktop/rascore_build/rcsb/6o36.cif.gz	/Users/mitchellparker/Desktop/rascore_build/renum/6o36_renum.cif	/Users/mitchellparker/Desktop/rascore_build/rcsb_assembly/6o36-assembly-1.cif.gz	/Users/mitchellparker/Desktop/rascore_build/renum_assembly/6o36-assembly-1_renum.cif	/Users/mitchellparker/Desktop/rascore_build/sifts/6o36.xml.gz	/Users/mitchellparker/Desktop/rascore_build/pocket/6o36B_4_pocket.pdb
6o36B	6o36	0	B	Outlier	Outlier	Y32out	Y71in	P 1 21 1 (CF10)	6o36B5	5	GTPase KRas	RASK_HUMAN	P01116-2	P34R	P34	KRAS	3P	Other	None	None	None	None	SP12-Unbound	P 1 21 1	168	1-167	2019-02-26	Other	304.9088	0.0059	Unbound	Unbound	73,74,75,76,104,106,108,109,110,163,166,167	MG,GNP	None	None	None	None	None	None	None	None	None	None	GNP	MG	None	None	None	None	STP	XRAY	2.000	0.195	MTEYKLVVVGAGGVGKSALTIQLIQNHFVDEYDRTIEDSYRKQVVIDGETCLLDILDTAGQEEYSAMRDQYMRTGEGFLCVFAINNTKSFEDIHHYREQIKRVKDSEDVPMVLVGNKCDLPSRTVDTKQAQDLARSYGIPFIETSAKTRQGVDDAFYTLVREIRKHKE	True	95.121	35.117	113.426	90.000	111.003	90.000	/Users/mitchellparker/Desktop/rascore_build/core/6o36B_core.cif	/Users/mitchellparker/Desktop/rascore_build/rcsb/6o36.cif.gz	/Users/mitchellparker/Desktop/rascore_build/renum/6o36_renum.cif	/Users/mitchellparker/Desktop/rascore_build/rcsb_assembly/6o36-assembly-1.cif.gz	/Users/mitchellparker/Desktop/rascore_build/renum_assembly/6o36-assembly-1_renum.cif	/Users/mitchellparker/Desktop/rascore_build/sifts/6o36.xml.gz	/Users/mitchellparker/Desktop/rascore_build/pocket/6o36B_5_pocket.pdb
6o36B	6o36	0	B	Outlier	Outlier	Y32out	Y71in	P 1 21 1 (CF10)	6o36B6	6	GTPase KRas	RASK_HUMAN	P01116-2	P34R	P34	KRAS	3P	Other	None	None	None	None	SP12-Unbound	P 1 21 1	168	1-167	2019-02-26	Other	206.5247	0.0001	Unbound	Unbound	11,12,86,88,89,92,96	MG,GNP	None	None	None	None	None	None	None	None	None	None	GNP	MG	None	None	None	None	STP	XRAY	2.000	0.195	MTEYKLVVVGAGGVGKSALTIQLIQNHFVDEYDRTIEDSYRKQVVIDGETCLLDILDTAGQEEYSAMRDQYMRTGEGFLCVFAINNTKSFEDIHHYREQIKRVKDSEDVPMVLVGNKCDLPSRTVDTKQAQDLARSYGIPFIETSAKTRQGVDDAFYTLVREIRKHKE	True	95.121	35.117	113.426	90.000	111.003	90.000	/Users/mitchellparker/Desktop/rascore_build/core/6o36B_core.cif	/Users/mitchellparker/Desktop/rascore_build/rcsb/6o36.cif.gz	/Users/mitchellparker/Desktop/rascore_build/renum/6o36_renum.cif	/Users/mitchellparker/Desktop/rascore_build/rcsb_assembly/6o36-assembly-1.cif.gz	/Users/mitchellparker/Desktop/rascore_build/renum_assembly/6o36-assembly-1_renum.cif	/Users/mitchellparker/Desktop/rascore_build/sifts/6o36.xml.gz	/Users/mitchellparker/Desktop/rascore_build/pocket/6o36B_6_pocket.pdb
6o36B	6o36	0	B	Outlier	Outlier	Y32out	Y71in	P 1 21 1 (CF10)	6o36B7	7	GTPase KRas	RASK_HUMAN	P01116-2	P34R	P34	KRAS	3P	Other	None	None	None	None	SP12-Unbound	P 1 21 1	168	1-167	2019-02-26	Other	286.2991	0.0002	Unbound	Unbound	94,95,98,99,102	MG,GNP	None	None	None	None	None	None	None	None	None	None	GNP	MG	None	None	None	None	STP	XRAY	2.000	0.195	MTEYKLVVVGAGGVGKSALTIQLIQNHFVDEYDRTIEDSYRKQVVIDGETCLLDILDTAGQEEYSAMRDQYMRTGEGFLCVFAINNTKSFEDIHHYREQIKRVKDSEDVPMVLVGNKCDLPSRTVDTKQAQDLARSYGIPFIETSAKTRQGVDDAFYTLVREIRKHKE	True	95.121	35.117	113.426	90.000	111.003	90.000	/Users/mitchellparker/Desktop/rascore_build/core/6o36B_core.cif	/Users/mitchellparker/Desktop/rascore_build/rcsb/6o36.cif.gz	/Users/mitchellparker/Desktop/rascore_build/renum/6o36_renum.cif	/Users/mitchellparker/Desktop/rascore_build/rcsb_assembly/6o36-assembly-1.cif.gz	/Users/mitchellparker/Desktop/rascore_build/renum_assembly/6o36-assembly-1_renum.cif	/Users/mitchellparker/Desktop/rascore_build/sifts/6o36.xml.gz	/Users/mitchellparker/Desktop/rascore_build/pocket/6o36B_7_pocket.pdb
6o36C	6o36	0	C	Outlier	Outlier	Y32out	Y71in	P 1 21 1 (CF10)	6o36C2	2	GTPase KRas	RASK_HUMAN	P01116-2	P34R	P34	KRAS	3P	Other	None	None	None	None	Other-Unbound	P 1 21 1	168	1-167	2019-02-26	Other	205.1717	0.0002	Unbound	Unbound	97,108,109,110,111,137,138,139,162,165,166	MG,GNP	None	None	None	None	None	None	None	None	None	None	GNP	MG	None	None	None	None	STP	XRAY	2.000	0.195	MTEYKLVVVGAGGVGKSALTIQLIQNHFVDEYDRTIEDSYRKQVVIDGETCLLDILDTAGQEEYSAMRDQYMRTGEGFLCVFAINNTKSFEDIHHYREQIKRVKDSEDVPMVLVGNKCDLPSRTVDTKQAQDLARSYGIPFIETSAKTRQGVDDAFYTLVREIRKHKE	True	95.121	35.117	113.426	90.000	111.003	90.000	/Users/mitchellparker/Desktop/rascore_build/core/6o36C_core.cif	/Users/mitchellparker/Desktop/rascore_build/rcsb/6o36.cif.gz	/Users/mitchellparker/Desktop/rascore_build/renum/6o36_renum.cif	/Users/mitchellparker/Desktop/rascore_build/rcsb_assembly/6o36-assembly-1.cif.gz	/Users/mitchellparker/Desktop/rascore_build/renum_assembly/6o36-assembly-1_renum.cif	/Users/mitchellparker/Desktop/rascore_build/sifts/6o36.xml.gz	/Users/mitchellparker/Desktop/rascore_build/pocket/6o36C_2_pocket.pdb
6o36C	6o36	0	C	Outlier	Outlier	Y32out	Y71in	P 1 21 1 (CF10)	6o36C3	3	GTPase KRas	RASK_HUMAN	P01116-2	P34R	P34	KRAS	3P	Other	None	None	None	None	Other-Unbound	P 1 21 1	168	1-167	2019-02-26	Other	298.6567	0.0057	Unbound	Unbound	90,91,94,129,132,133,136	MG,GNP	None	None	None	None	None	None	None	None	None	None	GNP	MG	None	None	None	None	STP	XRAY	2.000	0.195	MTEYKLVVVGAGGVGKSALTIQLIQNHFVDEYDRTIEDSYRKQVVIDGETCLLDILDTAGQEEYSAMRDQYMRTGEGFLCVFAINNTKSFEDIHHYREQIKRVKDSEDVPMVLVGNKCDLPSRTVDTKQAQDLARSYGIPFIETSAKTRQGVDDAFYTLVREIRKHKE	True	95.121	35.117	113.426	90.000	111.003	90.000	/Users/mitchellparker/Desktop/rascore_build/core/6o36C_core.cif	/Users/mitchellparker/Desktop/rascore_build/rcsb/6o36.cif.gz	/Users/mitchellparker/Desktop/rascore_build/renum/6o36_renum.cif	/Users/mitchellparker/Desktop/rascore_build/rcsb_assembly/6o36-assembly-1.cif.gz	/Users/mitchellparker/Desktop/rascore_build/renum_assembly/6o36-assembly-1_renum.cif	/Users/mitchellparker/Desktop/rascore_build/sifts/6o36.xml.gz	/Users/mitchellparker/Desktop/rascore_build/pocket/6o36C_3_pocket.pdb
6o36C	6o36	0	C	Outlier	Outlier	Y32out	Y71in	P 1 21 1 (CF10)	6o36C4	4	GTPase KRas	RASK_HUMAN	P01116-2	P34R	P34	KRAS	3P	Other	None	None	None	None	Other-Unbound	P 1 21 1	168	1-167	2019-02-26	Other	266.8328	0.0071	Unbound	Unbound	73,74,75,76,104,106,108,109,110,163,166	MG,GNP	None	None	None	None	None	None	None	None	None	None	GNP	MG	None	None	None	None	STP	XRAY	2.000	0.195	MTEYKLVVVGAGGVGKSALTIQLIQNHFVDEYDRTIEDSYRKQVVIDGETCLLDILDTAGQEEYSAMRDQYMRTGEGFLCVFAINNTKSFEDIHHYREQIKRVKDSEDVPMVLVGNKCDLPSRTVDTKQAQDLARSYGIPFIETSAKTRQGVDDAFYTLVREIRKHKE	True	95.121	35.117	113.426	90.000	111.003	90.000	/Users/mitchellparker/Desktop/rascore_build/core/6o36C_core.cif	/Users/mitchellparker/Desktop/rascore_build/rcsb/6o36.cif.gz	/Users/mitchellparker/Desktop/rascore_build/renum/6o36_renum.cif	/Users/mitchellparker/Desktop/rascore_build/rcsb_assembly/6o36-assembly-1.cif.gz	/Users/mitchellparker/Desktop/rascore_build/renum_assembly/6o36-assembly-1_renum.cif	/Users/mitchellparker/Desktop/rascore_build/sifts/6o36.xml.gz	/Users/mitchellparker/Desktop/rascore_build/pocket/6o36C_4_pocket.pdb
6o46A	6o46	0	A	Outlier	Outlier	Y32out	Y71in	P 63 (CF6)	6o46A3	3	GTPase KRas	RASK_HUMAN	P01116-2	P34R	P34	KRAS	3P	Other	None	None	None	None	Other-Unbound	P 63	169	1-167	2019-02-28	Other	204.5103	0.0008	Unbound	Unbound	97,101,107,108,109,110,111,137,138,139,162,166	GNP,MG,PO4	None	None	None	None	None	None	None	None	None	None	GNP	MG	None	None	None	None	STP	XRAY	1.900	0.175	GMTEYKLVVVGAGGVGKSALTIQLIQNHFVDEYDRTIEDSYRKQVVIDGETCLLDILDTAGQEEYSAMRDQYMRTGEGFLCVFAINNTKSFEDIHHYREQIKRVKDSEDVPMVLVGNKCDLPSRTVDTKQAQDLARSYGIPFIETSAKTRQGVDDAFYTLVREIRKHKE	True	188.377	188.377	34.924	90.000	90.000	120.000	/Users/mitchellparker/Desktop/rascore_build/core/6o46A_core.cif	/Users/mitchellparker/Desktop/rascore_build/rcsb/6o46.cif.gz	/Users/mitchellparker/Desktop/rascore_build/renum/6o46_renum.cif	/Users/mitchellparker/Desktop/rascore_build/rcsb_assembly/6o46-assembly-2.cif.gz	/Users/mitchellparker/Desktop/rascore_build/renum_assembly/6o46-assembly-2_renum.cif	/Users/mitchellparker/Desktop/rascore_build/sifts/6o46.xml.gz	/Users/mitchellparker/Desktop/rascore_build/pocket/6o46A_3_pocket.pdb
6o46A	6o46	0	A	Outlier	Outlier	Y32out	Y71in	P 63 (CF6)	6o46A4	4	GTPase KRas	RASK_HUMAN	P01116-2	P34R	P34	KRAS	3P	Other	None	None	None	None	Other-Unbound	P 63	169	1-167	2019-02-28	Other	232.9909	0.0057	Unbound	Unbound	87,90,91,94,124,125,129,133,137	GNP,MG,PO4	None	None	None	None	None	None	None	None	None	None	GNP	MG	None	None	None	None	STP	XRAY	1.900	0.175	GMTEYKLVVVGAGGVGKSALTIQLIQNHFVDEYDRTIEDSYRKQVVIDGETCLLDILDTAGQEEYSAMRDQYMRTGEGFLCVFAINNTKSFEDIHHYREQIKRVKDSEDVPMVLVGNKCDLPSRTVDTKQAQDLARSYGIPFIETSAKTRQGVDDAFYTLVREIRKHKE	True	188.377	188.377	34.924	90.000	90.000	120.000	/Users/mitchellparker/Desktop/rascore_build/core/6o46A_core.cif	/Users/mitchellparker/Desktop/rascore_build/rcsb/6o46.cif.gz	/Users/mitchellparker/Desktop/rascore_build/renum/6o46_renum.cif	/Users/mitchellparker/Desktop/rascore_build/rcsb_assembly/6o46-assembly-2.cif.gz	/Users/mitchellparker/Desktop/rascore_build/renum_assembly/6o46-assembly-2_renum.cif	/Users/mitchellparker/Desktop/rascore_build/sifts/6o46.xml.gz	/Users/mitchellparker/Desktop/rascore_build/pocket/6o46A_4_pocket.pdb
6o46A	6o46	0	A	Outlier	Outlier	Y32out	Y71in	P 63 (CF6)	6o46A5	5	GTPase KRas	RASK_HUMAN	P01116-2	P34R	P34	KRAS	3P	Other	None	None	None	None	Other-Unbound	P 63	169	1-167	2019-02-28	Other	364.0598	0.0123	Unbound	Unbound	73,74,75,76,104,106,108,109,110,163,166,167	GNP,MG,PO4	None	None	None	None	None	None	None	None	None	None	GNP	MG	None	None	None	None	STP	XRAY	1.900	0.175	GMTEYKLVVVGAGGVGKSALTIQLIQNHFVDEYDRTIEDSYRKQVVIDGETCLLDILDTAGQEEYSAMRDQYMRTGEGFLCVFAINNTKSFEDIHHYREQIKRVKDSEDVPMVLVGNKCDLPSRTVDTKQAQDLARSYGIPFIETSAKTRQGVDDAFYTLVREIRKHKE	True	188.377	188.377	34.924	90.000	90.000	120.000	/Users/mitchellparker/Desktop/rascore_build/core/6o46A_core.cif	/Users/mitchellparker/Desktop/rascore_build/rcsb/6o46.cif.gz	/Users/mitchellparker/Desktop/rascore_build/renum/6o46_renum.cif	/Users/mitchellparker/Desktop/rascore_build/rcsb_assembly/6o46-assembly-2.cif.gz	/Users/mitchellparker/Desktop/rascore_build/renum_assembly/6o46-assembly-2_renum.cif	/Users/mitchellparker/Desktop/rascore_build/sifts/6o46.xml.gz	/Users/mitchellparker/Desktop/rascore_build/pocket/6o46A_5_pocket.pdb
6o46A	6o46	0	A	Outlier	Outlier	Y32out	Y71in	P 63 (CF6)	6o46A6	6	GTPase KRas	RASK_HUMAN	P01116-2	P34R	P34	KRAS	3P	Other	None	None	None	None	Other-Unbound	P 63	169	1-167	2019-02-28	Other	323.6130	0.0063	Unbound	Unbound	27,28,29,30,31,32,33,147	GNP,MG,PO4	None	None	None	None	None	None	None	None	None	None	GNP	MG	None	None	None	None	STP	XRAY	1.900	0.175	GMTEYKLVVVGAGGVGKSALTIQLIQNHFVDEYDRTIEDSYRKQVVIDGETCLLDILDTAGQEEYSAMRDQYMRTGEGFLCVFAINNTKSFEDIHHYREQIKRVKDSEDVPMVLVGNKCDLPSRTVDTKQAQDLARSYGIPFIETSAKTRQGVDDAFYTLVREIRKHKE	True	188.377	188.377	34.924	90.000	90.000	120.000	/Users/mitchellparker/Desktop/rascore_build/core/6o46A_core.cif	/Users/mitchellparker/Desktop/rascore_build/rcsb/6o46.cif.gz	/Users/mitchellparker/Desktop/rascore_build/renum/6o46_renum.cif	/Users/mitchellparker/Desktop/rascore_build/rcsb_assembly/6o46-assembly-2.cif.gz	/Users/mitchellparker/Desktop/rascore_build/renum_assembly/6o46-assembly-2_renum.cif	/Users/mitchellparker/Desktop/rascore_build/sifts/6o46.xml.gz	/Users/mitchellparker/Desktop/rascore_build/pocket/6o46A_6_pocket.pdb
6o46A	6o46	0	A	Outlier	Outlier	Y32out	Y71in	P 63 (CF6)	6o46A7	7	GTPase KRas	RASK_HUMAN	P01116-2	P34R	P34	KRAS	3P	Other	None	None	None	None	Other-Unbound	P 63	169	1-167	2019-02-28	Other	177.6171	0.0001	Unbound	Unbound	131,134,135,139,140,141	GNP,MG,PO4	None	None	None	None	None	None	None	None	None	None	GNP	MG	None	None	None	None	STP	XRAY	1.900	0.175	GMTEYKLVVVGAGGVGKSALTIQLIQNHFVDEYDRTIEDSYRKQVVIDGETCLLDILDTAGQEEYSAMRDQYMRTGEGFLCVFAINNTKSFEDIHHYREQIKRVKDSEDVPMVLVGNKCDLPSRTVDTKQAQDLARSYGIPFIETSAKTRQGVDDAFYTLVREIRKHKE	True	188.377	188.377	34.924	90.000	90.000	120.000	/Users/mitchellparker/Desktop/rascore_build/core/6o46A_core.cif	/Users/mitchellparker/Desktop/rascore_build/rcsb/6o46.cif.gz	/Users/mitchellparker/Desktop/rascore_build/renum/6o46_renum.cif	/Users/mitchellparker/Desktop/rascore_build/rcsb_assembly/6o46-assembly-2.cif.gz	/Users/mitchellparker/Desktop/rascore_build/renum_assembly/6o46-assembly-2_renum.cif	/Users/mitchellparker/Desktop/rascore_build/sifts/6o46.xml.gz	/Users/mitchellparker/Desktop/rascore_build/pocket/6o46A_7_pocket.pdb
6o46B	6o46	0	B	Outlier	Outlier	Y32out	Y71in	P 63 (CF6)	6o46B3	3	GTPase KRas	RASK_HUMAN	P01116-2	P34R	P34	KRAS	3P	Other	None	None	None	None	SP12-Unbound	P 63	169	1-167	2019-02-28	Other	250.5621	0.0165	Unbound	Unbound	74,75,76,104,106,108,109,110,163,166,167	GNP,MG	None	None	None	None	None	None	None	None	None	None	GNP	MG	None	None	None	None	STP	XRAY	1.900	0.175	GMTEYKLVVVGAGGVGKSALTIQLIQNHFVDEYDRTIEDSYRKQVVIDGETCLLDILDTAGQEEYSAMRDQYMRTGEGFLCVFAINNTKSFEDIHHYREQIKRVKDSEDVPMVLVGNKCDLPSRTVDTKQAQDLARSYGIPFIETSAKTRQGVDDAFYTLVREIRKHKE	True	188.377	188.377	34.924	90.000	90.000	120.000	/Users/mitchellparker/Desktop/rascore_build/core/6o46B_core.cif	/Users/mitchellparker/Desktop/rascore_build/rcsb/6o46.cif.gz	/Users/mitchellparker/Desktop/rascore_build/renum/6o46_renum.cif	/Users/mitchellparker/Desktop/rascore_build/rcsb_assembly/6o46-assembly-2.cif.gz	/Users/mitchellparker/Desktop/rascore_build/renum_assembly/6o46-assembly-2_renum.cif	/Users/mitchellparker/Desktop/rascore_build/sifts/6o46.xml.gz	/Users/mitchellparker/Desktop/rascore_build/pocket/6o46B_3_pocket.pdb
6o46B	6o46	0	B	Outlier	Outlier	Y32out	Y71in	P 63 (CF6)	6o46B4	4	GTPase KRas	RASK_HUMAN	P01116-2	P34R	P34	KRAS	3P	Other	None	None	None	None	SP12-Unbound	P 63	169	1-167	2019-02-28	Other	227.6447	0.0003	Unbound	Unbound	98,101,102,105,106,107	GNP,MG	None	None	None	None	None	None	None	None	None	None	GNP	MG	None	None	None	None	STP	XRAY	1.900	0.175	GMTEYKLVVVGAGGVGKSALTIQLIQNHFVDEYDRTIEDSYRKQVVIDGETCLLDILDTAGQEEYSAMRDQYMRTGEGFLCVFAINNTKSFEDIHHYREQIKRVKDSEDVPMVLVGNKCDLPSRTVDTKQAQDLARSYGIPFIETSAKTRQGVDDAFYTLVREIRKHKE	True	188.377	188.377	34.924	90.000	90.000	120.000	/Users/mitchellparker/Desktop/rascore_build/core/6o46B_core.cif	/Users/mitchellparker/Desktop/rascore_build/rcsb/6o46.cif.gz	/Users/mitchellparker/Desktop/rascore_build/renum/6o46_renum.cif	/Users/mitchellparker/Desktop/rascore_build/rcsb_assembly/6o46-assembly-2.cif.gz	/Users/mitchellparker/Desktop/rascore_build/renum_assembly/6o46-assembly-2_renum.cif	/Users/mitchellparker/Desktop/rascore_build/sifts/6o46.xml.gz	/Users/mitchellparker/Desktop/rascore_build/pocket/6o46B_4_pocket.pdb
6o46B	6o46	0	B	Outlier	Outlier	Y32out	Y71in	P 63 (CF6)	6o46B5	5	GTPase KRas	RASK_HUMAN	P01116-2	P34R	P34	KRAS	3P	Other	None	None	None	None	SP12-Unbound	P 63	169	1-167	2019-02-28	Other	404.0889	0.0000	Unbound	Unbound	131,134,135,138,139,140,141,162,165	GNP,MG	None	None	None	None	None	None	None	None	None	None	GNP	MG	None	None	None	None	STP	XRAY	1.900	0.175	GMTEYKLVVVGAGGVGKSALTIQLIQNHFVDEYDRTIEDSYRKQVVIDGETCLLDILDTAGQEEYSAMRDQYMRTGEGFLCVFAINNTKSFEDIHHYREQIKRVKDSEDVPMVLVGNKCDLPSRTVDTKQAQDLARSYGIPFIETSAKTRQGVDDAFYTLVREIRKHKE	True	188.377	188.377	34.924	90.000	90.000	120.000	/Users/mitchellparker/Desktop/rascore_build/core/6o46B_core.cif	/Users/mitchellparker/Desktop/rascore_build/rcsb/6o46.cif.gz	/Users/mitchellparker/Desktop/rascore_build/renum/6o46_renum.cif	/Users/mitchellparker/Desktop/rascore_build/rcsb_assembly/6o46-assembly-2.cif.gz	/Users/mitchellparker/Desktop/rascore_build/renum_assembly/6o46-assembly-2_renum.cif	/Users/mitchellparker/Desktop/rascore_build/sifts/6o46.xml.gz	/Users/mitchellparker/Desktop/rascore_build/pocket/6o46B_5_pocket.pdb
6o46B	6o46	0	B	Outlier	Outlier	Y32out	Y71in	P 63 (CF6)	6o46B6	6	GTPase KRas	RASK_HUMAN	P01116-2	P34R	P34	KRAS	3P	Other	None	None	None	None	SP12-Unbound	P 63	169	1-167	2019-02-28	SP12	245.4087	0.1040	Unbound	Unbound	5,6,7,39,54,56,67,71,74,75	GNP,MG	None	None	None	None	None	None	None	None	None	None	GNP	MG	None	None	None	None	STP	XRAY	1.900	0.175	GMTEYKLVVVGAGGVGKSALTIQLIQNHFVDEYDRTIEDSYRKQVVIDGETCLLDILDTAGQEEYSAMRDQYMRTGEGFLCVFAINNTKSFEDIHHYREQIKRVKDSEDVPMVLVGNKCDLPSRTVDTKQAQDLARSYGIPFIETSAKTRQGVDDAFYTLVREIRKHKE	True	188.377	188.377	34.924	90.000	90.000	120.000	/Users/mitchellparker/Desktop/rascore_build/core/6o46B_core.cif	/Users/mitchellparker/Desktop/rascore_build/rcsb/6o46.cif.gz	/Users/mitchellparker/Desktop/rascore_build/renum/6o46_renum.cif	/Users/mitchellparker/Desktop/rascore_build/rcsb_assembly/6o46-assembly-2.cif.gz	/Users/mitchellparker/Desktop/rascore_build/renum_assembly/6o46-assembly-2_renum.cif	/Users/mitchellparker/Desktop/rascore_build/sifts/6o46.xml.gz	/Users/mitchellparker/Desktop/rascore_build/pocket/6o46B_6_pocket.pdb
6o46B	6o46	0	B	Outlier	Outlier	Y32out	Y71in	P 63 (CF6)	6o46B7	7	GTPase KRas	RASK_HUMAN	P01116-2	P34R	P34	KRAS	3P	Other	None	None	None	None	SP12-Unbound	P 63	169	1-167	2019-02-28	Other	219.8083	0.0001	Unbound	Unbound	11,12,60,86,88,89,92,96	GNP,MG	None	None	None	None	None	None	None	None	None	None	GNP	MG	None	None	None	None	STP	XRAY	1.900	0.175	GMTEYKLVVVGAGGVGKSALTIQLIQNHFVDEYDRTIEDSYRKQVVIDGETCLLDILDTAGQEEYSAMRDQYMRTGEGFLCVFAINNTKSFEDIHHYREQIKRVKDSEDVPMVLVGNKCDLPSRTVDTKQAQDLARSYGIPFIETSAKTRQGVDDAFYTLVREIRKHKE	True	188.377	188.377	34.924	90.000	90.000	120.000	/Users/mitchellparker/Desktop/rascore_build/core/6o46B_core.cif	/Users/mitchellparker/Desktop/rascore_build/rcsb/6o46.cif.gz	/Users/mitchellparker/Desktop/rascore_build/renum/6o46_renum.cif	/Users/mitchellparker/Desktop/rascore_build/rcsb_assembly/6o46-assembly-2.cif.gz	/Users/mitchellparker/Desktop/rascore_build/renum_assembly/6o46-assembly-2_renum.cif	/Users/mitchellparker/Desktop/rascore_build/sifts/6o46.xml.gz	/Users/mitchellparker/Desktop/rascore_build/pocket/6o46B_7_pocket.pdb
6o46B	6o46	0	B	Outlier	Outlier	Y32out	Y71in	P 63 (CF6)	6o46B8	8	GTPase KRas	RASK_HUMAN	P01116-2	P34R	P34	KRAS	3P	Other	None	None	None	None	SP12-Unbound	P 63	169	1-167	2019-02-28	Other	201.9473	0.0001	Unbound	Unbound	97,107,108,109,110,111,137,138,139,162,165,166	GNP,MG	None	None	None	None	None	None	None	None	None	None	GNP	MG	None	None	None	None	STP	XRAY	1.900	0.175	GMTEYKLVVVGAGGVGKSALTIQLIQNHFVDEYDRTIEDSYRKQVVIDGETCLLDILDTAGQEEYSAMRDQYMRTGEGFLCVFAINNTKSFEDIHHYREQIKRVKDSEDVPMVLVGNKCDLPSRTVDTKQAQDLARSYGIPFIETSAKTRQGVDDAFYTLVREIRKHKE	True	188.377	188.377	34.924	90.000	90.000	120.000	/Users/mitchellparker/Desktop/rascore_build/core/6o46B_core.cif	/Users/mitchellparker/Desktop/rascore_build/rcsb/6o46.cif.gz	/Users/mitchellparker/Desktop/rascore_build/renum/6o46_renum.cif	/Users/mitchellparker/Desktop/rascore_build/rcsb_assembly/6o46-assembly-2.cif.gz	/Users/mitchellparker/Desktop/rascore_build/renum_assembly/6o46-assembly-2_renum.cif	/Users/mitchellparker/Desktop/rascore_build/sifts/6o46.xml.gz	/Users/mitchellparker/Desktop/rascore_build/pocket/6o46B_8_pocket.pdb
6o46C	6o46	0	C	Outlier	Outlier	Y32out	Y71in	P 63 (CF6)	6o46C2	2	GTPase KRas	RASK_HUMAN	P01116-2	P34R	P34	KRAS	3P	Other	None	None	None	None	SP12-Unbound	P 63	169	1-167	2019-02-28	Other	183.0419	0.0008	Unbound	Unbound	73,74,75,76,104,108,109,110,166	GNP,MG	None	None	None	None	None	None	None	None	None	None	GNP	MG	None	None	None	None	STP	XRAY	1.900	0.175	GMTEYKLVVVGAGGVGKSALTIQLIQNHFVDEYDRTIEDSYRKQVVIDGETCLLDILDTAGQEEYSAMRDQYMRTGEGFLCVFAINNTKSFEDIHHYREQIKRVKDSEDVPMVLVGNKCDLPSRTVDTKQAQDLARSYGIPFIETSAKTRQGVDDAFYTLVREIRKHKE	True	188.377	188.377	34.924	90.000	90.000	120.000	/Users/mitchellparker/Desktop/rascore_build/core/6o46C_core.cif	/Users/mitchellparker/Desktop/rascore_build/rcsb/6o46.cif.gz	/Users/mitchellparker/Desktop/rascore_build/renum/6o46_renum.cif	/Users/mitchellparker/Desktop/rascore_build/rcsb_assembly/6o46-assembly-2.cif.gz	/Users/mitchellparker/Desktop/rascore_build/renum_assembly/6o46-assembly-2_renum.cif	/Users/mitchellparker/Desktop/rascore_build/sifts/6o46.xml.gz	/Users/mitchellparker/Desktop/rascore_build/pocket/6o46C_2_pocket.pdb
6o46C	6o46	0	C	Outlier	Outlier	Y32out	Y71in	P 63 (CF6)	6o46C3	3	GTPase KRas	RASK_HUMAN	P01116-2	P34R	P34	KRAS	3P	Other	None	None	None	None	SP12-Unbound	P 63	169	1-167	2019-02-28	SP12	189.3563	0.0352	Unbound	Unbound	5,6,7,39,54,56,71,74,75	GNP,MG	None	None	None	None	None	None	None	None	None	None	GNP	MG	None	None	None	None	STP	XRAY	1.900	0.175	GMTEYKLVVVGAGGVGKSALTIQLIQNHFVDEYDRTIEDSYRKQVVIDGETCLLDILDTAGQEEYSAMRDQYMRTGEGFLCVFAINNTKSFEDIHHYREQIKRVKDSEDVPMVLVGNKCDLPSRTVDTKQAQDLARSYGIPFIETSAKTRQGVDDAFYTLVREIRKHKE	True	188.377	188.377	34.924	90.000	90.000	120.000	/Users/mitchellparker/Desktop/rascore_build/core/6o46C_core.cif	/Users/mitchellparker/Desktop/rascore_build/rcsb/6o46.cif.gz	/Users/mitchellparker/Desktop/rascore_build/renum/6o46_renum.cif	/Users/mitchellparker/Desktop/rascore_build/rcsb_assembly/6o46-assembly-2.cif.gz	/Users/mitchellparker/Desktop/rascore_build/renum_assembly/6o46-assembly-2_renum.cif	/Users/mitchellparker/Desktop/rascore_build/sifts/6o46.xml.gz	/Users/mitchellparker/Desktop/rascore_build/pocket/6o46C_3_pocket.pdb
6ob2A	6ob2	0	A	Y32in.3P-ON	Y71in.3P-R	Y32in	Y71in	P 21 21 21 (CF21)	6ob2A1	1	GTPase KRas	RASK_HUMAN	P01116-2	WT	WT	KRAS	3P	WT	None	None	GAP	None	Other-Unbound	P 21 21 21	170	1-169	2019-03-19	Other	237.8918	0.0001	Unbound	Unbound	131,134,135,139,141	GOL,GNP,MG	Neurofibromin	None	B:32,31,61,34,88,62,60,63,64,67,66,37,70,36,38,33,25,40,21,39	NF1_HUMAN	None	None	None	RasGAP	None	B	GNP	MG	None	GOL	None	None	STP	XRAY	2.845	0.202	GMTEYKLVVVGAGGVGKSALTIQLIQNHFVDEYDPTIEDSYRKQVVIDGETCLLDILDTAGQEEYSAMRDQYMRTGEGFLCVFAINNTKSFEDIHHYREQIKRVKDSEDVPMVLVGNKCDLPSRTVDTKQAQDLARSYGIPFIETSAKTRQGVDDAFYTLVREIRKHKEK	True	83.728	99.736	155.514	90.000	90.000	90.000	/Users/mitchellparker/Desktop/rascore_build/core/6ob2A_core.cif	/Users/mitchellparker/Desktop/rascore_build/rcsb/6ob2.cif.gz	/Users/mitchellparker/Desktop/rascore_build/renum/6ob2_renum.cif	/Users/mitchellparker/Desktop/rascore_build/rcsb_assembly/6ob2-assembly-1.cif.gz	/Users/mitchellparker/Desktop/rascore_build/renum_assembly/6ob2-assembly-1_renum.cif	/Users/mitchellparker/Desktop/rascore_build/sifts/6ob2.xml.gz	/Users/mitchellparker/Desktop/rascore_build/pocket/6ob2A_1_pocket.pdb
6ob2A	6ob2	0	A	Y32in.3P-ON	Y71in.3P-R	Y32in	Y71in	P 21 21 21 (CF21)	6ob2A2	2	GTPase KRas	RASK_HUMAN	P01116-2	WT	WT	KRAS	3P	WT	None	None	GAP	None	Other-Unbound	P 21 21 21	170	1-169	2019-03-19	Other	240.6947	0.0009	Unbound	Unbound	98,101,102,105,106,107	GOL,GNP,MG	Neurofibromin	None	B:32,31,61,34,88,62,60,63,64,67,66,37,70,36,38,33,25,40,21,39	NF1_HUMAN	None	None	None	RasGAP	None	B	GNP	MG	None	GOL	None	None	STP	XRAY	2.845	0.202	GMTEYKLVVVGAGGVGKSALTIQLIQNHFVDEYDPTIEDSYRKQVVIDGETCLLDILDTAGQEEYSAMRDQYMRTGEGFLCVFAINNTKSFEDIHHYREQIKRVKDSEDVPMVLVGNKCDLPSRTVDTKQAQDLARSYGIPFIETSAKTRQGVDDAFYTLVREIRKHKEK	True	83.728	99.736	155.514	90.000	90.000	90.000	/Users/mitchellparker/Desktop/rascore_build/core/6ob2A_core.cif	/Users/mitchellparker/Desktop/rascore_build/rcsb/6ob2.cif.gz	/Users/mitchellparker/Desktop/rascore_build/renum/6ob2_renum.cif	/Users/mitchellparker/Desktop/rascore_build/rcsb_assembly/6ob2-assembly-1.cif.gz	/Users/mitchellparker/Desktop/rascore_build/renum_assembly/6ob2-assembly-1_renum.cif	/Users/mitchellparker/Desktop/rascore_build/sifts/6ob2.xml.gz	/Users/mitchellparker/Desktop/rascore_build/pocket/6ob2A_2_pocket.pdb
6ob2A	6ob2	0	A	Y32in.3P-ON	Y71in.3P-R	Y32in	Y71in	P 21 21 21 (CF21)	6ob2A3	3	GTPase KRas	RASK_HUMAN	P01116-2	WT	WT	KRAS	3P	WT	None	None	GAP	None	Other-Unbound	P 21 21 21	170	1-169	2019-03-19	Other	390.6849	0.0105	Unbound	Unbound	73,74,75,76,104,106,109,110,163,166,167	GOL,GNP,MG	Neurofibromin	None	B:32,31,61,34,88,62,60,63,64,67,66,37,70,36,38,33,25,40,21,39	NF1_HUMAN	None	None	None	RasGAP	None	B	GNP	MG	None	GOL	None	None	STP	XRAY	2.845	0.202	GMTEYKLVVVGAGGVGKSALTIQLIQNHFVDEYDPTIEDSYRKQVVIDGETCLLDILDTAGQEEYSAMRDQYMRTGEGFLCVFAINNTKSFEDIHHYREQIKRVKDSEDVPMVLVGNKCDLPSRTVDTKQAQDLARSYGIPFIETSAKTRQGVDDAFYTLVREIRKHKEK	True	83.728	99.736	155.514	90.000	90.000	90.000	/Users/mitchellparker/Desktop/rascore_build/core/6ob2A_core.cif	/Users/mitchellparker/Desktop/rascore_build/rcsb/6ob2.cif.gz	/Users/mitchellparker/Desktop/rascore_build/renum/6ob2_renum.cif	/Users/mitchellparker/Desktop/rascore_build/rcsb_assembly/6ob2-assembly-1.cif.gz	/Users/mitchellparker/Desktop/rascore_build/renum_assembly/6ob2-assembly-1_renum.cif	/Users/mitchellparker/Desktop/rascore_build/sifts/6ob2.xml.gz	/Users/mitchellparker/Desktop/rascore_build/pocket/6ob2A_3_pocket.pdb
6ob2A	6ob2	0	A	Y32in.3P-ON	Y71in.3P-R	Y32in	Y71in	P 21 21 21 (CF21)	6ob2A4	4	GTPase KRas	RASK_HUMAN	P01116-2	WT	WT	KRAS	3P	WT	None	None	GAP	None	Other-Unbound	P 21 21 21	170	1-169	2019-03-19	Other	161.8396	0.0002	Unbound	Unbound	108,109,110,111,138,139,162,165,166	GOL,GNP,MG	Neurofibromin	None	B:32,31,61,34,88,62,60,63,64,67,66,37,70,36,38,33,25,40,21,39	NF1_HUMAN	None	None	None	RasGAP	None	B	GNP	MG	None	GOL	None	None	STP	XRAY	2.845	0.202	GMTEYKLVVVGAGGVGKSALTIQLIQNHFVDEYDPTIEDSYRKQVVIDGETCLLDILDTAGQEEYSAMRDQYMRTGEGFLCVFAINNTKSFEDIHHYREQIKRVKDSEDVPMVLVGNKCDLPSRTVDTKQAQDLARSYGIPFIETSAKTRQGVDDAFYTLVREIRKHKEK	True	83.728	99.736	155.514	90.000	90.000	90.000	/Users/mitchellparker/Desktop/rascore_build/core/6ob2A_core.cif	/Users/mitchellparker/Desktop/rascore_build/rcsb/6ob2.cif.gz	/Users/mitchellparker/Desktop/rascore_build/renum/6ob2_renum.cif	/Users/mitchellparker/Desktop/rascore_build/rcsb_assembly/6ob2-assembly-1.cif.gz	/Users/mitchellparker/Desktop/rascore_build/renum_assembly/6ob2-assembly-1_renum.cif	/Users/mitchellparker/Desktop/rascore_build/sifts/6ob2.xml.gz	/Users/mitchellparker/Desktop/rascore_build/pocket/6ob2A_4_pocket.pdb
6ob2C	6ob2	0	C	Y32in.3P-ON	Y71in.3P-R	Y32in	Y71in	P 21 21 21 (CF21)	6ob2C3	3	GTPase KRas	RASK_HUMAN	P01116-2	WT	WT	KRAS	3P	WT	None	None	GAP	None	Other-Unbound	P 21 21 21	170	1-165	2019-03-19	Other	171.1115	0.0472	Unbound	Unbound	82,83,84,90,113,114,115,125,127,141,143	GNP,MG	Neurofibromin	None	D:61,32,34,62,60,63,39,41,64,67,66,70,37,36,38,33,40	NF1_HUMAN	None	None	None	RasGAP	None	D	GNP	MG	None	None	None	None	STP	XRAY	2.845	0.202	GMTEYKLVVVGAGGVGKSALTIQLIQNHFVDEYDPTIEDSYRKQVVIDGETCLLDILDTAGQEEYSAMRDQYMRTGEGFLCVFAINNTKSFEDIHHYREQIKRVKDSEDVPMVLVGNKCDLPSRTVDTKQAQDLARSYGIPFIETSAKTRQGVDDAFYTLVREIRKHKEK	True	83.728	99.736	155.514	90.000	90.000	90.000	/Users/mitchellparker/Desktop/rascore_build/core/6ob2C_core.cif	/Users/mitchellparker/Desktop/rascore_build/rcsb/6ob2.cif.gz	/Users/mitchellparker/Desktop/rascore_build/renum/6ob2_renum.cif	/Users/mitchellparker/Desktop/rascore_build/rcsb_assembly/6ob2-assembly-1.cif.gz	/Users/mitchellparker/Desktop/rascore_build/renum_assembly/6ob2-assembly-1_renum.cif	/Users/mitchellparker/Desktop/rascore_build/sifts/6ob2.xml.gz	/Users/mitchellparker/Desktop/rascore_build/pocket/6ob2C_3_pocket.pdb
6ob2C	6ob2	0	C	Y32in.3P-ON	Y71in.3P-R	Y32in	Y71in	P 21 21 21 (CF21)	6ob2C4	4	GTPase KRas	RASK_HUMAN	P01116-2	WT	WT	KRAS	3P	WT	None	None	GAP	None	Other-Unbound	P 21 21 21	170	1-165	2019-03-19	Other	127.6043	0.0087	Unbound	Unbound	80,93,97,111,113,133,134,137,139	GNP,MG	Neurofibromin	None	D:61,32,34,62,60,63,39,41,64,67,66,70,37,36,38,33,40	NF1_HUMAN	None	None	None	RasGAP	None	D	GNP	MG	None	None	None	None	STP	XRAY	2.845	0.202	GMTEYKLVVVGAGGVGKSALTIQLIQNHFVDEYDPTIEDSYRKQVVIDGETCLLDILDTAGQEEYSAMRDQYMRTGEGFLCVFAINNTKSFEDIHHYREQIKRVKDSEDVPMVLVGNKCDLPSRTVDTKQAQDLARSYGIPFIETSAKTRQGVDDAFYTLVREIRKHKEK	True	83.728	99.736	155.514	90.000	90.000	90.000	/Users/mitchellparker/Desktop/rascore_build/core/6ob2C_core.cif	/Users/mitchellparker/Desktop/rascore_build/rcsb/6ob2.cif.gz	/Users/mitchellparker/Desktop/rascore_build/renum/6ob2_renum.cif	/Users/mitchellparker/Desktop/rascore_build/rcsb_assembly/6ob2-assembly-1.cif.gz	/Users/mitchellparker/Desktop/rascore_build/renum_assembly/6ob2-assembly-1_renum.cif	/Users/mitchellparker/Desktop/rascore_build/sifts/6ob2.xml.gz	/Users/mitchellparker/Desktop/rascore_build/pocket/6ob2C_4_pocket.pdb
6ob2C	6ob2	0	C	Y32in.3P-ON	Y71in.3P-R	Y32in	Y71in	P 21 21 21 (CF21)	6ob2C5	5	GTPase KRas	RASK_HUMAN	P01116-2	WT	WT	KRAS	3P	WT	None	None	GAP	None	Other-Unbound	P 21 21 21	170	1-165	2019-03-19	Other	371.1396	0.2654	Unbound	Unbound	3,4,5,6,53,74,76,77,79,156,159,160,163	GNP,MG	Neurofibromin	None	D:61,32,34,62,60,63,39,41,64,67,66,70,37,36,38,33,40	NF1_HUMAN	None	None	None	RasGAP	None	D	GNP	MG	None	None	None	None	STP	XRAY	2.845	0.202	GMTEYKLVVVGAGGVGKSALTIQLIQNHFVDEYDPTIEDSYRKQVVIDGETCLLDILDTAGQEEYSAMRDQYMRTGEGFLCVFAINNTKSFEDIHHYREQIKRVKDSEDVPMVLVGNKCDLPSRTVDTKQAQDLARSYGIPFIETSAKTRQGVDDAFYTLVREIRKHKEK	True	83.728	99.736	155.514	90.000	90.000	90.000	/Users/mitchellparker/Desktop/rascore_build/core/6ob2C_core.cif	/Users/mitchellparker/Desktop/rascore_build/rcsb/6ob2.cif.gz	/Users/mitchellparker/Desktop/rascore_build/renum/6ob2_renum.cif	/Users/mitchellparker/Desktop/rascore_build/rcsb_assembly/6ob2-assembly-1.cif.gz	/Users/mitchellparker/Desktop/rascore_build/renum_assembly/6ob2-assembly-1_renum.cif	/Users/mitchellparker/Desktop/rascore_build/sifts/6ob2.xml.gz	/Users/mitchellparker/Desktop/rascore_build/pocket/6ob2C_5_pocket.pdb
6ob2C	6ob2	0	C	Y32in.3P-ON	Y71in.3P-R	Y32in	Y71in	P 21 21 21 (CF21)	6ob2C6	6	GTPase KRas	RASK_HUMAN	P01116-2	WT	WT	KRAS	3P	WT	None	None	GAP	None	Other-Unbound	P 21 21 21	170	1-165	2019-03-19	Other	342.2678	0.0056	Unbound	Unbound	45,46,47,49,51,157,160,161,164	GNP,MG	Neurofibromin	None	D:61,32,34,62,60,63,39,41,64,67,66,70,37,36,38,33,40	NF1_HUMAN	None	None	None	RasGAP	None	D	GNP	MG	None	None	None	None	STP	XRAY	2.845	0.202	GMTEYKLVVVGAGGVGKSALTIQLIQNHFVDEYDPTIEDSYRKQVVIDGETCLLDILDTAGQEEYSAMRDQYMRTGEGFLCVFAINNTKSFEDIHHYREQIKRVKDSEDVPMVLVGNKCDLPSRTVDTKQAQDLARSYGIPFIETSAKTRQGVDDAFYTLVREIRKHKEK	True	83.728	99.736	155.514	90.000	90.000	90.000	/Users/mitchellparker/Desktop/rascore_build/core/6ob2C_core.cif	/Users/mitchellparker/Desktop/rascore_build/rcsb/6ob2.cif.gz	/Users/mitchellparker/Desktop/rascore_build/renum/6ob2_renum.cif	/Users/mitchellparker/Desktop/rascore_build/rcsb_assembly/6ob2-assembly-1.cif.gz	/Users/mitchellparker/Desktop/rascore_build/renum_assembly/6ob2-assembly-1_renum.cif	/Users/mitchellparker/Desktop/rascore_build/sifts/6ob2.xml.gz	/Users/mitchellparker/Desktop/rascore_build/pocket/6ob2C_6_pocket.pdb
6ob3A	6ob3	0	A	Y32in.3P-ON	Y71in.3P-R	Y32in	Y71in	P 21 21 21 (CF21)	6ob3A1	1	GTPase KRas	RASK_HUMAN	P01116-2	G13D	G13	KRAS	3P	G13D	None	None	GAP	None	Other-Unbound	P 21 21 21	170	1-169	2019-03-19	Other	248.9664	0.0009	Unbound	Unbound	97,107,108,109,110,111,137,138,139,162,165,166,169	GNP,MG	Neurofibromin	None	B:88,91,62,31,30,32,13,86,63,41,54,39,64,34,61,67,66,37,70,36,38,33,25,40,21,17,11,24	NF1_HUMAN	None	None	None	RasGAP	None	B	GNP	MG	None	None	None	None	STP	XRAY	2.100	0.187	GMTEYKLVVVGAGDVGKSALTIQLIQNHFVDEYDPTIEDSYRKQVVIDGETCLLDILDTAGQEEYSAMRDQYMRTGEGFLCVFAINNTKSFEDIHHYREQIKRVKDSEDVPMVLVGNKCDLPSRTVDTKQAQDLARSYGIPFIETSAKTRQGVDDAFYTLVREIRKHKEK	True	81.677	97.169	155.525	90.000	90.000	90.000	/Users/mitchellparker/Desktop/rascore_build/core/6ob3A_core.cif	/Users/mitchellparker/Desktop/rascore_build/rcsb/6ob3.cif.gz	/Users/mitchellparker/Desktop/rascore_build/renum/6ob3_renum.cif	/Users/mitchellparker/Desktop/rascore_build/rcsb_assembly/6ob3-assembly-1.cif.gz	/Users/mitchellparker/Desktop/rascore_build/renum_assembly/6ob3-assembly-1_renum.cif	/Users/mitchellparker/Desktop/rascore_build/sifts/6ob3.xml.gz	/Users/mitchellparker/Desktop/rascore_build/pocket/6ob3A_1_pocket.pdb
6ob3A	6ob3	0	A	Y32in.3P-ON	Y71in.3P-R	Y32in	Y71in	P 21 21 21 (CF21)	6ob3A2	2	GTPase KRas	RASK_HUMAN	P01116-2	G13D	G13	KRAS	3P	G13D	None	None	GAP	None	Other-Unbound	P 21 21 21	170	1-169	2019-03-19	Other	257.0465	0.0002	Unbound	Unbound	1,2,4,46,49,51,160,164,168	GNP,MG	Neurofibromin	None	B:88,91,62,31,30,32,13,86,63,41,54,39,64,34,61,67,66,37,70,36,38,33,25,40,21,17,11,24	NF1_HUMAN	None	None	None	RasGAP	None	B	GNP	MG	None	None	None	None	STP	XRAY	2.100	0.187	GMTEYKLVVVGAGDVGKSALTIQLIQNHFVDEYDPTIEDSYRKQVVIDGETCLLDILDTAGQEEYSAMRDQYMRTGEGFLCVFAINNTKSFEDIHHYREQIKRVKDSEDVPMVLVGNKCDLPSRTVDTKQAQDLARSYGIPFIETSAKTRQGVDDAFYTLVREIRKHKEK	True	81.677	97.169	155.525	90.000	90.000	90.000	/Users/mitchellparker/Desktop/rascore_build/core/6ob3A_core.cif	/Users/mitchellparker/Desktop/rascore_build/rcsb/6ob3.cif.gz	/Users/mitchellparker/Desktop/rascore_build/renum/6ob3_renum.cif	/Users/mitchellparker/Desktop/rascore_build/rcsb_assembly/6ob3-assembly-1.cif.gz	/Users/mitchellparker/Desktop/rascore_build/renum_assembly/6ob3-assembly-1_renum.cif	/Users/mitchellparker/Desktop/rascore_build/sifts/6ob3.xml.gz	/Users/mitchellparker/Desktop/rascore_build/pocket/6ob3A_2_pocket.pdb
6ob3A	6ob3	0	A	Y32in.3P-ON	Y71in.3P-R	Y32in	Y71in	P 21 21 21 (CF21)	6ob3A3	3	GTPase KRas	RASK_HUMAN	P01116-2	G13D	G13	KRAS	3P	G13D	None	None	GAP	None	Other-Unbound	P 21 21 21	170	1-169	2019-03-19	Other	366.8253	0.0052	Unbound	Unbound	74,75,76,104,106,108,109,110,163,166,167	GNP,MG	Neurofibromin	None	B:88,91,62,31,30,32,13,86,63,41,54,39,64,34,61,67,66,37,70,36,38,33,25,40,21,17,11,24	NF1_HUMAN	None	None	None	RasGAP	None	B	GNP	MG	None	None	None	None	STP	XRAY	2.100	0.187	GMTEYKLVVVGAGDVGKSALTIQLIQNHFVDEYDPTIEDSYRKQVVIDGETCLLDILDTAGQEEYSAMRDQYMRTGEGFLCVFAINNTKSFEDIHHYREQIKRVKDSEDVPMVLVGNKCDLPSRTVDTKQAQDLARSYGIPFIETSAKTRQGVDDAFYTLVREIRKHKEK	True	81.677	97.169	155.525	90.000	90.000	90.000	/Users/mitchellparker/Desktop/rascore_build/core/6ob3A_core.cif	/Users/mitchellparker/Desktop/rascore_build/rcsb/6ob3.cif.gz	/Users/mitchellparker/Desktop/rascore_build/renum/6ob3_renum.cif	/Users/mitchellparker/Desktop/rascore_build/rcsb_assembly/6ob3-assembly-1.cif.gz	/Users/mitchellparker/Desktop/rascore_build/renum_assembly/6ob3-assembly-1_renum.cif	/Users/mitchellparker/Desktop/rascore_build/sifts/6ob3.xml.gz	/Users/mitchellparker/Desktop/rascore_build/pocket/6ob3A_3_pocket.pdb
6ob3C	6ob3	0	C	Y32in.3P-ON	Y71in.3P-R	Y32in	Y71in	P 21 21 21 (CF21)	6ob3C1	1	GTPase KRas	RASK_HUMAN	P01116-2	G13D	G13	KRAS	3P	G13D	None	None	GAP	None	Other-Unbound	P 21 21 21	170	1-166	2019-03-19	Other	324.4571	0.0007	Unbound	Unbound	2,3,4,76,110,163,166	GNP,MG,CL	Neurofibromin	None	D:88,32,13,62,63,61,60,41,54,39,64,67,66,70,37,36,38,25,40,33,17	NF1_HUMAN	None	None	None	RasGAP	None	D	GNP	MG	None	CL	None	None	STP	XRAY	2.100	0.187	GMTEYKLVVVGAGDVGKSALTIQLIQNHFVDEYDPTIEDSYRKQVVIDGETCLLDILDTAGQEEYSAMRDQYMRTGEGFLCVFAINNTKSFEDIHHYREQIKRVKDSEDVPMVLVGNKCDLPSRTVDTKQAQDLARSYGIPFIETSAKTRQGVDDAFYTLVREIRKHKEK	True	81.677	97.169	155.525	90.000	90.000	90.000	/Users/mitchellparker/Desktop/rascore_build/core/6ob3C_core.cif	/Users/mitchellparker/Desktop/rascore_build/rcsb/6ob3.cif.gz	/Users/mitchellparker/Desktop/rascore_build/renum/6ob3_renum.cif	/Users/mitchellparker/Desktop/rascore_build/rcsb_assembly/6ob3-assembly-1.cif.gz	/Users/mitchellparker/Desktop/rascore_build/renum_assembly/6ob3-assembly-1_renum.cif	/Users/mitchellparker/Desktop/rascore_build/sifts/6ob3.xml.gz	/Users/mitchellparker/Desktop/rascore_build/pocket/6ob3C_1_pocket.pdb
6oimA	6oim	0	A	Y32out.2P-OFF	Outlier	Y32out	Y71out	P 21 21 21 (CF20)	6oimA1	1	GTPase KRas	RASK_HUMAN	P01116-2	G12C,C51S,C80L,C118S	G12,C51,C80,C118	KRAS	2P	G12C	SP2	SP2.Acrylamide	None	None	SP2-Bound	P 21 21 21	183	1-104:108-169	2019-04-09	SP2	709.8718	0.9729	Bound	SP2	9,10,12,16,34,35,58,59,60,61,62,63,68,69,72,96,99,100	MG,GDP,MOV	None	MOV:96,12,61,60,59,16,34,10,62,63,99,95,68,58,72,9,103	None	None	SP2	SP2.Acrylamide	MOV:CCC(=O)N1CCN(c2nc(=O)n(-c3c(C)ccnc3C(C)C)c3nc(-c4c(O)cccc4F)c(F)cc23)C(C)C1	None	None	None	GDP	MG	MOV	None	None	None	MOV	XRAY	1.650	0.183	MKHHHHHHHDEVDGMTEYKLVVVGACGVGKSALTIQLIQNHFVDEYDPTIEDSYRKQVVIDGETSLLDILDTAGQEEYSAMRDQYMRTGEGFLLVFAINNTKSFEDIHHYREQIKRVKDSEDVPMVLVGNKSDLPSRTVDTKQAQDLARSYGIPFIETSAKTRQGVDDAFYTLVREIRKHKEK	True	40.868	58.417	65.884	90.00	90.00	90.00	/Users/mitchellparker/Desktop/rascore_build/core/6oimA_core.cif	/Users/mitchellparker/Desktop/rascore_build/rcsb/6oim.cif.gz	/Users/mitchellparker/Desktop/rascore_build/renum/6oim_renum.cif	/Users/mitchellparker/Desktop/rascore_build/rcsb_assembly/6oim-assembly-1.cif.gz	/Users/mitchellparker/Desktop/rascore_build/renum_assembly/6oim-assembly-1_renum.cif	/Users/mitchellparker/Desktop/rascore_build/sifts/6oim.xml.gz	/Users/mitchellparker/Desktop/rascore_build/pocket/6oimA_1_pocket.pdb
6oimA	6oim	0	A	Y32out.2P-OFF	Outlier	Y32out	Y71out	P 21 21 21 (CF20)	6oimA2	2	GTPase KRas	RASK_HUMAN	P01116-2	G12C,C51S,C80L,C118S	G12,C51,C80,C118	KRAS	2P	G12C	SP2	SP2.Acrylamide	None	None	SP2-Bound	P 21 21 21	183	1-104:108-169	2019-04-09	SP2	181.4384	0.0181	Bound	SP2	92,95,96,99	MG,GDP,MOV	None	MOV:96,12,61,60,59,16,34,10,62,63,99,95,68,58,72,9,103	None	None	SP2	SP2.Acrylamide	MOV:CCC(=O)N1CCN(c2nc(=O)n(-c3c(C)ccnc3C(C)C)c3nc(-c4c(O)cccc4F)c(F)cc23)C(C)C1	None	None	None	GDP	MG	MOV	None	None	None	MOV	XRAY	1.650	0.183	MKHHHHHHHDEVDGMTEYKLVVVGACGVGKSALTIQLIQNHFVDEYDPTIEDSYRKQVVIDGETSLLDILDTAGQEEYSAMRDQYMRTGEGFLLVFAINNTKSFEDIHHYREQIKRVKDSEDVPMVLVGNKSDLPSRTVDTKQAQDLARSYGIPFIETSAKTRQGVDDAFYTLVREIRKHKEK	True	40.868	58.417	65.884	90.00	90.00	90.00	/Users/mitchellparker/Desktop/rascore_build/core/6oimA_core.cif	/Users/mitchellparker/Desktop/rascore_build/rcsb/6oim.cif.gz	/Users/mitchellparker/Desktop/rascore_build/renum/6oim_renum.cif	/Users/mitchellparker/Desktop/rascore_build/rcsb_assembly/6oim-assembly-1.cif.gz	/Users/mitchellparker/Desktop/rascore_build/renum_assembly/6oim-assembly-1_renum.cif	/Users/mitchellparker/Desktop/rascore_build/sifts/6oim.xml.gz	/Users/mitchellparker/Desktop/rascore_build/pocket/6oimA_2_pocket.pdb
6p0zA	6p0z	0	A	Y32out.2P-OFF	Y71in.2P-SP12	Y32out	Y71in	C 1 2 1 (CF4)	6p0zA1	1	GTPase KRas	RASK_HUMAN	P01116-2	WT	WT	KRAS	2P	WT	None	None	None	None	Multiple-Unbound	C 1 2 1	168	2-168	2019-05-17	SP2	375.6149	0.2512	Unbound	Unbound	9,10,58,60,61,68,71,72,92,95,96,99	MG,GDP,ACE	None	None	None	None	None	None	None	None	None	None	GDP	MG	None	None	ACE	None	STP	XRAY	1.011	0.145	TEYKLVVVGAGGVGKSALTIQLIQNHFVDEYDPTIEDSYRKQVVIDGETCLLDILDTAGQEEYSAMRDQYMRTGEGFLCVFAINNTKSFEDIHHYREQIKRVKDSEDVPMVLVGNKCDLPSRTVDTKQAQDLARSYGIPFIETSAKTRQGVDDAFYTLVREIRKHKEK	True	65.194	41.571	115.410	90.000	104.590	90.000	/Users/mitchellparker/Desktop/rascore_build/core/6p0zA_core.cif	/Users/mitchellparker/Desktop/rascore_build/rcsb/6p0z.cif.gz	/Users/mitchellparker/Desktop/rascore_build/renum/6p0z_renum.cif	/Users/mitchellparker/Desktop/rascore_build/rcsb_assembly/6p0z-assembly-2.cif.gz	/Users/mitchellparker/Desktop/rascore_build/renum_assembly/6p0z-assembly-2_renum.cif	/Users/mitchellparker/Desktop/rascore_build/sifts/6p0z.xml.gz	/Users/mitchellparker/Desktop/rascore_build/pocket/6p0zA_1_pocket.pdb
6p0zA	6p0z	0	A	Y32out.2P-OFF	Y71in.2P-SP12	Y32out	Y71in	C 1 2 1 (CF4)	6p0zA2	2	GTPase KRas	RASK_HUMAN	P01116-2	WT	WT	KRAS	2P	WT	None	None	None	None	Multiple-Unbound	C 1 2 1	168	2-168	2019-05-17	Other	453.0831	0.0056	Unbound	Unbound	73,74,75,76,104,106,108,110,163,166,167	MG,GDP,ACE	None	None	None	None	None	None	None	None	None	None	GDP	MG	None	None	ACE	None	STP	XRAY	1.011	0.145	TEYKLVVVGAGGVGKSALTIQLIQNHFVDEYDPTIEDSYRKQVVIDGETCLLDILDTAGQEEYSAMRDQYMRTGEGFLCVFAINNTKSFEDIHHYREQIKRVKDSEDVPMVLVGNKCDLPSRTVDTKQAQDLARSYGIPFIETSAKTRQGVDDAFYTLVREIRKHKEK	True	65.194	41.571	115.410	90.000	104.590	90.000	/Users/mitchellparker/Desktop/rascore_build/core/6p0zA_core.cif	/Users/mitchellparker/Desktop/rascore_build/rcsb/6p0z.cif.gz	/Users/mitchellparker/Desktop/rascore_build/renum/6p0z_renum.cif	/Users/mitchellparker/Desktop/rascore_build/rcsb_assembly/6p0z-assembly-2.cif.gz	/Users/mitchellparker/Desktop/rascore_build/renum_assembly/6p0z-assembly-2_renum.cif	/Users/mitchellparker/Desktop/rascore_build/sifts/6p0z.xml.gz	/Users/mitchellparker/Desktop/rascore_build/pocket/6p0zA_2_pocket.pdb
6p0zA	6p0z	0	A	Y32out.2P-OFF	Y71in.2P-SP12	Y32out	Y71in	C 1 2 1 (CF4)	6p0zA3	3	GTPase KRas	RASK_HUMAN	P01116-2	WT	WT	KRAS	2P	WT	None	None	None	None	Multiple-Unbound	C 1 2 1	168	2-168	2019-05-17	Other	353.9842	0.0293	Unbound	Unbound	98,101,102,105,106,107	MG,GDP,ACE	None	None	None	None	None	None	None	None	None	None	GDP	MG	None	None	ACE	None	STP	XRAY	1.011	0.145	TEYKLVVVGAGGVGKSALTIQLIQNHFVDEYDPTIEDSYRKQVVIDGETCLLDILDTAGQEEYSAMRDQYMRTGEGFLCVFAINNTKSFEDIHHYREQIKRVKDSEDVPMVLVGNKCDLPSRTVDTKQAQDLARSYGIPFIETSAKTRQGVDDAFYTLVREIRKHKEK	True	65.194	41.571	115.410	90.000	104.590	90.000	/Users/mitchellparker/Desktop/rascore_build/core/6p0zA_core.cif	/Users/mitchellparker/Desktop/rascore_build/rcsb/6p0z.cif.gz	/Users/mitchellparker/Desktop/rascore_build/renum/6p0z_renum.cif	/Users/mitchellparker/Desktop/rascore_build/rcsb_assembly/6p0z-assembly-2.cif.gz	/Users/mitchellparker/Desktop/rascore_build/renum_assembly/6p0z-assembly-2_renum.cif	/Users/mitchellparker/Desktop/rascore_build/sifts/6p0z.xml.gz	/Users/mitchellparker/Desktop/rascore_build/pocket/6p0zA_3_pocket.pdb
6p0zA	6p0z	0	A	Y32out.2P-OFF	Y71in.2P-SP12	Y32out	Y71in	C 1 2 1 (CF4)	6p0zA4	4	GTPase KRas	RASK_HUMAN	P01116-2	WT	WT	KRAS	2P	WT	None	None	None	None	Multiple-Unbound	C 1 2 1	168	2-168	2019-05-17	Other	233.5990	0.0054	Unbound	Unbound	135,138,139,140,162,165	MG,GDP,ACE	None	None	None	None	None	None	None	None	None	None	GDP	MG	None	None	ACE	None	STP	XRAY	1.011	0.145	TEYKLVVVGAGGVGKSALTIQLIQNHFVDEYDPTIEDSYRKQVVIDGETCLLDILDTAGQEEYSAMRDQYMRTGEGFLCVFAINNTKSFEDIHHYREQIKRVKDSEDVPMVLVGNKCDLPSRTVDTKQAQDLARSYGIPFIETSAKTRQGVDDAFYTLVREIRKHKEK	True	65.194	41.571	115.410	90.000	104.590	90.000	/Users/mitchellparker/Desktop/rascore_build/core/6p0zA_core.cif	/Users/mitchellparker/Desktop/rascore_build/rcsb/6p0z.cif.gz	/Users/mitchellparker/Desktop/rascore_build/renum/6p0z_renum.cif	/Users/mitchellparker/Desktop/rascore_build/rcsb_assembly/6p0z-assembly-2.cif.gz	/Users/mitchellparker/Desktop/rascore_build/renum_assembly/6p0z-assembly-2_renum.cif	/Users/mitchellparker/Desktop/rascore_build/sifts/6p0z.xml.gz	/Users/mitchellparker/Desktop/rascore_build/pocket/6p0zA_4_pocket.pdb
6p0zA	6p0z	0	A	Y32out.2P-OFF	Y71in.2P-SP12	Y32out	Y71in	C 1 2 1 (CF4)	6p0zA5	5	GTPase KRas	RASK_HUMAN	P01116-2	WT	WT	KRAS	2P	WT	None	None	None	None	Multiple-Unbound	C 1 2 1	168	2-168	2019-05-17	SP12	147.8833	0.1418	Unbound	Unbound	5,6,7,39,54,56,71,74	MG,GDP,ACE	None	None	None	None	None	None	None	None	None	None	GDP	MG	None	None	ACE	None	STP	XRAY	1.011	0.145	TEYKLVVVGAGGVGKSALTIQLIQNHFVDEYDPTIEDSYRKQVVIDGETCLLDILDTAGQEEYSAMRDQYMRTGEGFLCVFAINNTKSFEDIHHYREQIKRVKDSEDVPMVLVGNKCDLPSRTVDTKQAQDLARSYGIPFIETSAKTRQGVDDAFYTLVREIRKHKEK	True	65.194	41.571	115.410	90.000	104.590	90.000	/Users/mitchellparker/Desktop/rascore_build/core/6p0zA_core.cif	/Users/mitchellparker/Desktop/rascore_build/rcsb/6p0z.cif.gz	/Users/mitchellparker/Desktop/rascore_build/renum/6p0z_renum.cif	/Users/mitchellparker/Desktop/rascore_build/rcsb_assembly/6p0z-assembly-2.cif.gz	/Users/mitchellparker/Desktop/rascore_build/renum_assembly/6p0z-assembly-2_renum.cif	/Users/mitchellparker/Desktop/rascore_build/sifts/6p0z.xml.gz	/Users/mitchellparker/Desktop/rascore_build/pocket/6p0zA_5_pocket.pdb
6p0zA	6p0z	0	A	Y32out.2P-OFF	Y71in.2P-SP12	Y32out	Y71in	C 1 2 1 (CF4)	6p0zA6	6	GTPase KRas	RASK_HUMAN	P01116-2	WT	WT	KRAS	2P	WT	None	None	None	None	Multiple-Unbound	C 1 2 1	168	2-168	2019-05-17	Other	129.1785	0.0197	Unbound	Unbound	153,154,157,161	MG,GDP,ACE	None	None	None	None	None	None	None	None	None	None	GDP	MG	None	None	ACE	None	STP	XRAY	1.011	0.145	TEYKLVVVGAGGVGKSALTIQLIQNHFVDEYDPTIEDSYRKQVVIDGETCLLDILDTAGQEEYSAMRDQYMRTGEGFLCVFAINNTKSFEDIHHYREQIKRVKDSEDVPMVLVGNKCDLPSRTVDTKQAQDLARSYGIPFIETSAKTRQGVDDAFYTLVREIRKHKEK	True	65.194	41.571	115.410	90.000	104.590	90.000	/Users/mitchellparker/Desktop/rascore_build/core/6p0zA_core.cif	/Users/mitchellparker/Desktop/rascore_build/rcsb/6p0z.cif.gz	/Users/mitchellparker/Desktop/rascore_build/renum/6p0z_renum.cif	/Users/mitchellparker/Desktop/rascore_build/rcsb_assembly/6p0z-assembly-2.cif.gz	/Users/mitchellparker/Desktop/rascore_build/renum_assembly/6p0z-assembly-2_renum.cif	/Users/mitchellparker/Desktop/rascore_build/sifts/6p0z.xml.gz	/Users/mitchellparker/Desktop/rascore_build/pocket/6p0zA_6_pocket.pdb
6p0zA	6p0z	0	A	Y32out.2P-OFF	Y71in.2P-SP12	Y32out	Y71in	C 1 2 1 (CF4)	6p0zA7	7	GTPase KRas	RASK_HUMAN	P01116-2	WT	WT	KRAS	2P	WT	None	None	None	None	Multiple-Unbound	C 1 2 1	168	2-168	2019-05-17	SP12	304.2582	0.0008	Unbound	Unbound	5,37,56,62,67,70,71,74	MG,GDP,ACE	None	None	None	None	None	None	None	None	None	None	GDP	MG	None	None	ACE	None	STP	XRAY	1.011	0.145	TEYKLVVVGAGGVGKSALTIQLIQNHFVDEYDPTIEDSYRKQVVIDGETCLLDILDTAGQEEYSAMRDQYMRTGEGFLCVFAINNTKSFEDIHHYREQIKRVKDSEDVPMVLVGNKCDLPSRTVDTKQAQDLARSYGIPFIETSAKTRQGVDDAFYTLVREIRKHKEK	True	65.194	41.571	115.410	90.000	104.590	90.000	/Users/mitchellparker/Desktop/rascore_build/core/6p0zA_core.cif	/Users/mitchellparker/Desktop/rascore_build/rcsb/6p0z.cif.gz	/Users/mitchellparker/Desktop/rascore_build/renum/6p0z_renum.cif	/Users/mitchellparker/Desktop/rascore_build/rcsb_assembly/6p0z-assembly-2.cif.gz	/Users/mitchellparker/Desktop/rascore_build/renum_assembly/6p0z-assembly-2_renum.cif	/Users/mitchellparker/Desktop/rascore_build/sifts/6p0z.xml.gz	/Users/mitchellparker/Desktop/rascore_build/pocket/6p0zA_7_pocket.pdb
6p0zB	6p0z	0	B	Y32out.2P-OFF	Y71in.2P-SP12	Y32out	Y71in	C 1 2 1 (CF4)	6p0zB1	1	GTPase KRas	RASK_HUMAN	P01116-2	WT	WT	KRAS	2P	WT	None	None	None	None	Multiple-Unbound	C 1 2 1	168	2-168	2019-05-17	Other	458.1288	0.0086	Unbound	Unbound	73,74,75,76,103,104,106,108,110,166,167	MG,GDP,PEG,ACE	None	None	None	None	None	None	None	None	None	None	GDP	MG	None	PEG	ACE	None	STP	XRAY	1.011	0.145	TEYKLVVVGAGGVGKSALTIQLIQNHFVDEYDPTIEDSYRKQVVIDGETCLLDILDTAGQEEYSAMRDQYMRTGEGFLCVFAINNTKSFEDIHHYREQIKRVKDSEDVPMVLVGNKCDLPSRTVDTKQAQDLARSYGIPFIETSAKTRQGVDDAFYTLVREIRKHKEK	True	65.194	41.571	115.410	90.000	104.590	90.000	/Users/mitchellparker/Desktop/rascore_build/core/6p0zB_core.cif	/Users/mitchellparker/Desktop/rascore_build/rcsb/6p0z.cif.gz	/Users/mitchellparker/Desktop/rascore_build/renum/6p0z_renum.cif	/Users/mitchellparker/Desktop/rascore_build/rcsb_assembly/6p0z-assembly-2.cif.gz	/Users/mitchellparker/Desktop/rascore_build/renum_assembly/6p0z-assembly-2_renum.cif	/Users/mitchellparker/Desktop/rascore_build/sifts/6p0z.xml.gz	/Users/mitchellparker/Desktop/rascore_build/pocket/6p0zB_1_pocket.pdb
6p0zB	6p0z	0	B	Y32out.2P-OFF	Y71in.2P-SP12	Y32out	Y71in	C 1 2 1 (CF4)	6p0zB2	2	GTPase KRas	RASK_HUMAN	P01116-2	WT	WT	KRAS	2P	WT	None	None	None	None	Multiple-Unbound	C 1 2 1	168	2-168	2019-05-17	Other	438.3809	0.1581	Unbound	Unbound	94,97,98,101,102,105,106,107,137	MG,GDP,PEG,ACE	None	None	None	None	None	None	None	None	None	None	GDP	MG	None	PEG	ACE	None	STP	XRAY	1.011	0.145	TEYKLVVVGAGGVGKSALTIQLIQNHFVDEYDPTIEDSYRKQVVIDGETCLLDILDTAGQEEYSAMRDQYMRTGEGFLCVFAINNTKSFEDIHHYREQIKRVKDSEDVPMVLVGNKCDLPSRTVDTKQAQDLARSYGIPFIETSAKTRQGVDDAFYTLVREIRKHKEK	True	65.194	41.571	115.410	90.000	104.590	90.000	/Users/mitchellparker/Desktop/rascore_build/core/6p0zB_core.cif	/Users/mitchellparker/Desktop/rascore_build/rcsb/6p0z.cif.gz	/Users/mitchellparker/Desktop/rascore_build/renum/6p0z_renum.cif	/Users/mitchellparker/Desktop/rascore_build/rcsb_assembly/6p0z-assembly-2.cif.gz	/Users/mitchellparker/Desktop/rascore_build/renum_assembly/6p0z-assembly-2_renum.cif	/Users/mitchellparker/Desktop/rascore_build/sifts/6p0z.xml.gz	/Users/mitchellparker/Desktop/rascore_build/pocket/6p0zB_2_pocket.pdb
6p0zB	6p0z	0	B	Y32out.2P-OFF	Y71in.2P-SP12	Y32out	Y71in	C 1 2 1 (CF4)	6p0zB3	3	GTPase KRas	RASK_HUMAN	P01116-2	WT	WT	KRAS	2P	WT	None	None	None	None	Multiple-Unbound	C 1 2 1	168	2-168	2019-05-17	Other	200.0699	0.0006	Unbound	Unbound	97,108,109,110,111,137,138,139,162,165,166	MG,GDP,PEG,ACE	None	None	None	None	None	None	None	None	None	None	GDP	MG	None	PEG	ACE	None	STP	XRAY	1.011	0.145	TEYKLVVVGAGGVGKSALTIQLIQNHFVDEYDPTIEDSYRKQVVIDGETCLLDILDTAGQEEYSAMRDQYMRTGEGFLCVFAINNTKSFEDIHHYREQIKRVKDSEDVPMVLVGNKCDLPSRTVDTKQAQDLARSYGIPFIETSAKTRQGVDDAFYTLVREIRKHKEK	True	65.194	41.571	115.410	90.000	104.590	90.000	/Users/mitchellparker/Desktop/rascore_build/core/6p0zB_core.cif	/Users/mitchellparker/Desktop/rascore_build/rcsb/6p0z.cif.gz	/Users/mitchellparker/Desktop/rascore_build/renum/6p0z_renum.cif	/Users/mitchellparker/Desktop/rascore_build/rcsb_assembly/6p0z-assembly-2.cif.gz	/Users/mitchellparker/Desktop/rascore_build/renum_assembly/6p0z-assembly-2_renum.cif	/Users/mitchellparker/Desktop/rascore_build/sifts/6p0z.xml.gz	/Users/mitchellparker/Desktop/rascore_build/pocket/6p0zB_3_pocket.pdb
6p0zB	6p0z	0	B	Y32out.2P-OFF	Y71in.2P-SP12	Y32out	Y71in	C 1 2 1 (CF4)	6p0zB4	4	GTPase KRas	RASK_HUMAN	P01116-2	WT	WT	KRAS	2P	WT	None	None	None	None	Multiple-Unbound	C 1 2 1	168	2-168	2019-05-17	SP12	142.0895	0.2841	Unbound	Unbound	5,6,7,39,54,56,71,74	MG,GDP,PEG,ACE	None	None	None	None	None	None	None	None	None	None	GDP	MG	None	PEG	ACE	None	STP	XRAY	1.011	0.145	TEYKLVVVGAGGVGKSALTIQLIQNHFVDEYDPTIEDSYRKQVVIDGETCLLDILDTAGQEEYSAMRDQYMRTGEGFLCVFAINNTKSFEDIHHYREQIKRVKDSEDVPMVLVGNKCDLPSRTVDTKQAQDLARSYGIPFIETSAKTRQGVDDAFYTLVREIRKHKEK	True	65.194	41.571	115.410	90.000	104.590	90.000	/Users/mitchellparker/Desktop/rascore_build/core/6p0zB_core.cif	/Users/mitchellparker/Desktop/rascore_build/rcsb/6p0z.cif.gz	/Users/mitchellparker/Desktop/rascore_build/renum/6p0z_renum.cif	/Users/mitchellparker/Desktop/rascore_build/rcsb_assembly/6p0z-assembly-2.cif.gz	/Users/mitchellparker/Desktop/rascore_build/renum_assembly/6p0z-assembly-2_renum.cif	/Users/mitchellparker/Desktop/rascore_build/sifts/6p0z.xml.gz	/Users/mitchellparker/Desktop/rascore_build/pocket/6p0zB_4_pocket.pdb
6p0zB	6p0z	0	B	Y32out.2P-OFF	Y71in.2P-SP12	Y32out	Y71in	C 1 2 1 (CF4)	6p0zB5	5	GTPase KRas	RASK_HUMAN	P01116-2	WT	WT	KRAS	2P	WT	None	None	None	None	Multiple-Unbound	C 1 2 1	168	2-168	2019-05-17	SP2	223.1108	0.0020	Unbound	Unbound	60,61,62,65,68,71,72,95,96,99	MG,GDP,PEG,ACE	None	None	None	None	None	None	None	None	None	None	GDP	MG	None	PEG	ACE	None	STP	XRAY	1.011	0.145	TEYKLVVVGAGGVGKSALTIQLIQNHFVDEYDPTIEDSYRKQVVIDGETCLLDILDTAGQEEYSAMRDQYMRTGEGFLCVFAINNTKSFEDIHHYREQIKRVKDSEDVPMVLVGNKCDLPSRTVDTKQAQDLARSYGIPFIETSAKTRQGVDDAFYTLVREIRKHKEK	True	65.194	41.571	115.410	90.000	104.590	90.000	/Users/mitchellparker/Desktop/rascore_build/core/6p0zB_core.cif	/Users/mitchellparker/Desktop/rascore_build/rcsb/6p0z.cif.gz	/Users/mitchellparker/Desktop/rascore_build/renum/6p0z_renum.cif	/Users/mitchellparker/Desktop/rascore_build/rcsb_assembly/6p0z-assembly-2.cif.gz	/Users/mitchellparker/Desktop/rascore_build/renum_assembly/6p0z-assembly-2_renum.cif	/Users/mitchellparker/Desktop/rascore_build/sifts/6p0z.xml.gz	/Users/mitchellparker/Desktop/rascore_build/pocket/6p0zB_5_pocket.pdb
6p0zB	6p0z	0	B	Y32out.2P-OFF	Y71in.2P-SP12	Y32out	Y71in	C 1 2 1 (CF4)	6p0zB6	6	GTPase KRas	RASK_HUMAN	P01116-2	WT	WT	KRAS	2P	WT	None	None	None	None	Multiple-Unbound	C 1 2 1	168	2-168	2019-05-17	Other	304.6110	0.0057	Unbound	Unbound	68,69,95,98,99,102,103	MG,GDP,PEG,ACE	None	None	None	None	None	None	None	None	None	None	GDP	MG	None	PEG	ACE	None	STP	XRAY	1.011	0.145	TEYKLVVVGAGGVGKSALTIQLIQNHFVDEYDPTIEDSYRKQVVIDGETCLLDILDTAGQEEYSAMRDQYMRTGEGFLCVFAINNTKSFEDIHHYREQIKRVKDSEDVPMVLVGNKCDLPSRTVDTKQAQDLARSYGIPFIETSAKTRQGVDDAFYTLVREIRKHKEK	True	65.194	41.571	115.410	90.000	104.590	90.000	/Users/mitchellparker/Desktop/rascore_build/core/6p0zB_core.cif	/Users/mitchellparker/Desktop/rascore_build/rcsb/6p0z.cif.gz	/Users/mitchellparker/Desktop/rascore_build/renum/6p0z_renum.cif	/Users/mitchellparker/Desktop/rascore_build/rcsb_assembly/6p0z-assembly-2.cif.gz	/Users/mitchellparker/Desktop/rascore_build/renum_assembly/6p0z-assembly-2_renum.cif	/Users/mitchellparker/Desktop/rascore_build/sifts/6p0z.xml.gz	/Users/mitchellparker/Desktop/rascore_build/pocket/6p0zB_6_pocket.pdb
6p8wA	6p8w	0	A	Y32out.2P-OFF	Outlier	Y32out	Y71out	P 1 (CF1)	6p8wA1	1	GTPase KRas	RASK_HUMAN	P01116-2	G12C,C51S,C80L,C118S	G12,C51,C80,C118	KRAS	2P	G12C	SP2	SP2.Acrylamide	None	None	SP2-Bound	P 1	183	1-168	2019-06-08	SP2	1377.4137	0.9643	Bound	SP2	9,10,11,12,16,17,34,58,59,60,61,62,63,64,68,69,72,78,86,88,89,92,95,96,99,100,102,103	CA,CA,GDP,O67	None	O67:34,12,16,59,60,96,10,61,68,9,100,99,63,102,64	None	None	SP2	SP2.Acrylamide	O67:CCC(=O)N1CC(NC(=O)COc2ccc(Br)cc2NC(=O)c2cc(C)no2)C1	None	None	None	GDP	None	O67	CA	None	None	O67	XRAY	2.100	0.232	MKHHHHHHHDEVDGMTEYKLVVVGACGVGKSALTIQLIQNHFVDEYDPTIEDSYRKQVVIDGETSLLDILDTAGQEEYSAMRDQYMRTGEGFLLVFAINNTKSFEDIHHYREQIKRVKDSEDVPMVLVGNKSDLPSRTVDTKQAQDLARSYGIPFIETSAKTRQGVDDAFYTLVREIRKHKEK	True	32.848	39.084	61.847	78.30	81.43	77.30	/Users/mitchellparker/Desktop/rascore_build/core/6p8wA_core.cif	/Users/mitchellparker/Desktop/rascore_build/rcsb/6p8w.cif.gz	/Users/mitchellparker/Desktop/rascore_build/renum/6p8w_renum.cif	/Users/mitchellparker/Desktop/rascore_build/rcsb_assembly/6p8w-assembly-1.cif.gz	/Users/mitchellparker/Desktop/rascore_build/renum_assembly/6p8w-assembly-1_renum.cif	/Users/mitchellparker/Desktop/rascore_build/sifts/6p8w.xml.gz	/Users/mitchellparker/Desktop/rascore_build/pocket/6p8wA_1_pocket.pdb
6p8wB	6p8w	0	B	Y32out.2P-OFF	Outlier	Y32out	Y71out	P 1 (CF1)	6p8wB1	1	GTPase KRas	RASK_HUMAN	P01116-2	G12C,C51S,C80L,C118S	G12,C51,C80,C118	KRAS	2P	G12C	SP2	SP2.Acrylamide	None	None	SP2-Bound	P 1	183	1-167	2019-06-08	SP2	948.7209	0.9934	Bound	SP2	9,10,12,16,34,58,59,60,61,62,63,64,68,69,72,95,96,99,100,102,103	CA,CA,GDP,O67	None	O67:12,34,60,16,59,96,10,61,62,68,72,100,99,95,63,102,64	None	None	SP2	SP2.Acrylamide	O67:CCC(=O)N1CC(NC(=O)COc2ccc(Br)cc2NC(=O)c2cc(C)no2)C1	None	None	None	GDP	None	O67	CA	None	None	O67	XRAY	2.100	0.232	MKHHHHHHHDEVDGMTEYKLVVVGACGVGKSALTIQLIQNHFVDEYDPTIEDSYRKQVVIDGETSLLDILDTAGQEEYSAMRDQYMRTGEGFLLVFAINNTKSFEDIHHYREQIKRVKDSEDVPMVLVGNKSDLPSRTVDTKQAQDLARSYGIPFIETSAKTRQGVDDAFYTLVREIRKHKEK	True	32.848	39.084	61.847	78.30	81.43	77.30	/Users/mitchellparker/Desktop/rascore_build/core/6p8wB_core.cif	/Users/mitchellparker/Desktop/rascore_build/rcsb/6p8w.cif.gz	/Users/mitchellparker/Desktop/rascore_build/renum/6p8w_renum.cif	/Users/mitchellparker/Desktop/rascore_build/rcsb_assembly/6p8w-assembly-1.cif.gz	/Users/mitchellparker/Desktop/rascore_build/renum_assembly/6p8w-assembly-1_renum.cif	/Users/mitchellparker/Desktop/rascore_build/sifts/6p8w.xml.gz	/Users/mitchellparker/Desktop/rascore_build/pocket/6p8wB_1_pocket.pdb
6p8xA	6p8x	0	A	Y32out.2P-OFF	Outlier	Y32out	Y71out	P 1 (CF4)	6p8xA1	1	GTPase KRas	RASK_HUMAN	P01116-2	G12C,C51S,C80L,C118S	G12,C51,C80,C118	KRAS	2P	G12C	SP2	SP2.Acrylamide	None	None	SP2-Bound	P 1	183	2-167	2019-06-08	SP2	567.5232	0.7780	Bound	SP2	9,10,58,59,61,62,63,64,65,68,69,72,96,99,100,102,103	CA,CA,CA,GDP,O5V	None	O5V:12,34,60,16,59,96,10,61,63,72,100,99,102,95,92	None	None	SP2	SP2.Acrylamide	O5V:CCC(=O)N1CC(NC(=O)COc2ccc(Br)cc2C(=O)N2CC=C(c3ccccc3)C2)C1	None	None	None	GDP	None	O5V	CA	None	None	O5V	XRAY	2.110	0.268	MKHHHHHHHDEVDGMTEYKLVVVGACGVGKSALTIQLIQNHFVDEYDPTIEDSYRKQVVIDGETSLLDILDTAGQEEYSAMRDQYMRTGEGFLLVFAINNTKSFEDIHHYREQIKRVKDSEDVPMVLVGNKSDLPSRTVDTKQAQDLARSYGIPFIETSAKTRQGVDDAFYTLVREIRKHKEK	True	33.327	66.150	78.629	66.48	78.75	89.47	/Users/mitchellparker/Desktop/rascore_build/core/6p8xA_core.cif	/Users/mitchellparker/Desktop/rascore_build/rcsb/6p8x.cif.gz	/Users/mitchellparker/Desktop/rascore_build/renum/6p8x_renum.cif	/Users/mitchellparker/Desktop/rascore_build/rcsb_assembly/6p8x-assembly-1.cif.gz	/Users/mitchellparker/Desktop/rascore_build/renum_assembly/6p8x-assembly-1_renum.cif	/Users/mitchellparker/Desktop/rascore_build/sifts/6p8x.xml.gz	/Users/mitchellparker/Desktop/rascore_build/pocket/6p8xA_1_pocket.pdb
6p8xA	6p8x	0	A	Y32out.2P-OFF	Outlier	Y32out	Y71out	P 1 (CF4)	6p8xA2	2	GTPase KRas	RASK_HUMAN	P01116-2	G12C,C51S,C80L,C118S	G12,C51,C80,C118	KRAS	2P	G12C	SP2	SP2.Acrylamide	None	None	SP2-Bound	P 1	183	2-167	2019-06-08	SP2	507.1642	0.0075	Bound	SP2	10,11,12,16,17,34,58,59,60,61,62,86,88,89,92,96	CA,CA,CA,GDP,O5V	None	O5V:12,34,60,16,59,96,10,61,63,72,100,99,102,95,92	None	None	SP2	SP2.Acrylamide	O5V:CCC(=O)N1CC(NC(=O)COc2ccc(Br)cc2C(=O)N2CC=C(c3ccccc3)C2)C1	None	None	None	GDP	None	O5V	CA	None	None	O5V	XRAY	2.110	0.268	MKHHHHHHHDEVDGMTEYKLVVVGACGVGKSALTIQLIQNHFVDEYDPTIEDSYRKQVVIDGETSLLDILDTAGQEEYSAMRDQYMRTGEGFLLVFAINNTKSFEDIHHYREQIKRVKDSEDVPMVLVGNKSDLPSRTVDTKQAQDLARSYGIPFIETSAKTRQGVDDAFYTLVREIRKHKEK	True	33.327	66.150	78.629	66.48	78.75	89.47	/Users/mitchellparker/Desktop/rascore_build/core/6p8xA_core.cif	/Users/mitchellparker/Desktop/rascore_build/rcsb/6p8x.cif.gz	/Users/mitchellparker/Desktop/rascore_build/renum/6p8x_renum.cif	/Users/mitchellparker/Desktop/rascore_build/rcsb_assembly/6p8x-assembly-1.cif.gz	/Users/mitchellparker/Desktop/rascore_build/renum_assembly/6p8x-assembly-1_renum.cif	/Users/mitchellparker/Desktop/rascore_build/sifts/6p8x.xml.gz	/Users/mitchellparker/Desktop/rascore_build/pocket/6p8xA_2_pocket.pdb
6p8xB	6p8x	0	B	Y32out.2P-OFF	Outlier	Y32out	Y71out	P 1 (CF4)	6p8xB1	1	GTPase KRas	RASK_HUMAN	P01116-2	G12C,C51S,C80L,C118S	G12,C51,C80,C118	KRAS	2P	G12C	SP2	SP2.Acrylamide	None	None	SP2-Bound	P 1	183	2-167	2019-06-08	SP2	875.2869	0.8773	Bound	SP2	9,10,58,59,61,62,63,64,65,68,69,72,78,92,95,96,99,100,102,103	CA,CA,CA,GDP,O5V	None	O5V:12,60,34,16,59,11,96,10,61,63,72,100,99,102,95,92	None	None	SP2	SP2.Acrylamide	O5V:CCC(=O)N1CC(NC(=O)COc2ccc(Br)cc2C(=O)N2CC=C(c3ccccc3)C2)C1	None	None	None	GDP	None	O5V	CA	None	None	O5V	XRAY	2.110	0.268	MKHHHHHHHDEVDGMTEYKLVVVGACGVGKSALTIQLIQNHFVDEYDPTIEDSYRKQVVIDGETSLLDILDTAGQEEYSAMRDQYMRTGEGFLLVFAINNTKSFEDIHHYREQIKRVKDSEDVPMVLVGNKSDLPSRTVDTKQAQDLARSYGIPFIETSAKTRQGVDDAFYTLVREIRKHKEK	True	33.327	66.150	78.629	66.48	78.75	89.47	/Users/mitchellparker/Desktop/rascore_build/core/6p8xB_core.cif	/Users/mitchellparker/Desktop/rascore_build/rcsb/6p8x.cif.gz	/Users/mitchellparker/Desktop/rascore_build/renum/6p8x_renum.cif	/Users/mitchellparker/Desktop/rascore_build/rcsb_assembly/6p8x-assembly-1.cif.gz	/Users/mitchellparker/Desktop/rascore_build/renum_assembly/6p8x-assembly-1_renum.cif	/Users/mitchellparker/Desktop/rascore_build/sifts/6p8x.xml.gz	/Users/mitchellparker/Desktop/rascore_build/pocket/6p8xB_1_pocket.pdb
6p8xB	6p8x	0	B	Y32out.2P-OFF	Outlier	Y32out	Y71out	P 1 (CF4)	6p8xB2	2	GTPase KRas	RASK_HUMAN	P01116-2	G12C,C51S,C80L,C118S	G12,C51,C80,C118	KRAS	2P	G12C	SP2	SP2.Acrylamide	None	None	SP2-Bound	P 1	183	2-167	2019-06-08	SP2	217.3705	0.0082	Bound	SP2	10,12,16,17,34,59,60,61,62,96	CA,CA,CA,GDP,O5V	None	O5V:12,60,34,16,59,11,96,10,61,63,72,100,99,102,95,92	None	None	SP2	SP2.Acrylamide	O5V:CCC(=O)N1CC(NC(=O)COc2ccc(Br)cc2C(=O)N2CC=C(c3ccccc3)C2)C1	None	None	None	GDP	None	O5V	CA	None	None	O5V	XRAY	2.110	0.268	MKHHHHHHHDEVDGMTEYKLVVVGACGVGKSALTIQLIQNHFVDEYDPTIEDSYRKQVVIDGETSLLDILDTAGQEEYSAMRDQYMRTGEGFLLVFAINNTKSFEDIHHYREQIKRVKDSEDVPMVLVGNKSDLPSRTVDTKQAQDLARSYGIPFIETSAKTRQGVDDAFYTLVREIRKHKEK	True	33.327	66.150	78.629	66.48	78.75	89.47	/Users/mitchellparker/Desktop/rascore_build/core/6p8xB_core.cif	/Users/mitchellparker/Desktop/rascore_build/rcsb/6p8x.cif.gz	/Users/mitchellparker/Desktop/rascore_build/renum/6p8x_renum.cif	/Users/mitchellparker/Desktop/rascore_build/rcsb_assembly/6p8x-assembly-1.cif.gz	/Users/mitchellparker/Desktop/rascore_build/renum_assembly/6p8x-assembly-1_renum.cif	/Users/mitchellparker/Desktop/rascore_build/sifts/6p8x.xml.gz	/Users/mitchellparker/Desktop/rascore_build/pocket/6p8xB_2_pocket.pdb
6p8xC	6p8x	0	C	Y32out.2P-OFF	Y71out.2P-SP2-A	Y32out	Y71out	P 1 (CF4)	6p8xC1	1	GTPase KRas	RASK_HUMAN	P01116-2	G12C,C51S,C80L,C118S	G12,C51,C80,C118	KRAS	2P	G12C	SP2	SP2.Acrylamide	None	None	SP2-Bound	P 1	183	1-167	2019-06-08	SP2	790.1493	0.9756	Bound	SP2	9,10,12,16,17,34,37,56,58,59,60,61,62,63,68,69,71,72,96,99,100,102,103	CA,CA,GDP,O5V	None	O5V:12,16,60,59,10,96,68,61,9,72,100,99,95,92	None	None	SP2	SP2.Acrylamide	O5V:CCC(=O)N1CC(NC(=O)COc2ccc(Br)cc2C(=O)N2CC=C(c3ccccc3)C2)C1	None	None	None	GDP	None	O5V	CA	None	None	O5V	XRAY	2.110	0.268	MKHHHHHHHDEVDGMTEYKLVVVGACGVGKSALTIQLIQNHFVDEYDPTIEDSYRKQVVIDGETSLLDILDTAGQEEYSAMRDQYMRTGEGFLLVFAINNTKSFEDIHHYREQIKRVKDSEDVPMVLVGNKSDLPSRTVDTKQAQDLARSYGIPFIETSAKTRQGVDDAFYTLVREIRKHKEK	True	33.327	66.150	78.629	66.48	78.75	89.47	/Users/mitchellparker/Desktop/rascore_build/core/6p8xC_core.cif	/Users/mitchellparker/Desktop/rascore_build/rcsb/6p8x.cif.gz	/Users/mitchellparker/Desktop/rascore_build/renum/6p8x_renum.cif	/Users/mitchellparker/Desktop/rascore_build/rcsb_assembly/6p8x-assembly-1.cif.gz	/Users/mitchellparker/Desktop/rascore_build/renum_assembly/6p8x-assembly-1_renum.cif	/Users/mitchellparker/Desktop/rascore_build/sifts/6p8x.xml.gz	/Users/mitchellparker/Desktop/rascore_build/pocket/6p8xC_1_pocket.pdb
6p8xC	6p8x	0	C	Y32out.2P-OFF	Y71out.2P-SP2-A	Y32out	Y71out	P 1 (CF4)	6p8xC2	2	GTPase KRas	RASK_HUMAN	P01116-2	G12C,C51S,C80L,C118S	G12,C51,C80,C118	KRAS	2P	G12C	SP2	SP2.Acrylamide	None	None	SP2-Bound	P 1	183	1-167	2019-06-08	SP2	328.5539	0.0009	Bound	SP2	63,64,65,68,69,99,102	CA,CA,GDP,O5V	None	O5V:12,16,60,59,10,96,68,61,9,72,100,99,95,92	None	None	SP2	SP2.Acrylamide	O5V:CCC(=O)N1CC(NC(=O)COc2ccc(Br)cc2C(=O)N2CC=C(c3ccccc3)C2)C1	None	None	None	GDP	None	O5V	CA	None	None	O5V	XRAY	2.110	0.268	MKHHHHHHHDEVDGMTEYKLVVVGACGVGKSALTIQLIQNHFVDEYDPTIEDSYRKQVVIDGETSLLDILDTAGQEEYSAMRDQYMRTGEGFLLVFAINNTKSFEDIHHYREQIKRVKDSEDVPMVLVGNKSDLPSRTVDTKQAQDLARSYGIPFIETSAKTRQGVDDAFYTLVREIRKHKEK	True	33.327	66.150	78.629	66.48	78.75	89.47	/Users/mitchellparker/Desktop/rascore_build/core/6p8xC_core.cif	/Users/mitchellparker/Desktop/rascore_build/rcsb/6p8x.cif.gz	/Users/mitchellparker/Desktop/rascore_build/renum/6p8x_renum.cif	/Users/mitchellparker/Desktop/rascore_build/rcsb_assembly/6p8x-assembly-1.cif.gz	/Users/mitchellparker/Desktop/rascore_build/renum_assembly/6p8x-assembly-1_renum.cif	/Users/mitchellparker/Desktop/rascore_build/sifts/6p8x.xml.gz	/Users/mitchellparker/Desktop/rascore_build/pocket/6p8xC_2_pocket.pdb
6p8xD	6p8x	0	D	Y32out.2P-OFF	Y71out.2P-SP2-A	Y32out	Y71out	P 1 (CF4)	6p8xD1	1	GTPase KRas	RASK_HUMAN	P01116-2	G12C,C51S,C80L,C118S	G12,C51,C80,C118	KRAS	2P	G12C	SP2	SP2.Acrylamide	None	None	SP2-Bound	P 1	183	1-167	2019-06-08	SP2	1184.1692	0.9896	Bound	SP2	9,10,12,16,17,34,58,59,60,61,62,63,64,65,68,69,72,88,92,95,96,99,100,102,103	CA,CA,GDP,O5V	None	O5V:12,34,16,60,10,96,59,61,68,9,72,100,99,95,92	None	None	SP2	SP2.Acrylamide	O5V:CCC(=O)N1CC(NC(=O)COc2ccc(Br)cc2C(=O)N2CC=C(c3ccccc3)C2)C1	None	None	None	GDP	None	O5V	CA	None	None	O5V	XRAY	2.110	0.268	MKHHHHHHHDEVDGMTEYKLVVVGACGVGKSALTIQLIQNHFVDEYDPTIEDSYRKQVVIDGETSLLDILDTAGQEEYSAMRDQYMRTGEGFLLVFAINNTKSFEDIHHYREQIKRVKDSEDVPMVLVGNKSDLPSRTVDTKQAQDLARSYGIPFIETSAKTRQGVDDAFYTLVREIRKHKEK	True	33.327	66.150	78.629	66.48	78.75	89.47	/Users/mitchellparker/Desktop/rascore_build/core/6p8xD_core.cif	/Users/mitchellparker/Desktop/rascore_build/rcsb/6p8x.cif.gz	/Users/mitchellparker/Desktop/rascore_build/renum/6p8x_renum.cif	/Users/mitchellparker/Desktop/rascore_build/rcsb_assembly/6p8x-assembly-1.cif.gz	/Users/mitchellparker/Desktop/rascore_build/renum_assembly/6p8x-assembly-1_renum.cif	/Users/mitchellparker/Desktop/rascore_build/sifts/6p8x.xml.gz	/Users/mitchellparker/Desktop/rascore_build/pocket/6p8xD_1_pocket.pdb
6p8yA	6p8y	0	A	Outlier	Outlier	Y32out	Y71out	P 1 21 1 (CF11)	6p8yA1	1	GTPase KRas	RASK_HUMAN	P01116-2	G12C,C51S,C80L,C118S	G12,C51,C80,C118	KRAS	2P	G12C	SP2	SP2.Acrylamide	None	None	SP2-Bound	P 1 21 1	183	1-166	2019-06-08	SP2	478.1554	0.9306	Bound	SP2	7,9,10,12,16,34,58,59,60,62,68,71,72,78,96	MG,GDP,O5Y	None	O5Y:34,12,59,16,58,10,96,68,72,99,95,9,62	None	None	SP2	SP2.Acrylamide	O5Y:CCC(=O)N1CC(NC(=O)Cn2cc(C(=O)N3CCc4c(cccc4OC)C3)c3cc(Br)ccc32)C1	None	None	None	GDP	MG	O5Y	None	None	None	O5Y	XRAY	2.310	0.239	MKHHHHHHHDEVDGMTEYKLVVVGACGVGKSALTIQLIQNHFVDEYDPTIEDSYRKQVVIDGETSLLDILDTAGQEEYSAMRDQYMRTGEGFLLVFAINNTKSFEDIHHYREQIKRVKDSEDVPMVLVGNKSDLPSRTVDTKQAQDLARSYGIPFIETSAKTRQGVDDAFYTLVREIRKHKEK	True	33.756	106.045	39.900	90.00	93.90	90.00	/Users/mitchellparker/Desktop/rascore_build/core/6p8yA_core.cif	/Users/mitchellparker/Desktop/rascore_build/rcsb/6p8y.cif.gz	/Users/mitchellparker/Desktop/rascore_build/renum/6p8y_renum.cif	/Users/mitchellparker/Desktop/rascore_build/rcsb_assembly/6p8y-assembly-1.cif.gz	/Users/mitchellparker/Desktop/rascore_build/renum_assembly/6p8y-assembly-1_renum.cif	/Users/mitchellparker/Desktop/rascore_build/sifts/6p8y.xml.gz	/Users/mitchellparker/Desktop/rascore_build/pocket/6p8yA_1_pocket.pdb
6p8yA	6p8y	0	A	Outlier	Outlier	Y32out	Y71out	P 1 21 1 (CF11)	6p8yA2	2	GTPase KRas	RASK_HUMAN	P01116-2	G12C,C51S,C80L,C118S	G12,C51,C80,C118	KRAS	2P	G12C	SP2	SP2.Acrylamide	None	None	SP2-Bound	P 1 21 1	183	1-166	2019-06-08	SP2	321.3755	0.7071	Bound	SP2	68,69,72,92,95,96,99	MG,GDP,O5Y	None	O5Y:34,12,59,16,58,10,96,68,72,99,95,9,62	None	None	SP2	SP2.Acrylamide	O5Y:CCC(=O)N1CC(NC(=O)Cn2cc(C(=O)N3CCc4c(cccc4OC)C3)c3cc(Br)ccc32)C1	None	None	None	GDP	MG	O5Y	None	None	None	O5Y	XRAY	2.310	0.239	MKHHHHHHHDEVDGMTEYKLVVVGACGVGKSALTIQLIQNHFVDEYDPTIEDSYRKQVVIDGETSLLDILDTAGQEEYSAMRDQYMRTGEGFLLVFAINNTKSFEDIHHYREQIKRVKDSEDVPMVLVGNKSDLPSRTVDTKQAQDLARSYGIPFIETSAKTRQGVDDAFYTLVREIRKHKEK	True	33.756	106.045	39.900	90.00	93.90	90.00	/Users/mitchellparker/Desktop/rascore_build/core/6p8yA_core.cif	/Users/mitchellparker/Desktop/rascore_build/rcsb/6p8y.cif.gz	/Users/mitchellparker/Desktop/rascore_build/renum/6p8y_renum.cif	/Users/mitchellparker/Desktop/rascore_build/rcsb_assembly/6p8y-assembly-1.cif.gz	/Users/mitchellparker/Desktop/rascore_build/renum_assembly/6p8y-assembly-1_renum.cif	/Users/mitchellparker/Desktop/rascore_build/sifts/6p8y.xml.gz	/Users/mitchellparker/Desktop/rascore_build/pocket/6p8yA_2_pocket.pdb
6p8yB	6p8y	0	B	Disordered	Disordered	Disordered	Y71out	P 1 21 1 (CF11)	6p8yB1	1	GTPase KRas	RASK_HUMAN	P01116-2	G12C,C51S,C80L,C118S	G12,C51,C80,C118	KRAS	2P	G12C	SP2	SP2.Acrylamide	None	None	SP2-Bound	P 1 21 1	183	1-30:33-60:70-168	2019-06-08	SP2	498.7460	0.9513	Bound	SP2	9,10,12,16,34,58,59,60,72,96,99,100,103	MG,GDP,O5Y	None	O5Y:12,34,59,16,10,96,95,92,99,100,9,72	None	None	SP2	SP2.Acrylamide	O5Y:CCC(=O)N1CC(NC(=O)Cn2cc(C(=O)N3CCc4c(cccc4OC)C3)c3cc(Br)ccc32)C1	None	None	None	GDP	MG	O5Y	None	None	None	O5Y	XRAY	2.310	0.239	MKHHHHHHHDEVDGMTEYKLVVVGACGVGKSALTIQLIQNHFVDEYDPTIEDSYRKQVVIDGETSLLDILDTAGQEEYSAMRDQYMRTGEGFLLVFAINNTKSFEDIHHYREQIKRVKDSEDVPMVLVGNKSDLPSRTVDTKQAQDLARSYGIPFIETSAKTRQGVDDAFYTLVREIRKHKEK	True	33.756	106.045	39.900	90.00	93.90	90.00	/Users/mitchellparker/Desktop/rascore_build/core/6p8yB_core.cif	/Users/mitchellparker/Desktop/rascore_build/rcsb/6p8y.cif.gz	/Users/mitchellparker/Desktop/rascore_build/renum/6p8y_renum.cif	/Users/mitchellparker/Desktop/rascore_build/rcsb_assembly/6p8y-assembly-1.cif.gz	/Users/mitchellparker/Desktop/rascore_build/renum_assembly/6p8y-assembly-1_renum.cif	/Users/mitchellparker/Desktop/rascore_build/sifts/6p8y.xml.gz	/Users/mitchellparker/Desktop/rascore_build/pocket/6p8yB_1_pocket.pdb
6p8yB	6p8y	0	B	Disordered	Disordered	Disordered	Y71out	P 1 21 1 (CF11)	6p8yB2	2	GTPase KRas	RASK_HUMAN	P01116-2	G12C,C51S,C80L,C118S	G12,C51,C80,C118	KRAS	2P	G12C	SP2	SP2.Acrylamide	None	None	SP2-Bound	P 1 21 1	183	1-30:33-60:70-168	2019-06-08	SP2	259.6571	0.0414	Bound	SP2	92,95,96,99,102	MG,GDP,O5Y	None	O5Y:12,34,59,16,10,96,95,92,99,100,9,72	None	None	SP2	SP2.Acrylamide	O5Y:CCC(=O)N1CC(NC(=O)Cn2cc(C(=O)N3CCc4c(cccc4OC)C3)c3cc(Br)ccc32)C1	None	None	None	GDP	MG	O5Y	None	None	None	O5Y	XRAY	2.310	0.239	MKHHHHHHHDEVDGMTEYKLVVVGACGVGKSALTIQLIQNHFVDEYDPTIEDSYRKQVVIDGETSLLDILDTAGQEEYSAMRDQYMRTGEGFLLVFAINNTKSFEDIHHYREQIKRVKDSEDVPMVLVGNKSDLPSRTVDTKQAQDLARSYGIPFIETSAKTRQGVDDAFYTLVREIRKHKEK	True	33.756	106.045	39.900	90.00	93.90	90.00	/Users/mitchellparker/Desktop/rascore_build/core/6p8yB_core.cif	/Users/mitchellparker/Desktop/rascore_build/rcsb/6p8y.cif.gz	/Users/mitchellparker/Desktop/rascore_build/renum/6p8y_renum.cif	/Users/mitchellparker/Desktop/rascore_build/rcsb_assembly/6p8y-assembly-1.cif.gz	/Users/mitchellparker/Desktop/rascore_build/renum_assembly/6p8y-assembly-1_renum.cif	/Users/mitchellparker/Desktop/rascore_build/sifts/6p8y.xml.gz	/Users/mitchellparker/Desktop/rascore_build/pocket/6p8yB_2_pocket.pdb
6p8zA	6p8z	0	A	Y32out.2P-OFF	Disordered	Y32out	Y71in	P 1 21 1 (CF12)	6p8zA1	1	GTPase KRas	RASK_HUMAN	P01116-2	G12C,C51S,C80L,C118S	G12,C51,C80,C118	KRAS	2P	G12C	SP2	SP2.Acrylamide	None	None	SP2-Bound	P 1 21 1	183	1-61:66-168	2019-06-08	SP2	703.5590	0.8994	Bound	SP2	9,10,12,16,58,59,60,61,68,71,72,92,95,96,99,100	CA,CA,GDP,O5S	None	O5S:12,34,59,16,61,60,96,10,68,99,95,92,100,9,72,71,58	None	None	SP2	SP2.Acrylamide	O5S:CCC(=O)N1CC(NC(=O)Cn2c(C3CC3)c(C(=O)N3CCc4c(cccc4OC)C3)c3cc(Cl)cc(C)c32)C1	None	None	None	GDP	None	O5S	CA	None	None	O5S	XRAY	1.650	0.231	MKHHHHHHHDEVDGMTEYKLVVVGACGVGKSALTIQLIQNHFVDEYDPTIEDSYRKQVVIDGETSLLDILDTAGQEEYSAMRDQYMRTGEGFLLVFAINNTKSFEDIHHYREQIKRVKDSEDVPMVLVGNKSDLPSRTVDTKQAQDLARSYGIPFIETSAKTRQGVDDAFYTLVREIRKHKEK	True	39.758	65.392	62.596	90.00	105.09	90.00	/Users/mitchellparker/Desktop/rascore_build/core/6p8zA_core.cif	/Users/mitchellparker/Desktop/rascore_build/rcsb/6p8z.cif.gz	/Users/mitchellparker/Desktop/rascore_build/renum/6p8z_renum.cif	/Users/mitchellparker/Desktop/rascore_build/rcsb_assembly/6p8z-assembly-2.cif.gz	/Users/mitchellparker/Desktop/rascore_build/renum_assembly/6p8z-assembly-2_renum.cif	/Users/mitchellparker/Desktop/rascore_build/sifts/6p8z.xml.gz	/Users/mitchellparker/Desktop/rascore_build/pocket/6p8zA_1_pocket.pdb
6p8zB	6p8z	0	B	Y32out.2P-OFF	Outlier	Y32out	Y71in	P 1 21 1 (CF12)	6p8zB1	1	GTPase KRas	RASK_HUMAN	P01116-2	G12C,C51S,C80L,C118S	G12,C51,C80,C118	KRAS	2P	G12C	SP2	SP2.Acrylamide	None	None	SP2-Bound	P 1 21 1	183	2-167	2019-06-08	SP2	613.2811	0.9410	Bound	SP2	9,10,12,16,17,34,36,58,59,60,61,62,68,71,72,96,99,100	CA,CA,GDP,O5S	None	O5S:12,34,59,61,16,96,10,60,62,68,99,95,92,100,72,71	None	None	SP2	SP2.Acrylamide	O5S:CCC(=O)N1CC(NC(=O)Cn2c(C3CC3)c(C(=O)N3CCc4c(cccc4OC)C3)c3cc(Cl)cc(C)c32)C1	None	None	None	GDP	None	O5S	CA	None	None	O5S	XRAY	1.650	0.231	MKHHHHHHHDEVDGMTEYKLVVVGACGVGKSALTIQLIQNHFVDEYDPTIEDSYRKQVVIDGETSLLDILDTAGQEEYSAMRDQYMRTGEGFLLVFAINNTKSFEDIHHYREQIKRVKDSEDVPMVLVGNKSDLPSRTVDTKQAQDLARSYGIPFIETSAKTRQGVDDAFYTLVREIRKHKEK	True	39.758	65.392	62.596	90.00	105.09	90.00	/Users/mitchellparker/Desktop/rascore_build/core/6p8zB_core.cif	/Users/mitchellparker/Desktop/rascore_build/rcsb/6p8z.cif.gz	/Users/mitchellparker/Desktop/rascore_build/renum/6p8z_renum.cif	/Users/mitchellparker/Desktop/rascore_build/rcsb_assembly/6p8z-assembly-2.cif.gz	/Users/mitchellparker/Desktop/rascore_build/renum_assembly/6p8z-assembly-2_renum.cif	/Users/mitchellparker/Desktop/rascore_build/sifts/6p8z.xml.gz	/Users/mitchellparker/Desktop/rascore_build/pocket/6p8zB_1_pocket.pdb
6p8zB	6p8z	0	B	Y32out.2P-OFF	Outlier	Y32out	Y71in	P 1 21 1 (CF12)	6p8zB2	2	GTPase KRas	RASK_HUMAN	P01116-2	G12C,C51S,C80L,C118S	G12,C51,C80,C118	KRAS	2P	G12C	SP2	SP2.Acrylamide	None	None	SP2-Bound	P 1 21 1	183	2-167	2019-06-08	SP2	198.9299	0.2003	Bound	SP2	92,95,96,99	CA,CA,GDP,O5S	None	O5S:12,34,59,61,16,96,10,60,62,68,99,95,92,100,72,71	None	None	SP2	SP2.Acrylamide	O5S:CCC(=O)N1CC(NC(=O)Cn2c(C3CC3)c(C(=O)N3CCc4c(cccc4OC)C3)c3cc(Cl)cc(C)c32)C1	None	None	None	GDP	None	O5S	CA	None	None	O5S	XRAY	1.650	0.231	MKHHHHHHHDEVDGMTEYKLVVVGACGVGKSALTIQLIQNHFVDEYDPTIEDSYRKQVVIDGETSLLDILDTAGQEEYSAMRDQYMRTGEGFLLVFAINNTKSFEDIHHYREQIKRVKDSEDVPMVLVGNKSDLPSRTVDTKQAQDLARSYGIPFIETSAKTRQGVDDAFYTLVREIRKHKEK	True	39.758	65.392	62.596	90.00	105.09	90.00	/Users/mitchellparker/Desktop/rascore_build/core/6p8zB_core.cif	/Users/mitchellparker/Desktop/rascore_build/rcsb/6p8z.cif.gz	/Users/mitchellparker/Desktop/rascore_build/renum/6p8z_renum.cif	/Users/mitchellparker/Desktop/rascore_build/rcsb_assembly/6p8z-assembly-2.cif.gz	/Users/mitchellparker/Desktop/rascore_build/renum_assembly/6p8z-assembly-2_renum.cif	/Users/mitchellparker/Desktop/rascore_build/sifts/6p8z.xml.gz	/Users/mitchellparker/Desktop/rascore_build/pocket/6p8zB_2_pocket.pdb
6pgoA	6pgo	0	A	Y32out.2P-OFF	Disordered	Y32out	Y71out	P 21 21 2 (CF2)	6pgoA1	1	GTPase KRas	RASK_HUMAN	P01116-2	G12C,C51S,C80L,C118S	G12,C51,C80,C118	KRAS	2P	G12C	SP2	SP2.Acrylamide	None	None	SP2-Bound	P 21 21 2	183	1-60:68-167	2019-06-24	SP2	193.9202	0.5350	Bound	SP2	9,58,68,72,96,99,100,103	MG,GDP,OJ1	None	OJ1:12,34,60,59,16,10,96,99,95,68,58,72,100,9	None	None	SP2	SP2.Acrylamide	OJ1:CCC(=O)N1CCN(c2nnc(-c3ccccc3)c3cc(-c4c(O)cccc4F)c(Cl)cc23)CC1	None	None	None	GDP	MG	OJ1	None	None	None	OJ1	XRAY	1.600	0.218	MKHHHHHHHDEVDGMTEYKLVVVGACGVGKSALTIQLIQNHFVDEYDPTIEDSYRKQVVIDGETSLLDILDTAGQEEYSAMRDQYMRTGEGFLLVFAINNTKSFEDIHHYREQIKRVKDSEDVPMVLVGNKSDLPSRTVDTKQAQDLARSYGIPFIETSAKTRQGVDDAFYTLVREIRKHKEK	True	79.565	106.329	33.736	90.00	90.00	90.00	/Users/mitchellparker/Desktop/rascore_build/core/6pgoA_core.cif	/Users/mitchellparker/Desktop/rascore_build/rcsb/6pgo.cif.gz	/Users/mitchellparker/Desktop/rascore_build/renum/6pgo_renum.cif	/Users/mitchellparker/Desktop/rascore_build/rcsb_assembly/6pgo-assembly-2.cif.gz	/Users/mitchellparker/Desktop/rascore_build/renum_assembly/6pgo-assembly-2_renum.cif	/Users/mitchellparker/Desktop/rascore_build/sifts/6pgo.xml.gz	/Users/mitchellparker/Desktop/rascore_build/pocket/6pgoA_1_pocket.pdb
6pgoA	6pgo	0	A	Y32out.2P-OFF	Disordered	Y32out	Y71out	P 21 21 2 (CF2)	6pgoA2	2	GTPase KRas	RASK_HUMAN	P01116-2	G12C,C51S,C80L,C118S	G12,C51,C80,C118	KRAS	2P	G12C	SP2	SP2.Acrylamide	None	None	SP2-Bound	P 21 21 2	183	1-60:68-167	2019-06-24	SP2	159.7039	0.0003	Bound	SP2	10,12,16,58,59,60,68,96	MG,GDP,OJ1	None	OJ1:12,34,60,59,16,10,96,99,95,68,58,72,100,9	None	None	SP2	SP2.Acrylamide	OJ1:CCC(=O)N1CCN(c2nnc(-c3ccccc3)c3cc(-c4c(O)cccc4F)c(Cl)cc23)CC1	None	None	None	GDP	MG	OJ1	None	None	None	OJ1	XRAY	1.600	0.218	MKHHHHHHHDEVDGMTEYKLVVVGACGVGKSALTIQLIQNHFVDEYDPTIEDSYRKQVVIDGETSLLDILDTAGQEEYSAMRDQYMRTGEGFLLVFAINNTKSFEDIHHYREQIKRVKDSEDVPMVLVGNKSDLPSRTVDTKQAQDLARSYGIPFIETSAKTRQGVDDAFYTLVREIRKHKEK	True	79.565	106.329	33.736	90.00	90.00	90.00	/Users/mitchellparker/Desktop/rascore_build/core/6pgoA_core.cif	/Users/mitchellparker/Desktop/rascore_build/rcsb/6pgo.cif.gz	/Users/mitchellparker/Desktop/rascore_build/renum/6pgo_renum.cif	/Users/mitchellparker/Desktop/rascore_build/rcsb_assembly/6pgo-assembly-2.cif.gz	/Users/mitchellparker/Desktop/rascore_build/renum_assembly/6pgo-assembly-2_renum.cif	/Users/mitchellparker/Desktop/rascore_build/sifts/6pgo.xml.gz	/Users/mitchellparker/Desktop/rascore_build/pocket/6pgoA_2_pocket.pdb
6pgoA	6pgo	0	A	Y32out.2P-OFF	Disordered	Y32out	Y71out	P 21 21 2 (CF2)	6pgoA3	3	GTPase KRas	RASK_HUMAN	P01116-2	G12C,C51S,C80L,C118S	G12,C51,C80,C118	KRAS	2P	G12C	SP2	SP2.Acrylamide	None	None	SP2-Bound	P 21 21 2	183	1-60:68-167	2019-06-24	SP2	185.9020	0.1751	Bound	SP2	92,95,96,99	MG,GDP,OJ1	None	OJ1:12,34,60,59,16,10,96,99,95,68,58,72,100,9	None	None	SP2	SP2.Acrylamide	OJ1:CCC(=O)N1CCN(c2nnc(-c3ccccc3)c3cc(-c4c(O)cccc4F)c(Cl)cc23)CC1	None	None	None	GDP	MG	OJ1	None	None	None	OJ1	XRAY	1.600	0.218	MKHHHHHHHDEVDGMTEYKLVVVGACGVGKSALTIQLIQNHFVDEYDPTIEDSYRKQVVIDGETSLLDILDTAGQEEYSAMRDQYMRTGEGFLLVFAINNTKSFEDIHHYREQIKRVKDSEDVPMVLVGNKSDLPSRTVDTKQAQDLARSYGIPFIETSAKTRQGVDDAFYTLVREIRKHKEK	True	79.565	106.329	33.736	90.00	90.00	90.00	/Users/mitchellparker/Desktop/rascore_build/core/6pgoA_core.cif	/Users/mitchellparker/Desktop/rascore_build/rcsb/6pgo.cif.gz	/Users/mitchellparker/Desktop/rascore_build/renum/6pgo_renum.cif	/Users/mitchellparker/Desktop/rascore_build/rcsb_assembly/6pgo-assembly-2.cif.gz	/Users/mitchellparker/Desktop/rascore_build/renum_assembly/6pgo-assembly-2_renum.cif	/Users/mitchellparker/Desktop/rascore_build/sifts/6pgo.xml.gz	/Users/mitchellparker/Desktop/rascore_build/pocket/6pgoA_3_pocket.pdb
6pgoB	6pgo	0	B	Disordered	Disordered	Disordered	Disordered	P 21 21 2 (CF2)	6pgoB1	1	GTPase KRas	RASK_HUMAN	P01116-2	G12C,C51S,C80L,C118S	G12,C51,C80,C118	KRAS	2P	G12C	None	None	None	None	Multiple-Unbound	P 21 21 2	183	1-31:39-58:69-169	2019-06-24	Other	239.0605	0.0001	Unbound	Unbound	98,101,102,105,106,107	MG,GDP	None	None	None	None	None	None	None	None	None	None	GDP	MG	None	None	None	None	STP	XRAY	1.600	0.218	MKHHHHHHHDEVDGMTEYKLVVVGACGVGKSALTIQLIQNHFVDEYDPTIEDSYRKQVVIDGETSLLDILDTAGQEEYSAMRDQYMRTGEGFLLVFAINNTKSFEDIHHYREQIKRVKDSEDVPMVLVGNKSDLPSRTVDTKQAQDLARSYGIPFIETSAKTRQGVDDAFYTLVREIRKHKEK	True	79.565	106.329	33.736	90.00	90.00	90.00	/Users/mitchellparker/Desktop/rascore_build/core/6pgoB_core.cif	/Users/mitchellparker/Desktop/rascore_build/rcsb/6pgo.cif.gz	/Users/mitchellparker/Desktop/rascore_build/renum/6pgo_renum.cif	/Users/mitchellparker/Desktop/rascore_build/rcsb_assembly/6pgo-assembly-2.cif.gz	/Users/mitchellparker/Desktop/rascore_build/renum_assembly/6pgo-assembly-2_renum.cif	/Users/mitchellparker/Desktop/rascore_build/sifts/6pgo.xml.gz	/Users/mitchellparker/Desktop/rascore_build/pocket/6pgoB_1_pocket.pdb
6pgoB	6pgo	0	B	Disordered	Disordered	Disordered	Disordered	P 21 21 2 (CF2)	6pgoB2	2	GTPase KRas	RASK_HUMAN	P01116-2	G12C,C51S,C80L,C118S	G12,C51,C80,C118	KRAS	2P	G12C	None	None	None	None	Multiple-Unbound	P 21 21 2	183	1-31:39-58:69-169	2019-06-24	Other	277.6435	0.0001	Unbound	Unbound	97,107,108,109,110,111,137,138,139,162,165,166,169	MG,GDP	None	None	None	None	None	None	None	None	None	None	GDP	MG	None	None	None	None	STP	XRAY	1.600	0.218	MKHHHHHHHDEVDGMTEYKLVVVGACGVGKSALTIQLIQNHFVDEYDPTIEDSYRKQVVIDGETSLLDILDTAGQEEYSAMRDQYMRTGEGFLLVFAINNTKSFEDIHHYREQIKRVKDSEDVPMVLVGNKSDLPSRTVDTKQAQDLARSYGIPFIETSAKTRQGVDDAFYTLVREIRKHKEK	True	79.565	106.329	33.736	90.00	90.00	90.00	/Users/mitchellparker/Desktop/rascore_build/core/6pgoB_core.cif	/Users/mitchellparker/Desktop/rascore_build/rcsb/6pgo.cif.gz	/Users/mitchellparker/Desktop/rascore_build/renum/6pgo_renum.cif	/Users/mitchellparker/Desktop/rascore_build/rcsb_assembly/6pgo-assembly-2.cif.gz	/Users/mitchellparker/Desktop/rascore_build/renum_assembly/6pgo-assembly-2_renum.cif	/Users/mitchellparker/Desktop/rascore_build/sifts/6pgo.xml.gz	/Users/mitchellparker/Desktop/rascore_build/pocket/6pgoB_2_pocket.pdb
6pgoB	6pgo	0	B	Disordered	Disordered	Disordered	Disordered	P 21 21 2 (CF2)	6pgoB3	3	GTPase KRas	RASK_HUMAN	P01116-2	G12C,C51S,C80L,C118S	G12,C51,C80,C118	KRAS	2P	G12C	None	None	None	None	Multiple-Unbound	P 21 21 2	183	1-31:39-58:69-169	2019-06-24	Other	305.1465	0.0741	Unbound	Unbound	76,104,106,108,109,110,163,166,167	MG,GDP	None	None	None	None	None	None	None	None	None	None	GDP	MG	None	None	None	None	STP	XRAY	1.600	0.218	MKHHHHHHHDEVDGMTEYKLVVVGACGVGKSALTIQLIQNHFVDEYDPTIEDSYRKQVVIDGETSLLDILDTAGQEEYSAMRDQYMRTGEGFLLVFAINNTKSFEDIHHYREQIKRVKDSEDVPMVLVGNKSDLPSRTVDTKQAQDLARSYGIPFIETSAKTRQGVDDAFYTLVREIRKHKEK	True	79.565	106.329	33.736	90.00	90.00	90.00	/Users/mitchellparker/Desktop/rascore_build/core/6pgoB_core.cif	/Users/mitchellparker/Desktop/rascore_build/rcsb/6pgo.cif.gz	/Users/mitchellparker/Desktop/rascore_build/renum/6pgo_renum.cif	/Users/mitchellparker/Desktop/rascore_build/rcsb_assembly/6pgo-assembly-2.cif.gz	/Users/mitchellparker/Desktop/rascore_build/renum_assembly/6pgo-assembly-2_renum.cif	/Users/mitchellparker/Desktop/rascore_build/sifts/6pgo.xml.gz	/Users/mitchellparker/Desktop/rascore_build/pocket/6pgoB_3_pocket.pdb
6pgoB	6pgo	0	B	Disordered	Disordered	Disordered	Disordered	P 21 21 2 (CF2)	6pgoB4	4	GTPase KRas	RASK_HUMAN	P01116-2	G12C,C51S,C80L,C118S	G12,C51,C80,C118	KRAS	2P	G12C	None	None	None	None	Multiple-Unbound	P 21 21 2	183	1-31:39-58:69-169	2019-06-24	Other	296.3671	0.0139	Unbound	Unbound	47,49,161,164,165,168	MG,GDP	None	None	None	None	None	None	None	None	None	None	GDP	MG	None	None	None	None	STP	XRAY	1.600	0.218	MKHHHHHHHDEVDGMTEYKLVVVGACGVGKSALTIQLIQNHFVDEYDPTIEDSYRKQVVIDGETSLLDILDTAGQEEYSAMRDQYMRTGEGFLLVFAINNTKSFEDIHHYREQIKRVKDSEDVPMVLVGNKSDLPSRTVDTKQAQDLARSYGIPFIETSAKTRQGVDDAFYTLVREIRKHKEK	True	79.565	106.329	33.736	90.00	90.00	90.00	/Users/mitchellparker/Desktop/rascore_build/core/6pgoB_core.cif	/Users/mitchellparker/Desktop/rascore_build/rcsb/6pgo.cif.gz	/Users/mitchellparker/Desktop/rascore_build/renum/6pgo_renum.cif	/Users/mitchellparker/Desktop/rascore_build/rcsb_assembly/6pgo-assembly-2.cif.gz	/Users/mitchellparker/Desktop/rascore_build/renum_assembly/6pgo-assembly-2_renum.cif	/Users/mitchellparker/Desktop/rascore_build/sifts/6pgo.xml.gz	/Users/mitchellparker/Desktop/rascore_build/pocket/6pgoB_4_pocket.pdb
6pgoB	6pgo	0	B	Disordered	Disordered	Disordered	Disordered	P 21 21 2 (CF2)	6pgoB5	5	GTPase KRas	RASK_HUMAN	P01116-2	G12C,C51S,C80L,C118S	G12,C51,C80,C118	KRAS	2P	G12C	None	None	None	None	Multiple-Unbound	P 21 21 2	183	1-31:39-58:69-169	2019-06-24	SP12	197.1467	0.2435	Unbound	Unbound	5,7,39,54,56,74	MG,GDP	None	None	None	None	None	None	None	None	None	None	GDP	MG	None	None	None	None	STP	XRAY	1.600	0.218	MKHHHHHHHDEVDGMTEYKLVVVGACGVGKSALTIQLIQNHFVDEYDPTIEDSYRKQVVIDGETSLLDILDTAGQEEYSAMRDQYMRTGEGFLLVFAINNTKSFEDIHHYREQIKRVKDSEDVPMVLVGNKSDLPSRTVDTKQAQDLARSYGIPFIETSAKTRQGVDDAFYTLVREIRKHKEK	True	79.565	106.329	33.736	90.00	90.00	90.00	/Users/mitchellparker/Desktop/rascore_build/core/6pgoB_core.cif	/Users/mitchellparker/Desktop/rascore_build/rcsb/6pgo.cif.gz	/Users/mitchellparker/Desktop/rascore_build/renum/6pgo_renum.cif	/Users/mitchellparker/Desktop/rascore_build/rcsb_assembly/6pgo-assembly-2.cif.gz	/Users/mitchellparker/Desktop/rascore_build/renum_assembly/6pgo-assembly-2_renum.cif	/Users/mitchellparker/Desktop/rascore_build/sifts/6pgo.xml.gz	/Users/mitchellparker/Desktop/rascore_build/pocket/6pgoB_5_pocket.pdb
6pgoB	6pgo	0	B	Disordered	Disordered	Disordered	Disordered	P 21 21 2 (CF2)	6pgoB6	6	GTPase KRas	RASK_HUMAN	P01116-2	G12C,C51S,C80L,C118S	G12,C51,C80,C118	KRAS	2P	G12C	None	None	None	None	Multiple-Unbound	P 21 21 2	183	1-31:39-58:69-169	2019-06-24	Other	240.5342	0.0018	Unbound	Unbound	131,134,135,139,141	MG,GDP	None	None	None	None	None	None	None	None	None	None	GDP	MG	None	None	None	None	STP	XRAY	1.600	0.218	MKHHHHHHHDEVDGMTEYKLVVVGACGVGKSALTIQLIQNHFVDEYDPTIEDSYRKQVVIDGETSLLDILDTAGQEEYSAMRDQYMRTGEGFLLVFAINNTKSFEDIHHYREQIKRVKDSEDVPMVLVGNKSDLPSRTVDTKQAQDLARSYGIPFIETSAKTRQGVDDAFYTLVREIRKHKEK	True	79.565	106.329	33.736	90.00	90.00	90.00	/Users/mitchellparker/Desktop/rascore_build/core/6pgoB_core.cif	/Users/mitchellparker/Desktop/rascore_build/rcsb/6pgo.cif.gz	/Users/mitchellparker/Desktop/rascore_build/renum/6pgo_renum.cif	/Users/mitchellparker/Desktop/rascore_build/rcsb_assembly/6pgo-assembly-2.cif.gz	/Users/mitchellparker/Desktop/rascore_build/renum_assembly/6pgo-assembly-2_renum.cif	/Users/mitchellparker/Desktop/rascore_build/sifts/6pgo.xml.gz	/Users/mitchellparker/Desktop/rascore_build/pocket/6pgoB_6_pocket.pdb
6pgoB	6pgo	0	B	Disordered	Disordered	Disordered	Disordered	P 21 21 2 (CF2)	6pgoB7	7	GTPase KRas	RASK_HUMAN	P01116-2	G12C,C51S,C80L,C118S	G12,C51,C80,C118	KRAS	2P	G12C	None	None	None	None	Multiple-Unbound	P 21 21 2	183	1-31:39-58:69-169	2019-06-24	SP2	177.6487	0.0848	Unbound	Unbound	92,95,96,99	MG,GDP	None	None	None	None	None	None	None	None	None	None	GDP	MG	None	None	None	None	STP	XRAY	1.600	0.218	MKHHHHHHHDEVDGMTEYKLVVVGACGVGKSALTIQLIQNHFVDEYDPTIEDSYRKQVVIDGETSLLDILDTAGQEEYSAMRDQYMRTGEGFLLVFAINNTKSFEDIHHYREQIKRVKDSEDVPMVLVGNKSDLPSRTVDTKQAQDLARSYGIPFIETSAKTRQGVDDAFYTLVREIRKHKEK	True	79.565	106.329	33.736	90.00	90.00	90.00	/Users/mitchellparker/Desktop/rascore_build/core/6pgoB_core.cif	/Users/mitchellparker/Desktop/rascore_build/rcsb/6pgo.cif.gz	/Users/mitchellparker/Desktop/rascore_build/renum/6pgo_renum.cif	/Users/mitchellparker/Desktop/rascore_build/rcsb_assembly/6pgo-assembly-2.cif.gz	/Users/mitchellparker/Desktop/rascore_build/renum_assembly/6pgo-assembly-2_renum.cif	/Users/mitchellparker/Desktop/rascore_build/sifts/6pgo.xml.gz	/Users/mitchellparker/Desktop/rascore_build/pocket/6pgoB_7_pocket.pdb
6pgoB	6pgo	0	B	Disordered	Disordered	Disordered	Disordered	P 21 21 2 (CF2)	6pgoB8	8	GTPase KRas	RASK_HUMAN	P01116-2	G12C,C51S,C80L,C118S	G12,C51,C80,C118	KRAS	2P	G12C	None	None	None	None	Multiple-Unbound	P 21 21 2	183	1-31:39-58:69-169	2019-06-24	Other	182.7441	0.0004	Unbound	Unbound	95,98,99,102	MG,GDP	None	None	None	None	None	None	None	None	None	None	GDP	MG	None	None	None	None	STP	XRAY	1.600	0.218	MKHHHHHHHDEVDGMTEYKLVVVGACGVGKSALTIQLIQNHFVDEYDPTIEDSYRKQVVIDGETSLLDILDTAGQEEYSAMRDQYMRTGEGFLLVFAINNTKSFEDIHHYREQIKRVKDSEDVPMVLVGNKSDLPSRTVDTKQAQDLARSYGIPFIETSAKTRQGVDDAFYTLVREIRKHKEK	True	79.565	106.329	33.736	90.00	90.00	90.00	/Users/mitchellparker/Desktop/rascore_build/core/6pgoB_core.cif	/Users/mitchellparker/Desktop/rascore_build/rcsb/6pgo.cif.gz	/Users/mitchellparker/Desktop/rascore_build/renum/6pgo_renum.cif	/Users/mitchellparker/Desktop/rascore_build/rcsb_assembly/6pgo-assembly-2.cif.gz	/Users/mitchellparker/Desktop/rascore_build/renum_assembly/6pgo-assembly-2_renum.cif	/Users/mitchellparker/Desktop/rascore_build/sifts/6pgo.xml.gz	/Users/mitchellparker/Desktop/rascore_build/pocket/6pgoB_8_pocket.pdb
6pgpA	6pgp	0	A	Y32out.2P-OFF	Outlier	Y32out	Y71out	P 1 (CF1)	6pgpA1	1	GTPase KRas	RASK_HUMAN	P01116-2	G12C,C51S,C80L,C118S	G12,C51,C80,C118	KRAS	2P	G12C	SP2	SP2.Acrylamide	None	None	SP2-Bound	P 1	183	1-169	2019-06-24	SP2	1021.1207	0.9088	Bound	SP2	9,10,11,12,16,17,34,36,58,59,60,61,62,63,64,68,69,72,86,88,89,92,96,99,100,102,103	GDP,CA,CA,OHY	None	OHY:95,96,99,63,68,62,10,59,16,61,60,12,34,72,58,9,100,103,69	None	None	SP2	SP2.Acrylamide	OHY:CCC(=O)N1CCN(c2nc(=O)n(-c3ccccc3C(C)C)c3cc(-c4c(O)cccc4F)c(Cl)cc23)CC1	None	None	None	GDP	None	OHY	CA	None	None	OHY	XRAY	1.500	0.191	MKHHHHHHHDEVDGMTEYKLVVVGACGVGKSALTIQLIQNHFVDEYDPTIEDSYRKQVVIDGETSLLDILDTAGQEEYSAMRDQYMRTGEGFLLVFAINNTKSFEDIHHYREQIKRVKDSEDVPMVLVGNKSDLPSRTVDTKQAQDLARSYGIPFIETSAKTRQGVDDAFYTLVREIRKHKEK	True	33.420	39.606	62.451	76.91	81.38	77.30	/Users/mitchellparker/Desktop/rascore_build/core/6pgpA_core.cif	/Users/mitchellparker/Desktop/rascore_build/rcsb/6pgp.cif.gz	/Users/mitchellparker/Desktop/rascore_build/renum/6pgp_renum.cif	/Users/mitchellparker/Desktop/rascore_build/rcsb_assembly/6pgp-assembly-2.cif.gz	/Users/mitchellparker/Desktop/rascore_build/renum_assembly/6pgp-assembly-2_renum.cif	/Users/mitchellparker/Desktop/rascore_build/sifts/6pgp.xml.gz	/Users/mitchellparker/Desktop/rascore_build/pocket/6pgpA_1_pocket.pdb
6pgpA	6pgp	0	A	Y32out.2P-OFF	Outlier	Y32out	Y71out	P 1 (CF1)	6pgpA2	2	GTPase KRas	RASK_HUMAN	P01116-2	G12C,C51S,C80L,C118S	G12,C51,C80,C118	KRAS	2P	G12C	SP2	SP2.Acrylamide	None	None	SP2-Bound	P 1	183	1-169	2019-06-24	SP2	237.0314	0.0250	Bound	SP2	62,92,95,96,99	GDP,CA,CA,OHY	None	OHY:95,96,99,63,68,62,10,59,16,61,60,12,34,72,58,9,100,103,69	None	None	SP2	SP2.Acrylamide	OHY:CCC(=O)N1CCN(c2nc(=O)n(-c3ccccc3C(C)C)c3cc(-c4c(O)cccc4F)c(Cl)cc23)CC1	None	None	None	GDP	None	OHY	CA	None	None	OHY	XRAY	1.500	0.191	MKHHHHHHHDEVDGMTEYKLVVVGACGVGKSALTIQLIQNHFVDEYDPTIEDSYRKQVVIDGETSLLDILDTAGQEEYSAMRDQYMRTGEGFLLVFAINNTKSFEDIHHYREQIKRVKDSEDVPMVLVGNKSDLPSRTVDTKQAQDLARSYGIPFIETSAKTRQGVDDAFYTLVREIRKHKEK	True	33.420	39.606	62.451	76.91	81.38	77.30	/Users/mitchellparker/Desktop/rascore_build/core/6pgpA_core.cif	/Users/mitchellparker/Desktop/rascore_build/rcsb/6pgp.cif.gz	/Users/mitchellparker/Desktop/rascore_build/renum/6pgp_renum.cif	/Users/mitchellparker/Desktop/rascore_build/rcsb_assembly/6pgp-assembly-2.cif.gz	/Users/mitchellparker/Desktop/rascore_build/renum_assembly/6pgp-assembly-2_renum.cif	/Users/mitchellparker/Desktop/rascore_build/sifts/6pgp.xml.gz	/Users/mitchellparker/Desktop/rascore_build/pocket/6pgpA_2_pocket.pdb
6pgpB	6pgp	0	B	Y32out.2P-OFF	Outlier	Y32out	Y71out	P 1 (CF1)	6pgpB1	1	GTPase KRas	RASK_HUMAN	P01116-2	G12C,C51S,C80L,C118S	G12,C51,C80,C118	KRAS	2P	G12C	SP2	SP2.Acrylamide	None	None	SP2-Bound	P 1	183	1-169	2019-06-24	SP2	1251.7917	0.9590	Bound	SP2	9,10,11,12,16,17,34,36,58,59,60,61,62,63,64,65,68,69,72,86,88,89,92,96,99,100,102,103	GDP,CA,CA,OHY	None	OHY:95,96,99,68,62,61,59,10,16,60,12,34,58,72,9,100,103,69	None	None	SP2	SP2.Acrylamide	OHY:CCC(=O)N1CCN(c2nc(=O)n(-c3ccccc3C(C)C)c3cc(-c4c(O)cccc4F)c(Cl)cc23)CC1	None	None	None	GDP	None	OHY	CA	None	None	OHY	XRAY	1.500	0.191	MKHHHHHHHDEVDGMTEYKLVVVGACGVGKSALTIQLIQNHFVDEYDPTIEDSYRKQVVIDGETSLLDILDTAGQEEYSAMRDQYMRTGEGFLLVFAINNTKSFEDIHHYREQIKRVKDSEDVPMVLVGNKSDLPSRTVDTKQAQDLARSYGIPFIETSAKTRQGVDDAFYTLVREIRKHKEK	True	33.420	39.606	62.451	76.91	81.38	77.30	/Users/mitchellparker/Desktop/rascore_build/core/6pgpB_core.cif	/Users/mitchellparker/Desktop/rascore_build/rcsb/6pgp.cif.gz	/Users/mitchellparker/Desktop/rascore_build/renum/6pgp_renum.cif	/Users/mitchellparker/Desktop/rascore_build/rcsb_assembly/6pgp-assembly-2.cif.gz	/Users/mitchellparker/Desktop/rascore_build/renum_assembly/6pgp-assembly-2_renum.cif	/Users/mitchellparker/Desktop/rascore_build/sifts/6pgp.xml.gz	/Users/mitchellparker/Desktop/rascore_build/pocket/6pgpB_1_pocket.pdb
6pgpB	6pgp	0	B	Y32out.2P-OFF	Outlier	Y32out	Y71out	P 1 (CF1)	6pgpB2	2	GTPase KRas	RASK_HUMAN	P01116-2	G12C,C51S,C80L,C118S	G12,C51,C80,C118	KRAS	2P	G12C	SP2	SP2.Acrylamide	None	None	SP2-Bound	P 1	183	1-169	2019-06-24	SP2	242.1533	0.0600	Bound	SP2	62,92,95,96,99	GDP,CA,CA,OHY	None	OHY:95,96,99,68,62,61,59,10,16,60,12,34,58,72,9,100,103,69	None	None	SP2	SP2.Acrylamide	OHY:CCC(=O)N1CCN(c2nc(=O)n(-c3ccccc3C(C)C)c3cc(-c4c(O)cccc4F)c(Cl)cc23)CC1	None	None	None	GDP	None	OHY	CA	None	None	OHY	XRAY	1.500	0.191	MKHHHHHHHDEVDGMTEYKLVVVGACGVGKSALTIQLIQNHFVDEYDPTIEDSYRKQVVIDGETSLLDILDTAGQEEYSAMRDQYMRTGEGFLLVFAINNTKSFEDIHHYREQIKRVKDSEDVPMVLVGNKSDLPSRTVDTKQAQDLARSYGIPFIETSAKTRQGVDDAFYTLVREIRKHKEK	True	33.420	39.606	62.451	76.91	81.38	77.30	/Users/mitchellparker/Desktop/rascore_build/core/6pgpB_core.cif	/Users/mitchellparker/Desktop/rascore_build/rcsb/6pgp.cif.gz	/Users/mitchellparker/Desktop/rascore_build/renum/6pgp_renum.cif	/Users/mitchellparker/Desktop/rascore_build/rcsb_assembly/6pgp-assembly-2.cif.gz	/Users/mitchellparker/Desktop/rascore_build/renum_assembly/6pgp-assembly-2_renum.cif	/Users/mitchellparker/Desktop/rascore_build/sifts/6pgp.xml.gz	/Users/mitchellparker/Desktop/rascore_build/pocket/6pgpB_2_pocket.pdb
6pq3A	6pq3	0	A	Y32out.2P-OFF	Disordered	Y32out	Y71out	P 63 (CF2)	6pq3A1	1	GTPase KRas	RASK_HUMAN	P01116-2	D154Q	D154	KRAS	2P	Other	None	None	None	None	Multiple-Unbound	P 63	180	1-64:71-167	2019-07-08	SP2	608.7369	0.8258	Unbound	Unbound	9,37,56,58,60,62,66,72,95,96,99,102,103	GDP,MG,SO4,SO4,SO4,SO4,SO4	None	None	None	None	None	None	None	None	None	None	GDP	MG	None	SO4	None	None	STP	XRAY	1.750	0.183	GMTEYKLVVVGAGGVGKSALTIQLIQNHFVDEYDPTIEDSYRKQVVIDGETCLLDILDTAGQEEYILDTAGQEEYSAMRDQYMRTGEGFLCVFAINNTKSFEDIHHYREQIKRVKDSEDVPMVLVGNKCDLPSRTVDTKQAQDLARSYGIPFIETSAKTRQGVDQAFYTLVREIRKHKEK	True	82.900	82.900	41.130	90.000	90.000	120.000	/Users/mitchellparker/Desktop/rascore_build/core/6pq3A_core.cif	/Users/mitchellparker/Desktop/rascore_build/rcsb/6pq3.cif.gz	/Users/mitchellparker/Desktop/rascore_build/renum/6pq3_renum.cif	/Users/mitchellparker/Desktop/rascore_build/rcsb_assembly/6pq3-assembly-1.cif.gz	/Users/mitchellparker/Desktop/rascore_build/renum_assembly/6pq3-assembly-1_renum.cif	/Users/mitchellparker/Desktop/rascore_build/sifts/6pq3.xml.gz	/Users/mitchellparker/Desktop/rascore_build/pocket/6pq3A_1_pocket.pdb
6pq3A	6pq3	0	A	Y32out.2P-OFF	Disordered	Y32out	Y71out	P 63 (CF2)	6pq3A2	2	GTPase KRas	RASK_HUMAN	P01116-2	D154Q	D154	KRAS	2P	Other	None	None	None	None	Multiple-Unbound	P 63	180	1-64:71-167	2019-07-08	Other	429.2291	0.0065	Unbound	Unbound	11,12,13,31,32,34,61,64,86,88,89,92	GDP,MG,SO4,SO4,SO4,SO4,SO4	None	None	None	None	None	None	None	None	None	None	GDP	MG	None	SO4	None	None	STP	XRAY	1.750	0.183	GMTEYKLVVVGAGGVGKSALTIQLIQNHFVDEYDPTIEDSYRKQVVIDGETCLLDILDTAGQEEYILDTAGQEEYSAMRDQYMRTGEGFLCVFAINNTKSFEDIHHYREQIKRVKDSEDVPMVLVGNKCDLPSRTVDTKQAQDLARSYGIPFIETSAKTRQGVDQAFYTLVREIRKHKEK	True	82.900	82.900	41.130	90.000	90.000	120.000	/Users/mitchellparker/Desktop/rascore_build/core/6pq3A_core.cif	/Users/mitchellparker/Desktop/rascore_build/rcsb/6pq3.cif.gz	/Users/mitchellparker/Desktop/rascore_build/renum/6pq3_renum.cif	/Users/mitchellparker/Desktop/rascore_build/rcsb_assembly/6pq3-assembly-1.cif.gz	/Users/mitchellparker/Desktop/rascore_build/renum_assembly/6pq3-assembly-1_renum.cif	/Users/mitchellparker/Desktop/rascore_build/sifts/6pq3.xml.gz	/Users/mitchellparker/Desktop/rascore_build/pocket/6pq3A_2_pocket.pdb
6pq3A	6pq3	0	A	Y32out.2P-OFF	Disordered	Y32out	Y71out	P 63 (CF2)	6pq3A3	3	GTPase KRas	RASK_HUMAN	P01116-2	D154Q	D154	KRAS	2P	Other	None	None	None	None	Multiple-Unbound	P 63	180	1-64:71-167	2019-07-08	SP12	277.8213	0.0027	Unbound	Unbound	5,6,7,37,38,39,54,56,71,74,75	GDP,MG,SO4,SO4,SO4,SO4,SO4	None	None	None	None	None	None	None	None	None	None	GDP	MG	None	SO4	None	None	STP	XRAY	1.750	0.183	GMTEYKLVVVGAGGVGKSALTIQLIQNHFVDEYDPTIEDSYRKQVVIDGETCLLDILDTAGQEEYILDTAGQEEYSAMRDQYMRTGEGFLCVFAINNTKSFEDIHHYREQIKRVKDSEDVPMVLVGNKCDLPSRTVDTKQAQDLARSYGIPFIETSAKTRQGVDQAFYTLVREIRKHKEK	True	82.900	82.900	41.130	90.000	90.000	120.000	/Users/mitchellparker/Desktop/rascore_build/core/6pq3A_core.cif	/Users/mitchellparker/Desktop/rascore_build/rcsb/6pq3.cif.gz	/Users/mitchellparker/Desktop/rascore_build/renum/6pq3_renum.cif	/Users/mitchellparker/Desktop/rascore_build/rcsb_assembly/6pq3-assembly-1.cif.gz	/Users/mitchellparker/Desktop/rascore_build/renum_assembly/6pq3-assembly-1_renum.cif	/Users/mitchellparker/Desktop/rascore_build/sifts/6pq3.xml.gz	/Users/mitchellparker/Desktop/rascore_build/pocket/6pq3A_3_pocket.pdb
6pq3A	6pq3	0	A	Y32out.2P-OFF	Disordered	Y32out	Y71out	P 63 (CF2)	6pq3A4	4	GTPase KRas	RASK_HUMAN	P01116-2	D154Q	D154	KRAS	2P	Other	None	None	None	None	Multiple-Unbound	P 63	180	1-64:71-167	2019-07-08	Other	248.5808	0.0001	Unbound	Unbound	97,107,108,109,110,111,137,138,139,162,166	GDP,MG,SO4,SO4,SO4,SO4,SO4	None	None	None	None	None	None	None	None	None	None	GDP	MG	None	SO4	None	None	STP	XRAY	1.750	0.183	GMTEYKLVVVGAGGVGKSALTIQLIQNHFVDEYDPTIEDSYRKQVVIDGETCLLDILDTAGQEEYILDTAGQEEYSAMRDQYMRTGEGFLCVFAINNTKSFEDIHHYREQIKRVKDSEDVPMVLVGNKCDLPSRTVDTKQAQDLARSYGIPFIETSAKTRQGVDQAFYTLVREIRKHKEK	True	82.900	82.900	41.130	90.000	90.000	120.000	/Users/mitchellparker/Desktop/rascore_build/core/6pq3A_core.cif	/Users/mitchellparker/Desktop/rascore_build/rcsb/6pq3.cif.gz	/Users/mitchellparker/Desktop/rascore_build/renum/6pq3_renum.cif	/Users/mitchellparker/Desktop/rascore_build/rcsb_assembly/6pq3-assembly-1.cif.gz	/Users/mitchellparker/Desktop/rascore_build/renum_assembly/6pq3-assembly-1_renum.cif	/Users/mitchellparker/Desktop/rascore_build/sifts/6pq3.xml.gz	/Users/mitchellparker/Desktop/rascore_build/pocket/6pq3A_4_pocket.pdb
6pq3A	6pq3	0	A	Y32out.2P-OFF	Disordered	Y32out	Y71out	P 63 (CF2)	6pq3A5	5	GTPase KRas	RASK_HUMAN	P01116-2	D154Q	D154	KRAS	2P	Other	None	None	None	None	Multiple-Unbound	P 63	180	1-64:71-167	2019-07-08	Other	167.9795	0.0015	Unbound	Unbound	22,26,149,151,152,153,154	GDP,MG,SO4,SO4,SO4,SO4,SO4	None	None	None	None	None	None	None	None	None	None	GDP	MG	None	SO4	None	None	STP	XRAY	1.750	0.183	GMTEYKLVVVGAGGVGKSALTIQLIQNHFVDEYDPTIEDSYRKQVVIDGETCLLDILDTAGQEEYILDTAGQEEYSAMRDQYMRTGEGFLCVFAINNTKSFEDIHHYREQIKRVKDSEDVPMVLVGNKCDLPSRTVDTKQAQDLARSYGIPFIETSAKTRQGVDQAFYTLVREIRKHKEK	True	82.900	82.900	41.130	90.000	90.000	120.000	/Users/mitchellparker/Desktop/rascore_build/core/6pq3A_core.cif	/Users/mitchellparker/Desktop/rascore_build/rcsb/6pq3.cif.gz	/Users/mitchellparker/Desktop/rascore_build/renum/6pq3_renum.cif	/Users/mitchellparker/Desktop/rascore_build/rcsb_assembly/6pq3-assembly-1.cif.gz	/Users/mitchellparker/Desktop/rascore_build/renum_assembly/6pq3-assembly-1_renum.cif	/Users/mitchellparker/Desktop/rascore_build/sifts/6pq3.xml.gz	/Users/mitchellparker/Desktop/rascore_build/pocket/6pq3A_5_pocket.pdb
6pq3A	6pq3	0	A	Y32out.2P-OFF	Disordered	Y32out	Y71out	P 63 (CF2)	6pq3A6	6	GTPase KRas	RASK_HUMAN	P01116-2	D154Q	D154	KRAS	2P	Other	None	None	None	None	Multiple-Unbound	P 63	180	1-64:71-167	2019-07-08	Other	244.5257	0.0042	Unbound	Unbound	76,104,106,108,109,110,163,166	GDP,MG,SO4,SO4,SO4,SO4,SO4	None	None	None	None	None	None	None	None	None	None	GDP	MG	None	SO4	None	None	STP	XRAY	1.750	0.183	GMTEYKLVVVGAGGVGKSALTIQLIQNHFVDEYDPTIEDSYRKQVVIDGETCLLDILDTAGQEEYILDTAGQEEYSAMRDQYMRTGEGFLCVFAINNTKSFEDIHHYREQIKRVKDSEDVPMVLVGNKCDLPSRTVDTKQAQDLARSYGIPFIETSAKTRQGVDQAFYTLVREIRKHKEK	True	82.900	82.900	41.130	90.000	90.000	120.000	/Users/mitchellparker/Desktop/rascore_build/core/6pq3A_core.cif	/Users/mitchellparker/Desktop/rascore_build/rcsb/6pq3.cif.gz	/Users/mitchellparker/Desktop/rascore_build/renum/6pq3_renum.cif	/Users/mitchellparker/Desktop/rascore_build/rcsb_assembly/6pq3-assembly-1.cif.gz	/Users/mitchellparker/Desktop/rascore_build/renum_assembly/6pq3-assembly-1_renum.cif	/Users/mitchellparker/Desktop/rascore_build/sifts/6pq3.xml.gz	/Users/mitchellparker/Desktop/rascore_build/pocket/6pq3A_6_pocket.pdb
6ptsB	6pts	0	B	Y32in.3P-ON	Outlier	Y32in	Y71out	None	6ptsB10	10	GTPase KRas	RASK_HUMAN	P01116-2	WT	WT	KRAS	3P	WT	None	None	Nanodisc	None	SP2-Unbound	None	185	1-167:169-186	2019-07-16	SP2	331.5781	0.0006	Unbound	Unbound	60,62,63,64,68,88,92,95,96,99	PCW,PCW,PCW,PCW,PCW,PCW,PCW,PCW,17F,17F,PCW,PCW,PCW,PCW,PCW,PCW,PCW,PCW,PCW,PCW,PCW,PCW,PCW,PCW,PCW,PCW,PCW,PCW,PCW,PCW,PCW,PCW,PCW,PCW,PCW,PCW,PCW,PCW,PCW,PCW,PCW,PCW,17F,17F,17F,17F,17F,17F,17F,PCW,PCW,PCW,PCW,PCW,PCW,PCW,PCW,PCW,PCW,PCW,PCW,17F,17F,17F,GNP,MG,PCW,PCW,PCW,PCW,PCW,PCW,PCW,PCW,PCW,PCW,17F,17F,17F,17F,PCW,PCW	Apolipoprotein A-I,RAF proto-oncogene serine/threonine-protein kinase	None	A:126,128,183,182,131,142,141,170,173|D:36,37,40,39,38,35,34,33,31,27,28,29,25,21,48,45,44,26,43,41,50,1,157,154,161,165,169,162,158,151	APOA1_HUMAN,RAF1_HUMAN	None	None	None	Nanodisc|RBD	None	A,C,D	GNP	MG	None	None	None	17F,PCW	STP	NMR	None	None	MTEYKLVVVGAGGVGKSALTIQLIQNHFVDEYDPTIEDSYRKQVVIDGETCLLDILDTAGQEEYSAMRDQYMRTGEGFLCVFAINNTKSFEDIHHYREQIKRVKDSEDVPMVLVGNKCDLPSRTVDTKQAQDLARSYGIPFIETSAKTRQGVDDAFYTLVREIRKHKEKMSKDGKKKKKKSKTKC	True	999.0	999.0	999.0	999.0	999.0	999.0	/Users/mitchellparker/Desktop/rascore_build/core/6ptsB_core.cif	/Users/mitchellparker/Desktop/rascore_build/rcsb/6pts.cif.gz	/Users/mitchellparker/Desktop/rascore_build/renum/6pts_renum.cif	/Users/mitchellparker/Desktop/rascore_build/rcsb_assembly/6pts-assembly-1.cif.gz	/Users/mitchellparker/Desktop/rascore_build/renum_assembly/6pts-assembly-1_renum.cif	/Users/mitchellparker/Desktop/rascore_build/sifts/6pts.xml.gz	/Users/mitchellparker/Desktop/rascore_build/pocket/6ptsB_10_pocket.pdb
6ptsB	6pts	0	B	Y32in.3P-ON	Outlier	Y32in	Y71out	None	6ptsB11	11	GTPase KRas	RASK_HUMAN	P01116-2	WT	WT	KRAS	3P	WT	None	None	Nanodisc	None	SP2-Unbound	None	185	1-167:169-186	2019-07-16	Other	408.7408	0.0001	Unbound	Unbound	105,106,107,108,166,171,176,178	PCW,PCW,PCW,PCW,PCW,PCW,PCW,PCW,17F,17F,PCW,PCW,PCW,PCW,PCW,PCW,PCW,PCW,PCW,PCW,PCW,PCW,PCW,PCW,PCW,PCW,PCW,PCW,PCW,PCW,PCW,PCW,PCW,PCW,PCW,PCW,PCW,PCW,PCW,PCW,PCW,PCW,17F,17F,17F,17F,17F,17F,17F,PCW,PCW,PCW,PCW,PCW,PCW,PCW,PCW,PCW,PCW,PCW,PCW,17F,17F,17F,GNP,MG,PCW,PCW,PCW,PCW,PCW,PCW,PCW,PCW,PCW,PCW,17F,17F,17F,17F,PCW,PCW	Apolipoprotein A-I,RAF proto-oncogene serine/threonine-protein kinase	None	A:126,128,183,182,131,142,141,170,173|D:36,37,40,39,38,35,34,33,31,27,28,29,25,21,48,45,44,26,43,41,50,1,157,154,161,165,169,162,158,151	APOA1_HUMAN,RAF1_HUMAN	None	None	None	Nanodisc|RBD	None	A,C,D	GNP	MG	None	None	None	17F,PCW	STP	NMR	None	None	MTEYKLVVVGAGGVGKSALTIQLIQNHFVDEYDPTIEDSYRKQVVIDGETCLLDILDTAGQEEYSAMRDQYMRTGEGFLCVFAINNTKSFEDIHHYREQIKRVKDSEDVPMVLVGNKCDLPSRTVDTKQAQDLARSYGIPFIETSAKTRQGVDDAFYTLVREIRKHKEKMSKDGKKKKKKSKTKC	True	999.0	999.0	999.0	999.0	999.0	999.0	/Users/mitchellparker/Desktop/rascore_build/core/6ptsB_core.cif	/Users/mitchellparker/Desktop/rascore_build/rcsb/6pts.cif.gz	/Users/mitchellparker/Desktop/rascore_build/renum/6pts_renum.cif	/Users/mitchellparker/Desktop/rascore_build/rcsb_assembly/6pts-assembly-1.cif.gz	/Users/mitchellparker/Desktop/rascore_build/renum_assembly/6pts-assembly-1_renum.cif	/Users/mitchellparker/Desktop/rascore_build/sifts/6pts.xml.gz	/Users/mitchellparker/Desktop/rascore_build/pocket/6ptsB_11_pocket.pdb
6ptsB	6pts	0	B	Y32in.3P-ON	Outlier	Y32in	Y71out	None	6ptsB2	2	GTPase KRas	RASK_HUMAN	P01116-2	WT	WT	KRAS	3P	WT	None	None	Nanodisc	None	SP2-Unbound	None	185	1-167:169-186	2019-07-16	Other	139.7328	0.0130	Unbound	Unbound	8,16,19,20,79,81,114,144,155,156	PCW,PCW,PCW,PCW,PCW,PCW,PCW,PCW,17F,17F,PCW,PCW,PCW,PCW,PCW,PCW,PCW,PCW,PCW,PCW,PCW,PCW,PCW,PCW,PCW,PCW,PCW,PCW,PCW,PCW,PCW,PCW,PCW,PCW,PCW,PCW,PCW,PCW,PCW,PCW,PCW,PCW,17F,17F,17F,17F,17F,17F,17F,PCW,PCW,PCW,PCW,PCW,PCW,PCW,PCW,PCW,PCW,PCW,PCW,17F,17F,17F,GNP,MG,PCW,PCW,PCW,PCW,PCW,PCW,PCW,PCW,PCW,PCW,17F,17F,17F,17F,PCW,PCW	Apolipoprotein A-I,RAF proto-oncogene serine/threonine-protein kinase	None	A:126,128,183,182,131,142,141,170,173|D:36,37,40,39,38,35,34,33,31,27,28,29,25,21,48,45,44,26,43,41,50,1,157,154,161,165,169,162,158,151	APOA1_HUMAN,RAF1_HUMAN	None	None	None	Nanodisc|RBD	None	A,C,D	GNP	MG	None	None	None	17F,PCW	STP	NMR	None	None	MTEYKLVVVGAGGVGKSALTIQLIQNHFVDEYDPTIEDSYRKQVVIDGETCLLDILDTAGQEEYSAMRDQYMRTGEGFLCVFAINNTKSFEDIHHYREQIKRVKDSEDVPMVLVGNKCDLPSRTVDTKQAQDLARSYGIPFIETSAKTRQGVDDAFYTLVREIRKHKEKMSKDGKKKKKKSKTKC	True	999.0	999.0	999.0	999.0	999.0	999.0	/Users/mitchellparker/Desktop/rascore_build/core/6ptsB_core.cif	/Users/mitchellparker/Desktop/rascore_build/rcsb/6pts.cif.gz	/Users/mitchellparker/Desktop/rascore_build/renum/6pts_renum.cif	/Users/mitchellparker/Desktop/rascore_build/rcsb_assembly/6pts-assembly-1.cif.gz	/Users/mitchellparker/Desktop/rascore_build/renum_assembly/6pts-assembly-1_renum.cif	/Users/mitchellparker/Desktop/rascore_build/sifts/6pts.xml.gz	/Users/mitchellparker/Desktop/rascore_build/pocket/6ptsB_2_pocket.pdb
6ptsB	6pts	0	B	Y32in.3P-ON	Outlier	Y32in	Y71out	None	6ptsB3	3	GTPase KRas	RASK_HUMAN	P01116-2	WT	WT	KRAS	3P	WT	None	None	Nanodisc	None	SP2-Unbound	None	185	1-167:169-186	2019-07-16	Other	269.8393	0.0030	Unbound	Unbound	47,49,161,164,165	PCW,PCW,PCW,PCW,PCW,PCW,PCW,PCW,17F,17F,PCW,PCW,PCW,PCW,PCW,PCW,PCW,PCW,PCW,PCW,PCW,PCW,PCW,PCW,PCW,PCW,PCW,PCW,PCW,PCW,PCW,PCW,PCW,PCW,PCW,PCW,PCW,PCW,PCW,PCW,PCW,PCW,17F,17F,17F,17F,17F,17F,17F,PCW,PCW,PCW,PCW,PCW,PCW,PCW,PCW,PCW,PCW,PCW,PCW,17F,17F,17F,GNP,MG,PCW,PCW,PCW,PCW,PCW,PCW,PCW,PCW,PCW,PCW,17F,17F,17F,17F,PCW,PCW	Apolipoprotein A-I,RAF proto-oncogene serine/threonine-protein kinase	None	A:126,128,183,182,131,142,141,170,173|D:36,37,40,39,38,35,34,33,31,27,28,29,25,21,48,45,44,26,43,41,50,1,157,154,161,165,169,162,158,151	APOA1_HUMAN,RAF1_HUMAN	None	None	None	Nanodisc|RBD	None	A,C,D	GNP	MG	None	None	None	17F,PCW	STP	NMR	None	None	MTEYKLVVVGAGGVGKSALTIQLIQNHFVDEYDPTIEDSYRKQVVIDGETCLLDILDTAGQEEYSAMRDQYMRTGEGFLCVFAINNTKSFEDIHHYREQIKRVKDSEDVPMVLVGNKCDLPSRTVDTKQAQDLARSYGIPFIETSAKTRQGVDDAFYTLVREIRKHKEKMSKDGKKKKKKSKTKC	True	999.0	999.0	999.0	999.0	999.0	999.0	/Users/mitchellparker/Desktop/rascore_build/core/6ptsB_core.cif	/Users/mitchellparker/Desktop/rascore_build/rcsb/6pts.cif.gz	/Users/mitchellparker/Desktop/rascore_build/renum/6pts_renum.cif	/Users/mitchellparker/Desktop/rascore_build/rcsb_assembly/6pts-assembly-1.cif.gz	/Users/mitchellparker/Desktop/rascore_build/renum_assembly/6pts-assembly-1_renum.cif	/Users/mitchellparker/Desktop/rascore_build/sifts/6pts.xml.gz	/Users/mitchellparker/Desktop/rascore_build/pocket/6ptsB_3_pocket.pdb
6ptsB	6pts	0	B	Y32in.3P-ON	Outlier	Y32in	Y71out	None	6ptsB4	4	GTPase KRas	RASK_HUMAN	P01116-2	WT	WT	KRAS	3P	WT	None	None	Nanodisc	None	SP2-Unbound	None	185	1-167:169-186	2019-07-16	Other	175.6317	0.0138	Unbound	Unbound	80,90,93,94,97,111,113,133,137,139	PCW,PCW,PCW,PCW,PCW,PCW,PCW,PCW,17F,17F,PCW,PCW,PCW,PCW,PCW,PCW,PCW,PCW,PCW,PCW,PCW,PCW,PCW,PCW,PCW,PCW,PCW,PCW,PCW,PCW,PCW,PCW,PCW,PCW,PCW,PCW,PCW,PCW,PCW,PCW,PCW,PCW,17F,17F,17F,17F,17F,17F,17F,PCW,PCW,PCW,PCW,PCW,PCW,PCW,PCW,PCW,PCW,PCW,PCW,17F,17F,17F,GNP,MG,PCW,PCW,PCW,PCW,PCW,PCW,PCW,PCW,PCW,PCW,17F,17F,17F,17F,PCW,PCW	Apolipoprotein A-I,RAF proto-oncogene serine/threonine-protein kinase	None	A:126,128,183,182,131,142,141,170,173|D:36,37,40,39,38,35,34,33,31,27,28,29,25,21,48,45,44,26,43,41,50,1,157,154,161,165,169,162,158,151	APOA1_HUMAN,RAF1_HUMAN	None	None	None	Nanodisc|RBD	None	A,C,D	GNP	MG	None	None	None	17F,PCW	STP	NMR	None	None	MTEYKLVVVGAGGVGKSALTIQLIQNHFVDEYDPTIEDSYRKQVVIDGETCLLDILDTAGQEEYSAMRDQYMRTGEGFLCVFAINNTKSFEDIHHYREQIKRVKDSEDVPMVLVGNKCDLPSRTVDTKQAQDLARSYGIPFIETSAKTRQGVDDAFYTLVREIRKHKEKMSKDGKKKKKKSKTKC	True	999.0	999.0	999.0	999.0	999.0	999.0	/Users/mitchellparker/Desktop/rascore_build/core/6ptsB_core.cif	/Users/mitchellparker/Desktop/rascore_build/rcsb/6pts.cif.gz	/Users/mitchellparker/Desktop/rascore_build/renum/6pts_renum.cif	/Users/mitchellparker/Desktop/rascore_build/rcsb_assembly/6pts-assembly-1.cif.gz	/Users/mitchellparker/Desktop/rascore_build/renum_assembly/6pts-assembly-1_renum.cif	/Users/mitchellparker/Desktop/rascore_build/sifts/6pts.xml.gz	/Users/mitchellparker/Desktop/rascore_build/pocket/6ptsB_4_pocket.pdb
6ptsB	6pts	0	B	Y32in.3P-ON	Outlier	Y32in	Y71out	None	6ptsB5	5	GTPase KRas	RASK_HUMAN	P01116-2	WT	WT	KRAS	3P	WT	None	None	Nanodisc	None	SP2-Unbound	None	185	1-167:169-186	2019-07-16	Other	290.0478	0.0002	Unbound	Unbound	98,101,102,105,106,107	PCW,PCW,PCW,PCW,PCW,PCW,PCW,PCW,17F,17F,PCW,PCW,PCW,PCW,PCW,PCW,PCW,PCW,PCW,PCW,PCW,PCW,PCW,PCW,PCW,PCW,PCW,PCW,PCW,PCW,PCW,PCW,PCW,PCW,PCW,PCW,PCW,PCW,PCW,PCW,PCW,PCW,17F,17F,17F,17F,17F,17F,17F,PCW,PCW,PCW,PCW,PCW,PCW,PCW,PCW,PCW,PCW,PCW,PCW,17F,17F,17F,GNP,MG,PCW,PCW,PCW,PCW,PCW,PCW,PCW,PCW,PCW,PCW,17F,17F,17F,17F,PCW,PCW	Apolipoprotein A-I,RAF proto-oncogene serine/threonine-protein kinase	None	A:126,128,183,182,131,142,141,170,173|D:36,37,40,39,38,35,34,33,31,27,28,29,25,21,48,45,44,26,43,41,50,1,157,154,161,165,169,162,158,151	APOA1_HUMAN,RAF1_HUMAN	None	None	None	Nanodisc|RBD	None	A,C,D	GNP	MG	None	None	None	17F,PCW	STP	NMR	None	None	MTEYKLVVVGAGGVGKSALTIQLIQNHFVDEYDPTIEDSYRKQVVIDGETCLLDILDTAGQEEYSAMRDQYMRTGEGFLCVFAINNTKSFEDIHHYREQIKRVKDSEDVPMVLVGNKCDLPSRTVDTKQAQDLARSYGIPFIETSAKTRQGVDDAFYTLVREIRKHKEKMSKDGKKKKKKSKTKC	True	999.0	999.0	999.0	999.0	999.0	999.0	/Users/mitchellparker/Desktop/rascore_build/core/6ptsB_core.cif	/Users/mitchellparker/Desktop/rascore_build/rcsb/6pts.cif.gz	/Users/mitchellparker/Desktop/rascore_build/renum/6pts_renum.cif	/Users/mitchellparker/Desktop/rascore_build/rcsb_assembly/6pts-assembly-1.cif.gz	/Users/mitchellparker/Desktop/rascore_build/renum_assembly/6pts-assembly-1_renum.cif	/Users/mitchellparker/Desktop/rascore_build/sifts/6pts.xml.gz	/Users/mitchellparker/Desktop/rascore_build/pocket/6ptsB_5_pocket.pdb
6ptsB	6pts	0	B	Y32in.3P-ON	Outlier	Y32in	Y71out	None	6ptsB6	6	GTPase KRas	RASK_HUMAN	P01116-2	WT	WT	KRAS	3P	WT	None	None	Nanodisc	None	SP2-Unbound	None	185	1-167:169-186	2019-07-16	Other	659.9893	0.0029	Unbound	Unbound	108,109,110,111,112,135,138,139,140,159,162,166,170	PCW,PCW,PCW,PCW,PCW,PCW,PCW,PCW,17F,17F,PCW,PCW,PCW,PCW,PCW,PCW,PCW,PCW,PCW,PCW,PCW,PCW,PCW,PCW,PCW,PCW,PCW,PCW,PCW,PCW,PCW,PCW,PCW,PCW,PCW,PCW,PCW,PCW,PCW,PCW,PCW,PCW,17F,17F,17F,17F,17F,17F,17F,PCW,PCW,PCW,PCW,PCW,PCW,PCW,PCW,PCW,PCW,PCW,PCW,17F,17F,17F,GNP,MG,PCW,PCW,PCW,PCW,PCW,PCW,PCW,PCW,PCW,PCW,17F,17F,17F,17F,PCW,PCW	Apolipoprotein A-I,RAF proto-oncogene serine/threonine-protein kinase	None	A:126,128,183,182,131,142,141,170,173|D:36,37,40,39,38,35,34,33,31,27,28,29,25,21,48,45,44,26,43,41,50,1,157,154,161,165,169,162,158,151	APOA1_HUMAN,RAF1_HUMAN	None	None	None	Nanodisc|RBD	None	A,C,D	GNP	MG	None	None	None	17F,PCW	STP	NMR	None	None	MTEYKLVVVGAGGVGKSALTIQLIQNHFVDEYDPTIEDSYRKQVVIDGETCLLDILDTAGQEEYSAMRDQYMRTGEGFLCVFAINNTKSFEDIHHYREQIKRVKDSEDVPMVLVGNKCDLPSRTVDTKQAQDLARSYGIPFIETSAKTRQGVDDAFYTLVREIRKHKEKMSKDGKKKKKKSKTKC	True	999.0	999.0	999.0	999.0	999.0	999.0	/Users/mitchellparker/Desktop/rascore_build/core/6ptsB_core.cif	/Users/mitchellparker/Desktop/rascore_build/rcsb/6pts.cif.gz	/Users/mitchellparker/Desktop/rascore_build/renum/6pts_renum.cif	/Users/mitchellparker/Desktop/rascore_build/rcsb_assembly/6pts-assembly-1.cif.gz	/Users/mitchellparker/Desktop/rascore_build/renum_assembly/6pts-assembly-1_renum.cif	/Users/mitchellparker/Desktop/rascore_build/sifts/6pts.xml.gz	/Users/mitchellparker/Desktop/rascore_build/pocket/6ptsB_6_pocket.pdb
6ptsB	6pts	0	B	Y32in.3P-ON	Outlier	Y32in	Y71out	None	6ptsB7	7	GTPase KRas	RASK_HUMAN	P01116-2	WT	WT	KRAS	3P	WT	None	None	Nanodisc	None	SP2-Unbound	None	185	1-167:169-186	2019-07-16	Other	204.3284	0.0001	Unbound	Unbound	118,119,143,145,148,150	PCW,PCW,PCW,PCW,PCW,PCW,PCW,PCW,17F,17F,PCW,PCW,PCW,PCW,PCW,PCW,PCW,PCW,PCW,PCW,PCW,PCW,PCW,PCW,PCW,PCW,PCW,PCW,PCW,PCW,PCW,PCW,PCW,PCW,PCW,PCW,PCW,PCW,PCW,PCW,PCW,PCW,17F,17F,17F,17F,17F,17F,17F,PCW,PCW,PCW,PCW,PCW,PCW,PCW,PCW,PCW,PCW,PCW,PCW,17F,17F,17F,GNP,MG,PCW,PCW,PCW,PCW,PCW,PCW,PCW,PCW,PCW,PCW,17F,17F,17F,17F,PCW,PCW	Apolipoprotein A-I,RAF proto-oncogene serine/threonine-protein kinase	None	A:126,128,183,182,131,142,141,170,173|D:36,37,40,39,38,35,34,33,31,27,28,29,25,21,48,45,44,26,43,41,50,1,157,154,161,165,169,162,158,151	APOA1_HUMAN,RAF1_HUMAN	None	None	None	Nanodisc|RBD	None	A,C,D	GNP	MG	None	None	None	17F,PCW	STP	NMR	None	None	MTEYKLVVVGAGGVGKSALTIQLIQNHFVDEYDPTIEDSYRKQVVIDGETCLLDILDTAGQEEYSAMRDQYMRTGEGFLCVFAINNTKSFEDIHHYREQIKRVKDSEDVPMVLVGNKCDLPSRTVDTKQAQDLARSYGIPFIETSAKTRQGVDDAFYTLVREIRKHKEKMSKDGKKKKKKSKTKC	True	999.0	999.0	999.0	999.0	999.0	999.0	/Users/mitchellparker/Desktop/rascore_build/core/6ptsB_core.cif	/Users/mitchellparker/Desktop/rascore_build/rcsb/6pts.cif.gz	/Users/mitchellparker/Desktop/rascore_build/renum/6pts_renum.cif	/Users/mitchellparker/Desktop/rascore_build/rcsb_assembly/6pts-assembly-1.cif.gz	/Users/mitchellparker/Desktop/rascore_build/renum_assembly/6pts-assembly-1_renum.cif	/Users/mitchellparker/Desktop/rascore_build/sifts/6pts.xml.gz	/Users/mitchellparker/Desktop/rascore_build/pocket/6ptsB_7_pocket.pdb
6ptsB	6pts	0	B	Y32in.3P-ON	Outlier	Y32in	Y71out	None	6ptsB8	8	GTPase KRas	RASK_HUMAN	P01116-2	WT	WT	KRAS	3P	WT	None	None	Nanodisc	None	SP2-Unbound	None	185	1-167:169-186	2019-07-16	Other	419.2947	0.0011	Unbound	Unbound	76,104,106,108,109,110,163,166,167,171	PCW,PCW,PCW,PCW,PCW,PCW,PCW,PCW,17F,17F,PCW,PCW,PCW,PCW,PCW,PCW,PCW,PCW,PCW,PCW,PCW,PCW,PCW,PCW,PCW,PCW,PCW,PCW,PCW,PCW,PCW,PCW,PCW,PCW,PCW,PCW,PCW,PCW,PCW,PCW,PCW,PCW,17F,17F,17F,17F,17F,17F,17F,PCW,PCW,PCW,PCW,PCW,PCW,PCW,PCW,PCW,PCW,PCW,PCW,17F,17F,17F,GNP,MG,PCW,PCW,PCW,PCW,PCW,PCW,PCW,PCW,PCW,PCW,17F,17F,17F,17F,PCW,PCW	Apolipoprotein A-I,RAF proto-oncogene serine/threonine-protein kinase	None	A:126,128,183,182,131,142,141,170,173|D:36,37,40,39,38,35,34,33,31,27,28,29,25,21,48,45,44,26,43,41,50,1,157,154,161,165,169,162,158,151	APOA1_HUMAN,RAF1_HUMAN	None	None	None	Nanodisc|RBD	None	A,C,D	GNP	MG	None	None	None	17F,PCW	STP	NMR	None	None	MTEYKLVVVGAGGVGKSALTIQLIQNHFVDEYDPTIEDSYRKQVVIDGETCLLDILDTAGQEEYSAMRDQYMRTGEGFLCVFAINNTKSFEDIHHYREQIKRVKDSEDVPMVLVGNKCDLPSRTVDTKQAQDLARSYGIPFIETSAKTRQGVDDAFYTLVREIRKHKEKMSKDGKKKKKKSKTKC	True	999.0	999.0	999.0	999.0	999.0	999.0	/Users/mitchellparker/Desktop/rascore_build/core/6ptsB_core.cif	/Users/mitchellparker/Desktop/rascore_build/rcsb/6pts.cif.gz	/Users/mitchellparker/Desktop/rascore_build/renum/6pts_renum.cif	/Users/mitchellparker/Desktop/rascore_build/rcsb_assembly/6pts-assembly-1.cif.gz	/Users/mitchellparker/Desktop/rascore_build/renum_assembly/6pts-assembly-1_renum.cif	/Users/mitchellparker/Desktop/rascore_build/sifts/6pts.xml.gz	/Users/mitchellparker/Desktop/rascore_build/pocket/6ptsB_8_pocket.pdb
6ptsB	6pts	0	B	Y32in.3P-ON	Outlier	Y32in	Y71out	None	6ptsB9	9	GTPase KRas	RASK_HUMAN	P01116-2	WT	WT	KRAS	3P	WT	None	None	Nanodisc	None	SP2-Unbound	None	185	1-167:169-186	2019-07-16	Other	445.2843	0.0035	Unbound	Unbound	108,166,170,171,174,176,178	PCW,PCW,PCW,PCW,PCW,PCW,PCW,PCW,17F,17F,PCW,PCW,PCW,PCW,PCW,PCW,PCW,PCW,PCW,PCW,PCW,PCW,PCW,PCW,PCW,PCW,PCW,PCW,PCW,PCW,PCW,PCW,PCW,PCW,PCW,PCW,PCW,PCW,PCW,PCW,PCW,PCW,17F,17F,17F,17F,17F,17F,17F,PCW,PCW,PCW,PCW,PCW,PCW,PCW,PCW,PCW,PCW,PCW,PCW,17F,17F,17F,GNP,MG,PCW,PCW,PCW,PCW,PCW,PCW,PCW,PCW,PCW,PCW,17F,17F,17F,17F,PCW,PCW	Apolipoprotein A-I,RAF proto-oncogene serine/threonine-protein kinase	None	A:126,128,183,182,131,142,141,170,173|D:36,37,40,39,38,35,34,33,31,27,28,29,25,21,48,45,44,26,43,41,50,1,157,154,161,165,169,162,158,151	APOA1_HUMAN,RAF1_HUMAN	None	None	None	Nanodisc|RBD	None	A,C,D	GNP	MG	None	None	None	17F,PCW	STP	NMR	None	None	MTEYKLVVVGAGGVGKSALTIQLIQNHFVDEYDPTIEDSYRKQVVIDGETCLLDILDTAGQEEYSAMRDQYMRTGEGFLCVFAINNTKSFEDIHHYREQIKRVKDSEDVPMVLVGNKCDLPSRTVDTKQAQDLARSYGIPFIETSAKTRQGVDDAFYTLVREIRKHKEKMSKDGKKKKKKSKTKC	True	999.0	999.0	999.0	999.0	999.0	999.0	/Users/mitchellparker/Desktop/rascore_build/core/6ptsB_core.cif	/Users/mitchellparker/Desktop/rascore_build/rcsb/6pts.cif.gz	/Users/mitchellparker/Desktop/rascore_build/renum/6pts_renum.cif	/Users/mitchellparker/Desktop/rascore_build/rcsb_assembly/6pts-assembly-1.cif.gz	/Users/mitchellparker/Desktop/rascore_build/renum_assembly/6pts-assembly-1_renum.cif	/Users/mitchellparker/Desktop/rascore_build/sifts/6pts.xml.gz	/Users/mitchellparker/Desktop/rascore_build/pocket/6ptsB_9_pocket.pdb
6ptwB	6ptw	0	B	Outlier	Outlier	Y32in	Y71out	None	6ptwB10	10	GTPase KRas	RASK_HUMAN	P01116-2	WT	WT	KRAS	3P	WT	None	None	Nanodisc	None	SP2-Unbound	None	185	1-167:169-186	2019-07-16	Other	157.7500	0.0016	Unbound	Unbound	23,24,42,44,53,153,156,157	PCW,PCW,PCW,PCW,PCW,PCW,PCW,PCW,17F,PCW,PCW,PCW,PCW,PCW,PCW,PCW,PCW,PCW,PCW,PCW,PCW,PCW,PCW,PCW,PCW,PCW,PCW,PCW,PCW,PCW,PCW,PCW,PCW,PCW,PCW,PCW,PCW,PCW,PCW,PCW,17F,17F,17F,17F,17F,17F,PCW,PCW,PCW,PCW,GNP,MG,PCW,PCW,PCW,PCW,PCW,PCW,PCW,PCW,PCW,PCW,PCW,PCW,PCW,PCW,PCW,PCW,PCW,PCW,17F,17F,17F,17F,17F,17F,17F,PCW,PCW,PCW,17F,17F	Apolipoprotein A-I,RAF proto-oncogene serine/threonine-protein kinase	None	A:173,104|D:36,37,41,39,40,38,56,33,27,31,21,45,48,47,43,50,49,52,3,1,186	APOA1_HUMAN,RAF1_HUMAN	None	None	None	Nanodisc|RBD	None	A,C,D	GNP	MG	None	None	None	PCW	STP	NMR	None	None	MTEYKLVVVGAGGVGKSALTIQLIQNHFVDEYDPTIEDSYRKQVVIDGETCLLDILDTAGQEEYSAMRDQYMRTGEGFLCVFAINNTKSFEDIHHYREQIKRVKDSEDVPMVLVGNKCDLPSRTVDTKQAQDLARSYGIPFIETSAKTRQGVDDAFYTLVREIRKHKEKMSKDGKKKKKKSKTKC	True	999.0	999.0	999.0	999.0	999.0	999.0	/Users/mitchellparker/Desktop/rascore_build/core/6ptwB_core.cif	/Users/mitchellparker/Desktop/rascore_build/rcsb/6ptw.cif.gz	/Users/mitchellparker/Desktop/rascore_build/renum/6ptw_renum.cif	/Users/mitchellparker/Desktop/rascore_build/rcsb_assembly/6ptw-assembly-1.cif.gz	/Users/mitchellparker/Desktop/rascore_build/renum_assembly/6ptw-assembly-1_renum.cif	/Users/mitchellparker/Desktop/rascore_build/sifts/6ptw.xml.gz	/Users/mitchellparker/Desktop/rascore_build/pocket/6ptwB_10_pocket.pdb
6ptwB	6ptw	0	B	Outlier	Outlier	Y32in	Y71out	None	6ptwB11	11	GTPase KRas	RASK_HUMAN	P01116-2	WT	WT	KRAS	3P	WT	None	None	Nanodisc	None	SP2-Unbound	None	185	1-167:169-186	2019-07-16	SP2	678.5444	0.0060	Unbound	Unbound	11,12,60,62,63,64,86,88,92,95,96,98,99,102	PCW,PCW,PCW,PCW,PCW,PCW,PCW,PCW,17F,PCW,PCW,PCW,PCW,PCW,PCW,PCW,PCW,PCW,PCW,PCW,PCW,PCW,PCW,PCW,PCW,PCW,PCW,PCW,PCW,PCW,PCW,PCW,PCW,PCW,PCW,PCW,PCW,PCW,PCW,PCW,17F,17F,17F,17F,17F,17F,PCW,PCW,PCW,PCW,GNP,MG,PCW,PCW,PCW,PCW,PCW,PCW,PCW,PCW,PCW,PCW,PCW,PCW,PCW,PCW,PCW,PCW,PCW,PCW,17F,17F,17F,17F,17F,17F,17F,PCW,PCW,PCW,17F,17F	Apolipoprotein A-I,RAF proto-oncogene serine/threonine-protein kinase	None	A:173,104|D:36,37,41,39,40,38,56,33,27,31,21,45,48,47,43,50,49,52,3,1,186	APOA1_HUMAN,RAF1_HUMAN	None	None	None	Nanodisc|RBD	None	A,C,D	GNP	MG	None	None	None	PCW	STP	NMR	None	None	MTEYKLVVVGAGGVGKSALTIQLIQNHFVDEYDPTIEDSYRKQVVIDGETCLLDILDTAGQEEYSAMRDQYMRTGEGFLCVFAINNTKSFEDIHHYREQIKRVKDSEDVPMVLVGNKCDLPSRTVDTKQAQDLARSYGIPFIETSAKTRQGVDDAFYTLVREIRKHKEKMSKDGKKKKKKSKTKC	True	999.0	999.0	999.0	999.0	999.0	999.0	/Users/mitchellparker/Desktop/rascore_build/core/6ptwB_core.cif	/Users/mitchellparker/Desktop/rascore_build/rcsb/6ptw.cif.gz	/Users/mitchellparker/Desktop/rascore_build/renum/6ptw_renum.cif	/Users/mitchellparker/Desktop/rascore_build/rcsb_assembly/6ptw-assembly-1.cif.gz	/Users/mitchellparker/Desktop/rascore_build/renum_assembly/6ptw-assembly-1_renum.cif	/Users/mitchellparker/Desktop/rascore_build/sifts/6ptw.xml.gz	/Users/mitchellparker/Desktop/rascore_build/pocket/6ptwB_11_pocket.pdb
6ptwB	6ptw	0	B	Outlier	Outlier	Y32in	Y71out	None	6ptwB12	12	GTPase KRas	RASK_HUMAN	P01116-2	WT	WT	KRAS	3P	WT	None	None	Nanodisc	None	SP2-Unbound	None	185	1-167:169-186	2019-07-16	Other	354.8080	0.0004	Unbound	Unbound	126,127,128,131,132,135	PCW,PCW,PCW,PCW,PCW,PCW,PCW,PCW,17F,PCW,PCW,PCW,PCW,PCW,PCW,PCW,PCW,PCW,PCW,PCW,PCW,PCW,PCW,PCW,PCW,PCW,PCW,PCW,PCW,PCW,PCW,PCW,PCW,PCW,PCW,PCW,PCW,PCW,PCW,PCW,17F,17F,17F,17F,17F,17F,PCW,PCW,PCW,PCW,GNP,MG,PCW,PCW,PCW,PCW,PCW,PCW,PCW,PCW,PCW,PCW,PCW,PCW,PCW,PCW,PCW,PCW,PCW,PCW,17F,17F,17F,17F,17F,17F,17F,PCW,PCW,PCW,17F,17F	Apolipoprotein A-I,RAF proto-oncogene serine/threonine-protein kinase	None	A:173,104|D:36,37,41,39,40,38,56,33,27,31,21,45,48,47,43,50,49,52,3,1,186	APOA1_HUMAN,RAF1_HUMAN	None	None	None	Nanodisc|RBD	None	A,C,D	GNP	MG	None	None	None	PCW	STP	NMR	None	None	MTEYKLVVVGAGGVGKSALTIQLIQNHFVDEYDPTIEDSYRKQVVIDGETCLLDILDTAGQEEYSAMRDQYMRTGEGFLCVFAINNTKSFEDIHHYREQIKRVKDSEDVPMVLVGNKCDLPSRTVDTKQAQDLARSYGIPFIETSAKTRQGVDDAFYTLVREIRKHKEKMSKDGKKKKKKSKTKC	True	999.0	999.0	999.0	999.0	999.0	999.0	/Users/mitchellparker/Desktop/rascore_build/core/6ptwB_core.cif	/Users/mitchellparker/Desktop/rascore_build/rcsb/6ptw.cif.gz	/Users/mitchellparker/Desktop/rascore_build/renum/6ptw_renum.cif	/Users/mitchellparker/Desktop/rascore_build/rcsb_assembly/6ptw-assembly-1.cif.gz	/Users/mitchellparker/Desktop/rascore_build/renum_assembly/6ptw-assembly-1_renum.cif	/Users/mitchellparker/Desktop/rascore_build/sifts/6ptw.xml.gz	/Users/mitchellparker/Desktop/rascore_build/pocket/6ptwB_12_pocket.pdb
6ptwB	6ptw	0	B	Outlier	Outlier	Y32in	Y71out	None	6ptwB13	13	GTPase KRas	RASK_HUMAN	P01116-2	WT	WT	KRAS	3P	WT	None	None	Nanodisc	None	SP2-Unbound	None	185	1-167:169-186	2019-07-16	Other	261.2832	0.0001	Unbound	Unbound	118,119,123,143,145,148,150	PCW,PCW,PCW,PCW,PCW,PCW,PCW,PCW,17F,PCW,PCW,PCW,PCW,PCW,PCW,PCW,PCW,PCW,PCW,PCW,PCW,PCW,PCW,PCW,PCW,PCW,PCW,PCW,PCW,PCW,PCW,PCW,PCW,PCW,PCW,PCW,PCW,PCW,PCW,PCW,17F,17F,17F,17F,17F,17F,PCW,PCW,PCW,PCW,GNP,MG,PCW,PCW,PCW,PCW,PCW,PCW,PCW,PCW,PCW,PCW,PCW,PCW,PCW,PCW,PCW,PCW,PCW,PCW,17F,17F,17F,17F,17F,17F,17F,PCW,PCW,PCW,17F,17F	Apolipoprotein A-I,RAF proto-oncogene serine/threonine-protein kinase	None	A:173,104|D:36,37,41,39,40,38,56,33,27,31,21,45,48,47,43,50,49,52,3,1,186	APOA1_HUMAN,RAF1_HUMAN	None	None	None	Nanodisc|RBD	None	A,C,D	GNP	MG	None	None	None	PCW	STP	NMR	None	None	MTEYKLVVVGAGGVGKSALTIQLIQNHFVDEYDPTIEDSYRKQVVIDGETCLLDILDTAGQEEYSAMRDQYMRTGEGFLCVFAINNTKSFEDIHHYREQIKRVKDSEDVPMVLVGNKCDLPSRTVDTKQAQDLARSYGIPFIETSAKTRQGVDDAFYTLVREIRKHKEKMSKDGKKKKKKSKTKC	True	999.0	999.0	999.0	999.0	999.0	999.0	/Users/mitchellparker/Desktop/rascore_build/core/6ptwB_core.cif	/Users/mitchellparker/Desktop/rascore_build/rcsb/6ptw.cif.gz	/Users/mitchellparker/Desktop/rascore_build/renum/6ptw_renum.cif	/Users/mitchellparker/Desktop/rascore_build/rcsb_assembly/6ptw-assembly-1.cif.gz	/Users/mitchellparker/Desktop/rascore_build/renum_assembly/6ptw-assembly-1_renum.cif	/Users/mitchellparker/Desktop/rascore_build/sifts/6ptw.xml.gz	/Users/mitchellparker/Desktop/rascore_build/pocket/6ptwB_13_pocket.pdb
6ptwB	6ptw	0	B	Outlier	Outlier	Y32in	Y71out	None	6ptwB14	14	GTPase KRas	RASK_HUMAN	P01116-2	WT	WT	KRAS	3P	WT	None	None	Nanodisc	None	SP2-Unbound	None	185	1-167:169-186	2019-07-16	Other	103.4529	0.0003	Unbound	Unbound	97,107,108,109,111,137,138,139	PCW,PCW,PCW,PCW,PCW,PCW,PCW,PCW,17F,PCW,PCW,PCW,PCW,PCW,PCW,PCW,PCW,PCW,PCW,PCW,PCW,PCW,PCW,PCW,PCW,PCW,PCW,PCW,PCW,PCW,PCW,PCW,PCW,PCW,PCW,PCW,PCW,PCW,PCW,PCW,17F,17F,17F,17F,17F,17F,PCW,PCW,PCW,PCW,GNP,MG,PCW,PCW,PCW,PCW,PCW,PCW,PCW,PCW,PCW,PCW,PCW,PCW,PCW,PCW,PCW,PCW,PCW,PCW,17F,17F,17F,17F,17F,17F,17F,PCW,PCW,PCW,17F,17F	Apolipoprotein A-I,RAF proto-oncogene serine/threonine-protein kinase	None	A:173,104|D:36,37,41,39,40,38,56,33,27,31,21,45,48,47,43,50,49,52,3,1,186	APOA1_HUMAN,RAF1_HUMAN	None	None	None	Nanodisc|RBD	None	A,C,D	GNP	MG	None	None	None	PCW	STP	NMR	None	None	MTEYKLVVVGAGGVGKSALTIQLIQNHFVDEYDPTIEDSYRKQVVIDGETCLLDILDTAGQEEYSAMRDQYMRTGEGFLCVFAINNTKSFEDIHHYREQIKRVKDSEDVPMVLVGNKCDLPSRTVDTKQAQDLARSYGIPFIETSAKTRQGVDDAFYTLVREIRKHKEKMSKDGKKKKKKSKTKC	True	999.0	999.0	999.0	999.0	999.0	999.0	/Users/mitchellparker/Desktop/rascore_build/core/6ptwB_core.cif	/Users/mitchellparker/Desktop/rascore_build/rcsb/6ptw.cif.gz	/Users/mitchellparker/Desktop/rascore_build/renum/6ptw_renum.cif	/Users/mitchellparker/Desktop/rascore_build/rcsb_assembly/6ptw-assembly-1.cif.gz	/Users/mitchellparker/Desktop/rascore_build/renum_assembly/6ptw-assembly-1_renum.cif	/Users/mitchellparker/Desktop/rascore_build/sifts/6ptw.xml.gz	/Users/mitchellparker/Desktop/rascore_build/pocket/6ptwB_14_pocket.pdb
6ptwB	6ptw	0	B	Outlier	Outlier	Y32in	Y71out	None	6ptwB15	15	GTPase KRas	RASK_HUMAN	P01116-2	WT	WT	KRAS	3P	WT	None	None	Nanodisc	None	SP2-Unbound	None	185	1-167:169-186	2019-07-16	Other	434.6602	0.0002	Unbound	Unbound	107,108,170,171,174,176,177,182	PCW,PCW,PCW,PCW,PCW,PCW,PCW,PCW,17F,PCW,PCW,PCW,PCW,PCW,PCW,PCW,PCW,PCW,PCW,PCW,PCW,PCW,PCW,PCW,PCW,PCW,PCW,PCW,PCW,PCW,PCW,PCW,PCW,PCW,PCW,PCW,PCW,PCW,PCW,PCW,17F,17F,17F,17F,17F,17F,PCW,PCW,PCW,PCW,GNP,MG,PCW,PCW,PCW,PCW,PCW,PCW,PCW,PCW,PCW,PCW,PCW,PCW,PCW,PCW,PCW,PCW,PCW,PCW,17F,17F,17F,17F,17F,17F,17F,PCW,PCW,PCW,17F,17F	Apolipoprotein A-I,RAF proto-oncogene serine/threonine-protein kinase	None	A:173,104|D:36,37,41,39,40,38,56,33,27,31,21,45,48,47,43,50,49,52,3,1,186	APOA1_HUMAN,RAF1_HUMAN	None	None	None	Nanodisc|RBD	None	A,C,D	GNP	MG	None	None	None	PCW	STP	NMR	None	None	MTEYKLVVVGAGGVGKSALTIQLIQNHFVDEYDPTIEDSYRKQVVIDGETCLLDILDTAGQEEYSAMRDQYMRTGEGFLCVFAINNTKSFEDIHHYREQIKRVKDSEDVPMVLVGNKCDLPSRTVDTKQAQDLARSYGIPFIETSAKTRQGVDDAFYTLVREIRKHKEKMSKDGKKKKKKSKTKC	True	999.0	999.0	999.0	999.0	999.0	999.0	/Users/mitchellparker/Desktop/rascore_build/core/6ptwB_core.cif	/Users/mitchellparker/Desktop/rascore_build/rcsb/6ptw.cif.gz	/Users/mitchellparker/Desktop/rascore_build/renum/6ptw_renum.cif	/Users/mitchellparker/Desktop/rascore_build/rcsb_assembly/6ptw-assembly-1.cif.gz	/Users/mitchellparker/Desktop/rascore_build/renum_assembly/6ptw-assembly-1_renum.cif	/Users/mitchellparker/Desktop/rascore_build/sifts/6ptw.xml.gz	/Users/mitchellparker/Desktop/rascore_build/pocket/6ptwB_15_pocket.pdb
6ptwB	6ptw	0	B	Outlier	Outlier	Y32in	Y71out	None	6ptwB16	16	GTPase KRas	RASK_HUMAN	P01116-2	WT	WT	KRAS	3P	WT	None	None	Nanodisc	None	SP2-Unbound	None	185	1-167:169-186	2019-07-16	Other	293.8087	0.0000	Unbound	Unbound	138,162,165,170,182,183,184	PCW,PCW,PCW,PCW,PCW,PCW,PCW,PCW,17F,PCW,PCW,PCW,PCW,PCW,PCW,PCW,PCW,PCW,PCW,PCW,PCW,PCW,PCW,PCW,PCW,PCW,PCW,PCW,PCW,PCW,PCW,PCW,PCW,PCW,PCW,PCW,PCW,PCW,PCW,PCW,17F,17F,17F,17F,17F,17F,PCW,PCW,PCW,PCW,GNP,MG,PCW,PCW,PCW,PCW,PCW,PCW,PCW,PCW,PCW,PCW,PCW,PCW,PCW,PCW,PCW,PCW,PCW,PCW,17F,17F,17F,17F,17F,17F,17F,PCW,PCW,PCW,17F,17F	Apolipoprotein A-I,RAF proto-oncogene serine/threonine-protein kinase	None	A:173,104|D:36,37,41,39,40,38,56,33,27,31,21,45,48,47,43,50,49,52,3,1,186	APOA1_HUMAN,RAF1_HUMAN	None	None	None	Nanodisc|RBD	None	A,C,D	GNP	MG	None	None	None	PCW	STP	NMR	None	None	MTEYKLVVVGAGGVGKSALTIQLIQNHFVDEYDPTIEDSYRKQVVIDGETCLLDILDTAGQEEYSAMRDQYMRTGEGFLCVFAINNTKSFEDIHHYREQIKRVKDSEDVPMVLVGNKCDLPSRTVDTKQAQDLARSYGIPFIETSAKTRQGVDDAFYTLVREIRKHKEKMSKDGKKKKKKSKTKC	True	999.0	999.0	999.0	999.0	999.0	999.0	/Users/mitchellparker/Desktop/rascore_build/core/6ptwB_core.cif	/Users/mitchellparker/Desktop/rascore_build/rcsb/6ptw.cif.gz	/Users/mitchellparker/Desktop/rascore_build/renum/6ptw_renum.cif	/Users/mitchellparker/Desktop/rascore_build/rcsb_assembly/6ptw-assembly-1.cif.gz	/Users/mitchellparker/Desktop/rascore_build/renum_assembly/6ptw-assembly-1_renum.cif	/Users/mitchellparker/Desktop/rascore_build/sifts/6ptw.xml.gz	/Users/mitchellparker/Desktop/rascore_build/pocket/6ptwB_16_pocket.pdb
6ptwB	6ptw	0	B	Outlier	Outlier	Y32in	Y71out	None	6ptwB17	17	GTPase KRas	RASK_HUMAN	P01116-2	WT	WT	KRAS	3P	WT	None	None	Nanodisc	None	SP2-Unbound	None	185	1-167:169-186	2019-07-16	Other	379.6707	0.0000	Unbound	Unbound	135,138,139,140,162,165,183	PCW,PCW,PCW,PCW,PCW,PCW,PCW,PCW,17F,PCW,PCW,PCW,PCW,PCW,PCW,PCW,PCW,PCW,PCW,PCW,PCW,PCW,PCW,PCW,PCW,PCW,PCW,PCW,PCW,PCW,PCW,PCW,PCW,PCW,PCW,PCW,PCW,PCW,PCW,PCW,17F,17F,17F,17F,17F,17F,PCW,PCW,PCW,PCW,GNP,MG,PCW,PCW,PCW,PCW,PCW,PCW,PCW,PCW,PCW,PCW,PCW,PCW,PCW,PCW,PCW,PCW,PCW,PCW,17F,17F,17F,17F,17F,17F,17F,PCW,PCW,PCW,17F,17F	Apolipoprotein A-I,RAF proto-oncogene serine/threonine-protein kinase	None	A:173,104|D:36,37,41,39,40,38,56,33,27,31,21,45,48,47,43,50,49,52,3,1,186	APOA1_HUMAN,RAF1_HUMAN	None	None	None	Nanodisc|RBD	None	A,C,D	GNP	MG	None	None	None	PCW	STP	NMR	None	None	MTEYKLVVVGAGGVGKSALTIQLIQNHFVDEYDPTIEDSYRKQVVIDGETCLLDILDTAGQEEYSAMRDQYMRTGEGFLCVFAINNTKSFEDIHHYREQIKRVKDSEDVPMVLVGNKCDLPSRTVDTKQAQDLARSYGIPFIETSAKTRQGVDDAFYTLVREIRKHKEKMSKDGKKKKKKSKTKC	True	999.0	999.0	999.0	999.0	999.0	999.0	/Users/mitchellparker/Desktop/rascore_build/core/6ptwB_core.cif	/Users/mitchellparker/Desktop/rascore_build/rcsb/6ptw.cif.gz	/Users/mitchellparker/Desktop/rascore_build/renum/6ptw_renum.cif	/Users/mitchellparker/Desktop/rascore_build/rcsb_assembly/6ptw-assembly-1.cif.gz	/Users/mitchellparker/Desktop/rascore_build/renum_assembly/6ptw-assembly-1_renum.cif	/Users/mitchellparker/Desktop/rascore_build/sifts/6ptw.xml.gz	/Users/mitchellparker/Desktop/rascore_build/pocket/6ptwB_17_pocket.pdb
6ptwB	6ptw	0	B	Outlier	Outlier	Y32in	Y71out	None	6ptwB2	2	GTPase KRas	RASK_HUMAN	P01116-2	WT	WT	KRAS	3P	WT	None	None	Nanodisc	None	SP2-Unbound	None	185	1-167:169-186	2019-07-16	Other	340.8026	0.0635	Unbound	Unbound	80,90,91,93,94,97,111,113,133,134,137,139	PCW,PCW,PCW,PCW,PCW,PCW,PCW,PCW,17F,PCW,PCW,PCW,PCW,PCW,PCW,PCW,PCW,PCW,PCW,PCW,PCW,PCW,PCW,PCW,PCW,PCW,PCW,PCW,PCW,PCW,PCW,PCW,PCW,PCW,PCW,PCW,PCW,PCW,PCW,PCW,17F,17F,17F,17F,17F,17F,PCW,PCW,PCW,PCW,GNP,MG,PCW,PCW,PCW,PCW,PCW,PCW,PCW,PCW,PCW,PCW,PCW,PCW,PCW,PCW,PCW,PCW,PCW,PCW,17F,17F,17F,17F,17F,17F,17F,PCW,PCW,PCW,17F,17F	Apolipoprotein A-I,RAF proto-oncogene serine/threonine-protein kinase	None	A:173,104|D:36,37,41,39,40,38,56,33,27,31,21,45,48,47,43,50,49,52,3,1,186	APOA1_HUMAN,RAF1_HUMAN	None	None	None	Nanodisc|RBD	None	A,C,D	GNP	MG	None	None	None	PCW	STP	NMR	None	None	MTEYKLVVVGAGGVGKSALTIQLIQNHFVDEYDPTIEDSYRKQVVIDGETCLLDILDTAGQEEYSAMRDQYMRTGEGFLCVFAINNTKSFEDIHHYREQIKRVKDSEDVPMVLVGNKCDLPSRTVDTKQAQDLARSYGIPFIETSAKTRQGVDDAFYTLVREIRKHKEKMSKDGKKKKKKSKTKC	True	999.0	999.0	999.0	999.0	999.0	999.0	/Users/mitchellparker/Desktop/rascore_build/core/6ptwB_core.cif	/Users/mitchellparker/Desktop/rascore_build/rcsb/6ptw.cif.gz	/Users/mitchellparker/Desktop/rascore_build/renum/6ptw_renum.cif	/Users/mitchellparker/Desktop/rascore_build/rcsb_assembly/6ptw-assembly-1.cif.gz	/Users/mitchellparker/Desktop/rascore_build/renum_assembly/6ptw-assembly-1_renum.cif	/Users/mitchellparker/Desktop/rascore_build/sifts/6ptw.xml.gz	/Users/mitchellparker/Desktop/rascore_build/pocket/6ptwB_2_pocket.pdb
6ptwB	6ptw	0	B	Outlier	Outlier	Y32in	Y71out	None	6ptwB4	4	GTPase KRas	RASK_HUMAN	P01116-2	WT	WT	KRAS	3P	WT	None	None	Nanodisc	None	SP2-Unbound	None	185	1-167:169-186	2019-07-16	Other	313.9498	0.0004	Unbound	Unbound	90,128,129,132,133,136	PCW,PCW,PCW,PCW,PCW,PCW,PCW,PCW,17F,PCW,PCW,PCW,PCW,PCW,PCW,PCW,PCW,PCW,PCW,PCW,PCW,PCW,PCW,PCW,PCW,PCW,PCW,PCW,PCW,PCW,PCW,PCW,PCW,PCW,PCW,PCW,PCW,PCW,PCW,PCW,17F,17F,17F,17F,17F,17F,PCW,PCW,PCW,PCW,GNP,MG,PCW,PCW,PCW,PCW,PCW,PCW,PCW,PCW,PCW,PCW,PCW,PCW,PCW,PCW,PCW,PCW,PCW,PCW,17F,17F,17F,17F,17F,17F,17F,PCW,PCW,PCW,17F,17F	Apolipoprotein A-I,RAF proto-oncogene serine/threonine-protein kinase	None	A:173,104|D:36,37,41,39,40,38,56,33,27,31,21,45,48,47,43,50,49,52,3,1,186	APOA1_HUMAN,RAF1_HUMAN	None	None	None	Nanodisc|RBD	None	A,C,D	GNP	MG	None	None	None	PCW	STP	NMR	None	None	MTEYKLVVVGAGGVGKSALTIQLIQNHFVDEYDPTIEDSYRKQVVIDGETCLLDILDTAGQEEYSAMRDQYMRTGEGFLCVFAINNTKSFEDIHHYREQIKRVKDSEDVPMVLVGNKCDLPSRTVDTKQAQDLARSYGIPFIETSAKTRQGVDDAFYTLVREIRKHKEKMSKDGKKKKKKSKTKC	True	999.0	999.0	999.0	999.0	999.0	999.0	/Users/mitchellparker/Desktop/rascore_build/core/6ptwB_core.cif	/Users/mitchellparker/Desktop/rascore_build/rcsb/6ptw.cif.gz	/Users/mitchellparker/Desktop/rascore_build/renum/6ptw_renum.cif	/Users/mitchellparker/Desktop/rascore_build/rcsb_assembly/6ptw-assembly-1.cif.gz	/Users/mitchellparker/Desktop/rascore_build/renum_assembly/6ptw-assembly-1_renum.cif	/Users/mitchellparker/Desktop/rascore_build/sifts/6ptw.xml.gz	/Users/mitchellparker/Desktop/rascore_build/pocket/6ptwB_4_pocket.pdb
6ptwB	6ptw	0	B	Outlier	Outlier	Y32in	Y71out	None	6ptwB5	5	GTPase KRas	RASK_HUMAN	P01116-2	WT	WT	KRAS	3P	WT	None	None	Nanodisc	None	SP2-Unbound	None	185	1-167:169-186	2019-07-16	Other	253.6302	0.0083	Unbound	Unbound	4,46,51,53,157,160,161,164	PCW,PCW,PCW,PCW,PCW,PCW,PCW,PCW,17F,PCW,PCW,PCW,PCW,PCW,PCW,PCW,PCW,PCW,PCW,PCW,PCW,PCW,PCW,PCW,PCW,PCW,PCW,PCW,PCW,PCW,PCW,PCW,PCW,PCW,PCW,PCW,PCW,PCW,PCW,PCW,17F,17F,17F,17F,17F,17F,PCW,PCW,PCW,PCW,GNP,MG,PCW,PCW,PCW,PCW,PCW,PCW,PCW,PCW,PCW,PCW,PCW,PCW,PCW,PCW,PCW,PCW,PCW,PCW,17F,17F,17F,17F,17F,17F,17F,PCW,PCW,PCW,17F,17F	Apolipoprotein A-I,RAF proto-oncogene serine/threonine-protein kinase	None	A:173,104|D:36,37,41,39,40,38,56,33,27,31,21,45,48,47,43,50,49,52,3,1,186	APOA1_HUMAN,RAF1_HUMAN	None	None	None	Nanodisc|RBD	None	A,C,D	GNP	MG	None	None	None	PCW	STP	NMR	None	None	MTEYKLVVVGAGGVGKSALTIQLIQNHFVDEYDPTIEDSYRKQVVIDGETCLLDILDTAGQEEYSAMRDQYMRTGEGFLCVFAINNTKSFEDIHHYREQIKRVKDSEDVPMVLVGNKCDLPSRTVDTKQAQDLARSYGIPFIETSAKTRQGVDDAFYTLVREIRKHKEKMSKDGKKKKKKSKTKC	True	999.0	999.0	999.0	999.0	999.0	999.0	/Users/mitchellparker/Desktop/rascore_build/core/6ptwB_core.cif	/Users/mitchellparker/Desktop/rascore_build/rcsb/6ptw.cif.gz	/Users/mitchellparker/Desktop/rascore_build/renum/6ptw_renum.cif	/Users/mitchellparker/Desktop/rascore_build/rcsb_assembly/6ptw-assembly-1.cif.gz	/Users/mitchellparker/Desktop/rascore_build/renum_assembly/6ptw-assembly-1_renum.cif	/Users/mitchellparker/Desktop/rascore_build/sifts/6ptw.xml.gz	/Users/mitchellparker/Desktop/rascore_build/pocket/6ptwB_5_pocket.pdb
6ptwB	6ptw	0	B	Outlier	Outlier	Y32in	Y71out	None	6ptwB6	6	GTPase KRas	RASK_HUMAN	P01116-2	WT	WT	KRAS	3P	WT	None	None	Nanodisc	None	SP2-Unbound	None	185	1-167:169-186	2019-07-16	Other	279.3948	0.0002	Unbound	Unbound	98,101,102,105,106,107	PCW,PCW,PCW,PCW,PCW,PCW,PCW,PCW,17F,PCW,PCW,PCW,PCW,PCW,PCW,PCW,PCW,PCW,PCW,PCW,PCW,PCW,PCW,PCW,PCW,PCW,PCW,PCW,PCW,PCW,PCW,PCW,PCW,PCW,PCW,PCW,PCW,PCW,PCW,PCW,17F,17F,17F,17F,17F,17F,PCW,PCW,PCW,PCW,GNP,MG,PCW,PCW,PCW,PCW,PCW,PCW,PCW,PCW,PCW,PCW,PCW,PCW,PCW,PCW,PCW,PCW,PCW,PCW,17F,17F,17F,17F,17F,17F,17F,PCW,PCW,PCW,17F,17F	Apolipoprotein A-I,RAF proto-oncogene serine/threonine-protein kinase	None	A:173,104|D:36,37,41,39,40,38,56,33,27,31,21,45,48,47,43,50,49,52,3,1,186	APOA1_HUMAN,RAF1_HUMAN	None	None	None	Nanodisc|RBD	None	A,C,D	GNP	MG	None	None	None	PCW	STP	NMR	None	None	MTEYKLVVVGAGGVGKSALTIQLIQNHFVDEYDPTIEDSYRKQVVIDGETCLLDILDTAGQEEYSAMRDQYMRTGEGFLCVFAINNTKSFEDIHHYREQIKRVKDSEDVPMVLVGNKCDLPSRTVDTKQAQDLARSYGIPFIETSAKTRQGVDDAFYTLVREIRKHKEKMSKDGKKKKKKSKTKC	True	999.0	999.0	999.0	999.0	999.0	999.0	/Users/mitchellparker/Desktop/rascore_build/core/6ptwB_core.cif	/Users/mitchellparker/Desktop/rascore_build/rcsb/6ptw.cif.gz	/Users/mitchellparker/Desktop/rascore_build/renum/6ptw_renum.cif	/Users/mitchellparker/Desktop/rascore_build/rcsb_assembly/6ptw-assembly-1.cif.gz	/Users/mitchellparker/Desktop/rascore_build/renum_assembly/6ptw-assembly-1_renum.cif	/Users/mitchellparker/Desktop/rascore_build/sifts/6ptw.xml.gz	/Users/mitchellparker/Desktop/rascore_build/pocket/6ptwB_6_pocket.pdb
6ptwB	6ptw	0	B	Outlier	Outlier	Y32in	Y71out	None	6ptwB7	7	GTPase KRas	RASK_HUMAN	P01116-2	WT	WT	KRAS	3P	WT	None	None	Nanodisc	None	SP2-Unbound	None	185	1-167:169-186	2019-07-16	Other	352.8925	0.0004	Unbound	Unbound	161,164,165,169,185	PCW,PCW,PCW,PCW,PCW,PCW,PCW,PCW,17F,PCW,PCW,PCW,PCW,PCW,PCW,PCW,PCW,PCW,PCW,PCW,PCW,PCW,PCW,PCW,PCW,PCW,PCW,PCW,PCW,PCW,PCW,PCW,PCW,PCW,PCW,PCW,PCW,PCW,PCW,PCW,17F,17F,17F,17F,17F,17F,PCW,PCW,PCW,PCW,GNP,MG,PCW,PCW,PCW,PCW,PCW,PCW,PCW,PCW,PCW,PCW,PCW,PCW,PCW,PCW,PCW,PCW,PCW,PCW,17F,17F,17F,17F,17F,17F,17F,PCW,PCW,PCW,17F,17F	Apolipoprotein A-I,RAF proto-oncogene serine/threonine-protein kinase	None	A:173,104|D:36,37,41,39,40,38,56,33,27,31,21,45,48,47,43,50,49,52,3,1,186	APOA1_HUMAN,RAF1_HUMAN	None	None	None	Nanodisc|RBD	None	A,C,D	GNP	MG	None	None	None	PCW	STP	NMR	None	None	MTEYKLVVVGAGGVGKSALTIQLIQNHFVDEYDPTIEDSYRKQVVIDGETCLLDILDTAGQEEYSAMRDQYMRTGEGFLCVFAINNTKSFEDIHHYREQIKRVKDSEDVPMVLVGNKCDLPSRTVDTKQAQDLARSYGIPFIETSAKTRQGVDDAFYTLVREIRKHKEKMSKDGKKKKKKSKTKC	True	999.0	999.0	999.0	999.0	999.0	999.0	/Users/mitchellparker/Desktop/rascore_build/core/6ptwB_core.cif	/Users/mitchellparker/Desktop/rascore_build/rcsb/6ptw.cif.gz	/Users/mitchellparker/Desktop/rascore_build/renum/6ptw_renum.cif	/Users/mitchellparker/Desktop/rascore_build/rcsb_assembly/6ptw-assembly-1.cif.gz	/Users/mitchellparker/Desktop/rascore_build/renum_assembly/6ptw-assembly-1_renum.cif	/Users/mitchellparker/Desktop/rascore_build/sifts/6ptw.xml.gz	/Users/mitchellparker/Desktop/rascore_build/pocket/6ptwB_7_pocket.pdb
6ptwB	6ptw	0	B	Outlier	Outlier	Y32in	Y71out	None	6ptwB8	8	GTPase KRas	RASK_HUMAN	P01116-2	WT	WT	KRAS	3P	WT	None	None	Nanodisc	None	SP2-Unbound	None	185	1-167:169-186	2019-07-16	Other	157.2486	0.0001	Unbound	Unbound	69,73,102,103,105	PCW,PCW,PCW,PCW,PCW,PCW,PCW,PCW,17F,PCW,PCW,PCW,PCW,PCW,PCW,PCW,PCW,PCW,PCW,PCW,PCW,PCW,PCW,PCW,PCW,PCW,PCW,PCW,PCW,PCW,PCW,PCW,PCW,PCW,PCW,PCW,PCW,PCW,PCW,PCW,17F,17F,17F,17F,17F,17F,PCW,PCW,PCW,PCW,GNP,MG,PCW,PCW,PCW,PCW,PCW,PCW,PCW,PCW,PCW,PCW,PCW,PCW,PCW,PCW,PCW,PCW,PCW,PCW,17F,17F,17F,17F,17F,17F,17F,PCW,PCW,PCW,17F,17F	Apolipoprotein A-I,RAF proto-oncogene serine/threonine-protein kinase	None	A:173,104|D:36,37,41,39,40,38,56,33,27,31,21,45,48,47,43,50,49,52,3,1,186	APOA1_HUMAN,RAF1_HUMAN	None	None	None	Nanodisc|RBD	None	A,C,D	GNP	MG	None	None	None	PCW	STP	NMR	None	None	MTEYKLVVVGAGGVGKSALTIQLIQNHFVDEYDPTIEDSYRKQVVIDGETCLLDILDTAGQEEYSAMRDQYMRTGEGFLCVFAINNTKSFEDIHHYREQIKRVKDSEDVPMVLVGNKCDLPSRTVDTKQAQDLARSYGIPFIETSAKTRQGVDDAFYTLVREIRKHKEKMSKDGKKKKKKSKTKC	True	999.0	999.0	999.0	999.0	999.0	999.0	/Users/mitchellparker/Desktop/rascore_build/core/6ptwB_core.cif	/Users/mitchellparker/Desktop/rascore_build/rcsb/6ptw.cif.gz	/Users/mitchellparker/Desktop/rascore_build/renum/6ptw_renum.cif	/Users/mitchellparker/Desktop/rascore_build/rcsb_assembly/6ptw-assembly-1.cif.gz	/Users/mitchellparker/Desktop/rascore_build/renum_assembly/6ptw-assembly-1_renum.cif	/Users/mitchellparker/Desktop/rascore_build/sifts/6ptw.xml.gz	/Users/mitchellparker/Desktop/rascore_build/pocket/6ptwB_8_pocket.pdb
6ptwB	6ptw	0	B	Outlier	Outlier	Y32in	Y71out	None	6ptwB9	9	GTPase KRas	RASK_HUMAN	P01116-2	WT	WT	KRAS	3P	WT	None	None	Nanodisc	None	SP2-Unbound	None	185	1-167:169-186	2019-07-16	Other	173.7607	0.0003	Unbound	Unbound	76,104,110,163,166,167	PCW,PCW,PCW,PCW,PCW,PCW,PCW,PCW,17F,PCW,PCW,PCW,PCW,PCW,PCW,PCW,PCW,PCW,PCW,PCW,PCW,PCW,PCW,PCW,PCW,PCW,PCW,PCW,PCW,PCW,PCW,PCW,PCW,PCW,PCW,PCW,PCW,PCW,PCW,PCW,17F,17F,17F,17F,17F,17F,PCW,PCW,PCW,PCW,GNP,MG,PCW,PCW,PCW,PCW,PCW,PCW,PCW,PCW,PCW,PCW,PCW,PCW,PCW,PCW,PCW,PCW,PCW,PCW,17F,17F,17F,17F,17F,17F,17F,PCW,PCW,PCW,17F,17F	Apolipoprotein A-I,RAF proto-oncogene serine/threonine-protein kinase	None	A:173,104|D:36,37,41,39,40,38,56,33,27,31,21,45,48,47,43,50,49,52,3,1,186	APOA1_HUMAN,RAF1_HUMAN	None	None	None	Nanodisc|RBD	None	A,C,D	GNP	MG	None	None	None	PCW	STP	NMR	None	None	MTEYKLVVVGAGGVGKSALTIQLIQNHFVDEYDPTIEDSYRKQVVIDGETCLLDILDTAGQEEYSAMRDQYMRTGEGFLCVFAINNTKSFEDIHHYREQIKRVKDSEDVPMVLVGNKCDLPSRTVDTKQAQDLARSYGIPFIETSAKTRQGVDDAFYTLVREIRKHKEKMSKDGKKKKKKSKTKC	True	999.0	999.0	999.0	999.0	999.0	999.0	/Users/mitchellparker/Desktop/rascore_build/core/6ptwB_core.cif	/Users/mitchellparker/Desktop/rascore_build/rcsb/6ptw.cif.gz	/Users/mitchellparker/Desktop/rascore_build/renum/6ptw_renum.cif	/Users/mitchellparker/Desktop/rascore_build/rcsb_assembly/6ptw-assembly-1.cif.gz	/Users/mitchellparker/Desktop/rascore_build/renum_assembly/6ptw-assembly-1_renum.cif	/Users/mitchellparker/Desktop/rascore_build/sifts/6ptw.xml.gz	/Users/mitchellparker/Desktop/rascore_build/pocket/6ptwB_9_pocket.pdb
6q21A	6q21	0	A	Outlier	Outlier	Y32out	Y71in	P 1 1 21 (CF1)	6q21A2	2	GTPase HRas	RASH_HUMAN	P01112	WT	WT	HRAS	3P	WT	None	None	None	None	SP12-Unbound	P 1 1 21	171	1-171	1992-07-27	Other	336.5262	0.0032	Unbound	Unbound	39,40,41,43,52,54	MG,GCP	None	None	None	None	None	None	None	None	None	None	GCP	MG	None	None	None	None	STP	XRAY	1.950	0.190	MTEYKLVVVGAGGVGKSALTIQLIQNHFVDEYDPTIEDSYRKQVVIDGETCLLDILDTAGQEEYSAMRDQYMRTGEGFLCVFAINNTKSFEDIHQYREQIKRVKDSDDVPMVLVGNKCDLAARTVESRQAQDLARSYGIPYIETSAKTRQGVEDAFYTLVREIRQHKLRKL	True	41.980	79.120	128.500	90.00	90.00	117.48	/Users/mitchellparker/Desktop/rascore_build/core/6q21A_core.cif	/Users/mitchellparker/Desktop/rascore_build/rcsb/6q21.cif.gz	/Users/mitchellparker/Desktop/rascore_build/renum/6q21_renum.cif	/Users/mitchellparker/Desktop/rascore_build/rcsb_assembly/6q21-assembly-1.cif.gz	/Users/mitchellparker/Desktop/rascore_build/renum_assembly/6q21-assembly-1_renum.cif	/Users/mitchellparker/Desktop/rascore_build/sifts/6q21.xml.gz	/Users/mitchellparker/Desktop/rascore_build/pocket/6q21A_2_pocket.pdb
6q21A	6q21	0	A	Outlier	Outlier	Y32out	Y71in	P 1 1 21 (CF1)	6q21A3	3	GTPase HRas	RASH_HUMAN	P01112	WT	WT	HRAS	3P	WT	None	None	None	None	SP12-Unbound	P 1 1 21	171	1-171	1992-07-27	Other	275.5324	0.0006	Unbound	Unbound	107,108,109,110,111,137,138,139,162,165,166	MG,GCP	None	None	None	None	None	None	None	None	None	None	GCP	MG	None	None	None	None	STP	XRAY	1.950	0.190	MTEYKLVVVGAGGVGKSALTIQLIQNHFVDEYDPTIEDSYRKQVVIDGETCLLDILDTAGQEEYSAMRDQYMRTGEGFLCVFAINNTKSFEDIHQYREQIKRVKDSDDVPMVLVGNKCDLAARTVESRQAQDLARSYGIPYIETSAKTRQGVEDAFYTLVREIRQHKLRKL	True	41.980	79.120	128.500	90.00	90.00	117.48	/Users/mitchellparker/Desktop/rascore_build/core/6q21A_core.cif	/Users/mitchellparker/Desktop/rascore_build/rcsb/6q21.cif.gz	/Users/mitchellparker/Desktop/rascore_build/renum/6q21_renum.cif	/Users/mitchellparker/Desktop/rascore_build/rcsb_assembly/6q21-assembly-1.cif.gz	/Users/mitchellparker/Desktop/rascore_build/renum_assembly/6q21-assembly-1_renum.cif	/Users/mitchellparker/Desktop/rascore_build/sifts/6q21.xml.gz	/Users/mitchellparker/Desktop/rascore_build/pocket/6q21A_3_pocket.pdb
6q21A	6q21	0	A	Outlier	Outlier	Y32out	Y71in	P 1 1 21 (CF1)	6q21A4	4	GTPase HRas	RASH_HUMAN	P01112	WT	WT	HRAS	3P	WT	None	None	None	None	SP12-Unbound	P 1 1 21	171	1-171	1992-07-27	SP12	169.4997	0.0113	Unbound	Unbound	5,6,7,39,54,56,71,74,75	MG,GCP	None	None	None	None	None	None	None	None	None	None	GCP	MG	None	None	None	None	STP	XRAY	1.950	0.190	MTEYKLVVVGAGGVGKSALTIQLIQNHFVDEYDPTIEDSYRKQVVIDGETCLLDILDTAGQEEYSAMRDQYMRTGEGFLCVFAINNTKSFEDIHQYREQIKRVKDSDDVPMVLVGNKCDLAARTVESRQAQDLARSYGIPYIETSAKTRQGVEDAFYTLVREIRQHKLRKL	True	41.980	79.120	128.500	90.00	90.00	117.48	/Users/mitchellparker/Desktop/rascore_build/core/6q21A_core.cif	/Users/mitchellparker/Desktop/rascore_build/rcsb/6q21.cif.gz	/Users/mitchellparker/Desktop/rascore_build/renum/6q21_renum.cif	/Users/mitchellparker/Desktop/rascore_build/rcsb_assembly/6q21-assembly-1.cif.gz	/Users/mitchellparker/Desktop/rascore_build/renum_assembly/6q21-assembly-1_renum.cif	/Users/mitchellparker/Desktop/rascore_build/sifts/6q21.xml.gz	/Users/mitchellparker/Desktop/rascore_build/pocket/6q21A_4_pocket.pdb
6q21A	6q21	0	A	Outlier	Outlier	Y32out	Y71in	P 1 1 21 (CF1)	6q21A5	5	GTPase HRas	RASH_HUMAN	P01112	WT	WT	HRAS	3P	WT	None	None	None	None	SP12-Unbound	P 1 1 21	171	1-171	1992-07-27	Other	219.9153	0.0032	Unbound	Unbound	73,74,75,76,104,106,108,109,110,166	MG,GCP	None	None	None	None	None	None	None	None	None	None	GCP	MG	None	None	None	None	STP	XRAY	1.950	0.190	MTEYKLVVVGAGGVGKSALTIQLIQNHFVDEYDPTIEDSYRKQVVIDGETCLLDILDTAGQEEYSAMRDQYMRTGEGFLCVFAINNTKSFEDIHQYREQIKRVKDSDDVPMVLVGNKCDLAARTVESRQAQDLARSYGIPYIETSAKTRQGVEDAFYTLVREIRQHKLRKL	True	41.980	79.120	128.500	90.00	90.00	117.48	/Users/mitchellparker/Desktop/rascore_build/core/6q21A_core.cif	/Users/mitchellparker/Desktop/rascore_build/rcsb/6q21.cif.gz	/Users/mitchellparker/Desktop/rascore_build/renum/6q21_renum.cif	/Users/mitchellparker/Desktop/rascore_build/rcsb_assembly/6q21-assembly-1.cif.gz	/Users/mitchellparker/Desktop/rascore_build/renum_assembly/6q21-assembly-1_renum.cif	/Users/mitchellparker/Desktop/rascore_build/sifts/6q21.xml.gz	/Users/mitchellparker/Desktop/rascore_build/pocket/6q21A_5_pocket.pdb
6q21B	6q21	0	B	Y32in.3P-ON	Outlier	Y32in	Y71in	P 1 1 21 (CF1)	6q21B2	2	GTPase HRas	RASH_HUMAN	P01112	WT	WT	HRAS	3P	WT	None	None	None	None	SP12-Unbound	P 1 1 21	171	1-171	1992-07-27	Other	352.0102	0.0026	Unbound	Unbound	97,101,107,108,109,110,111,137,138,139,162,170	MG,GCP	None	None	None	None	None	None	None	None	None	None	GCP	MG	None	None	None	None	STP	XRAY	1.950	0.190	MTEYKLVVVGAGGVGKSALTIQLIQNHFVDEYDPTIEDSYRKQVVIDGETCLLDILDTAGQEEYSAMRDQYMRTGEGFLCVFAINNTKSFEDIHQYREQIKRVKDSDDVPMVLVGNKCDLAARTVESRQAQDLARSYGIPYIETSAKTRQGVEDAFYTLVREIRQHKLRKL	True	41.980	79.120	128.500	90.00	90.00	117.48	/Users/mitchellparker/Desktop/rascore_build/core/6q21B_core.cif	/Users/mitchellparker/Desktop/rascore_build/rcsb/6q21.cif.gz	/Users/mitchellparker/Desktop/rascore_build/renum/6q21_renum.cif	/Users/mitchellparker/Desktop/rascore_build/rcsb_assembly/6q21-assembly-1.cif.gz	/Users/mitchellparker/Desktop/rascore_build/renum_assembly/6q21-assembly-1_renum.cif	/Users/mitchellparker/Desktop/rascore_build/sifts/6q21.xml.gz	/Users/mitchellparker/Desktop/rascore_build/pocket/6q21B_2_pocket.pdb
6q21B	6q21	0	B	Y32in.3P-ON	Outlier	Y32in	Y71in	P 1 1 21 (CF1)	6q21B3	3	GTPase HRas	RASH_HUMAN	P01112	WT	WT	HRAS	3P	WT	None	None	None	None	SP12-Unbound	P 1 1 21	171	1-171	1992-07-27	Other	430.6339	0.0064	Unbound	Unbound	131,134,135,138,139,141	MG,GCP	None	None	None	None	None	None	None	None	None	None	GCP	MG	None	None	None	None	STP	XRAY	1.950	0.190	MTEYKLVVVGAGGVGKSALTIQLIQNHFVDEYDPTIEDSYRKQVVIDGETCLLDILDTAGQEEYSAMRDQYMRTGEGFLCVFAINNTKSFEDIHQYREQIKRVKDSDDVPMVLVGNKCDLAARTVESRQAQDLARSYGIPYIETSAKTRQGVEDAFYTLVREIRQHKLRKL	True	41.980	79.120	128.500	90.00	90.00	117.48	/Users/mitchellparker/Desktop/rascore_build/core/6q21B_core.cif	/Users/mitchellparker/Desktop/rascore_build/rcsb/6q21.cif.gz	/Users/mitchellparker/Desktop/rascore_build/renum/6q21_renum.cif	/Users/mitchellparker/Desktop/rascore_build/rcsb_assembly/6q21-assembly-1.cif.gz	/Users/mitchellparker/Desktop/rascore_build/renum_assembly/6q21-assembly-1_renum.cif	/Users/mitchellparker/Desktop/rascore_build/sifts/6q21.xml.gz	/Users/mitchellparker/Desktop/rascore_build/pocket/6q21B_3_pocket.pdb
6q21B	6q21	0	B	Y32in.3P-ON	Outlier	Y32in	Y71in	P 1 1 21 (CF1)	6q21B4	4	GTPase HRas	RASH_HUMAN	P01112	WT	WT	HRAS	3P	WT	None	None	None	None	SP12-Unbound	P 1 1 21	171	1-171	1992-07-27	SP12	176.8434	0.0016	Unbound	Unbound	5,6,7,39,54,56,74,75	MG,GCP	None	None	None	None	None	None	None	None	None	None	GCP	MG	None	None	None	None	STP	XRAY	1.950	0.190	MTEYKLVVVGAGGVGKSALTIQLIQNHFVDEYDPTIEDSYRKQVVIDGETCLLDILDTAGQEEYSAMRDQYMRTGEGFLCVFAINNTKSFEDIHQYREQIKRVKDSDDVPMVLVGNKCDLAARTVESRQAQDLARSYGIPYIETSAKTRQGVEDAFYTLVREIRQHKLRKL	True	41.980	79.120	128.500	90.00	90.00	117.48	/Users/mitchellparker/Desktop/rascore_build/core/6q21B_core.cif	/Users/mitchellparker/Desktop/rascore_build/rcsb/6q21.cif.gz	/Users/mitchellparker/Desktop/rascore_build/renum/6q21_renum.cif	/Users/mitchellparker/Desktop/rascore_build/rcsb_assembly/6q21-assembly-1.cif.gz	/Users/mitchellparker/Desktop/rascore_build/renum_assembly/6q21-assembly-1_renum.cif	/Users/mitchellparker/Desktop/rascore_build/sifts/6q21.xml.gz	/Users/mitchellparker/Desktop/rascore_build/pocket/6q21B_4_pocket.pdb
6q21B	6q21	0	B	Y32in.3P-ON	Outlier	Y32in	Y71in	P 1 1 21 (CF1)	6q21B5	5	GTPase HRas	RASH_HUMAN	P01112	WT	WT	HRAS	3P	WT	None	None	None	None	SP12-Unbound	P 1 1 21	171	1-171	1992-07-27	Other	272.8849	0.0073	Unbound	Unbound	73,74,75,76,104,106,108,109,110,163,166,167	MG,GCP	None	None	None	None	None	None	None	None	None	None	GCP	MG	None	None	None	None	STP	XRAY	1.950	0.190	MTEYKLVVVGAGGVGKSALTIQLIQNHFVDEYDPTIEDSYRKQVVIDGETCLLDILDTAGQEEYSAMRDQYMRTGEGFLCVFAINNTKSFEDIHQYREQIKRVKDSDDVPMVLVGNKCDLAARTVESRQAQDLARSYGIPYIETSAKTRQGVEDAFYTLVREIRQHKLRKL	True	41.980	79.120	128.500	90.00	90.00	117.48	/Users/mitchellparker/Desktop/rascore_build/core/6q21B_core.cif	/Users/mitchellparker/Desktop/rascore_build/rcsb/6q21.cif.gz	/Users/mitchellparker/Desktop/rascore_build/renum/6q21_renum.cif	/Users/mitchellparker/Desktop/rascore_build/rcsb_assembly/6q21-assembly-1.cif.gz	/Users/mitchellparker/Desktop/rascore_build/renum_assembly/6q21-assembly-1_renum.cif	/Users/mitchellparker/Desktop/rascore_build/sifts/6q21.xml.gz	/Users/mitchellparker/Desktop/rascore_build/pocket/6q21B_5_pocket.pdb
6q21B	6q21	0	B	Y32in.3P-ON	Outlier	Y32in	Y71in	P 1 1 21 (CF1)	6q21B6	6	GTPase HRas	RASH_HUMAN	P01112	WT	WT	HRAS	3P	WT	None	None	None	None	SP12-Unbound	P 1 1 21	171	1-171	1992-07-27	Other	380.3981	0.0000	Unbound	Unbound	11,12,32,60,61,62,86,88,89,92,96	MG,GCP	None	None	None	None	None	None	None	None	None	None	GCP	MG	None	None	None	None	STP	XRAY	1.950	0.190	MTEYKLVVVGAGGVGKSALTIQLIQNHFVDEYDPTIEDSYRKQVVIDGETCLLDILDTAGQEEYSAMRDQYMRTGEGFLCVFAINNTKSFEDIHQYREQIKRVKDSDDVPMVLVGNKCDLAARTVESRQAQDLARSYGIPYIETSAKTRQGVEDAFYTLVREIRQHKLRKL	True	41.980	79.120	128.500	90.00	90.00	117.48	/Users/mitchellparker/Desktop/rascore_build/core/6q21B_core.cif	/Users/mitchellparker/Desktop/rascore_build/rcsb/6q21.cif.gz	/Users/mitchellparker/Desktop/rascore_build/renum/6q21_renum.cif	/Users/mitchellparker/Desktop/rascore_build/rcsb_assembly/6q21-assembly-1.cif.gz	/Users/mitchellparker/Desktop/rascore_build/renum_assembly/6q21-assembly-1_renum.cif	/Users/mitchellparker/Desktop/rascore_build/sifts/6q21.xml.gz	/Users/mitchellparker/Desktop/rascore_build/pocket/6q21B_6_pocket.pdb
6q21B	6q21	0	B	Y32in.3P-ON	Outlier	Y32in	Y71in	P 1 1 21 (CF1)	6q21B7	7	GTPase HRas	RASH_HUMAN	P01112	WT	WT	HRAS	3P	WT	None	None	None	None	SP12-Unbound	P 1 1 21	171	1-171	1992-07-27	Other	237.1049	0.0000	Unbound	Unbound	12,13,14,32,83,85,86,117	MG,GCP	None	None	None	None	None	None	None	None	None	None	GCP	MG	None	None	None	None	STP	XRAY	1.950	0.190	MTEYKLVVVGAGGVGKSALTIQLIQNHFVDEYDPTIEDSYRKQVVIDGETCLLDILDTAGQEEYSAMRDQYMRTGEGFLCVFAINNTKSFEDIHQYREQIKRVKDSDDVPMVLVGNKCDLAARTVESRQAQDLARSYGIPYIETSAKTRQGVEDAFYTLVREIRQHKLRKL	True	41.980	79.120	128.500	90.00	90.00	117.48	/Users/mitchellparker/Desktop/rascore_build/core/6q21B_core.cif	/Users/mitchellparker/Desktop/rascore_build/rcsb/6q21.cif.gz	/Users/mitchellparker/Desktop/rascore_build/renum/6q21_renum.cif	/Users/mitchellparker/Desktop/rascore_build/rcsb_assembly/6q21-assembly-1.cif.gz	/Users/mitchellparker/Desktop/rascore_build/renum_assembly/6q21-assembly-1_renum.cif	/Users/mitchellparker/Desktop/rascore_build/sifts/6q21.xml.gz	/Users/mitchellparker/Desktop/rascore_build/pocket/6q21B_7_pocket.pdb
6q21C	6q21	0	C	Y32in.3P-ON	Outlier	Y32in	Y71in	P 1 1 21 (CF1)	6q21C2	2	GTPase HRas	RASH_HUMAN	P01112	WT	WT	HRAS	3P	WT	None	None	None	None	Multiple-Unbound	P 1 1 21	171	1-171	1992-07-27	Other	185.6015	0.0002	Unbound	Unbound	97,107,108,109,110,137,138,139,162,166,169	MG,GCP	None	None	None	None	None	None	None	None	None	None	GCP	MG	None	None	None	None	STP	XRAY	1.950	0.190	MTEYKLVVVGAGGVGKSALTIQLIQNHFVDEYDPTIEDSYRKQVVIDGETCLLDILDTAGQEEYSAMRDQYMRTGEGFLCVFAINNTKSFEDIHQYREQIKRVKDSDDVPMVLVGNKCDLAARTVESRQAQDLARSYGIPYIETSAKTRQGVEDAFYTLVREIRQHKLRKL	True	41.980	79.120	128.500	90.00	90.00	117.48	/Users/mitchellparker/Desktop/rascore_build/core/6q21C_core.cif	/Users/mitchellparker/Desktop/rascore_build/rcsb/6q21.cif.gz	/Users/mitchellparker/Desktop/rascore_build/renum/6q21_renum.cif	/Users/mitchellparker/Desktop/rascore_build/rcsb_assembly/6q21-assembly-1.cif.gz	/Users/mitchellparker/Desktop/rascore_build/renum_assembly/6q21-assembly-1_renum.cif	/Users/mitchellparker/Desktop/rascore_build/sifts/6q21.xml.gz	/Users/mitchellparker/Desktop/rascore_build/pocket/6q21C_2_pocket.pdb
6q21C	6q21	0	C	Y32in.3P-ON	Outlier	Y32in	Y71in	P 1 1 21 (CF1)	6q21C3	3	GTPase HRas	RASH_HUMAN	P01112	WT	WT	HRAS	3P	WT	None	None	None	None	Multiple-Unbound	P 1 1 21	171	1-171	1992-07-27	SP2	350.2166	0.0169	Unbound	Unbound	11,12,60,62,68,88,92,95,96	MG,GCP	None	None	None	None	None	None	None	None	None	None	GCP	MG	None	None	None	None	STP	XRAY	1.950	0.190	MTEYKLVVVGAGGVGKSALTIQLIQNHFVDEYDPTIEDSYRKQVVIDGETCLLDILDTAGQEEYSAMRDQYMRTGEGFLCVFAINNTKSFEDIHQYREQIKRVKDSDDVPMVLVGNKCDLAARTVESRQAQDLARSYGIPYIETSAKTRQGVEDAFYTLVREIRQHKLRKL	True	41.980	79.120	128.500	90.00	90.00	117.48	/Users/mitchellparker/Desktop/rascore_build/core/6q21C_core.cif	/Users/mitchellparker/Desktop/rascore_build/rcsb/6q21.cif.gz	/Users/mitchellparker/Desktop/rascore_build/renum/6q21_renum.cif	/Users/mitchellparker/Desktop/rascore_build/rcsb_assembly/6q21-assembly-1.cif.gz	/Users/mitchellparker/Desktop/rascore_build/renum_assembly/6q21-assembly-1_renum.cif	/Users/mitchellparker/Desktop/rascore_build/sifts/6q21.xml.gz	/Users/mitchellparker/Desktop/rascore_build/pocket/6q21C_3_pocket.pdb
6q21C	6q21	0	C	Y32in.3P-ON	Outlier	Y32in	Y71in	P 1 1 21 (CF1)	6q21C4	4	GTPase HRas	RASH_HUMAN	P01112	WT	WT	HRAS	3P	WT	None	None	None	None	Multiple-Unbound	P 1 1 21	171	1-171	1992-07-27	Other	433.3262	0.3019	Unbound	Unbound	74,75,76,104,106,108,109,110,163,166,167,170	MG,GCP	None	None	None	None	None	None	None	None	None	None	GCP	MG	None	None	None	None	STP	XRAY	1.950	0.190	MTEYKLVVVGAGGVGKSALTIQLIQNHFVDEYDPTIEDSYRKQVVIDGETCLLDILDTAGQEEYSAMRDQYMRTGEGFLCVFAINNTKSFEDIHQYREQIKRVKDSDDVPMVLVGNKCDLAARTVESRQAQDLARSYGIPYIETSAKTRQGVEDAFYTLVREIRQHKLRKL	True	41.980	79.120	128.500	90.00	90.00	117.48	/Users/mitchellparker/Desktop/rascore_build/core/6q21C_core.cif	/Users/mitchellparker/Desktop/rascore_build/rcsb/6q21.cif.gz	/Users/mitchellparker/Desktop/rascore_build/renum/6q21_renum.cif	/Users/mitchellparker/Desktop/rascore_build/rcsb_assembly/6q21-assembly-1.cif.gz	/Users/mitchellparker/Desktop/rascore_build/renum_assembly/6q21-assembly-1_renum.cif	/Users/mitchellparker/Desktop/rascore_build/sifts/6q21.xml.gz	/Users/mitchellparker/Desktop/rascore_build/pocket/6q21C_4_pocket.pdb
6q21C	6q21	0	C	Y32in.3P-ON	Outlier	Y32in	Y71in	P 1 1 21 (CF1)	6q21C5	5	GTPase HRas	RASH_HUMAN	P01112	WT	WT	HRAS	3P	WT	None	None	None	None	Multiple-Unbound	P 1 1 21	171	1-171	1992-07-27	SP12	173.0249	0.0047	Unbound	Unbound	5,6,7,41,54,56,74,75	MG,GCP	None	None	None	None	None	None	None	None	None	None	GCP	MG	None	None	None	None	STP	XRAY	1.950	0.190	MTEYKLVVVGAGGVGKSALTIQLIQNHFVDEYDPTIEDSYRKQVVIDGETCLLDILDTAGQEEYSAMRDQYMRTGEGFLCVFAINNTKSFEDIHQYREQIKRVKDSDDVPMVLVGNKCDLAARTVESRQAQDLARSYGIPYIETSAKTRQGVEDAFYTLVREIRQHKLRKL	True	41.980	79.120	128.500	90.00	90.00	117.48	/Users/mitchellparker/Desktop/rascore_build/core/6q21C_core.cif	/Users/mitchellparker/Desktop/rascore_build/rcsb/6q21.cif.gz	/Users/mitchellparker/Desktop/rascore_build/renum/6q21_renum.cif	/Users/mitchellparker/Desktop/rascore_build/rcsb_assembly/6q21-assembly-1.cif.gz	/Users/mitchellparker/Desktop/rascore_build/renum_assembly/6q21-assembly-1_renum.cif	/Users/mitchellparker/Desktop/rascore_build/sifts/6q21.xml.gz	/Users/mitchellparker/Desktop/rascore_build/pocket/6q21C_5_pocket.pdb
6q21D	6q21	0	D	Outlier	Outlier	Y32out	Y71out	P 1 1 21 (CF1)	6q21D2	2	GTPase HRas	RASH_HUMAN	P01112	WT	WT	HRAS	3P	WT	None	None	None	None	SP12-Unbound	P 1 1 21	171	1-171	1992-07-27	Other	263.9918	0.0038	Unbound	Unbound	75,76,104,106,108,109,110,163,166,167	MG,GCP	None	None	None	None	None	None	None	None	None	None	GCP	MG	None	None	None	None	STP	XRAY	1.950	0.190	MTEYKLVVVGAGGVGKSALTIQLIQNHFVDEYDPTIEDSYRKQVVIDGETCLLDILDTAGQEEYSAMRDQYMRTGEGFLCVFAINNTKSFEDIHQYREQIKRVKDSDDVPMVLVGNKCDLAARTVESRQAQDLARSYGIPYIETSAKTRQGVEDAFYTLVREIRQHKLRKL	True	41.980	79.120	128.500	90.00	90.00	117.48	/Users/mitchellparker/Desktop/rascore_build/core/6q21D_core.cif	/Users/mitchellparker/Desktop/rascore_build/rcsb/6q21.cif.gz	/Users/mitchellparker/Desktop/rascore_build/renum/6q21_renum.cif	/Users/mitchellparker/Desktop/rascore_build/rcsb_assembly/6q21-assembly-1.cif.gz	/Users/mitchellparker/Desktop/rascore_build/renum_assembly/6q21-assembly-1_renum.cif	/Users/mitchellparker/Desktop/rascore_build/sifts/6q21.xml.gz	/Users/mitchellparker/Desktop/rascore_build/pocket/6q21D_2_pocket.pdb
6q21D	6q21	0	D	Outlier	Outlier	Y32out	Y71out	P 1 1 21 (CF1)	6q21D3	3	GTPase HRas	RASH_HUMAN	P01112	WT	WT	HRAS	3P	WT	None	None	None	None	SP12-Unbound	P 1 1 21	171	1-171	1992-07-27	Other	341.1857	0.0719	Unbound	Unbound	47,161,164,165,168	MG,GCP	None	None	None	None	None	None	None	None	None	None	GCP	MG	None	None	None	None	STP	XRAY	1.950	0.190	MTEYKLVVVGAGGVGKSALTIQLIQNHFVDEYDPTIEDSYRKQVVIDGETCLLDILDTAGQEEYSAMRDQYMRTGEGFLCVFAINNTKSFEDIHQYREQIKRVKDSDDVPMVLVGNKCDLAARTVESRQAQDLARSYGIPYIETSAKTRQGVEDAFYTLVREIRQHKLRKL	True	41.980	79.120	128.500	90.00	90.00	117.48	/Users/mitchellparker/Desktop/rascore_build/core/6q21D_core.cif	/Users/mitchellparker/Desktop/rascore_build/rcsb/6q21.cif.gz	/Users/mitchellparker/Desktop/rascore_build/renum/6q21_renum.cif	/Users/mitchellparker/Desktop/rascore_build/rcsb_assembly/6q21-assembly-1.cif.gz	/Users/mitchellparker/Desktop/rascore_build/renum_assembly/6q21-assembly-1_renum.cif	/Users/mitchellparker/Desktop/rascore_build/sifts/6q21.xml.gz	/Users/mitchellparker/Desktop/rascore_build/pocket/6q21D_3_pocket.pdb
6q21D	6q21	0	D	Outlier	Outlier	Y32out	Y71out	P 1 1 21 (CF1)	6q21D4	4	GTPase HRas	RASH_HUMAN	P01112	WT	WT	HRAS	3P	WT	None	None	None	None	SP12-Unbound	P 1 1 21	171	1-171	1992-07-27	SP12	200.3329	0.0025	Unbound	Unbound	5,6,7,39,54,56,71,74	MG,GCP	None	None	None	None	None	None	None	None	None	None	GCP	MG	None	None	None	None	STP	XRAY	1.950	0.190	MTEYKLVVVGAGGVGKSALTIQLIQNHFVDEYDPTIEDSYRKQVVIDGETCLLDILDTAGQEEYSAMRDQYMRTGEGFLCVFAINNTKSFEDIHQYREQIKRVKDSDDVPMVLVGNKCDLAARTVESRQAQDLARSYGIPYIETSAKTRQGVEDAFYTLVREIRQHKLRKL	True	41.980	79.120	128.500	90.00	90.00	117.48	/Users/mitchellparker/Desktop/rascore_build/core/6q21D_core.cif	/Users/mitchellparker/Desktop/rascore_build/rcsb/6q21.cif.gz	/Users/mitchellparker/Desktop/rascore_build/renum/6q21_renum.cif	/Users/mitchellparker/Desktop/rascore_build/rcsb_assembly/6q21-assembly-1.cif.gz	/Users/mitchellparker/Desktop/rascore_build/renum_assembly/6q21-assembly-1_renum.cif	/Users/mitchellparker/Desktop/rascore_build/sifts/6q21.xml.gz	/Users/mitchellparker/Desktop/rascore_build/pocket/6q21D_4_pocket.pdb
6quuA	6quu	0	A	Y32in.3P-ON	Y71in.3P-R	Y32in	Y71in	P 1 21 1 (CF13)	6quuA2	2	GTPase KRas	RASK_HUMAN	P01116-2	G12D	G12	KRAS	3P	G12D	None	None	None	None	SP12-Unbound	P 1 21 1	187	1-167	2019-02-28	Other	232.5259	0.0040	Unbound	Unbound	87,90,91,94,124,125,129,133	GCP,MG	None	None	None	None	None	None	None	None	None	None	GCP	MG	None	None	None	None	STP	XRAY	1.477	0.194	MHHHHHHSSGRENLYFQGMTEYKLVVVGADGVGKSALTIQLIQNHFVDEYDPTIEDSYRKQVVIDGETCLLDILDTAGQEEYSAMRDQYMRTGEGFLCVFAINNTKSFEDIHHYREQIKRVKDSEDVPMVLVGNKCDLPSRTVDTKQAQDLARSYGIPFIETSAKTRQGVDDAFYTLVREIRKHKEK	True	42.619	72.321	54.654	90.00	103.37	90.00	/Users/mitchellparker/Desktop/rascore_build/core/6quuA_core.cif	/Users/mitchellparker/Desktop/rascore_build/rcsb/6quu.cif.gz	/Users/mitchellparker/Desktop/rascore_build/renum/6quu_renum.cif	/Users/mitchellparker/Desktop/rascore_build/rcsb_assembly/6quu-assembly-1.cif.gz	/Users/mitchellparker/Desktop/rascore_build/renum_assembly/6quu-assembly-1_renum.cif	/Users/mitchellparker/Desktop/rascore_build/sifts/6quu.xml.gz	/Users/mitchellparker/Desktop/rascore_build/pocket/6quuA_2_pocket.pdb
6quuA	6quu	0	A	Y32in.3P-ON	Y71in.3P-R	Y32in	Y71in	P 1 21 1 (CF13)	6quuA3	3	GTPase KRas	RASK_HUMAN	P01116-2	G12D	G12	KRAS	3P	G12D	None	None	None	None	SP12-Unbound	P 1 21 1	187	1-167	2019-02-28	SP12	232.2172	0.0532	Unbound	Unbound	5,6,7,39,40,41,54,55,56,74,75	GCP,MG	None	None	None	None	None	None	None	None	None	None	GCP	MG	None	None	None	None	STP	XRAY	1.477	0.194	MHHHHHHSSGRENLYFQGMTEYKLVVVGADGVGKSALTIQLIQNHFVDEYDPTIEDSYRKQVVIDGETCLLDILDTAGQEEYSAMRDQYMRTGEGFLCVFAINNTKSFEDIHHYREQIKRVKDSEDVPMVLVGNKCDLPSRTVDTKQAQDLARSYGIPFIETSAKTRQGVDDAFYTLVREIRKHKEK	True	42.619	72.321	54.654	90.00	103.37	90.00	/Users/mitchellparker/Desktop/rascore_build/core/6quuA_core.cif	/Users/mitchellparker/Desktop/rascore_build/rcsb/6quu.cif.gz	/Users/mitchellparker/Desktop/rascore_build/renum/6quu_renum.cif	/Users/mitchellparker/Desktop/rascore_build/rcsb_assembly/6quu-assembly-1.cif.gz	/Users/mitchellparker/Desktop/rascore_build/renum_assembly/6quu-assembly-1_renum.cif	/Users/mitchellparker/Desktop/rascore_build/sifts/6quu.xml.gz	/Users/mitchellparker/Desktop/rascore_build/pocket/6quuA_3_pocket.pdb
6quuA	6quu	0	A	Y32in.3P-ON	Y71in.3P-R	Y32in	Y71in	P 1 21 1 (CF13)	6quuA4	4	GTPase KRas	RASK_HUMAN	P01116-2	G12D	G12	KRAS	3P	G12D	None	None	None	None	SP12-Unbound	P 1 21 1	187	1-167	2019-02-28	Other	263.7882	0.0059	Unbound	Unbound	23,24,42,43,44,53,149,153,157	GCP,MG	None	None	None	None	None	None	None	None	None	None	GCP	MG	None	None	None	None	STP	XRAY	1.477	0.194	MHHHHHHSSGRENLYFQGMTEYKLVVVGADGVGKSALTIQLIQNHFVDEYDPTIEDSYRKQVVIDGETCLLDILDTAGQEEYSAMRDQYMRTGEGFLCVFAINNTKSFEDIHHYREQIKRVKDSEDVPMVLVGNKCDLPSRTVDTKQAQDLARSYGIPFIETSAKTRQGVDDAFYTLVREIRKHKEK	True	42.619	72.321	54.654	90.00	103.37	90.00	/Users/mitchellparker/Desktop/rascore_build/core/6quuA_core.cif	/Users/mitchellparker/Desktop/rascore_build/rcsb/6quu.cif.gz	/Users/mitchellparker/Desktop/rascore_build/renum/6quu_renum.cif	/Users/mitchellparker/Desktop/rascore_build/rcsb_assembly/6quu-assembly-1.cif.gz	/Users/mitchellparker/Desktop/rascore_build/renum_assembly/6quu-assembly-1_renum.cif	/Users/mitchellparker/Desktop/rascore_build/sifts/6quu.xml.gz	/Users/mitchellparker/Desktop/rascore_build/pocket/6quuA_4_pocket.pdb
6quuA	6quu	0	A	Y32in.3P-ON	Y71in.3P-R	Y32in	Y71in	P 1 21 1 (CF13)	6quuA5	5	GTPase KRas	RASK_HUMAN	P01116-2	G12D	G12	KRAS	3P	G12D	None	None	None	None	SP12-Unbound	P 1 21 1	187	1-167	2019-02-28	Other	242.5960	0.0016	Unbound	Unbound	17,21,29,31,33,35,38	GCP,MG	None	None	None	None	None	None	None	None	None	None	GCP	MG	None	None	None	None	STP	XRAY	1.477	0.194	MHHHHHHSSGRENLYFQGMTEYKLVVVGADGVGKSALTIQLIQNHFVDEYDPTIEDSYRKQVVIDGETCLLDILDTAGQEEYSAMRDQYMRTGEGFLCVFAINNTKSFEDIHHYREQIKRVKDSEDVPMVLVGNKCDLPSRTVDTKQAQDLARSYGIPFIETSAKTRQGVDDAFYTLVREIRKHKEK	True	42.619	72.321	54.654	90.00	103.37	90.00	/Users/mitchellparker/Desktop/rascore_build/core/6quuA_core.cif	/Users/mitchellparker/Desktop/rascore_build/rcsb/6quu.cif.gz	/Users/mitchellparker/Desktop/rascore_build/renum/6quu_renum.cif	/Users/mitchellparker/Desktop/rascore_build/rcsb_assembly/6quu-assembly-1.cif.gz	/Users/mitchellparker/Desktop/rascore_build/renum_assembly/6quu-assembly-1_renum.cif	/Users/mitchellparker/Desktop/rascore_build/sifts/6quu.xml.gz	/Users/mitchellparker/Desktop/rascore_build/pocket/6quuA_5_pocket.pdb
6quuB	6quu	0	B	Y32in.3P-ON	Outlier	Y32in	Y71in	P 1 21 1 (CF13)	6quuB2	2	GTPase KRas	RASK_HUMAN	P01116-2	G12D	G12	KRAS	3P	G12D	None	None	None	None	SP12-Unbound	P 1 21 1	187	1-167	2019-02-28	SP12	238.8986	0.2493	Unbound	Unbound	5,6,7,39,40,41,54,55,56,74,75	GCP,MG	None	None	None	None	None	None	None	None	None	None	GCP	MG	None	None	None	None	STP	XRAY	1.477	0.194	MHHHHHHSSGRENLYFQGMTEYKLVVVGADGVGKSALTIQLIQNHFVDEYDPTIEDSYRKQVVIDGETCLLDILDTAGQEEYSAMRDQYMRTGEGFLCVFAINNTKSFEDIHHYREQIKRVKDSEDVPMVLVGNKCDLPSRTVDTKQAQDLARSYGIPFIETSAKTRQGVDDAFYTLVREIRKHKEK	True	42.619	72.321	54.654	90.00	103.37	90.00	/Users/mitchellparker/Desktop/rascore_build/core/6quuB_core.cif	/Users/mitchellparker/Desktop/rascore_build/rcsb/6quu.cif.gz	/Users/mitchellparker/Desktop/rascore_build/renum/6quu_renum.cif	/Users/mitchellparker/Desktop/rascore_build/rcsb_assembly/6quu-assembly-1.cif.gz	/Users/mitchellparker/Desktop/rascore_build/renum_assembly/6quu-assembly-1_renum.cif	/Users/mitchellparker/Desktop/rascore_build/sifts/6quu.xml.gz	/Users/mitchellparker/Desktop/rascore_build/pocket/6quuB_2_pocket.pdb
6quuB	6quu	0	B	Y32in.3P-ON	Outlier	Y32in	Y71in	P 1 21 1 (CF13)	6quuB3	3	GTPase KRas	RASK_HUMAN	P01116-2	G12D	G12	KRAS	3P	G12D	None	None	None	None	SP12-Unbound	P 1 21 1	187	1-167	2019-02-28	Other	350.7716	0.0647	Unbound	Unbound	73,74,75,76,104,106,108,109,110,163,166,167	GCP,MG	None	None	None	None	None	None	None	None	None	None	GCP	MG	None	None	None	None	STP	XRAY	1.477	0.194	MHHHHHHSSGRENLYFQGMTEYKLVVVGADGVGKSALTIQLIQNHFVDEYDPTIEDSYRKQVVIDGETCLLDILDTAGQEEYSAMRDQYMRTGEGFLCVFAINNTKSFEDIHHYREQIKRVKDSEDVPMVLVGNKCDLPSRTVDTKQAQDLARSYGIPFIETSAKTRQGVDDAFYTLVREIRKHKEK	True	42.619	72.321	54.654	90.00	103.37	90.00	/Users/mitchellparker/Desktop/rascore_build/core/6quuB_core.cif	/Users/mitchellparker/Desktop/rascore_build/rcsb/6quu.cif.gz	/Users/mitchellparker/Desktop/rascore_build/renum/6quu_renum.cif	/Users/mitchellparker/Desktop/rascore_build/rcsb_assembly/6quu-assembly-1.cif.gz	/Users/mitchellparker/Desktop/rascore_build/renum_assembly/6quu-assembly-1_renum.cif	/Users/mitchellparker/Desktop/rascore_build/sifts/6quu.xml.gz	/Users/mitchellparker/Desktop/rascore_build/pocket/6quuB_3_pocket.pdb
6quuB	6quu	0	B	Y32in.3P-ON	Outlier	Y32in	Y71in	P 1 21 1 (CF13)	6quuB4	4	GTPase KRas	RASK_HUMAN	P01116-2	G12D	G12	KRAS	3P	G12D	None	None	None	None	SP12-Unbound	P 1 21 1	187	1-167	2019-02-28	Other	161.0573	0.0002	Unbound	Unbound	107,108,109,110,137,138,139,162,165,166	GCP,MG	None	None	None	None	None	None	None	None	None	None	GCP	MG	None	None	None	None	STP	XRAY	1.477	0.194	MHHHHHHSSGRENLYFQGMTEYKLVVVGADGVGKSALTIQLIQNHFVDEYDPTIEDSYRKQVVIDGETCLLDILDTAGQEEYSAMRDQYMRTGEGFLCVFAINNTKSFEDIHHYREQIKRVKDSEDVPMVLVGNKCDLPSRTVDTKQAQDLARSYGIPFIETSAKTRQGVDDAFYTLVREIRKHKEK	True	42.619	72.321	54.654	90.00	103.37	90.00	/Users/mitchellparker/Desktop/rascore_build/core/6quuB_core.cif	/Users/mitchellparker/Desktop/rascore_build/rcsb/6quu.cif.gz	/Users/mitchellparker/Desktop/rascore_build/renum/6quu_renum.cif	/Users/mitchellparker/Desktop/rascore_build/rcsb_assembly/6quu-assembly-1.cif.gz	/Users/mitchellparker/Desktop/rascore_build/renum_assembly/6quu-assembly-1_renum.cif	/Users/mitchellparker/Desktop/rascore_build/sifts/6quu.xml.gz	/Users/mitchellparker/Desktop/rascore_build/pocket/6quuB_4_pocket.pdb
6quuB	6quu	0	B	Y32in.3P-ON	Outlier	Y32in	Y71in	P 1 21 1 (CF13)	6quuB5	5	GTPase KRas	RASK_HUMAN	P01116-2	G12D	G12	KRAS	3P	G12D	None	None	None	None	SP12-Unbound	P 1 21 1	187	1-167	2019-02-28	Other	632.8531	0.0083	Unbound	Unbound	11,12,13,14,60,61,62,68,83,85,86,88,89,92,95,96,117	GCP,MG	None	None	None	None	None	None	None	None	None	None	GCP	MG	None	None	None	None	STP	XRAY	1.477	0.194	MHHHHHHSSGRENLYFQGMTEYKLVVVGADGVGKSALTIQLIQNHFVDEYDPTIEDSYRKQVVIDGETCLLDILDTAGQEEYSAMRDQYMRTGEGFLCVFAINNTKSFEDIHHYREQIKRVKDSEDVPMVLVGNKCDLPSRTVDTKQAQDLARSYGIPFIETSAKTRQGVDDAFYTLVREIRKHKEK	True	42.619	72.321	54.654	90.00	103.37	90.00	/Users/mitchellparker/Desktop/rascore_build/core/6quuB_core.cif	/Users/mitchellparker/Desktop/rascore_build/rcsb/6quu.cif.gz	/Users/mitchellparker/Desktop/rascore_build/renum/6quu_renum.cif	/Users/mitchellparker/Desktop/rascore_build/rcsb_assembly/6quu-assembly-1.cif.gz	/Users/mitchellparker/Desktop/rascore_build/renum_assembly/6quu-assembly-1_renum.cif	/Users/mitchellparker/Desktop/rascore_build/sifts/6quu.xml.gz	/Users/mitchellparker/Desktop/rascore_build/pocket/6quuB_5_pocket.pdb
6quvA	6quv	0	A	Y32in.3P-ON	Y71in.3P-R	Y32in	Y71in	P 1 21 1 (CF13)	6quvA3	3	GTPase KRas	RASK_HUMAN	P01116-2	G12D	G12	KRAS	3P	G12D	None	None	None	None	SP12-Unbound	P 1 21 1	170	1-167	2019-02-28	Other	233.8566	0.0006	Unbound	Unbound	11,12,60,61,62,63,86,88,89,92	GCP,MG	None	None	None	None	None	None	None	None	None	None	GCP	MG	None	None	None	None	STP	XRAY	1.475	0.194	GMTEYKLVVVGADGVGKSALTIQLIQNHFVDEYDPTIEDSYRKQVVIDGETCLLDILDTAGQEEYSAMRDQYMRTGEGFLCVFAINNTKSFEDIHHYREQIKRVKDSEDVPMVLVGNKCDLPSRTVDTKQAQDLARSYGIPFIETSAKTRQGVDDAFYTLVREIRKHKEK	True	42.440	72.203	54.611	90.00	103.23	90.00	/Users/mitchellparker/Desktop/rascore_build/core/6quvA_core.cif	/Users/mitchellparker/Desktop/rascore_build/rcsb/6quv.cif.gz	/Users/mitchellparker/Desktop/rascore_build/renum/6quv_renum.cif	/Users/mitchellparker/Desktop/rascore_build/rcsb_assembly/6quv-assembly-1.cif.gz	/Users/mitchellparker/Desktop/rascore_build/renum_assembly/6quv-assembly-1_renum.cif	/Users/mitchellparker/Desktop/rascore_build/sifts/6quv.xml.gz	/Users/mitchellparker/Desktop/rascore_build/pocket/6quvA_3_pocket.pdb
6quvA	6quv	0	A	Y32in.3P-ON	Y71in.3P-R	Y32in	Y71in	P 1 21 1 (CF13)	6quvA4	4	GTPase KRas	RASK_HUMAN	P01116-2	G12D	G12	KRAS	3P	G12D	None	None	None	None	SP12-Unbound	P 1 21 1	170	1-167	2019-02-28	Other	144.5808	0.0001	Unbound	Unbound	131,134,135,139,141	GCP,MG	None	None	None	None	None	None	None	None	None	None	GCP	MG	None	None	None	None	STP	XRAY	1.475	0.194	GMTEYKLVVVGADGVGKSALTIQLIQNHFVDEYDPTIEDSYRKQVVIDGETCLLDILDTAGQEEYSAMRDQYMRTGEGFLCVFAINNTKSFEDIHHYREQIKRVKDSEDVPMVLVGNKCDLPSRTVDTKQAQDLARSYGIPFIETSAKTRQGVDDAFYTLVREIRKHKEK	True	42.440	72.203	54.611	90.00	103.23	90.00	/Users/mitchellparker/Desktop/rascore_build/core/6quvA_core.cif	/Users/mitchellparker/Desktop/rascore_build/rcsb/6quv.cif.gz	/Users/mitchellparker/Desktop/rascore_build/renum/6quv_renum.cif	/Users/mitchellparker/Desktop/rascore_build/rcsb_assembly/6quv-assembly-1.cif.gz	/Users/mitchellparker/Desktop/rascore_build/renum_assembly/6quv-assembly-1_renum.cif	/Users/mitchellparker/Desktop/rascore_build/sifts/6quv.xml.gz	/Users/mitchellparker/Desktop/rascore_build/pocket/6quvA_4_pocket.pdb
6quvA	6quv	0	A	Y32in.3P-ON	Y71in.3P-R	Y32in	Y71in	P 1 21 1 (CF13)	6quvA5	5	GTPase KRas	RASK_HUMAN	P01116-2	G12D	G12	KRAS	3P	G12D	None	None	None	None	SP12-Unbound	P 1 21 1	170	1-167	2019-02-28	SP12	310.7650	0.3214	Unbound	Unbound	5,6,7,39,40,41,54,55,56,74,75	GCP,MG	None	None	None	None	None	None	None	None	None	None	GCP	MG	None	None	None	None	STP	XRAY	1.475	0.194	GMTEYKLVVVGADGVGKSALTIQLIQNHFVDEYDPTIEDSYRKQVVIDGETCLLDILDTAGQEEYSAMRDQYMRTGEGFLCVFAINNTKSFEDIHHYREQIKRVKDSEDVPMVLVGNKCDLPSRTVDTKQAQDLARSYGIPFIETSAKTRQGVDDAFYTLVREIRKHKEK	True	42.440	72.203	54.611	90.00	103.23	90.00	/Users/mitchellparker/Desktop/rascore_build/core/6quvA_core.cif	/Users/mitchellparker/Desktop/rascore_build/rcsb/6quv.cif.gz	/Users/mitchellparker/Desktop/rascore_build/renum/6quv_renum.cif	/Users/mitchellparker/Desktop/rascore_build/rcsb_assembly/6quv-assembly-1.cif.gz	/Users/mitchellparker/Desktop/rascore_build/renum_assembly/6quv-assembly-1_renum.cif	/Users/mitchellparker/Desktop/rascore_build/sifts/6quv.xml.gz	/Users/mitchellparker/Desktop/rascore_build/pocket/6quvA_5_pocket.pdb
6quvA	6quv	0	A	Y32in.3P-ON	Y71in.3P-R	Y32in	Y71in	P 1 21 1 (CF13)	6quvA6	6	GTPase KRas	RASK_HUMAN	P01116-2	G12D	G12	KRAS	3P	G12D	None	None	None	None	SP12-Unbound	P 1 21 1	170	1-167	2019-02-28	Other	217.0707	0.0018	Unbound	Unbound	23,24,42,43,44,53,149,153,157	GCP,MG	None	None	None	None	None	None	None	None	None	None	GCP	MG	None	None	None	None	STP	XRAY	1.475	0.194	GMTEYKLVVVGADGVGKSALTIQLIQNHFVDEYDPTIEDSYRKQVVIDGETCLLDILDTAGQEEYSAMRDQYMRTGEGFLCVFAINNTKSFEDIHHYREQIKRVKDSEDVPMVLVGNKCDLPSRTVDTKQAQDLARSYGIPFIETSAKTRQGVDDAFYTLVREIRKHKEK	True	42.440	72.203	54.611	90.00	103.23	90.00	/Users/mitchellparker/Desktop/rascore_build/core/6quvA_core.cif	/Users/mitchellparker/Desktop/rascore_build/rcsb/6quv.cif.gz	/Users/mitchellparker/Desktop/rascore_build/renum/6quv_renum.cif	/Users/mitchellparker/Desktop/rascore_build/rcsb_assembly/6quv-assembly-1.cif.gz	/Users/mitchellparker/Desktop/rascore_build/renum_assembly/6quv-assembly-1_renum.cif	/Users/mitchellparker/Desktop/rascore_build/sifts/6quv.xml.gz	/Users/mitchellparker/Desktop/rascore_build/pocket/6quvA_6_pocket.pdb
6quvB	6quv	0	B	Y32in.3P-ON	Y71in.3P-R	Y32in	Y71in	P 1 21 1 (CF13)	6quvB2	2	GTPase KRas	RASK_HUMAN	P01116-2	G12D	G12	KRAS	3P	G12D	SP12	SP12.Unclassified	None	None	SP12-Bound	P 1 21 1	170	1-167	2019-02-28	SP12	141.5174	0.0009	Bound	SP12	5,6,7,54,56,74,75	JJN,GCP,MG	None	JJN:56,54,74,39,6,7,5,75	None	None	SP12	SP12.Unclassified	JJN:CN1CCC(C)(C23NC(=O)c4ccccc4C2c2ccccc2N3)CC1	None	None	None	GCP	MG	JJN	None	None	None	JJN	XRAY	1.475	0.194	GMTEYKLVVVGADGVGKSALTIQLIQNHFVDEYDPTIEDSYRKQVVIDGETCLLDILDTAGQEEYSAMRDQYMRTGEGFLCVFAINNTKSFEDIHHYREQIKRVKDSEDVPMVLVGNKCDLPSRTVDTKQAQDLARSYGIPFIETSAKTRQGVDDAFYTLVREIRKHKEK	True	42.440	72.203	54.611	90.00	103.23	90.00	/Users/mitchellparker/Desktop/rascore_build/core/6quvB_core.cif	/Users/mitchellparker/Desktop/rascore_build/rcsb/6quv.cif.gz	/Users/mitchellparker/Desktop/rascore_build/renum/6quv_renum.cif	/Users/mitchellparker/Desktop/rascore_build/rcsb_assembly/6quv-assembly-1.cif.gz	/Users/mitchellparker/Desktop/rascore_build/renum_assembly/6quv-assembly-1_renum.cif	/Users/mitchellparker/Desktop/rascore_build/sifts/6quv.xml.gz	/Users/mitchellparker/Desktop/rascore_build/pocket/6quvB_2_pocket.pdb
6quvB	6quv	0	B	Y32in.3P-ON	Y71in.3P-R	Y32in	Y71in	P 1 21 1 (CF13)	6quvB3	3	GTPase KRas	RASK_HUMAN	P01116-2	G12D	G12	KRAS	3P	G12D	SP12	SP12.Unclassified	None	None	SP12-Bound	P 1 21 1	170	1-167	2019-02-28	SP12	305.9998	0.0005	Bound	SP12	37,56,67,70,71,74	JJN,GCP,MG	None	JJN:56,54,74,39,6,7,5,75	None	None	SP12	SP12.Unclassified	JJN:CN1CCC(C)(C23NC(=O)c4ccccc4C2c2ccccc2N3)CC1	None	None	None	GCP	MG	JJN	None	None	None	JJN	XRAY	1.475	0.194	GMTEYKLVVVGADGVGKSALTIQLIQNHFVDEYDPTIEDSYRKQVVIDGETCLLDILDTAGQEEYSAMRDQYMRTGEGFLCVFAINNTKSFEDIHHYREQIKRVKDSEDVPMVLVGNKCDLPSRTVDTKQAQDLARSYGIPFIETSAKTRQGVDDAFYTLVREIRKHKEK	True	42.440	72.203	54.611	90.00	103.23	90.00	/Users/mitchellparker/Desktop/rascore_build/core/6quvB_core.cif	/Users/mitchellparker/Desktop/rascore_build/rcsb/6quv.cif.gz	/Users/mitchellparker/Desktop/rascore_build/renum/6quv_renum.cif	/Users/mitchellparker/Desktop/rascore_build/rcsb_assembly/6quv-assembly-1.cif.gz	/Users/mitchellparker/Desktop/rascore_build/renum_assembly/6quv-assembly-1_renum.cif	/Users/mitchellparker/Desktop/rascore_build/sifts/6quv.xml.gz	/Users/mitchellparker/Desktop/rascore_build/pocket/6quvB_3_pocket.pdb
6quwA	6quw	0	A	Y32in.3P-ON	Y71in.3P-R	Y32in	Y71in	P 1 21 1 (CF13)	6quwA2	2	GTPase KRas	RASK_HUMAN	P01116-2	G12D	G12	KRAS	3P	G12D	None	None	None	None	SP12-Unbound	P 1 21 1	170	1-167	2019-02-28	Other	238.8999	0.0002	Unbound	Unbound	11,12,60,61,62,63,86,88,89,92	GCP,MG	None	None	None	None	None	None	None	None	None	None	GCP	MG	None	None	None	None	STP	XRAY	1.242	0.194	GMTEYKLVVVGADGVGKSALTIQLIQNHFVDEYDPTIEDSYRKQVVIDGETCLLDILDTAGQEEYSAMRDQYMRTGEGFLCVFAINNTKSFEDIHHYREQIKRVKDSEDVPMVLVGNKCDLPSRTVDTKQAQDLARSYGIPFIETSAKTRQGVDDAFYTLVREIRKHKEK	True	42.539	72.097	54.616	90.00	103.31	90.00	/Users/mitchellparker/Desktop/rascore_build/core/6quwA_core.cif	/Users/mitchellparker/Desktop/rascore_build/rcsb/6quw.cif.gz	/Users/mitchellparker/Desktop/rascore_build/renum/6quw_renum.cif	/Users/mitchellparker/Desktop/rascore_build/rcsb_assembly/6quw-assembly-1.cif.gz	/Users/mitchellparker/Desktop/rascore_build/renum_assembly/6quw-assembly-1_renum.cif	/Users/mitchellparker/Desktop/rascore_build/sifts/6quw.xml.gz	/Users/mitchellparker/Desktop/rascore_build/pocket/6quwA_2_pocket.pdb
6quwA	6quw	0	A	Y32in.3P-ON	Y71in.3P-R	Y32in	Y71in	P 1 21 1 (CF13)	6quwA3	3	GTPase KRas	RASK_HUMAN	P01116-2	G12D	G12	KRAS	3P	G12D	None	None	None	None	SP12-Unbound	P 1 21 1	170	1-167	2019-02-28	SP12	250.6920	0.0349	Unbound	Unbound	5,6,7,37,54,56,70,71,74,75	GCP,MG	None	None	None	None	None	None	None	None	None	None	GCP	MG	None	None	None	None	STP	XRAY	1.242	0.194	GMTEYKLVVVGADGVGKSALTIQLIQNHFVDEYDPTIEDSYRKQVVIDGETCLLDILDTAGQEEYSAMRDQYMRTGEGFLCVFAINNTKSFEDIHHYREQIKRVKDSEDVPMVLVGNKCDLPSRTVDTKQAQDLARSYGIPFIETSAKTRQGVDDAFYTLVREIRKHKEK	True	42.539	72.097	54.616	90.00	103.31	90.00	/Users/mitchellparker/Desktop/rascore_build/core/6quwA_core.cif	/Users/mitchellparker/Desktop/rascore_build/rcsb/6quw.cif.gz	/Users/mitchellparker/Desktop/rascore_build/renum/6quw_renum.cif	/Users/mitchellparker/Desktop/rascore_build/rcsb_assembly/6quw-assembly-1.cif.gz	/Users/mitchellparker/Desktop/rascore_build/renum_assembly/6quw-assembly-1_renum.cif	/Users/mitchellparker/Desktop/rascore_build/sifts/6quw.xml.gz	/Users/mitchellparker/Desktop/rascore_build/pocket/6quwA_3_pocket.pdb
6quwA	6quw	0	A	Y32in.3P-ON	Y71in.3P-R	Y32in	Y71in	P 1 21 1 (CF13)	6quwA4	4	GTPase KRas	RASK_HUMAN	P01116-2	G12D	G12	KRAS	3P	G12D	None	None	None	None	SP12-Unbound	P 1 21 1	170	1-167	2019-02-28	Other	255.3011	0.0028	Unbound	Unbound	23,24,42,43,44,53,149,153,157	GCP,MG	None	None	None	None	None	None	None	None	None	None	GCP	MG	None	None	None	None	STP	XRAY	1.242	0.194	GMTEYKLVVVGADGVGKSALTIQLIQNHFVDEYDPTIEDSYRKQVVIDGETCLLDILDTAGQEEYSAMRDQYMRTGEGFLCVFAINNTKSFEDIHHYREQIKRVKDSEDVPMVLVGNKCDLPSRTVDTKQAQDLARSYGIPFIETSAKTRQGVDDAFYTLVREIRKHKEK	True	42.539	72.097	54.616	90.00	103.31	90.00	/Users/mitchellparker/Desktop/rascore_build/core/6quwA_core.cif	/Users/mitchellparker/Desktop/rascore_build/rcsb/6quw.cif.gz	/Users/mitchellparker/Desktop/rascore_build/renum/6quw_renum.cif	/Users/mitchellparker/Desktop/rascore_build/rcsb_assembly/6quw-assembly-1.cif.gz	/Users/mitchellparker/Desktop/rascore_build/renum_assembly/6quw-assembly-1_renum.cif	/Users/mitchellparker/Desktop/rascore_build/sifts/6quw.xml.gz	/Users/mitchellparker/Desktop/rascore_build/pocket/6quwA_4_pocket.pdb
6quwB	6quw	0	B	Y32in.3P-ON	Y71in.3P-R	Y32in	Y71in	P 1 21 1 (CF13)	6quwB2	2	GTPase KRas	RASK_HUMAN	P01116-2	G12D	G12	KRAS	3P	G12D	SP12	SP12.Unclassified	None	None	SP12-Bound	P 1 21 1	170	1-167	2019-02-28	SP12	348.5582	0.0069	Bound	SP12	5,6,7,37,54,56,70,71,74,75	GCP,MG,JJQ	None	JJQ:37,56,54,74,39,7,75,5,6	None	None	SP12	SP12.Unclassified	JJQ:CC1(C)CC2(C)c3ccccc3NC2(C)N1	None	None	None	GCP	MG	JJQ	None	None	None	JJQ	XRAY	1.242	0.194	GMTEYKLVVVGADGVGKSALTIQLIQNHFVDEYDPTIEDSYRKQVVIDGETCLLDILDTAGQEEYSAMRDQYMRTGEGFLCVFAINNTKSFEDIHHYREQIKRVKDSEDVPMVLVGNKCDLPSRTVDTKQAQDLARSYGIPFIETSAKTRQGVDDAFYTLVREIRKHKEK	True	42.539	72.097	54.616	90.00	103.31	90.00	/Users/mitchellparker/Desktop/rascore_build/core/6quwB_core.cif	/Users/mitchellparker/Desktop/rascore_build/rcsb/6quw.cif.gz	/Users/mitchellparker/Desktop/rascore_build/renum/6quw_renum.cif	/Users/mitchellparker/Desktop/rascore_build/rcsb_assembly/6quw-assembly-1.cif.gz	/Users/mitchellparker/Desktop/rascore_build/renum_assembly/6quw-assembly-1_renum.cif	/Users/mitchellparker/Desktop/rascore_build/sifts/6quw.xml.gz	/Users/mitchellparker/Desktop/rascore_build/pocket/6quwB_2_pocket.pdb
6quxA	6qux	0	A	Y32in.3P-ON	Y71in.3P-R	Y32in	Y71in	P 1 21 1 (CF13)	6quxA2	2	GTPase KRas	RASK_HUMAN	P01116-2	G12D	G12	KRAS	3P	G12D	None	None	None	None	Multiple-Unbound	P 1 21 1	170	1-167	2019-02-28	SP12	306.4141	0.3804	Unbound	Unbound	5,6,7,39,40,41,54,55,56,71,74,75	GCP,MG	None	None	None	None	None	None	None	None	None	None	GCP	MG	None	None	None	None	STP	XRAY	1.620	0.205	GMTEYKLVVVGADGVGKSALTIQLIQNHFVDEYDPTIEDSYRKQVVIDGETCLLDILDTAGQEEYSAMRDQYMRTGEGFLCVFAINNTKSFEDIHHYREQIKRVKDSEDVPMVLVGNKCDLPSRTVDTKQAQDLARSYGIPFIETSAKTRQGVDDAFYTLVREIRKHKEK	True	42.761	72.728	54.858	90.00	103.69	90.00	/Users/mitchellparker/Desktop/rascore_build/core/6quxA_core.cif	/Users/mitchellparker/Desktop/rascore_build/rcsb/6qux.cif.gz	/Users/mitchellparker/Desktop/rascore_build/renum/6qux_renum.cif	/Users/mitchellparker/Desktop/rascore_build/rcsb_assembly/6qux-assembly-1.cif.gz	/Users/mitchellparker/Desktop/rascore_build/renum_assembly/6qux-assembly-1_renum.cif	/Users/mitchellparker/Desktop/rascore_build/sifts/6qux.xml.gz	/Users/mitchellparker/Desktop/rascore_build/pocket/6quxA_2_pocket.pdb
6quxA	6qux	0	A	Y32in.3P-ON	Y71in.3P-R	Y32in	Y71in	P 1 21 1 (CF13)	6quxA3	3	GTPase KRas	RASK_HUMAN	P01116-2	G12D	G12	KRAS	3P	G12D	None	None	None	None	Multiple-Unbound	P 1 21 1	170	1-167	2019-02-28	Other	324.5862	0.0006	Unbound	Unbound	17,21,29,31,33,34,35,36,38,40,57	GCP,MG	None	None	None	None	None	None	None	None	None	None	GCP	MG	None	None	None	None	STP	XRAY	1.620	0.205	GMTEYKLVVVGADGVGKSALTIQLIQNHFVDEYDPTIEDSYRKQVVIDGETCLLDILDTAGQEEYSAMRDQYMRTGEGFLCVFAINNTKSFEDIHHYREQIKRVKDSEDVPMVLVGNKCDLPSRTVDTKQAQDLARSYGIPFIETSAKTRQGVDDAFYTLVREIRKHKEK	True	42.761	72.728	54.858	90.00	103.69	90.00	/Users/mitchellparker/Desktop/rascore_build/core/6quxA_core.cif	/Users/mitchellparker/Desktop/rascore_build/rcsb/6qux.cif.gz	/Users/mitchellparker/Desktop/rascore_build/renum/6qux_renum.cif	/Users/mitchellparker/Desktop/rascore_build/rcsb_assembly/6qux-assembly-1.cif.gz	/Users/mitchellparker/Desktop/rascore_build/renum_assembly/6qux-assembly-1_renum.cif	/Users/mitchellparker/Desktop/rascore_build/sifts/6qux.xml.gz	/Users/mitchellparker/Desktop/rascore_build/pocket/6quxA_3_pocket.pdb
6quxA	6qux	0	A	Y32in.3P-ON	Y71in.3P-R	Y32in	Y71in	P 1 21 1 (CF13)	6quxA4	4	GTPase KRas	RASK_HUMAN	P01116-2	G12D	G12	KRAS	3P	G12D	None	None	None	None	Multiple-Unbound	P 1 21 1	170	1-167	2019-02-28	SP2	184.7135	0.0011	Unbound	Unbound	60,62,68,92,95,96	GCP,MG	None	None	None	None	None	None	None	None	None	None	GCP	MG	None	None	None	None	STP	XRAY	1.620	0.205	GMTEYKLVVVGADGVGKSALTIQLIQNHFVDEYDPTIEDSYRKQVVIDGETCLLDILDTAGQEEYSAMRDQYMRTGEGFLCVFAINNTKSFEDIHHYREQIKRVKDSEDVPMVLVGNKCDLPSRTVDTKQAQDLARSYGIPFIETSAKTRQGVDDAFYTLVREIRKHKEK	True	42.761	72.728	54.858	90.00	103.69	90.00	/Users/mitchellparker/Desktop/rascore_build/core/6quxA_core.cif	/Users/mitchellparker/Desktop/rascore_build/rcsb/6qux.cif.gz	/Users/mitchellparker/Desktop/rascore_build/renum/6qux_renum.cif	/Users/mitchellparker/Desktop/rascore_build/rcsb_assembly/6qux-assembly-1.cif.gz	/Users/mitchellparker/Desktop/rascore_build/renum_assembly/6qux-assembly-1_renum.cif	/Users/mitchellparker/Desktop/rascore_build/sifts/6qux.xml.gz	/Users/mitchellparker/Desktop/rascore_build/pocket/6quxA_4_pocket.pdb
6quxA	6qux	0	A	Y32in.3P-ON	Y71in.3P-R	Y32in	Y71in	P 1 21 1 (CF13)	6quxA5	5	GTPase KRas	RASK_HUMAN	P01116-2	G12D	G12	KRAS	3P	G12D	None	None	None	None	Multiple-Unbound	P 1 21 1	170	1-167	2019-02-28	Other	133.9488	0.0001	Unbound	Unbound	97,107,108,109,111,137,138,139,162,166	GCP,MG	None	None	None	None	None	None	None	None	None	None	GCP	MG	None	None	None	None	STP	XRAY	1.620	0.205	GMTEYKLVVVGADGVGKSALTIQLIQNHFVDEYDPTIEDSYRKQVVIDGETCLLDILDTAGQEEYSAMRDQYMRTGEGFLCVFAINNTKSFEDIHHYREQIKRVKDSEDVPMVLVGNKCDLPSRTVDTKQAQDLARSYGIPFIETSAKTRQGVDDAFYTLVREIRKHKEK	True	42.761	72.728	54.858	90.00	103.69	90.00	/Users/mitchellparker/Desktop/rascore_build/core/6quxA_core.cif	/Users/mitchellparker/Desktop/rascore_build/rcsb/6qux.cif.gz	/Users/mitchellparker/Desktop/rascore_build/renum/6qux_renum.cif	/Users/mitchellparker/Desktop/rascore_build/rcsb_assembly/6qux-assembly-1.cif.gz	/Users/mitchellparker/Desktop/rascore_build/renum_assembly/6qux-assembly-1_renum.cif	/Users/mitchellparker/Desktop/rascore_build/sifts/6qux.xml.gz	/Users/mitchellparker/Desktop/rascore_build/pocket/6quxA_5_pocket.pdb
6quxA	6qux	0	A	Y32in.3P-ON	Y71in.3P-R	Y32in	Y71in	P 1 21 1 (CF13)	6quxA6	6	GTPase KRas	RASK_HUMAN	P01116-2	G12D	G12	KRAS	3P	G12D	None	None	None	None	Multiple-Unbound	P 1 21 1	170	1-167	2019-02-28	Other	201.0386	0.0004	Unbound	Unbound	90,129,132,133,136	GCP,MG	None	None	None	None	None	None	None	None	None	None	GCP	MG	None	None	None	None	STP	XRAY	1.620	0.205	GMTEYKLVVVGADGVGKSALTIQLIQNHFVDEYDPTIEDSYRKQVVIDGETCLLDILDTAGQEEYSAMRDQYMRTGEGFLCVFAINNTKSFEDIHHYREQIKRVKDSEDVPMVLVGNKCDLPSRTVDTKQAQDLARSYGIPFIETSAKTRQGVDDAFYTLVREIRKHKEK	True	42.761	72.728	54.858	90.00	103.69	90.00	/Users/mitchellparker/Desktop/rascore_build/core/6quxA_core.cif	/Users/mitchellparker/Desktop/rascore_build/rcsb/6qux.cif.gz	/Users/mitchellparker/Desktop/rascore_build/renum/6qux_renum.cif	/Users/mitchellparker/Desktop/rascore_build/rcsb_assembly/6qux-assembly-1.cif.gz	/Users/mitchellparker/Desktop/rascore_build/renum_assembly/6qux-assembly-1_renum.cif	/Users/mitchellparker/Desktop/rascore_build/sifts/6qux.xml.gz	/Users/mitchellparker/Desktop/rascore_build/pocket/6quxA_6_pocket.pdb
6quxA	6qux	0	A	Y32in.3P-ON	Y71in.3P-R	Y32in	Y71in	P 1 21 1 (CF13)	6quxA7	7	GTPase KRas	RASK_HUMAN	P01116-2	G12D	G12	KRAS	3P	G12D	None	None	None	None	Multiple-Unbound	P 1 21 1	170	1-167	2019-02-28	Other	292.1779	0.0070	Unbound	Unbound	23,24,42,43,44,53,149,153,157	GCP,MG	None	None	None	None	None	None	None	None	None	None	GCP	MG	None	None	None	None	STP	XRAY	1.620	0.205	GMTEYKLVVVGADGVGKSALTIQLIQNHFVDEYDPTIEDSYRKQVVIDGETCLLDILDTAGQEEYSAMRDQYMRTGEGFLCVFAINNTKSFEDIHHYREQIKRVKDSEDVPMVLVGNKCDLPSRTVDTKQAQDLARSYGIPFIETSAKTRQGVDDAFYTLVREIRKHKEK	True	42.761	72.728	54.858	90.00	103.69	90.00	/Users/mitchellparker/Desktop/rascore_build/core/6quxA_core.cif	/Users/mitchellparker/Desktop/rascore_build/rcsb/6qux.cif.gz	/Users/mitchellparker/Desktop/rascore_build/renum/6qux_renum.cif	/Users/mitchellparker/Desktop/rascore_build/rcsb_assembly/6qux-assembly-1.cif.gz	/Users/mitchellparker/Desktop/rascore_build/renum_assembly/6qux-assembly-1_renum.cif	/Users/mitchellparker/Desktop/rascore_build/sifts/6qux.xml.gz	/Users/mitchellparker/Desktop/rascore_build/pocket/6quxA_7_pocket.pdb
6quxB	6qux	0	B	Y32in.3P-ON	Y71in.3P-R	Y32in	Y71in	P 1 21 1 (CF13)	6quxB2	2	GTPase KRas	RASK_HUMAN	P01116-2	G12D	G12	KRAS	3P	G12D	SP12	SP12.Unclassified	None	None	SP12-Bound	P 1 21 1	170	1-167	2019-02-28	SP12	179.9329	0.0043	Bound	SP12	5,6,7,54,56,71,74,75	EDO,EDO,GCP,MG,JJN	None	JJN:56,54,74,39,6,5,7,75	None	None	SP12	SP12.Unclassified	JJN:CN1CCC(C)(C23NC(=O)c4ccccc4C2c2ccccc2N3)CC1	None	None	None	GCP	MG	JJN	EDO	None	None	JJN	XRAY	1.620	0.205	GMTEYKLVVVGADGVGKSALTIQLIQNHFVDEYDPTIEDSYRKQVVIDGETCLLDILDTAGQEEYSAMRDQYMRTGEGFLCVFAINNTKSFEDIHHYREQIKRVKDSEDVPMVLVGNKCDLPSRTVDTKQAQDLARSYGIPFIETSAKTRQGVDDAFYTLVREIRKHKEK	True	42.761	72.728	54.858	90.00	103.69	90.00	/Users/mitchellparker/Desktop/rascore_build/core/6quxB_core.cif	/Users/mitchellparker/Desktop/rascore_build/rcsb/6qux.cif.gz	/Users/mitchellparker/Desktop/rascore_build/renum/6qux_renum.cif	/Users/mitchellparker/Desktop/rascore_build/rcsb_assembly/6qux-assembly-1.cif.gz	/Users/mitchellparker/Desktop/rascore_build/renum_assembly/6qux-assembly-1_renum.cif	/Users/mitchellparker/Desktop/rascore_build/sifts/6qux.xml.gz	/Users/mitchellparker/Desktop/rascore_build/pocket/6quxB_2_pocket.pdb
6quxB	6qux	0	B	Y32in.3P-ON	Y71in.3P-R	Y32in	Y71in	P 1 21 1 (CF13)	6quxB3	3	GTPase KRas	RASK_HUMAN	P01116-2	G12D	G12	KRAS	3P	G12D	SP12	SP12.Unclassified	None	None	SP12-Bound	P 1 21 1	170	1-167	2019-02-28	SP12	298.8844	0.0039	Bound	SP12	37,56,67,70,71,74	EDO,EDO,GCP,MG,JJN	None	JJN:56,54,74,39,6,5,7,75	None	None	SP12	SP12.Unclassified	JJN:CN1CCC(C)(C23NC(=O)c4ccccc4C2c2ccccc2N3)CC1	None	None	None	GCP	MG	JJN	EDO	None	None	JJN	XRAY	1.620	0.205	GMTEYKLVVVGADGVGKSALTIQLIQNHFVDEYDPTIEDSYRKQVVIDGETCLLDILDTAGQEEYSAMRDQYMRTGEGFLCVFAINNTKSFEDIHHYREQIKRVKDSEDVPMVLVGNKCDLPSRTVDTKQAQDLARSYGIPFIETSAKTRQGVDDAFYTLVREIRKHKEK	True	42.761	72.728	54.858	90.00	103.69	90.00	/Users/mitchellparker/Desktop/rascore_build/core/6quxB_core.cif	/Users/mitchellparker/Desktop/rascore_build/rcsb/6qux.cif.gz	/Users/mitchellparker/Desktop/rascore_build/renum/6qux_renum.cif	/Users/mitchellparker/Desktop/rascore_build/rcsb_assembly/6qux-assembly-1.cif.gz	/Users/mitchellparker/Desktop/rascore_build/renum_assembly/6qux-assembly-1_renum.cif	/Users/mitchellparker/Desktop/rascore_build/sifts/6qux.xml.gz	/Users/mitchellparker/Desktop/rascore_build/pocket/6quxB_3_pocket.pdb
6t5bA	6t5b	0	A	Y32out.2P-OFF	Outlier	Y32out	Y71out	P 1 (CF5)	6t5bA1	1	GTPase KRas	RASK_HUMAN	P01116-2	G12C,C51S,C80L,C118S,V160I	G12,C51,C80,C118,V160	KRAS	2P	G12C	SP2	SP2.Acrylamide	None	None	SP2-Bound	P 1	170	1-169	2019-10-15	SP2	837.5329	0.8674	Bound	SP2	9,10,11,12,16,34,58,59,60,61,62,63,64,65,68,69,72,78,86,88,89,92,96,99,100,103	MG,GDP,O7K,SO4	None	O7K:12,34,60,16,59,68,61,63,95,64,96,10,58,69,99,103,72,100,9,62	None	None	SP2	SP2.Acrylamide	O7K:CCC(=O)N1CC2C(=O)N(C)c3cnc4c(F)c(-c5c(O)cccc5F)c(Cl)cc4c3N2CC1C	None	None	None	GDP	MG	O7K	None	None	None	O7K	XRAY	1.370	0.186	GMTEYKLVVVGACGVGKSALTIQLIQNHFVDEYDPTIEDSYRKQVVIDGETSLLDILDTAGQEEYSAMRDQYMRTGEGFLLVFAINNTKSFEDIHHYREQIKRVKDSEDVPMVLVGNKSDLPSRTVDTKQAQDLARSYGIPFIETSAKTRQGVDDAFYTLIREIRKHKEK	True	32.973	36.569	37.129	65.490	74.170	77.610	/Users/mitchellparker/Desktop/rascore_build/core/6t5bA_core.cif	/Users/mitchellparker/Desktop/rascore_build/rcsb/6t5b.cif.gz	/Users/mitchellparker/Desktop/rascore_build/renum/6t5b_renum.cif	/Users/mitchellparker/Desktop/rascore_build/rcsb_assembly/6t5b-assembly-1.cif.gz	/Users/mitchellparker/Desktop/rascore_build/renum_assembly/6t5b-assembly-1_renum.cif	/Users/mitchellparker/Desktop/rascore_build/sifts/6t5b.xml.gz	/Users/mitchellparker/Desktop/rascore_build/pocket/6t5bA_1_pocket.pdb
6t5uB	6t5u	0	B	Outlier	Y71out.2P-SP2-A	Y32out	Y71out	P 1 (CF6)	6t5uB1	1	GTPase KRas	RASK_HUMAN	P01116-2	G12C,C51S,C80L,C118S	G12,C51,C80,C118	KRAS	2P	G12C	SP2	SP2.Acrylamide	None	None	SP2-Bound	P 1	168	1-166	2019-10-17	SP2	860.3108	0.9617	Bound	SP2	9,10,11,12,16,58,59,60,61,62,63,64,68,69,72,86,88,89,92,95,96,99,100,102,103	MG,GDP,MKW	None	MKW:60,12,34,59,16,10,58,68,64,96,62,95,61,72,99,69,102,63,65	None	None	SP2	SP2.Acrylamide	MKW:CCC(=O)N1CCN2c3c(cnc4cc(-c5c(C)ccc6n[nH]cc56)c(Cl)cc34)OCC2C1	None	None	None	GDP	MG	MKW	None	None	None	MKW	XRAY	1.720	0.240	GMTEYKLVVVGACGVGKSALTIQLIQNHFVDEYDPTIEDSYRKQVVIDGETSLLDILDTAGQEEYSAMRDQYMRTGEGFLLVFAINNTKSFEDIHHYREQIKRVKDSEDVPMVLVGNKSDLPSRTVDTKQAQDLARSYGIPFIETSAKTRQGVDDAFYTLVREIRKHK	True	33.597	41.084	65.192	78.470	85.590	68.140	/Users/mitchellparker/Desktop/rascore_build/core/6t5uB_core.cif	/Users/mitchellparker/Desktop/rascore_build/rcsb/6t5u.cif.gz	/Users/mitchellparker/Desktop/rascore_build/renum/6t5u_renum.cif	/Users/mitchellparker/Desktop/rascore_build/rcsb_assembly/6t5u-assembly-1.cif.gz	/Users/mitchellparker/Desktop/rascore_build/renum_assembly/6t5u-assembly-1_renum.cif	/Users/mitchellparker/Desktop/rascore_build/sifts/6t5u.xml.gz	/Users/mitchellparker/Desktop/rascore_build/pocket/6t5uB_1_pocket.pdb
6t5vA	6t5v	0	A	Y32out.2P-OFF	Y71out.2P-SP2-A	Y32out	Y71out	P 21 21 21 (CF14)	6t5vA1	1	GTPase KRas	RASK_HUMAN	P01116-2	G12C,C51S,C80L,C118S	G12,C51,C80,C118	KRAS	2P	G12C	SP2	SP2.Acrylamide	None	None	SP2-Bound	P 21 21 21	169	1-169	2019-10-17	SP2	903.5478	0.8359	Bound	SP2	9,10,12,16,37,58,59,60,61,62,63,64,65,68,69,72,95,96,99,100,102,103	MG,GDP,MKZ	None	MKZ:34,60,12,59,16,10,95,96,99,72,9,100,103,64,62,61,58,68,69,102	None	None	SP2	SP2.Acrylamide	MKZ:CCC(=O)N1CCN(c2ncnc3cc(-c4c(C)ccc5[nH]ncc45)c(Cl)cc23)CC1	None	None	None	GDP	MG	MKZ	None	None	None	MKZ	XRAY	1.310	0.178	MTEYKLVVVGACGVGKSALTIQLIQNHFVDEYDPTIEDSYRKQVVIDGETSLLDILDTAGQEEYSAMRDQYMRTGEGFLLVFAINNTKSFEDIHHYREQIKRVKDSEDVPMVLVGNKSDLPSRTVDTKQAQDLARSYGIPFIETSAKTRQGVDDAFYTLVREIRKHKEK	True	40.421	51.135	90.186	90.000	90.000	90.000	/Users/mitchellparker/Desktop/rascore_build/core/6t5vA_core.cif	/Users/mitchellparker/Desktop/rascore_build/rcsb/6t5v.cif.gz	/Users/mitchellparker/Desktop/rascore_build/renum/6t5v_renum.cif	/Users/mitchellparker/Desktop/rascore_build/rcsb_assembly/6t5v-assembly-1.cif.gz	/Users/mitchellparker/Desktop/rascore_build/renum_assembly/6t5v-assembly-1_renum.cif	/Users/mitchellparker/Desktop/rascore_build/sifts/6t5v.xml.gz	/Users/mitchellparker/Desktop/rascore_build/pocket/6t5vA_1_pocket.pdb
6tamA	6tam	0	A	Y32out.2P-OFF	Outlier	Y32out	Y71out	P 21 21 21 (CF20)	6tamA1	1	GTPase KRas	RASK_HUMAN	P01116-2	G12C,C51S,C80L,C118S	G12,C51,C80,C118	KRAS	2P	G12C	SP2	SP2.Acrylamide	None	None	SP2-Bound	P 21 21 21	170	1-169	2019-10-30	SP2	487.6529	0.9858	Bound	SP2	9,10,12,16,34,58,59,60,61,62,65,68,69,72,78,96,99,100,103	GDP,MG,MZQ	None	MZQ:96,58,10,62,61,59,60,12,16,34,72,99,100,103,13,9,68	None	None	SP2	SP2.Acrylamide	MZQ:CCC(=O)N1CCC(C2=NC(=O)c3cc(-c4ccc(F)cc4F)ccc3C2)C1	None	None	None	GDP	MG	MZQ	None	None	None	MZQ	XRAY	1.640	0.175	GMTEYKLVVVGACGVGKSALTIQLIQNHFVDEYDPTIEDSYRKQVVIDGETSLLDILDTAGQEEYSAMRDQYMRTGEGFLLVFAINNTKSFEDIHHYREQIKRVKDSEDVPMVLVGNKSDLPSRTVDTKQAQDLARSYGIPFIETSAKTRQGVDDAFYTLVREIRKHKEK	True	41.144	58.522	66.141	90.00	90.00	90.00	/Users/mitchellparker/Desktop/rascore_build/core/6tamA_core.cif	/Users/mitchellparker/Desktop/rascore_build/rcsb/6tam.cif.gz	/Users/mitchellparker/Desktop/rascore_build/renum/6tam_renum.cif	/Users/mitchellparker/Desktop/rascore_build/rcsb_assembly/6tam-assembly-1.cif.gz	/Users/mitchellparker/Desktop/rascore_build/renum_assembly/6tam-assembly-1_renum.cif	/Users/mitchellparker/Desktop/rascore_build/sifts/6tam.xml.gz	/Users/mitchellparker/Desktop/rascore_build/pocket/6tamA_1_pocket.pdb
6tanA	6tan	0	A	Y32out.2P-OFF	Outlier	Y32out	Y71out	P 21 21 21 (CF20)	6tanA1	1	GTPase KRas	RASK_HUMAN	P01116-2	G12C,C51S,C80L,C118S	G12,C51,C80,C118	KRAS	2P	G12C	SP2	SP2.Acrylamide	None	None	SP2-Bound	P 21 21 21	170	1-169	2019-10-30	SP2	542.1868	0.9519	Bound	SP2	9,10,12,16,34,58,59,60,62,64,65,68,69,72,96,99,100,103	GDP,MG,MZN	None	MZN:99,68,96,10,58,62,16,59,61,12,13,34,72,103,60,9,100	None	None	SP2	SP2.Acrylamide	MZN:CCC(=O)N1CCC(C2=NC(=O)c3cc(-c4c(O)cccc4F)ncc3C2)C1	None	None	None	GDP	MG	MZN	None	None	None	MZN	XRAY	1.160	0.141	GMTEYKLVVVGACGVGKSALTIQLIQNHFVDEYDPTIEDSYRKQVVIDGETSLLDILDTAGQEEYSAMRDQYMRTGEGFLLVFAINNTKSFEDIHHYREQIKRVKDSEDVPMVLVGNKSDLPSRTVDTKQAQDLARSYGIPFIETSAKTRQGVDDAFYTLVREIRKHKEK	True	41.260	58.747	65.634	90.000	90.000	90.000	/Users/mitchellparker/Desktop/rascore_build/core/6tanA_core.cif	/Users/mitchellparker/Desktop/rascore_build/rcsb/6tan.cif.gz	/Users/mitchellparker/Desktop/rascore_build/renum/6tan_renum.cif	/Users/mitchellparker/Desktop/rascore_build/rcsb_assembly/6tan-assembly-1.cif.gz	/Users/mitchellparker/Desktop/rascore_build/renum_assembly/6tan-assembly-1_renum.cif	/Users/mitchellparker/Desktop/rascore_build/sifts/6tan.xml.gz	/Users/mitchellparker/Desktop/rascore_build/pocket/6tanA_1_pocket.pdb
6usxA	6usx	0	A	Y32out.2P-OFF	Y71out.2P-SP2-A	Y32out	Y71out	C 2 2 2 (CF1)	6usxA1	1	GTPase KRas	RASK_HUMAN	P01116-2	G12C,C51S,C80L,C118S	G12,C51,C80,C118	KRAS	2P	G12C	SP2	SP2.Acrylamide	None	None	SP2-Bound	C 2 2 2	170	1-167	2019-10-28	SP2	796.5812	0.9442	Bound	SP2	9,10,12,16,34,58,59,60,61,62,63,64,68,69,72,78,92,95,96,99,100,102,103	GDP,MG,M1R	None	M1R:96,62,16,10,60,12,95,64,68,72,99,63,69,102,103,59,100,34,58,92	None	None	SP2	SP2.Acrylamide	M1R:CCC(=O)N1CCN(c2nc(OCC3CCCN3C)nc3c2CCN(c2cccc4ccccc24)C3)CC1	None	None	None	GDP	MG	M1R	None	None	None	M1R	XRAY	2.270	0.191	GMTEYKLVVVGACGVGKSALTIQLIQNHFVDEYDPTIEDSYRKQVVIDGETSLLDILDTAGQEEYSAMRDQYMRTGEGFLLVFAINNTKSFEDIHHYREQIKRVKDSEDVPMVLVGNKSDLPSRTVDTKQAQDLARSYGIPFIETSAKTRQGVDDAFYTLVREIRKHKEK	True	88.570	156.490	62.980	90.000	90.000	90.000	/Users/mitchellparker/Desktop/rascore_build/core/6usxA_core.cif	/Users/mitchellparker/Desktop/rascore_build/rcsb/6usx.cif.gz	/Users/mitchellparker/Desktop/rascore_build/renum/6usx_renum.cif	/Users/mitchellparker/Desktop/rascore_build/rcsb_assembly/6usx-assembly-2.cif.gz	/Users/mitchellparker/Desktop/rascore_build/renum_assembly/6usx-assembly-2_renum.cif	/Users/mitchellparker/Desktop/rascore_build/sifts/6usx.xml.gz	/Users/mitchellparker/Desktop/rascore_build/pocket/6usxA_1_pocket.pdb
6usxB	6usx	0	B	Y32out.2P-OFF	Y71out.2P-SP2-A	Y32out	Y71out	C 2 2 2 (CF1)	6usxB1	1	GTPase KRas	RASK_HUMAN	P01116-2	G12C,C51S,C80L,C118S	G12,C51,C80,C118	KRAS	2P	G12C	SP2	SP2.Acrylamide	None	None	SP2-Bound	C 2 2 2	170	1-168	2019-10-28	SP2	894.3775	0.9560	Bound	SP2	9,10,11,12,16,34,58,59,60,61,62,63,64,68,69,72,78,92,95,96,99,100,102,103	GDP,MG,M1R	None	M1R:64,62,96,59,10,12,60,95,68,72,61,63,69,103,99,100,16,34,92	None	None	SP2	SP2.Acrylamide	M1R:CCC(=O)N1CCN(c2nc(OCC3CCCN3C)nc3c2CCN(c2cccc4ccccc24)C3)CC1	None	None	None	GDP	MG	M1R	None	None	None	M1R	XRAY	2.270	0.191	GMTEYKLVVVGACGVGKSALTIQLIQNHFVDEYDPTIEDSYRKQVVIDGETSLLDILDTAGQEEYSAMRDQYMRTGEGFLLVFAINNTKSFEDIHHYREQIKRVKDSEDVPMVLVGNKSDLPSRTVDTKQAQDLARSYGIPFIETSAKTRQGVDDAFYTLVREIRKHKEK	True	88.570	156.490	62.980	90.000	90.000	90.000	/Users/mitchellparker/Desktop/rascore_build/core/6usxB_core.cif	/Users/mitchellparker/Desktop/rascore_build/rcsb/6usx.cif.gz	/Users/mitchellparker/Desktop/rascore_build/renum/6usx_renum.cif	/Users/mitchellparker/Desktop/rascore_build/rcsb_assembly/6usx-assembly-2.cif.gz	/Users/mitchellparker/Desktop/rascore_build/renum_assembly/6usx-assembly-2_renum.cif	/Users/mitchellparker/Desktop/rascore_build/sifts/6usx.xml.gz	/Users/mitchellparker/Desktop/rascore_build/pocket/6usxB_1_pocket.pdb
6uszA	6usz	0	A	Y32out.2P-OFF	Y71out.2P-SP2-A	Y32out	Y71out	P 21 21 21 (CF14)	6uszA1	1	GTPase KRas	RASK_HUMAN	P01116-2	G12C,C51S,C80L,C118S	G12,C51,C80,C118	KRAS	2P	G12C	SP2	SP2.Acrylamide	None	None	SP2-Bound	P 21 21 21	170	1-169	2019-10-28	SP2	865.2876	0.9339	Bound	SP2	9,10,12,16,34,58,59,60,61,62,63,64,68,69,72,78,88,92,95,96,99,100,102,103	GDP,MG,QH4	None	QH4:96,10,62,60,12,59,58,95,64,68,63,61,92,69,102,103,72,99,100,16,34,9	None	None	SP2	SP2.Acrylamide	QH4:CCC(=O)N1CCN(c2nc(OCC3CCCN3C)nc3c2CCN(c2cccc4ccccc24)C3)CC1CC#N	None	None	None	GDP	MG	QH4	None	None	None	QH4	XRAY	2.030	0.136	GMTEYKLVVVGACGVGKSALTIQLIQNHFVDEYDPTIEDSYRKQVVIDGETSLLDILDTAGQEEYSAMRDQYMRTGEGFLLVFAINNTKSFEDIHHYREQIKRVKDSEDVPMVLVGNKSDLPSRTVDTKQAQDLARSYGIPFIETSAKTRQGVDDAFYTLVREIRKHKEK	True	39.769	50.900	89.649	90.000	90.000	90.000	/Users/mitchellparker/Desktop/rascore_build/core/6uszA_core.cif	/Users/mitchellparker/Desktop/rascore_build/rcsb/6usz.cif.gz	/Users/mitchellparker/Desktop/rascore_build/renum/6usz_renum.cif	/Users/mitchellparker/Desktop/rascore_build/rcsb_assembly/6usz-assembly-1.cif.gz	/Users/mitchellparker/Desktop/rascore_build/renum_assembly/6usz-assembly-1_renum.cif	/Users/mitchellparker/Desktop/rascore_build/sifts/6usz.xml.gz	/Users/mitchellparker/Desktop/rascore_build/pocket/6uszA_1_pocket.pdb
6ut0A	6ut0	0	A	Y32out.2P-OFF	Y71out.2P-SP2-A	Y32out	Y71out	P 1 21 1 (CF14)	6ut0A1	1	GTPase KRas	RASK_HUMAN	P01116-2	G12C,C51S,C80L,C118S	G12,C51,C80,C118	KRAS	2P	G12C	SP2	SP2.Acrylamide	None	None	SP2-Bound	P 1 21 1	170	1-169	2019-10-29	SP2	807.5825	0.9355	Bound	SP2	9,10,12,16,34,58,59,60,61,62,63,64,68,69,72,78,92,95,96,99,100,102,103	GDP,MG,M1X	None	M1X:96,62,12,60,59,95,64,63,68,102,69,61,34,16,58,103,72,99,100,92,10,9	None	None	SP2	SP2.Acrylamide	M1X:CC(F)C(=O)N1CCN(c2nc(OCC3CCCN3C)nc3c2CCN(c2cccc4cccc(Cl)c24)C3)CC1CC#N	None	None	None	GDP	MG	M1X	None	None	None	M1X	XRAY	1.940	0.177	GMTEYKLVVVGACGVGKSALTIQLIQNHFVDEYDPTIEDSYRKQVVIDGETSLLDILDTAGQEEYSAMRDQYMRTGEGFLLVFAINNTKSFEDIHHYREQIKRVKDSEDVPMVLVGNKSDLPSRTVDTKQAQDLARSYGIPFIETSAKTRQGVDDAFYTLVREIRKHKEK	True	74.918	61.800	76.050	90.000	111.370	90.000	/Users/mitchellparker/Desktop/rascore_build/core/6ut0A_core.cif	/Users/mitchellparker/Desktop/rascore_build/rcsb/6ut0.cif.gz	/Users/mitchellparker/Desktop/rascore_build/renum/6ut0_renum.cif	/Users/mitchellparker/Desktop/rascore_build/rcsb_assembly/6ut0-assembly-4.cif.gz	/Users/mitchellparker/Desktop/rascore_build/renum_assembly/6ut0-assembly-4_renum.cif	/Users/mitchellparker/Desktop/rascore_build/sifts/6ut0.xml.gz	/Users/mitchellparker/Desktop/rascore_build/pocket/6ut0A_1_pocket.pdb
6ut0B	6ut0	0	B	Y32out.2P-OFF	Y71out.2P-SP2-A	Y32out	Y71out	P 1 21 1 (CF14)	6ut0B1	1	GTPase KRas	RASK_HUMAN	P01116-2	G12C,C51S,C80L,C118S	G12,C51,C80,C118	KRAS	2P	G12C	SP2	SP2.Acrylamide	None	None	SP2-Bound	P 1 21 1	170	1-167	2019-10-29	SP2	657.3982	0.9624	Bound	SP2	9,10,12,16,34,58,59,60,62,63,64,68,69,72,78,95,96,99,100,102,103	GDP,MG,M1X	None	M1X:96,62,12,60,59,95,64,68,69,63,102,34,58,16,103,72,99,100,92,10,9	None	None	SP2	SP2.Acrylamide	M1X:CC(F)C(=O)N1CCN(c2nc(OCC3CCCN3C)nc3c2CCN(c2cccc4cccc(Cl)c24)C3)CC1CC#N	None	None	None	GDP	MG	M1X	None	None	None	M1X	XRAY	1.940	0.177	GMTEYKLVVVGACGVGKSALTIQLIQNHFVDEYDPTIEDSYRKQVVIDGETSLLDILDTAGQEEYSAMRDQYMRTGEGFLLVFAINNTKSFEDIHHYREQIKRVKDSEDVPMVLVGNKSDLPSRTVDTKQAQDLARSYGIPFIETSAKTRQGVDDAFYTLVREIRKHKEK	True	74.918	61.800	76.050	90.000	111.370	90.000	/Users/mitchellparker/Desktop/rascore_build/core/6ut0B_core.cif	/Users/mitchellparker/Desktop/rascore_build/rcsb/6ut0.cif.gz	/Users/mitchellparker/Desktop/rascore_build/renum/6ut0_renum.cif	/Users/mitchellparker/Desktop/rascore_build/rcsb_assembly/6ut0-assembly-4.cif.gz	/Users/mitchellparker/Desktop/rascore_build/renum_assembly/6ut0-assembly-4_renum.cif	/Users/mitchellparker/Desktop/rascore_build/sifts/6ut0.xml.gz	/Users/mitchellparker/Desktop/rascore_build/pocket/6ut0B_1_pocket.pdb
6ut0C	6ut0	0	C	Y32out.2P-OFF	Y71out.2P-SP2-A	Y32out	Y71out	P 1 21 1 (CF14)	6ut0C1	1	GTPase KRas	RASK_HUMAN	P01116-2	G12C,C51S,C80L,C118S	G12,C51,C80,C118	KRAS	2P	G12C	SP2	SP2.Acrylamide	None	None	SP2-Bound	P 1 21 1	170	1-169	2019-10-29	SP2	674.8158	0.9536	Bound	SP2	9,10,12,16,34,58,59,60,61,62,63,64,68,69,72,78,95,96,99,100,102,103	GDP,MG,M1X	None	M1X:62,96,60,12,59,95,64,63,68,69,102,34,61,58,16,103,72,99,100,92,10,9	None	None	SP2	SP2.Acrylamide	M1X:CC(F)C(=O)N1CCN(c2nc(OCC3CCCN3C)nc3c2CCN(c2cccc4cccc(Cl)c24)C3)CC1CC#N	None	None	None	GDP	MG	M1X	None	None	None	M1X	XRAY	1.940	0.177	GMTEYKLVVVGACGVGKSALTIQLIQNHFVDEYDPTIEDSYRKQVVIDGETSLLDILDTAGQEEYSAMRDQYMRTGEGFLLVFAINNTKSFEDIHHYREQIKRVKDSEDVPMVLVGNKSDLPSRTVDTKQAQDLARSYGIPFIETSAKTRQGVDDAFYTLVREIRKHKEK	True	74.918	61.800	76.050	90.000	111.370	90.000	/Users/mitchellparker/Desktop/rascore_build/core/6ut0C_core.cif	/Users/mitchellparker/Desktop/rascore_build/rcsb/6ut0.cif.gz	/Users/mitchellparker/Desktop/rascore_build/renum/6ut0_renum.cif	/Users/mitchellparker/Desktop/rascore_build/rcsb_assembly/6ut0-assembly-4.cif.gz	/Users/mitchellparker/Desktop/rascore_build/renum_assembly/6ut0-assembly-4_renum.cif	/Users/mitchellparker/Desktop/rascore_build/sifts/6ut0.xml.gz	/Users/mitchellparker/Desktop/rascore_build/pocket/6ut0C_1_pocket.pdb
6ut0D	6ut0	0	D	Y32out.2P-OFF	Y71out.2P-SP2-A	Y32out	Y71out	P 1 21 1 (CF14)	6ut0D1	1	GTPase KRas	RASK_HUMAN	P01116-2	G12C,C51S,C80L,C118S	G12,C51,C80,C118	KRAS	2P	G12C	SP2	SP2.Acrylamide	None	None	SP2-Bound	P 1 21 1	170	1-169	2019-10-29	SP2	879.8231	0.9824	Bound	SP2	9,10,11,12,16,34,58,59,60,61,62,63,64,68,69,72,78,86,88,89,92,96,99,100,102,103	GDP,MG,M1X	None	M1X:62,96,60,12,59,95,64,63,68,102,69,61,34,16,72,103,99,100,92,10,9,58	None	None	SP2	SP2.Acrylamide	M1X:CC(F)C(=O)N1CCN(c2nc(OCC3CCCN3C)nc3c2CCN(c2cccc4cccc(Cl)c24)C3)CC1CC#N	None	None	None	GDP	MG	M1X	None	None	None	M1X	XRAY	1.940	0.177	GMTEYKLVVVGACGVGKSALTIQLIQNHFVDEYDPTIEDSYRKQVVIDGETSLLDILDTAGQEEYSAMRDQYMRTGEGFLLVFAINNTKSFEDIHHYREQIKRVKDSEDVPMVLVGNKSDLPSRTVDTKQAQDLARSYGIPFIETSAKTRQGVDDAFYTLVREIRKHKEK	True	74.918	61.800	76.050	90.000	111.370	90.000	/Users/mitchellparker/Desktop/rascore_build/core/6ut0D_core.cif	/Users/mitchellparker/Desktop/rascore_build/rcsb/6ut0.cif.gz	/Users/mitchellparker/Desktop/rascore_build/renum/6ut0_renum.cif	/Users/mitchellparker/Desktop/rascore_build/rcsb_assembly/6ut0-assembly-4.cif.gz	/Users/mitchellparker/Desktop/rascore_build/renum_assembly/6ut0-assembly-4_renum.cif	/Users/mitchellparker/Desktop/rascore_build/sifts/6ut0.xml.gz	/Users/mitchellparker/Desktop/rascore_build/pocket/6ut0D_1_pocket.pdb
6v5lA	6v5l	0	A	Y32out.2P-OFF	Outlier	Y32out	Y71in	None	6v5lA1	1	GTPase KRas	RASK_HUMAN	P01116-2	WT	WT	KRAS	2P	WT	SP12	SP12.Indole	None	None	SP12-Bound	None	169	1-169	2019-12-04	SP12	207.0229	0.2222	Bound	SP12	5,6,7,39,54,56,71,74,75	GDP,MG,QPD	None	QPD:5,7,39,56,67,70,54,71,55,6,37	None	None	SP12	SP12.Indole	QPD:NC(=O)C(NNC(=O)c1c[nH]c2ccccc12)c1ccccc1	None	None	None	GDP	MG	QPD	None	None	None	QPD	NMR	None	None	MTEYKLVVVGAGGVGKSALTIQLIQNHFVDEYDPTIEDSYRKQVVIDGETCLLDILDTAGQEEYSAMRDQYMRTGEGFLCVFAINNTKSFEDIHHYREQIKRVKDSEDVPMVLVGNKCDLPSRTVDTKQAQDLARSYGIPFIETSAKTRQGVDDAFYTLVREIRKHKEK	True	999.0	999.0	999.0	999.0	999.0	999.0	/Users/mitchellparker/Desktop/rascore_build/core/6v5lA_core.cif	/Users/mitchellparker/Desktop/rascore_build/rcsb/6v5l.cif.gz	/Users/mitchellparker/Desktop/rascore_build/renum/6v5l_renum.cif	/Users/mitchellparker/Desktop/rascore_build/rcsb_assembly/6v5l-assembly-1.cif.gz	/Users/mitchellparker/Desktop/rascore_build/renum_assembly/6v5l-assembly-1_renum.cif	/Users/mitchellparker/Desktop/rascore_build/sifts/6v5l.xml.gz	/Users/mitchellparker/Desktop/rascore_build/pocket/6v5lA_1_pocket.pdb
6v65C	6v65	0	C	Y32in.3P-ON	Y71in.3P-R	Y32in	Y71in	P 1 21 1 (CF15)	6v65C1	1	GTPase KRas	RASK_HUMAN	P01116-2	WT	WT	KRAS	3P	WT	None	None	GAP	None	Other-Unbound	P 1 21 1	170	1-168	2019-12-04	Other	319.5723	0.0005	Unbound	Unbound	98,101,102,105,106,107	GNP,MG,FMT,FMT	Neurofibromin	None	B:88,32,34,61,62,60,63,39,54,41,64,67,66,37,70,36,38,33,25,40,35,17	NF1_HUMAN	None	None	None	RasGAP	None	B	GNP	MG	None	FMT	None	None	STP	XRAY	2.763	0.222	GMTEYKLVVVGAGGVGKSALTIQLIQNHFVDEYDPTIEDSYRKQVVIDGETCLLDILDTAGQEEYSAMRDQYMRTGEGFLCVFAINNTKSFEDIHHYREQIKRVKDSEDVPMVLVGNKCDLPSRTVDTKQAQDLARSYGIPFIETSAKTRQGVDDAFYTLVREIRKHKEK	True	72.556	70.553	80.311	90.000	99.610	90.000	/Users/mitchellparker/Desktop/rascore_build/core/6v65C_core.cif	/Users/mitchellparker/Desktop/rascore_build/rcsb/6v65.cif.gz	/Users/mitchellparker/Desktop/rascore_build/renum/6v65_renum.cif	/Users/mitchellparker/Desktop/rascore_build/rcsb_assembly/6v65-assembly-1.cif.gz	/Users/mitchellparker/Desktop/rascore_build/renum_assembly/6v65-assembly-1_renum.cif	/Users/mitchellparker/Desktop/rascore_build/sifts/6v65.xml.gz	/Users/mitchellparker/Desktop/rascore_build/pocket/6v65C_1_pocket.pdb
6v65C	6v65	0	C	Y32in.3P-ON	Y71in.3P-R	Y32in	Y71in	P 1 21 1 (CF15)	6v65C2	2	GTPase KRas	RASK_HUMAN	P01116-2	WT	WT	KRAS	3P	WT	None	None	GAP	None	Other-Unbound	P 1 21 1	170	1-168	2019-12-04	Other	373.1845	0.3241	Unbound	Unbound	76,104,106,108,109,110,163,166,167	GNP,MG,FMT,FMT	Neurofibromin	None	B:88,32,34,61,62,60,63,39,54,41,64,67,66,37,70,36,38,33,25,40,35,17	NF1_HUMAN	None	None	None	RasGAP	None	B	GNP	MG	None	FMT	None	None	STP	XRAY	2.763	0.222	GMTEYKLVVVGAGGVGKSALTIQLIQNHFVDEYDPTIEDSYRKQVVIDGETCLLDILDTAGQEEYSAMRDQYMRTGEGFLCVFAINNTKSFEDIHHYREQIKRVKDSEDVPMVLVGNKCDLPSRTVDTKQAQDLARSYGIPFIETSAKTRQGVDDAFYTLVREIRKHKEK	True	72.556	70.553	80.311	90.000	99.610	90.000	/Users/mitchellparker/Desktop/rascore_build/core/6v65C_core.cif	/Users/mitchellparker/Desktop/rascore_build/rcsb/6v65.cif.gz	/Users/mitchellparker/Desktop/rascore_build/renum/6v65_renum.cif	/Users/mitchellparker/Desktop/rascore_build/rcsb_assembly/6v65-assembly-1.cif.gz	/Users/mitchellparker/Desktop/rascore_build/renum_assembly/6v65-assembly-1_renum.cif	/Users/mitchellparker/Desktop/rascore_build/sifts/6v65.xml.gz	/Users/mitchellparker/Desktop/rascore_build/pocket/6v65C_2_pocket.pdb
6v65C	6v65	0	C	Y32in.3P-ON	Y71in.3P-R	Y32in	Y71in	P 1 21 1 (CF15)	6v65C3	3	GTPase KRas	RASK_HUMAN	P01116-2	WT	WT	KRAS	3P	WT	None	None	GAP	None	Other-Unbound	P 1 21 1	170	1-168	2019-12-04	Other	125.2471	0.0009	Unbound	Unbound	97,101,107,108,109,111,137,138,139	GNP,MG,FMT,FMT	Neurofibromin	None	B:88,32,34,61,62,60,63,39,54,41,64,67,66,37,70,36,38,33,25,40,35,17	NF1_HUMAN	None	None	None	RasGAP	None	B	GNP	MG	None	FMT	None	None	STP	XRAY	2.763	0.222	GMTEYKLVVVGAGGVGKSALTIQLIQNHFVDEYDPTIEDSYRKQVVIDGETCLLDILDTAGQEEYSAMRDQYMRTGEGFLCVFAINNTKSFEDIHHYREQIKRVKDSEDVPMVLVGNKCDLPSRTVDTKQAQDLARSYGIPFIETSAKTRQGVDDAFYTLVREIRKHKEK	True	72.556	70.553	80.311	90.000	99.610	90.000	/Users/mitchellparker/Desktop/rascore_build/core/6v65C_core.cif	/Users/mitchellparker/Desktop/rascore_build/rcsb/6v65.cif.gz	/Users/mitchellparker/Desktop/rascore_build/renum/6v65_renum.cif	/Users/mitchellparker/Desktop/rascore_build/rcsb_assembly/6v65-assembly-1.cif.gz	/Users/mitchellparker/Desktop/rascore_build/renum_assembly/6v65-assembly-1_renum.cif	/Users/mitchellparker/Desktop/rascore_build/sifts/6v65.xml.gz	/Users/mitchellparker/Desktop/rascore_build/pocket/6v65C_3_pocket.pdb
6v65C	6v65	0	C	Y32in.3P-ON	Y71in.3P-R	Y32in	Y71in	P 1 21 1 (CF15)	6v65C4	4	GTPase KRas	RASK_HUMAN	P01116-2	WT	WT	KRAS	3P	WT	None	None	GAP	None	Other-Unbound	P 1 21 1	170	1-168	2019-12-04	Other	157.7628	0.0034	Unbound	Unbound	90,91,94,133,137	GNP,MG,FMT,FMT	Neurofibromin	None	B:88,32,34,61,62,60,63,39,54,41,64,67,66,37,70,36,38,33,25,40,35,17	NF1_HUMAN	None	None	None	RasGAP	None	B	GNP	MG	None	FMT	None	None	STP	XRAY	2.763	0.222	GMTEYKLVVVGAGGVGKSALTIQLIQNHFVDEYDPTIEDSYRKQVVIDGETCLLDILDTAGQEEYSAMRDQYMRTGEGFLCVFAINNTKSFEDIHHYREQIKRVKDSEDVPMVLVGNKCDLPSRTVDTKQAQDLARSYGIPFIETSAKTRQGVDDAFYTLVREIRKHKEK	True	72.556	70.553	80.311	90.000	99.610	90.000	/Users/mitchellparker/Desktop/rascore_build/core/6v65C_core.cif	/Users/mitchellparker/Desktop/rascore_build/rcsb/6v65.cif.gz	/Users/mitchellparker/Desktop/rascore_build/renum/6v65_renum.cif	/Users/mitchellparker/Desktop/rascore_build/rcsb_assembly/6v65-assembly-1.cif.gz	/Users/mitchellparker/Desktop/rascore_build/renum_assembly/6v65-assembly-1_renum.cif	/Users/mitchellparker/Desktop/rascore_build/sifts/6v65.xml.gz	/Users/mitchellparker/Desktop/rascore_build/pocket/6v65C_4_pocket.pdb
6v65C	6v65	0	C	Y32in.3P-ON	Y71in.3P-R	Y32in	Y71in	P 1 21 1 (CF15)	6v65C5	5	GTPase KRas	RASK_HUMAN	P01116-2	WT	WT	KRAS	3P	WT	None	None	GAP	None	Other-Unbound	P 1 21 1	170	1-168	2019-12-04	Other	199.2522	0.0001	Unbound	Unbound	131,134,135,139,140,141	GNP,MG,FMT,FMT	Neurofibromin	None	B:88,32,34,61,62,60,63,39,54,41,64,67,66,37,70,36,38,33,25,40,35,17	NF1_HUMAN	None	None	None	RasGAP	None	B	GNP	MG	None	FMT	None	None	STP	XRAY	2.763	0.222	GMTEYKLVVVGAGGVGKSALTIQLIQNHFVDEYDPTIEDSYRKQVVIDGETCLLDILDTAGQEEYSAMRDQYMRTGEGFLCVFAINNTKSFEDIHHYREQIKRVKDSEDVPMVLVGNKCDLPSRTVDTKQAQDLARSYGIPFIETSAKTRQGVDDAFYTLVREIRKHKEK	True	72.556	70.553	80.311	90.000	99.610	90.000	/Users/mitchellparker/Desktop/rascore_build/core/6v65C_core.cif	/Users/mitchellparker/Desktop/rascore_build/rcsb/6v65.cif.gz	/Users/mitchellparker/Desktop/rascore_build/renum/6v65_renum.cif	/Users/mitchellparker/Desktop/rascore_build/rcsb_assembly/6v65-assembly-1.cif.gz	/Users/mitchellparker/Desktop/rascore_build/renum_assembly/6v65-assembly-1_renum.cif	/Users/mitchellparker/Desktop/rascore_build/sifts/6v65.xml.gz	/Users/mitchellparker/Desktop/rascore_build/pocket/6v65C_5_pocket.pdb
6v6fC	6v6f	0	C	Y32in.3P-ON	Y71in.3P-R	Y32in	Y71in	P 1 21 1 (CF15)	6v6fC2	2	GTPase KRas	RASK_HUMAN	P01116-2	Q61L	Q61	KRAS	3P	Other	None	None	GAP	None	Other-Unbound	P 1 21 1	170	1-168	2019-12-05	Other	310.3387	0.0493	Unbound	Unbound	75,76,104,106,108,109,110,163,166,167	GNP,MG,FMT	Neurofibromin	None	B:88,62,32,61,34,63,60,12,41,39,54,64,67,66,37,70,36,38,33,40,25,17,35	NF1_HUMAN	None	None	None	RasGAP	None	B	GNP	MG	None	FMT	None	None	STP	XRAY	2.542	0.220	GMTEYKLVVVGAGGVGKSALTIQLIQNHFVDEYDPTIEDSYRKQVVIDGETCLLDILDTAGLEEYSAMRDQYMRTGEGFLCVFAINNTKSFEDIHHYREQIKRVKDSEDVPMVLVGNKCDLPSRTVDTKQAQDLARSYGIPFIETSAKTRQGVDDAFYTLVREIRKHKEK	True	72.011	70.240	79.700	90.000	100.670	90.000	/Users/mitchellparker/Desktop/rascore_build/core/6v6fC_core.cif	/Users/mitchellparker/Desktop/rascore_build/rcsb/6v6f.cif.gz	/Users/mitchellparker/Desktop/rascore_build/renum/6v6f_renum.cif	/Users/mitchellparker/Desktop/rascore_build/rcsb_assembly/6v6f-assembly-1.cif.gz	/Users/mitchellparker/Desktop/rascore_build/renum_assembly/6v6f-assembly-1_renum.cif	/Users/mitchellparker/Desktop/rascore_build/sifts/6v6f.xml.gz	/Users/mitchellparker/Desktop/rascore_build/pocket/6v6fC_2_pocket.pdb
6v6fC	6v6f	0	C	Y32in.3P-ON	Y71in.3P-R	Y32in	Y71in	P 1 21 1 (CF15)	6v6fC3	3	GTPase KRas	RASK_HUMAN	P01116-2	Q61L	Q61	KRAS	3P	Other	None	None	GAP	None	Other-Unbound	P 1 21 1	170	1-168	2019-12-05	Other	177.3928	0.0001	Unbound	Unbound	131,134,135,139,141	GNP,MG,FMT	Neurofibromin	None	B:88,62,32,61,34,63,60,12,41,39,54,64,67,66,37,70,36,38,33,40,25,17,35	NF1_HUMAN	None	None	None	RasGAP	None	B	GNP	MG	None	FMT	None	None	STP	XRAY	2.542	0.220	GMTEYKLVVVGAGGVGKSALTIQLIQNHFVDEYDPTIEDSYRKQVVIDGETCLLDILDTAGLEEYSAMRDQYMRTGEGFLCVFAINNTKSFEDIHHYREQIKRVKDSEDVPMVLVGNKCDLPSRTVDTKQAQDLARSYGIPFIETSAKTRQGVDDAFYTLVREIRKHKEK	True	72.011	70.240	79.700	90.000	100.670	90.000	/Users/mitchellparker/Desktop/rascore_build/core/6v6fC_core.cif	/Users/mitchellparker/Desktop/rascore_build/rcsb/6v6f.cif.gz	/Users/mitchellparker/Desktop/rascore_build/renum/6v6f_renum.cif	/Users/mitchellparker/Desktop/rascore_build/rcsb_assembly/6v6f-assembly-1.cif.gz	/Users/mitchellparker/Desktop/rascore_build/renum_assembly/6v6f-assembly-1_renum.cif	/Users/mitchellparker/Desktop/rascore_build/sifts/6v6f.xml.gz	/Users/mitchellparker/Desktop/rascore_build/pocket/6v6fC_3_pocket.pdb
6v6fC	6v6f	0	C	Y32in.3P-ON	Y71in.3P-R	Y32in	Y71in	P 1 21 1 (CF15)	6v6fC4	4	GTPase KRas	RASK_HUMAN	P01116-2	Q61L	Q61	KRAS	3P	Other	None	None	GAP	None	Other-Unbound	P 1 21 1	170	1-168	2019-12-05	Other	300.0275	0.0000	Unbound	Unbound	98,101,102,105,106,107	GNP,MG,FMT	Neurofibromin	None	B:88,62,32,61,34,63,60,12,41,39,54,64,67,66,37,70,36,38,33,40,25,17,35	NF1_HUMAN	None	None	None	RasGAP	None	B	GNP	MG	None	FMT	None	None	STP	XRAY	2.542	0.220	GMTEYKLVVVGAGGVGKSALTIQLIQNHFVDEYDPTIEDSYRKQVVIDGETCLLDILDTAGLEEYSAMRDQYMRTGEGFLCVFAINNTKSFEDIHHYREQIKRVKDSEDVPMVLVGNKCDLPSRTVDTKQAQDLARSYGIPFIETSAKTRQGVDDAFYTLVREIRKHKEK	True	72.011	70.240	79.700	90.000	100.670	90.000	/Users/mitchellparker/Desktop/rascore_build/core/6v6fC_core.cif	/Users/mitchellparker/Desktop/rascore_build/rcsb/6v6f.cif.gz	/Users/mitchellparker/Desktop/rascore_build/renum/6v6f_renum.cif	/Users/mitchellparker/Desktop/rascore_build/rcsb_assembly/6v6f-assembly-1.cif.gz	/Users/mitchellparker/Desktop/rascore_build/renum_assembly/6v6f-assembly-1_renum.cif	/Users/mitchellparker/Desktop/rascore_build/sifts/6v6f.xml.gz	/Users/mitchellparker/Desktop/rascore_build/pocket/6v6fC_4_pocket.pdb
6v6fC	6v6f	0	C	Y32in.3P-ON	Y71in.3P-R	Y32in	Y71in	P 1 21 1 (CF15)	6v6fC5	5	GTPase KRas	RASK_HUMAN	P01116-2	Q61L	Q61	KRAS	3P	Other	None	None	GAP	None	Other-Unbound	P 1 21 1	170	1-168	2019-12-05	Other	255.5980	0.0005	Unbound	Unbound	42,43,44,45,50,157	GNP,MG,FMT	Neurofibromin	None	B:88,62,32,61,34,63,60,12,41,39,54,64,67,66,37,70,36,38,33,40,25,17,35	NF1_HUMAN	None	None	None	RasGAP	None	B	GNP	MG	None	FMT	None	None	STP	XRAY	2.542	0.220	GMTEYKLVVVGAGGVGKSALTIQLIQNHFVDEYDPTIEDSYRKQVVIDGETCLLDILDTAGLEEYSAMRDQYMRTGEGFLCVFAINNTKSFEDIHHYREQIKRVKDSEDVPMVLVGNKCDLPSRTVDTKQAQDLARSYGIPFIETSAKTRQGVDDAFYTLVREIRKHKEK	True	72.011	70.240	79.700	90.000	100.670	90.000	/Users/mitchellparker/Desktop/rascore_build/core/6v6fC_core.cif	/Users/mitchellparker/Desktop/rascore_build/rcsb/6v6f.cif.gz	/Users/mitchellparker/Desktop/rascore_build/renum/6v6f_renum.cif	/Users/mitchellparker/Desktop/rascore_build/rcsb_assembly/6v6f-assembly-1.cif.gz	/Users/mitchellparker/Desktop/rascore_build/renum_assembly/6v6f-assembly-1_renum.cif	/Users/mitchellparker/Desktop/rascore_build/sifts/6v6f.xml.gz	/Users/mitchellparker/Desktop/rascore_build/pocket/6v6fC_5_pocket.pdb
6v6fC	6v6f	0	C	Y32in.3P-ON	Y71in.3P-R	Y32in	Y71in	P 1 21 1 (CF15)	6v6fC6	6	GTPase KRas	RASK_HUMAN	P01116-2	Q61L	Q61	KRAS	3P	Other	None	None	GAP	None	Other-Unbound	P 1 21 1	170	1-168	2019-12-05	Other	139.3974	0.0001	Unbound	Unbound	108,109,110,138,139,162,165,166	GNP,MG,FMT	Neurofibromin	None	B:88,62,32,61,34,63,60,12,41,39,54,64,67,66,37,70,36,38,33,40,25,17,35	NF1_HUMAN	None	None	None	RasGAP	None	B	GNP	MG	None	FMT	None	None	STP	XRAY	2.542	0.220	GMTEYKLVVVGAGGVGKSALTIQLIQNHFVDEYDPTIEDSYRKQVVIDGETCLLDILDTAGLEEYSAMRDQYMRTGEGFLCVFAINNTKSFEDIHHYREQIKRVKDSEDVPMVLVGNKCDLPSRTVDTKQAQDLARSYGIPFIETSAKTRQGVDDAFYTLVREIRKHKEK	True	72.011	70.240	79.700	90.000	100.670	90.000	/Users/mitchellparker/Desktop/rascore_build/core/6v6fC_core.cif	/Users/mitchellparker/Desktop/rascore_build/rcsb/6v6f.cif.gz	/Users/mitchellparker/Desktop/rascore_build/renum/6v6f_renum.cif	/Users/mitchellparker/Desktop/rascore_build/rcsb_assembly/6v6f-assembly-1.cif.gz	/Users/mitchellparker/Desktop/rascore_build/renum_assembly/6v6f-assembly-1_renum.cif	/Users/mitchellparker/Desktop/rascore_build/sifts/6v6f.xml.gz	/Users/mitchellparker/Desktop/rascore_build/pocket/6v6fC_6_pocket.pdb
6v6fC	6v6f	0	C	Y32in.3P-ON	Y71in.3P-R	Y32in	Y71in	P 1 21 1 (CF15)	6v6fC7	7	GTPase KRas	RASK_HUMAN	P01116-2	Q61L	Q61	KRAS	3P	Other	None	None	GAP	None	Other-Unbound	P 1 21 1	170	1-168	2019-12-05	Other	217.3189	0.0000	Unbound	Unbound	12,13,14,32,83,85,86,117	GNP,MG,FMT	Neurofibromin	None	B:88,62,32,61,34,63,60,12,41,39,54,64,67,66,37,70,36,38,33,40,25,17,35	NF1_HUMAN	None	None	None	RasGAP	None	B	GNP	MG	None	FMT	None	None	STP	XRAY	2.542	0.220	GMTEYKLVVVGAGGVGKSALTIQLIQNHFVDEYDPTIEDSYRKQVVIDGETCLLDILDTAGLEEYSAMRDQYMRTGEGFLCVFAINNTKSFEDIHHYREQIKRVKDSEDVPMVLVGNKCDLPSRTVDTKQAQDLARSYGIPFIETSAKTRQGVDDAFYTLVREIRKHKEK	True	72.011	70.240	79.700	90.000	100.670	90.000	/Users/mitchellparker/Desktop/rascore_build/core/6v6fC_core.cif	/Users/mitchellparker/Desktop/rascore_build/rcsb/6v6f.cif.gz	/Users/mitchellparker/Desktop/rascore_build/renum/6v6f_renum.cif	/Users/mitchellparker/Desktop/rascore_build/rcsb_assembly/6v6f-assembly-1.cif.gz	/Users/mitchellparker/Desktop/rascore_build/renum_assembly/6v6f-assembly-1_renum.cif	/Users/mitchellparker/Desktop/rascore_build/sifts/6v6f.xml.gz	/Users/mitchellparker/Desktop/rascore_build/pocket/6v6fC_7_pocket.pdb
6v94A	6v94	0	A	Y32in.3P-ON	Y71in.3P-R	Y32in	Y71in	I 4 2 2 (CF2)	6v94A1	1	GTPase HRas	RASH_HUMAN	P01112	Y64A	Y64	HRAS	3P	Other	None	None	GEF.REM	None	Other-Unbound	I 4 2 2	167	1-50:52-166	2019-12-13	Other	535.1426	0.0183	Unbound	Unbound	2,3,4,73,74,75,76,104,106,108,109,110,163,164,166	CSO,GNP,MG	Son of sevenless homolog 1	None	B:70,37,39,56,66,67,36,34,38,33,63,61,35,31,27,26,25,149,22,150,43,50,1,45,44,41,42,24,148,153,28,71,73,17,32	SOS1_HUMAN	None	None	None	RasGEF	None	B	GNP	MG	None	FMT	CSO	None	STP	XRAY	1.800	0.159	GMTEYKLVVVGAGGVGKSALTIQLIQNHFVDEYDPTIEDSYRKQVVIDGETCLLDILDTAGQEEASAMRDQYMRTGEGFLCVFAINNTKSFEDIHQYREQIKRVKDSDDVPMVLVGNKCDLAARTVESRQAQDLARSYGIPYIETSAKTRQGVEDAFYTLVREIRQH	True	183.832	183.832	178.605	90.000	90.000	90.000	/Users/mitchellparker/Desktop/rascore_build/core/6v94A_core.cif	/Users/mitchellparker/Desktop/rascore_build/rcsb/6v94.cif.gz	/Users/mitchellparker/Desktop/rascore_build/renum/6v94_renum.cif	/Users/mitchellparker/Desktop/rascore_build/rcsb_assembly/6v94-assembly-1.cif.gz	/Users/mitchellparker/Desktop/rascore_build/renum_assembly/6v94-assembly-1_renum.cif	/Users/mitchellparker/Desktop/rascore_build/sifts/6v94.xml.gz	/Users/mitchellparker/Desktop/rascore_build/pocket/6v94A_1_pocket.pdb
6v94C	6v94	0	C	Y32out.0P-GEF	Y71out.0P-GEF	Y32out	Y71out	I 4 2 2 (CF2)	6v94C1	1	GTPase HRas	RASH_HUMAN	P01112	WT	WT	HRAS	0P	WT	None	None	GEF.CDC25	None	SP2-Unbound	I 4 2 2	167	1-166	2019-12-13	SP2	232.0301	0.0138	Unbound	Unbound	7,8,9,10,16,56,58,61,62,64,68,71,72,96	FMT,NA	Son of sevenless homolog 1	None	B:60,13,64,63,65,66,70,67,73,69,102,103,40,54,55,71,37,61,59,58,57,34,35,32,21,17,18,31,25,30,95,68,99,56,33,12,105,74,62	SOS1_HUMAN	None	None	None	RasGEF	None	B	None	None	None	FMT,NA	None	None	STP	XRAY	1.800	0.159	GMTEYKLVVVGAGGVGKSALTIQLIQNHFVDEYDPTIEDSYRKQVVIDGETCLLDILDTAGQEEYSAMRDQYMRTGEGFLCVFAINNTKSFEDIHQYREQIKRVKDSDDVPMVLVGNKCDLAARTVESRQAQDLARSYGIPYIETSAKTRQGVEDAFYTLVREIRQH	True	183.832	183.832	178.605	90.000	90.000	90.000	/Users/mitchellparker/Desktop/rascore_build/core/6v94C_core.cif	/Users/mitchellparker/Desktop/rascore_build/rcsb/6v94.cif.gz	/Users/mitchellparker/Desktop/rascore_build/renum/6v94_renum.cif	/Users/mitchellparker/Desktop/rascore_build/rcsb_assembly/6v94-assembly-1.cif.gz	/Users/mitchellparker/Desktop/rascore_build/renum_assembly/6v94-assembly-1_renum.cif	/Users/mitchellparker/Desktop/rascore_build/sifts/6v94.xml.gz	/Users/mitchellparker/Desktop/rascore_build/pocket/6v94C_1_pocket.pdb
6v94C	6v94	0	C	Y32out.0P-GEF	Y71out.0P-GEF	Y32out	Y71out	I 4 2 2 (CF2)	6v94C2	2	GTPase HRas	RASH_HUMAN	P01112	WT	WT	HRAS	0P	WT	None	None	GEF.CDC25	None	SP2-Unbound	I 4 2 2	167	1-166	2019-12-13	Other	453.1478	0.0001	Unbound	Unbound	128,131,132,134,135,138,139,140,141,162	FMT,NA	Son of sevenless homolog 1	None	B:60,13,64,63,65,66,70,67,73,69,102,103,40,54,55,71,37,61,59,58,57,34,35,32,21,17,18,31,25,30,95,68,99,56,33,12,105,74,62	SOS1_HUMAN	None	None	None	RasGEF	None	B	None	None	None	FMT,NA	None	None	STP	XRAY	1.800	0.159	GMTEYKLVVVGAGGVGKSALTIQLIQNHFVDEYDPTIEDSYRKQVVIDGETCLLDILDTAGQEEYSAMRDQYMRTGEGFLCVFAINNTKSFEDIHQYREQIKRVKDSDDVPMVLVGNKCDLAARTVESRQAQDLARSYGIPYIETSAKTRQGVEDAFYTLVREIRQH	True	183.832	183.832	178.605	90.000	90.000	90.000	/Users/mitchellparker/Desktop/rascore_build/core/6v94C_core.cif	/Users/mitchellparker/Desktop/rascore_build/rcsb/6v94.cif.gz	/Users/mitchellparker/Desktop/rascore_build/renum/6v94_renum.cif	/Users/mitchellparker/Desktop/rascore_build/rcsb_assembly/6v94-assembly-1.cif.gz	/Users/mitchellparker/Desktop/rascore_build/renum_assembly/6v94-assembly-1_renum.cif	/Users/mitchellparker/Desktop/rascore_build/sifts/6v94.xml.gz	/Users/mitchellparker/Desktop/rascore_build/pocket/6v94C_2_pocket.pdb
6v94C	6v94	0	C	Y32out.0P-GEF	Y71out.0P-GEF	Y32out	Y71out	I 4 2 2 (CF2)	6v94C3	3	GTPase HRas	RASH_HUMAN	P01112	WT	WT	HRAS	0P	WT	None	None	GEF.CDC25	None	SP2-Unbound	I 4 2 2	167	1-166	2019-12-13	SP2	133.5300	0.0036	Unbound	Unbound	92,95,96,99	FMT,NA	Son of sevenless homolog 1	None	B:60,13,64,63,65,66,70,67,73,69,102,103,40,54,55,71,37,61,59,58,57,34,35,32,21,17,18,31,25,30,95,68,99,56,33,12,105,74,62	SOS1_HUMAN	None	None	None	RasGEF	None	B	None	None	None	FMT,NA	None	None	STP	XRAY	1.800	0.159	GMTEYKLVVVGAGGVGKSALTIQLIQNHFVDEYDPTIEDSYRKQVVIDGETCLLDILDTAGQEEYSAMRDQYMRTGEGFLCVFAINNTKSFEDIHQYREQIKRVKDSDDVPMVLVGNKCDLAARTVESRQAQDLARSYGIPYIETSAKTRQGVEDAFYTLVREIRQH	True	183.832	183.832	178.605	90.000	90.000	90.000	/Users/mitchellparker/Desktop/rascore_build/core/6v94C_core.cif	/Users/mitchellparker/Desktop/rascore_build/rcsb/6v94.cif.gz	/Users/mitchellparker/Desktop/rascore_build/renum/6v94_renum.cif	/Users/mitchellparker/Desktop/rascore_build/rcsb_assembly/6v94-assembly-1.cif.gz	/Users/mitchellparker/Desktop/rascore_build/renum_assembly/6v94-assembly-1_renum.cif	/Users/mitchellparker/Desktop/rascore_build/sifts/6v94.xml.gz	/Users/mitchellparker/Desktop/rascore_build/pocket/6v94C_3_pocket.pdb
6v9fA	6v9f	0	A	Y32in.3P-ON	Y71in.3P-R	Y32in	Y71in	I 4 2 2 (CF2)	6v9fA1	1	GTPase HRas	RASH_HUMAN	P01112	Y64A	Y64	HRAS	3P	Other	None	None	GEF.REM	None	Other-Unbound	I 4 2 2	167	1-50:52-166	2019-12-13	Other	460.0428	0.0225	Unbound	Unbound	2,3,4,73,74,75,76,104,106,108,109,110,163,166	CSO,GNP,MG,FMT	Son of sevenless homolog 1	None	B:70,37,39,56,66,67,36,34,38,33,63,61,35,31,27,26,25,149,22,150,43,50,1,45,44,41,42,24,28,153,73,17,32,52	SOS1_HUMAN	None	None	None	RasGEF	None	B	GNP	MG	None	FMT	CSO	None	STP	XRAY	1.849	0.157	GMTEYKLVVVGAGGVGKSALTIQLIQNHFVDEYDPTIEDSYRKQVVIDGETCLLDILDTAGQEEASAMRDQYMRTGEGFLCVFAINNTKSFEDIHQYREQIKRVKDSDDVPMVLVGNKCDLAARTVESRQAQDLARSYGIPYIETSAKTRQGVEDAFYTLVREIRQH	True	183.851	183.851	178.740	90.000	90.000	90.000	/Users/mitchellparker/Desktop/rascore_build/core/6v9fA_core.cif	/Users/mitchellparker/Desktop/rascore_build/rcsb/6v9f.cif.gz	/Users/mitchellparker/Desktop/rascore_build/renum/6v9f_renum.cif	/Users/mitchellparker/Desktop/rascore_build/rcsb_assembly/6v9f-assembly-1.cif.gz	/Users/mitchellparker/Desktop/rascore_build/renum_assembly/6v9f-assembly-1_renum.cif	/Users/mitchellparker/Desktop/rascore_build/sifts/6v9f.xml.gz	/Users/mitchellparker/Desktop/rascore_build/pocket/6v9fA_1_pocket.pdb
6v9fA	6v9f	0	A	Y32in.3P-ON	Y71in.3P-R	Y32in	Y71in	I 4 2 2 (CF2)	6v9fA2	2	GTPase HRas	RASH_HUMAN	P01112	Y64A	Y64	HRAS	3P	Other	None	None	GEF.REM	None	Other-Unbound	I 4 2 2	167	1-50:52-166	2019-12-13	Other	187.9259	0.0003	Unbound	Unbound	97,107,108,109,110,111,137,138,139,162	CSO,GNP,MG,FMT	Son of sevenless homolog 1	None	B:70,37,39,56,66,67,36,34,38,33,63,61,35,31,27,26,25,149,22,150,43,50,1,45,44,41,42,24,28,153,73,17,32,52	SOS1_HUMAN	None	None	None	RasGEF	None	B	GNP	MG	None	FMT	CSO	None	STP	XRAY	1.849	0.157	GMTEYKLVVVGAGGVGKSALTIQLIQNHFVDEYDPTIEDSYRKQVVIDGETCLLDILDTAGQEEASAMRDQYMRTGEGFLCVFAINNTKSFEDIHQYREQIKRVKDSDDVPMVLVGNKCDLAARTVESRQAQDLARSYGIPYIETSAKTRQGVEDAFYTLVREIRQH	True	183.851	183.851	178.740	90.000	90.000	90.000	/Users/mitchellparker/Desktop/rascore_build/core/6v9fA_core.cif	/Users/mitchellparker/Desktop/rascore_build/rcsb/6v9f.cif.gz	/Users/mitchellparker/Desktop/rascore_build/renum/6v9f_renum.cif	/Users/mitchellparker/Desktop/rascore_build/rcsb_assembly/6v9f-assembly-1.cif.gz	/Users/mitchellparker/Desktop/rascore_build/renum_assembly/6v9f-assembly-1_renum.cif	/Users/mitchellparker/Desktop/rascore_build/sifts/6v9f.xml.gz	/Users/mitchellparker/Desktop/rascore_build/pocket/6v9fA_2_pocket.pdb
6v9fC	6v9f	0	C	Y32out.0P-GEF	Y71out.0P-GEF	Y32out	Y71out	I 4 2 2 (CF2)	6v9fC1	1	GTPase HRas	RASH_HUMAN	P01112	WT	WT	HRAS	0P	WT	None	None	GEF.CDC25	None	SP2-Unbound	I 4 2 2	167	1-166	2019-12-13	SP2	226.8728	0.0075	Unbound	Unbound	7,8,9,10,16,58,61,62,64,68,71,72,96	FMT,NA	Son of sevenless homolog 1	None	B:60,13,64,63,65,66,70,67,73,69,102,103,40,54,55,71,37,61,59,58,57,34,35,32,21,17,18,31,25,30,68,95,33,56,12,74,146,147,62,105	SOS1_HUMAN	None	None	None	RasGEF	None	B	None	None	None	FMT,NA	None	None	STP	XRAY	1.849	0.157	GMTEYKLVVVGAGGVGKSALTIQLIQNHFVDEYDPTIEDSYRKQVVIDGETCLLDILDTAGQEEYSAMRDQYMRTGEGFLCVFAINNTKSFEDIHQYREQIKRVKDSDDVPMVLVGNKCDLAARTVESRQAQDLARSYGIPYIETSAKTRQGVEDAFYTLVREIRQH	True	183.851	183.851	178.740	90.000	90.000	90.000	/Users/mitchellparker/Desktop/rascore_build/core/6v9fC_core.cif	/Users/mitchellparker/Desktop/rascore_build/rcsb/6v9f.cif.gz	/Users/mitchellparker/Desktop/rascore_build/renum/6v9f_renum.cif	/Users/mitchellparker/Desktop/rascore_build/rcsb_assembly/6v9f-assembly-1.cif.gz	/Users/mitchellparker/Desktop/rascore_build/renum_assembly/6v9f-assembly-1_renum.cif	/Users/mitchellparker/Desktop/rascore_build/sifts/6v9f.xml.gz	/Users/mitchellparker/Desktop/rascore_build/pocket/6v9fC_1_pocket.pdb
6v9fC	6v9f	0	C	Y32out.0P-GEF	Y71out.0P-GEF	Y32out	Y71out	I 4 2 2 (CF2)	6v9fC2	2	GTPase HRas	RASH_HUMAN	P01112	WT	WT	HRAS	0P	WT	None	None	GEF.CDC25	None	SP2-Unbound	I 4 2 2	167	1-166	2019-12-13	Other	197.1031	0.0006	Unbound	Unbound	97,108,109,110,111,137,138,139,162,165,166	FMT,NA	Son of sevenless homolog 1	None	B:60,13,64,63,65,66,70,67,73,69,102,103,40,54,55,71,37,61,59,58,57,34,35,32,21,17,18,31,25,30,68,95,33,56,12,74,146,147,62,105	SOS1_HUMAN	None	None	None	RasGEF	None	B	None	None	None	FMT,NA	None	None	STP	XRAY	1.849	0.157	GMTEYKLVVVGAGGVGKSALTIQLIQNHFVDEYDPTIEDSYRKQVVIDGETCLLDILDTAGQEEYSAMRDQYMRTGEGFLCVFAINNTKSFEDIHQYREQIKRVKDSDDVPMVLVGNKCDLAARTVESRQAQDLARSYGIPYIETSAKTRQGVEDAFYTLVREIRQH	True	183.851	183.851	178.740	90.000	90.000	90.000	/Users/mitchellparker/Desktop/rascore_build/core/6v9fC_core.cif	/Users/mitchellparker/Desktop/rascore_build/rcsb/6v9f.cif.gz	/Users/mitchellparker/Desktop/rascore_build/renum/6v9f_renum.cif	/Users/mitchellparker/Desktop/rascore_build/rcsb_assembly/6v9f-assembly-1.cif.gz	/Users/mitchellparker/Desktop/rascore_build/renum_assembly/6v9f-assembly-1_renum.cif	/Users/mitchellparker/Desktop/rascore_build/sifts/6v9f.xml.gz	/Users/mitchellparker/Desktop/rascore_build/pocket/6v9fC_2_pocket.pdb
6v9fC	6v9f	0	C	Y32out.0P-GEF	Y71out.0P-GEF	Y32out	Y71out	I 4 2 2 (CF2)	6v9fC3	3	GTPase HRas	RASH_HUMAN	P01112	WT	WT	HRAS	0P	WT	None	None	GEF.CDC25	None	SP2-Unbound	I 4 2 2	167	1-166	2019-12-13	SP2	178.0848	0.0055	Unbound	Unbound	68,92,95,96,99	FMT,NA	Son of sevenless homolog 1	None	B:60,13,64,63,65,66,70,67,73,69,102,103,40,54,55,71,37,61,59,58,57,34,35,32,21,17,18,31,25,30,68,95,33,56,12,74,146,147,62,105	SOS1_HUMAN	None	None	None	RasGEF	None	B	None	None	None	FMT,NA	None	None	STP	XRAY	1.849	0.157	GMTEYKLVVVGAGGVGKSALTIQLIQNHFVDEYDPTIEDSYRKQVVIDGETCLLDILDTAGQEEYSAMRDQYMRTGEGFLCVFAINNTKSFEDIHQYREQIKRVKDSDDVPMVLVGNKCDLAARTVESRQAQDLARSYGIPYIETSAKTRQGVEDAFYTLVREIRQH	True	183.851	183.851	178.740	90.000	90.000	90.000	/Users/mitchellparker/Desktop/rascore_build/core/6v9fC_core.cif	/Users/mitchellparker/Desktop/rascore_build/rcsb/6v9f.cif.gz	/Users/mitchellparker/Desktop/rascore_build/renum/6v9f_renum.cif	/Users/mitchellparker/Desktop/rascore_build/rcsb_assembly/6v9f-assembly-1.cif.gz	/Users/mitchellparker/Desktop/rascore_build/renum_assembly/6v9f-assembly-1_renum.cif	/Users/mitchellparker/Desktop/rascore_build/sifts/6v9f.xml.gz	/Users/mitchellparker/Desktop/rascore_build/pocket/6v9fC_3_pocket.pdb
6v9fC	6v9f	0	C	Y32out.0P-GEF	Y71out.0P-GEF	Y32out	Y71out	I 4 2 2 (CF2)	6v9fC4	4	GTPase HRas	RASH_HUMAN	P01112	WT	WT	HRAS	0P	WT	None	None	GEF.CDC25	None	SP2-Unbound	I 4 2 2	167	1-166	2019-12-13	Other	474.8223	0.0001	Unbound	Unbound	128,131,132,134,135,138,139,140,141,162	FMT,NA	Son of sevenless homolog 1	None	B:60,13,64,63,65,66,70,67,73,69,102,103,40,54,55,71,37,61,59,58,57,34,35,32,21,17,18,31,25,30,68,95,33,56,12,74,146,147,62,105	SOS1_HUMAN	None	None	None	RasGEF	None	B	None	None	None	FMT,NA	None	None	STP	XRAY	1.849	0.157	GMTEYKLVVVGAGGVGKSALTIQLIQNHFVDEYDPTIEDSYRKQVVIDGETCLLDILDTAGQEEYSAMRDQYMRTGEGFLCVFAINNTKSFEDIHQYREQIKRVKDSDDVPMVLVGNKCDLAARTVESRQAQDLARSYGIPYIETSAKTRQGVEDAFYTLVREIRQH	True	183.851	183.851	178.740	90.000	90.000	90.000	/Users/mitchellparker/Desktop/rascore_build/core/6v9fC_core.cif	/Users/mitchellparker/Desktop/rascore_build/rcsb/6v9f.cif.gz	/Users/mitchellparker/Desktop/rascore_build/renum/6v9f_renum.cif	/Users/mitchellparker/Desktop/rascore_build/rcsb_assembly/6v9f-assembly-1.cif.gz	/Users/mitchellparker/Desktop/rascore_build/renum_assembly/6v9f-assembly-1_renum.cif	/Users/mitchellparker/Desktop/rascore_build/sifts/6v9f.xml.gz	/Users/mitchellparker/Desktop/rascore_build/pocket/6v9fC_4_pocket.pdb
6v9jA	6v9j	0	A	Y32in.3P-ON	Y71in.3P-R	Y32in	Y71in	I 4 2 2 (CF2)	6v9jA1	1	GTPase HRas	RASH_HUMAN	P01112	Y64A	Y64	HRAS	3P	Other	None	None	GEF.REM	None	SP12-Unbound	I 4 2 2	167	1-50:52-166	2019-12-13	Other	415.3746	0.0033	Unbound	Unbound	2,3,4,73,74,75,76,104,109,110,163,166	CSO,GNP,MG	Son of sevenless homolog 1	None	B:70,37,39,56,66,67,36,34,38,33,63,61,35,64,31,27,26,25,149,22,43,50,1,45,44,41,42,24,153,150,148,71,28,73	SOS1_HUMAN	None	None	None	RasGEF	None	B	GNP	MG	None	FMT	CSO	None	STP	XRAY	1.760	0.156	GMTEYKLVVVGAGGVGKSALTIQLIQNHFVDEYDPTIEDSYRKQVVIDGETCLLDILDTAGQEEASAMRDQYMRTGEGFLCVFAINNTKSFEDIHQYREQIKRVKDSDDVPMVLVGNKCDLAARTVESRQAQDLARSYGIPYIETSAKTRQGVEDAFYTLVREIRQH	True	183.430	183.430	178.449	90.000	90.000	90.000	/Users/mitchellparker/Desktop/rascore_build/core/6v9jA_core.cif	/Users/mitchellparker/Desktop/rascore_build/rcsb/6v9j.cif.gz	/Users/mitchellparker/Desktop/rascore_build/renum/6v9j_renum.cif	/Users/mitchellparker/Desktop/rascore_build/rcsb_assembly/6v9j-assembly-1.cif.gz	/Users/mitchellparker/Desktop/rascore_build/renum_assembly/6v9j-assembly-1_renum.cif	/Users/mitchellparker/Desktop/rascore_build/sifts/6v9j.xml.gz	/Users/mitchellparker/Desktop/rascore_build/pocket/6v9jA_1_pocket.pdb
6v9jA	6v9j	0	A	Y32in.3P-ON	Y71in.3P-R	Y32in	Y71in	I 4 2 2 (CF2)	6v9jA2	2	GTPase HRas	RASH_HUMAN	P01112	Y64A	Y64	HRAS	3P	Other	None	None	GEF.REM	None	SP12-Unbound	I 4 2 2	167	1-50:52-166	2019-12-13	SP12	141.6512	0.0017	Unbound	Unbound	5,6,7,54,55,56,74	CSO,GNP,MG	Son of sevenless homolog 1	None	B:70,37,39,56,66,67,36,34,38,33,63,61,35,64,31,27,26,25,149,22,43,50,1,45,44,41,42,24,153,150,148,71,28,73	SOS1_HUMAN	None	None	None	RasGEF	None	B	GNP	MG	None	FMT	CSO	None	STP	XRAY	1.760	0.156	GMTEYKLVVVGAGGVGKSALTIQLIQNHFVDEYDPTIEDSYRKQVVIDGETCLLDILDTAGQEEASAMRDQYMRTGEGFLCVFAINNTKSFEDIHQYREQIKRVKDSDDVPMVLVGNKCDLAARTVESRQAQDLARSYGIPYIETSAKTRQGVEDAFYTLVREIRQH	True	183.430	183.430	178.449	90.000	90.000	90.000	/Users/mitchellparker/Desktop/rascore_build/core/6v9jA_core.cif	/Users/mitchellparker/Desktop/rascore_build/rcsb/6v9j.cif.gz	/Users/mitchellparker/Desktop/rascore_build/renum/6v9j_renum.cif	/Users/mitchellparker/Desktop/rascore_build/rcsb_assembly/6v9j-assembly-1.cif.gz	/Users/mitchellparker/Desktop/rascore_build/renum_assembly/6v9j-assembly-1_renum.cif	/Users/mitchellparker/Desktop/rascore_build/sifts/6v9j.xml.gz	/Users/mitchellparker/Desktop/rascore_build/pocket/6v9jA_2_pocket.pdb
6v9jC	6v9j	0	C	Y32out.0P-GEF	Y71out.0P-GEF	Y32out	Y71out	I 4 2 2 (CF2)	6v9jC1	1	GTPase HRas	RASH_HUMAN	P01112	WT	WT	HRAS	0P	WT	None	None	GEF.CDC25	None	SP2-Unbound	I 4 2 2	167	1-166	2019-12-13	SP2	222.9620	0.0069	Unbound	Unbound	7,8,9,10,16,58,61,62,64,68,71,72,96	FMT,NA	Son of sevenless homolog 1	None	B:60,13,64,63,65,66,70,67,73,69,102,103,40,54,55,71,37,61,59,58,57,34,35,32,21,17,18,31,25,30,68,95,105,74,56,33,146,12,62	SOS1_HUMAN	None	None	None	RasGEF	None	B	None	None	None	FMT,NA	None	None	STP	XRAY	1.760	0.156	GMTEYKLVVVGAGGVGKSALTIQLIQNHFVDEYDPTIEDSYRKQVVIDGETCLLDILDTAGQEEYSAMRDQYMRTGEGFLCVFAINNTKSFEDIHQYREQIKRVKDSDDVPMVLVGNKCDLAARTVESRQAQDLARSYGIPYIETSAKTRQGVEDAFYTLVREIRQH	True	183.430	183.430	178.449	90.000	90.000	90.000	/Users/mitchellparker/Desktop/rascore_build/core/6v9jC_core.cif	/Users/mitchellparker/Desktop/rascore_build/rcsb/6v9j.cif.gz	/Users/mitchellparker/Desktop/rascore_build/renum/6v9j_renum.cif	/Users/mitchellparker/Desktop/rascore_build/rcsb_assembly/6v9j-assembly-1.cif.gz	/Users/mitchellparker/Desktop/rascore_build/renum_assembly/6v9j-assembly-1_renum.cif	/Users/mitchellparker/Desktop/rascore_build/sifts/6v9j.xml.gz	/Users/mitchellparker/Desktop/rascore_build/pocket/6v9jC_1_pocket.pdb
6v9jC	6v9j	0	C	Y32out.0P-GEF	Y71out.0P-GEF	Y32out	Y71out	I 4 2 2 (CF2)	6v9jC2	2	GTPase HRas	RASH_HUMAN	P01112	WT	WT	HRAS	0P	WT	None	None	GEF.CDC25	None	SP2-Unbound	I 4 2 2	167	1-166	2019-12-13	Other	520.4240	0.0001	Unbound	Unbound	128,131,132,134,135,138,139,140,141,162	FMT,NA	Son of sevenless homolog 1	None	B:60,13,64,63,65,66,70,67,73,69,102,103,40,54,55,71,37,61,59,58,57,34,35,32,21,17,18,31,25,30,68,95,105,74,56,33,146,12,62	SOS1_HUMAN	None	None	None	RasGEF	None	B	None	None	None	FMT,NA	None	None	STP	XRAY	1.760	0.156	GMTEYKLVVVGAGGVGKSALTIQLIQNHFVDEYDPTIEDSYRKQVVIDGETCLLDILDTAGQEEYSAMRDQYMRTGEGFLCVFAINNTKSFEDIHQYREQIKRVKDSDDVPMVLVGNKCDLAARTVESRQAQDLARSYGIPYIETSAKTRQGVEDAFYTLVREIRQH	True	183.430	183.430	178.449	90.000	90.000	90.000	/Users/mitchellparker/Desktop/rascore_build/core/6v9jC_core.cif	/Users/mitchellparker/Desktop/rascore_build/rcsb/6v9j.cif.gz	/Users/mitchellparker/Desktop/rascore_build/renum/6v9j_renum.cif	/Users/mitchellparker/Desktop/rascore_build/rcsb_assembly/6v9j-assembly-1.cif.gz	/Users/mitchellparker/Desktop/rascore_build/renum_assembly/6v9j-assembly-1_renum.cif	/Users/mitchellparker/Desktop/rascore_build/sifts/6v9j.xml.gz	/Users/mitchellparker/Desktop/rascore_build/pocket/6v9jC_2_pocket.pdb
6v9jC	6v9j	0	C	Y32out.0P-GEF	Y71out.0P-GEF	Y32out	Y71out	I 4 2 2 (CF2)	6v9jC3	3	GTPase HRas	RASH_HUMAN	P01112	WT	WT	HRAS	0P	WT	None	None	GEF.CDC25	None	SP2-Unbound	I 4 2 2	167	1-166	2019-12-13	SP2	129.7418	0.0018	Unbound	Unbound	92,95,96,99	FMT,NA	Son of sevenless homolog 1	None	B:60,13,64,63,65,66,70,67,73,69,102,103,40,54,55,71,37,61,59,58,57,34,35,32,21,17,18,31,25,30,68,95,105,74,56,33,146,12,62	SOS1_HUMAN	None	None	None	RasGEF	None	B	None	None	None	FMT,NA	None	None	STP	XRAY	1.760	0.156	GMTEYKLVVVGAGGVGKSALTIQLIQNHFVDEYDPTIEDSYRKQVVIDGETCLLDILDTAGQEEYSAMRDQYMRTGEGFLCVFAINNTKSFEDIHQYREQIKRVKDSDDVPMVLVGNKCDLAARTVESRQAQDLARSYGIPYIETSAKTRQGVEDAFYTLVREIRQH	True	183.430	183.430	178.449	90.000	90.000	90.000	/Users/mitchellparker/Desktop/rascore_build/core/6v9jC_core.cif	/Users/mitchellparker/Desktop/rascore_build/rcsb/6v9j.cif.gz	/Users/mitchellparker/Desktop/rascore_build/renum/6v9j_renum.cif	/Users/mitchellparker/Desktop/rascore_build/rcsb_assembly/6v9j-assembly-1.cif.gz	/Users/mitchellparker/Desktop/rascore_build/renum_assembly/6v9j-assembly-1_renum.cif	/Users/mitchellparker/Desktop/rascore_build/sifts/6v9j.xml.gz	/Users/mitchellparker/Desktop/rascore_build/pocket/6v9jC_3_pocket.pdb
6v9lA	6v9l	0	A	Y32in.3P-ON	Y71in.3P-R	Y32in	Y71in	I 4 2 2 (CF2)	6v9lA1	1	GTPase HRas	RASH_HUMAN	P01112	Y64A	Y64	HRAS	3P	Other	None	None	GEF.REM	None	Other-Unbound	I 4 2 2	167	1-50:52-166	2019-12-13	Other	442.0670	0.0125	Unbound	Unbound	2,3,4,73,74,75,76,104,106,109,110,163,166	CSO,GNP,MG,ACT	Son of sevenless homolog 1	None	B:70,37,39,56,66,67,36,34,38,33,63,61,35,64,31,27,26,25,149,22,43,50,1,45,44,41,42,24,150,148,153,71,73,32,28	SOS1_HUMAN	None	None	None	RasGEF	None	B	GNP	MG	None	ACT,FMT	CSO	None	STP	XRAY	1.698	0.158	GMTEYKLVVVGAGGVGKSALTIQLIQNHFVDEYDPTIEDSYRKQVVIDGETCLLDILDTAGQEEASAMRDQYMRTGEGFLCVFAINNTKSFEDIHQYREQIKRVKDSDDVPMVLVGNKCDLAARTVESRQAQDLARSYGIPYIETSAKTRQGVEDAFYTLVREIRQH	True	183.383	183.383	178.069	90.000	90.000	90.000	/Users/mitchellparker/Desktop/rascore_build/core/6v9lA_core.cif	/Users/mitchellparker/Desktop/rascore_build/rcsb/6v9l.cif.gz	/Users/mitchellparker/Desktop/rascore_build/renum/6v9l_renum.cif	/Users/mitchellparker/Desktop/rascore_build/rcsb_assembly/6v9l-assembly-1.cif.gz	/Users/mitchellparker/Desktop/rascore_build/renum_assembly/6v9l-assembly-1_renum.cif	/Users/mitchellparker/Desktop/rascore_build/sifts/6v9l.xml.gz	/Users/mitchellparker/Desktop/rascore_build/pocket/6v9lA_1_pocket.pdb
6v9lC	6v9l	0	C	Y32out.0P-GEF	Y71out.0P-GEF	Y32out	Y71out	I 4 2 2 (CF2)	6v9lC1	1	GTPase HRas	RASH_HUMAN	P01112	WT	WT	HRAS	0P	WT	None	None	GEF.CDC25	None	SP2-Unbound	I 4 2 2	167	1-166	2019-12-13	SP2	227.3908	0.0094	Unbound	Unbound	7,8,9,10,16,56,58,61,62,64,68,71,72,96	FMT,NA	Son of sevenless homolog 1	None	B:60,13,64,63,65,66,70,67,73,69,102,103,40,54,55,71,37,61,59,58,57,34,35,32,21,17,18,31,25,30,95,68,56,33,12,105,62	SOS1_HUMAN	None	None	None	RasGEF	None	B	None	None	None	FMT,NA	None	None	STP	XRAY	1.698	0.158	GMTEYKLVVVGAGGVGKSALTIQLIQNHFVDEYDPTIEDSYRKQVVIDGETCLLDILDTAGQEEYSAMRDQYMRTGEGFLCVFAINNTKSFEDIHQYREQIKRVKDSDDVPMVLVGNKCDLAARTVESRQAQDLARSYGIPYIETSAKTRQGVEDAFYTLVREIRQH	True	183.383	183.383	178.069	90.000	90.000	90.000	/Users/mitchellparker/Desktop/rascore_build/core/6v9lC_core.cif	/Users/mitchellparker/Desktop/rascore_build/rcsb/6v9l.cif.gz	/Users/mitchellparker/Desktop/rascore_build/renum/6v9l_renum.cif	/Users/mitchellparker/Desktop/rascore_build/rcsb_assembly/6v9l-assembly-1.cif.gz	/Users/mitchellparker/Desktop/rascore_build/renum_assembly/6v9l-assembly-1_renum.cif	/Users/mitchellparker/Desktop/rascore_build/sifts/6v9l.xml.gz	/Users/mitchellparker/Desktop/rascore_build/pocket/6v9lC_1_pocket.pdb
6v9lC	6v9l	0	C	Y32out.0P-GEF	Y71out.0P-GEF	Y32out	Y71out	I 4 2 2 (CF2)	6v9lC2	2	GTPase HRas	RASH_HUMAN	P01112	WT	WT	HRAS	0P	WT	None	None	GEF.CDC25	None	SP2-Unbound	I 4 2 2	167	1-166	2019-12-13	Other	304.2485	0.0001	Unbound	Unbound	128,131,132,134,135,139,140,141	FMT,NA	Son of sevenless homolog 1	None	B:60,13,64,63,65,66,70,67,73,69,102,103,40,54,55,71,37,61,59,58,57,34,35,32,21,17,18,31,25,30,95,68,56,33,12,105,62	SOS1_HUMAN	None	None	None	RasGEF	None	B	None	None	None	FMT,NA	None	None	STP	XRAY	1.698	0.158	GMTEYKLVVVGAGGVGKSALTIQLIQNHFVDEYDPTIEDSYRKQVVIDGETCLLDILDTAGQEEYSAMRDQYMRTGEGFLCVFAINNTKSFEDIHQYREQIKRVKDSDDVPMVLVGNKCDLAARTVESRQAQDLARSYGIPYIETSAKTRQGVEDAFYTLVREIRQH	True	183.383	183.383	178.069	90.000	90.000	90.000	/Users/mitchellparker/Desktop/rascore_build/core/6v9lC_core.cif	/Users/mitchellparker/Desktop/rascore_build/rcsb/6v9l.cif.gz	/Users/mitchellparker/Desktop/rascore_build/renum/6v9l_renum.cif	/Users/mitchellparker/Desktop/rascore_build/rcsb_assembly/6v9l-assembly-1.cif.gz	/Users/mitchellparker/Desktop/rascore_build/renum_assembly/6v9l-assembly-1_renum.cif	/Users/mitchellparker/Desktop/rascore_build/sifts/6v9l.xml.gz	/Users/mitchellparker/Desktop/rascore_build/pocket/6v9lC_2_pocket.pdb
6v9lC	6v9l	0	C	Y32out.0P-GEF	Y71out.0P-GEF	Y32out	Y71out	I 4 2 2 (CF2)	6v9lC3	3	GTPase HRas	RASH_HUMAN	P01112	WT	WT	HRAS	0P	WT	None	None	GEF.CDC25	None	SP2-Unbound	I 4 2 2	167	1-166	2019-12-13	Other	210.7116	0.0001	Unbound	Unbound	135,138,139,140,162	FMT,NA	Son of sevenless homolog 1	None	B:60,13,64,63,65,66,70,67,73,69,102,103,40,54,55,71,37,61,59,58,57,34,35,32,21,17,18,31,25,30,95,68,56,33,12,105,62	SOS1_HUMAN	None	None	None	RasGEF	None	B	None	None	None	FMT,NA	None	None	STP	XRAY	1.698	0.158	GMTEYKLVVVGAGGVGKSALTIQLIQNHFVDEYDPTIEDSYRKQVVIDGETCLLDILDTAGQEEYSAMRDQYMRTGEGFLCVFAINNTKSFEDIHQYREQIKRVKDSDDVPMVLVGNKCDLAARTVESRQAQDLARSYGIPYIETSAKTRQGVEDAFYTLVREIRQH	True	183.383	183.383	178.069	90.000	90.000	90.000	/Users/mitchellparker/Desktop/rascore_build/core/6v9lC_core.cif	/Users/mitchellparker/Desktop/rascore_build/rcsb/6v9l.cif.gz	/Users/mitchellparker/Desktop/rascore_build/renum/6v9l_renum.cif	/Users/mitchellparker/Desktop/rascore_build/rcsb_assembly/6v9l-assembly-1.cif.gz	/Users/mitchellparker/Desktop/rascore_build/renum_assembly/6v9l-assembly-1_renum.cif	/Users/mitchellparker/Desktop/rascore_build/sifts/6v9l.xml.gz	/Users/mitchellparker/Desktop/rascore_build/pocket/6v9lC_3_pocket.pdb
6v9mA	6v9m	0	A	Y32in.3P-ON	Y71in.3P-R	Y32in	Y71in	I 4 2 2 (CF2)	6v9mA1	1	GTPase HRas	RASH_HUMAN	P01112	Y64A	Y64	HRAS	3P	Other	None	None	GEF.REM	None	SP12-Unbound	I 4 2 2	167	1-50:52-166	2019-12-13	SP12	148.1142	0.0027	Unbound	Unbound	5,6,7,39,54,55,56,74	CSO,GNP,MG	Son of sevenless homolog 1	None	B:70,37,39,56,66,67,36,34,38,33,63,61,35,64,31,27,26,25,149,22,153,43,50,1,45,44,41,42,24,28,71,152,73,74,32,148	SOS1_HUMAN	None	None	None	RasGEF	None	B	GNP	MG	None	FMT	CSO	None	STP	XRAY	1.648	0.161	GMTEYKLVVVGAGGVGKSALTIQLIQNHFVDEYDPTIEDSYRKQVVIDGETCLLDILDTAGQEEASAMRDQYMRTGEGFLCVFAINNTKSFEDIHQYREQIKRVKDSDDVPMVLVGNKCDLAARTVESRQAQDLARSYGIPYIETSAKTRQGVEDAFYTLVREIRQH	True	183.712	183.712	178.523	90.000	90.000	90.000	/Users/mitchellparker/Desktop/rascore_build/core/6v9mA_core.cif	/Users/mitchellparker/Desktop/rascore_build/rcsb/6v9m.cif.gz	/Users/mitchellparker/Desktop/rascore_build/renum/6v9m_renum.cif	/Users/mitchellparker/Desktop/rascore_build/rcsb_assembly/6v9m-assembly-1.cif.gz	/Users/mitchellparker/Desktop/rascore_build/renum_assembly/6v9m-assembly-1_renum.cif	/Users/mitchellparker/Desktop/rascore_build/sifts/6v9m.xml.gz	/Users/mitchellparker/Desktop/rascore_build/pocket/6v9mA_1_pocket.pdb
6v9mA	6v9m	0	A	Y32in.3P-ON	Y71in.3P-R	Y32in	Y71in	I 4 2 2 (CF2)	6v9mA2	2	GTPase HRas	RASH_HUMAN	P01112	Y64A	Y64	HRAS	3P	Other	None	None	GEF.REM	None	SP12-Unbound	I 4 2 2	167	1-50:52-166	2019-12-13	Other	318.2036	0.0063	Unbound	Unbound	73,74,75,76,104,106,109,110,163,166	CSO,GNP,MG	Son of sevenless homolog 1	None	B:70,37,39,56,66,67,36,34,38,33,63,61,35,64,31,27,26,25,149,22,153,43,50,1,45,44,41,42,24,28,71,152,73,74,32,148	SOS1_HUMAN	None	None	None	RasGEF	None	B	GNP	MG	None	FMT	CSO	None	STP	XRAY	1.648	0.161	GMTEYKLVVVGAGGVGKSALTIQLIQNHFVDEYDPTIEDSYRKQVVIDGETCLLDILDTAGQEEASAMRDQYMRTGEGFLCVFAINNTKSFEDIHQYREQIKRVKDSDDVPMVLVGNKCDLAARTVESRQAQDLARSYGIPYIETSAKTRQGVEDAFYTLVREIRQH	True	183.712	183.712	178.523	90.000	90.000	90.000	/Users/mitchellparker/Desktop/rascore_build/core/6v9mA_core.cif	/Users/mitchellparker/Desktop/rascore_build/rcsb/6v9m.cif.gz	/Users/mitchellparker/Desktop/rascore_build/renum/6v9m_renum.cif	/Users/mitchellparker/Desktop/rascore_build/rcsb_assembly/6v9m-assembly-1.cif.gz	/Users/mitchellparker/Desktop/rascore_build/renum_assembly/6v9m-assembly-1_renum.cif	/Users/mitchellparker/Desktop/rascore_build/sifts/6v9m.xml.gz	/Users/mitchellparker/Desktop/rascore_build/pocket/6v9mA_2_pocket.pdb
6v9mA	6v9m	0	A	Y32in.3P-ON	Y71in.3P-R	Y32in	Y71in	I 4 2 2 (CF2)	6v9mA3	3	GTPase HRas	RASH_HUMAN	P01112	Y64A	Y64	HRAS	3P	Other	None	None	GEF.REM	None	SP12-Unbound	I 4 2 2	167	1-50:52-166	2019-12-13	Other	216.9986	0.0003	Unbound	Unbound	97,107,108,109,110,111,137,138,139,162,165,166	CSO,GNP,MG	Son of sevenless homolog 1	None	B:70,37,39,56,66,67,36,34,38,33,63,61,35,64,31,27,26,25,149,22,153,43,50,1,45,44,41,42,24,28,71,152,73,74,32,148	SOS1_HUMAN	None	None	None	RasGEF	None	B	GNP	MG	None	FMT	CSO	None	STP	XRAY	1.648	0.161	GMTEYKLVVVGAGGVGKSALTIQLIQNHFVDEYDPTIEDSYRKQVVIDGETCLLDILDTAGQEEASAMRDQYMRTGEGFLCVFAINNTKSFEDIHQYREQIKRVKDSDDVPMVLVGNKCDLAARTVESRQAQDLARSYGIPYIETSAKTRQGVEDAFYTLVREIRQH	True	183.712	183.712	178.523	90.000	90.000	90.000	/Users/mitchellparker/Desktop/rascore_build/core/6v9mA_core.cif	/Users/mitchellparker/Desktop/rascore_build/rcsb/6v9m.cif.gz	/Users/mitchellparker/Desktop/rascore_build/renum/6v9m_renum.cif	/Users/mitchellparker/Desktop/rascore_build/rcsb_assembly/6v9m-assembly-1.cif.gz	/Users/mitchellparker/Desktop/rascore_build/renum_assembly/6v9m-assembly-1_renum.cif	/Users/mitchellparker/Desktop/rascore_build/sifts/6v9m.xml.gz	/Users/mitchellparker/Desktop/rascore_build/pocket/6v9mA_3_pocket.pdb
6v9mC	6v9m	0	C	Y32out.0P-GEF	Y71out.0P-GEF	Y32out	Y71out	I 4 2 2 (CF2)	6v9mC1	1	GTPase HRas	RASH_HUMAN	P01112	WT	WT	HRAS	0P	WT	None	None	GEF.CDC25	None	SP2-Unbound	I 4 2 2	167	1-166	2019-12-13	SP2	233.8186	0.0745	Unbound	Unbound	7,8,9,10,16,56,58,61,62,64,68,71,72,96	FMT,NA	Son of sevenless homolog 1	None	B:60,13,64,63,65,66,70,67,73,69,102,103,40,54,55,71,37,61,59,58,57,34,35,32,21,17,18,31,25,30,95,68,56,12,33,86,74,62	SOS1_HUMAN	None	None	None	RasGEF	None	B	None	None	None	FMT,NA	None	None	STP	XRAY	1.648	0.161	GMTEYKLVVVGAGGVGKSALTIQLIQNHFVDEYDPTIEDSYRKQVVIDGETCLLDILDTAGQEEYSAMRDQYMRTGEGFLCVFAINNTKSFEDIHQYREQIKRVKDSDDVPMVLVGNKCDLAARTVESRQAQDLARSYGIPYIETSAKTRQGVEDAFYTLVREIRQH	True	183.712	183.712	178.523	90.000	90.000	90.000	/Users/mitchellparker/Desktop/rascore_build/core/6v9mC_core.cif	/Users/mitchellparker/Desktop/rascore_build/rcsb/6v9m.cif.gz	/Users/mitchellparker/Desktop/rascore_build/renum/6v9m_renum.cif	/Users/mitchellparker/Desktop/rascore_build/rcsb_assembly/6v9m-assembly-1.cif.gz	/Users/mitchellparker/Desktop/rascore_build/renum_assembly/6v9m-assembly-1_renum.cif	/Users/mitchellparker/Desktop/rascore_build/sifts/6v9m.xml.gz	/Users/mitchellparker/Desktop/rascore_build/pocket/6v9mC_1_pocket.pdb
6v9mC	6v9m	0	C	Y32out.0P-GEF	Y71out.0P-GEF	Y32out	Y71out	I 4 2 2 (CF2)	6v9mC2	2	GTPase HRas	RASH_HUMAN	P01112	WT	WT	HRAS	0P	WT	None	None	GEF.CDC25	None	SP2-Unbound	I 4 2 2	167	1-166	2019-12-13	SP2	126.9731	0.0144	Unbound	Unbound	92,95,96,99	FMT,NA	Son of sevenless homolog 1	None	B:60,13,64,63,65,66,70,67,73,69,102,103,40,54,55,71,37,61,59,58,57,34,35,32,21,17,18,31,25,30,95,68,56,12,33,86,74,62	SOS1_HUMAN	None	None	None	RasGEF	None	B	None	None	None	FMT,NA	None	None	STP	XRAY	1.648	0.161	GMTEYKLVVVGAGGVGKSALTIQLIQNHFVDEYDPTIEDSYRKQVVIDGETCLLDILDTAGQEEYSAMRDQYMRTGEGFLCVFAINNTKSFEDIHQYREQIKRVKDSDDVPMVLVGNKCDLAARTVESRQAQDLARSYGIPYIETSAKTRQGVEDAFYTLVREIRQH	True	183.712	183.712	178.523	90.000	90.000	90.000	/Users/mitchellparker/Desktop/rascore_build/core/6v9mC_core.cif	/Users/mitchellparker/Desktop/rascore_build/rcsb/6v9m.cif.gz	/Users/mitchellparker/Desktop/rascore_build/renum/6v9m_renum.cif	/Users/mitchellparker/Desktop/rascore_build/rcsb_assembly/6v9m-assembly-1.cif.gz	/Users/mitchellparker/Desktop/rascore_build/renum_assembly/6v9m-assembly-1_renum.cif	/Users/mitchellparker/Desktop/rascore_build/sifts/6v9m.xml.gz	/Users/mitchellparker/Desktop/rascore_build/pocket/6v9mC_2_pocket.pdb
6v9mC	6v9m	0	C	Y32out.0P-GEF	Y71out.0P-GEF	Y32out	Y71out	I 4 2 2 (CF2)	6v9mC3	3	GTPase HRas	RASH_HUMAN	P01112	WT	WT	HRAS	0P	WT	None	None	GEF.CDC25	None	SP2-Unbound	I 4 2 2	167	1-166	2019-12-13	Other	527.1266	0.0000	Unbound	Unbound	128,131,132,134,135,138,139,140,141,162	FMT,NA	Son of sevenless homolog 1	None	B:60,13,64,63,65,66,70,67,73,69,102,103,40,54,55,71,37,61,59,58,57,34,35,32,21,17,18,31,25,30,95,68,56,12,33,86,74,62	SOS1_HUMAN	None	None	None	RasGEF	None	B	None	None	None	FMT,NA	None	None	STP	XRAY	1.648	0.161	GMTEYKLVVVGAGGVGKSALTIQLIQNHFVDEYDPTIEDSYRKQVVIDGETCLLDILDTAGQEEYSAMRDQYMRTGEGFLCVFAINNTKSFEDIHQYREQIKRVKDSDDVPMVLVGNKCDLAARTVESRQAQDLARSYGIPYIETSAKTRQGVEDAFYTLVREIRQH	True	183.712	183.712	178.523	90.000	90.000	90.000	/Users/mitchellparker/Desktop/rascore_build/core/6v9mC_core.cif	/Users/mitchellparker/Desktop/rascore_build/rcsb/6v9m.cif.gz	/Users/mitchellparker/Desktop/rascore_build/renum/6v9m_renum.cif	/Users/mitchellparker/Desktop/rascore_build/rcsb_assembly/6v9m-assembly-1.cif.gz	/Users/mitchellparker/Desktop/rascore_build/renum_assembly/6v9m-assembly-1_renum.cif	/Users/mitchellparker/Desktop/rascore_build/sifts/6v9m.xml.gz	/Users/mitchellparker/Desktop/rascore_build/pocket/6v9mC_3_pocket.pdb
6v9nA	6v9n	0	A	Y32in.3P-ON	Y71in.3P-R	Y32in	Y71in	I 4 2 2 (CF2)	6v9nA1	1	GTPase HRas	RASH_HUMAN	P01112	Y64A	Y64	HRAS	3P	Other	None	None	GEF.REM	None	Other-Unbound	I 4 2 2	167	1-50:52-166	2019-12-13	Other	310.2451	0.0013	Unbound	Unbound	73,74,75,76,104,106,109,110,163,166	CSO,GNP,MG,FMT	Son of sevenless homolog 1	None	B:70,39,56,66,67,36,37,34,38,33,63,61,35,64,31,27,26,25,149,22,148,43,50,1,45,44,41,42,24,150,28,73,32,40,147	SOS1_HUMAN	None	None	None	RasGEF	None	B	GNP	MG	None	FMT	CSO	None	STP	XRAY	1.648	0.165	GMTEYKLVVVGAGGVGKSALTIQLIQNHFVDEYDPTIEDSYRKQVVIDGETCLLDILDTAGQEEASAMRDQYMRTGEGFLCVFAINNTKSFEDIHQYREQIKRVKDSDDVPMVLVGNKCDLAARTVESRQAQDLARSYGIPYIETSAKTRQGVEDAFYTLVREIRQH	True	183.862	183.862	178.639	90.000	90.000	90.000	/Users/mitchellparker/Desktop/rascore_build/core/6v9nA_core.cif	/Users/mitchellparker/Desktop/rascore_build/rcsb/6v9n.cif.gz	/Users/mitchellparker/Desktop/rascore_build/renum/6v9n_renum.cif	/Users/mitchellparker/Desktop/rascore_build/rcsb_assembly/6v9n-assembly-1.cif.gz	/Users/mitchellparker/Desktop/rascore_build/renum_assembly/6v9n-assembly-1_renum.cif	/Users/mitchellparker/Desktop/rascore_build/sifts/6v9n.xml.gz	/Users/mitchellparker/Desktop/rascore_build/pocket/6v9nA_1_pocket.pdb
6v9nC	6v9n	0	C	Y32out.0P-GEF	Y71out.0P-GEF	Y32out	Y71out	I 4 2 2 (CF2)	6v9nC1	1	GTPase HRas	RASH_HUMAN	P01112	WT	WT	HRAS	0P	WT	None	None	GEF.CDC25	None	SP2-Unbound	I 4 2 2	167	1-166	2019-12-13	SP2	231.8396	0.0080	Unbound	Unbound	7,8,9,10,16,56,58,61,62,64,68,71,72,96	FMT,NA	Son of sevenless homolog 1	None	B:60,13,64,63,65,66,70,67,73,69,102,103,40,54,55,71,37,61,59,58,57,34,35,32,21,17,18,31,25,30,68,95,56,99,33,12,20,62,74	SOS1_HUMAN	None	None	None	RasGEF	None	B	None	None	None	FMT,NA	None	None	STP	XRAY	1.648	0.165	GMTEYKLVVVGAGGVGKSALTIQLIQNHFVDEYDPTIEDSYRKQVVIDGETCLLDILDTAGQEEYSAMRDQYMRTGEGFLCVFAINNTKSFEDIHQYREQIKRVKDSDDVPMVLVGNKCDLAARTVESRQAQDLARSYGIPYIETSAKTRQGVEDAFYTLVREIRQH	True	183.862	183.862	178.639	90.000	90.000	90.000	/Users/mitchellparker/Desktop/rascore_build/core/6v9nC_core.cif	/Users/mitchellparker/Desktop/rascore_build/rcsb/6v9n.cif.gz	/Users/mitchellparker/Desktop/rascore_build/renum/6v9n_renum.cif	/Users/mitchellparker/Desktop/rascore_build/rcsb_assembly/6v9n-assembly-1.cif.gz	/Users/mitchellparker/Desktop/rascore_build/renum_assembly/6v9n-assembly-1_renum.cif	/Users/mitchellparker/Desktop/rascore_build/sifts/6v9n.xml.gz	/Users/mitchellparker/Desktop/rascore_build/pocket/6v9nC_1_pocket.pdb
6v9nC	6v9n	0	C	Y32out.0P-GEF	Y71out.0P-GEF	Y32out	Y71out	I 4 2 2 (CF2)	6v9nC2	2	GTPase HRas	RASH_HUMAN	P01112	WT	WT	HRAS	0P	WT	None	None	GEF.CDC25	None	SP2-Unbound	I 4 2 2	167	1-166	2019-12-13	SP2	147.6244	0.0043	Unbound	Unbound	92,95,96,99	FMT,NA	Son of sevenless homolog 1	None	B:60,13,64,63,65,66,70,67,73,69,102,103,40,54,55,71,37,61,59,58,57,34,35,32,21,17,18,31,25,30,68,95,56,99,33,12,20,62,74	SOS1_HUMAN	None	None	None	RasGEF	None	B	None	None	None	FMT,NA	None	None	STP	XRAY	1.648	0.165	GMTEYKLVVVGAGGVGKSALTIQLIQNHFVDEYDPTIEDSYRKQVVIDGETCLLDILDTAGQEEYSAMRDQYMRTGEGFLCVFAINNTKSFEDIHQYREQIKRVKDSDDVPMVLVGNKCDLAARTVESRQAQDLARSYGIPYIETSAKTRQGVEDAFYTLVREIRQH	True	183.862	183.862	178.639	90.000	90.000	90.000	/Users/mitchellparker/Desktop/rascore_build/core/6v9nC_core.cif	/Users/mitchellparker/Desktop/rascore_build/rcsb/6v9n.cif.gz	/Users/mitchellparker/Desktop/rascore_build/renum/6v9n_renum.cif	/Users/mitchellparker/Desktop/rascore_build/rcsb_assembly/6v9n-assembly-1.cif.gz	/Users/mitchellparker/Desktop/rascore_build/renum_assembly/6v9n-assembly-1_renum.cif	/Users/mitchellparker/Desktop/rascore_build/sifts/6v9n.xml.gz	/Users/mitchellparker/Desktop/rascore_build/pocket/6v9nC_2_pocket.pdb
6v9nC	6v9n	0	C	Y32out.0P-GEF	Y71out.0P-GEF	Y32out	Y71out	I 4 2 2 (CF2)	6v9nC3	3	GTPase HRas	RASH_HUMAN	P01112	WT	WT	HRAS	0P	WT	None	None	GEF.CDC25	None	SP2-Unbound	I 4 2 2	167	1-166	2019-12-13	Other	441.2141	0.0001	Unbound	Unbound	128,131,132,134,135,138,139,140,141,162	FMT,NA	Son of sevenless homolog 1	None	B:60,13,64,63,65,66,70,67,73,69,102,103,40,54,55,71,37,61,59,58,57,34,35,32,21,17,18,31,25,30,68,95,56,99,33,12,20,62,74	SOS1_HUMAN	None	None	None	RasGEF	None	B	None	None	None	FMT,NA	None	None	STP	XRAY	1.648	0.165	GMTEYKLVVVGAGGVGKSALTIQLIQNHFVDEYDPTIEDSYRKQVVIDGETCLLDILDTAGQEEYSAMRDQYMRTGEGFLCVFAINNTKSFEDIHQYREQIKRVKDSDDVPMVLVGNKCDLAARTVESRQAQDLARSYGIPYIETSAKTRQGVEDAFYTLVREIRQH	True	183.862	183.862	178.639	90.000	90.000	90.000	/Users/mitchellparker/Desktop/rascore_build/core/6v9nC_core.cif	/Users/mitchellparker/Desktop/rascore_build/rcsb/6v9n.cif.gz	/Users/mitchellparker/Desktop/rascore_build/renum/6v9n_renum.cif	/Users/mitchellparker/Desktop/rascore_build/rcsb_assembly/6v9n-assembly-1.cif.gz	/Users/mitchellparker/Desktop/rascore_build/renum_assembly/6v9n-assembly-1_renum.cif	/Users/mitchellparker/Desktop/rascore_build/sifts/6v9n.xml.gz	/Users/mitchellparker/Desktop/rascore_build/pocket/6v9nC_3_pocket.pdb
6v9oC	6v9o	0	C	Y32out.0P-GEF	Y71out.0P-GEF	Y32out	Y71out	I 4 2 2 (CF2)	6v9oC1	1	GTPase HRas	RASH_HUMAN	P01112	WT	WT	HRAS	0P	WT	None	None	GEF.CDC25	None	SP2-Unbound	I 4 2 2	167	1-166	2019-12-13	SP2	239.0163	0.0168	Unbound	Unbound	7,8,9,10,16,56,58,61,62,64,68,71,72,96	FMT,NA	Son of sevenless homolog 1	None	B:60,13,64,63,65,66,70,67,73,69,102,103,40,54,55,71,37,61,59,58,57,34,35,32,21,17,18,31,25,30,68,95,74,33,146,56,99,12,86	SOS1_HUMAN	None	None	None	RasGEF	None	B	None	None	None	FMT,NA	None	None	STP	XRAY	1.799	0.157	GMTEYKLVVVGAGGVGKSALTIQLIQNHFVDEYDPTIEDSYRKQVVIDGETCLLDILDTAGQEEYSAMRDQYMRTGEGFLCVFAINNTKSFEDIHQYREQIKRVKDSDDVPMVLVGNKCDLAARTVESRQAQDLARSYGIPYIETSAKTRQGVEDAFYTLVREIRQH	True	184.144	184.144	178.865	90.000	90.000	90.000	/Users/mitchellparker/Desktop/rascore_build/core/6v9oC_core.cif	/Users/mitchellparker/Desktop/rascore_build/rcsb/6v9o.cif.gz	/Users/mitchellparker/Desktop/rascore_build/renum/6v9o_renum.cif	/Users/mitchellparker/Desktop/rascore_build/rcsb_assembly/6v9o-assembly-1.cif.gz	/Users/mitchellparker/Desktop/rascore_build/renum_assembly/6v9o-assembly-1_renum.cif	/Users/mitchellparker/Desktop/rascore_build/sifts/6v9o.xml.gz	/Users/mitchellparker/Desktop/rascore_build/pocket/6v9oC_1_pocket.pdb
6v9oC	6v9o	0	C	Y32out.0P-GEF	Y71out.0P-GEF	Y32out	Y71out	I 4 2 2 (CF2)	6v9oC2	2	GTPase HRas	RASH_HUMAN	P01112	WT	WT	HRAS	0P	WT	None	None	GEF.CDC25	None	SP2-Unbound	I 4 2 2	167	1-166	2019-12-13	Other	182.3106	0.0005	Unbound	Unbound	97,108,109,110,111,137,138,139,162,165,166	FMT,NA	Son of sevenless homolog 1	None	B:60,13,64,63,65,66,70,67,73,69,102,103,40,54,55,71,37,61,59,58,57,34,35,32,21,17,18,31,25,30,68,95,74,33,146,56,99,12,86	SOS1_HUMAN	None	None	None	RasGEF	None	B	None	None	None	FMT,NA	None	None	STP	XRAY	1.799	0.157	GMTEYKLVVVGAGGVGKSALTIQLIQNHFVDEYDPTIEDSYRKQVVIDGETCLLDILDTAGQEEYSAMRDQYMRTGEGFLCVFAINNTKSFEDIHQYREQIKRVKDSDDVPMVLVGNKCDLAARTVESRQAQDLARSYGIPYIETSAKTRQGVEDAFYTLVREIRQH	True	184.144	184.144	178.865	90.000	90.000	90.000	/Users/mitchellparker/Desktop/rascore_build/core/6v9oC_core.cif	/Users/mitchellparker/Desktop/rascore_build/rcsb/6v9o.cif.gz	/Users/mitchellparker/Desktop/rascore_build/renum/6v9o_renum.cif	/Users/mitchellparker/Desktop/rascore_build/rcsb_assembly/6v9o-assembly-1.cif.gz	/Users/mitchellparker/Desktop/rascore_build/renum_assembly/6v9o-assembly-1_renum.cif	/Users/mitchellparker/Desktop/rascore_build/sifts/6v9o.xml.gz	/Users/mitchellparker/Desktop/rascore_build/pocket/6v9oC_2_pocket.pdb
6v9oC	6v9o	0	C	Y32out.0P-GEF	Y71out.0P-GEF	Y32out	Y71out	I 4 2 2 (CF2)	6v9oC3	3	GTPase HRas	RASH_HUMAN	P01112	WT	WT	HRAS	0P	WT	None	None	GEF.CDC25	None	SP2-Unbound	I 4 2 2	167	1-166	2019-12-13	SP2	186.3795	0.0105	Unbound	Unbound	68,92,95,96,99	FMT,NA	Son of sevenless homolog 1	None	B:60,13,64,63,65,66,70,67,73,69,102,103,40,54,55,71,37,61,59,58,57,34,35,32,21,17,18,31,25,30,68,95,74,33,146,56,99,12,86	SOS1_HUMAN	None	None	None	RasGEF	None	B	None	None	None	FMT,NA	None	None	STP	XRAY	1.799	0.157	GMTEYKLVVVGAGGVGKSALTIQLIQNHFVDEYDPTIEDSYRKQVVIDGETCLLDILDTAGQEEYSAMRDQYMRTGEGFLCVFAINNTKSFEDIHQYREQIKRVKDSDDVPMVLVGNKCDLAARTVESRQAQDLARSYGIPYIETSAKTRQGVEDAFYTLVREIRQH	True	184.144	184.144	178.865	90.000	90.000	90.000	/Users/mitchellparker/Desktop/rascore_build/core/6v9oC_core.cif	/Users/mitchellparker/Desktop/rascore_build/rcsb/6v9o.cif.gz	/Users/mitchellparker/Desktop/rascore_build/renum/6v9o_renum.cif	/Users/mitchellparker/Desktop/rascore_build/rcsb_assembly/6v9o-assembly-1.cif.gz	/Users/mitchellparker/Desktop/rascore_build/renum_assembly/6v9o-assembly-1_renum.cif	/Users/mitchellparker/Desktop/rascore_build/sifts/6v9o.xml.gz	/Users/mitchellparker/Desktop/rascore_build/pocket/6v9oC_3_pocket.pdb
6v9oC	6v9o	0	C	Y32out.0P-GEF	Y71out.0P-GEF	Y32out	Y71out	I 4 2 2 (CF2)	6v9oC4	4	GTPase HRas	RASH_HUMAN	P01112	WT	WT	HRAS	0P	WT	None	None	GEF.CDC25	None	SP2-Unbound	I 4 2 2	167	1-166	2019-12-13	Other	476.9370	0.0001	Unbound	Unbound	128,131,132,134,135,138,139,140,141,162	FMT,NA	Son of sevenless homolog 1	None	B:60,13,64,63,65,66,70,67,73,69,102,103,40,54,55,71,37,61,59,58,57,34,35,32,21,17,18,31,25,30,68,95,74,33,146,56,99,12,86	SOS1_HUMAN	None	None	None	RasGEF	None	B	None	None	None	FMT,NA	None	None	STP	XRAY	1.799	0.157	GMTEYKLVVVGAGGVGKSALTIQLIQNHFVDEYDPTIEDSYRKQVVIDGETCLLDILDTAGQEEYSAMRDQYMRTGEGFLCVFAINNTKSFEDIHQYREQIKRVKDSDDVPMVLVGNKCDLAARTVESRQAQDLARSYGIPYIETSAKTRQGVEDAFYTLVREIRQH	True	184.144	184.144	178.865	90.000	90.000	90.000	/Users/mitchellparker/Desktop/rascore_build/core/6v9oC_core.cif	/Users/mitchellparker/Desktop/rascore_build/rcsb/6v9o.cif.gz	/Users/mitchellparker/Desktop/rascore_build/renum/6v9o_renum.cif	/Users/mitchellparker/Desktop/rascore_build/rcsb_assembly/6v9o-assembly-1.cif.gz	/Users/mitchellparker/Desktop/rascore_build/renum_assembly/6v9o-assembly-1_renum.cif	/Users/mitchellparker/Desktop/rascore_build/sifts/6v9o.xml.gz	/Users/mitchellparker/Desktop/rascore_build/pocket/6v9oC_4_pocket.pdb
6vc8A	6vc8	0	A	Y32in.3P-ON	Disordered	Y32in	Disordered	C 1 2 1 (CF3)	6vc8A2	2	GTPase KRas	RASK_HUMAN	P01116-2	WT	WT	KRAS	3P	WT	None	None	None	None	Multiple-Unbound	C 1 2 1	170	1-61:70-168	2019-12-20	SP2	262.5544	0.0021	Unbound	Unbound	7,9,58,59,60,61,70,71,72,96,99	GNP,MG	None	None	None	None	None	None	None	None	None	None	GNP	MG	None	None	None	None	STP	XRAY	2.500	0.215	GMTEYKLVVVGAGGVGKSALTIQLIQNHFVDEYDPTIEDSYRKQVVIDGETCLLDILDTAGQEEYSAMRDQYMRTGEGFLCVFAINNTKSFEDIHHYREQIKRVKDSEDVPMVLVGNKCDLPSRTVDTKQAQDLARSYGIPFIETSAKTRQGVDDAFYTLVREIRKHKEK	True	69.210	82.330	88.140	90.000	112.920	90.000	/Users/mitchellparker/Desktop/rascore_build/core/6vc8A_core.cif	/Users/mitchellparker/Desktop/rascore_build/rcsb/6vc8.cif.gz	/Users/mitchellparker/Desktop/rascore_build/renum/6vc8_renum.cif	/Users/mitchellparker/Desktop/rascore_build/rcsb_assembly/6vc8-assembly-1.cif.gz	/Users/mitchellparker/Desktop/rascore_build/renum_assembly/6vc8-assembly-1_renum.cif	/Users/mitchellparker/Desktop/rascore_build/sifts/6vc8.xml.gz	/Users/mitchellparker/Desktop/rascore_build/pocket/6vc8A_2_pocket.pdb
6vc8A	6vc8	0	A	Y32in.3P-ON	Disordered	Y32in	Disordered	C 1 2 1 (CF3)	6vc8A3	3	GTPase KRas	RASK_HUMAN	P01116-2	WT	WT	KRAS	3P	WT	None	None	None	None	Multiple-Unbound	C 1 2 1	170	1-61:70-168	2019-12-20	Other	322.4011	0.0530	Unbound	Unbound	74,75,76,104,106,108,109,110,163,166,167	GNP,MG	None	None	None	None	None	None	None	None	None	None	GNP	MG	None	None	None	None	STP	XRAY	2.500	0.215	GMTEYKLVVVGAGGVGKSALTIQLIQNHFVDEYDPTIEDSYRKQVVIDGETCLLDILDTAGQEEYSAMRDQYMRTGEGFLCVFAINNTKSFEDIHHYREQIKRVKDSEDVPMVLVGNKCDLPSRTVDTKQAQDLARSYGIPFIETSAKTRQGVDDAFYTLVREIRKHKEK	True	69.210	82.330	88.140	90.000	112.920	90.000	/Users/mitchellparker/Desktop/rascore_build/core/6vc8A_core.cif	/Users/mitchellparker/Desktop/rascore_build/rcsb/6vc8.cif.gz	/Users/mitchellparker/Desktop/rascore_build/renum/6vc8_renum.cif	/Users/mitchellparker/Desktop/rascore_build/rcsb_assembly/6vc8-assembly-1.cif.gz	/Users/mitchellparker/Desktop/rascore_build/renum_assembly/6vc8-assembly-1_renum.cif	/Users/mitchellparker/Desktop/rascore_build/sifts/6vc8.xml.gz	/Users/mitchellparker/Desktop/rascore_build/pocket/6vc8A_3_pocket.pdb
6vc8A	6vc8	0	A	Y32in.3P-ON	Disordered	Y32in	Disordered	C 1 2 1 (CF3)	6vc8A4	4	GTPase KRas	RASK_HUMAN	P01116-2	WT	WT	KRAS	3P	WT	None	None	None	None	Multiple-Unbound	C 1 2 1	170	1-61:70-168	2019-12-20	Other	243.5526	0.0001	Unbound	Unbound	108,109,110,111,138,139,162,165,166	GNP,MG	None	None	None	None	None	None	None	None	None	None	GNP	MG	None	None	None	None	STP	XRAY	2.500	0.215	GMTEYKLVVVGAGGVGKSALTIQLIQNHFVDEYDPTIEDSYRKQVVIDGETCLLDILDTAGQEEYSAMRDQYMRTGEGFLCVFAINNTKSFEDIHHYREQIKRVKDSEDVPMVLVGNKCDLPSRTVDTKQAQDLARSYGIPFIETSAKTRQGVDDAFYTLVREIRKHKEK	True	69.210	82.330	88.140	90.000	112.920	90.000	/Users/mitchellparker/Desktop/rascore_build/core/6vc8A_core.cif	/Users/mitchellparker/Desktop/rascore_build/rcsb/6vc8.cif.gz	/Users/mitchellparker/Desktop/rascore_build/renum/6vc8_renum.cif	/Users/mitchellparker/Desktop/rascore_build/rcsb_assembly/6vc8-assembly-1.cif.gz	/Users/mitchellparker/Desktop/rascore_build/renum_assembly/6vc8-assembly-1_renum.cif	/Users/mitchellparker/Desktop/rascore_build/sifts/6vc8.xml.gz	/Users/mitchellparker/Desktop/rascore_build/pocket/6vc8A_4_pocket.pdb
6vc8A	6vc8	0	A	Y32in.3P-ON	Disordered	Y32in	Disordered	C 1 2 1 (CF3)	6vc8A5	5	GTPase KRas	RASK_HUMAN	P01116-2	WT	WT	KRAS	3P	WT	None	None	None	None	Multiple-Unbound	C 1 2 1	170	1-61:70-168	2019-12-20	SP2	161.2937	0.0002	Unbound	Unbound	61,88,92,95,96	GNP,MG	None	None	None	None	None	None	None	None	None	None	GNP	MG	None	None	None	None	STP	XRAY	2.500	0.215	GMTEYKLVVVGAGGVGKSALTIQLIQNHFVDEYDPTIEDSYRKQVVIDGETCLLDILDTAGQEEYSAMRDQYMRTGEGFLCVFAINNTKSFEDIHHYREQIKRVKDSEDVPMVLVGNKCDLPSRTVDTKQAQDLARSYGIPFIETSAKTRQGVDDAFYTLVREIRKHKEK	True	69.210	82.330	88.140	90.000	112.920	90.000	/Users/mitchellparker/Desktop/rascore_build/core/6vc8A_core.cif	/Users/mitchellparker/Desktop/rascore_build/rcsb/6vc8.cif.gz	/Users/mitchellparker/Desktop/rascore_build/renum/6vc8_renum.cif	/Users/mitchellparker/Desktop/rascore_build/rcsb_assembly/6vc8-assembly-1.cif.gz	/Users/mitchellparker/Desktop/rascore_build/renum_assembly/6vc8-assembly-1_renum.cif	/Users/mitchellparker/Desktop/rascore_build/sifts/6vc8.xml.gz	/Users/mitchellparker/Desktop/rascore_build/pocket/6vc8A_5_pocket.pdb
6vc8A	6vc8	0	A	Y32in.3P-ON	Disordered	Y32in	Disordered	C 1 2 1 (CF3)	6vc8A6	6	GTPase KRas	RASK_HUMAN	P01116-2	WT	WT	KRAS	3P	WT	None	None	None	None	Multiple-Unbound	C 1 2 1	170	1-61:70-168	2019-12-20	SP12	224.9118	0.0001	Unbound	Unbound	5,6,7,39,54,56,74	GNP,MG	None	None	None	None	None	None	None	None	None	None	GNP	MG	None	None	None	None	STP	XRAY	2.500	0.215	GMTEYKLVVVGAGGVGKSALTIQLIQNHFVDEYDPTIEDSYRKQVVIDGETCLLDILDTAGQEEYSAMRDQYMRTGEGFLCVFAINNTKSFEDIHHYREQIKRVKDSEDVPMVLVGNKCDLPSRTVDTKQAQDLARSYGIPFIETSAKTRQGVDDAFYTLVREIRKHKEK	True	69.210	82.330	88.140	90.000	112.920	90.000	/Users/mitchellparker/Desktop/rascore_build/core/6vc8A_core.cif	/Users/mitchellparker/Desktop/rascore_build/rcsb/6vc8.cif.gz	/Users/mitchellparker/Desktop/rascore_build/renum/6vc8_renum.cif	/Users/mitchellparker/Desktop/rascore_build/rcsb_assembly/6vc8-assembly-1.cif.gz	/Users/mitchellparker/Desktop/rascore_build/renum_assembly/6vc8-assembly-1_renum.cif	/Users/mitchellparker/Desktop/rascore_build/sifts/6vc8.xml.gz	/Users/mitchellparker/Desktop/rascore_build/pocket/6vc8A_6_pocket.pdb
6vc8B	6vc8	0	B	Y32in.3P-ON	Disordered	Y32in	Y71in	C 1 2 1 (CF3)	6vc8B3	3	GTPase KRas	RASK_HUMAN	P01116-2	WT	WT	KRAS	3P	WT	None	None	None	None	SP12-Unbound	C 1 2 1	170	1-60:69-168	2019-12-20	Other	389.8242	0.0686	Unbound	Unbound	73,74,75,76,104,106,108,109,110,163,166,167	GNP,MG	None	None	None	None	None	None	None	None	None	None	GNP	MG	None	None	None	None	STP	XRAY	2.500	0.215	GMTEYKLVVVGAGGVGKSALTIQLIQNHFVDEYDPTIEDSYRKQVVIDGETCLLDILDTAGQEEYSAMRDQYMRTGEGFLCVFAINNTKSFEDIHHYREQIKRVKDSEDVPMVLVGNKCDLPSRTVDTKQAQDLARSYGIPFIETSAKTRQGVDDAFYTLVREIRKHKEK	True	69.210	82.330	88.140	90.000	112.920	90.000	/Users/mitchellparker/Desktop/rascore_build/core/6vc8B_core.cif	/Users/mitchellparker/Desktop/rascore_build/rcsb/6vc8.cif.gz	/Users/mitchellparker/Desktop/rascore_build/renum/6vc8_renum.cif	/Users/mitchellparker/Desktop/rascore_build/rcsb_assembly/6vc8-assembly-1.cif.gz	/Users/mitchellparker/Desktop/rascore_build/renum_assembly/6vc8-assembly-1_renum.cif	/Users/mitchellparker/Desktop/rascore_build/sifts/6vc8.xml.gz	/Users/mitchellparker/Desktop/rascore_build/pocket/6vc8B_3_pocket.pdb
6vc8B	6vc8	0	B	Y32in.3P-ON	Disordered	Y32in	Y71in	C 1 2 1 (CF3)	6vc8B4	4	GTPase KRas	RASK_HUMAN	P01116-2	WT	WT	KRAS	3P	WT	None	None	None	None	SP12-Unbound	C 1 2 1	170	1-60:69-168	2019-12-20	SP12	216.5959	0.0123	Unbound	Unbound	5,6,7,39,54,56,71,74,75	GNP,MG	None	None	None	None	None	None	None	None	None	None	GNP	MG	None	None	None	None	STP	XRAY	2.500	0.215	GMTEYKLVVVGAGGVGKSALTIQLIQNHFVDEYDPTIEDSYRKQVVIDGETCLLDILDTAGQEEYSAMRDQYMRTGEGFLCVFAINNTKSFEDIHHYREQIKRVKDSEDVPMVLVGNKCDLPSRTVDTKQAQDLARSYGIPFIETSAKTRQGVDDAFYTLVREIRKHKEK	True	69.210	82.330	88.140	90.000	112.920	90.000	/Users/mitchellparker/Desktop/rascore_build/core/6vc8B_core.cif	/Users/mitchellparker/Desktop/rascore_build/rcsb/6vc8.cif.gz	/Users/mitchellparker/Desktop/rascore_build/renum/6vc8_renum.cif	/Users/mitchellparker/Desktop/rascore_build/rcsb_assembly/6vc8-assembly-1.cif.gz	/Users/mitchellparker/Desktop/rascore_build/renum_assembly/6vc8-assembly-1_renum.cif	/Users/mitchellparker/Desktop/rascore_build/sifts/6vc8.xml.gz	/Users/mitchellparker/Desktop/rascore_build/pocket/6vc8B_4_pocket.pdb
6vc8C	6vc8	0	C	Disordered	Disordered	Disordered	Disordered	C 1 2 1 (CF3)	6vc8C2	2	GTPase KRas	RASK_HUMAN	P01116-2	WT	WT	KRAS	3P	WT	None	None	None	None	Other-Unbound	C 1 2 1	170	1-29:38-59:70-168	2019-12-20	Other	277.1141	0.0007	Unbound	Unbound	108,109,110,138,139,162,165,166	GNP,MG	None	None	None	None	None	None	None	None	None	None	GNP	MG	None	None	None	None	STP	XRAY	2.500	0.215	GMTEYKLVVVGAGGVGKSALTIQLIQNHFVDEYDPTIEDSYRKQVVIDGETCLLDILDTAGQEEYSAMRDQYMRTGEGFLCVFAINNTKSFEDIHHYREQIKRVKDSEDVPMVLVGNKCDLPSRTVDTKQAQDLARSYGIPFIETSAKTRQGVDDAFYTLVREIRKHKEK	True	69.210	82.330	88.140	90.000	112.920	90.000	/Users/mitchellparker/Desktop/rascore_build/core/6vc8C_core.cif	/Users/mitchellparker/Desktop/rascore_build/rcsb/6vc8.cif.gz	/Users/mitchellparker/Desktop/rascore_build/renum/6vc8_renum.cif	/Users/mitchellparker/Desktop/rascore_build/rcsb_assembly/6vc8-assembly-1.cif.gz	/Users/mitchellparker/Desktop/rascore_build/renum_assembly/6vc8-assembly-1_renum.cif	/Users/mitchellparker/Desktop/rascore_build/sifts/6vc8.xml.gz	/Users/mitchellparker/Desktop/rascore_build/pocket/6vc8C_2_pocket.pdb
6vc8C	6vc8	0	C	Disordered	Disordered	Disordered	Disordered	C 1 2 1 (CF3)	6vc8C3	3	GTPase KRas	RASK_HUMAN	P01116-2	WT	WT	KRAS	3P	WT	None	None	None	None	Other-Unbound	C 1 2 1	170	1-29:38-59:70-168	2019-12-20	Other	313.9878	0.0002	Unbound	Unbound	16,17,38,56,57,58,59	GNP,MG	None	None	None	None	None	None	None	None	None	None	GNP	MG	None	None	None	None	STP	XRAY	2.500	0.215	GMTEYKLVVVGAGGVGKSALTIQLIQNHFVDEYDPTIEDSYRKQVVIDGETCLLDILDTAGQEEYSAMRDQYMRTGEGFLCVFAINNTKSFEDIHHYREQIKRVKDSEDVPMVLVGNKCDLPSRTVDTKQAQDLARSYGIPFIETSAKTRQGVDDAFYTLVREIRKHKEK	True	69.210	82.330	88.140	90.000	112.920	90.000	/Users/mitchellparker/Desktop/rascore_build/core/6vc8C_core.cif	/Users/mitchellparker/Desktop/rascore_build/rcsb/6vc8.cif.gz	/Users/mitchellparker/Desktop/rascore_build/renum/6vc8_renum.cif	/Users/mitchellparker/Desktop/rascore_build/rcsb_assembly/6vc8-assembly-1.cif.gz	/Users/mitchellparker/Desktop/rascore_build/renum_assembly/6vc8-assembly-1_renum.cif	/Users/mitchellparker/Desktop/rascore_build/sifts/6vc8.xml.gz	/Users/mitchellparker/Desktop/rascore_build/pocket/6vc8C_3_pocket.pdb
6vc8C	6vc8	0	C	Disordered	Disordered	Disordered	Disordered	C 1 2 1 (CF3)	6vc8C4	4	GTPase KRas	RASK_HUMAN	P01116-2	WT	WT	KRAS	3P	WT	None	None	None	None	Other-Unbound	C 1 2 1	170	1-29:38-59:70-168	2019-12-20	Other	216.9892	0.2507	Unbound	Unbound	21,24,25,27,40	GNP,MG	None	None	None	None	None	None	None	None	None	None	GNP	MG	None	None	None	None	STP	XRAY	2.500	0.215	GMTEYKLVVVGAGGVGKSALTIQLIQNHFVDEYDPTIEDSYRKQVVIDGETCLLDILDTAGQEEYSAMRDQYMRTGEGFLCVFAINNTKSFEDIHHYREQIKRVKDSEDVPMVLVGNKCDLPSRTVDTKQAQDLARSYGIPFIETSAKTRQGVDDAFYTLVREIRKHKEK	True	69.210	82.330	88.140	90.000	112.920	90.000	/Users/mitchellparker/Desktop/rascore_build/core/6vc8C_core.cif	/Users/mitchellparker/Desktop/rascore_build/rcsb/6vc8.cif.gz	/Users/mitchellparker/Desktop/rascore_build/renum/6vc8_renum.cif	/Users/mitchellparker/Desktop/rascore_build/rcsb_assembly/6vc8-assembly-1.cif.gz	/Users/mitchellparker/Desktop/rascore_build/renum_assembly/6vc8-assembly-1_renum.cif	/Users/mitchellparker/Desktop/rascore_build/sifts/6vc8.xml.gz	/Users/mitchellparker/Desktop/rascore_build/pocket/6vc8C_4_pocket.pdb
6vc8C	6vc8	0	C	Disordered	Disordered	Disordered	Disordered	C 1 2 1 (CF3)	6vc8C5	5	GTPase KRas	RASK_HUMAN	P01116-2	WT	WT	KRAS	3P	WT	None	None	None	None	Other-Unbound	C 1 2 1	170	1-29:38-59:70-168	2019-12-20	Other	258.5413	0.0002	Unbound	Unbound	131,134,135,139,141	GNP,MG	None	None	None	None	None	None	None	None	None	None	GNP	MG	None	None	None	None	STP	XRAY	2.500	0.215	GMTEYKLVVVGAGGVGKSALTIQLIQNHFVDEYDPTIEDSYRKQVVIDGETCLLDILDTAGQEEYSAMRDQYMRTGEGFLCVFAINNTKSFEDIHHYREQIKRVKDSEDVPMVLVGNKCDLPSRTVDTKQAQDLARSYGIPFIETSAKTRQGVDDAFYTLVREIRKHKEK	True	69.210	82.330	88.140	90.000	112.920	90.000	/Users/mitchellparker/Desktop/rascore_build/core/6vc8C_core.cif	/Users/mitchellparker/Desktop/rascore_build/rcsb/6vc8.cif.gz	/Users/mitchellparker/Desktop/rascore_build/renum/6vc8_renum.cif	/Users/mitchellparker/Desktop/rascore_build/rcsb_assembly/6vc8-assembly-1.cif.gz	/Users/mitchellparker/Desktop/rascore_build/renum_assembly/6vc8-assembly-1_renum.cif	/Users/mitchellparker/Desktop/rascore_build/sifts/6vc8.xml.gz	/Users/mitchellparker/Desktop/rascore_build/pocket/6vc8C_5_pocket.pdb
6vjjA	6vjj	0	A	Y32in.3P-ON	Outlier	Y32in	Y71out	P 2 21 21 (CF1)	6vjjA1	1	GTPase KRas	RASK_HUMAN	P01116-2	WT	WT	KRAS	3P	WT	None	None	Effector	None	Other-Unbound	P 2 21 21	170	1-167	2020-01-16	Other	337.2440	0.0004	Unbound	Unbound	127,131,141,142,143,150,151,154	MG,GNP,CL,CL,CL,EDO,MPD	RAF proto-oncogene serine/threonine-protein kinase	None	B:36,37,67,41,39,40,38,71,34,31,29,33,25,24,21,35,3,54,64	RAF1_HUMAN	None	None	None	RBD	None	B	GNP	MG	None	CL,EDO,MPD	None	None	STP	XRAY	1.400	0.166	GMTEYKLVVVGAGGVGKSALTIQLIQNHFVDEYDPTIEDSYRKQVVIDGETCLLDILDTAGQEEYSAMRDQYMRTGEGFLCVFAINNTKSFEDIHHYREQIKRVKDSEDVPMVLVGNKCDLPSRTVDTKQAQDLARSYGIPFIETSAKTRQGVDDAFYTLVREIRKHKEK	True	44.132	67.572	71.260	90.000	90.000	90.000	/Users/mitchellparker/Desktop/rascore_build/core/6vjjA_core.cif	/Users/mitchellparker/Desktop/rascore_build/rcsb/6vjj.cif.gz	/Users/mitchellparker/Desktop/rascore_build/renum/6vjj_renum.cif	/Users/mitchellparker/Desktop/rascore_build/rcsb_assembly/6vjj-assembly-1.cif.gz	/Users/mitchellparker/Desktop/rascore_build/renum_assembly/6vjj-assembly-1_renum.cif	/Users/mitchellparker/Desktop/rascore_build/sifts/6vjj.xml.gz	/Users/mitchellparker/Desktop/rascore_build/pocket/6vjjA_1_pocket.pdb
6vjjA	6vjj	0	A	Y32in.3P-ON	Outlier	Y32in	Y71out	P 2 21 21 (CF1)	6vjjA2	2	GTPase KRas	RASK_HUMAN	P01116-2	WT	WT	KRAS	3P	WT	None	None	Effector	None	Other-Unbound	P 2 21 21	170	1-167	2020-01-16	Other	273.6077	0.0002	Unbound	Unbound	97,107,108,109,110,111,137,138,139,162,166	MG,GNP,CL,CL,CL,EDO,MPD	RAF proto-oncogene serine/threonine-protein kinase	None	B:36,37,67,41,39,40,38,71,34,31,29,33,25,24,21,35,3,54,64	RAF1_HUMAN	None	None	None	RBD	None	B	GNP	MG	None	CL,EDO,MPD	None	None	STP	XRAY	1.400	0.166	GMTEYKLVVVGAGGVGKSALTIQLIQNHFVDEYDPTIEDSYRKQVVIDGETCLLDILDTAGQEEYSAMRDQYMRTGEGFLCVFAINNTKSFEDIHHYREQIKRVKDSEDVPMVLVGNKCDLPSRTVDTKQAQDLARSYGIPFIETSAKTRQGVDDAFYTLVREIRKHKEK	True	44.132	67.572	71.260	90.000	90.000	90.000	/Users/mitchellparker/Desktop/rascore_build/core/6vjjA_core.cif	/Users/mitchellparker/Desktop/rascore_build/rcsb/6vjj.cif.gz	/Users/mitchellparker/Desktop/rascore_build/renum/6vjj_renum.cif	/Users/mitchellparker/Desktop/rascore_build/rcsb_assembly/6vjj-assembly-1.cif.gz	/Users/mitchellparker/Desktop/rascore_build/renum_assembly/6vjj-assembly-1_renum.cif	/Users/mitchellparker/Desktop/rascore_build/sifts/6vjj.xml.gz	/Users/mitchellparker/Desktop/rascore_build/pocket/6vjjA_2_pocket.pdb
6w4eB	6w4e	0	B	Outlier	Outlier	Y32in	Y71in	None	6w4eB10	10	GTPase KRas	RASK_HUMAN	P01116-2	G12D	G12	KRAS	3P	G12D	None	None	Nanodisc	None	SP12-Unbound	None	185	2-167:169-185	2020-03-10	Other	209.9413	0.0004	Unbound	Unbound	170,173,174,175,176,178	PCW,PCW,PCW,PCW,PCW,PCW,PCW,PCW,PCW,PCW,PCW,PCW,PCW,PCW,17F,17F,PCW,PCW,PCW,PCW,PCW,17F,PCW,PCW,PCW,PCW,PCW,PCW,PCW,PCW,PCW,PCW,PCW,PCW,PCW,PCW,PCW,PCW,PCW,PCW,PCW,PCW,PCW,PCW,PCW,PCW,PCW,PCW,PCW,17F,17F,17F,17F,17F,GSP,MG,PCW,PCW,PCW,PCW,PCW,PCW,17F,17F,17F,PCW,PCW,PCW,PCW,PCW,PCW,PCW,PCW,PCW,PCW,17F,17F,17F,PCW,PCW,17F,17F	Apolipoprotein A-I	None	A:183,185,184	APOA1_HUMAN	None	None	None	Nanodisc	None	A,D	GSP	MG	None	None	None	17F,PCW	STP	NMR	None	None	STEYKLVVVGADGVGKSALTIQLIQNHFVDEYDPTIEDSYRKQVVIDGETCLLDILDTAGQEEYSAMRDQYMRTGEGFLCVFAINNTKSFEDIHHYREQIKRVKDSEDVPMVLVGNKCDLPSRTVDTKQAQDLARSYGIPFIETSAKTRQGVDDAFYTLVREIRKHKEKMSKDGKKKKKKSKTKC	True	999.0	999.0	999.0	999.0	999.0	999.0	/Users/mitchellparker/Desktop/rascore_build/core/6w4eB_core.cif	/Users/mitchellparker/Desktop/rascore_build/rcsb/6w4e.cif.gz	/Users/mitchellparker/Desktop/rascore_build/renum/6w4e_renum.cif	/Users/mitchellparker/Desktop/rascore_build/rcsb_assembly/6w4e-assembly-1.cif.gz	/Users/mitchellparker/Desktop/rascore_build/renum_assembly/6w4e-assembly-1_renum.cif	/Users/mitchellparker/Desktop/rascore_build/sifts/6w4e.xml.gz	/Users/mitchellparker/Desktop/rascore_build/pocket/6w4eB_10_pocket.pdb
6w4eB	6w4e	0	B	Outlier	Outlier	Y32in	Y71in	None	6w4eB11	11	GTPase KRas	RASK_HUMAN	P01116-2	G12D	G12	KRAS	3P	G12D	None	None	Nanodisc	None	SP12-Unbound	None	185	2-167:169-185	2020-03-10	Other	117.3483	0.0004	Unbound	Unbound	128,129,132	PCW,PCW,PCW,PCW,PCW,PCW,PCW,PCW,PCW,PCW,PCW,PCW,PCW,PCW,17F,17F,PCW,PCW,PCW,PCW,PCW,17F,PCW,PCW,PCW,PCW,PCW,PCW,PCW,PCW,PCW,PCW,PCW,PCW,PCW,PCW,PCW,PCW,PCW,PCW,PCW,PCW,PCW,PCW,PCW,PCW,PCW,PCW,PCW,17F,17F,17F,17F,17F,GSP,MG,PCW,PCW,PCW,PCW,PCW,PCW,17F,17F,17F,PCW,PCW,PCW,PCW,PCW,PCW,PCW,PCW,PCW,PCW,17F,17F,17F,PCW,PCW,17F,17F	Apolipoprotein A-I	None	A:183,185,184	APOA1_HUMAN	None	None	None	Nanodisc	None	A,D	GSP	MG	None	None	None	17F,PCW	STP	NMR	None	None	STEYKLVVVGADGVGKSALTIQLIQNHFVDEYDPTIEDSYRKQVVIDGETCLLDILDTAGQEEYSAMRDQYMRTGEGFLCVFAINNTKSFEDIHHYREQIKRVKDSEDVPMVLVGNKCDLPSRTVDTKQAQDLARSYGIPFIETSAKTRQGVDDAFYTLVREIRKHKEKMSKDGKKKKKKSKTKC	True	999.0	999.0	999.0	999.0	999.0	999.0	/Users/mitchellparker/Desktop/rascore_build/core/6w4eB_core.cif	/Users/mitchellparker/Desktop/rascore_build/rcsb/6w4e.cif.gz	/Users/mitchellparker/Desktop/rascore_build/renum/6w4e_renum.cif	/Users/mitchellparker/Desktop/rascore_build/rcsb_assembly/6w4e-assembly-1.cif.gz	/Users/mitchellparker/Desktop/rascore_build/renum_assembly/6w4e-assembly-1_renum.cif	/Users/mitchellparker/Desktop/rascore_build/sifts/6w4e.xml.gz	/Users/mitchellparker/Desktop/rascore_build/pocket/6w4eB_11_pocket.pdb
6w4eB	6w4e	0	B	Outlier	Outlier	Y32in	Y71in	None	6w4eB12	12	GTPase KRas	RASK_HUMAN	P01116-2	G12D	G12	KRAS	3P	G12D	None	None	Nanodisc	None	SP12-Unbound	None	185	2-167:169-185	2020-03-10	Other	421.7975	0.0025	Unbound	Unbound	76,104,106,107,108,109,110,163,166,171	PCW,PCW,PCW,PCW,PCW,PCW,PCW,PCW,PCW,PCW,PCW,PCW,PCW,PCW,17F,17F,PCW,PCW,PCW,PCW,PCW,17F,PCW,PCW,PCW,PCW,PCW,PCW,PCW,PCW,PCW,PCW,PCW,PCW,PCW,PCW,PCW,PCW,PCW,PCW,PCW,PCW,PCW,PCW,PCW,PCW,PCW,PCW,PCW,17F,17F,17F,17F,17F,GSP,MG,PCW,PCW,PCW,PCW,PCW,PCW,17F,17F,17F,PCW,PCW,PCW,PCW,PCW,PCW,PCW,PCW,PCW,PCW,17F,17F,17F,PCW,PCW,17F,17F	Apolipoprotein A-I	None	A:183,185,184	APOA1_HUMAN	None	None	None	Nanodisc	None	A,D	GSP	MG	None	None	None	17F,PCW	STP	NMR	None	None	STEYKLVVVGADGVGKSALTIQLIQNHFVDEYDPTIEDSYRKQVVIDGETCLLDILDTAGQEEYSAMRDQYMRTGEGFLCVFAINNTKSFEDIHHYREQIKRVKDSEDVPMVLVGNKCDLPSRTVDTKQAQDLARSYGIPFIETSAKTRQGVDDAFYTLVREIRKHKEKMSKDGKKKKKKSKTKC	True	999.0	999.0	999.0	999.0	999.0	999.0	/Users/mitchellparker/Desktop/rascore_build/core/6w4eB_core.cif	/Users/mitchellparker/Desktop/rascore_build/rcsb/6w4e.cif.gz	/Users/mitchellparker/Desktop/rascore_build/renum/6w4e_renum.cif	/Users/mitchellparker/Desktop/rascore_build/rcsb_assembly/6w4e-assembly-1.cif.gz	/Users/mitchellparker/Desktop/rascore_build/renum_assembly/6w4e-assembly-1_renum.cif	/Users/mitchellparker/Desktop/rascore_build/sifts/6w4e.xml.gz	/Users/mitchellparker/Desktop/rascore_build/pocket/6w4eB_12_pocket.pdb
6w4eB	6w4e	0	B	Outlier	Outlier	Y32in	Y71in	None	6w4eB13	13	GTPase KRas	RASK_HUMAN	P01116-2	G12D	G12	KRAS	3P	G12D	None	None	Nanodisc	None	SP12-Unbound	None	185	2-167:169-185	2020-03-10	Other	267.2527	0.0001	Unbound	Unbound	11,12,60,61,62,88,92	PCW,PCW,PCW,PCW,PCW,PCW,PCW,PCW,PCW,PCW,PCW,PCW,PCW,PCW,17F,17F,PCW,PCW,PCW,PCW,PCW,17F,PCW,PCW,PCW,PCW,PCW,PCW,PCW,PCW,PCW,PCW,PCW,PCW,PCW,PCW,PCW,PCW,PCW,PCW,PCW,PCW,PCW,PCW,PCW,PCW,PCW,PCW,PCW,17F,17F,17F,17F,17F,GSP,MG,PCW,PCW,PCW,PCW,PCW,PCW,17F,17F,17F,PCW,PCW,PCW,PCW,PCW,PCW,PCW,PCW,PCW,PCW,17F,17F,17F,PCW,PCW,17F,17F	Apolipoprotein A-I	None	A:183,185,184	APOA1_HUMAN	None	None	None	Nanodisc	None	A,D	GSP	MG	None	None	None	17F,PCW	STP	NMR	None	None	STEYKLVVVGADGVGKSALTIQLIQNHFVDEYDPTIEDSYRKQVVIDGETCLLDILDTAGQEEYSAMRDQYMRTGEGFLCVFAINNTKSFEDIHHYREQIKRVKDSEDVPMVLVGNKCDLPSRTVDTKQAQDLARSYGIPFIETSAKTRQGVDDAFYTLVREIRKHKEKMSKDGKKKKKKSKTKC	True	999.0	999.0	999.0	999.0	999.0	999.0	/Users/mitchellparker/Desktop/rascore_build/core/6w4eB_core.cif	/Users/mitchellparker/Desktop/rascore_build/rcsb/6w4e.cif.gz	/Users/mitchellparker/Desktop/rascore_build/renum/6w4e_renum.cif	/Users/mitchellparker/Desktop/rascore_build/rcsb_assembly/6w4e-assembly-1.cif.gz	/Users/mitchellparker/Desktop/rascore_build/renum_assembly/6w4e-assembly-1_renum.cif	/Users/mitchellparker/Desktop/rascore_build/sifts/6w4e.xml.gz	/Users/mitchellparker/Desktop/rascore_build/pocket/6w4eB_13_pocket.pdb
6w4eB	6w4e	0	B	Outlier	Outlier	Y32in	Y71in	None	6w4eB3	3	GTPase KRas	RASK_HUMAN	P01116-2	G12D	G12	KRAS	3P	G12D	None	None	Nanodisc	None	SP12-Unbound	None	185	2-167:169-185	2020-03-10	Other	373.8843	0.0005	Unbound	Unbound	138,139,140,142,154,158,161,162,165	PCW,PCW,PCW,PCW,PCW,PCW,PCW,PCW,PCW,PCW,PCW,PCW,PCW,PCW,17F,17F,PCW,PCW,PCW,PCW,PCW,17F,PCW,PCW,PCW,PCW,PCW,PCW,PCW,PCW,PCW,PCW,PCW,PCW,PCW,PCW,PCW,PCW,PCW,PCW,PCW,PCW,PCW,PCW,PCW,PCW,PCW,PCW,PCW,17F,17F,17F,17F,17F,GSP,MG,PCW,PCW,PCW,PCW,PCW,PCW,17F,17F,17F,PCW,PCW,PCW,PCW,PCW,PCW,PCW,PCW,PCW,PCW,17F,17F,17F,PCW,PCW,17F,17F	Apolipoprotein A-I	None	A:183,185,184	APOA1_HUMAN	None	None	None	Nanodisc	None	A,D	GSP	MG	None	None	None	17F,PCW	STP	NMR	None	None	STEYKLVVVGADGVGKSALTIQLIQNHFVDEYDPTIEDSYRKQVVIDGETCLLDILDTAGQEEYSAMRDQYMRTGEGFLCVFAINNTKSFEDIHHYREQIKRVKDSEDVPMVLVGNKCDLPSRTVDTKQAQDLARSYGIPFIETSAKTRQGVDDAFYTLVREIRKHKEKMSKDGKKKKKKSKTKC	True	999.0	999.0	999.0	999.0	999.0	999.0	/Users/mitchellparker/Desktop/rascore_build/core/6w4eB_core.cif	/Users/mitchellparker/Desktop/rascore_build/rcsb/6w4e.cif.gz	/Users/mitchellparker/Desktop/rascore_build/renum/6w4e_renum.cif	/Users/mitchellparker/Desktop/rascore_build/rcsb_assembly/6w4e-assembly-1.cif.gz	/Users/mitchellparker/Desktop/rascore_build/renum_assembly/6w4e-assembly-1_renum.cif	/Users/mitchellparker/Desktop/rascore_build/sifts/6w4e.xml.gz	/Users/mitchellparker/Desktop/rascore_build/pocket/6w4eB_3_pocket.pdb
6w4eB	6w4e	0	B	Outlier	Outlier	Y32in	Y71in	None	6w4eB4	4	GTPase KRas	RASK_HUMAN	P01116-2	G12D	G12	KRAS	3P	G12D	None	None	Nanodisc	None	SP12-Unbound	None	185	2-167:169-185	2020-03-10	Other	333.6289	0.0002	Unbound	Unbound	62,65,68,95,98,99,102	PCW,PCW,PCW,PCW,PCW,PCW,PCW,PCW,PCW,PCW,PCW,PCW,PCW,PCW,17F,17F,PCW,PCW,PCW,PCW,PCW,17F,PCW,PCW,PCW,PCW,PCW,PCW,PCW,PCW,PCW,PCW,PCW,PCW,PCW,PCW,PCW,PCW,PCW,PCW,PCW,PCW,PCW,PCW,PCW,PCW,PCW,PCW,PCW,17F,17F,17F,17F,17F,GSP,MG,PCW,PCW,PCW,PCW,PCW,PCW,17F,17F,17F,PCW,PCW,PCW,PCW,PCW,PCW,PCW,PCW,PCW,PCW,17F,17F,17F,PCW,PCW,17F,17F	Apolipoprotein A-I	None	A:183,185,184	APOA1_HUMAN	None	None	None	Nanodisc	None	A,D	GSP	MG	None	None	None	17F,PCW	STP	NMR	None	None	STEYKLVVVGADGVGKSALTIQLIQNHFVDEYDPTIEDSYRKQVVIDGETCLLDILDTAGQEEYSAMRDQYMRTGEGFLCVFAINNTKSFEDIHHYREQIKRVKDSEDVPMVLVGNKCDLPSRTVDTKQAQDLARSYGIPFIETSAKTRQGVDDAFYTLVREIRKHKEKMSKDGKKKKKKSKTKC	True	999.0	999.0	999.0	999.0	999.0	999.0	/Users/mitchellparker/Desktop/rascore_build/core/6w4eB_core.cif	/Users/mitchellparker/Desktop/rascore_build/rcsb/6w4e.cif.gz	/Users/mitchellparker/Desktop/rascore_build/renum/6w4e_renum.cif	/Users/mitchellparker/Desktop/rascore_build/rcsb_assembly/6w4e-assembly-1.cif.gz	/Users/mitchellparker/Desktop/rascore_build/renum_assembly/6w4e-assembly-1_renum.cif	/Users/mitchellparker/Desktop/rascore_build/sifts/6w4e.xml.gz	/Users/mitchellparker/Desktop/rascore_build/pocket/6w4eB_4_pocket.pdb
6w4eB	6w4e	0	B	Outlier	Outlier	Y32in	Y71in	None	6w4eB5	5	GTPase KRas	RASK_HUMAN	P01116-2	G12D	G12	KRAS	3P	G12D	None	None	Nanodisc	None	SP12-Unbound	None	185	2-167:169-185	2020-03-10	SP12	203.8735	0.0018	Unbound	Unbound	5,7,54,56,71,74,75	PCW,PCW,PCW,PCW,PCW,PCW,PCW,PCW,PCW,PCW,PCW,PCW,PCW,PCW,17F,17F,PCW,PCW,PCW,PCW,PCW,17F,PCW,PCW,PCW,PCW,PCW,PCW,PCW,PCW,PCW,PCW,PCW,PCW,PCW,PCW,PCW,PCW,PCW,PCW,PCW,PCW,PCW,PCW,PCW,PCW,PCW,PCW,PCW,17F,17F,17F,17F,17F,GSP,MG,PCW,PCW,PCW,PCW,PCW,PCW,17F,17F,17F,PCW,PCW,PCW,PCW,PCW,PCW,PCW,PCW,PCW,PCW,17F,17F,17F,PCW,PCW,17F,17F	Apolipoprotein A-I	None	A:183,185,184	APOA1_HUMAN	None	None	None	Nanodisc	None	A,D	GSP	MG	None	None	None	17F,PCW	STP	NMR	None	None	STEYKLVVVGADGVGKSALTIQLIQNHFVDEYDPTIEDSYRKQVVIDGETCLLDILDTAGQEEYSAMRDQYMRTGEGFLCVFAINNTKSFEDIHHYREQIKRVKDSEDVPMVLVGNKCDLPSRTVDTKQAQDLARSYGIPFIETSAKTRQGVDDAFYTLVREIRKHKEKMSKDGKKKKKKSKTKC	True	999.0	999.0	999.0	999.0	999.0	999.0	/Users/mitchellparker/Desktop/rascore_build/core/6w4eB_core.cif	/Users/mitchellparker/Desktop/rascore_build/rcsb/6w4e.cif.gz	/Users/mitchellparker/Desktop/rascore_build/renum/6w4e_renum.cif	/Users/mitchellparker/Desktop/rascore_build/rcsb_assembly/6w4e-assembly-1.cif.gz	/Users/mitchellparker/Desktop/rascore_build/renum_assembly/6w4e-assembly-1_renum.cif	/Users/mitchellparker/Desktop/rascore_build/sifts/6w4e.xml.gz	/Users/mitchellparker/Desktop/rascore_build/pocket/6w4eB_5_pocket.pdb
6w4eB	6w4e	0	B	Outlier	Outlier	Y32in	Y71in	None	6w4eB6	6	GTPase KRas	RASK_HUMAN	P01116-2	G12D	G12	KRAS	3P	G12D	None	None	Nanodisc	None	SP12-Unbound	None	185	2-167:169-185	2020-03-10	Other	260.5629	0.0002	Unbound	Unbound	107,108,109,110,111,137,138,139,162,165,170	PCW,PCW,PCW,PCW,PCW,PCW,PCW,PCW,PCW,PCW,PCW,PCW,PCW,PCW,17F,17F,PCW,PCW,PCW,PCW,PCW,17F,PCW,PCW,PCW,PCW,PCW,PCW,PCW,PCW,PCW,PCW,PCW,PCW,PCW,PCW,PCW,PCW,PCW,PCW,PCW,PCW,PCW,PCW,PCW,PCW,PCW,PCW,PCW,17F,17F,17F,17F,17F,GSP,MG,PCW,PCW,PCW,PCW,PCW,PCW,17F,17F,17F,PCW,PCW,PCW,PCW,PCW,PCW,PCW,PCW,PCW,PCW,17F,17F,17F,PCW,PCW,17F,17F	Apolipoprotein A-I	None	A:183,185,184	APOA1_HUMAN	None	None	None	Nanodisc	None	A,D	GSP	MG	None	None	None	17F,PCW	STP	NMR	None	None	STEYKLVVVGADGVGKSALTIQLIQNHFVDEYDPTIEDSYRKQVVIDGETCLLDILDTAGQEEYSAMRDQYMRTGEGFLCVFAINNTKSFEDIHHYREQIKRVKDSEDVPMVLVGNKCDLPSRTVDTKQAQDLARSYGIPFIETSAKTRQGVDDAFYTLVREIRKHKEKMSKDGKKKKKKSKTKC	True	999.0	999.0	999.0	999.0	999.0	999.0	/Users/mitchellparker/Desktop/rascore_build/core/6w4eB_core.cif	/Users/mitchellparker/Desktop/rascore_build/rcsb/6w4e.cif.gz	/Users/mitchellparker/Desktop/rascore_build/renum/6w4e_renum.cif	/Users/mitchellparker/Desktop/rascore_build/rcsb_assembly/6w4e-assembly-1.cif.gz	/Users/mitchellparker/Desktop/rascore_build/renum_assembly/6w4e-assembly-1_renum.cif	/Users/mitchellparker/Desktop/rascore_build/sifts/6w4e.xml.gz	/Users/mitchellparker/Desktop/rascore_build/pocket/6w4eB_6_pocket.pdb
6w4eB	6w4e	0	B	Outlier	Outlier	Y32in	Y71in	None	6w4eB7	7	GTPase KRas	RASK_HUMAN	P01116-2	G12D	G12	KRAS	3P	G12D	None	None	Nanodisc	None	SP12-Unbound	None	185	2-167:169-185	2020-03-10	Other	236.5815	0.0001	Unbound	Unbound	108,170,171,174	PCW,PCW,PCW,PCW,PCW,PCW,PCW,PCW,PCW,PCW,PCW,PCW,PCW,PCW,17F,17F,PCW,PCW,PCW,PCW,PCW,17F,PCW,PCW,PCW,PCW,PCW,PCW,PCW,PCW,PCW,PCW,PCW,PCW,PCW,PCW,PCW,PCW,PCW,PCW,PCW,PCW,PCW,PCW,PCW,PCW,PCW,PCW,PCW,17F,17F,17F,17F,17F,GSP,MG,PCW,PCW,PCW,PCW,PCW,PCW,17F,17F,17F,PCW,PCW,PCW,PCW,PCW,PCW,PCW,PCW,PCW,PCW,17F,17F,17F,PCW,PCW,17F,17F	Apolipoprotein A-I	None	A:183,185,184	APOA1_HUMAN	None	None	None	Nanodisc	None	A,D	GSP	MG	None	None	None	17F,PCW	STP	NMR	None	None	STEYKLVVVGADGVGKSALTIQLIQNHFVDEYDPTIEDSYRKQVVIDGETCLLDILDTAGQEEYSAMRDQYMRTGEGFLCVFAINNTKSFEDIHHYREQIKRVKDSEDVPMVLVGNKCDLPSRTVDTKQAQDLARSYGIPFIETSAKTRQGVDDAFYTLVREIRKHKEKMSKDGKKKKKKSKTKC	True	999.0	999.0	999.0	999.0	999.0	999.0	/Users/mitchellparker/Desktop/rascore_build/core/6w4eB_core.cif	/Users/mitchellparker/Desktop/rascore_build/rcsb/6w4e.cif.gz	/Users/mitchellparker/Desktop/rascore_build/renum/6w4e_renum.cif	/Users/mitchellparker/Desktop/rascore_build/rcsb_assembly/6w4e-assembly-1.cif.gz	/Users/mitchellparker/Desktop/rascore_build/renum_assembly/6w4e-assembly-1_renum.cif	/Users/mitchellparker/Desktop/rascore_build/sifts/6w4e.xml.gz	/Users/mitchellparker/Desktop/rascore_build/pocket/6w4eB_7_pocket.pdb
6w4eB	6w4e	0	B	Outlier	Outlier	Y32in	Y71in	None	6w4eB8	8	GTPase KRas	RASK_HUMAN	P01116-2	G12D	G12	KRAS	3P	G12D	None	None	Nanodisc	None	SP12-Unbound	None	185	2-167:169-185	2020-03-10	Other	180.3900	0.0006	Unbound	Unbound	17,21,29,31,33,35,38,40	PCW,PCW,PCW,PCW,PCW,PCW,PCW,PCW,PCW,PCW,PCW,PCW,PCW,PCW,17F,17F,PCW,PCW,PCW,PCW,PCW,17F,PCW,PCW,PCW,PCW,PCW,PCW,PCW,PCW,PCW,PCW,PCW,PCW,PCW,PCW,PCW,PCW,PCW,PCW,PCW,PCW,PCW,PCW,PCW,PCW,PCW,PCW,PCW,17F,17F,17F,17F,17F,GSP,MG,PCW,PCW,PCW,PCW,PCW,PCW,17F,17F,17F,PCW,PCW,PCW,PCW,PCW,PCW,PCW,PCW,PCW,PCW,17F,17F,17F,PCW,PCW,17F,17F	Apolipoprotein A-I	None	A:183,185,184	APOA1_HUMAN	None	None	None	Nanodisc	None	A,D	GSP	MG	None	None	None	17F,PCW	STP	NMR	None	None	STEYKLVVVGADGVGKSALTIQLIQNHFVDEYDPTIEDSYRKQVVIDGETCLLDILDTAGQEEYSAMRDQYMRTGEGFLCVFAINNTKSFEDIHHYREQIKRVKDSEDVPMVLVGNKCDLPSRTVDTKQAQDLARSYGIPFIETSAKTRQGVDDAFYTLVREIRKHKEKMSKDGKKKKKKSKTKC	True	999.0	999.0	999.0	999.0	999.0	999.0	/Users/mitchellparker/Desktop/rascore_build/core/6w4eB_core.cif	/Users/mitchellparker/Desktop/rascore_build/rcsb/6w4e.cif.gz	/Users/mitchellparker/Desktop/rascore_build/renum/6w4e_renum.cif	/Users/mitchellparker/Desktop/rascore_build/rcsb_assembly/6w4e-assembly-1.cif.gz	/Users/mitchellparker/Desktop/rascore_build/renum_assembly/6w4e-assembly-1_renum.cif	/Users/mitchellparker/Desktop/rascore_build/sifts/6w4e.xml.gz	/Users/mitchellparker/Desktop/rascore_build/pocket/6w4eB_8_pocket.pdb
6w4eB	6w4e	0	B	Outlier	Outlier	Y32in	Y71in	None	6w4eB9	9	GTPase KRas	RASK_HUMAN	P01116-2	G12D	G12	KRAS	3P	G12D	None	None	Nanodisc	None	SP12-Unbound	None	185	2-167:169-185	2020-03-10	Other	352.3165	0.0010	Unbound	Unbound	165,169,170,172,173	PCW,PCW,PCW,PCW,PCW,PCW,PCW,PCW,PCW,PCW,PCW,PCW,PCW,PCW,17F,17F,PCW,PCW,PCW,PCW,PCW,17F,PCW,PCW,PCW,PCW,PCW,PCW,PCW,PCW,PCW,PCW,PCW,PCW,PCW,PCW,PCW,PCW,PCW,PCW,PCW,PCW,PCW,PCW,PCW,PCW,PCW,PCW,PCW,17F,17F,17F,17F,17F,GSP,MG,PCW,PCW,PCW,PCW,PCW,PCW,17F,17F,17F,PCW,PCW,PCW,PCW,PCW,PCW,PCW,PCW,PCW,PCW,17F,17F,17F,PCW,PCW,17F,17F	Apolipoprotein A-I	None	A:183,185,184	APOA1_HUMAN	None	None	None	Nanodisc	None	A,D	GSP	MG	None	None	None	17F,PCW	STP	NMR	None	None	STEYKLVVVGADGVGKSALTIQLIQNHFVDEYDPTIEDSYRKQVVIDGETCLLDILDTAGQEEYSAMRDQYMRTGEGFLCVFAINNTKSFEDIHHYREQIKRVKDSEDVPMVLVGNKCDLPSRTVDTKQAQDLARSYGIPFIETSAKTRQGVDDAFYTLVREIRKHKEKMSKDGKKKKKKSKTKC	True	999.0	999.0	999.0	999.0	999.0	999.0	/Users/mitchellparker/Desktop/rascore_build/core/6w4eB_core.cif	/Users/mitchellparker/Desktop/rascore_build/rcsb/6w4e.cif.gz	/Users/mitchellparker/Desktop/rascore_build/renum/6w4e_renum.cif	/Users/mitchellparker/Desktop/rascore_build/rcsb_assembly/6w4e-assembly-1.cif.gz	/Users/mitchellparker/Desktop/rascore_build/renum_assembly/6w4e-assembly-1_renum.cif	/Users/mitchellparker/Desktop/rascore_build/sifts/6w4e.xml.gz	/Users/mitchellparker/Desktop/rascore_build/pocket/6w4eB_9_pocket.pdb
6w4eC	6w4e	0	C	Outlier	Outlier	Y32in	Y71in	None	6w4eC10	10	GTPase KRas	RASK_HUMAN	P01116-2	G12D	G12	KRAS	3P	G12D	None	None	Nanodisc	None	SP12-Unbound	None	185	2-167:169-185	2020-03-10	Other	250.5020	0.0061	Unbound	Unbound	76,104,106,108,109,110,163,166,167	PCW,PCW,PCW,PCW,PCW,PCW,PCW,PCW,PCW,PCW,PCW,PCW,PCW,PCW,17F,17F,PCW,PCW,PCW,PCW,PCW,17F,PCW,PCW,PCW,PCW,PCW,PCW,PCW,PCW,PCW,PCW,PCW,PCW,PCW,PCW,PCW,PCW,PCW,PCW,PCW,PCW,PCW,PCW,PCW,PCW,PCW,PCW,PCW,17F,17F,17F,17F,17F,PCW,PCW,PCW,PCW,PCW,PCW,17F,17F,17F,GSP,MG,PCW,PCW,PCW,PCW,PCW,PCW,PCW,PCW,PCW,PCW,17F,17F,17F,PCW,PCW,17F,17F	Apolipoprotein A-I	None	A:185,184	APOA1_HUMAN	None	None	None	Nanodisc	None	A,D	GSP	MG	None	None	None	17F,PCW	STP	NMR	None	None	STEYKLVVVGADGVGKSALTIQLIQNHFVDEYDPTIEDSYRKQVVIDGETCLLDILDTAGQEEYSAMRDQYMRTGEGFLCVFAINNTKSFEDIHHYREQIKRVKDSEDVPMVLVGNKCDLPSRTVDTKQAQDLARSYGIPFIETSAKTRQGVDDAFYTLVREIRKHKEKMSKDGKKKKKKSKTKC	True	999.0	999.0	999.0	999.0	999.0	999.0	/Users/mitchellparker/Desktop/rascore_build/core/6w4eC_core.cif	/Users/mitchellparker/Desktop/rascore_build/rcsb/6w4e.cif.gz	/Users/mitchellparker/Desktop/rascore_build/renum/6w4e_renum.cif	/Users/mitchellparker/Desktop/rascore_build/rcsb_assembly/6w4e-assembly-1.cif.gz	/Users/mitchellparker/Desktop/rascore_build/renum_assembly/6w4e-assembly-1_renum.cif	/Users/mitchellparker/Desktop/rascore_build/sifts/6w4e.xml.gz	/Users/mitchellparker/Desktop/rascore_build/pocket/6w4eC_10_pocket.pdb
6w4eC	6w4e	0	C	Outlier	Outlier	Y32in	Y71in	None	6w4eC11	11	GTPase KRas	RASK_HUMAN	P01116-2	G12D	G12	KRAS	3P	G12D	None	None	Nanodisc	None	SP12-Unbound	None	185	2-167:169-185	2020-03-10	Other	201.3356	0.0002	Unbound	Unbound	108,166,170,171,174	PCW,PCW,PCW,PCW,PCW,PCW,PCW,PCW,PCW,PCW,PCW,PCW,PCW,PCW,17F,17F,PCW,PCW,PCW,PCW,PCW,17F,PCW,PCW,PCW,PCW,PCW,PCW,PCW,PCW,PCW,PCW,PCW,PCW,PCW,PCW,PCW,PCW,PCW,PCW,PCW,PCW,PCW,PCW,PCW,PCW,PCW,PCW,PCW,17F,17F,17F,17F,17F,PCW,PCW,PCW,PCW,PCW,PCW,17F,17F,17F,GSP,MG,PCW,PCW,PCW,PCW,PCW,PCW,PCW,PCW,PCW,PCW,17F,17F,17F,PCW,PCW,17F,17F	Apolipoprotein A-I	None	A:185,184	APOA1_HUMAN	None	None	None	Nanodisc	None	A,D	GSP	MG	None	None	None	17F,PCW	STP	NMR	None	None	STEYKLVVVGADGVGKSALTIQLIQNHFVDEYDPTIEDSYRKQVVIDGETCLLDILDTAGQEEYSAMRDQYMRTGEGFLCVFAINNTKSFEDIHHYREQIKRVKDSEDVPMVLVGNKCDLPSRTVDTKQAQDLARSYGIPFIETSAKTRQGVDDAFYTLVREIRKHKEKMSKDGKKKKKKSKTKC	True	999.0	999.0	999.0	999.0	999.0	999.0	/Users/mitchellparker/Desktop/rascore_build/core/6w4eC_core.cif	/Users/mitchellparker/Desktop/rascore_build/rcsb/6w4e.cif.gz	/Users/mitchellparker/Desktop/rascore_build/renum/6w4e_renum.cif	/Users/mitchellparker/Desktop/rascore_build/rcsb_assembly/6w4e-assembly-1.cif.gz	/Users/mitchellparker/Desktop/rascore_build/renum_assembly/6w4e-assembly-1_renum.cif	/Users/mitchellparker/Desktop/rascore_build/sifts/6w4e.xml.gz	/Users/mitchellparker/Desktop/rascore_build/pocket/6w4eC_11_pocket.pdb
6w4eC	6w4e	0	C	Outlier	Outlier	Y32in	Y71in	None	6w4eC2	2	GTPase KRas	RASK_HUMAN	P01116-2	G12D	G12	KRAS	3P	G12D	None	None	Nanodisc	None	SP12-Unbound	None	185	2-167:169-185	2020-03-10	Other	250.2511	0.0001	Unbound	Unbound	98,101,102,105,106,107	PCW,PCW,PCW,PCW,PCW,PCW,PCW,PCW,PCW,PCW,PCW,PCW,PCW,PCW,17F,17F,PCW,PCW,PCW,PCW,PCW,17F,PCW,PCW,PCW,PCW,PCW,PCW,PCW,PCW,PCW,PCW,PCW,PCW,PCW,PCW,PCW,PCW,PCW,PCW,PCW,PCW,PCW,PCW,PCW,PCW,PCW,PCW,PCW,17F,17F,17F,17F,17F,PCW,PCW,PCW,PCW,PCW,PCW,17F,17F,17F,GSP,MG,PCW,PCW,PCW,PCW,PCW,PCW,PCW,PCW,PCW,PCW,17F,17F,17F,PCW,PCW,17F,17F	Apolipoprotein A-I	None	A:185,184	APOA1_HUMAN	None	None	None	Nanodisc	None	A,D	GSP	MG	None	None	None	17F,PCW	STP	NMR	None	None	STEYKLVVVGADGVGKSALTIQLIQNHFVDEYDPTIEDSYRKQVVIDGETCLLDILDTAGQEEYSAMRDQYMRTGEGFLCVFAINNTKSFEDIHHYREQIKRVKDSEDVPMVLVGNKCDLPSRTVDTKQAQDLARSYGIPFIETSAKTRQGVDDAFYTLVREIRKHKEKMSKDGKKKKKKSKTKC	True	999.0	999.0	999.0	999.0	999.0	999.0	/Users/mitchellparker/Desktop/rascore_build/core/6w4eC_core.cif	/Users/mitchellparker/Desktop/rascore_build/rcsb/6w4e.cif.gz	/Users/mitchellparker/Desktop/rascore_build/renum/6w4e_renum.cif	/Users/mitchellparker/Desktop/rascore_build/rcsb_assembly/6w4e-assembly-1.cif.gz	/Users/mitchellparker/Desktop/rascore_build/renum_assembly/6w4e-assembly-1_renum.cif	/Users/mitchellparker/Desktop/rascore_build/sifts/6w4e.xml.gz	/Users/mitchellparker/Desktop/rascore_build/pocket/6w4eC_2_pocket.pdb
6w4eC	6w4e	0	C	Outlier	Outlier	Y32in	Y71in	None	6w4eC3	3	GTPase KRas	RASK_HUMAN	P01116-2	G12D	G12	KRAS	3P	G12D	None	None	Nanodisc	None	SP12-Unbound	None	185	2-167:169-185	2020-03-10	Other	143.8912	0.0002	Unbound	Unbound	118,119,123,143,144,145,150	PCW,PCW,PCW,PCW,PCW,PCW,PCW,PCW,PCW,PCW,PCW,PCW,PCW,PCW,17F,17F,PCW,PCW,PCW,PCW,PCW,17F,PCW,PCW,PCW,PCW,PCW,PCW,PCW,PCW,PCW,PCW,PCW,PCW,PCW,PCW,PCW,PCW,PCW,PCW,PCW,PCW,PCW,PCW,PCW,PCW,PCW,PCW,PCW,17F,17F,17F,17F,17F,PCW,PCW,PCW,PCW,PCW,PCW,17F,17F,17F,GSP,MG,PCW,PCW,PCW,PCW,PCW,PCW,PCW,PCW,PCW,PCW,17F,17F,17F,PCW,PCW,17F,17F	Apolipoprotein A-I	None	A:185,184	APOA1_HUMAN	None	None	None	Nanodisc	None	A,D	GSP	MG	None	None	None	17F,PCW	STP	NMR	None	None	STEYKLVVVGADGVGKSALTIQLIQNHFVDEYDPTIEDSYRKQVVIDGETCLLDILDTAGQEEYSAMRDQYMRTGEGFLCVFAINNTKSFEDIHHYREQIKRVKDSEDVPMVLVGNKCDLPSRTVDTKQAQDLARSYGIPFIETSAKTRQGVDDAFYTLVREIRKHKEKMSKDGKKKKKKSKTKC	True	999.0	999.0	999.0	999.0	999.0	999.0	/Users/mitchellparker/Desktop/rascore_build/core/6w4eC_core.cif	/Users/mitchellparker/Desktop/rascore_build/rcsb/6w4e.cif.gz	/Users/mitchellparker/Desktop/rascore_build/renum/6w4e_renum.cif	/Users/mitchellparker/Desktop/rascore_build/rcsb_assembly/6w4e-assembly-1.cif.gz	/Users/mitchellparker/Desktop/rascore_build/renum_assembly/6w4e-assembly-1_renum.cif	/Users/mitchellparker/Desktop/rascore_build/sifts/6w4e.xml.gz	/Users/mitchellparker/Desktop/rascore_build/pocket/6w4eC_3_pocket.pdb
6w4eC	6w4e	0	C	Outlier	Outlier	Y32in	Y71in	None	6w4eC4	4	GTPase KRas	RASK_HUMAN	P01116-2	G12D	G12	KRAS	3P	G12D	None	None	Nanodisc	None	SP12-Unbound	None	185	2-167:169-185	2020-03-10	Other	370.1133	0.0004	Unbound	Unbound	62,68,88,91,92,95,96	PCW,PCW,PCW,PCW,PCW,PCW,PCW,PCW,PCW,PCW,PCW,PCW,PCW,PCW,17F,17F,PCW,PCW,PCW,PCW,PCW,17F,PCW,PCW,PCW,PCW,PCW,PCW,PCW,PCW,PCW,PCW,PCW,PCW,PCW,PCW,PCW,PCW,PCW,PCW,PCW,PCW,PCW,PCW,PCW,PCW,PCW,PCW,PCW,17F,17F,17F,17F,17F,PCW,PCW,PCW,PCW,PCW,PCW,17F,17F,17F,GSP,MG,PCW,PCW,PCW,PCW,PCW,PCW,PCW,PCW,PCW,PCW,17F,17F,17F,PCW,PCW,17F,17F	Apolipoprotein A-I	None	A:185,184	APOA1_HUMAN	None	None	None	Nanodisc	None	A,D	GSP	MG	None	None	None	17F,PCW	STP	NMR	None	None	STEYKLVVVGADGVGKSALTIQLIQNHFVDEYDPTIEDSYRKQVVIDGETCLLDILDTAGQEEYSAMRDQYMRTGEGFLCVFAINNTKSFEDIHHYREQIKRVKDSEDVPMVLVGNKCDLPSRTVDTKQAQDLARSYGIPFIETSAKTRQGVDDAFYTLVREIRKHKEKMSKDGKKKKKKSKTKC	True	999.0	999.0	999.0	999.0	999.0	999.0	/Users/mitchellparker/Desktop/rascore_build/core/6w4eC_core.cif	/Users/mitchellparker/Desktop/rascore_build/rcsb/6w4e.cif.gz	/Users/mitchellparker/Desktop/rascore_build/renum/6w4e_renum.cif	/Users/mitchellparker/Desktop/rascore_build/rcsb_assembly/6w4e-assembly-1.cif.gz	/Users/mitchellparker/Desktop/rascore_build/renum_assembly/6w4e-assembly-1_renum.cif	/Users/mitchellparker/Desktop/rascore_build/sifts/6w4e.xml.gz	/Users/mitchellparker/Desktop/rascore_build/pocket/6w4eC_4_pocket.pdb
6w4eC	6w4e	0	C	Outlier	Outlier	Y32in	Y71in	None	6w4eC5	5	GTPase KRas	RASK_HUMAN	P01116-2	G12D	G12	KRAS	3P	G12D	None	None	Nanodisc	None	SP12-Unbound	None	185	2-167:169-185	2020-03-10	Other	53.2996	0.0038	Unbound	Unbound	19,114,144,152,155,156	PCW,PCW,PCW,PCW,PCW,PCW,PCW,PCW,PCW,PCW,PCW,PCW,PCW,PCW,17F,17F,PCW,PCW,PCW,PCW,PCW,17F,PCW,PCW,PCW,PCW,PCW,PCW,PCW,PCW,PCW,PCW,PCW,PCW,PCW,PCW,PCW,PCW,PCW,PCW,PCW,PCW,PCW,PCW,PCW,PCW,PCW,PCW,PCW,17F,17F,17F,17F,17F,PCW,PCW,PCW,PCW,PCW,PCW,17F,17F,17F,GSP,MG,PCW,PCW,PCW,PCW,PCW,PCW,PCW,PCW,PCW,PCW,17F,17F,17F,PCW,PCW,17F,17F	Apolipoprotein A-I	None	A:185,184	APOA1_HUMAN	None	None	None	Nanodisc	None	A,D	GSP	MG	None	None	None	17F,PCW	STP	NMR	None	None	STEYKLVVVGADGVGKSALTIQLIQNHFVDEYDPTIEDSYRKQVVIDGETCLLDILDTAGQEEYSAMRDQYMRTGEGFLCVFAINNTKSFEDIHHYREQIKRVKDSEDVPMVLVGNKCDLPSRTVDTKQAQDLARSYGIPFIETSAKTRQGVDDAFYTLVREIRKHKEKMSKDGKKKKKKSKTKC	True	999.0	999.0	999.0	999.0	999.0	999.0	/Users/mitchellparker/Desktop/rascore_build/core/6w4eC_core.cif	/Users/mitchellparker/Desktop/rascore_build/rcsb/6w4e.cif.gz	/Users/mitchellparker/Desktop/rascore_build/renum/6w4e_renum.cif	/Users/mitchellparker/Desktop/rascore_build/rcsb_assembly/6w4e-assembly-1.cif.gz	/Users/mitchellparker/Desktop/rascore_build/renum_assembly/6w4e-assembly-1_renum.cif	/Users/mitchellparker/Desktop/rascore_build/sifts/6w4e.xml.gz	/Users/mitchellparker/Desktop/rascore_build/pocket/6w4eC_5_pocket.pdb
6w4eC	6w4e	0	C	Outlier	Outlier	Y32in	Y71in	None	6w4eC6	6	GTPase KRas	RASK_HUMAN	P01116-2	G12D	G12	KRAS	3P	G12D	None	None	Nanodisc	None	SP12-Unbound	None	185	2-167:169-185	2020-03-10	SP12	348.7947	0.0037	Unbound	Unbound	5,7,37,39,41,54,56,70,71,74,75	PCW,PCW,PCW,PCW,PCW,PCW,PCW,PCW,PCW,PCW,PCW,PCW,PCW,PCW,17F,17F,PCW,PCW,PCW,PCW,PCW,17F,PCW,PCW,PCW,PCW,PCW,PCW,PCW,PCW,PCW,PCW,PCW,PCW,PCW,PCW,PCW,PCW,PCW,PCW,PCW,PCW,PCW,PCW,PCW,PCW,PCW,PCW,PCW,17F,17F,17F,17F,17F,PCW,PCW,PCW,PCW,PCW,PCW,17F,17F,17F,GSP,MG,PCW,PCW,PCW,PCW,PCW,PCW,PCW,PCW,PCW,PCW,17F,17F,17F,PCW,PCW,17F,17F	Apolipoprotein A-I	None	A:185,184	APOA1_HUMAN	None	None	None	Nanodisc	None	A,D	GSP	MG	None	None	None	17F,PCW	STP	NMR	None	None	STEYKLVVVGADGVGKSALTIQLIQNHFVDEYDPTIEDSYRKQVVIDGETCLLDILDTAGQEEYSAMRDQYMRTGEGFLCVFAINNTKSFEDIHHYREQIKRVKDSEDVPMVLVGNKCDLPSRTVDTKQAQDLARSYGIPFIETSAKTRQGVDDAFYTLVREIRKHKEKMSKDGKKKKKKSKTKC	True	999.0	999.0	999.0	999.0	999.0	999.0	/Users/mitchellparker/Desktop/rascore_build/core/6w4eC_core.cif	/Users/mitchellparker/Desktop/rascore_build/rcsb/6w4e.cif.gz	/Users/mitchellparker/Desktop/rascore_build/renum/6w4e_renum.cif	/Users/mitchellparker/Desktop/rascore_build/rcsb_assembly/6w4e-assembly-1.cif.gz	/Users/mitchellparker/Desktop/rascore_build/renum_assembly/6w4e-assembly-1_renum.cif	/Users/mitchellparker/Desktop/rascore_build/sifts/6w4e.xml.gz	/Users/mitchellparker/Desktop/rascore_build/pocket/6w4eC_6_pocket.pdb
6w4eC	6w4e	0	C	Outlier	Outlier	Y32in	Y71in	None	6w4eC7	7	GTPase KRas	RASK_HUMAN	P01116-2	G12D	G12	KRAS	3P	G12D	None	None	Nanodisc	None	SP12-Unbound	None	185	2-167:169-185	2020-03-10	Other	379.7626	0.0003	Unbound	Unbound	11,12,32,60,61,62,86,88	PCW,PCW,PCW,PCW,PCW,PCW,PCW,PCW,PCW,PCW,PCW,PCW,PCW,PCW,17F,17F,PCW,PCW,PCW,PCW,PCW,17F,PCW,PCW,PCW,PCW,PCW,PCW,PCW,PCW,PCW,PCW,PCW,PCW,PCW,PCW,PCW,PCW,PCW,PCW,PCW,PCW,PCW,PCW,PCW,PCW,PCW,PCW,PCW,17F,17F,17F,17F,17F,PCW,PCW,PCW,PCW,PCW,PCW,17F,17F,17F,GSP,MG,PCW,PCW,PCW,PCW,PCW,PCW,PCW,PCW,PCW,PCW,17F,17F,17F,PCW,PCW,17F,17F	Apolipoprotein A-I	None	A:185,184	APOA1_HUMAN	None	None	None	Nanodisc	None	A,D	GSP	MG	None	None	None	17F,PCW	STP	NMR	None	None	STEYKLVVVGADGVGKSALTIQLIQNHFVDEYDPTIEDSYRKQVVIDGETCLLDILDTAGQEEYSAMRDQYMRTGEGFLCVFAINNTKSFEDIHHYREQIKRVKDSEDVPMVLVGNKCDLPSRTVDTKQAQDLARSYGIPFIETSAKTRQGVDDAFYTLVREIRKHKEKMSKDGKKKKKKSKTKC	True	999.0	999.0	999.0	999.0	999.0	999.0	/Users/mitchellparker/Desktop/rascore_build/core/6w4eC_core.cif	/Users/mitchellparker/Desktop/rascore_build/rcsb/6w4e.cif.gz	/Users/mitchellparker/Desktop/rascore_build/renum/6w4e_renum.cif	/Users/mitchellparker/Desktop/rascore_build/rcsb_assembly/6w4e-assembly-1.cif.gz	/Users/mitchellparker/Desktop/rascore_build/renum_assembly/6w4e-assembly-1_renum.cif	/Users/mitchellparker/Desktop/rascore_build/sifts/6w4e.xml.gz	/Users/mitchellparker/Desktop/rascore_build/pocket/6w4eC_7_pocket.pdb
6w4eC	6w4e	0	C	Outlier	Outlier	Y32in	Y71in	None	6w4eC8	8	GTPase KRas	RASK_HUMAN	P01116-2	G12D	G12	KRAS	3P	G12D	None	None	Nanodisc	None	SP12-Unbound	None	185	2-167:169-185	2020-03-10	Other	210.3375	0.0005	Unbound	Unbound	107,108,109,110,111,137,138,139,162,166,170	PCW,PCW,PCW,PCW,PCW,PCW,PCW,PCW,PCW,PCW,PCW,PCW,PCW,PCW,17F,17F,PCW,PCW,PCW,PCW,PCW,17F,PCW,PCW,PCW,PCW,PCW,PCW,PCW,PCW,PCW,PCW,PCW,PCW,PCW,PCW,PCW,PCW,PCW,PCW,PCW,PCW,PCW,PCW,PCW,PCW,PCW,PCW,PCW,17F,17F,17F,17F,17F,PCW,PCW,PCW,PCW,PCW,PCW,17F,17F,17F,GSP,MG,PCW,PCW,PCW,PCW,PCW,PCW,PCW,PCW,PCW,PCW,17F,17F,17F,PCW,PCW,17F,17F	Apolipoprotein A-I	None	A:185,184	APOA1_HUMAN	None	None	None	Nanodisc	None	A,D	GSP	MG	None	None	None	17F,PCW	STP	NMR	None	None	STEYKLVVVGADGVGKSALTIQLIQNHFVDEYDPTIEDSYRKQVVIDGETCLLDILDTAGQEEYSAMRDQYMRTGEGFLCVFAINNTKSFEDIHHYREQIKRVKDSEDVPMVLVGNKCDLPSRTVDTKQAQDLARSYGIPFIETSAKTRQGVDDAFYTLVREIRKHKEKMSKDGKKKKKKSKTKC	True	999.0	999.0	999.0	999.0	999.0	999.0	/Users/mitchellparker/Desktop/rascore_build/core/6w4eC_core.cif	/Users/mitchellparker/Desktop/rascore_build/rcsb/6w4e.cif.gz	/Users/mitchellparker/Desktop/rascore_build/renum/6w4e_renum.cif	/Users/mitchellparker/Desktop/rascore_build/rcsb_assembly/6w4e-assembly-1.cif.gz	/Users/mitchellparker/Desktop/rascore_build/renum_assembly/6w4e-assembly-1_renum.cif	/Users/mitchellparker/Desktop/rascore_build/sifts/6w4e.xml.gz	/Users/mitchellparker/Desktop/rascore_build/pocket/6w4eC_8_pocket.pdb
6w4eC	6w4e	0	C	Outlier	Outlier	Y32in	Y71in	None	6w4eC9	9	GTPase KRas	RASK_HUMAN	P01116-2	G12D	G12	KRAS	3P	G12D	None	None	Nanodisc	None	SP12-Unbound	None	185	2-167:169-185	2020-03-10	Other	379.8957	0.0001	Unbound	Unbound	65,68,95,98,99,102	PCW,PCW,PCW,PCW,PCW,PCW,PCW,PCW,PCW,PCW,PCW,PCW,PCW,PCW,17F,17F,PCW,PCW,PCW,PCW,PCW,17F,PCW,PCW,PCW,PCW,PCW,PCW,PCW,PCW,PCW,PCW,PCW,PCW,PCW,PCW,PCW,PCW,PCW,PCW,PCW,PCW,PCW,PCW,PCW,PCW,PCW,PCW,PCW,17F,17F,17F,17F,17F,PCW,PCW,PCW,PCW,PCW,PCW,17F,17F,17F,GSP,MG,PCW,PCW,PCW,PCW,PCW,PCW,PCW,PCW,PCW,PCW,17F,17F,17F,PCW,PCW,17F,17F	Apolipoprotein A-I	None	A:185,184	APOA1_HUMAN	None	None	None	Nanodisc	None	A,D	GSP	MG	None	None	None	17F,PCW	STP	NMR	None	None	STEYKLVVVGADGVGKSALTIQLIQNHFVDEYDPTIEDSYRKQVVIDGETCLLDILDTAGQEEYSAMRDQYMRTGEGFLCVFAINNTKSFEDIHHYREQIKRVKDSEDVPMVLVGNKCDLPSRTVDTKQAQDLARSYGIPFIETSAKTRQGVDDAFYTLVREIRKHKEKMSKDGKKKKKKSKTKC	True	999.0	999.0	999.0	999.0	999.0	999.0	/Users/mitchellparker/Desktop/rascore_build/core/6w4eC_core.cif	/Users/mitchellparker/Desktop/rascore_build/rcsb/6w4e.cif.gz	/Users/mitchellparker/Desktop/rascore_build/renum/6w4e_renum.cif	/Users/mitchellparker/Desktop/rascore_build/rcsb_assembly/6w4e-assembly-1.cif.gz	/Users/mitchellparker/Desktop/rascore_build/renum_assembly/6w4e-assembly-1_renum.cif	/Users/mitchellparker/Desktop/rascore_build/sifts/6w4e.xml.gz	/Users/mitchellparker/Desktop/rascore_build/pocket/6w4eC_9_pocket.pdb
6w4fB	6w4f	0	B	Outlier	Disordered	Y32out	Y71in	None	6w4fB10	10	GTPase KRas	RASK_HUMAN	P01116-2	G12D	G12	KRAS	2P	G12D	None	None	Nanodisc	None	SP12-Unbound	None	184	2-61:65-167:169-185	2020-03-10	Other	315.7449	0.0846	Unbound	Unbound	76,77,104,108,110,163,166	PCW,PCW,PCW,PCW,PCW,PCW,PCW,PCW,PCW,PCW,PCW,PCW,PCW,17F,17F,PCW,PCW,PCW,PCW,PCW,PCW,PCW,PCW,PCW,PCW,PCW,PCW,PCW,PCW,PCW,PCW,PCW,PCW,PCW,PCW,PCW,PCW,PCW,PCW,PCW,PCW,PCW,PCW,PCW,PCW,PCW,PCW,17F,17F,17F,17F,17F,17F,17F,17F,GDP,MG,PCW,PCW,PCW,PCW,PCW,PCW,PCW,PCW,PCW,PCW,PCW,17F,17F,17F,17F,PCW,PCW,PCW,PCW,PCW,PCW,PCW,17F,17F,PCW	Apolipoprotein A-I	None	A:185,180,178,181,179,177,183	APOA1_HUMAN	None	None	None	Nanodisc	None	A,D	GDP	MG	None	None	None	17F,PCW	STP	NMR	None	None	TEYKLVVVGADGVGKSALTIQLIQNHFVDEYDPTIEDSYRKQVVIDGETCLLDILDTAGQEEYSAMRDQYMRTGEGFLCVFAINNTKSFEDIHHYREQIKRVKDSEDVPMVLVGNKCDLPSRTVDTKQAQDLARSYGIPFIETSAKTRQGVDDAFYTLVREIRKHKEKMSKDGKKKKKKSKTKC	True	999.0	999.0	999.0	999.0	999.0	999.0	/Users/mitchellparker/Desktop/rascore_build/core/6w4fB_core.cif	/Users/mitchellparker/Desktop/rascore_build/rcsb/6w4f.cif.gz	/Users/mitchellparker/Desktop/rascore_build/renum/6w4f_renum.cif	/Users/mitchellparker/Desktop/rascore_build/rcsb_assembly/6w4f-assembly-1.cif.gz	/Users/mitchellparker/Desktop/rascore_build/renum_assembly/6w4f-assembly-1_renum.cif	/Users/mitchellparker/Desktop/rascore_build/sifts/6w4f.xml.gz	/Users/mitchellparker/Desktop/rascore_build/pocket/6w4fB_10_pocket.pdb
6w4fB	6w4f	0	B	Outlier	Disordered	Y32out	Y71in	None	6w4fB1	1	GTPase KRas	RASK_HUMAN	P01116-2	G12D	G12	KRAS	2P	G12D	None	None	Nanodisc	None	SP12-Unbound	None	184	2-61:65-167:169-185	2020-03-10	Other	590.2075	0.2067	Unbound	Unbound	80,93,97,107,108,109,110,111,112,113,137,138,139,140,159,162,165,166,170	PCW,PCW,PCW,PCW,PCW,PCW,PCW,PCW,PCW,PCW,PCW,PCW,PCW,17F,17F,PCW,PCW,PCW,PCW,PCW,PCW,PCW,PCW,PCW,PCW,PCW,PCW,PCW,PCW,PCW,PCW,PCW,PCW,PCW,PCW,PCW,PCW,PCW,PCW,PCW,PCW,PCW,PCW,PCW,PCW,PCW,PCW,17F,17F,17F,17F,17F,17F,17F,17F,GDP,MG,PCW,PCW,PCW,PCW,PCW,PCW,PCW,PCW,PCW,PCW,PCW,17F,17F,17F,17F,PCW,PCW,PCW,PCW,PCW,PCW,PCW,17F,17F,PCW	Apolipoprotein A-I	None	A:185,180,178,181,179,177,183	APOA1_HUMAN	None	None	None	Nanodisc	None	A,D	GDP	MG	None	None	None	17F,PCW	STP	NMR	None	None	TEYKLVVVGADGVGKSALTIQLIQNHFVDEYDPTIEDSYRKQVVIDGETCLLDILDTAGQEEYSAMRDQYMRTGEGFLCVFAINNTKSFEDIHHYREQIKRVKDSEDVPMVLVGNKCDLPSRTVDTKQAQDLARSYGIPFIETSAKTRQGVDDAFYTLVREIRKHKEKMSKDGKKKKKKSKTKC	True	999.0	999.0	999.0	999.0	999.0	999.0	/Users/mitchellparker/Desktop/rascore_build/core/6w4fB_core.cif	/Users/mitchellparker/Desktop/rascore_build/rcsb/6w4f.cif.gz	/Users/mitchellparker/Desktop/rascore_build/renum/6w4f_renum.cif	/Users/mitchellparker/Desktop/rascore_build/rcsb_assembly/6w4f-assembly-1.cif.gz	/Users/mitchellparker/Desktop/rascore_build/renum_assembly/6w4f-assembly-1_renum.cif	/Users/mitchellparker/Desktop/rascore_build/sifts/6w4f.xml.gz	/Users/mitchellparker/Desktop/rascore_build/pocket/6w4fB_1_pocket.pdb
6w4fB	6w4f	0	B	Outlier	Disordered	Y32out	Y71in	None	6w4fB2	2	GTPase KRas	RASK_HUMAN	P01116-2	G12D	G12	KRAS	2P	G12D	None	None	Nanodisc	None	SP12-Unbound	None	184	2-61:65-167:169-185	2020-03-10	Other	258.9072	0.7535	Unbound	Unbound	8,19,78,79,112,114,144,152,155,156,159	PCW,PCW,PCW,PCW,PCW,PCW,PCW,PCW,PCW,PCW,PCW,PCW,PCW,17F,17F,PCW,PCW,PCW,PCW,PCW,PCW,PCW,PCW,PCW,PCW,PCW,PCW,PCW,PCW,PCW,PCW,PCW,PCW,PCW,PCW,PCW,PCW,PCW,PCW,PCW,PCW,PCW,PCW,PCW,PCW,PCW,PCW,17F,17F,17F,17F,17F,17F,17F,17F,GDP,MG,PCW,PCW,PCW,PCW,PCW,PCW,PCW,PCW,PCW,PCW,PCW,17F,17F,17F,17F,PCW,PCW,PCW,PCW,PCW,PCW,PCW,17F,17F,PCW	Apolipoprotein A-I	None	A:185,180,178,181,179,177,183	APOA1_HUMAN	None	None	None	Nanodisc	None	A,D	GDP	MG	None	None	None	17F,PCW	STP	NMR	None	None	TEYKLVVVGADGVGKSALTIQLIQNHFVDEYDPTIEDSYRKQVVIDGETCLLDILDTAGQEEYSAMRDQYMRTGEGFLCVFAINNTKSFEDIHHYREQIKRVKDSEDVPMVLVGNKCDLPSRTVDTKQAQDLARSYGIPFIETSAKTRQGVDDAFYTLVREIRKHKEKMSKDGKKKKKKSKTKC	True	999.0	999.0	999.0	999.0	999.0	999.0	/Users/mitchellparker/Desktop/rascore_build/core/6w4fB_core.cif	/Users/mitchellparker/Desktop/rascore_build/rcsb/6w4f.cif.gz	/Users/mitchellparker/Desktop/rascore_build/renum/6w4f_renum.cif	/Users/mitchellparker/Desktop/rascore_build/rcsb_assembly/6w4f-assembly-1.cif.gz	/Users/mitchellparker/Desktop/rascore_build/renum_assembly/6w4f-assembly-1_renum.cif	/Users/mitchellparker/Desktop/rascore_build/sifts/6w4f.xml.gz	/Users/mitchellparker/Desktop/rascore_build/pocket/6w4fB_2_pocket.pdb
6w4fB	6w4f	0	B	Outlier	Disordered	Y32out	Y71in	None	6w4fB3	3	GTPase KRas	RASK_HUMAN	P01116-2	G12D	G12	KRAS	2P	G12D	None	None	Nanodisc	None	SP12-Unbound	None	184	2-61:65-167:169-185	2020-03-10	SP12	437.9449	0.0137	Unbound	Unbound	5,7,39,41,54,56,67,70,71,74,75	PCW,PCW,PCW,PCW,PCW,PCW,PCW,PCW,PCW,PCW,PCW,PCW,PCW,17F,17F,PCW,PCW,PCW,PCW,PCW,PCW,PCW,PCW,PCW,PCW,PCW,PCW,PCW,PCW,PCW,PCW,PCW,PCW,PCW,PCW,PCW,PCW,PCW,PCW,PCW,PCW,PCW,PCW,PCW,PCW,PCW,PCW,17F,17F,17F,17F,17F,17F,17F,17F,GDP,MG,PCW,PCW,PCW,PCW,PCW,PCW,PCW,PCW,PCW,PCW,PCW,17F,17F,17F,17F,PCW,PCW,PCW,PCW,PCW,PCW,PCW,17F,17F,PCW	Apolipoprotein A-I	None	A:185,180,178,181,179,177,183	APOA1_HUMAN	None	None	None	Nanodisc	None	A,D	GDP	MG	None	None	None	17F,PCW	STP	NMR	None	None	TEYKLVVVGADGVGKSALTIQLIQNHFVDEYDPTIEDSYRKQVVIDGETCLLDILDTAGQEEYSAMRDQYMRTGEGFLCVFAINNTKSFEDIHHYREQIKRVKDSEDVPMVLVGNKCDLPSRTVDTKQAQDLARSYGIPFIETSAKTRQGVDDAFYTLVREIRKHKEKMSKDGKKKKKKSKTKC	True	999.0	999.0	999.0	999.0	999.0	999.0	/Users/mitchellparker/Desktop/rascore_build/core/6w4fB_core.cif	/Users/mitchellparker/Desktop/rascore_build/rcsb/6w4f.cif.gz	/Users/mitchellparker/Desktop/rascore_build/renum/6w4f_renum.cif	/Users/mitchellparker/Desktop/rascore_build/rcsb_assembly/6w4f-assembly-1.cif.gz	/Users/mitchellparker/Desktop/rascore_build/renum_assembly/6w4f-assembly-1_renum.cif	/Users/mitchellparker/Desktop/rascore_build/sifts/6w4f.xml.gz	/Users/mitchellparker/Desktop/rascore_build/pocket/6w4fB_3_pocket.pdb
6w4fB	6w4f	0	B	Outlier	Disordered	Y32out	Y71in	None	6w4fB4	4	GTPase KRas	RASK_HUMAN	P01116-2	G12D	G12	KRAS	2P	G12D	None	None	Nanodisc	None	SP12-Unbound	None	184	2-61:65-167:169-185	2020-03-10	Other	151.6084	0.0883	Unbound	Unbound	4,5,6,53,76,77,156,159,160,163	PCW,PCW,PCW,PCW,PCW,PCW,PCW,PCW,PCW,PCW,PCW,PCW,PCW,17F,17F,PCW,PCW,PCW,PCW,PCW,PCW,PCW,PCW,PCW,PCW,PCW,PCW,PCW,PCW,PCW,PCW,PCW,PCW,PCW,PCW,PCW,PCW,PCW,PCW,PCW,PCW,PCW,PCW,PCW,PCW,PCW,PCW,17F,17F,17F,17F,17F,17F,17F,17F,GDP,MG,PCW,PCW,PCW,PCW,PCW,PCW,PCW,PCW,PCW,PCW,PCW,17F,17F,17F,17F,PCW,PCW,PCW,PCW,PCW,PCW,PCW,17F,17F,PCW	Apolipoprotein A-I	None	A:185,180,178,181,179,177,183	APOA1_HUMAN	None	None	None	Nanodisc	None	A,D	GDP	MG	None	None	None	17F,PCW	STP	NMR	None	None	TEYKLVVVGADGVGKSALTIQLIQNHFVDEYDPTIEDSYRKQVVIDGETCLLDILDTAGQEEYSAMRDQYMRTGEGFLCVFAINNTKSFEDIHHYREQIKRVKDSEDVPMVLVGNKCDLPSRTVDTKQAQDLARSYGIPFIETSAKTRQGVDDAFYTLVREIRKHKEKMSKDGKKKKKKSKTKC	True	999.0	999.0	999.0	999.0	999.0	999.0	/Users/mitchellparker/Desktop/rascore_build/core/6w4fB_core.cif	/Users/mitchellparker/Desktop/rascore_build/rcsb/6w4f.cif.gz	/Users/mitchellparker/Desktop/rascore_build/renum/6w4f_renum.cif	/Users/mitchellparker/Desktop/rascore_build/rcsb_assembly/6w4f-assembly-1.cif.gz	/Users/mitchellparker/Desktop/rascore_build/renum_assembly/6w4f-assembly-1_renum.cif	/Users/mitchellparker/Desktop/rascore_build/sifts/6w4f.xml.gz	/Users/mitchellparker/Desktop/rascore_build/pocket/6w4fB_4_pocket.pdb
6w4fB	6w4f	0	B	Outlier	Disordered	Y32out	Y71in	None	6w4fB5	5	GTPase KRas	RASK_HUMAN	P01116-2	G12D	G12	KRAS	2P	G12D	None	None	Nanodisc	None	SP12-Unbound	None	184	2-61:65-167:169-185	2020-03-10	Other	244.2433	0.0114	Unbound	Unbound	17,20,21,29,31,33,36,38,40,57	PCW,PCW,PCW,PCW,PCW,PCW,PCW,PCW,PCW,PCW,PCW,PCW,PCW,17F,17F,PCW,PCW,PCW,PCW,PCW,PCW,PCW,PCW,PCW,PCW,PCW,PCW,PCW,PCW,PCW,PCW,PCW,PCW,PCW,PCW,PCW,PCW,PCW,PCW,PCW,PCW,PCW,PCW,PCW,PCW,PCW,PCW,17F,17F,17F,17F,17F,17F,17F,17F,GDP,MG,PCW,PCW,PCW,PCW,PCW,PCW,PCW,PCW,PCW,PCW,PCW,17F,17F,17F,17F,PCW,PCW,PCW,PCW,PCW,PCW,PCW,17F,17F,PCW	Apolipoprotein A-I	None	A:185,180,178,181,179,177,183	APOA1_HUMAN	None	None	None	Nanodisc	None	A,D	GDP	MG	None	None	None	17F,PCW	STP	NMR	None	None	TEYKLVVVGADGVGKSALTIQLIQNHFVDEYDPTIEDSYRKQVVIDGETCLLDILDTAGQEEYSAMRDQYMRTGEGFLCVFAINNTKSFEDIHHYREQIKRVKDSEDVPMVLVGNKCDLPSRTVDTKQAQDLARSYGIPFIETSAKTRQGVDDAFYTLVREIRKHKEKMSKDGKKKKKKSKTKC	True	999.0	999.0	999.0	999.0	999.0	999.0	/Users/mitchellparker/Desktop/rascore_build/core/6w4fB_core.cif	/Users/mitchellparker/Desktop/rascore_build/rcsb/6w4f.cif.gz	/Users/mitchellparker/Desktop/rascore_build/renum/6w4f_renum.cif	/Users/mitchellparker/Desktop/rascore_build/rcsb_assembly/6w4f-assembly-1.cif.gz	/Users/mitchellparker/Desktop/rascore_build/renum_assembly/6w4f-assembly-1_renum.cif	/Users/mitchellparker/Desktop/rascore_build/sifts/6w4f.xml.gz	/Users/mitchellparker/Desktop/rascore_build/pocket/6w4fB_5_pocket.pdb
6w4fB	6w4f	0	B	Outlier	Disordered	Y32out	Y71in	None	6w4fB6	6	GTPase KRas	RASK_HUMAN	P01116-2	G12D	G12	KRAS	2P	G12D	None	None	Nanodisc	None	SP12-Unbound	None	184	2-61:65-167:169-185	2020-03-10	Other	290.8775	0.0001	Unbound	Unbound	131,134,135,139,141	PCW,PCW,PCW,PCW,PCW,PCW,PCW,PCW,PCW,PCW,PCW,PCW,PCW,17F,17F,PCW,PCW,PCW,PCW,PCW,PCW,PCW,PCW,PCW,PCW,PCW,PCW,PCW,PCW,PCW,PCW,PCW,PCW,PCW,PCW,PCW,PCW,PCW,PCW,PCW,PCW,PCW,PCW,PCW,PCW,PCW,PCW,17F,17F,17F,17F,17F,17F,17F,17F,GDP,MG,PCW,PCW,PCW,PCW,PCW,PCW,PCW,PCW,PCW,PCW,PCW,17F,17F,17F,17F,PCW,PCW,PCW,PCW,PCW,PCW,PCW,17F,17F,PCW	Apolipoprotein A-I	None	A:185,180,178,181,179,177,183	APOA1_HUMAN	None	None	None	Nanodisc	None	A,D	GDP	MG	None	None	None	17F,PCW	STP	NMR	None	None	TEYKLVVVGADGVGKSALTIQLIQNHFVDEYDPTIEDSYRKQVVIDGETCLLDILDTAGQEEYSAMRDQYMRTGEGFLCVFAINNTKSFEDIHHYREQIKRVKDSEDVPMVLVGNKCDLPSRTVDTKQAQDLARSYGIPFIETSAKTRQGVDDAFYTLVREIRKHKEKMSKDGKKKKKKSKTKC	True	999.0	999.0	999.0	999.0	999.0	999.0	/Users/mitchellparker/Desktop/rascore_build/core/6w4fB_core.cif	/Users/mitchellparker/Desktop/rascore_build/rcsb/6w4f.cif.gz	/Users/mitchellparker/Desktop/rascore_build/renum/6w4f_renum.cif	/Users/mitchellparker/Desktop/rascore_build/rcsb_assembly/6w4f-assembly-1.cif.gz	/Users/mitchellparker/Desktop/rascore_build/renum_assembly/6w4f-assembly-1_renum.cif	/Users/mitchellparker/Desktop/rascore_build/sifts/6w4f.xml.gz	/Users/mitchellparker/Desktop/rascore_build/pocket/6w4fB_6_pocket.pdb
6w4fB	6w4f	0	B	Outlier	Disordered	Y32out	Y71in	None	6w4fB7	7	GTPase KRas	RASK_HUMAN	P01116-2	G12D	G12	KRAS	2P	G12D	None	None	Nanodisc	None	SP12-Unbound	None	184	2-61:65-167:169-185	2020-03-10	Other	375.8831	0.0007	Unbound	Unbound	126,128,129,132,133,136	PCW,PCW,PCW,PCW,PCW,PCW,PCW,PCW,PCW,PCW,PCW,PCW,PCW,17F,17F,PCW,PCW,PCW,PCW,PCW,PCW,PCW,PCW,PCW,PCW,PCW,PCW,PCW,PCW,PCW,PCW,PCW,PCW,PCW,PCW,PCW,PCW,PCW,PCW,PCW,PCW,PCW,PCW,PCW,PCW,PCW,PCW,17F,17F,17F,17F,17F,17F,17F,17F,GDP,MG,PCW,PCW,PCW,PCW,PCW,PCW,PCW,PCW,PCW,PCW,PCW,17F,17F,17F,17F,PCW,PCW,PCW,PCW,PCW,PCW,PCW,17F,17F,PCW	Apolipoprotein A-I	None	A:185,180,178,181,179,177,183	APOA1_HUMAN	None	None	None	Nanodisc	None	A,D	GDP	MG	None	None	None	17F,PCW	STP	NMR	None	None	TEYKLVVVGADGVGKSALTIQLIQNHFVDEYDPTIEDSYRKQVVIDGETCLLDILDTAGQEEYSAMRDQYMRTGEGFLCVFAINNTKSFEDIHHYREQIKRVKDSEDVPMVLVGNKCDLPSRTVDTKQAQDLARSYGIPFIETSAKTRQGVDDAFYTLVREIRKHKEKMSKDGKKKKKKSKTKC	True	999.0	999.0	999.0	999.0	999.0	999.0	/Users/mitchellparker/Desktop/rascore_build/core/6w4fB_core.cif	/Users/mitchellparker/Desktop/rascore_build/rcsb/6w4f.cif.gz	/Users/mitchellparker/Desktop/rascore_build/renum/6w4f_renum.cif	/Users/mitchellparker/Desktop/rascore_build/rcsb_assembly/6w4f-assembly-1.cif.gz	/Users/mitchellparker/Desktop/rascore_build/renum_assembly/6w4f-assembly-1_renum.cif	/Users/mitchellparker/Desktop/rascore_build/sifts/6w4f.xml.gz	/Users/mitchellparker/Desktop/rascore_build/pocket/6w4fB_7_pocket.pdb
6w4fB	6w4f	0	B	Outlier	Disordered	Y32out	Y71in	None	6w4fB8	8	GTPase KRas	RASK_HUMAN	P01116-2	G12D	G12	KRAS	2P	G12D	None	None	Nanodisc	None	SP12-Unbound	None	184	2-61:65-167:169-185	2020-03-10	Other	177.0995	0.0270	Unbound	Unbound	23,42,44,46,53,153,156,157,160	PCW,PCW,PCW,PCW,PCW,PCW,PCW,PCW,PCW,PCW,PCW,PCW,PCW,17F,17F,PCW,PCW,PCW,PCW,PCW,PCW,PCW,PCW,PCW,PCW,PCW,PCW,PCW,PCW,PCW,PCW,PCW,PCW,PCW,PCW,PCW,PCW,PCW,PCW,PCW,PCW,PCW,PCW,PCW,PCW,PCW,PCW,17F,17F,17F,17F,17F,17F,17F,17F,GDP,MG,PCW,PCW,PCW,PCW,PCW,PCW,PCW,PCW,PCW,PCW,PCW,17F,17F,17F,17F,PCW,PCW,PCW,PCW,PCW,PCW,PCW,17F,17F,PCW	Apolipoprotein A-I	None	A:185,180,178,181,179,177,183	APOA1_HUMAN	None	None	None	Nanodisc	None	A,D	GDP	MG	None	None	None	17F,PCW	STP	NMR	None	None	TEYKLVVVGADGVGKSALTIQLIQNHFVDEYDPTIEDSYRKQVVIDGETCLLDILDTAGQEEYSAMRDQYMRTGEGFLCVFAINNTKSFEDIHHYREQIKRVKDSEDVPMVLVGNKCDLPSRTVDTKQAQDLARSYGIPFIETSAKTRQGVDDAFYTLVREIRKHKEKMSKDGKKKKKKSKTKC	True	999.0	999.0	999.0	999.0	999.0	999.0	/Users/mitchellparker/Desktop/rascore_build/core/6w4fB_core.cif	/Users/mitchellparker/Desktop/rascore_build/rcsb/6w4f.cif.gz	/Users/mitchellparker/Desktop/rascore_build/renum/6w4f_renum.cif	/Users/mitchellparker/Desktop/rascore_build/rcsb_assembly/6w4f-assembly-1.cif.gz	/Users/mitchellparker/Desktop/rascore_build/renum_assembly/6w4f-assembly-1_renum.cif	/Users/mitchellparker/Desktop/rascore_build/sifts/6w4f.xml.gz	/Users/mitchellparker/Desktop/rascore_build/pocket/6w4fB_8_pocket.pdb
6w4fB	6w4f	0	B	Outlier	Disordered	Y32out	Y71in	None	6w4fB9	9	GTPase KRas	RASK_HUMAN	P01116-2	G12D	G12	KRAS	2P	G12D	None	None	Nanodisc	None	SP12-Unbound	None	184	2-61:65-167:169-185	2020-03-10	Other	174.8614	0.0001	Unbound	Unbound	11,12,13,14,83,85,86,117	PCW,PCW,PCW,PCW,PCW,PCW,PCW,PCW,PCW,PCW,PCW,PCW,PCW,17F,17F,PCW,PCW,PCW,PCW,PCW,PCW,PCW,PCW,PCW,PCW,PCW,PCW,PCW,PCW,PCW,PCW,PCW,PCW,PCW,PCW,PCW,PCW,PCW,PCW,PCW,PCW,PCW,PCW,PCW,PCW,PCW,PCW,17F,17F,17F,17F,17F,17F,17F,17F,GDP,MG,PCW,PCW,PCW,PCW,PCW,PCW,PCW,PCW,PCW,PCW,PCW,17F,17F,17F,17F,PCW,PCW,PCW,PCW,PCW,PCW,PCW,17F,17F,PCW	Apolipoprotein A-I	None	A:185,180,178,181,179,177,183	APOA1_HUMAN	None	None	None	Nanodisc	None	A,D	GDP	MG	None	None	None	17F,PCW	STP	NMR	None	None	TEYKLVVVGADGVGKSALTIQLIQNHFVDEYDPTIEDSYRKQVVIDGETCLLDILDTAGQEEYSAMRDQYMRTGEGFLCVFAINNTKSFEDIHHYREQIKRVKDSEDVPMVLVGNKCDLPSRTVDTKQAQDLARSYGIPFIETSAKTRQGVDDAFYTLVREIRKHKEKMSKDGKKKKKKSKTKC	True	999.0	999.0	999.0	999.0	999.0	999.0	/Users/mitchellparker/Desktop/rascore_build/core/6w4fB_core.cif	/Users/mitchellparker/Desktop/rascore_build/rcsb/6w4f.cif.gz	/Users/mitchellparker/Desktop/rascore_build/renum/6w4f_renum.cif	/Users/mitchellparker/Desktop/rascore_build/rcsb_assembly/6w4f-assembly-1.cif.gz	/Users/mitchellparker/Desktop/rascore_build/renum_assembly/6w4f-assembly-1_renum.cif	/Users/mitchellparker/Desktop/rascore_build/sifts/6w4f.xml.gz	/Users/mitchellparker/Desktop/rascore_build/pocket/6w4fB_9_pocket.pdb
6w4fC	6w4f	0	C	Outlier	Disordered	Y32out	Y71out	None	6w4fC1	1	GTPase KRas	RASK_HUMAN	P01116-2	G12D	G12	KRAS	2P	G12D	None	None	Nanodisc	None	SP2-Unbound	None	184	2-61:65-167:169-185	2020-03-10	Other	477.7546	0.6024	Unbound	Unbound	80,93,97,107,108,109,110,111,113,133,137,138,139,162,165,166,170	PCW,PCW,PCW,PCW,PCW,PCW,PCW,PCW,PCW,PCW,PCW,PCW,PCW,17F,17F,PCW,PCW,PCW,PCW,PCW,PCW,PCW,PCW,PCW,PCW,PCW,PCW,PCW,PCW,PCW,PCW,PCW,PCW,PCW,PCW,PCW,PCW,PCW,PCW,PCW,PCW,PCW,PCW,PCW,PCW,PCW,PCW,17F,17F,17F,17F,17F,17F,17F,17F,PCW,PCW,PCW,PCW,PCW,PCW,PCW,PCW,PCW,PCW,PCW,17F,17F,17F,17F,GDP,MG,PCW,PCW,PCW,PCW,PCW,PCW,PCW,17F,17F,PCW	Apolipoprotein A-I	None	A:171,176,178,185,183,182	APOA1_HUMAN	None	None	None	Nanodisc	None	A,D	GDP	MG	None	None	None	17F,PCW	STP	NMR	None	None	TEYKLVVVGADGVGKSALTIQLIQNHFVDEYDPTIEDSYRKQVVIDGETCLLDILDTAGQEEYSAMRDQYMRTGEGFLCVFAINNTKSFEDIHHYREQIKRVKDSEDVPMVLVGNKCDLPSRTVDTKQAQDLARSYGIPFIETSAKTRQGVDDAFYTLVREIRKHKEKMSKDGKKKKKKSKTKC	True	999.0	999.0	999.0	999.0	999.0	999.0	/Users/mitchellparker/Desktop/rascore_build/core/6w4fC_core.cif	/Users/mitchellparker/Desktop/rascore_build/rcsb/6w4f.cif.gz	/Users/mitchellparker/Desktop/rascore_build/renum/6w4f_renum.cif	/Users/mitchellparker/Desktop/rascore_build/rcsb_assembly/6w4f-assembly-1.cif.gz	/Users/mitchellparker/Desktop/rascore_build/renum_assembly/6w4f-assembly-1_renum.cif	/Users/mitchellparker/Desktop/rascore_build/sifts/6w4f.xml.gz	/Users/mitchellparker/Desktop/rascore_build/pocket/6w4fC_1_pocket.pdb
6w4fC	6w4f	0	C	Outlier	Disordered	Y32out	Y71out	None	6w4fC2	2	GTPase KRas	RASK_HUMAN	P01116-2	G12D	G12	KRAS	2P	G12D	None	None	Nanodisc	None	SP2-Unbound	None	184	2-61:65-167:169-185	2020-03-10	Other	332.0480	0.1110	Unbound	Unbound	17,20,21,29,31,32,33,36,38,40,57	PCW,PCW,PCW,PCW,PCW,PCW,PCW,PCW,PCW,PCW,PCW,PCW,PCW,17F,17F,PCW,PCW,PCW,PCW,PCW,PCW,PCW,PCW,PCW,PCW,PCW,PCW,PCW,PCW,PCW,PCW,PCW,PCW,PCW,PCW,PCW,PCW,PCW,PCW,PCW,PCW,PCW,PCW,PCW,PCW,PCW,PCW,17F,17F,17F,17F,17F,17F,17F,17F,PCW,PCW,PCW,PCW,PCW,PCW,PCW,PCW,PCW,PCW,PCW,17F,17F,17F,17F,GDP,MG,PCW,PCW,PCW,PCW,PCW,PCW,PCW,17F,17F,PCW	Apolipoprotein A-I	None	A:171,176,178,185,183,182	APOA1_HUMAN	None	None	None	Nanodisc	None	A,D	GDP	MG	None	None	None	17F,PCW	STP	NMR	None	None	TEYKLVVVGADGVGKSALTIQLIQNHFVDEYDPTIEDSYRKQVVIDGETCLLDILDTAGQEEYSAMRDQYMRTGEGFLCVFAINNTKSFEDIHHYREQIKRVKDSEDVPMVLVGNKCDLPSRTVDTKQAQDLARSYGIPFIETSAKTRQGVDDAFYTLVREIRKHKEKMSKDGKKKKKKSKTKC	True	999.0	999.0	999.0	999.0	999.0	999.0	/Users/mitchellparker/Desktop/rascore_build/core/6w4fC_core.cif	/Users/mitchellparker/Desktop/rascore_build/rcsb/6w4f.cif.gz	/Users/mitchellparker/Desktop/rascore_build/renum/6w4f_renum.cif	/Users/mitchellparker/Desktop/rascore_build/rcsb_assembly/6w4f-assembly-1.cif.gz	/Users/mitchellparker/Desktop/rascore_build/renum_assembly/6w4f-assembly-1_renum.cif	/Users/mitchellparker/Desktop/rascore_build/sifts/6w4f.xml.gz	/Users/mitchellparker/Desktop/rascore_build/pocket/6w4fC_2_pocket.pdb
6w4fC	6w4f	0	C	Outlier	Disordered	Y32out	Y71out	None	6w4fC3	3	GTPase KRas	RASK_HUMAN	P01116-2	G12D	G12	KRAS	2P	G12D	None	None	Nanodisc	None	SP2-Unbound	None	184	2-61:65-167:169-185	2020-03-10	SP2	225.6279	0.0135	Unbound	Unbound	9,58,61,65,68,69,71,72,96,99,103	PCW,PCW,PCW,PCW,PCW,PCW,PCW,PCW,PCW,PCW,PCW,PCW,PCW,17F,17F,PCW,PCW,PCW,PCW,PCW,PCW,PCW,PCW,PCW,PCW,PCW,PCW,PCW,PCW,PCW,PCW,PCW,PCW,PCW,PCW,PCW,PCW,PCW,PCW,PCW,PCW,PCW,PCW,PCW,PCW,PCW,PCW,17F,17F,17F,17F,17F,17F,17F,17F,PCW,PCW,PCW,PCW,PCW,PCW,PCW,PCW,PCW,PCW,PCW,17F,17F,17F,17F,GDP,MG,PCW,PCW,PCW,PCW,PCW,PCW,PCW,17F,17F,PCW	Apolipoprotein A-I	None	A:171,176,178,185,183,182	APOA1_HUMAN	None	None	None	Nanodisc	None	A,D	GDP	MG	None	None	None	17F,PCW	STP	NMR	None	None	TEYKLVVVGADGVGKSALTIQLIQNHFVDEYDPTIEDSYRKQVVIDGETCLLDILDTAGQEEYSAMRDQYMRTGEGFLCVFAINNTKSFEDIHHYREQIKRVKDSEDVPMVLVGNKCDLPSRTVDTKQAQDLARSYGIPFIETSAKTRQGVDDAFYTLVREIRKHKEKMSKDGKKKKKKSKTKC	True	999.0	999.0	999.0	999.0	999.0	999.0	/Users/mitchellparker/Desktop/rascore_build/core/6w4fC_core.cif	/Users/mitchellparker/Desktop/rascore_build/rcsb/6w4f.cif.gz	/Users/mitchellparker/Desktop/rascore_build/renum/6w4f_renum.cif	/Users/mitchellparker/Desktop/rascore_build/rcsb_assembly/6w4f-assembly-1.cif.gz	/Users/mitchellparker/Desktop/rascore_build/renum_assembly/6w4f-assembly-1_renum.cif	/Users/mitchellparker/Desktop/rascore_build/sifts/6w4f.xml.gz	/Users/mitchellparker/Desktop/rascore_build/pocket/6w4fC_3_pocket.pdb
6w4fC	6w4f	0	C	Outlier	Disordered	Y32out	Y71out	None	6w4fC4	4	GTPase KRas	RASK_HUMAN	P01116-2	G12D	G12	KRAS	2P	G12D	None	None	Nanodisc	None	SP2-Unbound	None	184	2-61:65-167:169-185	2020-03-10	Other	57.3551	0.0010	Unbound	Unbound	82,84,123,125,126,127,130,141,143	PCW,PCW,PCW,PCW,PCW,PCW,PCW,PCW,PCW,PCW,PCW,PCW,PCW,17F,17F,PCW,PCW,PCW,PCW,PCW,PCW,PCW,PCW,PCW,PCW,PCW,PCW,PCW,PCW,PCW,PCW,PCW,PCW,PCW,PCW,PCW,PCW,PCW,PCW,PCW,PCW,PCW,PCW,PCW,PCW,PCW,PCW,17F,17F,17F,17F,17F,17F,17F,17F,PCW,PCW,PCW,PCW,PCW,PCW,PCW,PCW,PCW,PCW,PCW,17F,17F,17F,17F,GDP,MG,PCW,PCW,PCW,PCW,PCW,PCW,PCW,17F,17F,PCW	Apolipoprotein A-I	None	A:171,176,178,185,183,182	APOA1_HUMAN	None	None	None	Nanodisc	None	A,D	GDP	MG	None	None	None	17F,PCW	STP	NMR	None	None	TEYKLVVVGADGVGKSALTIQLIQNHFVDEYDPTIEDSYRKQVVIDGETCLLDILDTAGQEEYSAMRDQYMRTGEGFLCVFAINNTKSFEDIHHYREQIKRVKDSEDVPMVLVGNKCDLPSRTVDTKQAQDLARSYGIPFIETSAKTRQGVDDAFYTLVREIRKHKEKMSKDGKKKKKKSKTKC	True	999.0	999.0	999.0	999.0	999.0	999.0	/Users/mitchellparker/Desktop/rascore_build/core/6w4fC_core.cif	/Users/mitchellparker/Desktop/rascore_build/rcsb/6w4f.cif.gz	/Users/mitchellparker/Desktop/rascore_build/renum/6w4f_renum.cif	/Users/mitchellparker/Desktop/rascore_build/rcsb_assembly/6w4f-assembly-1.cif.gz	/Users/mitchellparker/Desktop/rascore_build/renum_assembly/6w4f-assembly-1_renum.cif	/Users/mitchellparker/Desktop/rascore_build/sifts/6w4f.xml.gz	/Users/mitchellparker/Desktop/rascore_build/pocket/6w4fC_4_pocket.pdb
6w4fC	6w4f	0	C	Outlier	Disordered	Y32out	Y71out	None	6w4fC5	5	GTPase KRas	RASK_HUMAN	P01116-2	G12D	G12	KRAS	2P	G12D	None	None	Nanodisc	None	SP2-Unbound	None	184	2-61:65-167:169-185	2020-03-10	Other	264.6727	0.0014	Unbound	Unbound	2,43,44,45,50,51,52	PCW,PCW,PCW,PCW,PCW,PCW,PCW,PCW,PCW,PCW,PCW,PCW,PCW,17F,17F,PCW,PCW,PCW,PCW,PCW,PCW,PCW,PCW,PCW,PCW,PCW,PCW,PCW,PCW,PCW,PCW,PCW,PCW,PCW,PCW,PCW,PCW,PCW,PCW,PCW,PCW,PCW,PCW,PCW,PCW,PCW,PCW,17F,17F,17F,17F,17F,17F,17F,17F,PCW,PCW,PCW,PCW,PCW,PCW,PCW,PCW,PCW,PCW,PCW,17F,17F,17F,17F,GDP,MG,PCW,PCW,PCW,PCW,PCW,PCW,PCW,17F,17F,PCW	Apolipoprotein A-I	None	A:171,176,178,185,183,182	APOA1_HUMAN	None	None	None	Nanodisc	None	A,D	GDP	MG	None	None	None	17F,PCW	STP	NMR	None	None	TEYKLVVVGADGVGKSALTIQLIQNHFVDEYDPTIEDSYRKQVVIDGETCLLDILDTAGQEEYSAMRDQYMRTGEGFLCVFAINNTKSFEDIHHYREQIKRVKDSEDVPMVLVGNKCDLPSRTVDTKQAQDLARSYGIPFIETSAKTRQGVDDAFYTLVREIRKHKEKMSKDGKKKKKKSKTKC	True	999.0	999.0	999.0	999.0	999.0	999.0	/Users/mitchellparker/Desktop/rascore_build/core/6w4fC_core.cif	/Users/mitchellparker/Desktop/rascore_build/rcsb/6w4f.cif.gz	/Users/mitchellparker/Desktop/rascore_build/renum/6w4f_renum.cif	/Users/mitchellparker/Desktop/rascore_build/rcsb_assembly/6w4f-assembly-1.cif.gz	/Users/mitchellparker/Desktop/rascore_build/renum_assembly/6w4f-assembly-1_renum.cif	/Users/mitchellparker/Desktop/rascore_build/sifts/6w4f.xml.gz	/Users/mitchellparker/Desktop/rascore_build/pocket/6w4fC_5_pocket.pdb
6w4fC	6w4f	0	C	Outlier	Disordered	Y32out	Y71out	None	6w4fC6	6	GTPase KRas	RASK_HUMAN	P01116-2	G12D	G12	KRAS	2P	G12D	None	None	Nanodisc	None	SP2-Unbound	None	184	2-61:65-167:169-185	2020-03-10	Other	192.4157	0.0002	Unbound	Unbound	11,12,13,14,83,85,86,88,117	PCW,PCW,PCW,PCW,PCW,PCW,PCW,PCW,PCW,PCW,PCW,PCW,PCW,17F,17F,PCW,PCW,PCW,PCW,PCW,PCW,PCW,PCW,PCW,PCW,PCW,PCW,PCW,PCW,PCW,PCW,PCW,PCW,PCW,PCW,PCW,PCW,PCW,PCW,PCW,PCW,PCW,PCW,PCW,PCW,PCW,PCW,17F,17F,17F,17F,17F,17F,17F,17F,PCW,PCW,PCW,PCW,PCW,PCW,PCW,PCW,PCW,PCW,PCW,17F,17F,17F,17F,GDP,MG,PCW,PCW,PCW,PCW,PCW,PCW,PCW,17F,17F,PCW	Apolipoprotein A-I	None	A:171,176,178,185,183,182	APOA1_HUMAN	None	None	None	Nanodisc	None	A,D	GDP	MG	None	None	None	17F,PCW	STP	NMR	None	None	TEYKLVVVGADGVGKSALTIQLIQNHFVDEYDPTIEDSYRKQVVIDGETCLLDILDTAGQEEYSAMRDQYMRTGEGFLCVFAINNTKSFEDIHHYREQIKRVKDSEDVPMVLVGNKCDLPSRTVDTKQAQDLARSYGIPFIETSAKTRQGVDDAFYTLVREIRKHKEKMSKDGKKKKKKSKTKC	True	999.0	999.0	999.0	999.0	999.0	999.0	/Users/mitchellparker/Desktop/rascore_build/core/6w4fC_core.cif	/Users/mitchellparker/Desktop/rascore_build/rcsb/6w4f.cif.gz	/Users/mitchellparker/Desktop/rascore_build/renum/6w4f_renum.cif	/Users/mitchellparker/Desktop/rascore_build/rcsb_assembly/6w4f-assembly-1.cif.gz	/Users/mitchellparker/Desktop/rascore_build/renum_assembly/6w4f-assembly-1_renum.cif	/Users/mitchellparker/Desktop/rascore_build/sifts/6w4f.xml.gz	/Users/mitchellparker/Desktop/rascore_build/pocket/6w4fC_6_pocket.pdb
6w4fC	6w4f	0	C	Outlier	Disordered	Y32out	Y71out	None	6w4fC7	7	GTPase KRas	RASK_HUMAN	P01116-2	G12D	G12	KRAS	2P	G12D	None	None	Nanodisc	None	SP2-Unbound	None	184	2-61:65-167:169-185	2020-03-10	Other	224.6736	0.0003	Unbound	Unbound	66,69,70,73	PCW,PCW,PCW,PCW,PCW,PCW,PCW,PCW,PCW,PCW,PCW,PCW,PCW,17F,17F,PCW,PCW,PCW,PCW,PCW,PCW,PCW,PCW,PCW,PCW,PCW,PCW,PCW,PCW,PCW,PCW,PCW,PCW,PCW,PCW,PCW,PCW,PCW,PCW,PCW,PCW,PCW,PCW,PCW,PCW,PCW,PCW,17F,17F,17F,17F,17F,17F,17F,17F,PCW,PCW,PCW,PCW,PCW,PCW,PCW,PCW,PCW,PCW,PCW,17F,17F,17F,17F,GDP,MG,PCW,PCW,PCW,PCW,PCW,PCW,PCW,17F,17F,PCW	Apolipoprotein A-I	None	A:171,176,178,185,183,182	APOA1_HUMAN	None	None	None	Nanodisc	None	A,D	GDP	MG	None	None	None	17F,PCW	STP	NMR	None	None	TEYKLVVVGADGVGKSALTIQLIQNHFVDEYDPTIEDSYRKQVVIDGETCLLDILDTAGQEEYSAMRDQYMRTGEGFLCVFAINNTKSFEDIHHYREQIKRVKDSEDVPMVLVGNKCDLPSRTVDTKQAQDLARSYGIPFIETSAKTRQGVDDAFYTLVREIRKHKEKMSKDGKKKKKKSKTKC	True	999.0	999.0	999.0	999.0	999.0	999.0	/Users/mitchellparker/Desktop/rascore_build/core/6w4fC_core.cif	/Users/mitchellparker/Desktop/rascore_build/rcsb/6w4f.cif.gz	/Users/mitchellparker/Desktop/rascore_build/renum/6w4f_renum.cif	/Users/mitchellparker/Desktop/rascore_build/rcsb_assembly/6w4f-assembly-1.cif.gz	/Users/mitchellparker/Desktop/rascore_build/renum_assembly/6w4f-assembly-1_renum.cif	/Users/mitchellparker/Desktop/rascore_build/sifts/6w4f.xml.gz	/Users/mitchellparker/Desktop/rascore_build/pocket/6w4fC_7_pocket.pdb
6w4fC	6w4f	0	C	Outlier	Disordered	Y32out	Y71out	None	6w4fC8	8	GTPase KRas	RASK_HUMAN	P01116-2	G12D	G12	KRAS	2P	G12D	None	None	Nanodisc	None	SP2-Unbound	None	184	2-61:65-167:169-185	2020-03-10	Other	470.0229	0.0112	Unbound	Unbound	87,90,91,94,95,129,132,133	PCW,PCW,PCW,PCW,PCW,PCW,PCW,PCW,PCW,PCW,PCW,PCW,PCW,17F,17F,PCW,PCW,PCW,PCW,PCW,PCW,PCW,PCW,PCW,PCW,PCW,PCW,PCW,PCW,PCW,PCW,PCW,PCW,PCW,PCW,PCW,PCW,PCW,PCW,PCW,PCW,PCW,PCW,PCW,PCW,PCW,PCW,17F,17F,17F,17F,17F,17F,17F,17F,PCW,PCW,PCW,PCW,PCW,PCW,PCW,PCW,PCW,PCW,PCW,17F,17F,17F,17F,GDP,MG,PCW,PCW,PCW,PCW,PCW,PCW,PCW,17F,17F,PCW	Apolipoprotein A-I	None	A:171,176,178,185,183,182	APOA1_HUMAN	None	None	None	Nanodisc	None	A,D	GDP	MG	None	None	None	17F,PCW	STP	NMR	None	None	TEYKLVVVGADGVGKSALTIQLIQNHFVDEYDPTIEDSYRKQVVIDGETCLLDILDTAGQEEYSAMRDQYMRTGEGFLCVFAINNTKSFEDIHHYREQIKRVKDSEDVPMVLVGNKCDLPSRTVDTKQAQDLARSYGIPFIETSAKTRQGVDDAFYTLVREIRKHKEKMSKDGKKKKKKSKTKC	True	999.0	999.0	999.0	999.0	999.0	999.0	/Users/mitchellparker/Desktop/rascore_build/core/6w4fC_core.cif	/Users/mitchellparker/Desktop/rascore_build/rcsb/6w4f.cif.gz	/Users/mitchellparker/Desktop/rascore_build/renum/6w4f_renum.cif	/Users/mitchellparker/Desktop/rascore_build/rcsb_assembly/6w4f-assembly-1.cif.gz	/Users/mitchellparker/Desktop/rascore_build/renum_assembly/6w4f-assembly-1_renum.cif	/Users/mitchellparker/Desktop/rascore_build/sifts/6w4f.xml.gz	/Users/mitchellparker/Desktop/rascore_build/pocket/6w4fC_8_pocket.pdb
6w4fC	6w4f	0	C	Outlier	Disordered	Y32out	Y71out	None	6w4fC9	9	GTPase KRas	RASK_HUMAN	P01116-2	G12D	G12	KRAS	2P	G12D	None	None	Nanodisc	None	SP2-Unbound	None	184	2-61:65-167:169-185	2020-03-10	Other	321.8692	0.0018	Unbound	Unbound	165,169,170,173,174	PCW,PCW,PCW,PCW,PCW,PCW,PCW,PCW,PCW,PCW,PCW,PCW,PCW,17F,17F,PCW,PCW,PCW,PCW,PCW,PCW,PCW,PCW,PCW,PCW,PCW,PCW,PCW,PCW,PCW,PCW,PCW,PCW,PCW,PCW,PCW,PCW,PCW,PCW,PCW,PCW,PCW,PCW,PCW,PCW,PCW,PCW,17F,17F,17F,17F,17F,17F,17F,17F,PCW,PCW,PCW,PCW,PCW,PCW,PCW,PCW,PCW,PCW,PCW,17F,17F,17F,17F,GDP,MG,PCW,PCW,PCW,PCW,PCW,PCW,PCW,17F,17F,PCW	Apolipoprotein A-I	None	A:171,176,178,185,183,182	APOA1_HUMAN	None	None	None	Nanodisc	None	A,D	GDP	MG	None	None	None	17F,PCW	STP	NMR	None	None	TEYKLVVVGADGVGKSALTIQLIQNHFVDEYDPTIEDSYRKQVVIDGETCLLDILDTAGQEEYSAMRDQYMRTGEGFLCVFAINNTKSFEDIHHYREQIKRVKDSEDVPMVLVGNKCDLPSRTVDTKQAQDLARSYGIPFIETSAKTRQGVDDAFYTLVREIRKHKEKMSKDGKKKKKKSKTKC	True	999.0	999.0	999.0	999.0	999.0	999.0	/Users/mitchellparker/Desktop/rascore_build/core/6w4fC_core.cif	/Users/mitchellparker/Desktop/rascore_build/rcsb/6w4f.cif.gz	/Users/mitchellparker/Desktop/rascore_build/renum/6w4f_renum.cif	/Users/mitchellparker/Desktop/rascore_build/rcsb_assembly/6w4f-assembly-1.cif.gz	/Users/mitchellparker/Desktop/rascore_build/renum_assembly/6w4f-assembly-1_renum.cif	/Users/mitchellparker/Desktop/rascore_build/sifts/6w4f.xml.gz	/Users/mitchellparker/Desktop/rascore_build/pocket/6w4fC_9_pocket.pdb
6wghA	6wgh	0	A	Y32out.2P-OFF	Disordered	Y32out	Y71in	P 1 21 1 (CF16)	6wghA1	1	GTPase NRas	RASN_HUMAN	P01111	WT	WT	NRAS	2P	WT	None	None	None	None	Multiple-Unbound	P 1 21 1	181	1-60:65-169	2020-04-05	SP12	253.2428	0.3645	Unbound	Unbound	5,6,7,39,40,41,54,55,56,71,74,75	MG,GDP,FLC,GOL,MG	None	None	None	None	None	None	None	None	None	None	GDP	MG	None	FLC,GOL	None	None	STP	XRAY	1.650	0.179	GMTEYKLVVVGAGGVGKSALTIQLIQNHFVDEYDPTIEDSYRKQVVIDGETCLLDILDTAGQEEYILDTAGQEEYSAMRDQYMRTGEGFLCVFAINNSKSFADINLYREQIKRVKDSDDVPMVLVGNKCDLPTRTVDTKQAHELAKSYGIPFIETSAKTRQGVEDAFYTLVREIRQYRMKK	True	40.460	45.960	89.080	90.000	99.770	90.000	/Users/mitchellparker/Desktop/rascore_build/core/6wghA_core.cif	/Users/mitchellparker/Desktop/rascore_build/rcsb/6wgh.cif.gz	/Users/mitchellparker/Desktop/rascore_build/renum/6wgh_renum.cif	/Users/mitchellparker/Desktop/rascore_build/rcsb_assembly/6wgh-assembly-1.cif.gz	/Users/mitchellparker/Desktop/rascore_build/renum_assembly/6wgh-assembly-1_renum.cif	/Users/mitchellparker/Desktop/rascore_build/sifts/6wgh.xml.gz	/Users/mitchellparker/Desktop/rascore_build/pocket/6wghA_1_pocket.pdb
6wghA	6wgh	0	A	Y32out.2P-OFF	Disordered	Y32out	Y71in	P 1 21 1 (CF16)	6wghA2	2	GTPase NRas	RASN_HUMAN	P01111	WT	WT	NRAS	2P	WT	None	None	None	None	Multiple-Unbound	P 1 21 1	181	1-60:65-169	2020-04-05	SP2	220.5885	0.2653	Unbound	Unbound	68,92,95,96	MG,GDP,FLC,GOL,MG	None	None	None	None	None	None	None	None	None	None	GDP	MG	None	FLC,GOL	None	None	STP	XRAY	1.650	0.179	GMTEYKLVVVGAGGVGKSALTIQLIQNHFVDEYDPTIEDSYRKQVVIDGETCLLDILDTAGQEEYILDTAGQEEYSAMRDQYMRTGEGFLCVFAINNSKSFADINLYREQIKRVKDSDDVPMVLVGNKCDLPTRTVDTKQAHELAKSYGIPFIETSAKTRQGVEDAFYTLVREIRQYRMKK	True	40.460	45.960	89.080	90.000	99.770	90.000	/Users/mitchellparker/Desktop/rascore_build/core/6wghA_core.cif	/Users/mitchellparker/Desktop/rascore_build/rcsb/6wgh.cif.gz	/Users/mitchellparker/Desktop/rascore_build/renum/6wgh_renum.cif	/Users/mitchellparker/Desktop/rascore_build/rcsb_assembly/6wgh-assembly-1.cif.gz	/Users/mitchellparker/Desktop/rascore_build/renum_assembly/6wgh-assembly-1_renum.cif	/Users/mitchellparker/Desktop/rascore_build/sifts/6wgh.xml.gz	/Users/mitchellparker/Desktop/rascore_build/pocket/6wghA_2_pocket.pdb
6wghA	6wgh	0	A	Y32out.2P-OFF	Disordered	Y32out	Y71in	P 1 21 1 (CF16)	6wghA3	3	GTPase NRas	RASN_HUMAN	P01111	WT	WT	NRAS	2P	WT	None	None	None	None	Multiple-Unbound	P 1 21 1	181	1-60:65-169	2020-04-05	Other	161.4943	0.1049	Unbound	Unbound	76,104,108,109,110,163,166,167	MG,GDP,FLC,GOL,MG	None	None	None	None	None	None	None	None	None	None	GDP	MG	None	FLC,GOL	None	None	STP	XRAY	1.650	0.179	GMTEYKLVVVGAGGVGKSALTIQLIQNHFVDEYDPTIEDSYRKQVVIDGETCLLDILDTAGQEEYILDTAGQEEYSAMRDQYMRTGEGFLCVFAINNSKSFADINLYREQIKRVKDSDDVPMVLVGNKCDLPTRTVDTKQAHELAKSYGIPFIETSAKTRQGVEDAFYTLVREIRQYRMKK	True	40.460	45.960	89.080	90.000	99.770	90.000	/Users/mitchellparker/Desktop/rascore_build/core/6wghA_core.cif	/Users/mitchellparker/Desktop/rascore_build/rcsb/6wgh.cif.gz	/Users/mitchellparker/Desktop/rascore_build/renum/6wgh_renum.cif	/Users/mitchellparker/Desktop/rascore_build/rcsb_assembly/6wgh-assembly-1.cif.gz	/Users/mitchellparker/Desktop/rascore_build/renum_assembly/6wgh-assembly-1_renum.cif	/Users/mitchellparker/Desktop/rascore_build/sifts/6wgh.xml.gz	/Users/mitchellparker/Desktop/rascore_build/pocket/6wghA_3_pocket.pdb
6wghA	6wgh	0	A	Y32out.2P-OFF	Disordered	Y32out	Y71in	P 1 21 1 (CF16)	6wghA4	4	GTPase NRas	RASN_HUMAN	P01111	WT	WT	NRAS	2P	WT	None	None	None	None	Multiple-Unbound	P 1 21 1	181	1-60:65-169	2020-04-05	Other	221.2328	0.0054	Unbound	Unbound	97,108,109,110,111,137,138,139,162,165,166,169	MG,GDP,FLC,GOL,MG	None	None	None	None	None	None	None	None	None	None	GDP	MG	None	FLC,GOL	None	None	STP	XRAY	1.650	0.179	GMTEYKLVVVGAGGVGKSALTIQLIQNHFVDEYDPTIEDSYRKQVVIDGETCLLDILDTAGQEEYILDTAGQEEYSAMRDQYMRTGEGFLCVFAINNSKSFADINLYREQIKRVKDSDDVPMVLVGNKCDLPTRTVDTKQAHELAKSYGIPFIETSAKTRQGVEDAFYTLVREIRQYRMKK	True	40.460	45.960	89.080	90.000	99.770	90.000	/Users/mitchellparker/Desktop/rascore_build/core/6wghA_core.cif	/Users/mitchellparker/Desktop/rascore_build/rcsb/6wgh.cif.gz	/Users/mitchellparker/Desktop/rascore_build/renum/6wgh_renum.cif	/Users/mitchellparker/Desktop/rascore_build/rcsb_assembly/6wgh-assembly-1.cif.gz	/Users/mitchellparker/Desktop/rascore_build/renum_assembly/6wgh-assembly-1_renum.cif	/Users/mitchellparker/Desktop/rascore_build/sifts/6wgh.xml.gz	/Users/mitchellparker/Desktop/rascore_build/pocket/6wghA_4_pocket.pdb
6wghA	6wgh	0	A	Y32out.2P-OFF	Disordered	Y32out	Y71in	P 1 21 1 (CF16)	6wghA5	5	GTPase NRas	RASN_HUMAN	P01111	WT	WT	NRAS	2P	WT	None	None	None	None	Multiple-Unbound	P 1 21 1	181	1-60:65-169	2020-04-05	Other	224.6225	0.0194	Unbound	Unbound	23,24,26,42,44,53,55,149,153,157	MG,GDP,FLC,GOL,MG	None	None	None	None	None	None	None	None	None	None	GDP	MG	None	FLC,GOL	None	None	STP	XRAY	1.650	0.179	GMTEYKLVVVGAGGVGKSALTIQLIQNHFVDEYDPTIEDSYRKQVVIDGETCLLDILDTAGQEEYILDTAGQEEYSAMRDQYMRTGEGFLCVFAINNSKSFADINLYREQIKRVKDSDDVPMVLVGNKCDLPTRTVDTKQAHELAKSYGIPFIETSAKTRQGVEDAFYTLVREIRQYRMKK	True	40.460	45.960	89.080	90.000	99.770	90.000	/Users/mitchellparker/Desktop/rascore_build/core/6wghA_core.cif	/Users/mitchellparker/Desktop/rascore_build/rcsb/6wgh.cif.gz	/Users/mitchellparker/Desktop/rascore_build/renum/6wgh_renum.cif	/Users/mitchellparker/Desktop/rascore_build/rcsb_assembly/6wgh-assembly-1.cif.gz	/Users/mitchellparker/Desktop/rascore_build/renum_assembly/6wgh-assembly-1_renum.cif	/Users/mitchellparker/Desktop/rascore_build/sifts/6wgh.xml.gz	/Users/mitchellparker/Desktop/rascore_build/pocket/6wghA_5_pocket.pdb
6wghA	6wgh	0	A	Y32out.2P-OFF	Disordered	Y32out	Y71in	P 1 21 1 (CF16)	6wghA6	6	GTPase NRas	RASN_HUMAN	P01111	WT	WT	NRAS	2P	WT	None	None	None	None	Multiple-Unbound	P 1 21 1	181	1-60:65-169	2020-04-05	Other	272.1992	0.0083	Unbound	Unbound	13,30,31,32,34	MG,GDP,FLC,GOL,MG	None	None	None	None	None	None	None	None	None	None	GDP	MG	None	FLC,GOL	None	None	STP	XRAY	1.650	0.179	GMTEYKLVVVGAGGVGKSALTIQLIQNHFVDEYDPTIEDSYRKQVVIDGETCLLDILDTAGQEEYILDTAGQEEYSAMRDQYMRTGEGFLCVFAINNSKSFADINLYREQIKRVKDSDDVPMVLVGNKCDLPTRTVDTKQAHELAKSYGIPFIETSAKTRQGVEDAFYTLVREIRQYRMKK	True	40.460	45.960	89.080	90.000	99.770	90.000	/Users/mitchellparker/Desktop/rascore_build/core/6wghA_core.cif	/Users/mitchellparker/Desktop/rascore_build/rcsb/6wgh.cif.gz	/Users/mitchellparker/Desktop/rascore_build/renum/6wgh_renum.cif	/Users/mitchellparker/Desktop/rascore_build/rcsb_assembly/6wgh-assembly-1.cif.gz	/Users/mitchellparker/Desktop/rascore_build/renum_assembly/6wgh-assembly-1_renum.cif	/Users/mitchellparker/Desktop/rascore_build/sifts/6wgh.xml.gz	/Users/mitchellparker/Desktop/rascore_build/pocket/6wghA_6_pocket.pdb
6wghB	6wgh	0	B	Y32out.2P-OFF	Disordered	Y32out	Y71out	P 1 21 1 (CF16)	6wghB1	1	GTPase NRas	RASN_HUMAN	P01111	WT	WT	NRAS	2P	WT	None	None	None	None	SP2-Unbound	P 1 21 1	181	1-60:68-168	2020-04-05	Other	362.8210	0.0896	Unbound	Unbound	97,107,108,109,110,111,137,138,139,162,165,166	MG,GDP	None	None	None	None	None	None	None	None	None	None	GDP	MG	None	None	None	None	STP	XRAY	1.650	0.179	GMTEYKLVVVGAGGVGKSALTIQLIQNHFVDEYDPTIEDSYRKQVVIDGETCLLDILDTAGQEEYILDTAGQEEYSAMRDQYMRTGEGFLCVFAINNSKSFADINLYREQIKRVKDSDDVPMVLVGNKCDLPTRTVDTKQAHELAKSYGIPFIETSAKTRQGVEDAFYTLVREIRQYRMKK	True	40.460	45.960	89.080	90.000	99.770	90.000	/Users/mitchellparker/Desktop/rascore_build/core/6wghB_core.cif	/Users/mitchellparker/Desktop/rascore_build/rcsb/6wgh.cif.gz	/Users/mitchellparker/Desktop/rascore_build/renum/6wgh_renum.cif	/Users/mitchellparker/Desktop/rascore_build/rcsb_assembly/6wgh-assembly-1.cif.gz	/Users/mitchellparker/Desktop/rascore_build/renum_assembly/6wgh-assembly-1_renum.cif	/Users/mitchellparker/Desktop/rascore_build/sifts/6wgh.xml.gz	/Users/mitchellparker/Desktop/rascore_build/pocket/6wghB_1_pocket.pdb
6wghB	6wgh	0	B	Y32out.2P-OFF	Disordered	Y32out	Y71out	P 1 21 1 (CF16)	6wghB2	2	GTPase NRas	RASN_HUMAN	P01111	WT	WT	NRAS	2P	WT	None	None	None	None	SP2-Unbound	P 1 21 1	181	1-60:68-168	2020-04-05	Other	367.5141	0.3552	Unbound	Unbound	12,13,31,32,33,34	MG,GDP	None	None	None	None	None	None	None	None	None	None	GDP	MG	None	None	None	None	STP	XRAY	1.650	0.179	GMTEYKLVVVGAGGVGKSALTIQLIQNHFVDEYDPTIEDSYRKQVVIDGETCLLDILDTAGQEEYILDTAGQEEYSAMRDQYMRTGEGFLCVFAINNSKSFADINLYREQIKRVKDSDDVPMVLVGNKCDLPTRTVDTKQAHELAKSYGIPFIETSAKTRQGVEDAFYTLVREIRQYRMKK	True	40.460	45.960	89.080	90.000	99.770	90.000	/Users/mitchellparker/Desktop/rascore_build/core/6wghB_core.cif	/Users/mitchellparker/Desktop/rascore_build/rcsb/6wgh.cif.gz	/Users/mitchellparker/Desktop/rascore_build/renum/6wgh_renum.cif	/Users/mitchellparker/Desktop/rascore_build/rcsb_assembly/6wgh-assembly-1.cif.gz	/Users/mitchellparker/Desktop/rascore_build/renum_assembly/6wgh-assembly-1_renum.cif	/Users/mitchellparker/Desktop/rascore_build/sifts/6wgh.xml.gz	/Users/mitchellparker/Desktop/rascore_build/pocket/6wghB_2_pocket.pdb
6wghB	6wgh	0	B	Y32out.2P-OFF	Disordered	Y32out	Y71out	P 1 21 1 (CF16)	6wghB3	3	GTPase NRas	RASN_HUMAN	P01111	WT	WT	NRAS	2P	WT	None	None	None	None	SP2-Unbound	P 1 21 1	181	1-60:68-168	2020-04-05	Other	237.3536	0.0010	Unbound	Unbound	118,119,143,144,145,148,150,151	MG,GDP	None	None	None	None	None	None	None	None	None	None	GDP	MG	None	None	None	None	STP	XRAY	1.650	0.179	GMTEYKLVVVGAGGVGKSALTIQLIQNHFVDEYDPTIEDSYRKQVVIDGETCLLDILDTAGQEEYILDTAGQEEYSAMRDQYMRTGEGFLCVFAINNSKSFADINLYREQIKRVKDSDDVPMVLVGNKCDLPTRTVDTKQAHELAKSYGIPFIETSAKTRQGVEDAFYTLVREIRQYRMKK	True	40.460	45.960	89.080	90.000	99.770	90.000	/Users/mitchellparker/Desktop/rascore_build/core/6wghB_core.cif	/Users/mitchellparker/Desktop/rascore_build/rcsb/6wgh.cif.gz	/Users/mitchellparker/Desktop/rascore_build/renum/6wgh_renum.cif	/Users/mitchellparker/Desktop/rascore_build/rcsb_assembly/6wgh-assembly-1.cif.gz	/Users/mitchellparker/Desktop/rascore_build/renum_assembly/6wgh-assembly-1_renum.cif	/Users/mitchellparker/Desktop/rascore_build/sifts/6wgh.xml.gz	/Users/mitchellparker/Desktop/rascore_build/pocket/6wghB_3_pocket.pdb
6wghB	6wgh	0	B	Y32out.2P-OFF	Disordered	Y32out	Y71out	P 1 21 1 (CF16)	6wghB4	4	GTPase NRas	RASN_HUMAN	P01111	WT	WT	NRAS	2P	WT	None	None	None	None	SP2-Unbound	P 1 21 1	181	1-60:68-168	2020-04-05	Other	202.8377	0.2222	Unbound	Unbound	76,104,109,110,163,166,167	MG,GDP	None	None	None	None	None	None	None	None	None	None	GDP	MG	None	None	None	None	STP	XRAY	1.650	0.179	GMTEYKLVVVGAGGVGKSALTIQLIQNHFVDEYDPTIEDSYRKQVVIDGETCLLDILDTAGQEEYILDTAGQEEYSAMRDQYMRTGEGFLCVFAINNSKSFADINLYREQIKRVKDSDDVPMVLVGNKCDLPTRTVDTKQAHELAKSYGIPFIETSAKTRQGVEDAFYTLVREIRQYRMKK	True	40.460	45.960	89.080	90.000	99.770	90.000	/Users/mitchellparker/Desktop/rascore_build/core/6wghB_core.cif	/Users/mitchellparker/Desktop/rascore_build/rcsb/6wgh.cif.gz	/Users/mitchellparker/Desktop/rascore_build/renum/6wgh_renum.cif	/Users/mitchellparker/Desktop/rascore_build/rcsb_assembly/6wgh-assembly-1.cif.gz	/Users/mitchellparker/Desktop/rascore_build/renum_assembly/6wgh-assembly-1_renum.cif	/Users/mitchellparker/Desktop/rascore_build/sifts/6wgh.xml.gz	/Users/mitchellparker/Desktop/rascore_build/pocket/6wghB_4_pocket.pdb
6wghB	6wgh	0	B	Y32out.2P-OFF	Disordered	Y32out	Y71out	P 1 21 1 (CF16)	6wghB5	5	GTPase NRas	RASN_HUMAN	P01111	WT	WT	NRAS	2P	WT	None	None	None	None	SP2-Unbound	P 1 21 1	181	1-60:68-168	2020-04-05	SP2	184.9647	0.0002	Unbound	Unbound	10,12,16,34,58,59,60,96	MG,GDP	None	None	None	None	None	None	None	None	None	None	GDP	MG	None	None	None	None	STP	XRAY	1.650	0.179	GMTEYKLVVVGAGGVGKSALTIQLIQNHFVDEYDPTIEDSYRKQVVIDGETCLLDILDTAGQEEYILDTAGQEEYSAMRDQYMRTGEGFLCVFAINNSKSFADINLYREQIKRVKDSDDVPMVLVGNKCDLPTRTVDTKQAHELAKSYGIPFIETSAKTRQGVEDAFYTLVREIRQYRMKK	True	40.460	45.960	89.080	90.000	99.770	90.000	/Users/mitchellparker/Desktop/rascore_build/core/6wghB_core.cif	/Users/mitchellparker/Desktop/rascore_build/rcsb/6wgh.cif.gz	/Users/mitchellparker/Desktop/rascore_build/renum/6wgh_renum.cif	/Users/mitchellparker/Desktop/rascore_build/rcsb_assembly/6wgh-assembly-1.cif.gz	/Users/mitchellparker/Desktop/rascore_build/renum_assembly/6wgh-assembly-1_renum.cif	/Users/mitchellparker/Desktop/rascore_build/sifts/6wgh.xml.gz	/Users/mitchellparker/Desktop/rascore_build/pocket/6wghB_5_pocket.pdb
6ws2A	6ws2	0	A	Y32out.2P-OFF	Y71out.2P-SP2-B	Y32out	Y71out	P 3 (CF5)	6ws2A1	1	GTPase KRas	RASK_HUMAN	P01116-2	K104Q	K104	KRAS	2P	Other	None	None	None	None	SP2-Unbound	P 3	170	1-169	2020-04-30	Other	314.0209	0.0008	Unbound	Unbound	97,101,107,108,109,110,111,137,138,139,162,165,166	GDP,MG,SO4,SO4,SO4,SO4	None	None	None	None	None	None	None	None	None	None	GDP	MG	None	SO4	None	None	STP	XRAY	1.590	0.182	GMTEYKLVVVGAGGVGKSALTIQLIQNHFVDEYDPTIEDSYRKQVVIDGETCLLDILDTAGQEEYSAMRDQYMRTGEGFLCVFAINNTKSFEDIHHYREQIKRVQDSEDVPMVLVGNKCDLPSRTVDTKQAQDLARSYGIPFIETSAKTRQGVDDAFYTLVREIRKHKEK	True	84.560	84.560	88.360	90.000	90.000	120.000	/Users/mitchellparker/Desktop/rascore_build/core/6ws2A_core.cif	/Users/mitchellparker/Desktop/rascore_build/rcsb/6ws2.cif.gz	/Users/mitchellparker/Desktop/rascore_build/renum/6ws2_renum.cif	/Users/mitchellparker/Desktop/rascore_build/rcsb_assembly/6ws2-assembly-4.cif.gz	/Users/mitchellparker/Desktop/rascore_build/renum_assembly/6ws2-assembly-4_renum.cif	/Users/mitchellparker/Desktop/rascore_build/sifts/6ws2.xml.gz	/Users/mitchellparker/Desktop/rascore_build/pocket/6ws2A_1_pocket.pdb
6ws2A	6ws2	0	A	Y32out.2P-OFF	Y71out.2P-SP2-B	Y32out	Y71out	P 3 (CF5)	6ws2A2	2	GTPase KRas	RASK_HUMAN	P01116-2	K104Q	K104	KRAS	2P	Other	None	None	None	None	SP2-Unbound	P 3	170	1-169	2020-04-30	SP2	597.0941	0.3599	Unbound	Unbound	9,37,58,60,61,68,69,72,96,99,102,103	GDP,MG,SO4,SO4,SO4,SO4	None	None	None	None	None	None	None	None	None	None	GDP	MG	None	SO4	None	None	STP	XRAY	1.590	0.182	GMTEYKLVVVGAGGVGKSALTIQLIQNHFVDEYDPTIEDSYRKQVVIDGETCLLDILDTAGQEEYSAMRDQYMRTGEGFLCVFAINNTKSFEDIHHYREQIKRVQDSEDVPMVLVGNKCDLPSRTVDTKQAQDLARSYGIPFIETSAKTRQGVDDAFYTLVREIRKHKEK	True	84.560	84.560	88.360	90.000	90.000	120.000	/Users/mitchellparker/Desktop/rascore_build/core/6ws2A_core.cif	/Users/mitchellparker/Desktop/rascore_build/rcsb/6ws2.cif.gz	/Users/mitchellparker/Desktop/rascore_build/renum/6ws2_renum.cif	/Users/mitchellparker/Desktop/rascore_build/rcsb_assembly/6ws2-assembly-4.cif.gz	/Users/mitchellparker/Desktop/rascore_build/renum_assembly/6ws2-assembly-4_renum.cif	/Users/mitchellparker/Desktop/rascore_build/sifts/6ws2.xml.gz	/Users/mitchellparker/Desktop/rascore_build/pocket/6ws2A_2_pocket.pdb
6ws2A	6ws2	0	A	Y32out.2P-OFF	Y71out.2P-SP2-B	Y32out	Y71out	P 3 (CF5)	6ws2A3	3	GTPase KRas	RASK_HUMAN	P01116-2	K104Q	K104	KRAS	2P	Other	None	None	None	None	SP2-Unbound	P 3	170	1-169	2020-04-30	Other	292.6393	0.0017	Unbound	Unbound	75,76,104,106,108,109,110,163,166,167	GDP,MG,SO4,SO4,SO4,SO4	None	None	None	None	None	None	None	None	None	None	GDP	MG	None	SO4	None	None	STP	XRAY	1.590	0.182	GMTEYKLVVVGAGGVGKSALTIQLIQNHFVDEYDPTIEDSYRKQVVIDGETCLLDILDTAGQEEYSAMRDQYMRTGEGFLCVFAINNTKSFEDIHHYREQIKRVQDSEDVPMVLVGNKCDLPSRTVDTKQAQDLARSYGIPFIETSAKTRQGVDDAFYTLVREIRKHKEK	True	84.560	84.560	88.360	90.000	90.000	120.000	/Users/mitchellparker/Desktop/rascore_build/core/6ws2A_core.cif	/Users/mitchellparker/Desktop/rascore_build/rcsb/6ws2.cif.gz	/Users/mitchellparker/Desktop/rascore_build/renum/6ws2_renum.cif	/Users/mitchellparker/Desktop/rascore_build/rcsb_assembly/6ws2-assembly-4.cif.gz	/Users/mitchellparker/Desktop/rascore_build/renum_assembly/6ws2-assembly-4_renum.cif	/Users/mitchellparker/Desktop/rascore_build/sifts/6ws2.xml.gz	/Users/mitchellparker/Desktop/rascore_build/pocket/6ws2A_3_pocket.pdb
6ws2A	6ws2	0	A	Y32out.2P-OFF	Y71out.2P-SP2-B	Y32out	Y71out	P 3 (CF5)	6ws2A4	4	GTPase KRas	RASK_HUMAN	P01116-2	K104Q	K104	KRAS	2P	Other	None	None	None	None	SP2-Unbound	P 3	170	1-169	2020-04-30	Other	190.0753	0.0021	Unbound	Unbound	12,13,30,31,32,34	GDP,MG,SO4,SO4,SO4,SO4	None	None	None	None	None	None	None	None	None	None	GDP	MG	None	SO4	None	None	STP	XRAY	1.590	0.182	GMTEYKLVVVGAGGVGKSALTIQLIQNHFVDEYDPTIEDSYRKQVVIDGETCLLDILDTAGQEEYSAMRDQYMRTGEGFLCVFAINNTKSFEDIHHYREQIKRVQDSEDVPMVLVGNKCDLPSRTVDTKQAQDLARSYGIPFIETSAKTRQGVDDAFYTLVREIRKHKEK	True	84.560	84.560	88.360	90.000	90.000	120.000	/Users/mitchellparker/Desktop/rascore_build/core/6ws2A_core.cif	/Users/mitchellparker/Desktop/rascore_build/rcsb/6ws2.cif.gz	/Users/mitchellparker/Desktop/rascore_build/renum/6ws2_renum.cif	/Users/mitchellparker/Desktop/rascore_build/rcsb_assembly/6ws2-assembly-4.cif.gz	/Users/mitchellparker/Desktop/rascore_build/renum_assembly/6ws2-assembly-4_renum.cif	/Users/mitchellparker/Desktop/rascore_build/sifts/6ws2.xml.gz	/Users/mitchellparker/Desktop/rascore_build/pocket/6ws2A_4_pocket.pdb
6ws2A	6ws2	0	A	Y32out.2P-OFF	Y71out.2P-SP2-B	Y32out	Y71out	P 3 (CF5)	6ws2A5	5	GTPase KRas	RASK_HUMAN	P01116-2	K104Q	K104	KRAS	2P	Other	None	None	None	None	SP2-Unbound	P 3	170	1-169	2020-04-30	Other	194.7203	0.0001	Unbound	Unbound	131,134,135,139,140,141	GDP,MG,SO4,SO4,SO4,SO4	None	None	None	None	None	None	None	None	None	None	GDP	MG	None	SO4	None	None	STP	XRAY	1.590	0.182	GMTEYKLVVVGAGGVGKSALTIQLIQNHFVDEYDPTIEDSYRKQVVIDGETCLLDILDTAGQEEYSAMRDQYMRTGEGFLCVFAINNTKSFEDIHHYREQIKRVQDSEDVPMVLVGNKCDLPSRTVDTKQAQDLARSYGIPFIETSAKTRQGVDDAFYTLVREIRKHKEK	True	84.560	84.560	88.360	90.000	90.000	120.000	/Users/mitchellparker/Desktop/rascore_build/core/6ws2A_core.cif	/Users/mitchellparker/Desktop/rascore_build/rcsb/6ws2.cif.gz	/Users/mitchellparker/Desktop/rascore_build/renum/6ws2_renum.cif	/Users/mitchellparker/Desktop/rascore_build/rcsb_assembly/6ws2-assembly-4.cif.gz	/Users/mitchellparker/Desktop/rascore_build/renum_assembly/6ws2-assembly-4_renum.cif	/Users/mitchellparker/Desktop/rascore_build/sifts/6ws2.xml.gz	/Users/mitchellparker/Desktop/rascore_build/pocket/6ws2A_5_pocket.pdb
6ws2B	6ws2	0	B	Y32out.2P-OFF	Y71out.2P-SP2-B	Y32out	Y71out	P 3 (CF5)	6ws2B1	1	GTPase KRas	RASK_HUMAN	P01116-2	K104Q	K104	KRAS	2P	Other	None	None	None	None	SP2-Unbound	P 3	170	1-168	2020-04-30	SP2	903.8948	0.6138	Unbound	Unbound	9,10,12,16,37,58,59,60,61,68,69,72,73,95,96,99,103	GDP,MG,SO4,SO4,CL	None	None	None	None	None	None	None	None	None	None	GDP	MG	None	SO4	None	None	STP	XRAY	1.590	0.182	GMTEYKLVVVGAGGVGKSALTIQLIQNHFVDEYDPTIEDSYRKQVVIDGETCLLDILDTAGQEEYSAMRDQYMRTGEGFLCVFAINNTKSFEDIHHYREQIKRVQDSEDVPMVLVGNKCDLPSRTVDTKQAQDLARSYGIPFIETSAKTRQGVDDAFYTLVREIRKHKEK	True	84.560	84.560	88.360	90.000	90.000	120.000	/Users/mitchellparker/Desktop/rascore_build/core/6ws2B_core.cif	/Users/mitchellparker/Desktop/rascore_build/rcsb/6ws2.cif.gz	/Users/mitchellparker/Desktop/rascore_build/renum/6ws2_renum.cif	/Users/mitchellparker/Desktop/rascore_build/rcsb_assembly/6ws2-assembly-4.cif.gz	/Users/mitchellparker/Desktop/rascore_build/renum_assembly/6ws2-assembly-4_renum.cif	/Users/mitchellparker/Desktop/rascore_build/sifts/6ws2.xml.gz	/Users/mitchellparker/Desktop/rascore_build/pocket/6ws2B_1_pocket.pdb
6ws2B	6ws2	0	B	Y32out.2P-OFF	Y71out.2P-SP2-B	Y32out	Y71out	P 3 (CF5)	6ws2B2	2	GTPase KRas	RASK_HUMAN	P01116-2	K104Q	K104	KRAS	2P	Other	None	None	None	None	SP2-Unbound	P 3	170	1-168	2020-04-30	Other	209.5002	0.0019	Unbound	Unbound	75,76,104,108,109,110,163,166,167	GDP,MG,SO4,SO4,CL	None	None	None	None	None	None	None	None	None	None	GDP	MG	None	SO4	None	None	STP	XRAY	1.590	0.182	GMTEYKLVVVGAGGVGKSALTIQLIQNHFVDEYDPTIEDSYRKQVVIDGETCLLDILDTAGQEEYSAMRDQYMRTGEGFLCVFAINNTKSFEDIHHYREQIKRVQDSEDVPMVLVGNKCDLPSRTVDTKQAQDLARSYGIPFIETSAKTRQGVDDAFYTLVREIRKHKEK	True	84.560	84.560	88.360	90.000	90.000	120.000	/Users/mitchellparker/Desktop/rascore_build/core/6ws2B_core.cif	/Users/mitchellparker/Desktop/rascore_build/rcsb/6ws2.cif.gz	/Users/mitchellparker/Desktop/rascore_build/renum/6ws2_renum.cif	/Users/mitchellparker/Desktop/rascore_build/rcsb_assembly/6ws2-assembly-4.cif.gz	/Users/mitchellparker/Desktop/rascore_build/renum_assembly/6ws2-assembly-4_renum.cif	/Users/mitchellparker/Desktop/rascore_build/sifts/6ws2.xml.gz	/Users/mitchellparker/Desktop/rascore_build/pocket/6ws2B_2_pocket.pdb
6ws2B	6ws2	0	B	Y32out.2P-OFF	Y71out.2P-SP2-B	Y32out	Y71out	P 3 (CF5)	6ws2B3	3	GTPase KRas	RASK_HUMAN	P01116-2	K104Q	K104	KRAS	2P	Other	None	None	None	None	SP2-Unbound	P 3	170	1-168	2020-04-30	Other	251.4296	0.0001	Unbound	Unbound	108,109,110,111,137,138,139,162,165,166	GDP,MG,SO4,SO4,CL	None	None	None	None	None	None	None	None	None	None	GDP	MG	None	SO4	None	None	STP	XRAY	1.590	0.182	GMTEYKLVVVGAGGVGKSALTIQLIQNHFVDEYDPTIEDSYRKQVVIDGETCLLDILDTAGQEEYSAMRDQYMRTGEGFLCVFAINNTKSFEDIHHYREQIKRVQDSEDVPMVLVGNKCDLPSRTVDTKQAQDLARSYGIPFIETSAKTRQGVDDAFYTLVREIRKHKEK	True	84.560	84.560	88.360	90.000	90.000	120.000	/Users/mitchellparker/Desktop/rascore_build/core/6ws2B_core.cif	/Users/mitchellparker/Desktop/rascore_build/rcsb/6ws2.cif.gz	/Users/mitchellparker/Desktop/rascore_build/renum/6ws2_renum.cif	/Users/mitchellparker/Desktop/rascore_build/rcsb_assembly/6ws2-assembly-4.cif.gz	/Users/mitchellparker/Desktop/rascore_build/renum_assembly/6ws2-assembly-4_renum.cif	/Users/mitchellparker/Desktop/rascore_build/sifts/6ws2.xml.gz	/Users/mitchellparker/Desktop/rascore_build/pocket/6ws2B_3_pocket.pdb
6ws2B	6ws2	0	B	Y32out.2P-OFF	Y71out.2P-SP2-B	Y32out	Y71out	P 3 (CF5)	6ws2B4	4	GTPase KRas	RASK_HUMAN	P01116-2	K104Q	K104	KRAS	2P	Other	None	None	None	None	SP2-Unbound	P 3	170	1-168	2020-04-30	Other	349.7227	0.0005	Unbound	Unbound	35,36,37,61,63,65,68	GDP,MG,SO4,SO4,CL	None	None	None	None	None	None	None	None	None	None	GDP	MG	None	SO4	None	None	STP	XRAY	1.590	0.182	GMTEYKLVVVGAGGVGKSALTIQLIQNHFVDEYDPTIEDSYRKQVVIDGETCLLDILDTAGQEEYSAMRDQYMRTGEGFLCVFAINNTKSFEDIHHYREQIKRVQDSEDVPMVLVGNKCDLPSRTVDTKQAQDLARSYGIPFIETSAKTRQGVDDAFYTLVREIRKHKEK	True	84.560	84.560	88.360	90.000	90.000	120.000	/Users/mitchellparker/Desktop/rascore_build/core/6ws2B_core.cif	/Users/mitchellparker/Desktop/rascore_build/rcsb/6ws2.cif.gz	/Users/mitchellparker/Desktop/rascore_build/renum/6ws2_renum.cif	/Users/mitchellparker/Desktop/rascore_build/rcsb_assembly/6ws2-assembly-4.cif.gz	/Users/mitchellparker/Desktop/rascore_build/renum_assembly/6ws2-assembly-4_renum.cif	/Users/mitchellparker/Desktop/rascore_build/sifts/6ws2.xml.gz	/Users/mitchellparker/Desktop/rascore_build/pocket/6ws2B_4_pocket.pdb
6ws2B	6ws2	0	B	Y32out.2P-OFF	Y71out.2P-SP2-B	Y32out	Y71out	P 3 (CF5)	6ws2B5	5	GTPase KRas	RASK_HUMAN	P01116-2	K104Q	K104	KRAS	2P	Other	None	None	None	None	SP2-Unbound	P 3	170	1-168	2020-04-30	Other	229.4696	0.0137	Unbound	Unbound	30,31,32,33,34	GDP,MG,SO4,SO4,CL	None	None	None	None	None	None	None	None	None	None	GDP	MG	None	SO4	None	None	STP	XRAY	1.590	0.182	GMTEYKLVVVGAGGVGKSALTIQLIQNHFVDEYDPTIEDSYRKQVVIDGETCLLDILDTAGQEEYSAMRDQYMRTGEGFLCVFAINNTKSFEDIHHYREQIKRVQDSEDVPMVLVGNKCDLPSRTVDTKQAQDLARSYGIPFIETSAKTRQGVDDAFYTLVREIRKHKEK	True	84.560	84.560	88.360	90.000	90.000	120.000	/Users/mitchellparker/Desktop/rascore_build/core/6ws2B_core.cif	/Users/mitchellparker/Desktop/rascore_build/rcsb/6ws2.cif.gz	/Users/mitchellparker/Desktop/rascore_build/renum/6ws2_renum.cif	/Users/mitchellparker/Desktop/rascore_build/rcsb_assembly/6ws2-assembly-4.cif.gz	/Users/mitchellparker/Desktop/rascore_build/renum_assembly/6ws2-assembly-4_renum.cif	/Users/mitchellparker/Desktop/rascore_build/sifts/6ws2.xml.gz	/Users/mitchellparker/Desktop/rascore_build/pocket/6ws2B_5_pocket.pdb
6ws2C	6ws2	0	C	Y32out.2P-OFF	Outlier	Y32out	Y71out	P 3 (CF5)	6ws2C1	1	GTPase KRas	RASK_HUMAN	P01116-2	K104Q	K104	KRAS	2P	Other	None	None	None	None	SP2-Unbound	P 3	170	1-168	2020-04-30	SP2	230.4149	0.0133	Unbound	Unbound	9,10,12,16,34,58,59,60,61,68,95,96	GDP,MG,SO4	None	None	None	None	None	None	None	None	None	None	GDP	MG	None	SO4	None	None	STP	XRAY	1.590	0.182	GMTEYKLVVVGAGGVGKSALTIQLIQNHFVDEYDPTIEDSYRKQVVIDGETCLLDILDTAGQEEYSAMRDQYMRTGEGFLCVFAINNTKSFEDIHHYREQIKRVQDSEDVPMVLVGNKCDLPSRTVDTKQAQDLARSYGIPFIETSAKTRQGVDDAFYTLVREIRKHKEK	True	84.560	84.560	88.360	90.000	90.000	120.000	/Users/mitchellparker/Desktop/rascore_build/core/6ws2C_core.cif	/Users/mitchellparker/Desktop/rascore_build/rcsb/6ws2.cif.gz	/Users/mitchellparker/Desktop/rascore_build/renum/6ws2_renum.cif	/Users/mitchellparker/Desktop/rascore_build/rcsb_assembly/6ws2-assembly-4.cif.gz	/Users/mitchellparker/Desktop/rascore_build/renum_assembly/6ws2-assembly-4_renum.cif	/Users/mitchellparker/Desktop/rascore_build/sifts/6ws2.xml.gz	/Users/mitchellparker/Desktop/rascore_build/pocket/6ws2C_1_pocket.pdb
6ws2C	6ws2	0	C	Y32out.2P-OFF	Outlier	Y32out	Y71out	P 3 (CF5)	6ws2C2	2	GTPase KRas	RASK_HUMAN	P01116-2	K104Q	K104	KRAS	2P	Other	None	None	None	None	SP2-Unbound	P 3	170	1-168	2020-04-30	Other	281.6730	0.0001	Unbound	Unbound	97,107,108,109,110,111,137,138,139,162,165,166	GDP,MG,SO4	None	None	None	None	None	None	None	None	None	None	GDP	MG	None	SO4	None	None	STP	XRAY	1.590	0.182	GMTEYKLVVVGAGGVGKSALTIQLIQNHFVDEYDPTIEDSYRKQVVIDGETCLLDILDTAGQEEYSAMRDQYMRTGEGFLCVFAINNTKSFEDIHHYREQIKRVQDSEDVPMVLVGNKCDLPSRTVDTKQAQDLARSYGIPFIETSAKTRQGVDDAFYTLVREIRKHKEK	True	84.560	84.560	88.360	90.000	90.000	120.000	/Users/mitchellparker/Desktop/rascore_build/core/6ws2C_core.cif	/Users/mitchellparker/Desktop/rascore_build/rcsb/6ws2.cif.gz	/Users/mitchellparker/Desktop/rascore_build/renum/6ws2_renum.cif	/Users/mitchellparker/Desktop/rascore_build/rcsb_assembly/6ws2-assembly-4.cif.gz	/Users/mitchellparker/Desktop/rascore_build/renum_assembly/6ws2-assembly-4_renum.cif	/Users/mitchellparker/Desktop/rascore_build/sifts/6ws2.xml.gz	/Users/mitchellparker/Desktop/rascore_build/pocket/6ws2C_2_pocket.pdb
6ws2C	6ws2	0	C	Y32out.2P-OFF	Outlier	Y32out	Y71out	P 3 (CF5)	6ws2C3	3	GTPase KRas	RASK_HUMAN	P01116-2	K104Q	K104	KRAS	2P	Other	None	None	None	None	SP2-Unbound	P 3	170	1-168	2020-04-30	Other	304.0096	0.5236	Unbound	Unbound	12,13,30,31,32,33,34	GDP,MG,SO4	None	None	None	None	None	None	None	None	None	None	GDP	MG	None	SO4	None	None	STP	XRAY	1.590	0.182	GMTEYKLVVVGAGGVGKSALTIQLIQNHFVDEYDPTIEDSYRKQVVIDGETCLLDILDTAGQEEYSAMRDQYMRTGEGFLCVFAINNTKSFEDIHHYREQIKRVQDSEDVPMVLVGNKCDLPSRTVDTKQAQDLARSYGIPFIETSAKTRQGVDDAFYTLVREIRKHKEK	True	84.560	84.560	88.360	90.000	90.000	120.000	/Users/mitchellparker/Desktop/rascore_build/core/6ws2C_core.cif	/Users/mitchellparker/Desktop/rascore_build/rcsb/6ws2.cif.gz	/Users/mitchellparker/Desktop/rascore_build/renum/6ws2_renum.cif	/Users/mitchellparker/Desktop/rascore_build/rcsb_assembly/6ws2-assembly-4.cif.gz	/Users/mitchellparker/Desktop/rascore_build/renum_assembly/6ws2-assembly-4_renum.cif	/Users/mitchellparker/Desktop/rascore_build/sifts/6ws2.xml.gz	/Users/mitchellparker/Desktop/rascore_build/pocket/6ws2C_3_pocket.pdb
6ws2C	6ws2	0	C	Y32out.2P-OFF	Outlier	Y32out	Y71out	P 3 (CF5)	6ws2C4	4	GTPase KRas	RASK_HUMAN	P01116-2	K104Q	K104	KRAS	2P	Other	None	None	None	None	SP2-Unbound	P 3	170	1-168	2020-04-30	Other	294.7804	0.0016	Unbound	Unbound	75,76,104,106,108,109,110,163,166,167	GDP,MG,SO4	None	None	None	None	None	None	None	None	None	None	GDP	MG	None	SO4	None	None	STP	XRAY	1.590	0.182	GMTEYKLVVVGAGGVGKSALTIQLIQNHFVDEYDPTIEDSYRKQVVIDGETCLLDILDTAGQEEYSAMRDQYMRTGEGFLCVFAINNTKSFEDIHHYREQIKRVQDSEDVPMVLVGNKCDLPSRTVDTKQAQDLARSYGIPFIETSAKTRQGVDDAFYTLVREIRKHKEK	True	84.560	84.560	88.360	90.000	90.000	120.000	/Users/mitchellparker/Desktop/rascore_build/core/6ws2C_core.cif	/Users/mitchellparker/Desktop/rascore_build/rcsb/6ws2.cif.gz	/Users/mitchellparker/Desktop/rascore_build/renum/6ws2_renum.cif	/Users/mitchellparker/Desktop/rascore_build/rcsb_assembly/6ws2-assembly-4.cif.gz	/Users/mitchellparker/Desktop/rascore_build/renum_assembly/6ws2-assembly-4_renum.cif	/Users/mitchellparker/Desktop/rascore_build/sifts/6ws2.xml.gz	/Users/mitchellparker/Desktop/rascore_build/pocket/6ws2C_4_pocket.pdb
6ws2C	6ws2	0	C	Y32out.2P-OFF	Outlier	Y32out	Y71out	P 3 (CF5)	6ws2C5	5	GTPase KRas	RASK_HUMAN	P01116-2	K104Q	K104	KRAS	2P	Other	None	None	None	None	SP2-Unbound	P 3	170	1-168	2020-04-30	Other	262.5092	0.0072	Unbound	Unbound	98,101,102,105,106,107	GDP,MG,SO4	None	None	None	None	None	None	None	None	None	None	GDP	MG	None	SO4	None	None	STP	XRAY	1.590	0.182	GMTEYKLVVVGAGGVGKSALTIQLIQNHFVDEYDPTIEDSYRKQVVIDGETCLLDILDTAGQEEYSAMRDQYMRTGEGFLCVFAINNTKSFEDIHHYREQIKRVQDSEDVPMVLVGNKCDLPSRTVDTKQAQDLARSYGIPFIETSAKTRQGVDDAFYTLVREIRKHKEK	True	84.560	84.560	88.360	90.000	90.000	120.000	/Users/mitchellparker/Desktop/rascore_build/core/6ws2C_core.cif	/Users/mitchellparker/Desktop/rascore_build/rcsb/6ws2.cif.gz	/Users/mitchellparker/Desktop/rascore_build/renum/6ws2_renum.cif	/Users/mitchellparker/Desktop/rascore_build/rcsb_assembly/6ws2-assembly-4.cif.gz	/Users/mitchellparker/Desktop/rascore_build/renum_assembly/6ws2-assembly-4_renum.cif	/Users/mitchellparker/Desktop/rascore_build/sifts/6ws2.xml.gz	/Users/mitchellparker/Desktop/rascore_build/pocket/6ws2C_5_pocket.pdb
6ws2C	6ws2	0	C	Y32out.2P-OFF	Outlier	Y32out	Y71out	P 3 (CF5)	6ws2C6	6	GTPase KRas	RASK_HUMAN	P01116-2	K104Q	K104	KRAS	2P	Other	None	None	None	None	SP2-Unbound	P 3	170	1-168	2020-04-30	Other	263.7025	0.0079	Unbound	Unbound	68,69,72,73,103	GDP,MG,SO4	None	None	None	None	None	None	None	None	None	None	GDP	MG	None	SO4	None	None	STP	XRAY	1.590	0.182	GMTEYKLVVVGAGGVGKSALTIQLIQNHFVDEYDPTIEDSYRKQVVIDGETCLLDILDTAGQEEYSAMRDQYMRTGEGFLCVFAINNTKSFEDIHHYREQIKRVQDSEDVPMVLVGNKCDLPSRTVDTKQAQDLARSYGIPFIETSAKTRQGVDDAFYTLVREIRKHKEK	True	84.560	84.560	88.360	90.000	90.000	120.000	/Users/mitchellparker/Desktop/rascore_build/core/6ws2C_core.cif	/Users/mitchellparker/Desktop/rascore_build/rcsb/6ws2.cif.gz	/Users/mitchellparker/Desktop/rascore_build/renum/6ws2_renum.cif	/Users/mitchellparker/Desktop/rascore_build/rcsb_assembly/6ws2-assembly-4.cif.gz	/Users/mitchellparker/Desktop/rascore_build/renum_assembly/6ws2-assembly-4_renum.cif	/Users/mitchellparker/Desktop/rascore_build/sifts/6ws2.xml.gz	/Users/mitchellparker/Desktop/rascore_build/pocket/6ws2C_6_pocket.pdb
6ws2C	6ws2	0	C	Y32out.2P-OFF	Outlier	Y32out	Y71out	P 3 (CF5)	6ws2C7	7	GTPase KRas	RASK_HUMAN	P01116-2	K104Q	K104	KRAS	2P	Other	None	None	None	None	SP2-Unbound	P 3	170	1-168	2020-04-30	Other	285.6208	0.0004	Unbound	Unbound	131,134,135,139,141	GDP,MG,SO4	None	None	None	None	None	None	None	None	None	None	GDP	MG	None	SO4	None	None	STP	XRAY	1.590	0.182	GMTEYKLVVVGAGGVGKSALTIQLIQNHFVDEYDPTIEDSYRKQVVIDGETCLLDILDTAGQEEYSAMRDQYMRTGEGFLCVFAINNTKSFEDIHHYREQIKRVQDSEDVPMVLVGNKCDLPSRTVDTKQAQDLARSYGIPFIETSAKTRQGVDDAFYTLVREIRKHKEK	True	84.560	84.560	88.360	90.000	90.000	120.000	/Users/mitchellparker/Desktop/rascore_build/core/6ws2C_core.cif	/Users/mitchellparker/Desktop/rascore_build/rcsb/6ws2.cif.gz	/Users/mitchellparker/Desktop/rascore_build/renum/6ws2_renum.cif	/Users/mitchellparker/Desktop/rascore_build/rcsb_assembly/6ws2-assembly-4.cif.gz	/Users/mitchellparker/Desktop/rascore_build/renum_assembly/6ws2-assembly-4_renum.cif	/Users/mitchellparker/Desktop/rascore_build/sifts/6ws2.xml.gz	/Users/mitchellparker/Desktop/rascore_build/pocket/6ws2C_7_pocket.pdb
6ws2D	6ws2	0	D	Y32out.2P-OFF	Outlier	Y32out	Y71out	P 3 (CF5)	6ws2D1	1	GTPase KRas	RASK_HUMAN	P01116-2	K104Q	K104	KRAS	2P	Other	None	None	None	None	SP2-Unbound	P 3	170	1-167	2020-04-30	SP2	365.3312	0.2418	Unbound	Unbound	61,68,69,72,99,102,103	GDP,MG	None	None	None	None	None	None	None	None	None	None	GDP	MG	None	None	None	None	STP	XRAY	1.590	0.182	GMTEYKLVVVGAGGVGKSALTIQLIQNHFVDEYDPTIEDSYRKQVVIDGETCLLDILDTAGQEEYSAMRDQYMRTGEGFLCVFAINNTKSFEDIHHYREQIKRVQDSEDVPMVLVGNKCDLPSRTVDTKQAQDLARSYGIPFIETSAKTRQGVDDAFYTLVREIRKHKEK	True	84.560	84.560	88.360	90.000	90.000	120.000	/Users/mitchellparker/Desktop/rascore_build/core/6ws2D_core.cif	/Users/mitchellparker/Desktop/rascore_build/rcsb/6ws2.cif.gz	/Users/mitchellparker/Desktop/rascore_build/renum/6ws2_renum.cif	/Users/mitchellparker/Desktop/rascore_build/rcsb_assembly/6ws2-assembly-4.cif.gz	/Users/mitchellparker/Desktop/rascore_build/renum_assembly/6ws2-assembly-4_renum.cif	/Users/mitchellparker/Desktop/rascore_build/sifts/6ws2.xml.gz	/Users/mitchellparker/Desktop/rascore_build/pocket/6ws2D_1_pocket.pdb
6ws2D	6ws2	0	D	Y32out.2P-OFF	Outlier	Y32out	Y71out	P 3 (CF5)	6ws2D2	2	GTPase KRas	RASK_HUMAN	P01116-2	K104Q	K104	KRAS	2P	Other	None	None	None	None	SP2-Unbound	P 3	170	1-167	2020-04-30	Other	295.7559	0.0008	Unbound	Unbound	97,101,107,108,109,110,111,137,138,139,162,165,166	GDP,MG	None	None	None	None	None	None	None	None	None	None	GDP	MG	None	None	None	None	STP	XRAY	1.590	0.182	GMTEYKLVVVGAGGVGKSALTIQLIQNHFVDEYDPTIEDSYRKQVVIDGETCLLDILDTAGQEEYSAMRDQYMRTGEGFLCVFAINNTKSFEDIHHYREQIKRVQDSEDVPMVLVGNKCDLPSRTVDTKQAQDLARSYGIPFIETSAKTRQGVDDAFYTLVREIRKHKEK	True	84.560	84.560	88.360	90.000	90.000	120.000	/Users/mitchellparker/Desktop/rascore_build/core/6ws2D_core.cif	/Users/mitchellparker/Desktop/rascore_build/rcsb/6ws2.cif.gz	/Users/mitchellparker/Desktop/rascore_build/renum/6ws2_renum.cif	/Users/mitchellparker/Desktop/rascore_build/rcsb_assembly/6ws2-assembly-4.cif.gz	/Users/mitchellparker/Desktop/rascore_build/renum_assembly/6ws2-assembly-4_renum.cif	/Users/mitchellparker/Desktop/rascore_build/sifts/6ws2.xml.gz	/Users/mitchellparker/Desktop/rascore_build/pocket/6ws2D_2_pocket.pdb
6ws2D	6ws2	0	D	Y32out.2P-OFF	Outlier	Y32out	Y71out	P 3 (CF5)	6ws2D3	3	GTPase KRas	RASK_HUMAN	P01116-2	K104Q	K104	KRAS	2P	Other	None	None	None	None	SP2-Unbound	P 3	170	1-167	2020-04-30	Other	264.6222	0.0098	Unbound	Unbound	75,76,104,108,109,110,163,166,167	GDP,MG	None	None	None	None	None	None	None	None	None	None	GDP	MG	None	None	None	None	STP	XRAY	1.590	0.182	GMTEYKLVVVGAGGVGKSALTIQLIQNHFVDEYDPTIEDSYRKQVVIDGETCLLDILDTAGQEEYSAMRDQYMRTGEGFLCVFAINNTKSFEDIHHYREQIKRVQDSEDVPMVLVGNKCDLPSRTVDTKQAQDLARSYGIPFIETSAKTRQGVDDAFYTLVREIRKHKEK	True	84.560	84.560	88.360	90.000	90.000	120.000	/Users/mitchellparker/Desktop/rascore_build/core/6ws2D_core.cif	/Users/mitchellparker/Desktop/rascore_build/rcsb/6ws2.cif.gz	/Users/mitchellparker/Desktop/rascore_build/renum/6ws2_renum.cif	/Users/mitchellparker/Desktop/rascore_build/rcsb_assembly/6ws2-assembly-4.cif.gz	/Users/mitchellparker/Desktop/rascore_build/renum_assembly/6ws2-assembly-4_renum.cif	/Users/mitchellparker/Desktop/rascore_build/sifts/6ws2.xml.gz	/Users/mitchellparker/Desktop/rascore_build/pocket/6ws2D_3_pocket.pdb
6ws2D	6ws2	0	D	Y32out.2P-OFF	Outlier	Y32out	Y71out	P 3 (CF5)	6ws2D4	4	GTPase KRas	RASK_HUMAN	P01116-2	K104Q	K104	KRAS	2P	Other	None	None	None	None	SP2-Unbound	P 3	170	1-167	2020-04-30	Other	84.3632	0.0013	Unbound	Unbound	22,26,149,152,153	GDP,MG	None	None	None	None	None	None	None	None	None	None	GDP	MG	None	None	None	None	STP	XRAY	1.590	0.182	GMTEYKLVVVGAGGVGKSALTIQLIQNHFVDEYDPTIEDSYRKQVVIDGETCLLDILDTAGQEEYSAMRDQYMRTGEGFLCVFAINNTKSFEDIHHYREQIKRVQDSEDVPMVLVGNKCDLPSRTVDTKQAQDLARSYGIPFIETSAKTRQGVDDAFYTLVREIRKHKEK	True	84.560	84.560	88.360	90.000	90.000	120.000	/Users/mitchellparker/Desktop/rascore_build/core/6ws2D_core.cif	/Users/mitchellparker/Desktop/rascore_build/rcsb/6ws2.cif.gz	/Users/mitchellparker/Desktop/rascore_build/renum/6ws2_renum.cif	/Users/mitchellparker/Desktop/rascore_build/rcsb_assembly/6ws2-assembly-4.cif.gz	/Users/mitchellparker/Desktop/rascore_build/renum_assembly/6ws2-assembly-4_renum.cif	/Users/mitchellparker/Desktop/rascore_build/sifts/6ws2.xml.gz	/Users/mitchellparker/Desktop/rascore_build/pocket/6ws2D_4_pocket.pdb
6ws2D	6ws2	0	D	Y32out.2P-OFF	Outlier	Y32out	Y71out	P 3 (CF5)	6ws2D5	5	GTPase KRas	RASK_HUMAN	P01116-2	K104Q	K104	KRAS	2P	Other	None	None	None	None	SP2-Unbound	P 3	170	1-167	2020-04-30	Other	234.5615	0.0137	Unbound	Unbound	12,13,30,31,32,34	GDP,MG	None	None	None	None	None	None	None	None	None	None	GDP	MG	None	None	None	None	STP	XRAY	1.590	0.182	GMTEYKLVVVGAGGVGKSALTIQLIQNHFVDEYDPTIEDSYRKQVVIDGETCLLDILDTAGQEEYSAMRDQYMRTGEGFLCVFAINNTKSFEDIHHYREQIKRVQDSEDVPMVLVGNKCDLPSRTVDTKQAQDLARSYGIPFIETSAKTRQGVDDAFYTLVREIRKHKEK	True	84.560	84.560	88.360	90.000	90.000	120.000	/Users/mitchellparker/Desktop/rascore_build/core/6ws2D_core.cif	/Users/mitchellparker/Desktop/rascore_build/rcsb/6ws2.cif.gz	/Users/mitchellparker/Desktop/rascore_build/renum/6ws2_renum.cif	/Users/mitchellparker/Desktop/rascore_build/rcsb_assembly/6ws2-assembly-4.cif.gz	/Users/mitchellparker/Desktop/rascore_build/renum_assembly/6ws2-assembly-4_renum.cif	/Users/mitchellparker/Desktop/rascore_build/sifts/6ws2.xml.gz	/Users/mitchellparker/Desktop/rascore_build/pocket/6ws2D_5_pocket.pdb
6ws2D	6ws2	0	D	Y32out.2P-OFF	Outlier	Y32out	Y71out	P 3 (CF5)	6ws2D6	6	GTPase KRas	RASK_HUMAN	P01116-2	K104Q	K104	KRAS	2P	Other	None	None	None	None	SP2-Unbound	P 3	170	1-167	2020-04-30	Other	332.0638	0.0002	Unbound	Unbound	127,131,141,142,143,150,151,154	GDP,MG	None	None	None	None	None	None	None	None	None	None	GDP	MG	None	None	None	None	STP	XRAY	1.590	0.182	GMTEYKLVVVGAGGVGKSALTIQLIQNHFVDEYDPTIEDSYRKQVVIDGETCLLDILDTAGQEEYSAMRDQYMRTGEGFLCVFAINNTKSFEDIHHYREQIKRVQDSEDVPMVLVGNKCDLPSRTVDTKQAQDLARSYGIPFIETSAKTRQGVDDAFYTLVREIRKHKEK	True	84.560	84.560	88.360	90.000	90.000	120.000	/Users/mitchellparker/Desktop/rascore_build/core/6ws2D_core.cif	/Users/mitchellparker/Desktop/rascore_build/rcsb/6ws2.cif.gz	/Users/mitchellparker/Desktop/rascore_build/renum/6ws2_renum.cif	/Users/mitchellparker/Desktop/rascore_build/rcsb_assembly/6ws2-assembly-4.cif.gz	/Users/mitchellparker/Desktop/rascore_build/renum_assembly/6ws2-assembly-4_renum.cif	/Users/mitchellparker/Desktop/rascore_build/sifts/6ws2.xml.gz	/Users/mitchellparker/Desktop/rascore_build/pocket/6ws2D_6_pocket.pdb
6ws2D	6ws2	0	D	Y32out.2P-OFF	Outlier	Y32out	Y71out	P 3 (CF5)	6ws2D7	7	GTPase KRas	RASK_HUMAN	P01116-2	K104Q	K104	KRAS	2P	Other	None	None	None	None	SP2-Unbound	P 3	170	1-167	2020-04-30	Other	293.4337	0.0004	Unbound	Unbound	131,134,135,139,141	GDP,MG	None	None	None	None	None	None	None	None	None	None	GDP	MG	None	None	None	None	STP	XRAY	1.590	0.182	GMTEYKLVVVGAGGVGKSALTIQLIQNHFVDEYDPTIEDSYRKQVVIDGETCLLDILDTAGQEEYSAMRDQYMRTGEGFLCVFAINNTKSFEDIHHYREQIKRVQDSEDVPMVLVGNKCDLPSRTVDTKQAQDLARSYGIPFIETSAKTRQGVDDAFYTLVREIRKHKEK	True	84.560	84.560	88.360	90.000	90.000	120.000	/Users/mitchellparker/Desktop/rascore_build/core/6ws2D_core.cif	/Users/mitchellparker/Desktop/rascore_build/rcsb/6ws2.cif.gz	/Users/mitchellparker/Desktop/rascore_build/renum/6ws2_renum.cif	/Users/mitchellparker/Desktop/rascore_build/rcsb_assembly/6ws2-assembly-4.cif.gz	/Users/mitchellparker/Desktop/rascore_build/renum_assembly/6ws2-assembly-4_renum.cif	/Users/mitchellparker/Desktop/rascore_build/sifts/6ws2.xml.gz	/Users/mitchellparker/Desktop/rascore_build/pocket/6ws2D_7_pocket.pdb
6ws4A	6ws4	0	A	Y32out.2P-OFF	Y71out.2P-SP2-B	Y32out	Y71out	P 3 (CF5)	6ws4A1	1	GTPase KRas	RASK_HUMAN	P01116-2	G12D,K104Q	G12,K104	KRAS	2P	G12D	None	None	None	None	SP2-Unbound	P 3	170	1-168	2020-04-30	Other	258.2066	0.0007	Unbound	Unbound	97,101,107,108,109,110,111,137,138,139,162,165,166	GDP,MG	None	None	None	None	None	None	None	None	None	None	GDP	MG	None	None	None	None	STP	XRAY	1.840	0.135	GMTEYKLVVVGADGVGKSALTIQLIQNHFVDEYDPTIEDSYRKQVVIDGETCLLDILDTAGQEEYSAMRDQYMRTGEGFLCVFAINNTKSFEDIHHYREQIKRVQDSEDVPMVLVGNKCDLPSRTVDTKQAQDLARSYGIPFIETSAKTRQGVDDAFYTLVREIRKHKEK	True	84.930	84.930	89.300	90.000	90.000	120.000	/Users/mitchellparker/Desktop/rascore_build/core/6ws4A_core.cif	/Users/mitchellparker/Desktop/rascore_build/rcsb/6ws4.cif.gz	/Users/mitchellparker/Desktop/rascore_build/renum/6ws4_renum.cif	/Users/mitchellparker/Desktop/rascore_build/rcsb_assembly/6ws4-assembly-1.cif.gz	/Users/mitchellparker/Desktop/rascore_build/renum_assembly/6ws4-assembly-1_renum.cif	/Users/mitchellparker/Desktop/rascore_build/sifts/6ws4.xml.gz	/Users/mitchellparker/Desktop/rascore_build/pocket/6ws4A_1_pocket.pdb
6ws4A	6ws4	0	A	Y32out.2P-OFF	Y71out.2P-SP2-B	Y32out	Y71out	P 3 (CF5)	6ws4A2	2	GTPase KRas	RASK_HUMAN	P01116-2	G12D,K104Q	G12,K104	KRAS	2P	G12D	None	None	None	None	SP2-Unbound	P 3	170	1-168	2020-04-30	Other	275.5037	0.0005	Unbound	Unbound	75,76,104,106,108,109,110,163,166,167	GDP,MG	None	None	None	None	None	None	None	None	None	None	GDP	MG	None	None	None	None	STP	XRAY	1.840	0.135	GMTEYKLVVVGADGVGKSALTIQLIQNHFVDEYDPTIEDSYRKQVVIDGETCLLDILDTAGQEEYSAMRDQYMRTGEGFLCVFAINNTKSFEDIHHYREQIKRVQDSEDVPMVLVGNKCDLPSRTVDTKQAQDLARSYGIPFIETSAKTRQGVDDAFYTLVREIRKHKEK	True	84.930	84.930	89.300	90.000	90.000	120.000	/Users/mitchellparker/Desktop/rascore_build/core/6ws4A_core.cif	/Users/mitchellparker/Desktop/rascore_build/rcsb/6ws4.cif.gz	/Users/mitchellparker/Desktop/rascore_build/renum/6ws4_renum.cif	/Users/mitchellparker/Desktop/rascore_build/rcsb_assembly/6ws4-assembly-1.cif.gz	/Users/mitchellparker/Desktop/rascore_build/renum_assembly/6ws4-assembly-1_renum.cif	/Users/mitchellparker/Desktop/rascore_build/sifts/6ws4.xml.gz	/Users/mitchellparker/Desktop/rascore_build/pocket/6ws4A_2_pocket.pdb
6ws4A	6ws4	0	A	Y32out.2P-OFF	Y71out.2P-SP2-B	Y32out	Y71out	P 3 (CF5)	6ws4A3	3	GTPase KRas	RASK_HUMAN	P01116-2	G12D,K104Q	G12,K104	KRAS	2P	G12D	None	None	None	None	SP2-Unbound	P 3	170	1-168	2020-04-30	Other	225.6141	0.0003	Unbound	Unbound	12,13,30,31,32,34	GDP,MG	None	None	None	None	None	None	None	None	None	None	GDP	MG	None	None	None	None	STP	XRAY	1.840	0.135	GMTEYKLVVVGADGVGKSALTIQLIQNHFVDEYDPTIEDSYRKQVVIDGETCLLDILDTAGQEEYSAMRDQYMRTGEGFLCVFAINNTKSFEDIHHYREQIKRVQDSEDVPMVLVGNKCDLPSRTVDTKQAQDLARSYGIPFIETSAKTRQGVDDAFYTLVREIRKHKEK	True	84.930	84.930	89.300	90.000	90.000	120.000	/Users/mitchellparker/Desktop/rascore_build/core/6ws4A_core.cif	/Users/mitchellparker/Desktop/rascore_build/rcsb/6ws4.cif.gz	/Users/mitchellparker/Desktop/rascore_build/renum/6ws4_renum.cif	/Users/mitchellparker/Desktop/rascore_build/rcsb_assembly/6ws4-assembly-1.cif.gz	/Users/mitchellparker/Desktop/rascore_build/renum_assembly/6ws4-assembly-1_renum.cif	/Users/mitchellparker/Desktop/rascore_build/sifts/6ws4.xml.gz	/Users/mitchellparker/Desktop/rascore_build/pocket/6ws4A_3_pocket.pdb
6ws4A	6ws4	0	A	Y32out.2P-OFF	Y71out.2P-SP2-B	Y32out	Y71out	P 3 (CF5)	6ws4A4	4	GTPase KRas	RASK_HUMAN	P01116-2	G12D,K104Q	G12,K104	KRAS	2P	G12D	None	None	None	None	SP2-Unbound	P 3	170	1-168	2020-04-30	SP2	1082.9154	0.3856	Unbound	Unbound	9,10,12,16,34,35,37,58,59,60,61,68,69,72,73,96,99,102,103	GDP,MG	None	None	None	None	None	None	None	None	None	None	GDP	MG	None	None	None	None	STP	XRAY	1.840	0.135	GMTEYKLVVVGADGVGKSALTIQLIQNHFVDEYDPTIEDSYRKQVVIDGETCLLDILDTAGQEEYSAMRDQYMRTGEGFLCVFAINNTKSFEDIHHYREQIKRVQDSEDVPMVLVGNKCDLPSRTVDTKQAQDLARSYGIPFIETSAKTRQGVDDAFYTLVREIRKHKEK	True	84.930	84.930	89.300	90.000	90.000	120.000	/Users/mitchellparker/Desktop/rascore_build/core/6ws4A_core.cif	/Users/mitchellparker/Desktop/rascore_build/rcsb/6ws4.cif.gz	/Users/mitchellparker/Desktop/rascore_build/renum/6ws4_renum.cif	/Users/mitchellparker/Desktop/rascore_build/rcsb_assembly/6ws4-assembly-1.cif.gz	/Users/mitchellparker/Desktop/rascore_build/renum_assembly/6ws4-assembly-1_renum.cif	/Users/mitchellparker/Desktop/rascore_build/sifts/6ws4.xml.gz	/Users/mitchellparker/Desktop/rascore_build/pocket/6ws4A_4_pocket.pdb
6ws4A	6ws4	0	A	Y32out.2P-OFF	Y71out.2P-SP2-B	Y32out	Y71out	P 3 (CF5)	6ws4A5	5	GTPase KRas	RASK_HUMAN	P01116-2	G12D,K104Q	G12,K104	KRAS	2P	G12D	None	None	None	None	SP2-Unbound	P 3	170	1-168	2020-04-30	Other	204.4563	0.0006	Unbound	Unbound	11,12,86,88,89,92	GDP,MG	None	None	None	None	None	None	None	None	None	None	GDP	MG	None	None	None	None	STP	XRAY	1.840	0.135	GMTEYKLVVVGADGVGKSALTIQLIQNHFVDEYDPTIEDSYRKQVVIDGETCLLDILDTAGQEEYSAMRDQYMRTGEGFLCVFAINNTKSFEDIHHYREQIKRVQDSEDVPMVLVGNKCDLPSRTVDTKQAQDLARSYGIPFIETSAKTRQGVDDAFYTLVREIRKHKEK	True	84.930	84.930	89.300	90.000	90.000	120.000	/Users/mitchellparker/Desktop/rascore_build/core/6ws4A_core.cif	/Users/mitchellparker/Desktop/rascore_build/rcsb/6ws4.cif.gz	/Users/mitchellparker/Desktop/rascore_build/renum/6ws4_renum.cif	/Users/mitchellparker/Desktop/rascore_build/rcsb_assembly/6ws4-assembly-1.cif.gz	/Users/mitchellparker/Desktop/rascore_build/renum_assembly/6ws4-assembly-1_renum.cif	/Users/mitchellparker/Desktop/rascore_build/sifts/6ws4.xml.gz	/Users/mitchellparker/Desktop/rascore_build/pocket/6ws4A_5_pocket.pdb
6ws4B	6ws4	0	B	Y32out.2P-OFF	Y71out.2P-SP2-B	Y32out	Y71out	P 3 (CF5)	6ws4B1	1	GTPase KRas	RASK_HUMAN	P01116-2	G12D,K104Q	G12,K104	KRAS	2P	G12D	None	None	None	None	SP2-Unbound	P 3	170	1-168	2020-04-30	SP2	603.1116	0.6684	Unbound	Unbound	9,10,12,16,34,35,37,58,59,60,61,68,72,96,99	GDP,MG,TCE	None	None	None	None	None	None	None	None	None	None	GDP	MG	None	TCE	None	None	STP	XRAY	1.840	0.135	GMTEYKLVVVGADGVGKSALTIQLIQNHFVDEYDPTIEDSYRKQVVIDGETCLLDILDTAGQEEYSAMRDQYMRTGEGFLCVFAINNTKSFEDIHHYREQIKRVQDSEDVPMVLVGNKCDLPSRTVDTKQAQDLARSYGIPFIETSAKTRQGVDDAFYTLVREIRKHKEK	True	84.930	84.930	89.300	90.000	90.000	120.000	/Users/mitchellparker/Desktop/rascore_build/core/6ws4B_core.cif	/Users/mitchellparker/Desktop/rascore_build/rcsb/6ws4.cif.gz	/Users/mitchellparker/Desktop/rascore_build/renum/6ws4_renum.cif	/Users/mitchellparker/Desktop/rascore_build/rcsb_assembly/6ws4-assembly-1.cif.gz	/Users/mitchellparker/Desktop/rascore_build/renum_assembly/6ws4-assembly-1_renum.cif	/Users/mitchellparker/Desktop/rascore_build/sifts/6ws4.xml.gz	/Users/mitchellparker/Desktop/rascore_build/pocket/6ws4B_1_pocket.pdb
6ws4B	6ws4	0	B	Y32out.2P-OFF	Y71out.2P-SP2-B	Y32out	Y71out	P 3 (CF5)	6ws4B2	2	GTPase KRas	RASK_HUMAN	P01116-2	G12D,K104Q	G12,K104	KRAS	2P	G12D	None	None	None	None	SP2-Unbound	P 3	170	1-168	2020-04-30	Other	302.0036	0.0004	Unbound	Unbound	97,101,107,108,109,110,111,137,138,139,162,165,166	GDP,MG,TCE	None	None	None	None	None	None	None	None	None	None	GDP	MG	None	TCE	None	None	STP	XRAY	1.840	0.135	GMTEYKLVVVGADGVGKSALTIQLIQNHFVDEYDPTIEDSYRKQVVIDGETCLLDILDTAGQEEYSAMRDQYMRTGEGFLCVFAINNTKSFEDIHHYREQIKRVQDSEDVPMVLVGNKCDLPSRTVDTKQAQDLARSYGIPFIETSAKTRQGVDDAFYTLVREIRKHKEK	True	84.930	84.930	89.300	90.000	90.000	120.000	/Users/mitchellparker/Desktop/rascore_build/core/6ws4B_core.cif	/Users/mitchellparker/Desktop/rascore_build/rcsb/6ws4.cif.gz	/Users/mitchellparker/Desktop/rascore_build/renum/6ws4_renum.cif	/Users/mitchellparker/Desktop/rascore_build/rcsb_assembly/6ws4-assembly-1.cif.gz	/Users/mitchellparker/Desktop/rascore_build/renum_assembly/6ws4-assembly-1_renum.cif	/Users/mitchellparker/Desktop/rascore_build/sifts/6ws4.xml.gz	/Users/mitchellparker/Desktop/rascore_build/pocket/6ws4B_2_pocket.pdb
6ws4B	6ws4	0	B	Y32out.2P-OFF	Y71out.2P-SP2-B	Y32out	Y71out	P 3 (CF5)	6ws4B3	3	GTPase KRas	RASK_HUMAN	P01116-2	G12D,K104Q	G12,K104	KRAS	2P	G12D	None	None	None	None	SP2-Unbound	P 3	170	1-168	2020-04-30	Other	307.3519	0.0646	Unbound	Unbound	69,72,73,103	GDP,MG,TCE	None	None	None	None	None	None	None	None	None	None	GDP	MG	None	TCE	None	None	STP	XRAY	1.840	0.135	GMTEYKLVVVGADGVGKSALTIQLIQNHFVDEYDPTIEDSYRKQVVIDGETCLLDILDTAGQEEYSAMRDQYMRTGEGFLCVFAINNTKSFEDIHHYREQIKRVQDSEDVPMVLVGNKCDLPSRTVDTKQAQDLARSYGIPFIETSAKTRQGVDDAFYTLVREIRKHKEK	True	84.930	84.930	89.300	90.000	90.000	120.000	/Users/mitchellparker/Desktop/rascore_build/core/6ws4B_core.cif	/Users/mitchellparker/Desktop/rascore_build/rcsb/6ws4.cif.gz	/Users/mitchellparker/Desktop/rascore_build/renum/6ws4_renum.cif	/Users/mitchellparker/Desktop/rascore_build/rcsb_assembly/6ws4-assembly-1.cif.gz	/Users/mitchellparker/Desktop/rascore_build/renum_assembly/6ws4-assembly-1_renum.cif	/Users/mitchellparker/Desktop/rascore_build/sifts/6ws4.xml.gz	/Users/mitchellparker/Desktop/rascore_build/pocket/6ws4B_3_pocket.pdb
6ws4B	6ws4	0	B	Y32out.2P-OFF	Y71out.2P-SP2-B	Y32out	Y71out	P 3 (CF5)	6ws4B4	4	GTPase KRas	RASK_HUMAN	P01116-2	G12D,K104Q	G12,K104	KRAS	2P	G12D	None	None	None	None	SP2-Unbound	P 3	170	1-168	2020-04-30	Other	255.9205	0.0009	Unbound	Unbound	11,12,86,88,89,92,96	GDP,MG,TCE	None	None	None	None	None	None	None	None	None	None	GDP	MG	None	TCE	None	None	STP	XRAY	1.840	0.135	GMTEYKLVVVGADGVGKSALTIQLIQNHFVDEYDPTIEDSYRKQVVIDGETCLLDILDTAGQEEYSAMRDQYMRTGEGFLCVFAINNTKSFEDIHHYREQIKRVQDSEDVPMVLVGNKCDLPSRTVDTKQAQDLARSYGIPFIETSAKTRQGVDDAFYTLVREIRKHKEK	True	84.930	84.930	89.300	90.000	90.000	120.000	/Users/mitchellparker/Desktop/rascore_build/core/6ws4B_core.cif	/Users/mitchellparker/Desktop/rascore_build/rcsb/6ws4.cif.gz	/Users/mitchellparker/Desktop/rascore_build/renum/6ws4_renum.cif	/Users/mitchellparker/Desktop/rascore_build/rcsb_assembly/6ws4-assembly-1.cif.gz	/Users/mitchellparker/Desktop/rascore_build/renum_assembly/6ws4-assembly-1_renum.cif	/Users/mitchellparker/Desktop/rascore_build/sifts/6ws4.xml.gz	/Users/mitchellparker/Desktop/rascore_build/pocket/6ws4B_4_pocket.pdb
6ws4B	6ws4	0	B	Y32out.2P-OFF	Y71out.2P-SP2-B	Y32out	Y71out	P 3 (CF5)	6ws4B5	5	GTPase KRas	RASK_HUMAN	P01116-2	G12D,K104Q	G12,K104	KRAS	2P	G12D	None	None	None	None	SP2-Unbound	P 3	170	1-168	2020-04-30	Other	182.6328	0.0006	Unbound	Unbound	12,13,31,32,34	GDP,MG,TCE	None	None	None	None	None	None	None	None	None	None	GDP	MG	None	TCE	None	None	STP	XRAY	1.840	0.135	GMTEYKLVVVGADGVGKSALTIQLIQNHFVDEYDPTIEDSYRKQVVIDGETCLLDILDTAGQEEYSAMRDQYMRTGEGFLCVFAINNTKSFEDIHHYREQIKRVQDSEDVPMVLVGNKCDLPSRTVDTKQAQDLARSYGIPFIETSAKTRQGVDDAFYTLVREIRKHKEK	True	84.930	84.930	89.300	90.000	90.000	120.000	/Users/mitchellparker/Desktop/rascore_build/core/6ws4B_core.cif	/Users/mitchellparker/Desktop/rascore_build/rcsb/6ws4.cif.gz	/Users/mitchellparker/Desktop/rascore_build/renum/6ws4_renum.cif	/Users/mitchellparker/Desktop/rascore_build/rcsb_assembly/6ws4-assembly-1.cif.gz	/Users/mitchellparker/Desktop/rascore_build/renum_assembly/6ws4-assembly-1_renum.cif	/Users/mitchellparker/Desktop/rascore_build/sifts/6ws4.xml.gz	/Users/mitchellparker/Desktop/rascore_build/pocket/6ws4B_5_pocket.pdb
6ws4B	6ws4	0	B	Y32out.2P-OFF	Y71out.2P-SP2-B	Y32out	Y71out	P 3 (CF5)	6ws4B6	6	GTPase KRas	RASK_HUMAN	P01116-2	G12D,K104Q	G12,K104	KRAS	2P	G12D	None	None	None	None	SP2-Unbound	P 3	170	1-168	2020-04-30	Other	192.5842	0.0001	Unbound	Unbound	131,134,135,139,141	GDP,MG,TCE	None	None	None	None	None	None	None	None	None	None	GDP	MG	None	TCE	None	None	STP	XRAY	1.840	0.135	GMTEYKLVVVGADGVGKSALTIQLIQNHFVDEYDPTIEDSYRKQVVIDGETCLLDILDTAGQEEYSAMRDQYMRTGEGFLCVFAINNTKSFEDIHHYREQIKRVQDSEDVPMVLVGNKCDLPSRTVDTKQAQDLARSYGIPFIETSAKTRQGVDDAFYTLVREIRKHKEK	True	84.930	84.930	89.300	90.000	90.000	120.000	/Users/mitchellparker/Desktop/rascore_build/core/6ws4B_core.cif	/Users/mitchellparker/Desktop/rascore_build/rcsb/6ws4.cif.gz	/Users/mitchellparker/Desktop/rascore_build/renum/6ws4_renum.cif	/Users/mitchellparker/Desktop/rascore_build/rcsb_assembly/6ws4-assembly-1.cif.gz	/Users/mitchellparker/Desktop/rascore_build/renum_assembly/6ws4-assembly-1_renum.cif	/Users/mitchellparker/Desktop/rascore_build/sifts/6ws4.xml.gz	/Users/mitchellparker/Desktop/rascore_build/pocket/6ws4B_6_pocket.pdb
6ws4C	6ws4	0	C	Y32out.2P-OFF	Outlier	Y32out	Y71out	P 3 (CF5)	6ws4C1	1	GTPase KRas	RASK_HUMAN	P01116-2	G12D,K104Q	G12,K104	KRAS	2P	G12D	None	None	None	None	SP2-Unbound	P 3	170	1-168	2020-04-30	SP2	232.4666	0.0287	Unbound	Unbound	9,10,12,16,58,59,60,61,62,68,72,96,99	GDP,MG	None	None	None	None	None	None	None	None	None	None	GDP	MG	None	None	None	None	STP	XRAY	1.840	0.135	GMTEYKLVVVGADGVGKSALTIQLIQNHFVDEYDPTIEDSYRKQVVIDGETCLLDILDTAGQEEYSAMRDQYMRTGEGFLCVFAINNTKSFEDIHHYREQIKRVQDSEDVPMVLVGNKCDLPSRTVDTKQAQDLARSYGIPFIETSAKTRQGVDDAFYTLVREIRKHKEK	True	84.930	84.930	89.300	90.000	90.000	120.000	/Users/mitchellparker/Desktop/rascore_build/core/6ws4C_core.cif	/Users/mitchellparker/Desktop/rascore_build/rcsb/6ws4.cif.gz	/Users/mitchellparker/Desktop/rascore_build/renum/6ws4_renum.cif	/Users/mitchellparker/Desktop/rascore_build/rcsb_assembly/6ws4-assembly-1.cif.gz	/Users/mitchellparker/Desktop/rascore_build/renum_assembly/6ws4-assembly-1_renum.cif	/Users/mitchellparker/Desktop/rascore_build/sifts/6ws4.xml.gz	/Users/mitchellparker/Desktop/rascore_build/pocket/6ws4C_1_pocket.pdb
6ws4C	6ws4	0	C	Y32out.2P-OFF	Outlier	Y32out	Y71out	P 3 (CF5)	6ws4C2	2	GTPase KRas	RASK_HUMAN	P01116-2	G12D,K104Q	G12,K104	KRAS	2P	G12D	None	None	None	None	SP2-Unbound	P 3	170	1-168	2020-04-30	Other	335.6170	0.6026	Unbound	Unbound	12,13,30,31,32,33,34	GDP,MG	None	None	None	None	None	None	None	None	None	None	GDP	MG	None	None	None	None	STP	XRAY	1.840	0.135	GMTEYKLVVVGADGVGKSALTIQLIQNHFVDEYDPTIEDSYRKQVVIDGETCLLDILDTAGQEEYSAMRDQYMRTGEGFLCVFAINNTKSFEDIHHYREQIKRVQDSEDVPMVLVGNKCDLPSRTVDTKQAQDLARSYGIPFIETSAKTRQGVDDAFYTLVREIRKHKEK	True	84.930	84.930	89.300	90.000	90.000	120.000	/Users/mitchellparker/Desktop/rascore_build/core/6ws4C_core.cif	/Users/mitchellparker/Desktop/rascore_build/rcsb/6ws4.cif.gz	/Users/mitchellparker/Desktop/rascore_build/renum/6ws4_renum.cif	/Users/mitchellparker/Desktop/rascore_build/rcsb_assembly/6ws4-assembly-1.cif.gz	/Users/mitchellparker/Desktop/rascore_build/renum_assembly/6ws4-assembly-1_renum.cif	/Users/mitchellparker/Desktop/rascore_build/sifts/6ws4.xml.gz	/Users/mitchellparker/Desktop/rascore_build/pocket/6ws4C_2_pocket.pdb
6ws4C	6ws4	0	C	Y32out.2P-OFF	Outlier	Y32out	Y71out	P 3 (CF5)	6ws4C3	3	GTPase KRas	RASK_HUMAN	P01116-2	G12D,K104Q	G12,K104	KRAS	2P	G12D	None	None	None	None	SP2-Unbound	P 3	170	1-168	2020-04-30	Other	283.4677	0.0073	Unbound	Unbound	22,23,26,42,149,151,152,153,154,157	GDP,MG	None	None	None	None	None	None	None	None	None	None	GDP	MG	None	None	None	None	STP	XRAY	1.840	0.135	GMTEYKLVVVGADGVGKSALTIQLIQNHFVDEYDPTIEDSYRKQVVIDGETCLLDILDTAGQEEYSAMRDQYMRTGEGFLCVFAINNTKSFEDIHHYREQIKRVQDSEDVPMVLVGNKCDLPSRTVDTKQAQDLARSYGIPFIETSAKTRQGVDDAFYTLVREIRKHKEK	True	84.930	84.930	89.300	90.000	90.000	120.000	/Users/mitchellparker/Desktop/rascore_build/core/6ws4C_core.cif	/Users/mitchellparker/Desktop/rascore_build/rcsb/6ws4.cif.gz	/Users/mitchellparker/Desktop/rascore_build/renum/6ws4_renum.cif	/Users/mitchellparker/Desktop/rascore_build/rcsb_assembly/6ws4-assembly-1.cif.gz	/Users/mitchellparker/Desktop/rascore_build/renum_assembly/6ws4-assembly-1_renum.cif	/Users/mitchellparker/Desktop/rascore_build/sifts/6ws4.xml.gz	/Users/mitchellparker/Desktop/rascore_build/pocket/6ws4C_3_pocket.pdb
6ws4C	6ws4	0	C	Y32out.2P-OFF	Outlier	Y32out	Y71out	P 3 (CF5)	6ws4C4	4	GTPase KRas	RASK_HUMAN	P01116-2	G12D,K104Q	G12,K104	KRAS	2P	G12D	None	None	None	None	SP2-Unbound	P 3	170	1-168	2020-04-30	Other	370.1591	0.0000	Unbound	Unbound	97,107,108,109,110,111,137,138,139,162,165,166	GDP,MG	None	None	None	None	None	None	None	None	None	None	GDP	MG	None	None	None	None	STP	XRAY	1.840	0.135	GMTEYKLVVVGADGVGKSALTIQLIQNHFVDEYDPTIEDSYRKQVVIDGETCLLDILDTAGQEEYSAMRDQYMRTGEGFLCVFAINNTKSFEDIHHYREQIKRVQDSEDVPMVLVGNKCDLPSRTVDTKQAQDLARSYGIPFIETSAKTRQGVDDAFYTLVREIRKHKEK	True	84.930	84.930	89.300	90.000	90.000	120.000	/Users/mitchellparker/Desktop/rascore_build/core/6ws4C_core.cif	/Users/mitchellparker/Desktop/rascore_build/rcsb/6ws4.cif.gz	/Users/mitchellparker/Desktop/rascore_build/renum/6ws4_renum.cif	/Users/mitchellparker/Desktop/rascore_build/rcsb_assembly/6ws4-assembly-1.cif.gz	/Users/mitchellparker/Desktop/rascore_build/renum_assembly/6ws4-assembly-1_renum.cif	/Users/mitchellparker/Desktop/rascore_build/sifts/6ws4.xml.gz	/Users/mitchellparker/Desktop/rascore_build/pocket/6ws4C_4_pocket.pdb
6ws4C	6ws4	0	C	Y32out.2P-OFF	Outlier	Y32out	Y71out	P 3 (CF5)	6ws4C5	5	GTPase KRas	RASK_HUMAN	P01116-2	G12D,K104Q	G12,K104	KRAS	2P	G12D	None	None	None	None	SP2-Unbound	P 3	170	1-168	2020-04-30	Other	265.1544	0.0225	Unbound	Unbound	75,76,104,106,108,109,110,163,166,167	GDP,MG	None	None	None	None	None	None	None	None	None	None	GDP	MG	None	None	None	None	STP	XRAY	1.840	0.135	GMTEYKLVVVGADGVGKSALTIQLIQNHFVDEYDPTIEDSYRKQVVIDGETCLLDILDTAGQEEYSAMRDQYMRTGEGFLCVFAINNTKSFEDIHHYREQIKRVQDSEDVPMVLVGNKCDLPSRTVDTKQAQDLARSYGIPFIETSAKTRQGVDDAFYTLVREIRKHKEK	True	84.930	84.930	89.300	90.000	90.000	120.000	/Users/mitchellparker/Desktop/rascore_build/core/6ws4C_core.cif	/Users/mitchellparker/Desktop/rascore_build/rcsb/6ws4.cif.gz	/Users/mitchellparker/Desktop/rascore_build/renum/6ws4_renum.cif	/Users/mitchellparker/Desktop/rascore_build/rcsb_assembly/6ws4-assembly-1.cif.gz	/Users/mitchellparker/Desktop/rascore_build/renum_assembly/6ws4-assembly-1_renum.cif	/Users/mitchellparker/Desktop/rascore_build/sifts/6ws4.xml.gz	/Users/mitchellparker/Desktop/rascore_build/pocket/6ws4C_5_pocket.pdb
6ws4C	6ws4	0	C	Y32out.2P-OFF	Outlier	Y32out	Y71out	P 3 (CF5)	6ws4C6	6	GTPase KRas	RASK_HUMAN	P01116-2	G12D,K104Q	G12,K104	KRAS	2P	G12D	None	None	None	None	SP2-Unbound	P 3	170	1-168	2020-04-30	Other	257.8835	0.0001	Unbound	Unbound	131,134,135,139,141	GDP,MG	None	None	None	None	None	None	None	None	None	None	GDP	MG	None	None	None	None	STP	XRAY	1.840	0.135	GMTEYKLVVVGADGVGKSALTIQLIQNHFVDEYDPTIEDSYRKQVVIDGETCLLDILDTAGQEEYSAMRDQYMRTGEGFLCVFAINNTKSFEDIHHYREQIKRVQDSEDVPMVLVGNKCDLPSRTVDTKQAQDLARSYGIPFIETSAKTRQGVDDAFYTLVREIRKHKEK	True	84.930	84.930	89.300	90.000	90.000	120.000	/Users/mitchellparker/Desktop/rascore_build/core/6ws4C_core.cif	/Users/mitchellparker/Desktop/rascore_build/rcsb/6ws4.cif.gz	/Users/mitchellparker/Desktop/rascore_build/renum/6ws4_renum.cif	/Users/mitchellparker/Desktop/rascore_build/rcsb_assembly/6ws4-assembly-1.cif.gz	/Users/mitchellparker/Desktop/rascore_build/renum_assembly/6ws4-assembly-1_renum.cif	/Users/mitchellparker/Desktop/rascore_build/sifts/6ws4.xml.gz	/Users/mitchellparker/Desktop/rascore_build/pocket/6ws4C_6_pocket.pdb
6ws4D	6ws4	0	D	Y32out.2P-OFF	Outlier	Y32out	Y71out	P 3 (CF5)	6ws4D1	1	GTPase KRas	RASK_HUMAN	P01116-2	G12D,K104Q	G12,K104	KRAS	2P	G12D	None	None	None	None	SP2-Unbound	P 3	170	1-168	2020-04-30	SP2	174.2411	0.0089	Unbound	Unbound	9,10,12,16,34,58,59,60,61,68,72,96,99,100	GDP,MG	None	None	None	None	None	None	None	None	None	None	GDP	MG	None	None	None	None	STP	XRAY	1.840	0.135	GMTEYKLVVVGADGVGKSALTIQLIQNHFVDEYDPTIEDSYRKQVVIDGETCLLDILDTAGQEEYSAMRDQYMRTGEGFLCVFAINNTKSFEDIHHYREQIKRVQDSEDVPMVLVGNKCDLPSRTVDTKQAQDLARSYGIPFIETSAKTRQGVDDAFYTLVREIRKHKEK	True	84.930	84.930	89.300	90.000	90.000	120.000	/Users/mitchellparker/Desktop/rascore_build/core/6ws4D_core.cif	/Users/mitchellparker/Desktop/rascore_build/rcsb/6ws4.cif.gz	/Users/mitchellparker/Desktop/rascore_build/renum/6ws4_renum.cif	/Users/mitchellparker/Desktop/rascore_build/rcsb_assembly/6ws4-assembly-1.cif.gz	/Users/mitchellparker/Desktop/rascore_build/renum_assembly/6ws4-assembly-1_renum.cif	/Users/mitchellparker/Desktop/rascore_build/sifts/6ws4.xml.gz	/Users/mitchellparker/Desktop/rascore_build/pocket/6ws4D_1_pocket.pdb
6ws4D	6ws4	0	D	Y32out.2P-OFF	Outlier	Y32out	Y71out	P 3 (CF5)	6ws4D2	2	GTPase KRas	RASK_HUMAN	P01116-2	G12D,K104Q	G12,K104	KRAS	2P	G12D	None	None	None	None	SP2-Unbound	P 3	170	1-168	2020-04-30	Other	307.0019	0.1958	Unbound	Unbound	12,13,30,31,32,34	GDP,MG	None	None	None	None	None	None	None	None	None	None	GDP	MG	None	None	None	None	STP	XRAY	1.840	0.135	GMTEYKLVVVGADGVGKSALTIQLIQNHFVDEYDPTIEDSYRKQVVIDGETCLLDILDTAGQEEYSAMRDQYMRTGEGFLCVFAINNTKSFEDIHHYREQIKRVQDSEDVPMVLVGNKCDLPSRTVDTKQAQDLARSYGIPFIETSAKTRQGVDDAFYTLVREIRKHKEK	True	84.930	84.930	89.300	90.000	90.000	120.000	/Users/mitchellparker/Desktop/rascore_build/core/6ws4D_core.cif	/Users/mitchellparker/Desktop/rascore_build/rcsb/6ws4.cif.gz	/Users/mitchellparker/Desktop/rascore_build/renum/6ws4_renum.cif	/Users/mitchellparker/Desktop/rascore_build/rcsb_assembly/6ws4-assembly-1.cif.gz	/Users/mitchellparker/Desktop/rascore_build/renum_assembly/6ws4-assembly-1_renum.cif	/Users/mitchellparker/Desktop/rascore_build/sifts/6ws4.xml.gz	/Users/mitchellparker/Desktop/rascore_build/pocket/6ws4D_2_pocket.pdb
6ws4D	6ws4	0	D	Y32out.2P-OFF	Outlier	Y32out	Y71out	P 3 (CF5)	6ws4D3	3	GTPase KRas	RASK_HUMAN	P01116-2	G12D,K104Q	G12,K104	KRAS	2P	G12D	None	None	None	None	SP2-Unbound	P 3	170	1-168	2020-04-30	Other	343.5020	0.0057	Unbound	Unbound	22,23,26,42,149,151,152,153,154,157	GDP,MG	None	None	None	None	None	None	None	None	None	None	GDP	MG	None	None	None	None	STP	XRAY	1.840	0.135	GMTEYKLVVVGADGVGKSALTIQLIQNHFVDEYDPTIEDSYRKQVVIDGETCLLDILDTAGQEEYSAMRDQYMRTGEGFLCVFAINNTKSFEDIHHYREQIKRVQDSEDVPMVLVGNKCDLPSRTVDTKQAQDLARSYGIPFIETSAKTRQGVDDAFYTLVREIRKHKEK	True	84.930	84.930	89.300	90.000	90.000	120.000	/Users/mitchellparker/Desktop/rascore_build/core/6ws4D_core.cif	/Users/mitchellparker/Desktop/rascore_build/rcsb/6ws4.cif.gz	/Users/mitchellparker/Desktop/rascore_build/renum/6ws4_renum.cif	/Users/mitchellparker/Desktop/rascore_build/rcsb_assembly/6ws4-assembly-1.cif.gz	/Users/mitchellparker/Desktop/rascore_build/renum_assembly/6ws4-assembly-1_renum.cif	/Users/mitchellparker/Desktop/rascore_build/sifts/6ws4.xml.gz	/Users/mitchellparker/Desktop/rascore_build/pocket/6ws4D_3_pocket.pdb
6ws4D	6ws4	0	D	Y32out.2P-OFF	Outlier	Y32out	Y71out	P 3 (CF5)	6ws4D4	4	GTPase KRas	RASK_HUMAN	P01116-2	G12D,K104Q	G12,K104	KRAS	2P	G12D	None	None	None	None	SP2-Unbound	P 3	170	1-168	2020-04-30	Other	184.5105	0.0273	Unbound	Unbound	75,76,104,106,108,109,110,163,166	GDP,MG	None	None	None	None	None	None	None	None	None	None	GDP	MG	None	None	None	None	STP	XRAY	1.840	0.135	GMTEYKLVVVGADGVGKSALTIQLIQNHFVDEYDPTIEDSYRKQVVIDGETCLLDILDTAGQEEYSAMRDQYMRTGEGFLCVFAINNTKSFEDIHHYREQIKRVQDSEDVPMVLVGNKCDLPSRTVDTKQAQDLARSYGIPFIETSAKTRQGVDDAFYTLVREIRKHKEK	True	84.930	84.930	89.300	90.000	90.000	120.000	/Users/mitchellparker/Desktop/rascore_build/core/6ws4D_core.cif	/Users/mitchellparker/Desktop/rascore_build/rcsb/6ws4.cif.gz	/Users/mitchellparker/Desktop/rascore_build/renum/6ws4_renum.cif	/Users/mitchellparker/Desktop/rascore_build/rcsb_assembly/6ws4-assembly-1.cif.gz	/Users/mitchellparker/Desktop/rascore_build/renum_assembly/6ws4-assembly-1_renum.cif	/Users/mitchellparker/Desktop/rascore_build/sifts/6ws4.xml.gz	/Users/mitchellparker/Desktop/rascore_build/pocket/6ws4D_4_pocket.pdb
6ws4D	6ws4	0	D	Y32out.2P-OFF	Outlier	Y32out	Y71out	P 3 (CF5)	6ws4D5	5	GTPase KRas	RASK_HUMAN	P01116-2	G12D,K104Q	G12,K104	KRAS	2P	G12D	None	None	None	None	SP2-Unbound	P 3	170	1-168	2020-04-30	Other	269.1055	0.0002	Unbound	Unbound	131,134,135,139,141	GDP,MG	None	None	None	None	None	None	None	None	None	None	GDP	MG	None	None	None	None	STP	XRAY	1.840	0.135	GMTEYKLVVVGADGVGKSALTIQLIQNHFVDEYDPTIEDSYRKQVVIDGETCLLDILDTAGQEEYSAMRDQYMRTGEGFLCVFAINNTKSFEDIHHYREQIKRVQDSEDVPMVLVGNKCDLPSRTVDTKQAQDLARSYGIPFIETSAKTRQGVDDAFYTLVREIRKHKEK	True	84.930	84.930	89.300	90.000	90.000	120.000	/Users/mitchellparker/Desktop/rascore_build/core/6ws4D_core.cif	/Users/mitchellparker/Desktop/rascore_build/rcsb/6ws4.cif.gz	/Users/mitchellparker/Desktop/rascore_build/renum/6ws4_renum.cif	/Users/mitchellparker/Desktop/rascore_build/rcsb_assembly/6ws4-assembly-1.cif.gz	/Users/mitchellparker/Desktop/rascore_build/renum_assembly/6ws4-assembly-1_renum.cif	/Users/mitchellparker/Desktop/rascore_build/sifts/6ws4.xml.gz	/Users/mitchellparker/Desktop/rascore_build/pocket/6ws4D_5_pocket.pdb
6ws4D	6ws4	0	D	Y32out.2P-OFF	Outlier	Y32out	Y71out	P 3 (CF5)	6ws4D6	6	GTPase KRas	RASK_HUMAN	P01116-2	G12D,K104Q	G12,K104	KRAS	2P	G12D	None	None	None	None	SP2-Unbound	P 3	170	1-168	2020-04-30	Other	244.0276	0.0001	Unbound	Unbound	97,107,108,109,110,111,137,138,139,162,165,166	GDP,MG	None	None	None	None	None	None	None	None	None	None	GDP	MG	None	None	None	None	STP	XRAY	1.840	0.135	GMTEYKLVVVGADGVGKSALTIQLIQNHFVDEYDPTIEDSYRKQVVIDGETCLLDILDTAGQEEYSAMRDQYMRTGEGFLCVFAINNTKSFEDIHHYREQIKRVQDSEDVPMVLVGNKCDLPSRTVDTKQAQDLARSYGIPFIETSAKTRQGVDDAFYTLVREIRKHKEK	True	84.930	84.930	89.300	90.000	90.000	120.000	/Users/mitchellparker/Desktop/rascore_build/core/6ws4D_core.cif	/Users/mitchellparker/Desktop/rascore_build/rcsb/6ws4.cif.gz	/Users/mitchellparker/Desktop/rascore_build/renum/6ws4_renum.cif	/Users/mitchellparker/Desktop/rascore_build/rcsb_assembly/6ws4-assembly-1.cif.gz	/Users/mitchellparker/Desktop/rascore_build/renum_assembly/6ws4-assembly-1_renum.cif	/Users/mitchellparker/Desktop/rascore_build/sifts/6ws4.xml.gz	/Users/mitchellparker/Desktop/rascore_build/pocket/6ws4D_6_pocket.pdb
6xguA	6xgu	0	A	Y32in.3P-ON	Y71in.3P-R	Y32in	Y71in	P 6 2 2 (CF1)	6xguA2	2	GTPase KRas	RASK_HUMAN	P01116-2	Q61R	Q61	KRAS	3P	Other	None	None	Effector	None	SP2-Unbound	P 6 2 2	170	1-168	2020-06-18	Other	346.1857	0.0045	Unbound	Unbound	73,74,75,76,104,106,108,109,110,163,166,167	GNP,MG,ZN	RAF proto-oncogene serine/threonine-protein kinase	None	B:36,37,41,39,40,38,33,31,25,24,21,43,50,48,45,157,47,46,153,44,42,23,149,26	RAF1_HUMAN	None	None	None	RBD	None	B	GNP	MG,ZN	None	GOL	None	None	STP	XRAY	2.700	0.192	GMTEYKLVVVGAGGVGKSALTIQLIQNHFVDEYDPTIEDSYRKQVVIDGETCLLDILDTAGREEYSAMRDQYMRTGEGFLCVFAINNTKSFEDIHHYREQIKRVKDSEDVPMVLVGNKCDLPSRTVDTKQAQDLARSYGIPFIETSAKTRQGVDDAFYTLVREIRKHKEK	True	132.320	132.320	89.910	90.000	90.000	120.000	/Users/mitchellparker/Desktop/rascore_build/core/6xguA_core.cif	/Users/mitchellparker/Desktop/rascore_build/rcsb/6xgu.cif.gz	/Users/mitchellparker/Desktop/rascore_build/renum/6xgu_renum.cif	/Users/mitchellparker/Desktop/rascore_build/rcsb_assembly/6xgu-assembly-1.cif.gz	/Users/mitchellparker/Desktop/rascore_build/renum_assembly/6xgu-assembly-1_renum.cif	/Users/mitchellparker/Desktop/rascore_build/sifts/6xgu.xml.gz	/Users/mitchellparker/Desktop/rascore_build/pocket/6xguA_2_pocket.pdb
6xguA	6xgu	0	A	Y32in.3P-ON	Y71in.3P-R	Y32in	Y71in	P 6 2 2 (CF1)	6xguA3	3	GTPase KRas	RASK_HUMAN	P01116-2	Q61R	Q61	KRAS	3P	Other	None	None	Effector	None	SP2-Unbound	P 6 2 2	170	1-168	2020-06-18	Other	243.3847	0.0004	Unbound	Unbound	98,101,102,105,106,107	GNP,MG,ZN	RAF proto-oncogene serine/threonine-protein kinase	None	B:36,37,41,39,40,38,33,31,25,24,21,43,50,48,45,157,47,46,153,44,42,23,149,26	RAF1_HUMAN	None	None	None	RBD	None	B	GNP	MG,ZN	None	GOL	None	None	STP	XRAY	2.700	0.192	GMTEYKLVVVGAGGVGKSALTIQLIQNHFVDEYDPTIEDSYRKQVVIDGETCLLDILDTAGREEYSAMRDQYMRTGEGFLCVFAINNTKSFEDIHHYREQIKRVKDSEDVPMVLVGNKCDLPSRTVDTKQAQDLARSYGIPFIETSAKTRQGVDDAFYTLVREIRKHKEK	True	132.320	132.320	89.910	90.000	90.000	120.000	/Users/mitchellparker/Desktop/rascore_build/core/6xguA_core.cif	/Users/mitchellparker/Desktop/rascore_build/rcsb/6xgu.cif.gz	/Users/mitchellparker/Desktop/rascore_build/renum/6xgu_renum.cif	/Users/mitchellparker/Desktop/rascore_build/rcsb_assembly/6xgu-assembly-1.cif.gz	/Users/mitchellparker/Desktop/rascore_build/renum_assembly/6xgu-assembly-1_renum.cif	/Users/mitchellparker/Desktop/rascore_build/sifts/6xgu.xml.gz	/Users/mitchellparker/Desktop/rascore_build/pocket/6xguA_3_pocket.pdb
6xguA	6xgu	0	A	Y32in.3P-ON	Y71in.3P-R	Y32in	Y71in	P 6 2 2 (CF1)	6xguA4	4	GTPase KRas	RASK_HUMAN	P01116-2	Q61R	Q61	KRAS	3P	Other	None	None	Effector	None	SP2-Unbound	P 6 2 2	170	1-168	2020-06-18	SP2	442.7613	0.1820	Unbound	Unbound	11,12,59,60,61,62,64,65,68,71,86,88,92,95,96,99	GNP,MG,ZN	RAF proto-oncogene serine/threonine-protein kinase	None	B:36,37,41,39,40,38,33,31,25,24,21,43,50,48,45,157,47,46,153,44,42,23,149,26	RAF1_HUMAN	None	None	None	RBD	None	B	GNP	MG,ZN	None	GOL	None	None	STP	XRAY	2.700	0.192	GMTEYKLVVVGAGGVGKSALTIQLIQNHFVDEYDPTIEDSYRKQVVIDGETCLLDILDTAGREEYSAMRDQYMRTGEGFLCVFAINNTKSFEDIHHYREQIKRVKDSEDVPMVLVGNKCDLPSRTVDTKQAQDLARSYGIPFIETSAKTRQGVDDAFYTLVREIRKHKEK	True	132.320	132.320	89.910	90.000	90.000	120.000	/Users/mitchellparker/Desktop/rascore_build/core/6xguA_core.cif	/Users/mitchellparker/Desktop/rascore_build/rcsb/6xgu.cif.gz	/Users/mitchellparker/Desktop/rascore_build/renum/6xgu_renum.cif	/Users/mitchellparker/Desktop/rascore_build/rcsb_assembly/6xgu-assembly-1.cif.gz	/Users/mitchellparker/Desktop/rascore_build/renum_assembly/6xgu-assembly-1_renum.cif	/Users/mitchellparker/Desktop/rascore_build/sifts/6xgu.xml.gz	/Users/mitchellparker/Desktop/rascore_build/pocket/6xguA_4_pocket.pdb
6xguA	6xgu	0	A	Y32in.3P-ON	Y71in.3P-R	Y32in	Y71in	P 6 2 2 (CF1)	6xguA5	5	GTPase KRas	RASK_HUMAN	P01116-2	Q61R	Q61	KRAS	3P	Other	None	None	Effector	None	SP2-Unbound	P 6 2 2	170	1-168	2020-06-18	Other	256.6088	0.0063	Unbound	Unbound	2,3,4,76,163,164,167,168	GNP,MG,ZN	RAF proto-oncogene serine/threonine-protein kinase	None	B:36,37,41,39,40,38,33,31,25,24,21,43,50,48,45,157,47,46,153,44,42,23,149,26	RAF1_HUMAN	None	None	None	RBD	None	B	GNP	MG,ZN	None	GOL	None	None	STP	XRAY	2.700	0.192	GMTEYKLVVVGAGGVGKSALTIQLIQNHFVDEYDPTIEDSYRKQVVIDGETCLLDILDTAGREEYSAMRDQYMRTGEGFLCVFAINNTKSFEDIHHYREQIKRVKDSEDVPMVLVGNKCDLPSRTVDTKQAQDLARSYGIPFIETSAKTRQGVDDAFYTLVREIRKHKEK	True	132.320	132.320	89.910	90.000	90.000	120.000	/Users/mitchellparker/Desktop/rascore_build/core/6xguA_core.cif	/Users/mitchellparker/Desktop/rascore_build/rcsb/6xgu.cif.gz	/Users/mitchellparker/Desktop/rascore_build/renum/6xgu_renum.cif	/Users/mitchellparker/Desktop/rascore_build/rcsb_assembly/6xgu-assembly-1.cif.gz	/Users/mitchellparker/Desktop/rascore_build/renum_assembly/6xgu-assembly-1_renum.cif	/Users/mitchellparker/Desktop/rascore_build/sifts/6xgu.xml.gz	/Users/mitchellparker/Desktop/rascore_build/pocket/6xguA_5_pocket.pdb
6xgvA	6xgv	0	A	Outlier	Outlier	Disordered	Y71out	P 6 2 2 (CF1)	6xgvA3	3	GTPase KRas	RASK_HUMAN	P01116-2	G13D	G13	KRAS	3P	G13D	None	None	Effector	None	SP2-Unbound	P 6 2 2	170	1-168	2020-06-18	Other	501.6788	0.0009	Unbound	Unbound	131,134,135,138,139,140,141,162,165	GNP,MG,ZN	RAF proto-oncogene serine/threonine-protein kinase	None	B:36,37,41,39,40,38,56,33,25,24,21,43,50,48,45,157,47,46,153,44,149,42,23,26,35,70,71,52	RAF1_HUMAN	None	None	None	RBD	None	B	GNP	MG,ZN	None	None	None	None	STP	XRAY	2.110	0.186	GMTEYKLVVVGAGDVGKSALTIQLIQNHFVDEYDPTIEDSYRKQVVIDGETCLLDILDTAGQEEYSAMRDQYMRTGEGFLCVFAINNTKSFEDIHHYREQIKRVKDSEDVPMVLVGNKCDLPSRTVDTKQAQDLARSYGIPFIETSAKTRQGVDDAFYTLVREIRKHKEK	True	132.750	132.750	89.480	90.000	90.000	120.000	/Users/mitchellparker/Desktop/rascore_build/core/6xgvA_core.cif	/Users/mitchellparker/Desktop/rascore_build/rcsb/6xgv.cif.gz	/Users/mitchellparker/Desktop/rascore_build/renum/6xgv_renum.cif	/Users/mitchellparker/Desktop/rascore_build/rcsb_assembly/6xgv-assembly-1.cif.gz	/Users/mitchellparker/Desktop/rascore_build/renum_assembly/6xgv-assembly-1_renum.cif	/Users/mitchellparker/Desktop/rascore_build/sifts/6xgv.xml.gz	/Users/mitchellparker/Desktop/rascore_build/pocket/6xgvA_3_pocket.pdb
6xgvA	6xgv	0	A	Outlier	Outlier	Disordered	Y71out	P 6 2 2 (CF1)	6xgvA4	4	GTPase KRas	RASK_HUMAN	P01116-2	G13D	G13	KRAS	3P	G13D	None	None	Effector	None	SP2-Unbound	P 6 2 2	170	1-168	2020-06-18	Other	325.1454	0.0391	Unbound	Unbound	74,75,76,104,106,108,109,110,163,166,167	GNP,MG,ZN	RAF proto-oncogene serine/threonine-protein kinase	None	B:36,37,41,39,40,38,56,33,25,24,21,43,50,48,45,157,47,46,153,44,149,42,23,26,35,70,71,52	RAF1_HUMAN	None	None	None	RBD	None	B	GNP	MG,ZN	None	None	None	None	STP	XRAY	2.110	0.186	GMTEYKLVVVGAGDVGKSALTIQLIQNHFVDEYDPTIEDSYRKQVVIDGETCLLDILDTAGQEEYSAMRDQYMRTGEGFLCVFAINNTKSFEDIHHYREQIKRVKDSEDVPMVLVGNKCDLPSRTVDTKQAQDLARSYGIPFIETSAKTRQGVDDAFYTLVREIRKHKEK	True	132.750	132.750	89.480	90.000	90.000	120.000	/Users/mitchellparker/Desktop/rascore_build/core/6xgvA_core.cif	/Users/mitchellparker/Desktop/rascore_build/rcsb/6xgv.cif.gz	/Users/mitchellparker/Desktop/rascore_build/renum/6xgv_renum.cif	/Users/mitchellparker/Desktop/rascore_build/rcsb_assembly/6xgv-assembly-1.cif.gz	/Users/mitchellparker/Desktop/rascore_build/renum_assembly/6xgv-assembly-1_renum.cif	/Users/mitchellparker/Desktop/rascore_build/sifts/6xgv.xml.gz	/Users/mitchellparker/Desktop/rascore_build/pocket/6xgvA_4_pocket.pdb
6xgvA	6xgv	0	A	Outlier	Outlier	Disordered	Y71out	P 6 2 2 (CF1)	6xgvA5	5	GTPase KRas	RASK_HUMAN	P01116-2	G13D	G13	KRAS	3P	G13D	None	None	Effector	None	SP2-Unbound	P 6 2 2	170	1-168	2020-06-18	SP2	482.5650	0.0009	Unbound	Unbound	60,62,65,68,69,88,92,95,96,98,99,102	GNP,MG,ZN	RAF proto-oncogene serine/threonine-protein kinase	None	B:36,37,41,39,40,38,56,33,25,24,21,43,50,48,45,157,47,46,153,44,149,42,23,26,35,70,71,52	RAF1_HUMAN	None	None	None	RBD	None	B	GNP	MG,ZN	None	None	None	None	STP	XRAY	2.110	0.186	GMTEYKLVVVGAGDVGKSALTIQLIQNHFVDEYDPTIEDSYRKQVVIDGETCLLDILDTAGQEEYSAMRDQYMRTGEGFLCVFAINNTKSFEDIHHYREQIKRVKDSEDVPMVLVGNKCDLPSRTVDTKQAQDLARSYGIPFIETSAKTRQGVDDAFYTLVREIRKHKEK	True	132.750	132.750	89.480	90.000	90.000	120.000	/Users/mitchellparker/Desktop/rascore_build/core/6xgvA_core.cif	/Users/mitchellparker/Desktop/rascore_build/rcsb/6xgv.cif.gz	/Users/mitchellparker/Desktop/rascore_build/renum/6xgv_renum.cif	/Users/mitchellparker/Desktop/rascore_build/rcsb_assembly/6xgv-assembly-1.cif.gz	/Users/mitchellparker/Desktop/rascore_build/renum_assembly/6xgv-assembly-1_renum.cif	/Users/mitchellparker/Desktop/rascore_build/sifts/6xgv.xml.gz	/Users/mitchellparker/Desktop/rascore_build/pocket/6xgvA_5_pocket.pdb
6xgvA	6xgv	0	A	Outlier	Outlier	Disordered	Y71out	P 6 2 2 (CF1)	6xgvA6	6	GTPase KRas	RASK_HUMAN	P01116-2	G13D	G13	KRAS	3P	G13D	None	None	Effector	None	SP2-Unbound	P 6 2 2	170	1-168	2020-06-18	Other	239.3273	0.0007	Unbound	Unbound	107,108,109,110,137,138,139,162,165,166	GNP,MG,ZN	RAF proto-oncogene serine/threonine-protein kinase	None	B:36,37,41,39,40,38,56,33,25,24,21,43,50,48,45,157,47,46,153,44,149,42,23,26,35,70,71,52	RAF1_HUMAN	None	None	None	RBD	None	B	GNP	MG,ZN	None	None	None	None	STP	XRAY	2.110	0.186	GMTEYKLVVVGAGDVGKSALTIQLIQNHFVDEYDPTIEDSYRKQVVIDGETCLLDILDTAGQEEYSAMRDQYMRTGEGFLCVFAINNTKSFEDIHHYREQIKRVKDSEDVPMVLVGNKCDLPSRTVDTKQAQDLARSYGIPFIETSAKTRQGVDDAFYTLVREIRKHKEK	True	132.750	132.750	89.480	90.000	90.000	120.000	/Users/mitchellparker/Desktop/rascore_build/core/6xgvA_core.cif	/Users/mitchellparker/Desktop/rascore_build/rcsb/6xgv.cif.gz	/Users/mitchellparker/Desktop/rascore_build/renum/6xgv_renum.cif	/Users/mitchellparker/Desktop/rascore_build/rcsb_assembly/6xgv-assembly-1.cif.gz	/Users/mitchellparker/Desktop/rascore_build/renum_assembly/6xgv-assembly-1_renum.cif	/Users/mitchellparker/Desktop/rascore_build/sifts/6xgv.xml.gz	/Users/mitchellparker/Desktop/rascore_build/pocket/6xgvA_6_pocket.pdb
6xgvA	6xgv	0	A	Outlier	Outlier	Disordered	Y71out	P 6 2 2 (CF1)	6xgvA7	7	GTPase KRas	RASK_HUMAN	P01116-2	G13D	G13	KRAS	3P	G13D	None	None	Effector	None	SP2-Unbound	P 6 2 2	170	1-168	2020-06-18	Other	132.5868	0.0002	Unbound	Unbound	12,13,14,83,85,86,117	GNP,MG,ZN	RAF proto-oncogene serine/threonine-protein kinase	None	B:36,37,41,39,40,38,56,33,25,24,21,43,50,48,45,157,47,46,153,44,149,42,23,26,35,70,71,52	RAF1_HUMAN	None	None	None	RBD	None	B	GNP	MG,ZN	None	None	None	None	STP	XRAY	2.110	0.186	GMTEYKLVVVGAGDVGKSALTIQLIQNHFVDEYDPTIEDSYRKQVVIDGETCLLDILDTAGQEEYSAMRDQYMRTGEGFLCVFAINNTKSFEDIHHYREQIKRVKDSEDVPMVLVGNKCDLPSRTVDTKQAQDLARSYGIPFIETSAKTRQGVDDAFYTLVREIRKHKEK	True	132.750	132.750	89.480	90.000	90.000	120.000	/Users/mitchellparker/Desktop/rascore_build/core/6xgvA_core.cif	/Users/mitchellparker/Desktop/rascore_build/rcsb/6xgv.cif.gz	/Users/mitchellparker/Desktop/rascore_build/renum/6xgv_renum.cif	/Users/mitchellparker/Desktop/rascore_build/rcsb_assembly/6xgv-assembly-1.cif.gz	/Users/mitchellparker/Desktop/rascore_build/renum_assembly/6xgv-assembly-1_renum.cif	/Users/mitchellparker/Desktop/rascore_build/sifts/6xgv.xml.gz	/Users/mitchellparker/Desktop/rascore_build/pocket/6xgvA_7_pocket.pdb
6xgvA	6xgv	0	A	Outlier	Outlier	Disordered	Y71out	P 6 2 2 (CF1)	6xgvA8	8	GTPase KRas	RASK_HUMAN	P01116-2	G13D	G13	KRAS	3P	G13D	None	None	Effector	None	SP2-Unbound	P 6 2 2	170	1-168	2020-06-18	Other	248.0648	0.0005	Unbound	Unbound	118,119,123,143,145,148,150	GNP,MG,ZN	RAF proto-oncogene serine/threonine-protein kinase	None	B:36,37,41,39,40,38,56,33,25,24,21,43,50,48,45,157,47,46,153,44,149,42,23,26,35,70,71,52	RAF1_HUMAN	None	None	None	RBD	None	B	GNP	MG,ZN	None	None	None	None	STP	XRAY	2.110	0.186	GMTEYKLVVVGAGDVGKSALTIQLIQNHFVDEYDPTIEDSYRKQVVIDGETCLLDILDTAGQEEYSAMRDQYMRTGEGFLCVFAINNTKSFEDIHHYREQIKRVKDSEDVPMVLVGNKCDLPSRTVDTKQAQDLARSYGIPFIETSAKTRQGVDDAFYTLVREIRKHKEK	True	132.750	132.750	89.480	90.000	90.000	120.000	/Users/mitchellparker/Desktop/rascore_build/core/6xgvA_core.cif	/Users/mitchellparker/Desktop/rascore_build/rcsb/6xgv.cif.gz	/Users/mitchellparker/Desktop/rascore_build/renum/6xgv_renum.cif	/Users/mitchellparker/Desktop/rascore_build/rcsb_assembly/6xgv-assembly-1.cif.gz	/Users/mitchellparker/Desktop/rascore_build/renum_assembly/6xgv-assembly-1_renum.cif	/Users/mitchellparker/Desktop/rascore_build/sifts/6xgv.xml.gz	/Users/mitchellparker/Desktop/rascore_build/pocket/6xgvA_8_pocket.pdb
6xhaA	6xha	0	A	Y32in.3P-ON	Y71in.3P-R	Y32in	Y71in	P 6 2 2 (CF1)	6xhaA2	2	GTPase KRas	RASK_HUMAN	P01116-2	G12V,C118S	G12,C118	KRAS	3P	G12V	None	None	Effector	None	Other-Unbound	P 6 2 2	170	1-168	2020-06-18	Other	595.9953	0.0964	Unbound	Unbound	73,74,75,76,104,106,108,109,110,163,166,167	GNP,GOL,MG,CL	RAF proto-oncogene serine/threonine-protein kinase	None	B:37,41,39,40,38,56,36,25,24,21,43,50,45,48,157,47,46,153,44,42,149,23,26	RAF1_HUMAN	None	None	None	RBD	None	B	GNP	MG	None	CL,GOL	None	None	STP	XRAY	2.870	0.222	GMTEYKLVVVGAVGVGKSALTIQLIQNHFVDEYDPTIEDSYRKQVVIDGETCLLDILDTAGQEEYSAMRDQYMRTGEGFLCVFAINNTKSFEDIHHYREQIKRVKDSEDVPMVLVGNKSDLPSRTVDTKQAQDLARSYGIPFIETSAKTRQGVDDAFYTLVREIRKHKEK	True	132.100	132.100	90.170	90.000	90.000	120.000	/Users/mitchellparker/Desktop/rascore_build/core/6xhaA_core.cif	/Users/mitchellparker/Desktop/rascore_build/rcsb/6xha.cif.gz	/Users/mitchellparker/Desktop/rascore_build/renum/6xha_renum.cif	/Users/mitchellparker/Desktop/rascore_build/rcsb_assembly/6xha-assembly-1.cif.gz	/Users/mitchellparker/Desktop/rascore_build/renum_assembly/6xha-assembly-1_renum.cif	/Users/mitchellparker/Desktop/rascore_build/sifts/6xha.xml.gz	/Users/mitchellparker/Desktop/rascore_build/pocket/6xhaA_2_pocket.pdb
6xhaA	6xha	0	A	Y32in.3P-ON	Y71in.3P-R	Y32in	Y71in	P 6 2 2 (CF1)	6xhaA3	3	GTPase KRas	RASK_HUMAN	P01116-2	G12V,C118S	G12,C118	KRAS	3P	G12V	None	None	Effector	None	Other-Unbound	P 6 2 2	170	1-168	2020-06-18	Other	177.9197	0.0003	Unbound	Unbound	108,109,110,111,137,138,139,162,165,166	GNP,GOL,MG,CL	RAF proto-oncogene serine/threonine-protein kinase	None	B:37,41,39,40,38,56,36,25,24,21,43,50,45,48,157,47,46,153,44,42,149,23,26	RAF1_HUMAN	None	None	None	RBD	None	B	GNP	MG	None	CL,GOL	None	None	STP	XRAY	2.870	0.222	GMTEYKLVVVGAVGVGKSALTIQLIQNHFVDEYDPTIEDSYRKQVVIDGETCLLDILDTAGQEEYSAMRDQYMRTGEGFLCVFAINNTKSFEDIHHYREQIKRVKDSEDVPMVLVGNKSDLPSRTVDTKQAQDLARSYGIPFIETSAKTRQGVDDAFYTLVREIRKHKEK	True	132.100	132.100	90.170	90.000	90.000	120.000	/Users/mitchellparker/Desktop/rascore_build/core/6xhaA_core.cif	/Users/mitchellparker/Desktop/rascore_build/rcsb/6xha.cif.gz	/Users/mitchellparker/Desktop/rascore_build/renum/6xha_renum.cif	/Users/mitchellparker/Desktop/rascore_build/rcsb_assembly/6xha-assembly-1.cif.gz	/Users/mitchellparker/Desktop/rascore_build/renum_assembly/6xha-assembly-1_renum.cif	/Users/mitchellparker/Desktop/rascore_build/sifts/6xha.xml.gz	/Users/mitchellparker/Desktop/rascore_build/pocket/6xhaA_3_pocket.pdb
6xhbA	6xhb	0	A	Y32in.3P-ON	Disordered	Y32in	Y71in	P 6 2 2 (CF1)	6xhbA1	1	GTPase KRas	RASK_HUMAN	P01116-2	WT	WT	KRAS	3P	WT	None	None	Effector	None	Other-Unbound	P 6 2 2	170	1-63:66-168	2020-06-18	Other	146.5581	0.0033	Unbound	Unbound	36,37,56,57,58,59,62,63,67,71	GNP,MG,CL,CL	RAF proto-oncogene serine/threonine-protein kinase	None	B:36,37,41,39,40,38,56,33,31,29,25,24,21,43,50,48,45,157,47,46,153,44,42,23,149,26,35	RAF1_HUMAN	None	None	None	RBD	None	B	GNP	MG	None	CL	None	None	STP	XRAY	2.500	0.190	GMTEYKLVVVGAGGVGKSALTIQLIQNHFVDEYDPTIEDSYRKQVVIDGETCLLDILDTAGQEEYSAMRDQYMRTGEGFLCVFAINNTKSFEDIHHYREQIKRVKDSEDVPMVLVGNKCDLPSRTVDTKQAQDLARSYGIPFIETSAKTRQGVDDAFYTLVREIRKHKEK	True	133.984	133.984	89.275	90.000	90.000	120.000	/Users/mitchellparker/Desktop/rascore_build/core/6xhbA_core.cif	/Users/mitchellparker/Desktop/rascore_build/rcsb/6xhb.cif.gz	/Users/mitchellparker/Desktop/rascore_build/renum/6xhb_renum.cif	/Users/mitchellparker/Desktop/rascore_build/rcsb_assembly/6xhb-assembly-1.cif.gz	/Users/mitchellparker/Desktop/rascore_build/renum_assembly/6xhb-assembly-1_renum.cif	/Users/mitchellparker/Desktop/rascore_build/sifts/6xhb.xml.gz	/Users/mitchellparker/Desktop/rascore_build/pocket/6xhbA_1_pocket.pdb
6xhbA	6xhb	0	A	Y32in.3P-ON	Disordered	Y32in	Y71in	P 6 2 2 (CF1)	6xhbA2	2	GTPase KRas	RASK_HUMAN	P01116-2	WT	WT	KRAS	3P	WT	None	None	Effector	None	Other-Unbound	P 6 2 2	170	1-63:66-168	2020-06-18	Other	261.2133	0.0001	Unbound	Unbound	131,134,135,139,141	GNP,MG,CL,CL	RAF proto-oncogene serine/threonine-protein kinase	None	B:36,37,41,39,40,38,56,33,31,29,25,24,21,43,50,48,45,157,47,46,153,44,42,23,149,26,35	RAF1_HUMAN	None	None	None	RBD	None	B	GNP	MG	None	CL	None	None	STP	XRAY	2.500	0.190	GMTEYKLVVVGAGGVGKSALTIQLIQNHFVDEYDPTIEDSYRKQVVIDGETCLLDILDTAGQEEYSAMRDQYMRTGEGFLCVFAINNTKSFEDIHHYREQIKRVKDSEDVPMVLVGNKCDLPSRTVDTKQAQDLARSYGIPFIETSAKTRQGVDDAFYTLVREIRKHKEK	True	133.984	133.984	89.275	90.000	90.000	120.000	/Users/mitchellparker/Desktop/rascore_build/core/6xhbA_core.cif	/Users/mitchellparker/Desktop/rascore_build/rcsb/6xhb.cif.gz	/Users/mitchellparker/Desktop/rascore_build/renum/6xhb_renum.cif	/Users/mitchellparker/Desktop/rascore_build/rcsb_assembly/6xhb-assembly-1.cif.gz	/Users/mitchellparker/Desktop/rascore_build/renum_assembly/6xhb-assembly-1_renum.cif	/Users/mitchellparker/Desktop/rascore_build/sifts/6xhb.xml.gz	/Users/mitchellparker/Desktop/rascore_build/pocket/6xhbA_2_pocket.pdb
6xhbA	6xhb	0	A	Y32in.3P-ON	Disordered	Y32in	Y71in	P 6 2 2 (CF1)	6xhbA3	3	GTPase KRas	RASK_HUMAN	P01116-2	WT	WT	KRAS	3P	WT	None	None	Effector	None	Other-Unbound	P 6 2 2	170	1-63:66-168	2020-06-18	Other	274.3452	0.0153	Unbound	Unbound	75,76,104,106,108,109,110,163,166,167	GNP,MG,CL,CL	RAF proto-oncogene serine/threonine-protein kinase	None	B:36,37,41,39,40,38,56,33,31,29,25,24,21,43,50,48,45,157,47,46,153,44,42,23,149,26,35	RAF1_HUMAN	None	None	None	RBD	None	B	GNP	MG	None	CL	None	None	STP	XRAY	2.500	0.190	GMTEYKLVVVGAGGVGKSALTIQLIQNHFVDEYDPTIEDSYRKQVVIDGETCLLDILDTAGQEEYSAMRDQYMRTGEGFLCVFAINNTKSFEDIHHYREQIKRVKDSEDVPMVLVGNKCDLPSRTVDTKQAQDLARSYGIPFIETSAKTRQGVDDAFYTLVREIRKHKEK	True	133.984	133.984	89.275	90.000	90.000	120.000	/Users/mitchellparker/Desktop/rascore_build/core/6xhbA_core.cif	/Users/mitchellparker/Desktop/rascore_build/rcsb/6xhb.cif.gz	/Users/mitchellparker/Desktop/rascore_build/renum/6xhb_renum.cif	/Users/mitchellparker/Desktop/rascore_build/rcsb_assembly/6xhb-assembly-1.cif.gz	/Users/mitchellparker/Desktop/rascore_build/renum_assembly/6xhb-assembly-1_renum.cif	/Users/mitchellparker/Desktop/rascore_build/sifts/6xhb.xml.gz	/Users/mitchellparker/Desktop/rascore_build/pocket/6xhbA_3_pocket.pdb
6xi7A	6xi7	0	A	Y32in.3P-ON	Y71in.3P-SP12-A	Y32in	Y71in	P 63 2 2 (CF1)	6xi7A3	3	Isoform 2B of GTPase KRas	RASK_HUMAN	P01116-2	C118S	C118	None	3P	Other	None	None	Effector	Homodimer	SP2-Unbound	P 63 2 2	170	1-169	2020-06-19	SP2	294.6754	0.0081	Unbound	Unbound	65,68,92,95,96,99,102	GNP,MG,SO4,SO4,CL,CL,CL	RAF proto-oncogene serine/threonine-protein kinase	None	B:36,37,41,39,40,38,56,33,31,29,25,24,43,48,45,157,47,46,153,44,23,149,42,26,35,161,52	RAF1_HUMAN	None	None	None	RBD	None	B	GNP	MG	None	CL,SO4	None	None	STP	XRAY	1.950	0.206	GMTEYKLVVVGAGGVGKSALTIQLIQNHFVDEYDPTIEDSYRKQVVIDGETCLLDILDTAGQEEYSAMRDQYMRTGEGFLCVFAINNTKSFEDIHHYREQIKRVKDSEDVPMVLVGNKSDLPSRTVDTKQAQDLARSYGIPFIETSAKTRQGVDDAFYTLVREIRKHKEK	True	91.890	91.890	154.110	90.000	90.000	120.000	/Users/mitchellparker/Desktop/rascore_build/core/6xi7A_core.cif	/Users/mitchellparker/Desktop/rascore_build/rcsb/6xi7.cif.gz	/Users/mitchellparker/Desktop/rascore_build/renum/6xi7_renum.cif	/Users/mitchellparker/Desktop/rascore_build/rcsb_assembly/6xi7-assembly-1.cif.gz	/Users/mitchellparker/Desktop/rascore_build/renum_assembly/6xi7-assembly-1_renum.cif	/Users/mitchellparker/Desktop/rascore_build/sifts/6xi7.xml.gz	/Users/mitchellparker/Desktop/rascore_build/pocket/6xi7A_3_pocket.pdb
6xi7A	6xi7	0	A	Y32in.3P-ON	Y71in.3P-SP12-A	Y32in	Y71in	P 63 2 2 (CF1)	6xi7A4	4	Isoform 2B of GTPase KRas	RASK_HUMAN	P01116-2	C118S	C118	None	3P	Other	None	None	Effector	Homodimer	SP2-Unbound	P 63 2 2	170	1-169	2020-06-19	Other	339.7450	0.0009	Unbound	Unbound	97,107,108,109,110,137,138,139,162,165,166	GNP,MG,SO4,SO4,CL,CL,CL	RAF proto-oncogene serine/threonine-protein kinase	None	B:36,37,41,39,40,38,56,33,31,29,25,24,43,48,45,157,47,46,153,44,23,149,42,26,35,161,52	RAF1_HUMAN	None	None	None	RBD	None	B	GNP	MG	None	CL,SO4	None	None	STP	XRAY	1.950	0.206	GMTEYKLVVVGAGGVGKSALTIQLIQNHFVDEYDPTIEDSYRKQVVIDGETCLLDILDTAGQEEYSAMRDQYMRTGEGFLCVFAINNTKSFEDIHHYREQIKRVKDSEDVPMVLVGNKSDLPSRTVDTKQAQDLARSYGIPFIETSAKTRQGVDDAFYTLVREIRKHKEK	True	91.890	91.890	154.110	90.000	90.000	120.000	/Users/mitchellparker/Desktop/rascore_build/core/6xi7A_core.cif	/Users/mitchellparker/Desktop/rascore_build/rcsb/6xi7.cif.gz	/Users/mitchellparker/Desktop/rascore_build/renum/6xi7_renum.cif	/Users/mitchellparker/Desktop/rascore_build/rcsb_assembly/6xi7-assembly-1.cif.gz	/Users/mitchellparker/Desktop/rascore_build/renum_assembly/6xi7-assembly-1_renum.cif	/Users/mitchellparker/Desktop/rascore_build/sifts/6xi7.xml.gz	/Users/mitchellparker/Desktop/rascore_build/pocket/6xi7A_4_pocket.pdb
6xi7A	6xi7	0	A	Y32in.3P-ON	Y71in.3P-SP12-A	Y32in	Y71in	P 63 2 2 (CF1)	6xi7A5	5	Isoform 2B of GTPase KRas	RASK_HUMAN	P01116-2	C118S	C118	None	3P	Other	None	None	Effector	Homodimer	SP2-Unbound	P 63 2 2	170	1-169	2020-06-19	Other	270.4572	0.0002	Unbound	Unbound	131,134,135,139,141	GNP,MG,SO4,SO4,CL,CL,CL	RAF proto-oncogene serine/threonine-protein kinase	None	B:36,37,41,39,40,38,56,33,31,29,25,24,43,48,45,157,47,46,153,44,23,149,42,26,35,161,52	RAF1_HUMAN	None	None	None	RBD	None	B	GNP	MG	None	CL,SO4	None	None	STP	XRAY	1.950	0.206	GMTEYKLVVVGAGGVGKSALTIQLIQNHFVDEYDPTIEDSYRKQVVIDGETCLLDILDTAGQEEYSAMRDQYMRTGEGFLCVFAINNTKSFEDIHHYREQIKRVKDSEDVPMVLVGNKSDLPSRTVDTKQAQDLARSYGIPFIETSAKTRQGVDDAFYTLVREIRKHKEK	True	91.890	91.890	154.110	90.000	90.000	120.000	/Users/mitchellparker/Desktop/rascore_build/core/6xi7A_core.cif	/Users/mitchellparker/Desktop/rascore_build/rcsb/6xi7.cif.gz	/Users/mitchellparker/Desktop/rascore_build/renum/6xi7_renum.cif	/Users/mitchellparker/Desktop/rascore_build/rcsb_assembly/6xi7-assembly-1.cif.gz	/Users/mitchellparker/Desktop/rascore_build/renum_assembly/6xi7-assembly-1_renum.cif	/Users/mitchellparker/Desktop/rascore_build/sifts/6xi7.xml.gz	/Users/mitchellparker/Desktop/rascore_build/pocket/6xi7A_5_pocket.pdb
6yr8A	6yr8	0	A	Y32out.2P-OFF	Disordered	Y32out	Y71out	I 41 (CF1)	6yr8A1	1	GTPase KRas	RASK_HUMAN	P01116-2	WT	WT	KRAS	2P	WT	None	None	Binder	None	Other-Unbound	I 41	169	1-60:65-166	2020-04-19	Other	248.8681	0.0258	Unbound	Unbound	12,13,30,31,32,34	GDP,MG	Affimer K6	None	B:38,37,36,32,39,56,71,74,54,6,75,7,5,70,67,33,35	None	None	None	None	Binder	None	B	GDP	MG	None	None	None	None	STP	XRAY	1.900	0.213	GSHMTEYKLVVVGAGGVGKSALTIQLIQNHFVDEYDPTIEDSYRKQVVIDGETCLLDILDTAGQEEYSAMRDQYMRTGEGFLCVFAINNTKSFEDIHHYREQIKRVKDSEDVPMVLVGNKCDLPSRTVDTKQAQDLARSYGIPFIETSAKTRQGVDDAFYTLVREIRKH	True	71.574	71.574	144.390	90.000	90.000	90.000	/Users/mitchellparker/Desktop/rascore_build/core/6yr8A_core.cif	/Users/mitchellparker/Desktop/rascore_build/rcsb/6yr8.cif.gz	/Users/mitchellparker/Desktop/rascore_build/renum/6yr8_renum.cif	/Users/mitchellparker/Desktop/rascore_build/rcsb_assembly/6yr8-assembly-1.cif.gz	/Users/mitchellparker/Desktop/rascore_build/renum_assembly/6yr8-assembly-1_renum.cif	/Users/mitchellparker/Desktop/rascore_build/sifts/6yr8.xml.gz	/Users/mitchellparker/Desktop/rascore_build/pocket/6yr8A_1_pocket.pdb
6yxwA	6yxw	0	A	Y32out.2P-OFF	Y71out.2P-BINDER	Y32out	Y71out	P 1 21 1 (CF17)	6yxwA1	1	GTPase KRas	RASK_HUMAN	P01116-2	WT	WT	KRAS	2P	WT	None	None	Binder	None	SP12-Unbound	P 1 21 1	170	2-167	2020-05-04	Other	285.0043	0.0003	Unbound	Unbound	64,66,67,69,70,73	GDP,MG	Affimer K3	None	B:73,102,69,103,72,99,68,96,61,9,95,92,62,64,63,98	None	None	None	None	Binder	None	B	GDP	MG	None	None	None	None	STP	XRAY	2.060	0.238	GSHMTEYKLVVVGAGGVGKSALTIQLIQNHFVDEYDPTIEDSYRKQVVIDGETCLLDILDTAGQEEYSAMRDQYMRTGEGFLCVFAINNTKSFEDIHHYREQIKRVKDSEDVPMVLVGNKCDLPSRTVDTKQAQDLARSYGIPFIETSAKTRQGVDDAFYTLVREIRKHK	True	73.126	39.490	113.212	90.000	106.910	90.000	/Users/mitchellparker/Desktop/rascore_build/core/6yxwA_core.cif	/Users/mitchellparker/Desktop/rascore_build/rcsb/6yxw.cif.gz	/Users/mitchellparker/Desktop/rascore_build/renum/6yxw_renum.cif	/Users/mitchellparker/Desktop/rascore_build/rcsb_assembly/6yxw-assembly-1.cif.gz	/Users/mitchellparker/Desktop/rascore_build/renum_assembly/6yxw-assembly-1_renum.cif	/Users/mitchellparker/Desktop/rascore_build/sifts/6yxw.xml.gz	/Users/mitchellparker/Desktop/rascore_build/pocket/6yxwA_1_pocket.pdb
6yxwA	6yxw	0	A	Y32out.2P-OFF	Y71out.2P-BINDER	Y32out	Y71out	P 1 21 1 (CF17)	6yxwA2	2	GTPase KRas	RASK_HUMAN	P01116-2	WT	WT	KRAS	2P	WT	None	None	Binder	None	SP12-Unbound	P 1 21 1	170	2-167	2020-05-04	SP12	297.3160	0.0048	Unbound	Unbound	5,39,67,70,71,73,74	GDP,MG	Affimer K3	None	B:73,102,69,103,72,99,68,96,61,9,95,92,62,64,63,98	None	None	None	None	Binder	None	B	GDP	MG	None	None	None	None	STP	XRAY	2.060	0.238	GSHMTEYKLVVVGAGGVGKSALTIQLIQNHFVDEYDPTIEDSYRKQVVIDGETCLLDILDTAGQEEYSAMRDQYMRTGEGFLCVFAINNTKSFEDIHHYREQIKRVKDSEDVPMVLVGNKCDLPSRTVDTKQAQDLARSYGIPFIETSAKTRQGVDDAFYTLVREIRKHK	True	73.126	39.490	113.212	90.000	106.910	90.000	/Users/mitchellparker/Desktop/rascore_build/core/6yxwA_core.cif	/Users/mitchellparker/Desktop/rascore_build/rcsb/6yxw.cif.gz	/Users/mitchellparker/Desktop/rascore_build/renum/6yxw_renum.cif	/Users/mitchellparker/Desktop/rascore_build/rcsb_assembly/6yxw-assembly-1.cif.gz	/Users/mitchellparker/Desktop/rascore_build/renum_assembly/6yxw-assembly-1_renum.cif	/Users/mitchellparker/Desktop/rascore_build/sifts/6yxw.xml.gz	/Users/mitchellparker/Desktop/rascore_build/pocket/6yxwA_2_pocket.pdb
6yxwA	6yxw	0	A	Y32out.2P-OFF	Y71out.2P-BINDER	Y32out	Y71out	P 1 21 1 (CF17)	6yxwA3	3	GTPase KRas	RASK_HUMAN	P01116-2	WT	WT	KRAS	2P	WT	None	None	Binder	None	SP12-Unbound	P 1 21 1	170	2-167	2020-05-04	Other	186.6647	0.0003	Unbound	Unbound	12,13,14,83,85,86,89,117	GDP,MG	Affimer K3	None	B:73,102,69,103,72,99,68,96,61,9,95,92,62,64,63,98	None	None	None	None	Binder	None	B	GDP	MG	None	None	None	None	STP	XRAY	2.060	0.238	GSHMTEYKLVVVGAGGVGKSALTIQLIQNHFVDEYDPTIEDSYRKQVVIDGETCLLDILDTAGQEEYSAMRDQYMRTGEGFLCVFAINNTKSFEDIHHYREQIKRVKDSEDVPMVLVGNKCDLPSRTVDTKQAQDLARSYGIPFIETSAKTRQGVDDAFYTLVREIRKHK	True	73.126	39.490	113.212	90.000	106.910	90.000	/Users/mitchellparker/Desktop/rascore_build/core/6yxwA_core.cif	/Users/mitchellparker/Desktop/rascore_build/rcsb/6yxw.cif.gz	/Users/mitchellparker/Desktop/rascore_build/renum/6yxw_renum.cif	/Users/mitchellparker/Desktop/rascore_build/rcsb_assembly/6yxw-assembly-1.cif.gz	/Users/mitchellparker/Desktop/rascore_build/renum_assembly/6yxw-assembly-1_renum.cif	/Users/mitchellparker/Desktop/rascore_build/sifts/6yxw.xml.gz	/Users/mitchellparker/Desktop/rascore_build/pocket/6yxwA_3_pocket.pdb
6yxwA	6yxw	0	A	Y32out.2P-OFF	Y71out.2P-BINDER	Y32out	Y71out	P 1 21 1 (CF17)	6yxwA4	4	GTPase KRas	RASK_HUMAN	P01116-2	WT	WT	KRAS	2P	WT	None	None	Binder	None	SP12-Unbound	P 1 21 1	170	2-167	2020-05-04	Other	414.3076	0.0008	Unbound	Unbound	98,101,102,105,106,107	GDP,MG	Affimer K3	None	B:73,102,69,103,72,99,68,96,61,9,95,92,62,64,63,98	None	None	None	None	Binder	None	B	GDP	MG	None	None	None	None	STP	XRAY	2.060	0.238	GSHMTEYKLVVVGAGGVGKSALTIQLIQNHFVDEYDPTIEDSYRKQVVIDGETCLLDILDTAGQEEYSAMRDQYMRTGEGFLCVFAINNTKSFEDIHHYREQIKRVKDSEDVPMVLVGNKCDLPSRTVDTKQAQDLARSYGIPFIETSAKTRQGVDDAFYTLVREIRKHK	True	73.126	39.490	113.212	90.000	106.910	90.000	/Users/mitchellparker/Desktop/rascore_build/core/6yxwA_core.cif	/Users/mitchellparker/Desktop/rascore_build/rcsb/6yxw.cif.gz	/Users/mitchellparker/Desktop/rascore_build/renum/6yxw_renum.cif	/Users/mitchellparker/Desktop/rascore_build/rcsb_assembly/6yxw-assembly-1.cif.gz	/Users/mitchellparker/Desktop/rascore_build/renum_assembly/6yxw-assembly-1_renum.cif	/Users/mitchellparker/Desktop/rascore_build/sifts/6yxw.xml.gz	/Users/mitchellparker/Desktop/rascore_build/pocket/6yxwA_4_pocket.pdb
6yxwA	6yxw	0	A	Y32out.2P-OFF	Y71out.2P-BINDER	Y32out	Y71out	P 1 21 1 (CF17)	6yxwA5	5	GTPase KRas	RASK_HUMAN	P01116-2	WT	WT	KRAS	2P	WT	None	None	Binder	None	SP12-Unbound	P 1 21 1	170	2-167	2020-05-04	Other	365.4302	0.0037	Unbound	Unbound	34,35,37,59,60,63,64,65,68	GDP,MG	Affimer K3	None	B:73,102,69,103,72,99,68,96,61,9,95,92,62,64,63,98	None	None	None	None	Binder	None	B	GDP	MG	None	None	None	None	STP	XRAY	2.060	0.238	GSHMTEYKLVVVGAGGVGKSALTIQLIQNHFVDEYDPTIEDSYRKQVVIDGETCLLDILDTAGQEEYSAMRDQYMRTGEGFLCVFAINNTKSFEDIHHYREQIKRVKDSEDVPMVLVGNKCDLPSRTVDTKQAQDLARSYGIPFIETSAKTRQGVDDAFYTLVREIRKHK	True	73.126	39.490	113.212	90.000	106.910	90.000	/Users/mitchellparker/Desktop/rascore_build/core/6yxwA_core.cif	/Users/mitchellparker/Desktop/rascore_build/rcsb/6yxw.cif.gz	/Users/mitchellparker/Desktop/rascore_build/renum/6yxw_renum.cif	/Users/mitchellparker/Desktop/rascore_build/rcsb_assembly/6yxw-assembly-1.cif.gz	/Users/mitchellparker/Desktop/rascore_build/renum_assembly/6yxw-assembly-1_renum.cif	/Users/mitchellparker/Desktop/rascore_build/sifts/6yxw.xml.gz	/Users/mitchellparker/Desktop/rascore_build/pocket/6yxwA_5_pocket.pdb
6yxwA	6yxw	0	A	Y32out.2P-OFF	Y71out.2P-BINDER	Y32out	Y71out	P 1 21 1 (CF17)	6yxwA6	6	GTPase KRas	RASK_HUMAN	P01116-2	WT	WT	KRAS	2P	WT	None	None	Binder	None	SP12-Unbound	P 1 21 1	170	2-167	2020-05-04	Other	157.2775	0.0025	Unbound	Unbound	2,43,50,51,52	GDP,MG	Affimer K3	None	B:73,102,69,103,72,99,68,96,61,9,95,92,62,64,63,98	None	None	None	None	Binder	None	B	GDP	MG	None	None	None	None	STP	XRAY	2.060	0.238	GSHMTEYKLVVVGAGGVGKSALTIQLIQNHFVDEYDPTIEDSYRKQVVIDGETCLLDILDTAGQEEYSAMRDQYMRTGEGFLCVFAINNTKSFEDIHHYREQIKRVKDSEDVPMVLVGNKCDLPSRTVDTKQAQDLARSYGIPFIETSAKTRQGVDDAFYTLVREIRKHK	True	73.126	39.490	113.212	90.000	106.910	90.000	/Users/mitchellparker/Desktop/rascore_build/core/6yxwA_core.cif	/Users/mitchellparker/Desktop/rascore_build/rcsb/6yxw.cif.gz	/Users/mitchellparker/Desktop/rascore_build/renum/6yxw_renum.cif	/Users/mitchellparker/Desktop/rascore_build/rcsb_assembly/6yxw-assembly-1.cif.gz	/Users/mitchellparker/Desktop/rascore_build/renum_assembly/6yxw-assembly-1_renum.cif	/Users/mitchellparker/Desktop/rascore_build/sifts/6yxw.xml.gz	/Users/mitchellparker/Desktop/rascore_build/pocket/6yxwA_6_pocket.pdb
6yxwA	6yxw	0	A	Y32out.2P-OFF	Y71out.2P-BINDER	Y32out	Y71out	P 1 21 1 (CF17)	6yxwA7	7	GTPase KRas	RASK_HUMAN	P01116-2	WT	WT	KRAS	2P	WT	None	None	Binder	None	SP12-Unbound	P 1 21 1	170	2-167	2020-05-04	Other	111.1325	0.0005	Unbound	Unbound	94,97,98,101,137	GDP,MG	Affimer K3	None	B:73,102,69,103,72,99,68,96,61,9,95,92,62,64,63,98	None	None	None	None	Binder	None	B	GDP	MG	None	None	None	None	STP	XRAY	2.060	0.238	GSHMTEYKLVVVGAGGVGKSALTIQLIQNHFVDEYDPTIEDSYRKQVVIDGETCLLDILDTAGQEEYSAMRDQYMRTGEGFLCVFAINNTKSFEDIHHYREQIKRVKDSEDVPMVLVGNKCDLPSRTVDTKQAQDLARSYGIPFIETSAKTRQGVDDAFYTLVREIRKHK	True	73.126	39.490	113.212	90.000	106.910	90.000	/Users/mitchellparker/Desktop/rascore_build/core/6yxwA_core.cif	/Users/mitchellparker/Desktop/rascore_build/rcsb/6yxw.cif.gz	/Users/mitchellparker/Desktop/rascore_build/renum/6yxw_renum.cif	/Users/mitchellparker/Desktop/rascore_build/rcsb_assembly/6yxw-assembly-1.cif.gz	/Users/mitchellparker/Desktop/rascore_build/renum_assembly/6yxw-assembly-1_renum.cif	/Users/mitchellparker/Desktop/rascore_build/sifts/6yxw.xml.gz	/Users/mitchellparker/Desktop/rascore_build/pocket/6yxwA_7_pocket.pdb
6yxwC	6yxw	0	C	Y32out.2P-OFF	Y71out.2P-BINDER	Y32out	Y71out	P 1 21 1 (CF17)	6yxwC1	1	GTPase KRas	RASK_HUMAN	P01116-2	WT	WT	KRAS	2P	WT	None	None	Binder	None	Other-Unbound	P 1 21 1	170	1-167	2020-05-04	Other	329.7108	0.3876	Unbound	Unbound	75,76,104,106,108,109,110,163,166,167	GDP,MG	Affimer K3	None	D:73,102,69,103,99,68,96,61,9,72,95,92,62,64,63,98,65	None	None	None	None	Binder	None	D	GDP	MG	None	None	None	None	STP	XRAY	2.060	0.238	GSHMTEYKLVVVGAGGVGKSALTIQLIQNHFVDEYDPTIEDSYRKQVVIDGETCLLDILDTAGQEEYSAMRDQYMRTGEGFLCVFAINNTKSFEDIHHYREQIKRVKDSEDVPMVLVGNKCDLPSRTVDTKQAQDLARSYGIPFIETSAKTRQGVDDAFYTLVREIRKHK	True	73.126	39.490	113.212	90.000	106.910	90.000	/Users/mitchellparker/Desktop/rascore_build/core/6yxwC_core.cif	/Users/mitchellparker/Desktop/rascore_build/rcsb/6yxw.cif.gz	/Users/mitchellparker/Desktop/rascore_build/renum/6yxw_renum.cif	/Users/mitchellparker/Desktop/rascore_build/rcsb_assembly/6yxw-assembly-1.cif.gz	/Users/mitchellparker/Desktop/rascore_build/renum_assembly/6yxw-assembly-1_renum.cif	/Users/mitchellparker/Desktop/rascore_build/sifts/6yxw.xml.gz	/Users/mitchellparker/Desktop/rascore_build/pocket/6yxwC_1_pocket.pdb
6yxwC	6yxw	0	C	Y32out.2P-OFF	Y71out.2P-BINDER	Y32out	Y71out	P 1 21 1 (CF17)	6yxwC2	2	GTPase KRas	RASK_HUMAN	P01116-2	WT	WT	KRAS	2P	WT	None	None	Binder	None	Other-Unbound	P 1 21 1	170	1-167	2020-05-04	Other	368.7550	0.0024	Unbound	Unbound	98,101,102,105,106,107	GDP,MG	Affimer K3	None	D:73,102,69,103,99,68,96,61,9,72,95,92,62,64,63,98,65	None	None	None	None	Binder	None	D	GDP	MG	None	None	None	None	STP	XRAY	2.060	0.238	GSHMTEYKLVVVGAGGVGKSALTIQLIQNHFVDEYDPTIEDSYRKQVVIDGETCLLDILDTAGQEEYSAMRDQYMRTGEGFLCVFAINNTKSFEDIHHYREQIKRVKDSEDVPMVLVGNKCDLPSRTVDTKQAQDLARSYGIPFIETSAKTRQGVDDAFYTLVREIRKHK	True	73.126	39.490	113.212	90.000	106.910	90.000	/Users/mitchellparker/Desktop/rascore_build/core/6yxwC_core.cif	/Users/mitchellparker/Desktop/rascore_build/rcsb/6yxw.cif.gz	/Users/mitchellparker/Desktop/rascore_build/renum/6yxw_renum.cif	/Users/mitchellparker/Desktop/rascore_build/rcsb_assembly/6yxw-assembly-1.cif.gz	/Users/mitchellparker/Desktop/rascore_build/renum_assembly/6yxw-assembly-1_renum.cif	/Users/mitchellparker/Desktop/rascore_build/sifts/6yxw.xml.gz	/Users/mitchellparker/Desktop/rascore_build/pocket/6yxwC_2_pocket.pdb
6yxwC	6yxw	0	C	Y32out.2P-OFF	Y71out.2P-BINDER	Y32out	Y71out	P 1 21 1 (CF17)	6yxwC3	3	GTPase KRas	RASK_HUMAN	P01116-2	WT	WT	KRAS	2P	WT	None	None	Binder	None	Other-Unbound	P 1 21 1	170	1-167	2020-05-04	Other	235.9014	0.0001	Unbound	Unbound	107,108,109,110,137,138,139,162,165,166	GDP,MG	Affimer K3	None	D:73,102,69,103,99,68,96,61,9,72,95,92,62,64,63,98,65	None	None	None	None	Binder	None	D	GDP	MG	None	None	None	None	STP	XRAY	2.060	0.238	GSHMTEYKLVVVGAGGVGKSALTIQLIQNHFVDEYDPTIEDSYRKQVVIDGETCLLDILDTAGQEEYSAMRDQYMRTGEGFLCVFAINNTKSFEDIHHYREQIKRVKDSEDVPMVLVGNKCDLPSRTVDTKQAQDLARSYGIPFIETSAKTRQGVDDAFYTLVREIRKHK	True	73.126	39.490	113.212	90.000	106.910	90.000	/Users/mitchellparker/Desktop/rascore_build/core/6yxwC_core.cif	/Users/mitchellparker/Desktop/rascore_build/rcsb/6yxw.cif.gz	/Users/mitchellparker/Desktop/rascore_build/renum/6yxw_renum.cif	/Users/mitchellparker/Desktop/rascore_build/rcsb_assembly/6yxw-assembly-1.cif.gz	/Users/mitchellparker/Desktop/rascore_build/renum_assembly/6yxw-assembly-1_renum.cif	/Users/mitchellparker/Desktop/rascore_build/sifts/6yxw.xml.gz	/Users/mitchellparker/Desktop/rascore_build/pocket/6yxwC_3_pocket.pdb
6yxwC	6yxw	0	C	Y32out.2P-OFF	Y71out.2P-BINDER	Y32out	Y71out	P 1 21 1 (CF17)	6yxwC4	4	GTPase KRas	RASK_HUMAN	P01116-2	WT	WT	KRAS	2P	WT	None	None	Binder	None	Other-Unbound	P 1 21 1	170	1-167	2020-05-04	Other	260.0343	0.0002	Unbound	Unbound	131,134,135,139,141	GDP,MG	Affimer K3	None	D:73,102,69,103,99,68,96,61,9,72,95,92,62,64,63,98,65	None	None	None	None	Binder	None	D	GDP	MG	None	None	None	None	STP	XRAY	2.060	0.238	GSHMTEYKLVVVGAGGVGKSALTIQLIQNHFVDEYDPTIEDSYRKQVVIDGETCLLDILDTAGQEEYSAMRDQYMRTGEGFLCVFAINNTKSFEDIHHYREQIKRVKDSEDVPMVLVGNKCDLPSRTVDTKQAQDLARSYGIPFIETSAKTRQGVDDAFYTLVREIRKHK	True	73.126	39.490	113.212	90.000	106.910	90.000	/Users/mitchellparker/Desktop/rascore_build/core/6yxwC_core.cif	/Users/mitchellparker/Desktop/rascore_build/rcsb/6yxw.cif.gz	/Users/mitchellparker/Desktop/rascore_build/renum/6yxw_renum.cif	/Users/mitchellparker/Desktop/rascore_build/rcsb_assembly/6yxw-assembly-1.cif.gz	/Users/mitchellparker/Desktop/rascore_build/renum_assembly/6yxw-assembly-1_renum.cif	/Users/mitchellparker/Desktop/rascore_build/sifts/6yxw.xml.gz	/Users/mitchellparker/Desktop/rascore_build/pocket/6yxwC_4_pocket.pdb
6yxwC	6yxw	0	C	Y32out.2P-OFF	Y71out.2P-BINDER	Y32out	Y71out	P 1 21 1 (CF17)	6yxwC5	5	GTPase KRas	RASK_HUMAN	P01116-2	WT	WT	KRAS	2P	WT	None	None	Binder	None	Other-Unbound	P 1 21 1	170	1-167	2020-05-04	Other	435.7841	0.0011	Unbound	Unbound	35,36,37,59,60,63,64,65,68	GDP,MG	Affimer K3	None	D:73,102,69,103,99,68,96,61,9,72,95,92,62,64,63,98,65	None	None	None	None	Binder	None	D	GDP	MG	None	None	None	None	STP	XRAY	2.060	0.238	GSHMTEYKLVVVGAGGVGKSALTIQLIQNHFVDEYDPTIEDSYRKQVVIDGETCLLDILDTAGQEEYSAMRDQYMRTGEGFLCVFAINNTKSFEDIHHYREQIKRVKDSEDVPMVLVGNKCDLPSRTVDTKQAQDLARSYGIPFIETSAKTRQGVDDAFYTLVREIRKHK	True	73.126	39.490	113.212	90.000	106.910	90.000	/Users/mitchellparker/Desktop/rascore_build/core/6yxwC_core.cif	/Users/mitchellparker/Desktop/rascore_build/rcsb/6yxw.cif.gz	/Users/mitchellparker/Desktop/rascore_build/renum/6yxw_renum.cif	/Users/mitchellparker/Desktop/rascore_build/rcsb_assembly/6yxw-assembly-1.cif.gz	/Users/mitchellparker/Desktop/rascore_build/renum_assembly/6yxw-assembly-1_renum.cif	/Users/mitchellparker/Desktop/rascore_build/sifts/6yxw.xml.gz	/Users/mitchellparker/Desktop/rascore_build/pocket/6yxwC_5_pocket.pdb
6zioA	6zio	0	A	Y32out.2P-OFF	Y71out.2P-SP2-B	Y32out	Y71out	P 1 (CF7)	6zioA1	1	GTPase NRas	RASN_HUMAN	P01111	C118S	C118	NRAS	2P	Other	None	None	None	None	Other-Unbound	P 1	173	1-170	2020-06-26	Other	257.0656	0.0030	Unbound	Unbound	35,37,61,63,64,65,68	MG,GDP	None	None	None	None	None	None	None	None	None	None	GDP	MG	None	None	None	None	STP	XRAY	1.550	0.239	GMTEYKLVVVGAGGVGKSALTIQLIQNHFVDEYDPTIEDSYRKQVVIDGETCLLDILDTAGQEEYSAMRDQYMRTGEGFLCVFAINNSKSFADINLYREQIKRVKDSDDVPMVLVGNKSDLPTRTVDTKQAHELAKSYGIPFIETSAKTRQGVEDAFYTLVREIRQYRMKKLN	True	37.174	37.161	66.245	78.83	75.24	64.70	/Users/mitchellparker/Desktop/rascore_build/core/6zioA_core.cif	/Users/mitchellparker/Desktop/rascore_build/rcsb/6zio.cif.gz	/Users/mitchellparker/Desktop/rascore_build/renum/6zio_renum.cif	/Users/mitchellparker/Desktop/rascore_build/rcsb_assembly/6zio-assembly-1.cif.gz	/Users/mitchellparker/Desktop/rascore_build/renum_assembly/6zio-assembly-1_renum.cif	/Users/mitchellparker/Desktop/rascore_build/sifts/6zio.xml.gz	/Users/mitchellparker/Desktop/rascore_build/pocket/6zioA_1_pocket.pdb
6zioA	6zio	0	A	Y32out.2P-OFF	Y71out.2P-SP2-B	Y32out	Y71out	P 1 (CF7)	6zioA2	2	GTPase NRas	RASN_HUMAN	P01111	C118S	C118	NRAS	2P	Other	None	None	None	None	Other-Unbound	P 1	173	1-170	2020-06-26	Other	230.1452	0.5686	Unbound	Unbound	12,13,31,32,34	MG,GDP	None	None	None	None	None	None	None	None	None	None	GDP	MG	None	None	None	None	STP	XRAY	1.550	0.239	GMTEYKLVVVGAGGVGKSALTIQLIQNHFVDEYDPTIEDSYRKQVVIDGETCLLDILDTAGQEEYSAMRDQYMRTGEGFLCVFAINNSKSFADINLYREQIKRVKDSDDVPMVLVGNKSDLPTRTVDTKQAHELAKSYGIPFIETSAKTRQGVEDAFYTLVREIRQYRMKKLN	True	37.174	37.161	66.245	78.83	75.24	64.70	/Users/mitchellparker/Desktop/rascore_build/core/6zioA_core.cif	/Users/mitchellparker/Desktop/rascore_build/rcsb/6zio.cif.gz	/Users/mitchellparker/Desktop/rascore_build/renum/6zio_renum.cif	/Users/mitchellparker/Desktop/rascore_build/rcsb_assembly/6zio-assembly-1.cif.gz	/Users/mitchellparker/Desktop/rascore_build/renum_assembly/6zio-assembly-1_renum.cif	/Users/mitchellparker/Desktop/rascore_build/sifts/6zio.xml.gz	/Users/mitchellparker/Desktop/rascore_build/pocket/6zioA_2_pocket.pdb
6zioB	6zio	0	B	Y32out.2P-OFF	Y71out.2P-SP2-B	Y32out	Y71out	P 1 (CF7)	6zioB1	1	GTPase NRas	RASN_HUMAN	P01111	C118S	C118	NRAS	2P	Other	None	None	None	None	Other-Unbound	P 1	173	1-169	2020-06-26	Other	251.0005	0.0023	Unbound	Unbound	35,37,61,63,64,65,68	MG,MG,GDP	None	None	None	None	None	None	None	None	None	None	GDP	MG	None	None	None	None	STP	XRAY	1.550	0.239	GMTEYKLVVVGAGGVGKSALTIQLIQNHFVDEYDPTIEDSYRKQVVIDGETCLLDILDTAGQEEYSAMRDQYMRTGEGFLCVFAINNSKSFADINLYREQIKRVKDSDDVPMVLVGNKSDLPTRTVDTKQAHELAKSYGIPFIETSAKTRQGVEDAFYTLVREIRQYRMKKLN	True	37.174	37.161	66.245	78.83	75.24	64.70	/Users/mitchellparker/Desktop/rascore_build/core/6zioB_core.cif	/Users/mitchellparker/Desktop/rascore_build/rcsb/6zio.cif.gz	/Users/mitchellparker/Desktop/rascore_build/renum/6zio_renum.cif	/Users/mitchellparker/Desktop/rascore_build/rcsb_assembly/6zio-assembly-1.cif.gz	/Users/mitchellparker/Desktop/rascore_build/renum_assembly/6zio-assembly-1_renum.cif	/Users/mitchellparker/Desktop/rascore_build/sifts/6zio.xml.gz	/Users/mitchellparker/Desktop/rascore_build/pocket/6zioB_1_pocket.pdb
6zioB	6zio	0	B	Y32out.2P-OFF	Y71out.2P-SP2-B	Y32out	Y71out	P 1 (CF7)	6zioB2	2	GTPase NRas	RASN_HUMAN	P01111	C118S	C118	NRAS	2P	Other	None	None	None	None	Other-Unbound	P 1	173	1-169	2020-06-26	Other	138.1018	0.1653	Unbound	Unbound	22,23,26,149,152,153	MG,MG,GDP	None	None	None	None	None	None	None	None	None	None	GDP	MG	None	None	None	None	STP	XRAY	1.550	0.239	GMTEYKLVVVGAGGVGKSALTIQLIQNHFVDEYDPTIEDSYRKQVVIDGETCLLDILDTAGQEEYSAMRDQYMRTGEGFLCVFAINNSKSFADINLYREQIKRVKDSDDVPMVLVGNKSDLPTRTVDTKQAHELAKSYGIPFIETSAKTRQGVEDAFYTLVREIRQYRMKKLN	True	37.174	37.161	66.245	78.83	75.24	64.70	/Users/mitchellparker/Desktop/rascore_build/core/6zioB_core.cif	/Users/mitchellparker/Desktop/rascore_build/rcsb/6zio.cif.gz	/Users/mitchellparker/Desktop/rascore_build/renum/6zio_renum.cif	/Users/mitchellparker/Desktop/rascore_build/rcsb_assembly/6zio-assembly-1.cif.gz	/Users/mitchellparker/Desktop/rascore_build/renum_assembly/6zio-assembly-1_renum.cif	/Users/mitchellparker/Desktop/rascore_build/sifts/6zio.xml.gz	/Users/mitchellparker/Desktop/rascore_build/pocket/6zioB_2_pocket.pdb
6zioB	6zio	0	B	Y32out.2P-OFF	Y71out.2P-SP2-B	Y32out	Y71out	P 1 (CF7)	6zioB3	3	GTPase NRas	RASN_HUMAN	P01111	C118S	C118	NRAS	2P	Other	None	None	None	None	Other-Unbound	P 1	173	1-169	2020-06-26	Other	169.7408	0.0559	Unbound	Unbound	118,119,145,148,150	MG,MG,GDP	None	None	None	None	None	None	None	None	None	None	GDP	MG	None	None	None	None	STP	XRAY	1.550	0.239	GMTEYKLVVVGAGGVGKSALTIQLIQNHFVDEYDPTIEDSYRKQVVIDGETCLLDILDTAGQEEYSAMRDQYMRTGEGFLCVFAINNSKSFADINLYREQIKRVKDSDDVPMVLVGNKSDLPTRTVDTKQAHELAKSYGIPFIETSAKTRQGVEDAFYTLVREIRQYRMKKLN	True	37.174	37.161	66.245	78.83	75.24	64.70	/Users/mitchellparker/Desktop/rascore_build/core/6zioB_core.cif	/Users/mitchellparker/Desktop/rascore_build/rcsb/6zio.cif.gz	/Users/mitchellparker/Desktop/rascore_build/renum/6zio_renum.cif	/Users/mitchellparker/Desktop/rascore_build/rcsb_assembly/6zio-assembly-1.cif.gz	/Users/mitchellparker/Desktop/rascore_build/renum_assembly/6zio-assembly-1_renum.cif	/Users/mitchellparker/Desktop/rascore_build/sifts/6zio.xml.gz	/Users/mitchellparker/Desktop/rascore_build/pocket/6zioB_3_pocket.pdb
6zizA	6ziz	0	A	Y32in.3P-ON	Y71in.3P-R	Y32in	Y71in	C 1 2 1 (CF11)	6zizA2	2	GTPase NRas	RASN_HUMAN	P01111	Q61R,C118S	Q61,C118	NRAS	3P	Other	SP12	SP12.Indole	None	None	SP12-Bound	C 1 2 1	173	1-170	2020-06-26	SP12	182.5099	0.0294	Bound	SP12	5,6,7,54,56,71,74,75	GTP,MG,EZZ	None	EZZ:37,56,54,5,6,39,74,7,75,71,70	None	None	SP12	SP12.Indole	EZZ:CN(C)Cc1[nH]c2ccccc2c1C1NC(=O)c2ccc(O)cc21	None	None	None	GTP	MG	EZZ	None	None	None	EZZ	XRAY	1.785	0.208	GMTEYKLVVVGAGGVGKSALTIQLIQNHFVDEYDPTIEDSYRKQVVIDGETCLLDILDTAGREEYSAMRDQYMRTGEGFLCVFAINNSKSFADINLYREQIKRVKDSDDVPMVLVGNKSDLPTRTVDTKQAHELAKSYGIPFIETSAKTRQGVEDAFYTLVREIRQYRMKKLN	True	115.829	45.790	86.045	90.00	111.28	90.00	/Users/mitchellparker/Desktop/rascore_build/core/6zizA_core.cif	/Users/mitchellparker/Desktop/rascore_build/rcsb/6ziz.cif.gz	/Users/mitchellparker/Desktop/rascore_build/renum/6ziz_renum.cif	/Users/mitchellparker/Desktop/rascore_build/rcsb_assembly/6ziz-assembly-2.cif.gz	/Users/mitchellparker/Desktop/rascore_build/renum_assembly/6ziz-assembly-2_renum.cif	/Users/mitchellparker/Desktop/rascore_build/sifts/6ziz.xml.gz	/Users/mitchellparker/Desktop/rascore_build/pocket/6zizA_2_pocket.pdb
6zizB	6ziz	0	B	Y32in.3P-ON	Y71in.3P-R	Y32in	Y71in	C 1 2 1 (CF11)	6zizB2	2	GTPase NRas	RASN_HUMAN	P01111	Q61R,C118S	Q61,C118	NRAS	3P	Other	SP12	SP12.Indole	None	None	SP12-Bound	C 1 2 1	173	1-169	2020-06-26	SP12	169.0866	0.0254	Bound	SP12	5,6,7,54,56,71,74,75	GTP,MG,EZZ	None	EZZ:56,37,6,54,5,39,70,74,75,7,71	None	None	SP12	SP12.Indole	EZZ:CN(C)Cc1[nH]c2ccccc2c1C1NC(=O)c2ccc(O)cc21	None	None	None	GTP	MG	EZZ	None	None	None	EZZ	XRAY	1.785	0.208	GMTEYKLVVVGAGGVGKSALTIQLIQNHFVDEYDPTIEDSYRKQVVIDGETCLLDILDTAGREEYSAMRDQYMRTGEGFLCVFAINNSKSFADINLYREQIKRVKDSDDVPMVLVGNKSDLPTRTVDTKQAHELAKSYGIPFIETSAKTRQGVEDAFYTLVREIRQYRMKKLN	True	115.829	45.790	86.045	90.00	111.28	90.00	/Users/mitchellparker/Desktop/rascore_build/core/6zizB_core.cif	/Users/mitchellparker/Desktop/rascore_build/rcsb/6ziz.cif.gz	/Users/mitchellparker/Desktop/rascore_build/renum/6ziz_renum.cif	/Users/mitchellparker/Desktop/rascore_build/rcsb_assembly/6ziz-assembly-2.cif.gz	/Users/mitchellparker/Desktop/rascore_build/renum_assembly/6ziz-assembly-2_renum.cif	/Users/mitchellparker/Desktop/rascore_build/sifts/6ziz.xml.gz	/Users/mitchellparker/Desktop/rascore_build/pocket/6zizB_2_pocket.pdb
6zj0A	6zj0	0	A	Y32in.3P-ON	Disordered	Y32in	Y71in	P 3 2 1 (CF4)	6zj0A3	3	GTPase HRas	RASH_HUMAN	P01112	G12D	G12	HRAS	3P	G12D	SP12	SP12.Indole	None	Homodimer	SP12-Bound	P 3 2 1	167	1-61:66-166	2020-06-26	SP12	162.2545	0.1725	Bound	SP12	5,6,7,39,54,56,71,74,75	MG,MG,GCP,EZZ	None	EZZ:37,56,6,54,39,5,70,71,74,7,75,41	None	None	SP12	SP12.Indole	EZZ:CN(C)Cc1[nH]c2ccccc2c1C1NC(=O)c2ccc(O)cc21	None	None	None	GCP	MG	EZZ	None	None	None	EZZ	XRAY	1.763	0.200	GMTEYKLVVVGADGVGKSALTIQLIQNHFVDEYDPTIEDSYRKQVVIDGETCLLDILDTAGQEEYSAMRDQYMRTGEGFLCVFAINNTKSFEDIHQYREQIKRVKDSDDVPMVLVGNKCDLAARTVESRQAQDLARSYGIPYIETSAKTRQGVEDAFYTLVREIRQH	True	93.075	93.075	55.256	90.00	90.00	120.00	/Users/mitchellparker/Desktop/rascore_build/core/6zj0A_core.cif	/Users/mitchellparker/Desktop/rascore_build/rcsb/6zj0.cif.gz	/Users/mitchellparker/Desktop/rascore_build/renum/6zj0_renum.cif	/Users/mitchellparker/Desktop/rascore_build/rcsb_assembly/6zj0-assembly-1.cif.gz	/Users/mitchellparker/Desktop/rascore_build/renum_assembly/6zj0-assembly-1_renum.cif	/Users/mitchellparker/Desktop/rascore_build/sifts/6zj0.xml.gz	/Users/mitchellparker/Desktop/rascore_build/pocket/6zj0A_3_pocket.pdb
6zl3A	6zl3	0	A	Y32out.2P-OFF	Disordered	Y32out	Y71in	P 3 2 1 (CF4)	6zl3A1	1	GTPase HRas	RASH_HUMAN	P01112	WT	WT	HRAS	2P	WT	SP12	SP12.Indole	None	Homodimer	SP12-Bound	P 3 2 1	167	1-61:65-166	2020-06-30	SP12	293.9871	0.6590	Bound	SP12	5,6,7,39,54,56,70,71,74,75	NA,GDP,EZZ	None	EZZ:56,74,54,5,6,39,41,71,7,75,37,70	None	None	SP12	SP12.Indole	EZZ:CN(C)Cc1[nH]c2ccccc2c1C1NC(=O)c2ccc(O)cc21	None	None	None	GDP	None	EZZ	None	None	None	EZZ	XRAY	2.031	0.203	GMTEYKLVVVGAGGVGKSALTIQLIQNHFVDEYDPTIEDSYRKQVVIDGETCLLDILDTAGQEEYSAMRDQYMRTGEGFLCVFAINNTKSFEDIHQYREQIKRVKDSDDVPMVLVGNKCDLAARTVESRQAQDLARSYGIPYIETSAKTRQGVEDAFYTLVREIRQH	True	93.067	93.067	55.441	90	90	120	/Users/mitchellparker/Desktop/rascore_build/core/6zl3A_core.cif	/Users/mitchellparker/Desktop/rascore_build/rcsb/6zl3.cif.gz	/Users/mitchellparker/Desktop/rascore_build/renum/6zl3_renum.cif	/Users/mitchellparker/Desktop/rascore_build/rcsb_assembly/6zl3-assembly-1.cif.gz	/Users/mitchellparker/Desktop/rascore_build/renum_assembly/6zl3-assembly-1_renum.cif	/Users/mitchellparker/Desktop/rascore_build/sifts/6zl3.xml.gz	/Users/mitchellparker/Desktop/rascore_build/pocket/6zl3A_1_pocket.pdb
6zl5A	6zl5	0	A	Outlier	Disordered	Y32out	Y71in	P 41 21 2 (CF1)	6zl5A1	1	GTPase KRas	RASK_HUMAN	P01116-2	G12D,C118S	G12,C118	KRAS	2P	G12D	SP12	SP12.Indole	None	None	SP12-Bound	P 41 21 2	170	1-60:65-167	2020-06-30	SP12	350.2124	0.6919	Bound	SP12	5,6,7,39,54,56,67,70,71,74,75	MG,GDP,F0K,SO4	None	F0K:71,74,5,6,56,7,54,39,67,75,38	None	None	SP12	SP12.Indole	F0K:Cn1cnc(Cn2ccc3ccc(CNCc4[nH]c5ccccc5c4C4NC(=O)c5ccc(O)cc54)cc32)c1	None	None	None	GDP	MG	F0K	SO4	None	None	F0K	XRAY	1.645	0.197	GMTEYKLVVVGADGVGKSALTIQLIQNHFVDEYDPTIEDSYRKQVVIDGETCLLDILDTAGQEEYSAMRDQYMRTGEGFLCVFAINNTKSFEDIHHYREQIKRVKDSEDVPMVLVGNKSDLPSRTVDTKQAQDLARSYGIPFIETSAKTRQGVDDAFYTLVREIRKHKEK	True	83.802	83.802	87.416	90	90	90	/Users/mitchellparker/Desktop/rascore_build/core/6zl5A_core.cif	/Users/mitchellparker/Desktop/rascore_build/rcsb/6zl5.cif.gz	/Users/mitchellparker/Desktop/rascore_build/renum/6zl5_renum.cif	/Users/mitchellparker/Desktop/rascore_build/rcsb_assembly/6zl5-assembly-1.cif.gz	/Users/mitchellparker/Desktop/rascore_build/renum_assembly/6zl5-assembly-1_renum.cif	/Users/mitchellparker/Desktop/rascore_build/sifts/6zl5.xml.gz	/Users/mitchellparker/Desktop/rascore_build/pocket/6zl5A_1_pocket.pdb
6zliA	6zli	0	A	Y32in.3P-ON	Y71in.3P-R	Y32in	Y71in	P 1 21 1 (CF13)	6zliA2	2	GTPase KRas	RASK_HUMAN	P01116-2	G12D	G12	KRAS	3P	G12D	None	None	None	None	Multiple-Unbound	P 1 21 1	170	1-167	2020-06-30	Other	172.3342	0.0004	Unbound	Unbound	11,12,60,61,62,86,88,89	GCP,MG	None	None	None	None	None	None	None	None	None	None	GCP	MG	None	None	None	None	STP	XRAY	1.730	0.180	GMTEYKLVVVGADGVGKSALTIQLIQNHFVDEYDPTIEDSYRKQVVIDGETCLLDILDTAGQEEYSAMRDQYMRTGEGFLCVFAINNTKSFEDIHHYREQIKRVKDSEDVPMVLVGNKCDLPSRTVDTKQAQDLARSYGIPFIETSAKTRQGVDDAFYTLVREIRKHKEK	True	42.642	73.164	54.194	90	103.15	90	/Users/mitchellparker/Desktop/rascore_build/core/6zliA_core.cif	/Users/mitchellparker/Desktop/rascore_build/rcsb/6zli.cif.gz	/Users/mitchellparker/Desktop/rascore_build/renum/6zli_renum.cif	/Users/mitchellparker/Desktop/rascore_build/rcsb_assembly/6zli-assembly-2.cif.gz	/Users/mitchellparker/Desktop/rascore_build/renum_assembly/6zli-assembly-2_renum.cif	/Users/mitchellparker/Desktop/rascore_build/sifts/6zli.xml.gz	/Users/mitchellparker/Desktop/rascore_build/pocket/6zliA_2_pocket.pdb
6zliA	6zli	0	A	Y32in.3P-ON	Y71in.3P-R	Y32in	Y71in	P 1 21 1 (CF13)	6zliA3	3	GTPase KRas	RASK_HUMAN	P01116-2	G12D	G12	KRAS	3P	G12D	None	None	None	None	Multiple-Unbound	P 1 21 1	170	1-167	2020-06-30	SP2	122.0069	0.0006	Unbound	Unbound	11,60,62,68,92,95,96	GCP,MG	None	None	None	None	None	None	None	None	None	None	GCP	MG	None	None	None	None	STP	XRAY	1.730	0.180	GMTEYKLVVVGADGVGKSALTIQLIQNHFVDEYDPTIEDSYRKQVVIDGETCLLDILDTAGQEEYSAMRDQYMRTGEGFLCVFAINNTKSFEDIHHYREQIKRVKDSEDVPMVLVGNKCDLPSRTVDTKQAQDLARSYGIPFIETSAKTRQGVDDAFYTLVREIRKHKEK	True	42.642	73.164	54.194	90	103.15	90	/Users/mitchellparker/Desktop/rascore_build/core/6zliA_core.cif	/Users/mitchellparker/Desktop/rascore_build/rcsb/6zli.cif.gz	/Users/mitchellparker/Desktop/rascore_build/renum/6zli_renum.cif	/Users/mitchellparker/Desktop/rascore_build/rcsb_assembly/6zli-assembly-2.cif.gz	/Users/mitchellparker/Desktop/rascore_build/renum_assembly/6zli-assembly-2_renum.cif	/Users/mitchellparker/Desktop/rascore_build/sifts/6zli.xml.gz	/Users/mitchellparker/Desktop/rascore_build/pocket/6zliA_3_pocket.pdb
6zliA	6zli	0	A	Y32in.3P-ON	Y71in.3P-R	Y32in	Y71in	P 1 21 1 (CF13)	6zliA4	4	GTPase KRas	RASK_HUMAN	P01116-2	G12D	G12	KRAS	3P	G12D	None	None	None	None	Multiple-Unbound	P 1 21 1	170	1-167	2020-06-30	SP12	141.6397	0.0004	Unbound	Unbound	5,6,7,54,56,74,75	GCP,MG	None	None	None	None	None	None	None	None	None	None	GCP	MG	None	None	None	None	STP	XRAY	1.730	0.180	GMTEYKLVVVGADGVGKSALTIQLIQNHFVDEYDPTIEDSYRKQVVIDGETCLLDILDTAGQEEYSAMRDQYMRTGEGFLCVFAINNTKSFEDIHHYREQIKRVKDSEDVPMVLVGNKCDLPSRTVDTKQAQDLARSYGIPFIETSAKTRQGVDDAFYTLVREIRKHKEK	True	42.642	73.164	54.194	90	103.15	90	/Users/mitchellparker/Desktop/rascore_build/core/6zliA_core.cif	/Users/mitchellparker/Desktop/rascore_build/rcsb/6zli.cif.gz	/Users/mitchellparker/Desktop/rascore_build/renum/6zli_renum.cif	/Users/mitchellparker/Desktop/rascore_build/rcsb_assembly/6zli-assembly-2.cif.gz	/Users/mitchellparker/Desktop/rascore_build/renum_assembly/6zli-assembly-2_renum.cif	/Users/mitchellparker/Desktop/rascore_build/sifts/6zli.xml.gz	/Users/mitchellparker/Desktop/rascore_build/pocket/6zliA_4_pocket.pdb
6zliA	6zli	0	A	Y32in.3P-ON	Y71in.3P-R	Y32in	Y71in	P 1 21 1 (CF13)	6zliA5	5	GTPase KRas	RASK_HUMAN	P01116-2	G12D	G12	KRAS	3P	G12D	None	None	None	None	Multiple-Unbound	P 1 21 1	170	1-167	2020-06-30	Other	252.8666	0.0030	Unbound	Unbound	23,24,42,43,44,53,149,153,157	GCP,MG	None	None	None	None	None	None	None	None	None	None	GCP	MG	None	None	None	None	STP	XRAY	1.730	0.180	GMTEYKLVVVGADGVGKSALTIQLIQNHFVDEYDPTIEDSYRKQVVIDGETCLLDILDTAGQEEYSAMRDQYMRTGEGFLCVFAINNTKSFEDIHHYREQIKRVKDSEDVPMVLVGNKCDLPSRTVDTKQAQDLARSYGIPFIETSAKTRQGVDDAFYTLVREIRKHKEK	True	42.642	73.164	54.194	90	103.15	90	/Users/mitchellparker/Desktop/rascore_build/core/6zliA_core.cif	/Users/mitchellparker/Desktop/rascore_build/rcsb/6zli.cif.gz	/Users/mitchellparker/Desktop/rascore_build/renum/6zli_renum.cif	/Users/mitchellparker/Desktop/rascore_build/rcsb_assembly/6zli-assembly-2.cif.gz	/Users/mitchellparker/Desktop/rascore_build/renum_assembly/6zli-assembly-2_renum.cif	/Users/mitchellparker/Desktop/rascore_build/sifts/6zli.xml.gz	/Users/mitchellparker/Desktop/rascore_build/pocket/6zliA_5_pocket.pdb
6zliB	6zli	0	B	Y32in.3P-ON	Y71in.3P-R	Y32in	Y71in	P 1 21 1 (CF13)	6zliB2	2	GTPase KRas	RASK_HUMAN	P01116-2	G12D	G12	KRAS	3P	G12D	SP12	SP12.Indole	None	None	SP12-Bound	P 1 21 1	170	1-167	2020-06-30	SP12	182.7205	0.0027	Bound	SP12	5,6,7,54,56,71,74,75	GCP,MG,QME	None	QME:39,56,54,5,7,6,74,75	None	None	SP12	SP12.Indole	QME:c1ccc2[nH]c(C3CCCCN3)cc2c1	None	None	None	GCP	MG	QME	None	None	None	QME	XRAY	1.730	0.180	GMTEYKLVVVGADGVGKSALTIQLIQNHFVDEYDPTIEDSYRKQVVIDGETCLLDILDTAGQEEYSAMRDQYMRTGEGFLCVFAINNTKSFEDIHHYREQIKRVKDSEDVPMVLVGNKCDLPSRTVDTKQAQDLARSYGIPFIETSAKTRQGVDDAFYTLVREIRKHKEK	True	42.642	73.164	54.194	90	103.15	90	/Users/mitchellparker/Desktop/rascore_build/core/6zliB_core.cif	/Users/mitchellparker/Desktop/rascore_build/rcsb/6zli.cif.gz	/Users/mitchellparker/Desktop/rascore_build/renum/6zli_renum.cif	/Users/mitchellparker/Desktop/rascore_build/rcsb_assembly/6zli-assembly-2.cif.gz	/Users/mitchellparker/Desktop/rascore_build/renum_assembly/6zli-assembly-2_renum.cif	/Users/mitchellparker/Desktop/rascore_build/sifts/6zli.xml.gz	/Users/mitchellparker/Desktop/rascore_build/pocket/6zliB_2_pocket.pdb
721pA	721p	0	A	Y32in.3P-ON	Outlier	Y32in	Y71in	P 32 2 1 (CF1)	721pA2	2	GTPase HRas	RASH_HUMAN	P01112	Q61L	Q61	HRAS	3P	Other	None	None	None	Homodimer	SP2-Unbound	P 32 2 1	166	1-166	1991-06-06	Other	70.5880	0.0189	Unbound	Unbound	80,93,97,111,113,137,139	MG,GNP	None	None	None	None	None	None	None	None	None	None	GNP	MG	None	None	None	None	STP	XRAY	2.000	0.192	MTEYKLVVVGAGGVGKSALTIQLIQNHFVDEYDPTIEDSYRKQVVIDGETCLLDILDTAGLEEYSAMRDQYMRTGEGFLCVFAINNTKSFEDIHQYREQIKRVKDSDDVPMVLVGNKCDLAARTVESRQAQDLARSYGIPYIETSAKTRQGVEDAFYTLVREIRQH	True	40.300	40.300	160.700	90.00	90.00	120.00	/Users/mitchellparker/Desktop/rascore_build/core/721pA_core.cif	/Users/mitchellparker/Desktop/rascore_build/rcsb/721p.cif.gz	/Users/mitchellparker/Desktop/rascore_build/renum/721p_renum.cif	/Users/mitchellparker/Desktop/rascore_build/rcsb_assembly/721p-assembly-1.cif.gz	/Users/mitchellparker/Desktop/rascore_build/renum_assembly/721p-assembly-1_renum.cif	/Users/mitchellparker/Desktop/rascore_build/sifts/721p.xml.gz	/Users/mitchellparker/Desktop/rascore_build/pocket/721pA_2_pocket.pdb
721pA	721p	0	A	Y32in.3P-ON	Outlier	Y32in	Y71in	P 32 2 1 (CF1)	721pA3	3	GTPase HRas	RASH_HUMAN	P01112	Q61L	Q61	HRAS	3P	Other	None	None	None	Homodimer	SP2-Unbound	P 32 2 1	166	1-166	1991-06-06	Other	310.5692	0.0001	Unbound	Unbound	142,143,149,150,151,152,153,154,157,161	MG,GNP	None	None	None	None	None	None	None	None	None	None	GNP	MG	None	None	None	None	STP	XRAY	2.000	0.192	MTEYKLVVVGAGGVGKSALTIQLIQNHFVDEYDPTIEDSYRKQVVIDGETCLLDILDTAGLEEYSAMRDQYMRTGEGFLCVFAINNTKSFEDIHQYREQIKRVKDSDDVPMVLVGNKCDLAARTVESRQAQDLARSYGIPYIETSAKTRQGVEDAFYTLVREIRQH	True	40.300	40.300	160.700	90.00	90.00	120.00	/Users/mitchellparker/Desktop/rascore_build/core/721pA_core.cif	/Users/mitchellparker/Desktop/rascore_build/rcsb/721p.cif.gz	/Users/mitchellparker/Desktop/rascore_build/renum/721p_renum.cif	/Users/mitchellparker/Desktop/rascore_build/rcsb_assembly/721p-assembly-1.cif.gz	/Users/mitchellparker/Desktop/rascore_build/renum_assembly/721p-assembly-1_renum.cif	/Users/mitchellparker/Desktop/rascore_build/sifts/721p.xml.gz	/Users/mitchellparker/Desktop/rascore_build/pocket/721pA_3_pocket.pdb
721pA	721p	0	A	Y32in.3P-ON	Outlier	Y32in	Y71in	P 32 2 1 (CF1)	721pA4	4	GTPase HRas	RASH_HUMAN	P01112	Q61L	Q61	HRAS	3P	Other	None	None	None	Homodimer	SP2-Unbound	P 32 2 1	166	1-166	1991-06-06	Other	328.0095	0.0009	Unbound	Unbound	76,104,106,108,109,110,163,166	MG,GNP	None	None	None	None	None	None	None	None	None	None	GNP	MG	None	None	None	None	STP	XRAY	2.000	0.192	MTEYKLVVVGAGGVGKSALTIQLIQNHFVDEYDPTIEDSYRKQVVIDGETCLLDILDTAGLEEYSAMRDQYMRTGEGFLCVFAINNTKSFEDIHQYREQIKRVKDSDDVPMVLVGNKCDLAARTVESRQAQDLARSYGIPYIETSAKTRQGVEDAFYTLVREIRQH	True	40.300	40.300	160.700	90.00	90.00	120.00	/Users/mitchellparker/Desktop/rascore_build/core/721pA_core.cif	/Users/mitchellparker/Desktop/rascore_build/rcsb/721p.cif.gz	/Users/mitchellparker/Desktop/rascore_build/renum/721p_renum.cif	/Users/mitchellparker/Desktop/rascore_build/rcsb_assembly/721p-assembly-1.cif.gz	/Users/mitchellparker/Desktop/rascore_build/renum_assembly/721p-assembly-1_renum.cif	/Users/mitchellparker/Desktop/rascore_build/sifts/721p.xml.gz	/Users/mitchellparker/Desktop/rascore_build/pocket/721pA_4_pocket.pdb
721pA	721p	0	A	Y32in.3P-ON	Outlier	Y32in	Y71in	P 32 2 1 (CF1)	721pA5	5	GTPase HRas	RASH_HUMAN	P01112	Q61L	Q61	HRAS	3P	Other	None	None	None	Homodimer	SP2-Unbound	P 32 2 1	166	1-166	1991-06-06	SP2	222.1984	0.0013	Unbound	Unbound	68,92,95,96,99	MG,GNP	None	None	None	None	None	None	None	None	None	None	GNP	MG	None	None	None	None	STP	XRAY	2.000	0.192	MTEYKLVVVGAGGVGKSALTIQLIQNHFVDEYDPTIEDSYRKQVVIDGETCLLDILDTAGLEEYSAMRDQYMRTGEGFLCVFAINNTKSFEDIHQYREQIKRVKDSDDVPMVLVGNKCDLAARTVESRQAQDLARSYGIPYIETSAKTRQGVEDAFYTLVREIRQH	True	40.300	40.300	160.700	90.00	90.00	120.00	/Users/mitchellparker/Desktop/rascore_build/core/721pA_core.cif	/Users/mitchellparker/Desktop/rascore_build/rcsb/721p.cif.gz	/Users/mitchellparker/Desktop/rascore_build/renum/721p_renum.cif	/Users/mitchellparker/Desktop/rascore_build/rcsb_assembly/721p-assembly-1.cif.gz	/Users/mitchellparker/Desktop/rascore_build/renum_assembly/721p-assembly-1_renum.cif	/Users/mitchellparker/Desktop/rascore_build/sifts/721p.xml.gz	/Users/mitchellparker/Desktop/rascore_build/pocket/721pA_5_pocket.pdb
721pA	721p	0	A	Y32in.3P-ON	Outlier	Y32in	Y71in	P 32 2 1 (CF1)	721pA6	6	GTPase HRas	RASH_HUMAN	P01112	Q61L	Q61	HRAS	3P	Other	None	None	None	Homodimer	SP2-Unbound	P 32 2 1	166	1-166	1991-06-06	Other	215.1752	0.0001	Unbound	Unbound	108,109,110,111,138,139,162,165,166	MG,GNP	None	None	None	None	None	None	None	None	None	None	GNP	MG	None	None	None	None	STP	XRAY	2.000	0.192	MTEYKLVVVGAGGVGKSALTIQLIQNHFVDEYDPTIEDSYRKQVVIDGETCLLDILDTAGLEEYSAMRDQYMRTGEGFLCVFAINNTKSFEDIHQYREQIKRVKDSDDVPMVLVGNKCDLAARTVESRQAQDLARSYGIPYIETSAKTRQGVEDAFYTLVREIRQH	True	40.300	40.300	160.700	90.00	90.00	120.00	/Users/mitchellparker/Desktop/rascore_build/core/721pA_core.cif	/Users/mitchellparker/Desktop/rascore_build/rcsb/721p.cif.gz	/Users/mitchellparker/Desktop/rascore_build/renum/721p_renum.cif	/Users/mitchellparker/Desktop/rascore_build/rcsb_assembly/721p-assembly-1.cif.gz	/Users/mitchellparker/Desktop/rascore_build/renum_assembly/721p-assembly-1_renum.cif	/Users/mitchellparker/Desktop/rascore_build/sifts/721p.xml.gz	/Users/mitchellparker/Desktop/rascore_build/pocket/721pA_6_pocket.pdb
7a1wA	7a1w	0	A	Y32out.2P-OFF	Outlier	Y32out	Y71in	P 31 2 1 (CF2)	7a1wA1	1	GTPase KRas	RASK_HUMAN	P01116-2	G12C	G12	KRAS	2P	G12C	SP2	SP2.Unclassified	None	None	SP2-Bound	P 31 2 1	170	1-166	2020-08-14	SP2	253.0043	0.0395	Bound	SP2	12,34,35,59,60,62,63	GDP,MG,PO4,QWK	None	QWK:62,59,35,63,64,67,34,12	None	None	SP2	SP2.Unclassified	QWK:CCC(=O)Nc1ncc2c(n1)CCN(Cc1ccccc1)C2	None	None	None	GDP	MG	QWK	PO4	None	None	QWK	XRAY	1.760	0.200	GMTEYKLVVVGACGVGKSALTIQLIQNHFVDEYDPTIEDSYRKQVVIDGETCLLDILDTAGQEEYSAMRDQYMRTGEGFLCVFAINNTKSFEDIHHYREQIKRVKDSEDVPMVLVGNKCDLPSRTVDTKQAQDLARSYGIPFIETSAKTRQGVDDAFYTLVREIRKHKEK	True	38.55	38.55	186.07	90	90	120	/Users/mitchellparker/Desktop/rascore_build/core/7a1wA_core.cif	/Users/mitchellparker/Desktop/rascore_build/rcsb/7a1w.cif.gz	/Users/mitchellparker/Desktop/rascore_build/renum/7a1w_renum.cif	/Users/mitchellparker/Desktop/rascore_build/rcsb_assembly/7a1w-assembly-1.cif.gz	/Users/mitchellparker/Desktop/rascore_build/renum_assembly/7a1w-assembly-1_renum.cif	/Users/mitchellparker/Desktop/rascore_build/sifts/7a1w.xml.gz	/Users/mitchellparker/Desktop/rascore_build/pocket/7a1wA_1_pocket.pdb
7a1xA	7a1x	0	A	Y32out.2P-OFF	Y71in.2P-SP12	Y32out	Y71in	P 21 21 21 (CF6)	7a1xA1	1	GTPase KRas	RASK_HUMAN	P01116-2	G12C	G12	KRAS	2P	G12C	SP12	SP12.Indole	None	None	SP12-Bound	P 21 21 21	170	1-164	2020-08-14	SP12	478.6693	0.9857	Bound	SP12	5,6,7,37,54,56,62,64,66,67,70,71,74,75	GDP,MG,QWB	None	QWB:54,56,6,7,71,74,5,39	None	None	SP12	SP12.Indole	QWB:c1ccc2c(Cn3ccnc3)c[nH]c2c1	None	None	None	GDP	MG	QWB	None	None	None	QWB	XRAY	1.320	0.148	GMTEYKLVVVGACGVGKSALTIQLIQNHFVDEYDPTIEDSYRKQVVIDGETCLLDILDTAGQEEYSAMRDQYMRTGEGFLCVFAINNTKSFEDIHHYREQIKRVKDSEDVPMVLVGNKCDLPSRTVDTKQAQDLARSYGIPFIETSAKTRQGVDDAFYTLVREIRKHKEK	True	39.07	40.69	91.51	90	90	90	/Users/mitchellparker/Desktop/rascore_build/core/7a1xA_core.cif	/Users/mitchellparker/Desktop/rascore_build/rcsb/7a1x.cif.gz	/Users/mitchellparker/Desktop/rascore_build/renum/7a1x_renum.cif	/Users/mitchellparker/Desktop/rascore_build/rcsb_assembly/7a1x-assembly-1.cif.gz	/Users/mitchellparker/Desktop/rascore_build/renum_assembly/7a1x-assembly-1_renum.cif	/Users/mitchellparker/Desktop/rascore_build/sifts/7a1x.xml.gz	/Users/mitchellparker/Desktop/rascore_build/pocket/7a1xA_1_pocket.pdb
7a47A	7a47	0	A	Outlier	Outlier	Y32out	Y71out	P 31 2 1 (CF4)	7a47A1	1	GTPase KRas	RASK_HUMAN	P01116-2	G12C	G12	KRAS	2P	G12C	SP2	SP2.Unclassified	None	None	SP2-Bound	P 31 2 1	170	1-167	2020-08-19	SP2	964.7062	0.8578	Bound	SP2	12,13,17,18,20,21,25,27,28,29,30,31,32,33,34,36,37,38,39,40,57,59,60	GDP,QY5	None	QY5:32,17,57,59,40,37,36,20,21,12,60	None	None	SP2	SP2.Unclassified	QY5:CCC(=O)N(CCC(=O)Nc1ccnc(-n2ccnc2C)c1Br)c1ccnc(-n2ccnc2C)c1Br	None	None	None	GDP	None	QY5	None	None	None	QY5	XRAY	2.160	0.193	GMTEYKLVVVGACGVGKSALTIQLIQNHFVDEYDPTIEDSYRKQVVIDGETCLLDILDTAGQEEYSAMRDQYMRTGEGFLCVFAINNTKSFEDIHHYREQIKRVKDSEDVPMVLVGNKCDLPSRTVDTKQAQDLARSYGIPFIETSAKTRQGVDDAFYTLVREIRKHKEK	True	110.33	110.33	116.97	90	90	120	/Users/mitchellparker/Desktop/rascore_build/core/7a47A_core.cif	/Users/mitchellparker/Desktop/rascore_build/rcsb/7a47.cif.gz	/Users/mitchellparker/Desktop/rascore_build/renum/7a47_renum.cif	/Users/mitchellparker/Desktop/rascore_build/rcsb_assembly/7a47-assembly-1.cif.gz	/Users/mitchellparker/Desktop/rascore_build/renum_assembly/7a47-assembly-1_renum.cif	/Users/mitchellparker/Desktop/rascore_build/sifts/7a47.xml.gz	/Users/mitchellparker/Desktop/rascore_build/pocket/7a47A_1_pocket.pdb
7a47C	7a47	0	C	Outlier	Outlier	Y32out	Y71out	P 31 2 1 (CF4)	7a47C1	1	GTPase KRas	RASK_HUMAN	P01116-2	G12C	G12	KRAS	2P	G12C	SP2	SP2.Unclassified	None	None	SP2-Bound	P 31 2 1	170	1-167	2020-08-19	SP2	919.3295	0.8972	Bound	SP2	12,13,17,18,20,21,25,27,28,29,30,31,32,33,34,36,37,39,40,57,59,60	GDP,QY5	None	QY5:32,60,17,57,59,40,36,37,20,21,12	None	None	SP2	SP2.Unclassified	QY5:CCC(=O)N(CCC(=O)Nc1ccnc(-n2ccnc2C)c1Br)c1ccnc(-n2ccnc2C)c1Br	None	None	None	GDP	None	QY5	None	None	None	QY5	XRAY	2.160	0.193	GMTEYKLVVVGACGVGKSALTIQLIQNHFVDEYDPTIEDSYRKQVVIDGETCLLDILDTAGQEEYSAMRDQYMRTGEGFLCVFAINNTKSFEDIHHYREQIKRVKDSEDVPMVLVGNKCDLPSRTVDTKQAQDLARSYGIPFIETSAKTRQGVDDAFYTLVREIRKHKEK	True	110.33	110.33	116.97	90	90	120	/Users/mitchellparker/Desktop/rascore_build/core/7a47C_core.cif	/Users/mitchellparker/Desktop/rascore_build/rcsb/7a47.cif.gz	/Users/mitchellparker/Desktop/rascore_build/renum/7a47_renum.cif	/Users/mitchellparker/Desktop/rascore_build/rcsb_assembly/7a47-assembly-1.cif.gz	/Users/mitchellparker/Desktop/rascore_build/renum_assembly/7a47-assembly-1_renum.cif	/Users/mitchellparker/Desktop/rascore_build/sifts/7a47.xml.gz	/Users/mitchellparker/Desktop/rascore_build/pocket/7a47C_1_pocket.pdb
7a47E	7a47	0	E	Outlier	Outlier	Y32out	Y71out	P 31 2 1 (CF4)	7a47E1	1	GTPase KRas	RASK_HUMAN	P01116-2	G12C	G12	KRAS	2P	G12C	SP2	SP2.Unclassified	None	None	SP2-Bound	P 31 2 1	170	1-167	2020-08-19	SP2	933.5156	0.9004	Bound	SP2	12,13,17,18,20,21,25,27,28,29,30,31,32,33,34,36,37,39,40,57,59,60	GDP,QY5	None	QY5:32,57,17,59,40,36,37,21,20,12,60	None	None	SP2	SP2.Unclassified	QY5:CCC(=O)N(CCC(=O)Nc1ccnc(-n2ccnc2C)c1Br)c1ccnc(-n2ccnc2C)c1Br	None	None	None	GDP	None	QY5	None	None	None	QY5	XRAY	2.160	0.193	GMTEYKLVVVGACGVGKSALTIQLIQNHFVDEYDPTIEDSYRKQVVIDGETCLLDILDTAGQEEYSAMRDQYMRTGEGFLCVFAINNTKSFEDIHHYREQIKRVKDSEDVPMVLVGNKCDLPSRTVDTKQAQDLARSYGIPFIETSAKTRQGVDDAFYTLVREIRKHKEK	True	110.33	110.33	116.97	90	90	120	/Users/mitchellparker/Desktop/rascore_build/core/7a47E_core.cif	/Users/mitchellparker/Desktop/rascore_build/rcsb/7a47.cif.gz	/Users/mitchellparker/Desktop/rascore_build/renum/7a47_renum.cif	/Users/mitchellparker/Desktop/rascore_build/rcsb_assembly/7a47-assembly-1.cif.gz	/Users/mitchellparker/Desktop/rascore_build/renum_assembly/7a47-assembly-1_renum.cif	/Users/mitchellparker/Desktop/rascore_build/sifts/7a47.xml.gz	/Users/mitchellparker/Desktop/rascore_build/pocket/7a47E_1_pocket.pdb
7acaA	7aca	0	A	Y32in.3P-ON	Outlier	Y32in	Y71in	P 1 21 1 (CF18)	7acaA2	2	GTPase KRas	RASK_HUMAN	P01116-2	G12D	G12	KRAS	3P	G12D	SP12	SP12.Indole	None	None	SP12-Bound	P 1 21 1	170	1-167	2020-09-10	SP12	443.0340	0.3825	Bound	SP12	5,6,7,37,39,41,54,56,67,70,71,74,75	MG,GCP,R6W	None	R6W:1,3,41,54,52,74,70,71,37,5,56,6,7,75,39	None	None	SP12	SP12.Indole	R6W:O=C1NC(c2c(CNCCCCCCNCc3[nH]c4ccccc4c3C3NC(=O)c4ccc(O)cc43)[nH]c3ccccc23)c2cc(O)ccc21	None	None	None	GCP	MG	R6W	None	None	None	R6W	XRAY	1.570	0.189	GMTEYKLVVVGADGVGKSALTIQLIQNHFVDEYDPTIEDSYRKQVVIDGETCLLDILDTAGQEEYSAMRDQYMRTGEGFLCVFAINNTKSFEDIHHYREQIKRVKDSEDVPMVLVGNKCDLPSRTVDTKQAQDLARSYGIPFIETSAKTRQGVDDAFYTLVREIRKHKEK	True	69.264	67.185	71.435	90.00	96.47	90.00	/Users/mitchellparker/Desktop/rascore_build/core/7acaA_core.cif	/Users/mitchellparker/Desktop/rascore_build/rcsb/7aca.cif.gz	/Users/mitchellparker/Desktop/rascore_build/renum/7aca_renum.cif	/Users/mitchellparker/Desktop/rascore_build/rcsb_assembly/7aca-assembly-2.cif.gz	/Users/mitchellparker/Desktop/rascore_build/renum_assembly/7aca-assembly-2_renum.cif	/Users/mitchellparker/Desktop/rascore_build/sifts/7aca.xml.gz	/Users/mitchellparker/Desktop/rascore_build/pocket/7acaA_2_pocket.pdb
7acaB	7aca	0	B	Y32in.3P-ON	Y71in.3P-R	Y32in	Y71in	P 1 21 1 (CF18)	7acaB2	2	GTPase KRas	RASK_HUMAN	P01116-2	G12D	G12	KRAS	3P	G12D	SP12	SP12.Indole	None	None	SP12-Bound	P 1 21 1	170	1-167	2020-09-10	SP12	466.2952	0.1515	Bound	SP12	5,6,7,37,39,41,54,56,67,70,71,74,75	MG,GCP,R6W	None	R6W:1,3,41,54,52,74,70,71,37,5,56,6,7,75,39	None	None	SP12	SP12.Indole	R6W:O=C1NC(c2c(CNCCCCCCNCc3[nH]c4ccccc4c3C3NC(=O)c4ccc(O)cc43)[nH]c3ccccc23)c2cc(O)ccc21	None	None	None	GCP	MG	R6W	None	None	None	R6W	XRAY	1.570	0.189	GMTEYKLVVVGADGVGKSALTIQLIQNHFVDEYDPTIEDSYRKQVVIDGETCLLDILDTAGQEEYSAMRDQYMRTGEGFLCVFAINNTKSFEDIHHYREQIKRVKDSEDVPMVLVGNKCDLPSRTVDTKQAQDLARSYGIPFIETSAKTRQGVDDAFYTLVREIRKHKEK	True	69.264	67.185	71.435	90.00	96.47	90.00	/Users/mitchellparker/Desktop/rascore_build/core/7acaB_core.cif	/Users/mitchellparker/Desktop/rascore_build/rcsb/7aca.cif.gz	/Users/mitchellparker/Desktop/rascore_build/renum/7aca_renum.cif	/Users/mitchellparker/Desktop/rascore_build/rcsb_assembly/7aca-assembly-2.cif.gz	/Users/mitchellparker/Desktop/rascore_build/renum_assembly/7aca-assembly-2_renum.cif	/Users/mitchellparker/Desktop/rascore_build/sifts/7aca.xml.gz	/Users/mitchellparker/Desktop/rascore_build/pocket/7acaB_2_pocket.pdb
7acaC	7aca	0	C	Y32in.3P-ON	Disordered	Y32in	Y71in	P 1 21 1 (CF18)	7acaC2	2	GTPase KRas	RASK_HUMAN	P01116-2	G12D	G12	KRAS	3P	G12D	None	None	None	None	SP12-Unbound	P 1 21 1	170	1-61:67-167	2020-09-10	SP12	372.8053	0.1857	Unbound	Unbound	5,6,7,37,39,41,54,56,67,70,71,74,75	MG,GCP,EDO	None	None	None	None	None	None	None	None	None	None	GCP	MG	None	EDO	None	None	STP	XRAY	1.570	0.189	GMTEYKLVVVGADGVGKSALTIQLIQNHFVDEYDPTIEDSYRKQVVIDGETCLLDILDTAGQEEYSAMRDQYMRTGEGFLCVFAINNTKSFEDIHHYREQIKRVKDSEDVPMVLVGNKCDLPSRTVDTKQAQDLARSYGIPFIETSAKTRQGVDDAFYTLVREIRKHKEK	True	69.264	67.185	71.435	90.00	96.47	90.00	/Users/mitchellparker/Desktop/rascore_build/core/7acaC_core.cif	/Users/mitchellparker/Desktop/rascore_build/rcsb/7aca.cif.gz	/Users/mitchellparker/Desktop/rascore_build/renum/7aca_renum.cif	/Users/mitchellparker/Desktop/rascore_build/rcsb_assembly/7aca-assembly-2.cif.gz	/Users/mitchellparker/Desktop/rascore_build/renum_assembly/7aca-assembly-2_renum.cif	/Users/mitchellparker/Desktop/rascore_build/sifts/7aca.xml.gz	/Users/mitchellparker/Desktop/rascore_build/pocket/7acaC_2_pocket.pdb
7acaC	7aca	0	C	Y32in.3P-ON	Disordered	Y32in	Y71in	P 1 21 1 (CF18)	7acaC3	3	GTPase KRas	RASK_HUMAN	P01116-2	G12D	G12	KRAS	3P	G12D	None	None	None	None	SP12-Unbound	P 1 21 1	170	1-61:67-167	2020-09-10	Other	242.3868	0.0005	Unbound	Unbound	73,74,75,76,104,110,163,166,167	MG,GCP,EDO	None	None	None	None	None	None	None	None	None	None	GCP	MG	None	EDO	None	None	STP	XRAY	1.570	0.189	GMTEYKLVVVGADGVGKSALTIQLIQNHFVDEYDPTIEDSYRKQVVIDGETCLLDILDTAGQEEYSAMRDQYMRTGEGFLCVFAINNTKSFEDIHHYREQIKRVKDSEDVPMVLVGNKCDLPSRTVDTKQAQDLARSYGIPFIETSAKTRQGVDDAFYTLVREIRKHKEK	True	69.264	67.185	71.435	90.00	96.47	90.00	/Users/mitchellparker/Desktop/rascore_build/core/7acaC_core.cif	/Users/mitchellparker/Desktop/rascore_build/rcsb/7aca.cif.gz	/Users/mitchellparker/Desktop/rascore_build/renum/7aca_renum.cif	/Users/mitchellparker/Desktop/rascore_build/rcsb_assembly/7aca-assembly-2.cif.gz	/Users/mitchellparker/Desktop/rascore_build/renum_assembly/7aca-assembly-2_renum.cif	/Users/mitchellparker/Desktop/rascore_build/sifts/7aca.xml.gz	/Users/mitchellparker/Desktop/rascore_build/pocket/7acaC_3_pocket.pdb
7acaD	7aca	0	D	Y32in.3P-ON	Y71in.3P-SP12-A	Y32in	Y71in	P 1 21 1 (CF18)	7acaD2	2	GTPase KRas	RASK_HUMAN	P01116-2	G12D	G12	KRAS	3P	G12D	None	None	None	None	SP12-Unbound	P 1 21 1	170	1-167	2020-09-10	Other	292.9384	0.0062	Unbound	Unbound	73,74,75,76,104,106,108,109,110,163,166,167	MG,GCP	None	None	None	None	None	None	None	None	None	None	GCP	MG	None	None	None	None	STP	XRAY	1.570	0.189	GMTEYKLVVVGADGVGKSALTIQLIQNHFVDEYDPTIEDSYRKQVVIDGETCLLDILDTAGQEEYSAMRDQYMRTGEGFLCVFAINNTKSFEDIHHYREQIKRVKDSEDVPMVLVGNKCDLPSRTVDTKQAQDLARSYGIPFIETSAKTRQGVDDAFYTLVREIRKHKEK	True	69.264	67.185	71.435	90.00	96.47	90.00	/Users/mitchellparker/Desktop/rascore_build/core/7acaD_core.cif	/Users/mitchellparker/Desktop/rascore_build/rcsb/7aca.cif.gz	/Users/mitchellparker/Desktop/rascore_build/renum/7aca_renum.cif	/Users/mitchellparker/Desktop/rascore_build/rcsb_assembly/7aca-assembly-2.cif.gz	/Users/mitchellparker/Desktop/rascore_build/renum_assembly/7aca-assembly-2_renum.cif	/Users/mitchellparker/Desktop/rascore_build/sifts/7aca.xml.gz	/Users/mitchellparker/Desktop/rascore_build/pocket/7acaD_2_pocket.pdb
7acaD	7aca	0	D	Y32in.3P-ON	Y71in.3P-SP12-A	Y32in	Y71in	P 1 21 1 (CF18)	7acaD3	3	GTPase KRas	RASK_HUMAN	P01116-2	G12D	G12	KRAS	3P	G12D	None	None	None	None	SP12-Unbound	P 1 21 1	170	1-167	2020-09-10	SP12	214.9568	0.0745	Unbound	Unbound	5,6,7,39,41,54,56,71,74,75	MG,GCP	None	None	None	None	None	None	None	None	None	None	GCP	MG	None	None	None	None	STP	XRAY	1.570	0.189	GMTEYKLVVVGADGVGKSALTIQLIQNHFVDEYDPTIEDSYRKQVVIDGETCLLDILDTAGQEEYSAMRDQYMRTGEGFLCVFAINNTKSFEDIHHYREQIKRVKDSEDVPMVLVGNKCDLPSRTVDTKQAQDLARSYGIPFIETSAKTRQGVDDAFYTLVREIRKHKEK	True	69.264	67.185	71.435	90.00	96.47	90.00	/Users/mitchellparker/Desktop/rascore_build/core/7acaD_core.cif	/Users/mitchellparker/Desktop/rascore_build/rcsb/7aca.cif.gz	/Users/mitchellparker/Desktop/rascore_build/renum/7aca_renum.cif	/Users/mitchellparker/Desktop/rascore_build/rcsb_assembly/7aca-assembly-2.cif.gz	/Users/mitchellparker/Desktop/rascore_build/renum_assembly/7aca-assembly-2_renum.cif	/Users/mitchellparker/Desktop/rascore_build/sifts/7aca.xml.gz	/Users/mitchellparker/Desktop/rascore_build/pocket/7acaD_3_pocket.pdb
7acaD	7aca	0	D	Y32in.3P-ON	Y71in.3P-SP12-A	Y32in	Y71in	P 1 21 1 (CF18)	7acaD4	4	GTPase KRas	RASK_HUMAN	P01116-2	G12D	G12	KRAS	3P	G12D	None	None	None	None	SP12-Unbound	P 1 21 1	170	1-167	2020-09-10	Other	192.2455	0.0003	Unbound	Unbound	97,107,108,109,110,138,139,162,166	MG,GCP	None	None	None	None	None	None	None	None	None	None	GCP	MG	None	None	None	None	STP	XRAY	1.570	0.189	GMTEYKLVVVGADGVGKSALTIQLIQNHFVDEYDPTIEDSYRKQVVIDGETCLLDILDTAGQEEYSAMRDQYMRTGEGFLCVFAINNTKSFEDIHHYREQIKRVKDSEDVPMVLVGNKCDLPSRTVDTKQAQDLARSYGIPFIETSAKTRQGVDDAFYTLVREIRKHKEK	True	69.264	67.185	71.435	90.00	96.47	90.00	/Users/mitchellparker/Desktop/rascore_build/core/7acaD_core.cif	/Users/mitchellparker/Desktop/rascore_build/rcsb/7aca.cif.gz	/Users/mitchellparker/Desktop/rascore_build/renum/7aca_renum.cif	/Users/mitchellparker/Desktop/rascore_build/rcsb_assembly/7aca-assembly-2.cif.gz	/Users/mitchellparker/Desktop/rascore_build/renum_assembly/7aca-assembly-2_renum.cif	/Users/mitchellparker/Desktop/rascore_build/sifts/7aca.xml.gz	/Users/mitchellparker/Desktop/rascore_build/pocket/7acaD_4_pocket.pdb
7acaD	7aca	0	D	Y32in.3P-ON	Y71in.3P-SP12-A	Y32in	Y71in	P 1 21 1 (CF18)	7acaD5	5	GTPase KRas	RASK_HUMAN	P01116-2	G12D	G12	KRAS	3P	G12D	None	None	None	None	SP12-Unbound	P 1 21 1	170	1-167	2020-09-10	Other	218.7678	0.0002	Unbound	Unbound	11,12,60,61,86,88,92,96	MG,GCP	None	None	None	None	None	None	None	None	None	None	GCP	MG	None	None	None	None	STP	XRAY	1.570	0.189	GMTEYKLVVVGADGVGKSALTIQLIQNHFVDEYDPTIEDSYRKQVVIDGETCLLDILDTAGQEEYSAMRDQYMRTGEGFLCVFAINNTKSFEDIHHYREQIKRVKDSEDVPMVLVGNKCDLPSRTVDTKQAQDLARSYGIPFIETSAKTRQGVDDAFYTLVREIRKHKEK	True	69.264	67.185	71.435	90.00	96.47	90.00	/Users/mitchellparker/Desktop/rascore_build/core/7acaD_core.cif	/Users/mitchellparker/Desktop/rascore_build/rcsb/7aca.cif.gz	/Users/mitchellparker/Desktop/rascore_build/renum/7aca_renum.cif	/Users/mitchellparker/Desktop/rascore_build/rcsb_assembly/7aca-assembly-2.cif.gz	/Users/mitchellparker/Desktop/rascore_build/renum_assembly/7aca-assembly-2_renum.cif	/Users/mitchellparker/Desktop/rascore_build/sifts/7aca.xml.gz	/Users/mitchellparker/Desktop/rascore_build/pocket/7acaD_5_pocket.pdb
7acaD	7aca	0	D	Y32in.3P-ON	Y71in.3P-SP12-A	Y32in	Y71in	P 1 21 1 (CF18)	7acaD6	6	GTPase KRas	RASK_HUMAN	P01116-2	G12D	G12	KRAS	3P	G12D	None	None	None	None	SP12-Unbound	P 1 21 1	170	1-167	2020-09-10	Other	229.3822	0.0032	Unbound	Unbound	37,67,70,71,74	MG,GCP	None	None	None	None	None	None	None	None	None	None	GCP	MG	None	None	None	None	STP	XRAY	1.570	0.189	GMTEYKLVVVGADGVGKSALTIQLIQNHFVDEYDPTIEDSYRKQVVIDGETCLLDILDTAGQEEYSAMRDQYMRTGEGFLCVFAINNTKSFEDIHHYREQIKRVKDSEDVPMVLVGNKCDLPSRTVDTKQAQDLARSYGIPFIETSAKTRQGVDDAFYTLVREIRKHKEK	True	69.264	67.185	71.435	90.00	96.47	90.00	/Users/mitchellparker/Desktop/rascore_build/core/7acaD_core.cif	/Users/mitchellparker/Desktop/rascore_build/rcsb/7aca.cif.gz	/Users/mitchellparker/Desktop/rascore_build/renum/7aca_renum.cif	/Users/mitchellparker/Desktop/rascore_build/rcsb_assembly/7aca-assembly-2.cif.gz	/Users/mitchellparker/Desktop/rascore_build/renum_assembly/7aca-assembly-2_renum.cif	/Users/mitchellparker/Desktop/rascore_build/sifts/7aca.xml.gz	/Users/mitchellparker/Desktop/rascore_build/pocket/7acaD_6_pocket.pdb
7acaD	7aca	0	D	Y32in.3P-ON	Y71in.3P-SP12-A	Y32in	Y71in	P 1 21 1 (CF18)	7acaD7	7	GTPase KRas	RASK_HUMAN	P01116-2	G12D	G12	KRAS	3P	G12D	None	None	None	None	SP12-Unbound	P 1 21 1	170	1-167	2020-09-10	Other	443.4604	0.2668	Unbound	Unbound	35,36,37,59,61,62,63,64,67,68,71	MG,GCP	None	None	None	None	None	None	None	None	None	None	GCP	MG	None	None	None	None	STP	XRAY	1.570	0.189	GMTEYKLVVVGADGVGKSALTIQLIQNHFVDEYDPTIEDSYRKQVVIDGETCLLDILDTAGQEEYSAMRDQYMRTGEGFLCVFAINNTKSFEDIHHYREQIKRVKDSEDVPMVLVGNKCDLPSRTVDTKQAQDLARSYGIPFIETSAKTRQGVDDAFYTLVREIRKHKEK	True	69.264	67.185	71.435	90.00	96.47	90.00	/Users/mitchellparker/Desktop/rascore_build/core/7acaD_core.cif	/Users/mitchellparker/Desktop/rascore_build/rcsb/7aca.cif.gz	/Users/mitchellparker/Desktop/rascore_build/renum/7aca_renum.cif	/Users/mitchellparker/Desktop/rascore_build/rcsb_assembly/7aca-assembly-2.cif.gz	/Users/mitchellparker/Desktop/rascore_build/renum_assembly/7aca-assembly-2_renum.cif	/Users/mitchellparker/Desktop/rascore_build/sifts/7aca.xml.gz	/Users/mitchellparker/Desktop/rascore_build/pocket/7acaD_7_pocket.pdb
7acfA	7acf	0	A	Y32in.3P-ON	Outlier	Y32in	Y71in	P 31 1 2 (CF1)	7acfA2	2	GTPase KRas	RASK_HUMAN	P01116-2	G12D	G12	KRAS	3P	G12D	SP12	SP12.Indole	None	None	SP12-Bound	P 31 1 2	170	1-168	2020-09-10	SP12	347.0387	0.6642	Bound	SP12	5,6,7,37,39,41,54,56,67,70,71,74,75	MG,GCP,R6W	None	R6W:37,5,54,56,6,39,41,3,70,71,67,74,7,75,1	None	None	SP12	SP12.Indole	R6W:O=C1NC(c2c(CNCCCCCCNCc3[nH]c4ccccc4c3C3NC(=O)c4ccc(O)cc43)[nH]c3ccccc23)c2cc(O)ccc21	None	None	None	GCP	MG	R6W	None	None	None	R6W	XRAY	1.910	0.187	GMTEYKLVVVGADGVGKSALTIQLIQNHFVDEYDPTIEDSYRKQVVIDGETCLLDILDTAGQEEYSAMRDQYMRTGEGFLCVFAINNTKSFEDIHHYREQIKRVKDSEDVPMVLVGNKCDLPSRTVDTKQAQDLARSYGIPFIETSAKTRQGVDDAFYTLVREIRKHKEK	True	67.664	67.664	312.136	90.00	90.00	120.00	/Users/mitchellparker/Desktop/rascore_build/core/7acfA_core.cif	/Users/mitchellparker/Desktop/rascore_build/rcsb/7acf.cif.gz	/Users/mitchellparker/Desktop/rascore_build/renum/7acf_renum.cif	/Users/mitchellparker/Desktop/rascore_build/rcsb_assembly/7acf-assembly-1.cif.gz	/Users/mitchellparker/Desktop/rascore_build/renum_assembly/7acf-assembly-1_renum.cif	/Users/mitchellparker/Desktop/rascore_build/sifts/7acf.xml.gz	/Users/mitchellparker/Desktop/rascore_build/pocket/7acfA_2_pocket.pdb
7acfB	7acf	0	B	Y32in.3P-ON	Y71in.3P-R	Y32in	Y71in	P 31 1 2 (CF1)	7acfB2	2	GTPase KRas	RASK_HUMAN	P01116-2	G12D	G12	KRAS	3P	G12D	None	None	None	None	SP12-Unbound	P 31 1 2	170	1-167	2020-09-10	Other	226.6494	0.0003	Unbound	Unbound	97,107,108,109,110,137,138,139,162,165,166	MG,GCP	None	None	None	None	None	None	None	None	None	None	GCP	MG	None	None	None	None	STP	XRAY	1.910	0.187	GMTEYKLVVVGADGVGKSALTIQLIQNHFVDEYDPTIEDSYRKQVVIDGETCLLDILDTAGQEEYSAMRDQYMRTGEGFLCVFAINNTKSFEDIHHYREQIKRVKDSEDVPMVLVGNKCDLPSRTVDTKQAQDLARSYGIPFIETSAKTRQGVDDAFYTLVREIRKHKEK	True	67.664	67.664	312.136	90.00	90.00	120.00	/Users/mitchellparker/Desktop/rascore_build/core/7acfB_core.cif	/Users/mitchellparker/Desktop/rascore_build/rcsb/7acf.cif.gz	/Users/mitchellparker/Desktop/rascore_build/renum/7acf_renum.cif	/Users/mitchellparker/Desktop/rascore_build/rcsb_assembly/7acf-assembly-1.cif.gz	/Users/mitchellparker/Desktop/rascore_build/renum_assembly/7acf-assembly-1_renum.cif	/Users/mitchellparker/Desktop/rascore_build/sifts/7acf.xml.gz	/Users/mitchellparker/Desktop/rascore_build/pocket/7acfB_2_pocket.pdb
7acfB	7acf	0	B	Y32in.3P-ON	Y71in.3P-R	Y32in	Y71in	P 31 1 2 (CF1)	7acfB3	3	GTPase KRas	RASK_HUMAN	P01116-2	G12D	G12	KRAS	3P	G12D	None	None	None	None	SP12-Unbound	P 31 1 2	170	1-167	2020-09-10	Other	249.8735	0.0001	Unbound	Unbound	98,101,102,105,106,107	MG,GCP	None	None	None	None	None	None	None	None	None	None	GCP	MG	None	None	None	None	STP	XRAY	1.910	0.187	GMTEYKLVVVGADGVGKSALTIQLIQNHFVDEYDPTIEDSYRKQVVIDGETCLLDILDTAGQEEYSAMRDQYMRTGEGFLCVFAINNTKSFEDIHHYREQIKRVKDSEDVPMVLVGNKCDLPSRTVDTKQAQDLARSYGIPFIETSAKTRQGVDDAFYTLVREIRKHKEK	True	67.664	67.664	312.136	90.00	90.00	120.00	/Users/mitchellparker/Desktop/rascore_build/core/7acfB_core.cif	/Users/mitchellparker/Desktop/rascore_build/rcsb/7acf.cif.gz	/Users/mitchellparker/Desktop/rascore_build/renum/7acf_renum.cif	/Users/mitchellparker/Desktop/rascore_build/rcsb_assembly/7acf-assembly-1.cif.gz	/Users/mitchellparker/Desktop/rascore_build/renum_assembly/7acf-assembly-1_renum.cif	/Users/mitchellparker/Desktop/rascore_build/sifts/7acf.xml.gz	/Users/mitchellparker/Desktop/rascore_build/pocket/7acfB_3_pocket.pdb
7acfB	7acf	0	B	Y32in.3P-ON	Y71in.3P-R	Y32in	Y71in	P 31 1 2 (CF1)	7acfB4	4	GTPase KRas	RASK_HUMAN	P01116-2	G12D	G12	KRAS	3P	G12D	None	None	None	None	SP12-Unbound	P 31 1 2	170	1-167	2020-09-10	SP12	350.9436	0.5328	Unbound	Unbound	5,6,7,37,39,41,54,56,67,70,71,74,75	MG,GCP	None	None	None	None	None	None	None	None	None	None	GCP	MG	None	None	None	None	STP	XRAY	1.910	0.187	GMTEYKLVVVGADGVGKSALTIQLIQNHFVDEYDPTIEDSYRKQVVIDGETCLLDILDTAGQEEYSAMRDQYMRTGEGFLCVFAINNTKSFEDIHHYREQIKRVKDSEDVPMVLVGNKCDLPSRTVDTKQAQDLARSYGIPFIETSAKTRQGVDDAFYTLVREIRKHKEK	True	67.664	67.664	312.136	90.00	90.00	120.00	/Users/mitchellparker/Desktop/rascore_build/core/7acfB_core.cif	/Users/mitchellparker/Desktop/rascore_build/rcsb/7acf.cif.gz	/Users/mitchellparker/Desktop/rascore_build/renum/7acf_renum.cif	/Users/mitchellparker/Desktop/rascore_build/rcsb_assembly/7acf-assembly-1.cif.gz	/Users/mitchellparker/Desktop/rascore_build/renum_assembly/7acf-assembly-1_renum.cif	/Users/mitchellparker/Desktop/rascore_build/sifts/7acf.xml.gz	/Users/mitchellparker/Desktop/rascore_build/pocket/7acfB_4_pocket.pdb
7acfB	7acf	0	B	Y32in.3P-ON	Y71in.3P-R	Y32in	Y71in	P 31 1 2 (CF1)	7acfB5	5	GTPase KRas	RASK_HUMAN	P01116-2	G12D	G12	KRAS	3P	G12D	None	None	None	None	SP12-Unbound	P 31 1 2	170	1-167	2020-09-10	Other	217.7809	0.0000	Unbound	Unbound	131,134,135,139,141	MG,GCP	None	None	None	None	None	None	None	None	None	None	GCP	MG	None	None	None	None	STP	XRAY	1.910	0.187	GMTEYKLVVVGADGVGKSALTIQLIQNHFVDEYDPTIEDSYRKQVVIDGETCLLDILDTAGQEEYSAMRDQYMRTGEGFLCVFAINNTKSFEDIHHYREQIKRVKDSEDVPMVLVGNKCDLPSRTVDTKQAQDLARSYGIPFIETSAKTRQGVDDAFYTLVREIRKHKEK	True	67.664	67.664	312.136	90.00	90.00	120.00	/Users/mitchellparker/Desktop/rascore_build/core/7acfB_core.cif	/Users/mitchellparker/Desktop/rascore_build/rcsb/7acf.cif.gz	/Users/mitchellparker/Desktop/rascore_build/renum/7acf_renum.cif	/Users/mitchellparker/Desktop/rascore_build/rcsb_assembly/7acf-assembly-1.cif.gz	/Users/mitchellparker/Desktop/rascore_build/renum_assembly/7acf-assembly-1_renum.cif	/Users/mitchellparker/Desktop/rascore_build/sifts/7acf.xml.gz	/Users/mitchellparker/Desktop/rascore_build/pocket/7acfB_5_pocket.pdb
7acfB	7acf	0	B	Y32in.3P-ON	Y71in.3P-R	Y32in	Y71in	P 31 1 2 (CF1)	7acfB6	6	GTPase KRas	RASK_HUMAN	P01116-2	G12D	G12	KRAS	3P	G12D	None	None	None	None	SP12-Unbound	P 31 1 2	170	1-167	2020-09-10	Other	275.4200	0.0013	Unbound	Unbound	76,104,106,108,110,163,166,167	MG,GCP	None	None	None	None	None	None	None	None	None	None	GCP	MG	None	None	None	None	STP	XRAY	1.910	0.187	GMTEYKLVVVGADGVGKSALTIQLIQNHFVDEYDPTIEDSYRKQVVIDGETCLLDILDTAGQEEYSAMRDQYMRTGEGFLCVFAINNTKSFEDIHHYREQIKRVKDSEDVPMVLVGNKCDLPSRTVDTKQAQDLARSYGIPFIETSAKTRQGVDDAFYTLVREIRKHKEK	True	67.664	67.664	312.136	90.00	90.00	120.00	/Users/mitchellparker/Desktop/rascore_build/core/7acfB_core.cif	/Users/mitchellparker/Desktop/rascore_build/rcsb/7acf.cif.gz	/Users/mitchellparker/Desktop/rascore_build/renum/7acf_renum.cif	/Users/mitchellparker/Desktop/rascore_build/rcsb_assembly/7acf-assembly-1.cif.gz	/Users/mitchellparker/Desktop/rascore_build/renum_assembly/7acf-assembly-1_renum.cif	/Users/mitchellparker/Desktop/rascore_build/sifts/7acf.xml.gz	/Users/mitchellparker/Desktop/rascore_build/pocket/7acfB_6_pocket.pdb
7acfB	7acf	0	B	Y32in.3P-ON	Y71in.3P-R	Y32in	Y71in	P 31 1 2 (CF1)	7acfB7	7	GTPase KRas	RASK_HUMAN	P01116-2	G12D	G12	KRAS	3P	G12D	None	None	None	None	SP12-Unbound	P 31 1 2	170	1-167	2020-09-10	Other	548.8705	0.0017	Unbound	Unbound	68,72,88,92,94,95,96,98,99,102	MG,GCP	None	None	None	None	None	None	None	None	None	None	GCP	MG	None	None	None	None	STP	XRAY	1.910	0.187	GMTEYKLVVVGADGVGKSALTIQLIQNHFVDEYDPTIEDSYRKQVVIDGETCLLDILDTAGQEEYSAMRDQYMRTGEGFLCVFAINNTKSFEDIHHYREQIKRVKDSEDVPMVLVGNKCDLPSRTVDTKQAQDLARSYGIPFIETSAKTRQGVDDAFYTLVREIRKHKEK	True	67.664	67.664	312.136	90.00	90.00	120.00	/Users/mitchellparker/Desktop/rascore_build/core/7acfB_core.cif	/Users/mitchellparker/Desktop/rascore_build/rcsb/7acf.cif.gz	/Users/mitchellparker/Desktop/rascore_build/renum/7acf_renum.cif	/Users/mitchellparker/Desktop/rascore_build/rcsb_assembly/7acf-assembly-1.cif.gz	/Users/mitchellparker/Desktop/rascore_build/renum_assembly/7acf-assembly-1_renum.cif	/Users/mitchellparker/Desktop/rascore_build/sifts/7acf.xml.gz	/Users/mitchellparker/Desktop/rascore_build/pocket/7acfB_7_pocket.pdb
7acfC	7acf	0	C	Y32in.3P-ON	Y71in.3P-SP12-A	Y32in	Y71in	P 31 1 2 (CF1)	7acfC2	2	GTPase KRas	RASK_HUMAN	P01116-2	G12D	G12	KRAS	3P	G12D	SP12	SP12.Indole	None	None	SP12-Bound	P 31 1 2	170	1-167	2020-09-10	SP12	375.1747	0.7318	Bound	SP12	5,6,7,37,39,41,54,56,67,70,71,74,75	MG,GCP,R6W	None	R6W:3,41,54,1,52,70,71,67,37,74,5,56,6,7,75,39	None	None	SP12	SP12.Indole	R6W:O=C1NC(c2c(CNCCCCCCNCc3[nH]c4ccccc4c3C3NC(=O)c4ccc(O)cc43)[nH]c3ccccc23)c2cc(O)ccc21	None	None	None	GCP	MG	R6W	None	None	None	R6W	XRAY	1.910	0.187	GMTEYKLVVVGADGVGKSALTIQLIQNHFVDEYDPTIEDSYRKQVVIDGETCLLDILDTAGQEEYSAMRDQYMRTGEGFLCVFAINNTKSFEDIHHYREQIKRVKDSEDVPMVLVGNKCDLPSRTVDTKQAQDLARSYGIPFIETSAKTRQGVDDAFYTLVREIRKHKEK	True	67.664	67.664	312.136	90.00	90.00	120.00	/Users/mitchellparker/Desktop/rascore_build/core/7acfC_core.cif	/Users/mitchellparker/Desktop/rascore_build/rcsb/7acf.cif.gz	/Users/mitchellparker/Desktop/rascore_build/renum/7acf_renum.cif	/Users/mitchellparker/Desktop/rascore_build/rcsb_assembly/7acf-assembly-1.cif.gz	/Users/mitchellparker/Desktop/rascore_build/renum_assembly/7acf-assembly-1_renum.cif	/Users/mitchellparker/Desktop/rascore_build/sifts/7acf.xml.gz	/Users/mitchellparker/Desktop/rascore_build/pocket/7acfC_2_pocket.pdb
7acfD	7acf	0	D	Y32in.3P-ON	Y71in.3P-SP12-A	Y32in	Y71in	P 31 1 2 (CF1)	7acfD2	2	GTPase KRas	RASK_HUMAN	P01116-2	G12D	G12	KRAS	3P	G12D	None	None	None	None	Multiple-Unbound	P 31 1 2	170	1-167	2020-09-10	SP12	361.2049	0.4241	Unbound	Unbound	5,6,7,37,39,41,54,56,67,70,71,74,75	MG,GCP	None	None	None	None	None	None	None	None	None	None	GCP	MG	None	None	None	None	STP	XRAY	1.910	0.187	GMTEYKLVVVGADGVGKSALTIQLIQNHFVDEYDPTIEDSYRKQVVIDGETCLLDILDTAGQEEYSAMRDQYMRTGEGFLCVFAINNTKSFEDIHHYREQIKRVKDSEDVPMVLVGNKCDLPSRTVDTKQAQDLARSYGIPFIETSAKTRQGVDDAFYTLVREIRKHKEK	True	67.664	67.664	312.136	90.00	90.00	120.00	/Users/mitchellparker/Desktop/rascore_build/core/7acfD_core.cif	/Users/mitchellparker/Desktop/rascore_build/rcsb/7acf.cif.gz	/Users/mitchellparker/Desktop/rascore_build/renum/7acf_renum.cif	/Users/mitchellparker/Desktop/rascore_build/rcsb_assembly/7acf-assembly-1.cif.gz	/Users/mitchellparker/Desktop/rascore_build/renum_assembly/7acf-assembly-1_renum.cif	/Users/mitchellparker/Desktop/rascore_build/sifts/7acf.xml.gz	/Users/mitchellparker/Desktop/rascore_build/pocket/7acfD_2_pocket.pdb
7acfD	7acf	0	D	Y32in.3P-ON	Y71in.3P-SP12-A	Y32in	Y71in	P 31 1 2 (CF1)	7acfD3	3	GTPase KRas	RASK_HUMAN	P01116-2	G12D	G12	KRAS	3P	G12D	None	None	None	None	Multiple-Unbound	P 31 1 2	170	1-167	2020-09-10	Other	500.4521	0.0058	Unbound	Unbound	73,74,75,76,103,104,106,108,109,110,163,166,167	MG,GCP	None	None	None	None	None	None	None	None	None	None	GCP	MG	None	None	None	None	STP	XRAY	1.910	0.187	GMTEYKLVVVGADGVGKSALTIQLIQNHFVDEYDPTIEDSYRKQVVIDGETCLLDILDTAGQEEYSAMRDQYMRTGEGFLCVFAINNTKSFEDIHHYREQIKRVKDSEDVPMVLVGNKCDLPSRTVDTKQAQDLARSYGIPFIETSAKTRQGVDDAFYTLVREIRKHKEK	True	67.664	67.664	312.136	90.00	90.00	120.00	/Users/mitchellparker/Desktop/rascore_build/core/7acfD_core.cif	/Users/mitchellparker/Desktop/rascore_build/rcsb/7acf.cif.gz	/Users/mitchellparker/Desktop/rascore_build/renum/7acf_renum.cif	/Users/mitchellparker/Desktop/rascore_build/rcsb_assembly/7acf-assembly-1.cif.gz	/Users/mitchellparker/Desktop/rascore_build/renum_assembly/7acf-assembly-1_renum.cif	/Users/mitchellparker/Desktop/rascore_build/sifts/7acf.xml.gz	/Users/mitchellparker/Desktop/rascore_build/pocket/7acfD_3_pocket.pdb
7acfD	7acf	0	D	Y32in.3P-ON	Y71in.3P-SP12-A	Y32in	Y71in	P 31 1 2 (CF1)	7acfD4	4	GTPase KRas	RASK_HUMAN	P01116-2	G12D	G12	KRAS	3P	G12D	None	None	None	None	Multiple-Unbound	P 31 1 2	170	1-167	2020-09-10	SP2	456.4278	0.1975	Unbound	Unbound	59,60,62,68,71,72,92,95,96,99	MG,GCP	None	None	None	None	None	None	None	None	None	None	GCP	MG	None	None	None	None	STP	XRAY	1.910	0.187	GMTEYKLVVVGADGVGKSALTIQLIQNHFVDEYDPTIEDSYRKQVVIDGETCLLDILDTAGQEEYSAMRDQYMRTGEGFLCVFAINNTKSFEDIHHYREQIKRVKDSEDVPMVLVGNKCDLPSRTVDTKQAQDLARSYGIPFIETSAKTRQGVDDAFYTLVREIRKHKEK	True	67.664	67.664	312.136	90.00	90.00	120.00	/Users/mitchellparker/Desktop/rascore_build/core/7acfD_core.cif	/Users/mitchellparker/Desktop/rascore_build/rcsb/7acf.cif.gz	/Users/mitchellparker/Desktop/rascore_build/renum/7acf_renum.cif	/Users/mitchellparker/Desktop/rascore_build/rcsb_assembly/7acf-assembly-1.cif.gz	/Users/mitchellparker/Desktop/rascore_build/renum_assembly/7acf-assembly-1_renum.cif	/Users/mitchellparker/Desktop/rascore_build/sifts/7acf.xml.gz	/Users/mitchellparker/Desktop/rascore_build/pocket/7acfD_4_pocket.pdb
7acfD	7acf	0	D	Y32in.3P-ON	Y71in.3P-SP12-A	Y32in	Y71in	P 31 1 2 (CF1)	7acfD5	5	GTPase KRas	RASK_HUMAN	P01116-2	G12D	G12	KRAS	3P	G12D	None	None	None	None	Multiple-Unbound	P 31 1 2	170	1-167	2020-09-10	Other	281.4539	0.0001	Unbound	Unbound	97,107,108,109,110,137,138,139,162,165,166	MG,GCP	None	None	None	None	None	None	None	None	None	None	GCP	MG	None	None	None	None	STP	XRAY	1.910	0.187	GMTEYKLVVVGADGVGKSALTIQLIQNHFVDEYDPTIEDSYRKQVVIDGETCLLDILDTAGQEEYSAMRDQYMRTGEGFLCVFAINNTKSFEDIHHYREQIKRVKDSEDVPMVLVGNKCDLPSRTVDTKQAQDLARSYGIPFIETSAKTRQGVDDAFYTLVREIRKHKEK	True	67.664	67.664	312.136	90.00	90.00	120.00	/Users/mitchellparker/Desktop/rascore_build/core/7acfD_core.cif	/Users/mitchellparker/Desktop/rascore_build/rcsb/7acf.cif.gz	/Users/mitchellparker/Desktop/rascore_build/renum/7acf_renum.cif	/Users/mitchellparker/Desktop/rascore_build/rcsb_assembly/7acf-assembly-1.cif.gz	/Users/mitchellparker/Desktop/rascore_build/renum_assembly/7acf-assembly-1_renum.cif	/Users/mitchellparker/Desktop/rascore_build/sifts/7acf.xml.gz	/Users/mitchellparker/Desktop/rascore_build/pocket/7acfD_5_pocket.pdb
7acfD	7acf	0	D	Y32in.3P-ON	Y71in.3P-SP12-A	Y32in	Y71in	P 31 1 2 (CF1)	7acfD6	6	GTPase KRas	RASK_HUMAN	P01116-2	G12D	G12	KRAS	3P	G12D	None	None	None	None	Multiple-Unbound	P 31 1 2	170	1-167	2020-09-10	Other	179.0386	0.0018	Unbound	Unbound	36,37,62,64,67	MG,GCP	None	None	None	None	None	None	None	None	None	None	GCP	MG	None	None	None	None	STP	XRAY	1.910	0.187	GMTEYKLVVVGADGVGKSALTIQLIQNHFVDEYDPTIEDSYRKQVVIDGETCLLDILDTAGQEEYSAMRDQYMRTGEGFLCVFAINNTKSFEDIHHYREQIKRVKDSEDVPMVLVGNKCDLPSRTVDTKQAQDLARSYGIPFIETSAKTRQGVDDAFYTLVREIRKHKEK	True	67.664	67.664	312.136	90.00	90.00	120.00	/Users/mitchellparker/Desktop/rascore_build/core/7acfD_core.cif	/Users/mitchellparker/Desktop/rascore_build/rcsb/7acf.cif.gz	/Users/mitchellparker/Desktop/rascore_build/renum/7acf_renum.cif	/Users/mitchellparker/Desktop/rascore_build/rcsb_assembly/7acf-assembly-1.cif.gz	/Users/mitchellparker/Desktop/rascore_build/renum_assembly/7acf-assembly-1_renum.cif	/Users/mitchellparker/Desktop/rascore_build/sifts/7acf.xml.gz	/Users/mitchellparker/Desktop/rascore_build/pocket/7acfD_6_pocket.pdb
7acfD	7acf	0	D	Y32in.3P-ON	Y71in.3P-SP12-A	Y32in	Y71in	P 31 1 2 (CF1)	7acfD7	7	GTPase KRas	RASK_HUMAN	P01116-2	G12D	G12	KRAS	3P	G12D	None	None	None	None	Multiple-Unbound	P 31 1 2	170	1-167	2020-09-10	Other	250.6803	0.0005	Unbound	Unbound	35,36,59,61,62,63,64	MG,GCP	None	None	None	None	None	None	None	None	None	None	GCP	MG	None	None	None	None	STP	XRAY	1.910	0.187	GMTEYKLVVVGADGVGKSALTIQLIQNHFVDEYDPTIEDSYRKQVVIDGETCLLDILDTAGQEEYSAMRDQYMRTGEGFLCVFAINNTKSFEDIHHYREQIKRVKDSEDVPMVLVGNKCDLPSRTVDTKQAQDLARSYGIPFIETSAKTRQGVDDAFYTLVREIRKHKEK	True	67.664	67.664	312.136	90.00	90.00	120.00	/Users/mitchellparker/Desktop/rascore_build/core/7acfD_core.cif	/Users/mitchellparker/Desktop/rascore_build/rcsb/7acf.cif.gz	/Users/mitchellparker/Desktop/rascore_build/renum/7acf_renum.cif	/Users/mitchellparker/Desktop/rascore_build/rcsb_assembly/7acf-assembly-1.cif.gz	/Users/mitchellparker/Desktop/rascore_build/renum_assembly/7acf-assembly-1_renum.cif	/Users/mitchellparker/Desktop/rascore_build/sifts/7acf.xml.gz	/Users/mitchellparker/Desktop/rascore_build/pocket/7acfD_7_pocket.pdb
7achA	7ach	0	A	Y32in.3P-ON	Y71in.3P-R	Y32in	Y71in	P 1 21 1 (CF13)	7achA2	2	GTPase KRas	RASK_HUMAN	P01116-2	G12D	G12	KRAS	3P	G12D	SP12	SP12.Indole	None	None	SP12-Bound	P 1 21 1	170	1-167	2020-09-10	SP12	217.1770	0.1635	Bound	SP12	5,6,7,39,54,56,71,74,75	R6W,GCP,MG	None	R6W:54,39,74,70,71,37,56,6,7,75,5	None	None	SP12	SP12.Indole	R6W:O=C1NC(c2c(CNCCCCCCNCc3[nH]c4ccccc4c3C3NC(=O)c4ccc(O)cc43)[nH]c3ccccc23)c2cc(O)ccc21	None	None	None	GCP	MG	R6W	None	None	None	R6W	XRAY	1.900	0.175	GMTEYKLVVVGADGVGKSALTIQLIQNHFVDEYDPTIEDSYRKQVVIDGETCLLDILDTAGQEEYSAMRDQYMRTGEGFLCVFAINNTKSFEDIHHYREQIKRVKDSEDVPMVLVGNKCDLPSRTVDTKQAQDLARSYGIPFIETSAKTRQGVDDAFYTLVREIRKHKEK	True	43.018	72.773	54.437	90.00	103.57	90.00	/Users/mitchellparker/Desktop/rascore_build/core/7achA_core.cif	/Users/mitchellparker/Desktop/rascore_build/rcsb/7ach.cif.gz	/Users/mitchellparker/Desktop/rascore_build/renum/7ach_renum.cif	/Users/mitchellparker/Desktop/rascore_build/rcsb_assembly/7ach-assembly-1.cif.gz	/Users/mitchellparker/Desktop/rascore_build/renum_assembly/7ach-assembly-1_renum.cif	/Users/mitchellparker/Desktop/rascore_build/sifts/7ach.xml.gz	/Users/mitchellparker/Desktop/rascore_build/pocket/7achA_2_pocket.pdb
7achB	7ach	0	B	Y32in.3P-ON	Y71in.3P-R	Y32in	Y71in	P 1 21 1 (CF13)	7achB2	2	GTPase KRas	RASK_HUMAN	P01116-2	G12D	G12	KRAS	3P	G12D	None	None	None	None	SP12-Unbound	P 1 21 1	170	1-167	2020-09-10	Other	159.9670	0.0005	Unbound	Unbound	107,108,109,110,137,138,139,162,165,166	GCP,MG	None	None	None	None	None	None	None	None	None	None	GCP	MG	None	None	None	None	STP	XRAY	1.900	0.175	GMTEYKLVVVGADGVGKSALTIQLIQNHFVDEYDPTIEDSYRKQVVIDGETCLLDILDTAGQEEYSAMRDQYMRTGEGFLCVFAINNTKSFEDIHHYREQIKRVKDSEDVPMVLVGNKCDLPSRTVDTKQAQDLARSYGIPFIETSAKTRQGVDDAFYTLVREIRKHKEK	True	43.018	72.773	54.437	90.00	103.57	90.00	/Users/mitchellparker/Desktop/rascore_build/core/7achB_core.cif	/Users/mitchellparker/Desktop/rascore_build/rcsb/7ach.cif.gz	/Users/mitchellparker/Desktop/rascore_build/renum/7ach_renum.cif	/Users/mitchellparker/Desktop/rascore_build/rcsb_assembly/7ach-assembly-1.cif.gz	/Users/mitchellparker/Desktop/rascore_build/renum_assembly/7ach-assembly-1_renum.cif	/Users/mitchellparker/Desktop/rascore_build/sifts/7ach.xml.gz	/Users/mitchellparker/Desktop/rascore_build/pocket/7achB_2_pocket.pdb
7achB	7ach	0	B	Y32in.3P-ON	Y71in.3P-R	Y32in	Y71in	P 1 21 1 (CF13)	7achB3	3	GTPase KRas	RASK_HUMAN	P01116-2	G12D	G12	KRAS	3P	G12D	None	None	None	None	SP12-Unbound	P 1 21 1	170	1-167	2020-09-10	Other	358.2947	0.0399	Unbound	Unbound	73,74,75,76,104,106,108,109,110,163,166	GCP,MG	None	None	None	None	None	None	None	None	None	None	GCP	MG	None	None	None	None	STP	XRAY	1.900	0.175	GMTEYKLVVVGADGVGKSALTIQLIQNHFVDEYDPTIEDSYRKQVVIDGETCLLDILDTAGQEEYSAMRDQYMRTGEGFLCVFAINNTKSFEDIHHYREQIKRVKDSEDVPMVLVGNKCDLPSRTVDTKQAQDLARSYGIPFIETSAKTRQGVDDAFYTLVREIRKHKEK	True	43.018	72.773	54.437	90.00	103.57	90.00	/Users/mitchellparker/Desktop/rascore_build/core/7achB_core.cif	/Users/mitchellparker/Desktop/rascore_build/rcsb/7ach.cif.gz	/Users/mitchellparker/Desktop/rascore_build/renum/7ach_renum.cif	/Users/mitchellparker/Desktop/rascore_build/rcsb_assembly/7ach-assembly-1.cif.gz	/Users/mitchellparker/Desktop/rascore_build/renum_assembly/7ach-assembly-1_renum.cif	/Users/mitchellparker/Desktop/rascore_build/sifts/7ach.xml.gz	/Users/mitchellparker/Desktop/rascore_build/pocket/7achB_3_pocket.pdb
7achB	7ach	0	B	Y32in.3P-ON	Y71in.3P-R	Y32in	Y71in	P 1 21 1 (CF13)	7achB4	4	GTPase KRas	RASK_HUMAN	P01116-2	G12D	G12	KRAS	3P	G12D	None	None	None	None	SP12-Unbound	P 1 21 1	170	1-167	2020-09-10	Other	209.8318	0.0001	Unbound	Unbound	11,12,60,62,86,88,89,92,96	GCP,MG	None	None	None	None	None	None	None	None	None	None	GCP	MG	None	None	None	None	STP	XRAY	1.900	0.175	GMTEYKLVVVGADGVGKSALTIQLIQNHFVDEYDPTIEDSYRKQVVIDGETCLLDILDTAGQEEYSAMRDQYMRTGEGFLCVFAINNTKSFEDIHHYREQIKRVKDSEDVPMVLVGNKCDLPSRTVDTKQAQDLARSYGIPFIETSAKTRQGVDDAFYTLVREIRKHKEK	True	43.018	72.773	54.437	90.00	103.57	90.00	/Users/mitchellparker/Desktop/rascore_build/core/7achB_core.cif	/Users/mitchellparker/Desktop/rascore_build/rcsb/7ach.cif.gz	/Users/mitchellparker/Desktop/rascore_build/renum/7ach_renum.cif	/Users/mitchellparker/Desktop/rascore_build/rcsb_assembly/7ach-assembly-1.cif.gz	/Users/mitchellparker/Desktop/rascore_build/renum_assembly/7ach-assembly-1_renum.cif	/Users/mitchellparker/Desktop/rascore_build/sifts/7ach.xml.gz	/Users/mitchellparker/Desktop/rascore_build/pocket/7achB_4_pocket.pdb
7achB	7ach	0	B	Y32in.3P-ON	Y71in.3P-R	Y32in	Y71in	P 1 21 1 (CF13)	7achB5	5	GTPase KRas	RASK_HUMAN	P01116-2	G12D	G12	KRAS	3P	G12D	None	None	None	None	SP12-Unbound	P 1 21 1	170	1-167	2020-09-10	SP12	237.2622	0.0119	Unbound	Unbound	5,6,7,39,54,56,71,74,75	GCP,MG	None	None	None	None	None	None	None	None	None	None	GCP	MG	None	None	None	None	STP	XRAY	1.900	0.175	GMTEYKLVVVGADGVGKSALTIQLIQNHFVDEYDPTIEDSYRKQVVIDGETCLLDILDTAGQEEYSAMRDQYMRTGEGFLCVFAINNTKSFEDIHHYREQIKRVKDSEDVPMVLVGNKCDLPSRTVDTKQAQDLARSYGIPFIETSAKTRQGVDDAFYTLVREIRKHKEK	True	43.018	72.773	54.437	90.00	103.57	90.00	/Users/mitchellparker/Desktop/rascore_build/core/7achB_core.cif	/Users/mitchellparker/Desktop/rascore_build/rcsb/7ach.cif.gz	/Users/mitchellparker/Desktop/rascore_build/renum/7ach_renum.cif	/Users/mitchellparker/Desktop/rascore_build/rcsb_assembly/7ach-assembly-1.cif.gz	/Users/mitchellparker/Desktop/rascore_build/renum_assembly/7ach-assembly-1_renum.cif	/Users/mitchellparker/Desktop/rascore_build/sifts/7ach.xml.gz	/Users/mitchellparker/Desktop/rascore_build/pocket/7achB_5_pocket.pdb
7achB	7ach	0	B	Y32in.3P-ON	Y71in.3P-R	Y32in	Y71in	P 1 21 1 (CF13)	7achB6	6	GTPase KRas	RASK_HUMAN	P01116-2	G12D	G12	KRAS	3P	G12D	None	None	None	None	SP12-Unbound	P 1 21 1	170	1-167	2020-09-10	SP12	233.5551	0.0001	Unbound	Unbound	37,56,67,70,71,74	GCP,MG	None	None	None	None	None	None	None	None	None	None	GCP	MG	None	None	None	None	STP	XRAY	1.900	0.175	GMTEYKLVVVGADGVGKSALTIQLIQNHFVDEYDPTIEDSYRKQVVIDGETCLLDILDTAGQEEYSAMRDQYMRTGEGFLCVFAINNTKSFEDIHHYREQIKRVKDSEDVPMVLVGNKCDLPSRTVDTKQAQDLARSYGIPFIETSAKTRQGVDDAFYTLVREIRKHKEK	True	43.018	72.773	54.437	90.00	103.57	90.00	/Users/mitchellparker/Desktop/rascore_build/core/7achB_core.cif	/Users/mitchellparker/Desktop/rascore_build/rcsb/7ach.cif.gz	/Users/mitchellparker/Desktop/rascore_build/renum/7ach_renum.cif	/Users/mitchellparker/Desktop/rascore_build/rcsb_assembly/7ach-assembly-1.cif.gz	/Users/mitchellparker/Desktop/rascore_build/renum_assembly/7ach-assembly-1_renum.cif	/Users/mitchellparker/Desktop/rascore_build/sifts/7ach.xml.gz	/Users/mitchellparker/Desktop/rascore_build/pocket/7achB_6_pocket.pdb
7acqA	7acq	0	A	Y32out.2P-OFF	Disordered	Y32out	Y71in	C 1 2 1 (CF12)	7acqA1	1	GTPase KRas	RASK_HUMAN	P01116-2	G12D	G12	KRAS	2P	G12D	None	None	None	None	SP12-Unbound	C 1 2 1	170	1-61:65-167	2020-09-11	SP12	295.9753	0.3436	Unbound	Unbound	5,6,7,39,54,56,70,71,74,75	GDP,MG	None	None	None	None	None	None	None	None	None	None	GDP	MG	None	None	None	None	STP	XRAY	1.860	0.175	GMTEYKLVVVGADGVGKSALTIQLIQNHFVDEYDPTIEDSYRKQVVIDGETCLLDILDTAGQEEYSAMRDQYMRTGEGFLCVFAINNTKSFEDIHHYREQIKRVKDSEDVPMVLVGNKCDLPSRTVDTKQAQDLARSYGIPFIETSAKTRQGVDDAFYTLVREIRKHKEK	True	114.883	66.316	74.537	90.00	95.12	90.00	/Users/mitchellparker/Desktop/rascore_build/core/7acqA_core.cif	/Users/mitchellparker/Desktop/rascore_build/rcsb/7acq.cif.gz	/Users/mitchellparker/Desktop/rascore_build/renum/7acq_renum.cif	/Users/mitchellparker/Desktop/rascore_build/rcsb_assembly/7acq-assembly-1.cif.gz	/Users/mitchellparker/Desktop/rascore_build/renum_assembly/7acq-assembly-1_renum.cif	/Users/mitchellparker/Desktop/rascore_build/sifts/7acq.xml.gz	/Users/mitchellparker/Desktop/rascore_build/pocket/7acqA_1_pocket.pdb
7acqA	7acq	0	A	Y32out.2P-OFF	Disordered	Y32out	Y71in	C 1 2 1 (CF12)	7acqA2	2	GTPase KRas	RASK_HUMAN	P01116-2	G12D	G12	KRAS	2P	G12D	None	None	None	None	SP12-Unbound	C 1 2 1	170	1-61:65-167	2020-09-11	Other	317.4305	0.0777	Unbound	Unbound	73,74,75,76,104,106,109,110,163,166,167	GDP,MG	None	None	None	None	None	None	None	None	None	None	GDP	MG	None	None	None	None	STP	XRAY	1.860	0.175	GMTEYKLVVVGADGVGKSALTIQLIQNHFVDEYDPTIEDSYRKQVVIDGETCLLDILDTAGQEEYSAMRDQYMRTGEGFLCVFAINNTKSFEDIHHYREQIKRVKDSEDVPMVLVGNKCDLPSRTVDTKQAQDLARSYGIPFIETSAKTRQGVDDAFYTLVREIRKHKEK	True	114.883	66.316	74.537	90.00	95.12	90.00	/Users/mitchellparker/Desktop/rascore_build/core/7acqA_core.cif	/Users/mitchellparker/Desktop/rascore_build/rcsb/7acq.cif.gz	/Users/mitchellparker/Desktop/rascore_build/renum/7acq_renum.cif	/Users/mitchellparker/Desktop/rascore_build/rcsb_assembly/7acq-assembly-1.cif.gz	/Users/mitchellparker/Desktop/rascore_build/renum_assembly/7acq-assembly-1_renum.cif	/Users/mitchellparker/Desktop/rascore_build/sifts/7acq.xml.gz	/Users/mitchellparker/Desktop/rascore_build/pocket/7acqA_2_pocket.pdb
7acqA	7acq	0	A	Y32out.2P-OFF	Disordered	Y32out	Y71in	C 1 2 1 (CF12)	7acqA3	3	GTPase KRas	RASK_HUMAN	P01116-2	G12D	G12	KRAS	2P	G12D	None	None	None	None	SP12-Unbound	C 1 2 1	170	1-61:65-167	2020-09-11	Other	262.7566	0.0020	Unbound	Unbound	98,101,102,105,106,107	GDP,MG	None	None	None	None	None	None	None	None	None	None	GDP	MG	None	None	None	None	STP	XRAY	1.860	0.175	GMTEYKLVVVGADGVGKSALTIQLIQNHFVDEYDPTIEDSYRKQVVIDGETCLLDILDTAGQEEYSAMRDQYMRTGEGFLCVFAINNTKSFEDIHHYREQIKRVKDSEDVPMVLVGNKCDLPSRTVDTKQAQDLARSYGIPFIETSAKTRQGVDDAFYTLVREIRKHKEK	True	114.883	66.316	74.537	90.00	95.12	90.00	/Users/mitchellparker/Desktop/rascore_build/core/7acqA_core.cif	/Users/mitchellparker/Desktop/rascore_build/rcsb/7acq.cif.gz	/Users/mitchellparker/Desktop/rascore_build/renum/7acq_renum.cif	/Users/mitchellparker/Desktop/rascore_build/rcsb_assembly/7acq-assembly-1.cif.gz	/Users/mitchellparker/Desktop/rascore_build/renum_assembly/7acq-assembly-1_renum.cif	/Users/mitchellparker/Desktop/rascore_build/sifts/7acq.xml.gz	/Users/mitchellparker/Desktop/rascore_build/pocket/7acqA_3_pocket.pdb
7acqA	7acq	0	A	Y32out.2P-OFF	Disordered	Y32out	Y71in	C 1 2 1 (CF12)	7acqA4	4	GTPase KRas	RASK_HUMAN	P01116-2	G12D	G12	KRAS	2P	G12D	None	None	None	None	SP12-Unbound	C 1 2 1	170	1-61:65-167	2020-09-11	Other	167.5051	0.0002	Unbound	Unbound	108,109,110,138,139,162,165,166	GDP,MG	None	None	None	None	None	None	None	None	None	None	GDP	MG	None	None	None	None	STP	XRAY	1.860	0.175	GMTEYKLVVVGADGVGKSALTIQLIQNHFVDEYDPTIEDSYRKQVVIDGETCLLDILDTAGQEEYSAMRDQYMRTGEGFLCVFAINNTKSFEDIHHYREQIKRVKDSEDVPMVLVGNKCDLPSRTVDTKQAQDLARSYGIPFIETSAKTRQGVDDAFYTLVREIRKHKEK	True	114.883	66.316	74.537	90.00	95.12	90.00	/Users/mitchellparker/Desktop/rascore_build/core/7acqA_core.cif	/Users/mitchellparker/Desktop/rascore_build/rcsb/7acq.cif.gz	/Users/mitchellparker/Desktop/rascore_build/renum/7acq_renum.cif	/Users/mitchellparker/Desktop/rascore_build/rcsb_assembly/7acq-assembly-1.cif.gz	/Users/mitchellparker/Desktop/rascore_build/renum_assembly/7acq-assembly-1_renum.cif	/Users/mitchellparker/Desktop/rascore_build/sifts/7acq.xml.gz	/Users/mitchellparker/Desktop/rascore_build/pocket/7acqA_4_pocket.pdb
7acqB	7acq	0	B	Y32out.2P-OFF	Disordered	Y32out	Y71in	C 1 2 1 (CF12)	7acqB1	1	GTPase KRas	RASK_HUMAN	P01116-2	G12D	G12	KRAS	2P	G12D	SP12	SP12.Indole	None	None	SP12-Bound	C 1 2 1	170	1-60:65-167	2020-09-11	SP12	217.6945	0.4456	Bound	SP12	5,6,7,39,54,56,71,74,75	R6W,GDP,MG	None	R6W:1,3,52,54,41,2,70,71,5,74,39,56,6,7	None	None	SP12	SP12.Indole	R6W:O=C1NC(c2c(CNCCCCCCNCc3[nH]c4ccccc4c3C3NC(=O)c4ccc(O)cc43)[nH]c3ccccc23)c2cc(O)ccc21	None	None	None	GDP	MG	R6W	None	None	None	R6W	XRAY	1.860	0.175	GMTEYKLVVVGADGVGKSALTIQLIQNHFVDEYDPTIEDSYRKQVVIDGETCLLDILDTAGQEEYSAMRDQYMRTGEGFLCVFAINNTKSFEDIHHYREQIKRVKDSEDVPMVLVGNKCDLPSRTVDTKQAQDLARSYGIPFIETSAKTRQGVDDAFYTLVREIRKHKEK	True	114.883	66.316	74.537	90.00	95.12	90.00	/Users/mitchellparker/Desktop/rascore_build/core/7acqB_core.cif	/Users/mitchellparker/Desktop/rascore_build/rcsb/7acq.cif.gz	/Users/mitchellparker/Desktop/rascore_build/renum/7acq_renum.cif	/Users/mitchellparker/Desktop/rascore_build/rcsb_assembly/7acq-assembly-1.cif.gz	/Users/mitchellparker/Desktop/rascore_build/renum_assembly/7acq-assembly-1_renum.cif	/Users/mitchellparker/Desktop/rascore_build/sifts/7acq.xml.gz	/Users/mitchellparker/Desktop/rascore_build/pocket/7acqB_1_pocket.pdb
7acqC	7acq	0	C	Outlier	Disordered	Y32out	Y71in	C 1 2 1 (CF12)	7acqC1	1	GTPase KRas	RASK_HUMAN	P01116-2	G12D	G12	KRAS	2P	G12D	SP12	SP12.Indole	None	None	SP12-Bound	C 1 2 1	170	1-59:67-167	2020-09-11	SP12	350.2450	0.7478	Bound	SP12	5,6,7,39,54,56,67,70,71,74,75	R6W,GDP,MG	None	R6W:1,3,54,2,52,41,70,71,5,74,39,56,6,7	None	None	SP12	SP12.Indole	R6W:O=C1NC(c2c(CNCCCCCCNCc3[nH]c4ccccc4c3C3NC(=O)c4ccc(O)cc43)[nH]c3ccccc23)c2cc(O)ccc21	None	None	None	GDP	MG	R6W	None	None	None	R6W	XRAY	1.860	0.175	GMTEYKLVVVGADGVGKSALTIQLIQNHFVDEYDPTIEDSYRKQVVIDGETCLLDILDTAGQEEYSAMRDQYMRTGEGFLCVFAINNTKSFEDIHHYREQIKRVKDSEDVPMVLVGNKCDLPSRTVDTKQAQDLARSYGIPFIETSAKTRQGVDDAFYTLVREIRKHKEK	True	114.883	66.316	74.537	90.00	95.12	90.00	/Users/mitchellparker/Desktop/rascore_build/core/7acqC_core.cif	/Users/mitchellparker/Desktop/rascore_build/rcsb/7acq.cif.gz	/Users/mitchellparker/Desktop/rascore_build/renum/7acq_renum.cif	/Users/mitchellparker/Desktop/rascore_build/rcsb_assembly/7acq-assembly-1.cif.gz	/Users/mitchellparker/Desktop/rascore_build/renum_assembly/7acq-assembly-1_renum.cif	/Users/mitchellparker/Desktop/rascore_build/sifts/7acq.xml.gz	/Users/mitchellparker/Desktop/rascore_build/pocket/7acqC_1_pocket.pdb
7c40A	7c40	0	A	Y32out.2P-OFF	Outlier	Y32out	Y71out	P 63 (CF2)	7c40A1	1	GTPase KRas	RASK_HUMAN	P01116-2	G12V	G12	KRAS	2P	G12V	None	None	None	None	SP2-Unbound	P 63	174	1-167	2020-05-14	Other	286.4301	0.2380	Unbound	Unbound	94,97,98,101,107,109,111,136,137,139	MG,GDP	None	None	None	None	None	None	None	None	None	None	GDP	MG	None	None	None	None	STP	XRAY	2.516	0.177	MTEYKLVVVGAVGVGKSALTIQLIQNHFVDEYDPTIEDSYRKQVVIDGETCLLDILDTAGQEEYSAMRDQYMRTGEGFLCVFAINNTKSFEDIHHYREQIKRVKDSEDVPMVLVGNKCDLPSRTVDTKQAQDLARSYGIPFIETSAKTRQGVDDAFYTLVREIRKHKEHHHHHH	True	82.547	82.547	40.804	90.00	90.00	120.00	/Users/mitchellparker/Desktop/rascore_build/core/7c40A_core.cif	/Users/mitchellparker/Desktop/rascore_build/rcsb/7c40.cif.gz	/Users/mitchellparker/Desktop/rascore_build/renum/7c40_renum.cif	/Users/mitchellparker/Desktop/rascore_build/rcsb_assembly/7c40-assembly-1.cif.gz	/Users/mitchellparker/Desktop/rascore_build/renum_assembly/7c40-assembly-1_renum.cif	/Users/mitchellparker/Desktop/rascore_build/sifts/7c40.xml.gz	/Users/mitchellparker/Desktop/rascore_build/pocket/7c40A_1_pocket.pdb
7c40A	7c40	0	A	Y32out.2P-OFF	Outlier	Y32out	Y71out	P 63 (CF2)	7c40A2	2	GTPase KRas	RASK_HUMAN	P01116-2	G12V	G12	KRAS	2P	G12V	None	None	None	None	SP2-Unbound	P 63	174	1-167	2020-05-14	Other	283.9492	0.0006	Unbound	Unbound	108,109,110,111,138,139,162,165,166,168	MG,GDP	None	None	None	None	None	None	None	None	None	None	GDP	MG	None	None	None	None	STP	XRAY	2.516	0.177	MTEYKLVVVGAVGVGKSALTIQLIQNHFVDEYDPTIEDSYRKQVVIDGETCLLDILDTAGQEEYSAMRDQYMRTGEGFLCVFAINNTKSFEDIHHYREQIKRVKDSEDVPMVLVGNKCDLPSRTVDTKQAQDLARSYGIPFIETSAKTRQGVDDAFYTLVREIRKHKEHHHHHH	True	82.547	82.547	40.804	90.00	90.00	120.00	/Users/mitchellparker/Desktop/rascore_build/core/7c40A_core.cif	/Users/mitchellparker/Desktop/rascore_build/rcsb/7c40.cif.gz	/Users/mitchellparker/Desktop/rascore_build/renum/7c40_renum.cif	/Users/mitchellparker/Desktop/rascore_build/rcsb_assembly/7c40-assembly-1.cif.gz	/Users/mitchellparker/Desktop/rascore_build/renum_assembly/7c40-assembly-1_renum.cif	/Users/mitchellparker/Desktop/rascore_build/sifts/7c40.xml.gz	/Users/mitchellparker/Desktop/rascore_build/pocket/7c40A_2_pocket.pdb
7c40A	7c40	0	A	Y32out.2P-OFF	Outlier	Y32out	Y71out	P 63 (CF2)	7c40A3	3	GTPase KRas	RASK_HUMAN	P01116-2	G12V	G12	KRAS	2P	G12V	None	None	None	None	SP2-Unbound	P 63	174	1-167	2020-05-14	SP2	214.0090	0.0676	Unbound	Unbound	72,99,102,103	MG,GDP	None	None	None	None	None	None	None	None	None	None	GDP	MG	None	None	None	None	STP	XRAY	2.516	0.177	MTEYKLVVVGAVGVGKSALTIQLIQNHFVDEYDPTIEDSYRKQVVIDGETCLLDILDTAGQEEYSAMRDQYMRTGEGFLCVFAINNTKSFEDIHHYREQIKRVKDSEDVPMVLVGNKCDLPSRTVDTKQAQDLARSYGIPFIETSAKTRQGVDDAFYTLVREIRKHKEHHHHHH	True	82.547	82.547	40.804	90.00	90.00	120.00	/Users/mitchellparker/Desktop/rascore_build/core/7c40A_core.cif	/Users/mitchellparker/Desktop/rascore_build/rcsb/7c40.cif.gz	/Users/mitchellparker/Desktop/rascore_build/renum/7c40_renum.cif	/Users/mitchellparker/Desktop/rascore_build/rcsb_assembly/7c40-assembly-1.cif.gz	/Users/mitchellparker/Desktop/rascore_build/renum_assembly/7c40-assembly-1_renum.cif	/Users/mitchellparker/Desktop/rascore_build/sifts/7c40.xml.gz	/Users/mitchellparker/Desktop/rascore_build/pocket/7c40A_3_pocket.pdb
7c40A	7c40	0	A	Y32out.2P-OFF	Outlier	Y32out	Y71out	P 63 (CF2)	7c40A4	4	GTPase KRas	RASK_HUMAN	P01116-2	G12V	G12	KRAS	2P	G12V	None	None	None	None	SP2-Unbound	P 63	174	1-167	2020-05-14	Other	325.8625	0.0032	Unbound	Unbound	98,101,102,105,106,107	MG,GDP	None	None	None	None	None	None	None	None	None	None	GDP	MG	None	None	None	None	STP	XRAY	2.516	0.177	MTEYKLVVVGAVGVGKSALTIQLIQNHFVDEYDPTIEDSYRKQVVIDGETCLLDILDTAGQEEYSAMRDQYMRTGEGFLCVFAINNTKSFEDIHHYREQIKRVKDSEDVPMVLVGNKCDLPSRTVDTKQAQDLARSYGIPFIETSAKTRQGVDDAFYTLVREIRKHKEHHHHHH	True	82.547	82.547	40.804	90.00	90.00	120.00	/Users/mitchellparker/Desktop/rascore_build/core/7c40A_core.cif	/Users/mitchellparker/Desktop/rascore_build/rcsb/7c40.cif.gz	/Users/mitchellparker/Desktop/rascore_build/renum/7c40_renum.cif	/Users/mitchellparker/Desktop/rascore_build/rcsb_assembly/7c40-assembly-1.cif.gz	/Users/mitchellparker/Desktop/rascore_build/renum_assembly/7c40-assembly-1_renum.cif	/Users/mitchellparker/Desktop/rascore_build/sifts/7c40.xml.gz	/Users/mitchellparker/Desktop/rascore_build/pocket/7c40A_4_pocket.pdb
7c40A	7c40	0	A	Y32out.2P-OFF	Outlier	Y32out	Y71out	P 63 (CF2)	7c40A5	5	GTPase KRas	RASK_HUMAN	P01116-2	G12V	G12	KRAS	2P	G12V	None	None	None	None	SP2-Unbound	P 63	174	1-167	2020-05-14	SP2	297.1429	0.0075	Unbound	Unbound	9,10,12,16,37,58,59,60,72,96,99	MG,GDP	None	None	None	None	None	None	None	None	None	None	GDP	MG	None	None	None	None	STP	XRAY	2.516	0.177	MTEYKLVVVGAVGVGKSALTIQLIQNHFVDEYDPTIEDSYRKQVVIDGETCLLDILDTAGQEEYSAMRDQYMRTGEGFLCVFAINNTKSFEDIHHYREQIKRVKDSEDVPMVLVGNKCDLPSRTVDTKQAQDLARSYGIPFIETSAKTRQGVDDAFYTLVREIRKHKEHHHHHH	True	82.547	82.547	40.804	90.00	90.00	120.00	/Users/mitchellparker/Desktop/rascore_build/core/7c40A_core.cif	/Users/mitchellparker/Desktop/rascore_build/rcsb/7c40.cif.gz	/Users/mitchellparker/Desktop/rascore_build/renum/7c40_renum.cif	/Users/mitchellparker/Desktop/rascore_build/rcsb_assembly/7c40-assembly-1.cif.gz	/Users/mitchellparker/Desktop/rascore_build/renum_assembly/7c40-assembly-1_renum.cif	/Users/mitchellparker/Desktop/rascore_build/sifts/7c40.xml.gz	/Users/mitchellparker/Desktop/rascore_build/pocket/7c40A_5_pocket.pdb
7c40A	7c40	0	A	Y32out.2P-OFF	Outlier	Y32out	Y71out	P 63 (CF2)	7c40A6	6	GTPase KRas	RASK_HUMAN	P01116-2	G12V	G12	KRAS	2P	G12V	None	None	None	None	SP2-Unbound	P 63	174	1-167	2020-05-14	Other	162.8275	0.0031	Unbound	Unbound	12,13,31,32,34	MG,GDP	None	None	None	None	None	None	None	None	None	None	GDP	MG	None	None	None	None	STP	XRAY	2.516	0.177	MTEYKLVVVGAVGVGKSALTIQLIQNHFVDEYDPTIEDSYRKQVVIDGETCLLDILDTAGQEEYSAMRDQYMRTGEGFLCVFAINNTKSFEDIHHYREQIKRVKDSEDVPMVLVGNKCDLPSRTVDTKQAQDLARSYGIPFIETSAKTRQGVDDAFYTLVREIRKHKEHHHHHH	True	82.547	82.547	40.804	90.00	90.00	120.00	/Users/mitchellparker/Desktop/rascore_build/core/7c40A_core.cif	/Users/mitchellparker/Desktop/rascore_build/rcsb/7c40.cif.gz	/Users/mitchellparker/Desktop/rascore_build/renum/7c40_renum.cif	/Users/mitchellparker/Desktop/rascore_build/rcsb_assembly/7c40-assembly-1.cif.gz	/Users/mitchellparker/Desktop/rascore_build/renum_assembly/7c40-assembly-1_renum.cif	/Users/mitchellparker/Desktop/rascore_build/sifts/7c40.xml.gz	/Users/mitchellparker/Desktop/rascore_build/pocket/7c40A_6_pocket.pdb
7c41A	7c41	0	A	Y32out.2P-OFF	Y71out.2P-SP2-B	Y32out	Y71out	P 1 (CF8)	7c41A1	1	GTPase KRas	RASK_HUMAN	P01116-2	G12V	G12	KRAS	2P	G12V	None	None	Other	None	SP2-Unbound	P 1	174	1-167	2020-05-14	SP2	550.1182	0.1038	Unbound	Unbound	9,58,60,61,68,69,72,78,96,99,100,102,103	GDP,MG	Phospholipase A and acyltransferase 3	None	D:60,61,59,12,34,36,58,33,17,32,35,13,86,85,88,11,96	PLAT3_HUMAN	None	None	None	Other	None	D	GDP	MG	None	None	None	None	STP	XRAY	2.276	0.261	MTEYKLVVVGAVGVGKSALTIQLIQNHFVDEYDPTIEDSYRKQVVIDGETCLLDILDTAGQEEYSAMRDQYMRTGEGFLCVFAINNTKSFEDIHHYREQIKRVKDSEDVPMVLVGNKCDLPSRTVDTKQAQDLARSYGIPFIETSAKTRQGVDDAFYTLVREIRKHKEHHHHHH	True	41.907	84.339	84.335	59.98	89.96	89.97	/Users/mitchellparker/Desktop/rascore_build/core/7c41A_core.cif	/Users/mitchellparker/Desktop/rascore_build/rcsb/7c41.cif.gz	/Users/mitchellparker/Desktop/rascore_build/renum/7c41_renum.cif	/Users/mitchellparker/Desktop/rascore_build/rcsb_assembly/7c41-assembly-3.cif.gz	/Users/mitchellparker/Desktop/rascore_build/renum_assembly/7c41-assembly-3_renum.cif	/Users/mitchellparker/Desktop/rascore_build/sifts/7c41.xml.gz	/Users/mitchellparker/Desktop/rascore_build/pocket/7c41A_1_pocket.pdb
7c41A	7c41	0	A	Y32out.2P-OFF	Y71out.2P-SP2-B	Y32out	Y71out	P 1 (CF8)	7c41A2	2	GTPase KRas	RASK_HUMAN	P01116-2	G12V	G12	KRAS	2P	G12V	None	None	Other	None	SP2-Unbound	P 1	174	1-167	2020-05-14	Other	345.4259	0.0008	Unbound	Unbound	127,131,134,135,139,141,143	GDP,MG	Phospholipase A and acyltransferase 3	None	D:60,61,59,12,34,36,58,33,17,32,35,13,86,85,88,11,96	PLAT3_HUMAN	None	None	None	Other	None	D	GDP	MG	None	None	None	None	STP	XRAY	2.276	0.261	MTEYKLVVVGAVGVGKSALTIQLIQNHFVDEYDPTIEDSYRKQVVIDGETCLLDILDTAGQEEYSAMRDQYMRTGEGFLCVFAINNTKSFEDIHHYREQIKRVKDSEDVPMVLVGNKCDLPSRTVDTKQAQDLARSYGIPFIETSAKTRQGVDDAFYTLVREIRKHKEHHHHHH	True	41.907	84.339	84.335	59.98	89.96	89.97	/Users/mitchellparker/Desktop/rascore_build/core/7c41A_core.cif	/Users/mitchellparker/Desktop/rascore_build/rcsb/7c41.cif.gz	/Users/mitchellparker/Desktop/rascore_build/renum/7c41_renum.cif	/Users/mitchellparker/Desktop/rascore_build/rcsb_assembly/7c41-assembly-3.cif.gz	/Users/mitchellparker/Desktop/rascore_build/renum_assembly/7c41-assembly-3_renum.cif	/Users/mitchellparker/Desktop/rascore_build/sifts/7c41.xml.gz	/Users/mitchellparker/Desktop/rascore_build/pocket/7c41A_2_pocket.pdb
7c41A	7c41	0	A	Y32out.2P-OFF	Y71out.2P-SP2-B	Y32out	Y71out	P 1 (CF8)	7c41A3	3	GTPase KRas	RASK_HUMAN	P01116-2	G12V	G12	KRAS	2P	G12V	None	None	Other	None	SP2-Unbound	P 1	174	1-167	2020-05-14	Other	345.4152	0.0004	Unbound	Unbound	97,107,108,109,110,111,137,138,139,162,165,166	GDP,MG	Phospholipase A and acyltransferase 3	None	D:60,61,59,12,34,36,58,33,17,32,35,13,86,85,88,11,96	PLAT3_HUMAN	None	None	None	Other	None	D	GDP	MG	None	None	None	None	STP	XRAY	2.276	0.261	MTEYKLVVVGAVGVGKSALTIQLIQNHFVDEYDPTIEDSYRKQVVIDGETCLLDILDTAGQEEYSAMRDQYMRTGEGFLCVFAINNTKSFEDIHHYREQIKRVKDSEDVPMVLVGNKCDLPSRTVDTKQAQDLARSYGIPFIETSAKTRQGVDDAFYTLVREIRKHKEHHHHHH	True	41.907	84.339	84.335	59.98	89.96	89.97	/Users/mitchellparker/Desktop/rascore_build/core/7c41A_core.cif	/Users/mitchellparker/Desktop/rascore_build/rcsb/7c41.cif.gz	/Users/mitchellparker/Desktop/rascore_build/renum/7c41_renum.cif	/Users/mitchellparker/Desktop/rascore_build/rcsb_assembly/7c41-assembly-3.cif.gz	/Users/mitchellparker/Desktop/rascore_build/renum_assembly/7c41-assembly-3_renum.cif	/Users/mitchellparker/Desktop/rascore_build/sifts/7c41.xml.gz	/Users/mitchellparker/Desktop/rascore_build/pocket/7c41A_3_pocket.pdb
7c41A	7c41	0	A	Y32out.2P-OFF	Y71out.2P-SP2-B	Y32out	Y71out	P 1 (CF8)	7c41A4	4	GTPase KRas	RASK_HUMAN	P01116-2	G12V	G12	KRAS	2P	G12V	None	None	Other	None	SP2-Unbound	P 1	174	1-167	2020-05-14	Other	303.2889	0.0210	Unbound	Unbound	75,76,104,106,108,109,110,163,166,167	GDP,MG	Phospholipase A and acyltransferase 3	None	D:60,61,59,12,34,36,58,33,17,32,35,13,86,85,88,11,96	PLAT3_HUMAN	None	None	None	Other	None	D	GDP	MG	None	None	None	None	STP	XRAY	2.276	0.261	MTEYKLVVVGAVGVGKSALTIQLIQNHFVDEYDPTIEDSYRKQVVIDGETCLLDILDTAGQEEYSAMRDQYMRTGEGFLCVFAINNTKSFEDIHHYREQIKRVKDSEDVPMVLVGNKCDLPSRTVDTKQAQDLARSYGIPFIETSAKTRQGVDDAFYTLVREIRKHKEHHHHHH	True	41.907	84.339	84.335	59.98	89.96	89.97	/Users/mitchellparker/Desktop/rascore_build/core/7c41A_core.cif	/Users/mitchellparker/Desktop/rascore_build/rcsb/7c41.cif.gz	/Users/mitchellparker/Desktop/rascore_build/renum/7c41_renum.cif	/Users/mitchellparker/Desktop/rascore_build/rcsb_assembly/7c41-assembly-3.cif.gz	/Users/mitchellparker/Desktop/rascore_build/renum_assembly/7c41-assembly-3_renum.cif	/Users/mitchellparker/Desktop/rascore_build/sifts/7c41.xml.gz	/Users/mitchellparker/Desktop/rascore_build/pocket/7c41A_4_pocket.pdb
7c41A	7c41	0	A	Y32out.2P-OFF	Y71out.2P-SP2-B	Y32out	Y71out	P 1 (CF8)	7c41A5	5	GTPase KRas	RASK_HUMAN	P01116-2	G12V	G12	KRAS	2P	G12V	None	None	Other	None	SP2-Unbound	P 1	174	1-167	2020-05-14	Other	262.8925	0.0001	Unbound	Unbound	3,5,54,74,76	GDP,MG	Phospholipase A and acyltransferase 3	None	D:60,61,59,12,34,36,58,33,17,32,35,13,86,85,88,11,96	PLAT3_HUMAN	None	None	None	Other	None	D	GDP	MG	None	None	None	None	STP	XRAY	2.276	0.261	MTEYKLVVVGAVGVGKSALTIQLIQNHFVDEYDPTIEDSYRKQVVIDGETCLLDILDTAGQEEYSAMRDQYMRTGEGFLCVFAINNTKSFEDIHHYREQIKRVKDSEDVPMVLVGNKCDLPSRTVDTKQAQDLARSYGIPFIETSAKTRQGVDDAFYTLVREIRKHKEHHHHHH	True	41.907	84.339	84.335	59.98	89.96	89.97	/Users/mitchellparker/Desktop/rascore_build/core/7c41A_core.cif	/Users/mitchellparker/Desktop/rascore_build/rcsb/7c41.cif.gz	/Users/mitchellparker/Desktop/rascore_build/renum/7c41_renum.cif	/Users/mitchellparker/Desktop/rascore_build/rcsb_assembly/7c41-assembly-3.cif.gz	/Users/mitchellparker/Desktop/rascore_build/renum_assembly/7c41-assembly-3_renum.cif	/Users/mitchellparker/Desktop/rascore_build/sifts/7c41.xml.gz	/Users/mitchellparker/Desktop/rascore_build/pocket/7c41A_5_pocket.pdb
7c41A	7c41	0	A	Y32out.2P-OFF	Y71out.2P-SP2-B	Y32out	Y71out	P 1 (CF8)	7c41A6	6	GTPase KRas	RASK_HUMAN	P01116-2	G12V	G12	KRAS	2P	G12V	None	None	Other	None	SP2-Unbound	P 1	174	1-167	2020-05-14	Other	228.0589	0.0024	Unbound	Unbound	4,49,164,167,168	GDP,MG	Phospholipase A and acyltransferase 3	None	D:60,61,59,12,34,36,58,33,17,32,35,13,86,85,88,11,96	PLAT3_HUMAN	None	None	None	Other	None	D	GDP	MG	None	None	None	None	STP	XRAY	2.276	0.261	MTEYKLVVVGAVGVGKSALTIQLIQNHFVDEYDPTIEDSYRKQVVIDGETCLLDILDTAGQEEYSAMRDQYMRTGEGFLCVFAINNTKSFEDIHHYREQIKRVKDSEDVPMVLVGNKCDLPSRTVDTKQAQDLARSYGIPFIETSAKTRQGVDDAFYTLVREIRKHKEHHHHHH	True	41.907	84.339	84.335	59.98	89.96	89.97	/Users/mitchellparker/Desktop/rascore_build/core/7c41A_core.cif	/Users/mitchellparker/Desktop/rascore_build/rcsb/7c41.cif.gz	/Users/mitchellparker/Desktop/rascore_build/renum/7c41_renum.cif	/Users/mitchellparker/Desktop/rascore_build/rcsb_assembly/7c41-assembly-3.cif.gz	/Users/mitchellparker/Desktop/rascore_build/renum_assembly/7c41-assembly-3_renum.cif	/Users/mitchellparker/Desktop/rascore_build/sifts/7c41.xml.gz	/Users/mitchellparker/Desktop/rascore_build/pocket/7c41A_6_pocket.pdb
7c41A	7c41	0	A	Y32out.2P-OFF	Y71out.2P-SP2-B	Y32out	Y71out	P 1 (CF8)	7c41A7	7	GTPase KRas	RASK_HUMAN	P01116-2	G12V	G12	KRAS	2P	G12V	None	None	Other	None	SP2-Unbound	P 1	174	1-167	2020-05-14	Other	100.5468	0.0004	Unbound	Unbound	128,131,132,135	GDP,MG	Phospholipase A and acyltransferase 3	None	D:60,61,59,12,34,36,58,33,17,32,35,13,86,85,88,11,96	PLAT3_HUMAN	None	None	None	Other	None	D	GDP	MG	None	None	None	None	STP	XRAY	2.276	0.261	MTEYKLVVVGAVGVGKSALTIQLIQNHFVDEYDPTIEDSYRKQVVIDGETCLLDILDTAGQEEYSAMRDQYMRTGEGFLCVFAINNTKSFEDIHHYREQIKRVKDSEDVPMVLVGNKCDLPSRTVDTKQAQDLARSYGIPFIETSAKTRQGVDDAFYTLVREIRKHKEHHHHHH	True	41.907	84.339	84.335	59.98	89.96	89.97	/Users/mitchellparker/Desktop/rascore_build/core/7c41A_core.cif	/Users/mitchellparker/Desktop/rascore_build/rcsb/7c41.cif.gz	/Users/mitchellparker/Desktop/rascore_build/renum/7c41_renum.cif	/Users/mitchellparker/Desktop/rascore_build/rcsb_assembly/7c41-assembly-3.cif.gz	/Users/mitchellparker/Desktop/rascore_build/renum_assembly/7c41-assembly-3_renum.cif	/Users/mitchellparker/Desktop/rascore_build/sifts/7c41.xml.gz	/Users/mitchellparker/Desktop/rascore_build/pocket/7c41A_7_pocket.pdb
7c41A	7c41	0	A	Y32out.2P-OFF	Y71out.2P-SP2-B	Y32out	Y71out	P 1 (CF8)	7c41A8	8	GTPase KRas	RASK_HUMAN	P01116-2	G12V	G12	KRAS	2P	G12V	None	None	Other	None	SP2-Unbound	P 1	174	1-167	2020-05-14	Other	330.0826	0.0025	Unbound	Unbound	69,72,73,103	GDP,MG	Phospholipase A and acyltransferase 3	None	D:60,61,59,12,34,36,58,33,17,32,35,13,86,85,88,11,96	PLAT3_HUMAN	None	None	None	Other	None	D	GDP	MG	None	None	None	None	STP	XRAY	2.276	0.261	MTEYKLVVVGAVGVGKSALTIQLIQNHFVDEYDPTIEDSYRKQVVIDGETCLLDILDTAGQEEYSAMRDQYMRTGEGFLCVFAINNTKSFEDIHHYREQIKRVKDSEDVPMVLVGNKCDLPSRTVDTKQAQDLARSYGIPFIETSAKTRQGVDDAFYTLVREIRKHKEHHHHHH	True	41.907	84.339	84.335	59.98	89.96	89.97	/Users/mitchellparker/Desktop/rascore_build/core/7c41A_core.cif	/Users/mitchellparker/Desktop/rascore_build/rcsb/7c41.cif.gz	/Users/mitchellparker/Desktop/rascore_build/renum/7c41_renum.cif	/Users/mitchellparker/Desktop/rascore_build/rcsb_assembly/7c41-assembly-3.cif.gz	/Users/mitchellparker/Desktop/rascore_build/renum_assembly/7c41-assembly-3_renum.cif	/Users/mitchellparker/Desktop/rascore_build/sifts/7c41.xml.gz	/Users/mitchellparker/Desktop/rascore_build/pocket/7c41A_8_pocket.pdb
7c41G	7c41	0	G	Y32out.2P-OFF	Y71out.2P-SP2-B	Y32out	Y71out	P 1 (CF8)	7c41G1	1	GTPase KRas	RASK_HUMAN	P01116-2	G12V	G12	KRAS	2P	G12V	None	None	None	None	SP2-Unbound	P 1	174	1-167	2020-05-14	Other	474.8747	0.0026	Unbound	Unbound	131,134,135,138,139,140,141,162,165	GDP,MG	None	None	None	None	None	None	None	None	None	None	GDP	MG	None	None	None	None	STP	XRAY	2.276	0.261	MTEYKLVVVGAVGVGKSALTIQLIQNHFVDEYDPTIEDSYRKQVVIDGETCLLDILDTAGQEEYSAMRDQYMRTGEGFLCVFAINNTKSFEDIHHYREQIKRVKDSEDVPMVLVGNKCDLPSRTVDTKQAQDLARSYGIPFIETSAKTRQGVDDAFYTLVREIRKHKEHHHHHH	True	41.907	84.339	84.335	59.98	89.96	89.97	/Users/mitchellparker/Desktop/rascore_build/core/7c41G_core.cif	/Users/mitchellparker/Desktop/rascore_build/rcsb/7c41.cif.gz	/Users/mitchellparker/Desktop/rascore_build/renum/7c41_renum.cif	/Users/mitchellparker/Desktop/rascore_build/rcsb_assembly/7c41-assembly-3.cif.gz	/Users/mitchellparker/Desktop/rascore_build/renum_assembly/7c41-assembly-3_renum.cif	/Users/mitchellparker/Desktop/rascore_build/sifts/7c41.xml.gz	/Users/mitchellparker/Desktop/rascore_build/pocket/7c41G_1_pocket.pdb
7c41G	7c41	0	G	Y32out.2P-OFF	Y71out.2P-SP2-B	Y32out	Y71out	P 1 (CF8)	7c41G2	2	GTPase KRas	RASK_HUMAN	P01116-2	G12V	G12	KRAS	2P	G12V	None	None	None	None	SP2-Unbound	P 1	174	1-167	2020-05-14	SP2	616.3616	0.8579	Unbound	Unbound	9,10,12,16,34,35,58,59,60,61,68,72,96,99,100,103	GDP,MG	None	None	None	None	None	None	None	None	None	None	GDP	MG	None	None	None	None	STP	XRAY	2.276	0.261	MTEYKLVVVGAVGVGKSALTIQLIQNHFVDEYDPTIEDSYRKQVVIDGETCLLDILDTAGQEEYSAMRDQYMRTGEGFLCVFAINNTKSFEDIHHYREQIKRVKDSEDVPMVLVGNKCDLPSRTVDTKQAQDLARSYGIPFIETSAKTRQGVDDAFYTLVREIRKHKEHHHHHH	True	41.907	84.339	84.335	59.98	89.96	89.97	/Users/mitchellparker/Desktop/rascore_build/core/7c41G_core.cif	/Users/mitchellparker/Desktop/rascore_build/rcsb/7c41.cif.gz	/Users/mitchellparker/Desktop/rascore_build/renum/7c41_renum.cif	/Users/mitchellparker/Desktop/rascore_build/rcsb_assembly/7c41-assembly-3.cif.gz	/Users/mitchellparker/Desktop/rascore_build/renum_assembly/7c41-assembly-3_renum.cif	/Users/mitchellparker/Desktop/rascore_build/sifts/7c41.xml.gz	/Users/mitchellparker/Desktop/rascore_build/pocket/7c41G_2_pocket.pdb
7c41G	7c41	0	G	Y32out.2P-OFF	Y71out.2P-SP2-B	Y32out	Y71out	P 1 (CF8)	7c41G3	3	GTPase KRas	RASK_HUMAN	P01116-2	G12V	G12	KRAS	2P	G12V	None	None	None	None	SP2-Unbound	P 1	174	1-167	2020-05-14	Other	284.0165	0.0002	Unbound	Unbound	107,108,109,110,137,138,139,162,165,166,168	GDP,MG	None	None	None	None	None	None	None	None	None	None	GDP	MG	None	None	None	None	STP	XRAY	2.276	0.261	MTEYKLVVVGAVGVGKSALTIQLIQNHFVDEYDPTIEDSYRKQVVIDGETCLLDILDTAGQEEYSAMRDQYMRTGEGFLCVFAINNTKSFEDIHHYREQIKRVKDSEDVPMVLVGNKCDLPSRTVDTKQAQDLARSYGIPFIETSAKTRQGVDDAFYTLVREIRKHKEHHHHHH	True	41.907	84.339	84.335	59.98	89.96	89.97	/Users/mitchellparker/Desktop/rascore_build/core/7c41G_core.cif	/Users/mitchellparker/Desktop/rascore_build/rcsb/7c41.cif.gz	/Users/mitchellparker/Desktop/rascore_build/renum/7c41_renum.cif	/Users/mitchellparker/Desktop/rascore_build/rcsb_assembly/7c41-assembly-3.cif.gz	/Users/mitchellparker/Desktop/rascore_build/renum_assembly/7c41-assembly-3_renum.cif	/Users/mitchellparker/Desktop/rascore_build/sifts/7c41.xml.gz	/Users/mitchellparker/Desktop/rascore_build/pocket/7c41G_3_pocket.pdb
7c41G	7c41	0	G	Y32out.2P-OFF	Y71out.2P-SP2-B	Y32out	Y71out	P 1 (CF8)	7c41G4	4	GTPase KRas	RASK_HUMAN	P01116-2	G12V	G12	KRAS	2P	G12V	None	None	None	None	SP2-Unbound	P 1	174	1-167	2020-05-14	Other	265.5575	0.0008	Unbound	Unbound	98,101,102,105,106,107	GDP,MG	None	None	None	None	None	None	None	None	None	None	GDP	MG	None	None	None	None	STP	XRAY	2.276	0.261	MTEYKLVVVGAVGVGKSALTIQLIQNHFVDEYDPTIEDSYRKQVVIDGETCLLDILDTAGQEEYSAMRDQYMRTGEGFLCVFAINNTKSFEDIHHYREQIKRVKDSEDVPMVLVGNKCDLPSRTVDTKQAQDLARSYGIPFIETSAKTRQGVDDAFYTLVREIRKHKEHHHHHH	True	41.907	84.339	84.335	59.98	89.96	89.97	/Users/mitchellparker/Desktop/rascore_build/core/7c41G_core.cif	/Users/mitchellparker/Desktop/rascore_build/rcsb/7c41.cif.gz	/Users/mitchellparker/Desktop/rascore_build/renum/7c41_renum.cif	/Users/mitchellparker/Desktop/rascore_build/rcsb_assembly/7c41-assembly-3.cif.gz	/Users/mitchellparker/Desktop/rascore_build/renum_assembly/7c41-assembly-3_renum.cif	/Users/mitchellparker/Desktop/rascore_build/sifts/7c41.xml.gz	/Users/mitchellparker/Desktop/rascore_build/pocket/7c41G_4_pocket.pdb
7c41G	7c41	0	G	Y32out.2P-OFF	Y71out.2P-SP2-B	Y32out	Y71out	P 1 (CF8)	7c41G5	5	GTPase KRas	RASK_HUMAN	P01116-2	G12V	G12	KRAS	2P	G12V	None	None	None	None	SP2-Unbound	P 1	174	1-167	2020-05-14	Other	297.0396	0.0124	Unbound	Unbound	97,98,101,107,109,111,136,137,139	GDP,MG	None	None	None	None	None	None	None	None	None	None	GDP	MG	None	None	None	None	STP	XRAY	2.276	0.261	MTEYKLVVVGAVGVGKSALTIQLIQNHFVDEYDPTIEDSYRKQVVIDGETCLLDILDTAGQEEYSAMRDQYMRTGEGFLCVFAINNTKSFEDIHHYREQIKRVKDSEDVPMVLVGNKCDLPSRTVDTKQAQDLARSYGIPFIETSAKTRQGVDDAFYTLVREIRKHKEHHHHHH	True	41.907	84.339	84.335	59.98	89.96	89.97	/Users/mitchellparker/Desktop/rascore_build/core/7c41G_core.cif	/Users/mitchellparker/Desktop/rascore_build/rcsb/7c41.cif.gz	/Users/mitchellparker/Desktop/rascore_build/renum/7c41_renum.cif	/Users/mitchellparker/Desktop/rascore_build/rcsb_assembly/7c41-assembly-3.cif.gz	/Users/mitchellparker/Desktop/rascore_build/renum_assembly/7c41-assembly-3_renum.cif	/Users/mitchellparker/Desktop/rascore_build/sifts/7c41.xml.gz	/Users/mitchellparker/Desktop/rascore_build/pocket/7c41G_5_pocket.pdb
7c41G	7c41	0	G	Y32out.2P-OFF	Y71out.2P-SP2-B	Y32out	Y71out	P 1 (CF8)	7c41G6	6	GTPase KRas	RASK_HUMAN	P01116-2	G12V	G12	KRAS	2P	G12V	None	None	None	None	SP2-Unbound	P 1	174	1-167	2020-05-14	Other	159.7239	0.0004	Unbound	Unbound	95,98,99,102	GDP,MG	None	None	None	None	None	None	None	None	None	None	GDP	MG	None	None	None	None	STP	XRAY	2.276	0.261	MTEYKLVVVGAVGVGKSALTIQLIQNHFVDEYDPTIEDSYRKQVVIDGETCLLDILDTAGQEEYSAMRDQYMRTGEGFLCVFAINNTKSFEDIHHYREQIKRVKDSEDVPMVLVGNKCDLPSRTVDTKQAQDLARSYGIPFIETSAKTRQGVDDAFYTLVREIRKHKEHHHHHH	True	41.907	84.339	84.335	59.98	89.96	89.97	/Users/mitchellparker/Desktop/rascore_build/core/7c41G_core.cif	/Users/mitchellparker/Desktop/rascore_build/rcsb/7c41.cif.gz	/Users/mitchellparker/Desktop/rascore_build/renum/7c41_renum.cif	/Users/mitchellparker/Desktop/rascore_build/rcsb_assembly/7c41-assembly-3.cif.gz	/Users/mitchellparker/Desktop/rascore_build/renum_assembly/7c41-assembly-3_renum.cif	/Users/mitchellparker/Desktop/rascore_build/sifts/7c41.xml.gz	/Users/mitchellparker/Desktop/rascore_build/pocket/7c41G_6_pocket.pdb
7c41G	7c41	0	G	Y32out.2P-OFF	Y71out.2P-SP2-B	Y32out	Y71out	P 1 (CF8)	7c41G7	7	GTPase KRas	RASK_HUMAN	P01116-2	G12V	G12	KRAS	2P	G12V	None	None	None	None	SP2-Unbound	P 1	174	1-167	2020-05-14	Other	412.9713	0.0032	Unbound	Unbound	74,75,76,104,106,108,109,110,166	GDP,MG	None	None	None	None	None	None	None	None	None	None	GDP	MG	None	None	None	None	STP	XRAY	2.276	0.261	MTEYKLVVVGAVGVGKSALTIQLIQNHFVDEYDPTIEDSYRKQVVIDGETCLLDILDTAGQEEYSAMRDQYMRTGEGFLCVFAINNTKSFEDIHHYREQIKRVKDSEDVPMVLVGNKCDLPSRTVDTKQAQDLARSYGIPFIETSAKTRQGVDDAFYTLVREIRKHKEHHHHHH	True	41.907	84.339	84.335	59.98	89.96	89.97	/Users/mitchellparker/Desktop/rascore_build/core/7c41G_core.cif	/Users/mitchellparker/Desktop/rascore_build/rcsb/7c41.cif.gz	/Users/mitchellparker/Desktop/rascore_build/renum/7c41_renum.cif	/Users/mitchellparker/Desktop/rascore_build/rcsb_assembly/7c41-assembly-3.cif.gz	/Users/mitchellparker/Desktop/rascore_build/renum_assembly/7c41-assembly-3_renum.cif	/Users/mitchellparker/Desktop/rascore_build/sifts/7c41.xml.gz	/Users/mitchellparker/Desktop/rascore_build/pocket/7c41G_7_pocket.pdb
7c41G	7c41	0	G	Y32out.2P-OFF	Y71out.2P-SP2-B	Y32out	Y71out	P 1 (CF8)	7c41G8	8	GTPase KRas	RASK_HUMAN	P01116-2	G12V	G12	KRAS	2P	G12V	None	None	None	None	SP2-Unbound	P 1	174	1-167	2020-05-14	Other	239.1103	0.0034	Unbound	Unbound	35,37,61,63,64,65,68	GDP,MG	None	None	None	None	None	None	None	None	None	None	GDP	MG	None	None	None	None	STP	XRAY	2.276	0.261	MTEYKLVVVGAVGVGKSALTIQLIQNHFVDEYDPTIEDSYRKQVVIDGETCLLDILDTAGQEEYSAMRDQYMRTGEGFLCVFAINNTKSFEDIHHYREQIKRVKDSEDVPMVLVGNKCDLPSRTVDTKQAQDLARSYGIPFIETSAKTRQGVDDAFYTLVREIRKHKEHHHHHH	True	41.907	84.339	84.335	59.98	89.96	89.97	/Users/mitchellparker/Desktop/rascore_build/core/7c41G_core.cif	/Users/mitchellparker/Desktop/rascore_build/rcsb/7c41.cif.gz	/Users/mitchellparker/Desktop/rascore_build/renum/7c41_renum.cif	/Users/mitchellparker/Desktop/rascore_build/rcsb_assembly/7c41-assembly-3.cif.gz	/Users/mitchellparker/Desktop/rascore_build/renum_assembly/7c41-assembly-3_renum.cif	/Users/mitchellparker/Desktop/rascore_build/sifts/7c41.xml.gz	/Users/mitchellparker/Desktop/rascore_build/pocket/7c41G_8_pocket.pdb
7c41G	7c41	0	G	Y32out.2P-OFF	Y71out.2P-SP2-B	Y32out	Y71out	P 1 (CF8)	7c41G9	9	GTPase KRas	RASK_HUMAN	P01116-2	G12V	G12	KRAS	2P	G12V	None	None	None	None	SP2-Unbound	P 1	174	1-167	2020-05-14	Other	401.6198	0.0006	Unbound	Unbound	64,68,69,70,72,73,99,103	GDP,MG	None	None	None	None	None	None	None	None	None	None	GDP	MG	None	None	None	None	STP	XRAY	2.276	0.261	MTEYKLVVVGAVGVGKSALTIQLIQNHFVDEYDPTIEDSYRKQVVIDGETCLLDILDTAGQEEYSAMRDQYMRTGEGFLCVFAINNTKSFEDIHHYREQIKRVKDSEDVPMVLVGNKCDLPSRTVDTKQAQDLARSYGIPFIETSAKTRQGVDDAFYTLVREIRKHKEHHHHHH	True	41.907	84.339	84.335	59.98	89.96	89.97	/Users/mitchellparker/Desktop/rascore_build/core/7c41G_core.cif	/Users/mitchellparker/Desktop/rascore_build/rcsb/7c41.cif.gz	/Users/mitchellparker/Desktop/rascore_build/renum/7c41_renum.cif	/Users/mitchellparker/Desktop/rascore_build/rcsb_assembly/7c41-assembly-3.cif.gz	/Users/mitchellparker/Desktop/rascore_build/renum_assembly/7c41-assembly-3_renum.cif	/Users/mitchellparker/Desktop/rascore_build/sifts/7c41.xml.gz	/Users/mitchellparker/Desktop/rascore_build/pocket/7c41G_9_pocket.pdb
7c41J	7c41	0	J	Y32out.2P-OFF	Y71out.2P-SP2-B	Y32out	Y71out	P 1 (CF8)	7c41J1	1	GTPase KRas	RASK_HUMAN	P01116-2	G12V	G12	KRAS	2P	G12V	None	None	None	None	SP2-Unbound	P 1	174	1-167	2020-05-14	Other	372.3919	0.0113	Unbound	Unbound	97,101,107,108,109,110,111,136,137,138,139,162,165,166	GDP,MG	None	None	None	None	None	None	None	None	None	None	GDP	MG	None	None	None	None	STP	XRAY	2.276	0.261	MTEYKLVVVGAVGVGKSALTIQLIQNHFVDEYDPTIEDSYRKQVVIDGETCLLDILDTAGQEEYSAMRDQYMRTGEGFLCVFAINNTKSFEDIHHYREQIKRVKDSEDVPMVLVGNKCDLPSRTVDTKQAQDLARSYGIPFIETSAKTRQGVDDAFYTLVREIRKHKEHHHHHH	True	41.907	84.339	84.335	59.98	89.96	89.97	/Users/mitchellparker/Desktop/rascore_build/core/7c41J_core.cif	/Users/mitchellparker/Desktop/rascore_build/rcsb/7c41.cif.gz	/Users/mitchellparker/Desktop/rascore_build/renum/7c41_renum.cif	/Users/mitchellparker/Desktop/rascore_build/rcsb_assembly/7c41-assembly-3.cif.gz	/Users/mitchellparker/Desktop/rascore_build/renum_assembly/7c41-assembly-3_renum.cif	/Users/mitchellparker/Desktop/rascore_build/sifts/7c41.xml.gz	/Users/mitchellparker/Desktop/rascore_build/pocket/7c41J_1_pocket.pdb
7c41J	7c41	0	J	Y32out.2P-OFF	Y71out.2P-SP2-B	Y32out	Y71out	P 1 (CF8)	7c41J2	2	GTPase KRas	RASK_HUMAN	P01116-2	G12V	G12	KRAS	2P	G12V	None	None	None	None	SP2-Unbound	P 1	174	1-167	2020-05-14	SP2	278.7389	0.0006	Unbound	Unbound	9,10,12,16,58,59,60,72,96,99	GDP,MG	None	None	None	None	None	None	None	None	None	None	GDP	MG	None	None	None	None	STP	XRAY	2.276	0.261	MTEYKLVVVGAVGVGKSALTIQLIQNHFVDEYDPTIEDSYRKQVVIDGETCLLDILDTAGQEEYSAMRDQYMRTGEGFLCVFAINNTKSFEDIHHYREQIKRVKDSEDVPMVLVGNKCDLPSRTVDTKQAQDLARSYGIPFIETSAKTRQGVDDAFYTLVREIRKHKEHHHHHH	True	41.907	84.339	84.335	59.98	89.96	89.97	/Users/mitchellparker/Desktop/rascore_build/core/7c41J_core.cif	/Users/mitchellparker/Desktop/rascore_build/rcsb/7c41.cif.gz	/Users/mitchellparker/Desktop/rascore_build/renum/7c41_renum.cif	/Users/mitchellparker/Desktop/rascore_build/rcsb_assembly/7c41-assembly-3.cif.gz	/Users/mitchellparker/Desktop/rascore_build/renum_assembly/7c41-assembly-3_renum.cif	/Users/mitchellparker/Desktop/rascore_build/sifts/7c41.xml.gz	/Users/mitchellparker/Desktop/rascore_build/pocket/7c41J_2_pocket.pdb
7c41J	7c41	0	J	Y32out.2P-OFF	Y71out.2P-SP2-B	Y32out	Y71out	P 1 (CF8)	7c41J3	3	GTPase KRas	RASK_HUMAN	P01116-2	G12V	G12	KRAS	2P	G12V	None	None	None	None	SP2-Unbound	P 1	174	1-167	2020-05-14	Other	310.3806	0.2299	Unbound	Unbound	75,76,104,106,108,109,110,163,166,167	GDP,MG	None	None	None	None	None	None	None	None	None	None	GDP	MG	None	None	None	None	STP	XRAY	2.276	0.261	MTEYKLVVVGAVGVGKSALTIQLIQNHFVDEYDPTIEDSYRKQVVIDGETCLLDILDTAGQEEYSAMRDQYMRTGEGFLCVFAINNTKSFEDIHHYREQIKRVKDSEDVPMVLVGNKCDLPSRTVDTKQAQDLARSYGIPFIETSAKTRQGVDDAFYTLVREIRKHKEHHHHHH	True	41.907	84.339	84.335	59.98	89.96	89.97	/Users/mitchellparker/Desktop/rascore_build/core/7c41J_core.cif	/Users/mitchellparker/Desktop/rascore_build/rcsb/7c41.cif.gz	/Users/mitchellparker/Desktop/rascore_build/renum/7c41_renum.cif	/Users/mitchellparker/Desktop/rascore_build/rcsb_assembly/7c41-assembly-3.cif.gz	/Users/mitchellparker/Desktop/rascore_build/renum_assembly/7c41-assembly-3_renum.cif	/Users/mitchellparker/Desktop/rascore_build/sifts/7c41.xml.gz	/Users/mitchellparker/Desktop/rascore_build/pocket/7c41J_3_pocket.pdb
7c41J	7c41	0	J	Y32out.2P-OFF	Y71out.2P-SP2-B	Y32out	Y71out	P 1 (CF8)	7c41J4	4	GTPase KRas	RASK_HUMAN	P01116-2	G12V	G12	KRAS	2P	G12V	None	None	None	None	SP2-Unbound	P 1	174	1-167	2020-05-14	SP2	279.7472	0.0270	Unbound	Unbound	9,72,99,100,102,103	GDP,MG	None	None	None	None	None	None	None	None	None	None	GDP	MG	None	None	None	None	STP	XRAY	2.276	0.261	MTEYKLVVVGAVGVGKSALTIQLIQNHFVDEYDPTIEDSYRKQVVIDGETCLLDILDTAGQEEYSAMRDQYMRTGEGFLCVFAINNTKSFEDIHHYREQIKRVKDSEDVPMVLVGNKCDLPSRTVDTKQAQDLARSYGIPFIETSAKTRQGVDDAFYTLVREIRKHKEHHHHHH	True	41.907	84.339	84.335	59.98	89.96	89.97	/Users/mitchellparker/Desktop/rascore_build/core/7c41J_core.cif	/Users/mitchellparker/Desktop/rascore_build/rcsb/7c41.cif.gz	/Users/mitchellparker/Desktop/rascore_build/renum/7c41_renum.cif	/Users/mitchellparker/Desktop/rascore_build/rcsb_assembly/7c41-assembly-3.cif.gz	/Users/mitchellparker/Desktop/rascore_build/renum_assembly/7c41-assembly-3_renum.cif	/Users/mitchellparker/Desktop/rascore_build/sifts/7c41.xml.gz	/Users/mitchellparker/Desktop/rascore_build/pocket/7c41J_4_pocket.pdb
7c41J	7c41	0	J	Y32out.2P-OFF	Y71out.2P-SP2-B	Y32out	Y71out	P 1 (CF8)	7c41J5	5	GTPase KRas	RASK_HUMAN	P01116-2	G12V	G12	KRAS	2P	G12V	None	None	None	None	SP2-Unbound	P 1	174	1-167	2020-05-14	Other	233.4219	0.0004	Unbound	Unbound	98,101,102,105,106,107	GDP,MG	None	None	None	None	None	None	None	None	None	None	GDP	MG	None	None	None	None	STP	XRAY	2.276	0.261	MTEYKLVVVGAVGVGKSALTIQLIQNHFVDEYDPTIEDSYRKQVVIDGETCLLDILDTAGQEEYSAMRDQYMRTGEGFLCVFAINNTKSFEDIHHYREQIKRVKDSEDVPMVLVGNKCDLPSRTVDTKQAQDLARSYGIPFIETSAKTRQGVDDAFYTLVREIRKHKEHHHHHH	True	41.907	84.339	84.335	59.98	89.96	89.97	/Users/mitchellparker/Desktop/rascore_build/core/7c41J_core.cif	/Users/mitchellparker/Desktop/rascore_build/rcsb/7c41.cif.gz	/Users/mitchellparker/Desktop/rascore_build/renum/7c41_renum.cif	/Users/mitchellparker/Desktop/rascore_build/rcsb_assembly/7c41-assembly-3.cif.gz	/Users/mitchellparker/Desktop/rascore_build/renum_assembly/7c41-assembly-3_renum.cif	/Users/mitchellparker/Desktop/rascore_build/sifts/7c41.xml.gz	/Users/mitchellparker/Desktop/rascore_build/pocket/7c41J_5_pocket.pdb
7c41J	7c41	0	J	Y32out.2P-OFF	Y71out.2P-SP2-B	Y32out	Y71out	P 1 (CF8)	7c41J6	6	GTPase KRas	RASK_HUMAN	P01116-2	G12V	G12	KRAS	2P	G12V	None	None	None	None	SP2-Unbound	P 1	174	1-167	2020-05-14	Other	218.0543	0.0002	Unbound	Unbound	126,128,129,132	GDP,MG	None	None	None	None	None	None	None	None	None	None	GDP	MG	None	None	None	None	STP	XRAY	2.276	0.261	MTEYKLVVVGAVGVGKSALTIQLIQNHFVDEYDPTIEDSYRKQVVIDGETCLLDILDTAGQEEYSAMRDQYMRTGEGFLCVFAINNTKSFEDIHHYREQIKRVKDSEDVPMVLVGNKCDLPSRTVDTKQAQDLARSYGIPFIETSAKTRQGVDDAFYTLVREIRKHKEHHHHHH	True	41.907	84.339	84.335	59.98	89.96	89.97	/Users/mitchellparker/Desktop/rascore_build/core/7c41J_core.cif	/Users/mitchellparker/Desktop/rascore_build/rcsb/7c41.cif.gz	/Users/mitchellparker/Desktop/rascore_build/renum/7c41_renum.cif	/Users/mitchellparker/Desktop/rascore_build/rcsb_assembly/7c41-assembly-3.cif.gz	/Users/mitchellparker/Desktop/rascore_build/renum_assembly/7c41-assembly-3_renum.cif	/Users/mitchellparker/Desktop/rascore_build/sifts/7c41.xml.gz	/Users/mitchellparker/Desktop/rascore_build/pocket/7c41J_6_pocket.pdb
7c41M	7c41	0	M	Y32out.2P-OFF	Y71out.2P-SP2-B	Y32out	Y71out	P 1 (CF8)	7c41M10	10	GTPase KRas	RASK_HUMAN	P01116-2	G12V	G12	KRAS	2P	G12V	None	None	None	None	Multiple-Unbound	P 1	174	1-167	2020-05-14	SP2	232.7782	0.0002	Unbound	Unbound	10,12,16,58,59,60,61,96	GDP,MG	None	None	None	None	None	None	None	None	None	None	GDP	MG	None	None	None	None	STP	XRAY	2.276	0.261	MTEYKLVVVGAVGVGKSALTIQLIQNHFVDEYDPTIEDSYRKQVVIDGETCLLDILDTAGQEEYSAMRDQYMRTGEGFLCVFAINNTKSFEDIHHYREQIKRVKDSEDVPMVLVGNKCDLPSRTVDTKQAQDLARSYGIPFIETSAKTRQGVDDAFYTLVREIRKHKEHHHHHH	True	41.907	84.339	84.335	59.98	89.96	89.97	/Users/mitchellparker/Desktop/rascore_build/core/7c41M_core.cif	/Users/mitchellparker/Desktop/rascore_build/rcsb/7c41.cif.gz	/Users/mitchellparker/Desktop/rascore_build/renum/7c41_renum.cif	/Users/mitchellparker/Desktop/rascore_build/rcsb_assembly/7c41-assembly-3.cif.gz	/Users/mitchellparker/Desktop/rascore_build/renum_assembly/7c41-assembly-3_renum.cif	/Users/mitchellparker/Desktop/rascore_build/sifts/7c41.xml.gz	/Users/mitchellparker/Desktop/rascore_build/pocket/7c41M_10_pocket.pdb
7c41M	7c41	0	M	Y32out.2P-OFF	Y71out.2P-SP2-B	Y32out	Y71out	P 1 (CF8)	7c41M11	11	GTPase KRas	RASK_HUMAN	P01116-2	G12V	G12	KRAS	2P	G12V	None	None	None	None	Multiple-Unbound	P 1	174	1-167	2020-05-14	SP2	234.9374	0.0006	Unbound	Unbound	88,92,95,96	GDP,MG	None	None	None	None	None	None	None	None	None	None	GDP	MG	None	None	None	None	STP	XRAY	2.276	0.261	MTEYKLVVVGAVGVGKSALTIQLIQNHFVDEYDPTIEDSYRKQVVIDGETCLLDILDTAGQEEYSAMRDQYMRTGEGFLCVFAINNTKSFEDIHHYREQIKRVKDSEDVPMVLVGNKCDLPSRTVDTKQAQDLARSYGIPFIETSAKTRQGVDDAFYTLVREIRKHKEHHHHHH	True	41.907	84.339	84.335	59.98	89.96	89.97	/Users/mitchellparker/Desktop/rascore_build/core/7c41M_core.cif	/Users/mitchellparker/Desktop/rascore_build/rcsb/7c41.cif.gz	/Users/mitchellparker/Desktop/rascore_build/renum/7c41_renum.cif	/Users/mitchellparker/Desktop/rascore_build/rcsb_assembly/7c41-assembly-3.cif.gz	/Users/mitchellparker/Desktop/rascore_build/renum_assembly/7c41-assembly-3_renum.cif	/Users/mitchellparker/Desktop/rascore_build/sifts/7c41.xml.gz	/Users/mitchellparker/Desktop/rascore_build/pocket/7c41M_11_pocket.pdb
7c41M	7c41	0	M	Y32out.2P-OFF	Y71out.2P-SP2-B	Y32out	Y71out	P 1 (CF8)	7c41M1	1	GTPase KRas	RASK_HUMAN	P01116-2	G12V	G12	KRAS	2P	G12V	None	None	None	None	Multiple-Unbound	P 1	174	1-167	2020-05-14	Other	369.6984	0.0001	Unbound	Unbound	107,108,109,110,111,137,138,139,162,165,166	GDP,MG	None	None	None	None	None	None	None	None	None	None	GDP	MG	None	None	None	None	STP	XRAY	2.276	0.261	MTEYKLVVVGAVGVGKSALTIQLIQNHFVDEYDPTIEDSYRKQVVIDGETCLLDILDTAGQEEYSAMRDQYMRTGEGFLCVFAINNTKSFEDIHHYREQIKRVKDSEDVPMVLVGNKCDLPSRTVDTKQAQDLARSYGIPFIETSAKTRQGVDDAFYTLVREIRKHKEHHHHHH	True	41.907	84.339	84.335	59.98	89.96	89.97	/Users/mitchellparker/Desktop/rascore_build/core/7c41M_core.cif	/Users/mitchellparker/Desktop/rascore_build/rcsb/7c41.cif.gz	/Users/mitchellparker/Desktop/rascore_build/renum/7c41_renum.cif	/Users/mitchellparker/Desktop/rascore_build/rcsb_assembly/7c41-assembly-3.cif.gz	/Users/mitchellparker/Desktop/rascore_build/renum_assembly/7c41-assembly-3_renum.cif	/Users/mitchellparker/Desktop/rascore_build/sifts/7c41.xml.gz	/Users/mitchellparker/Desktop/rascore_build/pocket/7c41M_1_pocket.pdb
7c41M	7c41	0	M	Y32out.2P-OFF	Y71out.2P-SP2-B	Y32out	Y71out	P 1 (CF8)	7c41M2	2	GTPase KRas	RASK_HUMAN	P01116-2	G12V	G12	KRAS	2P	G12V	None	None	None	None	Multiple-Unbound	P 1	174	1-167	2020-05-14	Other	351.2686	0.2485	Unbound	Unbound	73,74,75,76,104,106,108,109,110,163,166,167	GDP,MG	None	None	None	None	None	None	None	None	None	None	GDP	MG	None	None	None	None	STP	XRAY	2.276	0.261	MTEYKLVVVGAVGVGKSALTIQLIQNHFVDEYDPTIEDSYRKQVVIDGETCLLDILDTAGQEEYSAMRDQYMRTGEGFLCVFAINNTKSFEDIHHYREQIKRVKDSEDVPMVLVGNKCDLPSRTVDTKQAQDLARSYGIPFIETSAKTRQGVDDAFYTLVREIRKHKEHHHHHH	True	41.907	84.339	84.335	59.98	89.96	89.97	/Users/mitchellparker/Desktop/rascore_build/core/7c41M_core.cif	/Users/mitchellparker/Desktop/rascore_build/rcsb/7c41.cif.gz	/Users/mitchellparker/Desktop/rascore_build/renum/7c41_renum.cif	/Users/mitchellparker/Desktop/rascore_build/rcsb_assembly/7c41-assembly-3.cif.gz	/Users/mitchellparker/Desktop/rascore_build/renum_assembly/7c41-assembly-3_renum.cif	/Users/mitchellparker/Desktop/rascore_build/sifts/7c41.xml.gz	/Users/mitchellparker/Desktop/rascore_build/pocket/7c41M_2_pocket.pdb
7c41M	7c41	0	M	Y32out.2P-OFF	Y71out.2P-SP2-B	Y32out	Y71out	P 1 (CF8)	7c41M3	3	GTPase KRas	RASK_HUMAN	P01116-2	G12V	G12	KRAS	2P	G12V	None	None	None	None	Multiple-Unbound	P 1	174	1-167	2020-05-14	SP12	170.4398	0.1153	Unbound	Unbound	5,54,67,70,71,74	GDP,MG	None	None	None	None	None	None	None	None	None	None	GDP	MG	None	None	None	None	STP	XRAY	2.276	0.261	MTEYKLVVVGAVGVGKSALTIQLIQNHFVDEYDPTIEDSYRKQVVIDGETCLLDILDTAGQEEYSAMRDQYMRTGEGFLCVFAINNTKSFEDIHHYREQIKRVKDSEDVPMVLVGNKCDLPSRTVDTKQAQDLARSYGIPFIETSAKTRQGVDDAFYTLVREIRKHKEHHHHHH	True	41.907	84.339	84.335	59.98	89.96	89.97	/Users/mitchellparker/Desktop/rascore_build/core/7c41M_core.cif	/Users/mitchellparker/Desktop/rascore_build/rcsb/7c41.cif.gz	/Users/mitchellparker/Desktop/rascore_build/renum/7c41_renum.cif	/Users/mitchellparker/Desktop/rascore_build/rcsb_assembly/7c41-assembly-3.cif.gz	/Users/mitchellparker/Desktop/rascore_build/renum_assembly/7c41-assembly-3_renum.cif	/Users/mitchellparker/Desktop/rascore_build/sifts/7c41.xml.gz	/Users/mitchellparker/Desktop/rascore_build/pocket/7c41M_3_pocket.pdb
7c41M	7c41	0	M	Y32out.2P-OFF	Y71out.2P-SP2-B	Y32out	Y71out	P 1 (CF8)	7c41M4	4	GTPase KRas	RASK_HUMAN	P01116-2	G12V	G12	KRAS	2P	G12V	None	None	None	None	Multiple-Unbound	P 1	174	1-167	2020-05-14	Other	278.3542	0.0219	Unbound	Unbound	140,158,161,162,164,165	GDP,MG	None	None	None	None	None	None	None	None	None	None	GDP	MG	None	None	None	None	STP	XRAY	2.276	0.261	MTEYKLVVVGAVGVGKSALTIQLIQNHFVDEYDPTIEDSYRKQVVIDGETCLLDILDTAGQEEYSAMRDQYMRTGEGFLCVFAINNTKSFEDIHHYREQIKRVKDSEDVPMVLVGNKCDLPSRTVDTKQAQDLARSYGIPFIETSAKTRQGVDDAFYTLVREIRKHKEHHHHHH	True	41.907	84.339	84.335	59.98	89.96	89.97	/Users/mitchellparker/Desktop/rascore_build/core/7c41M_core.cif	/Users/mitchellparker/Desktop/rascore_build/rcsb/7c41.cif.gz	/Users/mitchellparker/Desktop/rascore_build/renum/7c41_renum.cif	/Users/mitchellparker/Desktop/rascore_build/rcsb_assembly/7c41-assembly-3.cif.gz	/Users/mitchellparker/Desktop/rascore_build/renum_assembly/7c41-assembly-3_renum.cif	/Users/mitchellparker/Desktop/rascore_build/sifts/7c41.xml.gz	/Users/mitchellparker/Desktop/rascore_build/pocket/7c41M_4_pocket.pdb
7c41M	7c41	0	M	Y32out.2P-OFF	Y71out.2P-SP2-B	Y32out	Y71out	P 1 (CF8)	7c41M5	5	GTPase KRas	RASK_HUMAN	P01116-2	G12V	G12	KRAS	2P	G12V	None	None	None	None	Multiple-Unbound	P 1	174	1-167	2020-05-14	Other	122.7165	0.0050	Unbound	Unbound	97,100,101,106,107,109,111,137,139	GDP,MG	None	None	None	None	None	None	None	None	None	None	GDP	MG	None	None	None	None	STP	XRAY	2.276	0.261	MTEYKLVVVGAVGVGKSALTIQLIQNHFVDEYDPTIEDSYRKQVVIDGETCLLDILDTAGQEEYSAMRDQYMRTGEGFLCVFAINNTKSFEDIHHYREQIKRVKDSEDVPMVLVGNKCDLPSRTVDTKQAQDLARSYGIPFIETSAKTRQGVDDAFYTLVREIRKHKEHHHHHH	True	41.907	84.339	84.335	59.98	89.96	89.97	/Users/mitchellparker/Desktop/rascore_build/core/7c41M_core.cif	/Users/mitchellparker/Desktop/rascore_build/rcsb/7c41.cif.gz	/Users/mitchellparker/Desktop/rascore_build/renum/7c41_renum.cif	/Users/mitchellparker/Desktop/rascore_build/rcsb_assembly/7c41-assembly-3.cif.gz	/Users/mitchellparker/Desktop/rascore_build/renum_assembly/7c41-assembly-3_renum.cif	/Users/mitchellparker/Desktop/rascore_build/sifts/7c41.xml.gz	/Users/mitchellparker/Desktop/rascore_build/pocket/7c41M_5_pocket.pdb
7c41M	7c41	0	M	Y32out.2P-OFF	Y71out.2P-SP2-B	Y32out	Y71out	P 1 (CF8)	7c41M6	6	GTPase KRas	RASK_HUMAN	P01116-2	G12V	G12	KRAS	2P	G12V	None	None	None	None	Multiple-Unbound	P 1	174	1-167	2020-05-14	Other	225.0169	0.0419	Unbound	Unbound	12,13,31,32,34	GDP,MG	None	None	None	None	None	None	None	None	None	None	GDP	MG	None	None	None	None	STP	XRAY	2.276	0.261	MTEYKLVVVGAVGVGKSALTIQLIQNHFVDEYDPTIEDSYRKQVVIDGETCLLDILDTAGQEEYSAMRDQYMRTGEGFLCVFAINNTKSFEDIHHYREQIKRVKDSEDVPMVLVGNKCDLPSRTVDTKQAQDLARSYGIPFIETSAKTRQGVDDAFYTLVREIRKHKEHHHHHH	True	41.907	84.339	84.335	59.98	89.96	89.97	/Users/mitchellparker/Desktop/rascore_build/core/7c41M_core.cif	/Users/mitchellparker/Desktop/rascore_build/rcsb/7c41.cif.gz	/Users/mitchellparker/Desktop/rascore_build/renum/7c41_renum.cif	/Users/mitchellparker/Desktop/rascore_build/rcsb_assembly/7c41-assembly-3.cif.gz	/Users/mitchellparker/Desktop/rascore_build/renum_assembly/7c41-assembly-3_renum.cif	/Users/mitchellparker/Desktop/rascore_build/sifts/7c41.xml.gz	/Users/mitchellparker/Desktop/rascore_build/pocket/7c41M_6_pocket.pdb
7c41M	7c41	0	M	Y32out.2P-OFF	Y71out.2P-SP2-B	Y32out	Y71out	P 1 (CF8)	7c41M7	7	GTPase KRas	RASK_HUMAN	P01116-2	G12V	G12	KRAS	2P	G12V	None	None	None	None	Multiple-Unbound	P 1	174	1-167	2020-05-14	Other	157.2181	0.0998	Unbound	Unbound	3,41,52,53,54	GDP,MG	None	None	None	None	None	None	None	None	None	None	GDP	MG	None	None	None	None	STP	XRAY	2.276	0.261	MTEYKLVVVGAVGVGKSALTIQLIQNHFVDEYDPTIEDSYRKQVVIDGETCLLDILDTAGQEEYSAMRDQYMRTGEGFLCVFAINNTKSFEDIHHYREQIKRVKDSEDVPMVLVGNKCDLPSRTVDTKQAQDLARSYGIPFIETSAKTRQGVDDAFYTLVREIRKHKEHHHHHH	True	41.907	84.339	84.335	59.98	89.96	89.97	/Users/mitchellparker/Desktop/rascore_build/core/7c41M_core.cif	/Users/mitchellparker/Desktop/rascore_build/rcsb/7c41.cif.gz	/Users/mitchellparker/Desktop/rascore_build/renum/7c41_renum.cif	/Users/mitchellparker/Desktop/rascore_build/rcsb_assembly/7c41-assembly-3.cif.gz	/Users/mitchellparker/Desktop/rascore_build/renum_assembly/7c41-assembly-3_renum.cif	/Users/mitchellparker/Desktop/rascore_build/sifts/7c41.xml.gz	/Users/mitchellparker/Desktop/rascore_build/pocket/7c41M_7_pocket.pdb
7c41M	7c41	0	M	Y32out.2P-OFF	Y71out.2P-SP2-B	Y32out	Y71out	P 1 (CF8)	7c41M8	8	GTPase KRas	RASK_HUMAN	P01116-2	G12V	G12	KRAS	2P	G12V	None	None	None	None	Multiple-Unbound	P 1	174	1-167	2020-05-14	SP2	154.5877	0.1739	Unbound	Unbound	9,72,96,99,100,103	GDP,MG	None	None	None	None	None	None	None	None	None	None	GDP	MG	None	None	None	None	STP	XRAY	2.276	0.261	MTEYKLVVVGAVGVGKSALTIQLIQNHFVDEYDPTIEDSYRKQVVIDGETCLLDILDTAGQEEYSAMRDQYMRTGEGFLCVFAINNTKSFEDIHHYREQIKRVKDSEDVPMVLVGNKCDLPSRTVDTKQAQDLARSYGIPFIETSAKTRQGVDDAFYTLVREIRKHKEHHHHHH	True	41.907	84.339	84.335	59.98	89.96	89.97	/Users/mitchellparker/Desktop/rascore_build/core/7c41M_core.cif	/Users/mitchellparker/Desktop/rascore_build/rcsb/7c41.cif.gz	/Users/mitchellparker/Desktop/rascore_build/renum/7c41_renum.cif	/Users/mitchellparker/Desktop/rascore_build/rcsb_assembly/7c41-assembly-3.cif.gz	/Users/mitchellparker/Desktop/rascore_build/renum_assembly/7c41-assembly-3_renum.cif	/Users/mitchellparker/Desktop/rascore_build/sifts/7c41.xml.gz	/Users/mitchellparker/Desktop/rascore_build/pocket/7c41M_8_pocket.pdb
7c41M	7c41	0	M	Y32out.2P-OFF	Y71out.2P-SP2-B	Y32out	Y71out	P 1 (CF8)	7c41M9	9	GTPase KRas	RASK_HUMAN	P01116-2	G12V	G12	KRAS	2P	G12V	None	None	None	None	Multiple-Unbound	P 1	174	1-167	2020-05-14	Other	248.8079	0.0000	Unbound	Unbound	35,37,61,63,64,65,67,68	GDP,MG	None	None	None	None	None	None	None	None	None	None	GDP	MG	None	None	None	None	STP	XRAY	2.276	0.261	MTEYKLVVVGAVGVGKSALTIQLIQNHFVDEYDPTIEDSYRKQVVIDGETCLLDILDTAGQEEYSAMRDQYMRTGEGFLCVFAINNTKSFEDIHHYREQIKRVKDSEDVPMVLVGNKCDLPSRTVDTKQAQDLARSYGIPFIETSAKTRQGVDDAFYTLVREIRKHKEHHHHHH	True	41.907	84.339	84.335	59.98	89.96	89.97	/Users/mitchellparker/Desktop/rascore_build/core/7c41M_core.cif	/Users/mitchellparker/Desktop/rascore_build/rcsb/7c41.cif.gz	/Users/mitchellparker/Desktop/rascore_build/renum/7c41_renum.cif	/Users/mitchellparker/Desktop/rascore_build/rcsb_assembly/7c41-assembly-3.cif.gz	/Users/mitchellparker/Desktop/rascore_build/renum_assembly/7c41-assembly-3_renum.cif	/Users/mitchellparker/Desktop/rascore_build/sifts/7c41.xml.gz	/Users/mitchellparker/Desktop/rascore_build/pocket/7c41M_9_pocket.pdb
7dphA	7dph	0	A	Outlier	Disordered	Y32in	Disordered	H 3 2 (CF3)	7dphA2	2	GTPase HRas	RASH_HUMAN	P01112	Q61H	Q61	HRAS	3P	Q61H	None	None	None	Homodimer	SP2-Unbound	H 3 2	171	1-61:70-166	2020-12-19	Other	106.0117	0.0011	Unbound	Unbound	97,101,106,107,109,111,137,139	MG,MG,NA,GNP	None	None	None	None	None	None	None	None	None	None	GNP	MG	None	None	None	None	STP	XRAY	1.540	0.193	GPLGSMTEYKLVVVGAGGVGKSALTIQLIQNHFVDEYDPTIEDSYRKQVVIDGETCLLDILDTAGHEEYSAMRDQYMRTGEGFLCVFAINNTKSFEDIHQYREQIKRVKDSDDVPMVLVGNKCDLAARTVESRQAQDLARSYGIPYIETSAKTRQGVEDAFYTLVREIRQH	True	91.769	91.769	121.268	90.000	90.000	120.000	/Users/mitchellparker/Desktop/rascore_build/core/7dphA_core.cif	/Users/mitchellparker/Desktop/rascore_build/rcsb/7dph.cif.gz	/Users/mitchellparker/Desktop/rascore_build/renum/7dph_renum.cif	/Users/mitchellparker/Desktop/rascore_build/rcsb_assembly/7dph-assembly-1.cif.gz	/Users/mitchellparker/Desktop/rascore_build/renum_assembly/7dph-assembly-1_renum.cif	/Users/mitchellparker/Desktop/rascore_build/sifts/7dph.xml.gz	/Users/mitchellparker/Desktop/rascore_build/pocket/7dphA_2_pocket.pdb
7dphA	7dph	0	A	Outlier	Disordered	Y32in	Disordered	H 3 2 (CF3)	7dphA3	3	GTPase HRas	RASH_HUMAN	P01112	Q61H	Q61	HRAS	3P	Q61H	None	None	None	Homodimer	SP2-Unbound	H 3 2	171	1-61:70-166	2020-12-19	Other	384.2020	0.0002	Unbound	Unbound	127,131,134,135,139,141,143	MG,MG,NA,GNP	None	None	None	None	None	None	None	None	None	None	GNP	MG	None	None	None	None	STP	XRAY	1.540	0.193	GPLGSMTEYKLVVVGAGGVGKSALTIQLIQNHFVDEYDPTIEDSYRKQVVIDGETCLLDILDTAGHEEYSAMRDQYMRTGEGFLCVFAINNTKSFEDIHQYREQIKRVKDSDDVPMVLVGNKCDLAARTVESRQAQDLARSYGIPYIETSAKTRQGVEDAFYTLVREIRQH	True	91.769	91.769	121.268	90.000	90.000	120.000	/Users/mitchellparker/Desktop/rascore_build/core/7dphA_core.cif	/Users/mitchellparker/Desktop/rascore_build/rcsb/7dph.cif.gz	/Users/mitchellparker/Desktop/rascore_build/renum/7dph_renum.cif	/Users/mitchellparker/Desktop/rascore_build/rcsb_assembly/7dph-assembly-1.cif.gz	/Users/mitchellparker/Desktop/rascore_build/renum_assembly/7dph-assembly-1_renum.cif	/Users/mitchellparker/Desktop/rascore_build/sifts/7dph.xml.gz	/Users/mitchellparker/Desktop/rascore_build/pocket/7dphA_3_pocket.pdb
7dphA	7dph	0	A	Outlier	Disordered	Y32in	Disordered	H 3 2 (CF3)	7dphA4	4	GTPase HRas	RASH_HUMAN	P01112	Q61H	Q61	HRAS	3P	Q61H	None	None	None	Homodimer	SP2-Unbound	H 3 2	171	1-61:70-166	2020-12-19	Other	234.6947	0.0028	Unbound	Unbound	76,104,106,108,109,110,163,166	MG,MG,NA,GNP	None	None	None	None	None	None	None	None	None	None	GNP	MG	None	None	None	None	STP	XRAY	1.540	0.193	GPLGSMTEYKLVVVGAGGVGKSALTIQLIQNHFVDEYDPTIEDSYRKQVVIDGETCLLDILDTAGHEEYSAMRDQYMRTGEGFLCVFAINNTKSFEDIHQYREQIKRVKDSDDVPMVLVGNKCDLAARTVESRQAQDLARSYGIPYIETSAKTRQGVEDAFYTLVREIRQH	True	91.769	91.769	121.268	90.000	90.000	120.000	/Users/mitchellparker/Desktop/rascore_build/core/7dphA_core.cif	/Users/mitchellparker/Desktop/rascore_build/rcsb/7dph.cif.gz	/Users/mitchellparker/Desktop/rascore_build/renum/7dph_renum.cif	/Users/mitchellparker/Desktop/rascore_build/rcsb_assembly/7dph-assembly-1.cif.gz	/Users/mitchellparker/Desktop/rascore_build/renum_assembly/7dph-assembly-1_renum.cif	/Users/mitchellparker/Desktop/rascore_build/sifts/7dph.xml.gz	/Users/mitchellparker/Desktop/rascore_build/pocket/7dphA_4_pocket.pdb
7dphA	7dph	0	A	Outlier	Disordered	Y32in	Disordered	H 3 2 (CF3)	7dphA5	5	GTPase HRas	RASH_HUMAN	P01112	Q61H	Q61	HRAS	3P	Q61H	None	None	None	Homodimer	SP2-Unbound	H 3 2	171	1-61:70-166	2020-12-19	SP2	370.3060	0.0009	Unbound	Unbound	61,88,92,95,96,99,102	MG,MG,NA,GNP	None	None	None	None	None	None	None	None	None	None	GNP	MG	None	None	None	None	STP	XRAY	1.540	0.193	GPLGSMTEYKLVVVGAGGVGKSALTIQLIQNHFVDEYDPTIEDSYRKQVVIDGETCLLDILDTAGHEEYSAMRDQYMRTGEGFLCVFAINNTKSFEDIHQYREQIKRVKDSDDVPMVLVGNKCDLAARTVESRQAQDLARSYGIPYIETSAKTRQGVEDAFYTLVREIRQH	True	91.769	91.769	121.268	90.000	90.000	120.000	/Users/mitchellparker/Desktop/rascore_build/core/7dphA_core.cif	/Users/mitchellparker/Desktop/rascore_build/rcsb/7dph.cif.gz	/Users/mitchellparker/Desktop/rascore_build/renum/7dph_renum.cif	/Users/mitchellparker/Desktop/rascore_build/rcsb_assembly/7dph-assembly-1.cif.gz	/Users/mitchellparker/Desktop/rascore_build/renum_assembly/7dph-assembly-1_renum.cif	/Users/mitchellparker/Desktop/rascore_build/sifts/7dph.xml.gz	/Users/mitchellparker/Desktop/rascore_build/pocket/7dphA_5_pocket.pdb
7dphA	7dph	0	A	Outlier	Disordered	Y32in	Disordered	H 3 2 (CF3)	7dphA6	6	GTPase HRas	RASH_HUMAN	P01112	Q61H	Q61	HRAS	3P	Q61H	None	None	None	Homodimer	SP2-Unbound	H 3 2	171	1-61:70-166	2020-12-19	Other	307.2236	0.0000	Unbound	Unbound	107,108,109,110,137,138,139,162,165,166	MG,MG,NA,GNP	None	None	None	None	None	None	None	None	None	None	GNP	MG	None	None	None	None	STP	XRAY	1.540	0.193	GPLGSMTEYKLVVVGAGGVGKSALTIQLIQNHFVDEYDPTIEDSYRKQVVIDGETCLLDILDTAGHEEYSAMRDQYMRTGEGFLCVFAINNTKSFEDIHQYREQIKRVKDSDDVPMVLVGNKCDLAARTVESRQAQDLARSYGIPYIETSAKTRQGVEDAFYTLVREIRQH	True	91.769	91.769	121.268	90.000	90.000	120.000	/Users/mitchellparker/Desktop/rascore_build/core/7dphA_core.cif	/Users/mitchellparker/Desktop/rascore_build/rcsb/7dph.cif.gz	/Users/mitchellparker/Desktop/rascore_build/renum/7dph_renum.cif	/Users/mitchellparker/Desktop/rascore_build/rcsb_assembly/7dph-assembly-1.cif.gz	/Users/mitchellparker/Desktop/rascore_build/renum_assembly/7dph-assembly-1_renum.cif	/Users/mitchellparker/Desktop/rascore_build/sifts/7dph.xml.gz	/Users/mitchellparker/Desktop/rascore_build/pocket/7dphA_6_pocket.pdb
7dphA	7dph	0	A	Outlier	Disordered	Y32in	Disordered	H 3 2 (CF3)	7dphA7	7	GTPase HRas	RASH_HUMAN	P01112	Q61H	Q61	HRAS	3P	Q61H	None	None	None	Homodimer	SP2-Unbound	H 3 2	171	1-61:70-166	2020-12-19	Other	257.2086	0.0006	Unbound	Unbound	21,24,25,36,37,39,40,41	MG,MG,NA,GNP	None	None	None	None	None	None	None	None	None	None	GNP	MG	None	None	None	None	STP	XRAY	1.540	0.193	GPLGSMTEYKLVVVGAGGVGKSALTIQLIQNHFVDEYDPTIEDSYRKQVVIDGETCLLDILDTAGHEEYSAMRDQYMRTGEGFLCVFAINNTKSFEDIHQYREQIKRVKDSDDVPMVLVGNKCDLAARTVESRQAQDLARSYGIPYIETSAKTRQGVEDAFYTLVREIRQH	True	91.769	91.769	121.268	90.000	90.000	120.000	/Users/mitchellparker/Desktop/rascore_build/core/7dphA_core.cif	/Users/mitchellparker/Desktop/rascore_build/rcsb/7dph.cif.gz	/Users/mitchellparker/Desktop/rascore_build/renum/7dph_renum.cif	/Users/mitchellparker/Desktop/rascore_build/rcsb_assembly/7dph-assembly-1.cif.gz	/Users/mitchellparker/Desktop/rascore_build/renum_assembly/7dph-assembly-1_renum.cif	/Users/mitchellparker/Desktop/rascore_build/sifts/7dph.xml.gz	/Users/mitchellparker/Desktop/rascore_build/pocket/7dphA_7_pocket.pdb
7dpjA	7dpj	0	A	Outlier	Outlier	Disordered	Disordered	H 3 2 (CF3)	7dpjA2	2	GTPase HRas	RASH_HUMAN	P01112	Q61L	Q61	HRAS	3P	Other	None	None	None	Homodimer	Other-Unbound	H 3 2	171	1-166	2020-12-19	Other	315.8900	0.0006	Unbound	Unbound	127,131,134,135,139,141,143	MG,MG,CA,CA,CA,GNP	None	None	None	None	None	None	None	None	None	None	GNP	MG	None	CA	None	None	STP	XRAY	1.976	0.193	GPLGSMTEYKLVVVGAGGVGKSALTIQLIQNHFVDEYDPTIEDSYRKQVVIDGETCLLDILDTAGLEEYSAMRDQYMRTGEGFLCVFAINNTKSFEDIHQYREQIKRVKDSDDVPMVLVGNKCDLAARTVESRQAQDLARSYGIPYIETSAKTRQGVEDAFYTLVREIRQH	True	91.844	91.844	121.413	90.000	90.000	120.000	/Users/mitchellparker/Desktop/rascore_build/core/7dpjA_core.cif	/Users/mitchellparker/Desktop/rascore_build/rcsb/7dpj.cif.gz	/Users/mitchellparker/Desktop/rascore_build/renum/7dpj_renum.cif	/Users/mitchellparker/Desktop/rascore_build/rcsb_assembly/7dpj-assembly-1.cif.gz	/Users/mitchellparker/Desktop/rascore_build/renum_assembly/7dpj-assembly-1_renum.cif	/Users/mitchellparker/Desktop/rascore_build/sifts/7dpj.xml.gz	/Users/mitchellparker/Desktop/rascore_build/pocket/7dpjA_2_pocket.pdb
7dpjA	7dpj	0	A	Outlier	Outlier	Disordered	Disordered	H 3 2 (CF3)	7dpjA3	3	GTPase HRas	RASH_HUMAN	P01112	Q61L	Q61	HRAS	3P	Other	None	None	None	Homodimer	Other-Unbound	H 3 2	171	1-166	2020-12-19	Other	103.0035	0.0025	Unbound	Unbound	97,100,101,106,107,109,111,137,139	MG,MG,CA,CA,CA,GNP	None	None	None	None	None	None	None	None	None	None	GNP	MG	None	CA	None	None	STP	XRAY	1.976	0.193	GPLGSMTEYKLVVVGAGGVGKSALTIQLIQNHFVDEYDPTIEDSYRKQVVIDGETCLLDILDTAGLEEYSAMRDQYMRTGEGFLCVFAINNTKSFEDIHQYREQIKRVKDSDDVPMVLVGNKCDLAARTVESRQAQDLARSYGIPYIETSAKTRQGVEDAFYTLVREIRQH	True	91.844	91.844	121.413	90.000	90.000	120.000	/Users/mitchellparker/Desktop/rascore_build/core/7dpjA_core.cif	/Users/mitchellparker/Desktop/rascore_build/rcsb/7dpj.cif.gz	/Users/mitchellparker/Desktop/rascore_build/renum/7dpj_renum.cif	/Users/mitchellparker/Desktop/rascore_build/rcsb_assembly/7dpj-assembly-1.cif.gz	/Users/mitchellparker/Desktop/rascore_build/renum_assembly/7dpj-assembly-1_renum.cif	/Users/mitchellparker/Desktop/rascore_build/sifts/7dpj.xml.gz	/Users/mitchellparker/Desktop/rascore_build/pocket/7dpjA_3_pocket.pdb
7dpjA	7dpj	0	A	Outlier	Outlier	Disordered	Disordered	H 3 2 (CF3)	7dpjA4	4	GTPase HRas	RASH_HUMAN	P01112	Q61L	Q61	HRAS	3P	Other	None	None	None	Homodimer	Other-Unbound	H 3 2	171	1-166	2020-12-19	Other	308.3565	0.0159	Unbound	Unbound	74,75,76,104,106,108,109,110,163,166	MG,MG,CA,CA,CA,GNP	None	None	None	None	None	None	None	None	None	None	GNP	MG	None	CA	None	None	STP	XRAY	1.976	0.193	GPLGSMTEYKLVVVGAGGVGKSALTIQLIQNHFVDEYDPTIEDSYRKQVVIDGETCLLDILDTAGLEEYSAMRDQYMRTGEGFLCVFAINNTKSFEDIHQYREQIKRVKDSDDVPMVLVGNKCDLAARTVESRQAQDLARSYGIPYIETSAKTRQGVEDAFYTLVREIRQH	True	91.844	91.844	121.413	90.000	90.000	120.000	/Users/mitchellparker/Desktop/rascore_build/core/7dpjA_core.cif	/Users/mitchellparker/Desktop/rascore_build/rcsb/7dpj.cif.gz	/Users/mitchellparker/Desktop/rascore_build/renum/7dpj_renum.cif	/Users/mitchellparker/Desktop/rascore_build/rcsb_assembly/7dpj-assembly-1.cif.gz	/Users/mitchellparker/Desktop/rascore_build/renum_assembly/7dpj-assembly-1_renum.cif	/Users/mitchellparker/Desktop/rascore_build/sifts/7dpj.xml.gz	/Users/mitchellparker/Desktop/rascore_build/pocket/7dpjA_4_pocket.pdb
7dpjA	7dpj	0	A	Outlier	Outlier	Disordered	Disordered	H 3 2 (CF3)	7dpjA5	5	GTPase HRas	RASH_HUMAN	P01112	Q61L	Q61	HRAS	3P	Other	None	None	None	Homodimer	Other-Unbound	H 3 2	171	1-166	2020-12-19	Other	292.0655	0.0056	Unbound	Unbound	90,91,94,129,132,133	MG,MG,CA,CA,CA,GNP	None	None	None	None	None	None	None	None	None	None	GNP	MG	None	CA	None	None	STP	XRAY	1.976	0.193	GPLGSMTEYKLVVVGAGGVGKSALTIQLIQNHFVDEYDPTIEDSYRKQVVIDGETCLLDILDTAGLEEYSAMRDQYMRTGEGFLCVFAINNTKSFEDIHQYREQIKRVKDSDDVPMVLVGNKCDLAARTVESRQAQDLARSYGIPYIETSAKTRQGVEDAFYTLVREIRQH	True	91.844	91.844	121.413	90.000	90.000	120.000	/Users/mitchellparker/Desktop/rascore_build/core/7dpjA_core.cif	/Users/mitchellparker/Desktop/rascore_build/rcsb/7dpj.cif.gz	/Users/mitchellparker/Desktop/rascore_build/renum/7dpj_renum.cif	/Users/mitchellparker/Desktop/rascore_build/rcsb_assembly/7dpj-assembly-1.cif.gz	/Users/mitchellparker/Desktop/rascore_build/renum_assembly/7dpj-assembly-1_renum.cif	/Users/mitchellparker/Desktop/rascore_build/sifts/7dpj.xml.gz	/Users/mitchellparker/Desktop/rascore_build/pocket/7dpjA_5_pocket.pdb
7dpjA	7dpj	0	A	Outlier	Outlier	Disordered	Disordered	H 3 2 (CF3)	7dpjA6	6	GTPase HRas	RASH_HUMAN	P01112	Q61L	Q61	HRAS	3P	Other	None	None	None	Homodimer	Other-Unbound	H 3 2	171	1-166	2020-12-19	Other	227.7828	0.0003	Unbound	Unbound	61,95,98,99,102	MG,MG,CA,CA,CA,GNP	None	None	None	None	None	None	None	None	None	None	GNP	MG	None	CA	None	None	STP	XRAY	1.976	0.193	GPLGSMTEYKLVVVGAGGVGKSALTIQLIQNHFVDEYDPTIEDSYRKQVVIDGETCLLDILDTAGLEEYSAMRDQYMRTGEGFLCVFAINNTKSFEDIHQYREQIKRVKDSDDVPMVLVGNKCDLAARTVESRQAQDLARSYGIPYIETSAKTRQGVEDAFYTLVREIRQH	True	91.844	91.844	121.413	90.000	90.000	120.000	/Users/mitchellparker/Desktop/rascore_build/core/7dpjA_core.cif	/Users/mitchellparker/Desktop/rascore_build/rcsb/7dpj.cif.gz	/Users/mitchellparker/Desktop/rascore_build/renum/7dpj_renum.cif	/Users/mitchellparker/Desktop/rascore_build/rcsb_assembly/7dpj-assembly-1.cif.gz	/Users/mitchellparker/Desktop/rascore_build/renum_assembly/7dpj-assembly-1_renum.cif	/Users/mitchellparker/Desktop/rascore_build/sifts/7dpj.xml.gz	/Users/mitchellparker/Desktop/rascore_build/pocket/7dpjA_6_pocket.pdb
7dpjA	7dpj	0	A	Outlier	Outlier	Disordered	Disordered	H 3 2 (CF3)	7dpjA7	7	GTPase HRas	RASH_HUMAN	P01112	Q61L	Q61	HRAS	3P	Other	None	None	None	Homodimer	Other-Unbound	H 3 2	171	1-166	2020-12-19	Other	185.1103	0.0002	Unbound	Unbound	108,109,110,138,162,165,166	MG,MG,CA,CA,CA,GNP	None	None	None	None	None	None	None	None	None	None	GNP	MG	None	CA	None	None	STP	XRAY	1.976	0.193	GPLGSMTEYKLVVVGAGGVGKSALTIQLIQNHFVDEYDPTIEDSYRKQVVIDGETCLLDILDTAGLEEYSAMRDQYMRTGEGFLCVFAINNTKSFEDIHQYREQIKRVKDSDDVPMVLVGNKCDLAARTVESRQAQDLARSYGIPYIETSAKTRQGVEDAFYTLVREIRQH	True	91.844	91.844	121.413	90.000	90.000	120.000	/Users/mitchellparker/Desktop/rascore_build/core/7dpjA_core.cif	/Users/mitchellparker/Desktop/rascore_build/rcsb/7dpj.cif.gz	/Users/mitchellparker/Desktop/rascore_build/renum/7dpj_renum.cif	/Users/mitchellparker/Desktop/rascore_build/rcsb_assembly/7dpj-assembly-1.cif.gz	/Users/mitchellparker/Desktop/rascore_build/renum_assembly/7dpj-assembly-1_renum.cif	/Users/mitchellparker/Desktop/rascore_build/sifts/7dpj.xml.gz	/Users/mitchellparker/Desktop/rascore_build/pocket/7dpjA_7_pocket.pdb
7ew9A	7ew9	0	A	Y32out.2P-OFF	Y71out.2P-SP2-A	Y32out	Y71out	P 1 21 1 (CF19)	7ew9A1	1	GTPase KRas	RASK_HUMAN	P01116-2	G12D	G12	KRAS	2P	G12D	SP2	SP2.Unclassified	None	None	SP2-Bound	P 1 21 1	170	1-168	2021-05-25	SP2	990.9539	0.9602	Bound	SP2	9,10,11,12,16,58,59,60,61,62,63,64,68,69,72,78,86,88,89,92,95,96,99,100,102,103	MG,05C,GDP	None	05C:62,95,96,92,9,100,72,99,103,69,102,64,63,68,12,60,59,10	None	None	SP2	SP2.Unclassified	05C:Cc1cccc2cccc(N3CCc4c(nc(OCC5CCCN5C)nc4N4CCNCC4C)C3)c12	None	None	None	GDP	MG	05C	None	None	None	05C	XRAY	2.130	0.205	GMTEYKLVVVGADGVGKSALTIQLIQNHFVDEYDPTIEDSYRKQVVIDGETCLLDILDTAGQEEYSAMRDQYMRTGEGFLCVFAINNTKSFEDIHHYREQIKRVKDSEDVPMVLVGNKCDLPSRTVDTKQAQDLARSYGIPFIETSAKTRQGVDDAFYTLVREIRKHKEK	True	47.014	103.381	56.269	90.000	106.400	90.000	/Users/mitchellparker/Desktop/rascore_build/core/7ew9A_core.cif	/Users/mitchellparker/Desktop/rascore_build/rcsb/7ew9.cif.gz	/Users/mitchellparker/Desktop/rascore_build/renum/7ew9_renum.cif	/Users/mitchellparker/Desktop/rascore_build/rcsb_assembly/7ew9-assembly-3.cif.gz	/Users/mitchellparker/Desktop/rascore_build/renum_assembly/7ew9-assembly-3_renum.cif	/Users/mitchellparker/Desktop/rascore_build/sifts/7ew9.xml.gz	/Users/mitchellparker/Desktop/rascore_build/pocket/7ew9A_1_pocket.pdb
7ew9B	7ew9	0	B	Y32out.2P-OFF	Y71out.2P-SP2-A	Y32out	Y71out	P 1 21 1 (CF19)	7ew9B1	1	GTPase KRas	RASK_HUMAN	P01116-2	G12D	G12	KRAS	2P	G12D	SP2	SP2.Unclassified	None	None	SP2-Bound	P 1 21 1	170	1-168	2021-05-25	SP2	617.4891	0.0009	Bound	SP2	10,11,12,16,58,59,60,61,62,68,86,88,92,95,96	MG,05C,GDP	None	05C:62,68,61,96,95,64,92,9,72,100,99,103,69,102,63,12,60,59,10	None	None	SP2	SP2.Unclassified	05C:Cc1cccc2cccc(N3CCc4c(nc(OCC5CCCN5C)nc4N4CCNCC4C)C3)c12	None	None	None	GDP	MG	05C	None	None	None	05C	XRAY	2.130	0.205	GMTEYKLVVVGADGVGKSALTIQLIQNHFVDEYDPTIEDSYRKQVVIDGETCLLDILDTAGQEEYSAMRDQYMRTGEGFLCVFAINNTKSFEDIHHYREQIKRVKDSEDVPMVLVGNKCDLPSRTVDTKQAQDLARSYGIPFIETSAKTRQGVDDAFYTLVREIRKHKEK	True	47.014	103.381	56.269	90.000	106.400	90.000	/Users/mitchellparker/Desktop/rascore_build/core/7ew9B_core.cif	/Users/mitchellparker/Desktop/rascore_build/rcsb/7ew9.cif.gz	/Users/mitchellparker/Desktop/rascore_build/renum/7ew9_renum.cif	/Users/mitchellparker/Desktop/rascore_build/rcsb_assembly/7ew9-assembly-3.cif.gz	/Users/mitchellparker/Desktop/rascore_build/renum_assembly/7ew9-assembly-3_renum.cif	/Users/mitchellparker/Desktop/rascore_build/sifts/7ew9.xml.gz	/Users/mitchellparker/Desktop/rascore_build/pocket/7ew9B_1_pocket.pdb
7ew9B	7ew9	0	B	Y32out.2P-OFF	Y71out.2P-SP2-A	Y32out	Y71out	P 1 21 1 (CF19)	7ew9B2	2	GTPase KRas	RASK_HUMAN	P01116-2	G12D	G12	KRAS	2P	G12D	SP2	SP2.Unclassified	None	None	SP2-Bound	P 1 21 1	170	1-168	2021-05-25	SP2	344.3576	0.7505	Bound	SP2	9,61,62,63,64,68,69,72,78,96,99,100,102,103	MG,05C,GDP	None	05C:62,68,61,96,95,64,92,9,72,100,99,103,69,102,63,12,60,59,10	None	None	SP2	SP2.Unclassified	05C:Cc1cccc2cccc(N3CCc4c(nc(OCC5CCCN5C)nc4N4CCNCC4C)C3)c12	None	None	None	GDP	MG	05C	None	None	None	05C	XRAY	2.130	0.205	GMTEYKLVVVGADGVGKSALTIQLIQNHFVDEYDPTIEDSYRKQVVIDGETCLLDILDTAGQEEYSAMRDQYMRTGEGFLCVFAINNTKSFEDIHHYREQIKRVKDSEDVPMVLVGNKCDLPSRTVDTKQAQDLARSYGIPFIETSAKTRQGVDDAFYTLVREIRKHKEK	True	47.014	103.381	56.269	90.000	106.400	90.000	/Users/mitchellparker/Desktop/rascore_build/core/7ew9B_core.cif	/Users/mitchellparker/Desktop/rascore_build/rcsb/7ew9.cif.gz	/Users/mitchellparker/Desktop/rascore_build/renum/7ew9_renum.cif	/Users/mitchellparker/Desktop/rascore_build/rcsb_assembly/7ew9-assembly-3.cif.gz	/Users/mitchellparker/Desktop/rascore_build/renum_assembly/7ew9-assembly-3_renum.cif	/Users/mitchellparker/Desktop/rascore_build/sifts/7ew9.xml.gz	/Users/mitchellparker/Desktop/rascore_build/pocket/7ew9B_2_pocket.pdb
7ew9C	7ew9	0	C	Outlier	Disordered	Y32out	Y71out	P 1 21 1 (CF19)	7ew9C1	1	GTPase KRas	RASK_HUMAN	P01116-2	G12D	G12	KRAS	2P	G12D	None	None	None	None	Other-Unbound	P 1 21 1	170	1-64:69-168	2021-05-25	Other	240.4246	0.0011	Unbound	Unbound	97,107,108,109,110,111,137,138,139,162,165,166	MG,GDP	None	None	None	None	None	None	None	None	None	None	GDP	MG	None	None	None	None	STP	XRAY	2.130	0.205	GMTEYKLVVVGADGVGKSALTIQLIQNHFVDEYDPTIEDSYRKQVVIDGETCLLDILDTAGQEEYSAMRDQYMRTGEGFLCVFAINNTKSFEDIHHYREQIKRVKDSEDVPMVLVGNKCDLPSRTVDTKQAQDLARSYGIPFIETSAKTRQGVDDAFYTLVREIRKHKEK	True	47.014	103.381	56.269	90.000	106.400	90.000	/Users/mitchellparker/Desktop/rascore_build/core/7ew9C_core.cif	/Users/mitchellparker/Desktop/rascore_build/rcsb/7ew9.cif.gz	/Users/mitchellparker/Desktop/rascore_build/renum/7ew9_renum.cif	/Users/mitchellparker/Desktop/rascore_build/rcsb_assembly/7ew9-assembly-3.cif.gz	/Users/mitchellparker/Desktop/rascore_build/renum_assembly/7ew9-assembly-3_renum.cif	/Users/mitchellparker/Desktop/rascore_build/sifts/7ew9.xml.gz	/Users/mitchellparker/Desktop/rascore_build/pocket/7ew9C_1_pocket.pdb
7ew9C	7ew9	0	C	Outlier	Disordered	Y32out	Y71out	P 1 21 1 (CF19)	7ew9C2	2	GTPase KRas	RASK_HUMAN	P01116-2	G12D	G12	KRAS	2P	G12D	None	None	None	None	Other-Unbound	P 1 21 1	170	1-64:69-168	2021-05-25	Other	286.1414	0.3370	Unbound	Unbound	76,104,106,108,109,110,163,166,167	MG,GDP	None	None	None	None	None	None	None	None	None	None	GDP	MG	None	None	None	None	STP	XRAY	2.130	0.205	GMTEYKLVVVGADGVGKSALTIQLIQNHFVDEYDPTIEDSYRKQVVIDGETCLLDILDTAGQEEYSAMRDQYMRTGEGFLCVFAINNTKSFEDIHHYREQIKRVKDSEDVPMVLVGNKCDLPSRTVDTKQAQDLARSYGIPFIETSAKTRQGVDDAFYTLVREIRKHKEK	True	47.014	103.381	56.269	90.000	106.400	90.000	/Users/mitchellparker/Desktop/rascore_build/core/7ew9C_core.cif	/Users/mitchellparker/Desktop/rascore_build/rcsb/7ew9.cif.gz	/Users/mitchellparker/Desktop/rascore_build/renum/7ew9_renum.cif	/Users/mitchellparker/Desktop/rascore_build/rcsb_assembly/7ew9-assembly-3.cif.gz	/Users/mitchellparker/Desktop/rascore_build/renum_assembly/7ew9-assembly-3_renum.cif	/Users/mitchellparker/Desktop/rascore_build/sifts/7ew9.xml.gz	/Users/mitchellparker/Desktop/rascore_build/pocket/7ew9C_2_pocket.pdb
7ew9C	7ew9	0	C	Outlier	Disordered	Y32out	Y71out	P 1 21 1 (CF19)	7ew9C3	3	GTPase KRas	RASK_HUMAN	P01116-2	G12D	G12	KRAS	2P	G12D	None	None	None	None	Other-Unbound	P 1 21 1	170	1-64:69-168	2021-05-25	Other	220.3526	0.0001	Unbound	Unbound	11,12,62,86,88,89,92,96	MG,GDP	None	None	None	None	None	None	None	None	None	None	GDP	MG	None	None	None	None	STP	XRAY	2.130	0.205	GMTEYKLVVVGADGVGKSALTIQLIQNHFVDEYDPTIEDSYRKQVVIDGETCLLDILDTAGQEEYSAMRDQYMRTGEGFLCVFAINNTKSFEDIHHYREQIKRVKDSEDVPMVLVGNKCDLPSRTVDTKQAQDLARSYGIPFIETSAKTRQGVDDAFYTLVREIRKHKEK	True	47.014	103.381	56.269	90.000	106.400	90.000	/Users/mitchellparker/Desktop/rascore_build/core/7ew9C_core.cif	/Users/mitchellparker/Desktop/rascore_build/rcsb/7ew9.cif.gz	/Users/mitchellparker/Desktop/rascore_build/renum/7ew9_renum.cif	/Users/mitchellparker/Desktop/rascore_build/rcsb_assembly/7ew9-assembly-3.cif.gz	/Users/mitchellparker/Desktop/rascore_build/renum_assembly/7ew9-assembly-3_renum.cif	/Users/mitchellparker/Desktop/rascore_build/sifts/7ew9.xml.gz	/Users/mitchellparker/Desktop/rascore_build/pocket/7ew9C_3_pocket.pdb
7ew9C	7ew9	0	C	Outlier	Disordered	Y32out	Y71out	P 1 21 1 (CF19)	7ew9C4	4	GTPase KRas	RASK_HUMAN	P01116-2	G12D	G12	KRAS	2P	G12D	None	None	None	None	Other-Unbound	P 1 21 1	170	1-64:69-168	2021-05-25	Other	283.8395	0.0001	Unbound	Unbound	131,132,134,135,139,140,141	MG,GDP	None	None	None	None	None	None	None	None	None	None	GDP	MG	None	None	None	None	STP	XRAY	2.130	0.205	GMTEYKLVVVGADGVGKSALTIQLIQNHFVDEYDPTIEDSYRKQVVIDGETCLLDILDTAGQEEYSAMRDQYMRTGEGFLCVFAINNTKSFEDIHHYREQIKRVKDSEDVPMVLVGNKCDLPSRTVDTKQAQDLARSYGIPFIETSAKTRQGVDDAFYTLVREIRKHKEK	True	47.014	103.381	56.269	90.000	106.400	90.000	/Users/mitchellparker/Desktop/rascore_build/core/7ew9C_core.cif	/Users/mitchellparker/Desktop/rascore_build/rcsb/7ew9.cif.gz	/Users/mitchellparker/Desktop/rascore_build/renum/7ew9_renum.cif	/Users/mitchellparker/Desktop/rascore_build/rcsb_assembly/7ew9-assembly-3.cif.gz	/Users/mitchellparker/Desktop/rascore_build/renum_assembly/7ew9-assembly-3_renum.cif	/Users/mitchellparker/Desktop/rascore_build/sifts/7ew9.xml.gz	/Users/mitchellparker/Desktop/rascore_build/pocket/7ew9C_4_pocket.pdb
7ew9C	7ew9	0	C	Outlier	Disordered	Y32out	Y71out	P 1 21 1 (CF19)	7ew9C5	5	GTPase KRas	RASK_HUMAN	P01116-2	G12D	G12	KRAS	2P	G12D	None	None	None	None	Other-Unbound	P 1 21 1	170	1-64:69-168	2021-05-25	Other	250.8676	0.0000	Unbound	Unbound	118,123,143,150	MG,GDP	None	None	None	None	None	None	None	None	None	None	GDP	MG	None	None	None	None	STP	XRAY	2.130	0.205	GMTEYKLVVVGADGVGKSALTIQLIQNHFVDEYDPTIEDSYRKQVVIDGETCLLDILDTAGQEEYSAMRDQYMRTGEGFLCVFAINNTKSFEDIHHYREQIKRVKDSEDVPMVLVGNKCDLPSRTVDTKQAQDLARSYGIPFIETSAKTRQGVDDAFYTLVREIRKHKEK	True	47.014	103.381	56.269	90.000	106.400	90.000	/Users/mitchellparker/Desktop/rascore_build/core/7ew9C_core.cif	/Users/mitchellparker/Desktop/rascore_build/rcsb/7ew9.cif.gz	/Users/mitchellparker/Desktop/rascore_build/renum/7ew9_renum.cif	/Users/mitchellparker/Desktop/rascore_build/rcsb_assembly/7ew9-assembly-3.cif.gz	/Users/mitchellparker/Desktop/rascore_build/renum_assembly/7ew9-assembly-3_renum.cif	/Users/mitchellparker/Desktop/rascore_build/sifts/7ew9.xml.gz	/Users/mitchellparker/Desktop/rascore_build/pocket/7ew9C_5_pocket.pdb
7ewaA	7ewa	0	A	Y32out.2P-OFF	Y71out.2P-SP2-A	Y32out	Y71out	P 1 21 1 (CF19)	7ewaA1	1	GTPase KRas	RASK_HUMAN	P01116-2	G12D	G12	KRAS	2P	G12D	SP2	SP2.Unclassified	None	None	SP2-Bound	P 1 21 1	170	1-168	2021-05-25	SP2	1007.5792	0.9625	Bound	SP2	9,10,11,12,16,58,59,60,61,62,63,64,68,69,72,86,88,89,92,95,96,99,100,102,103	MG,GDP,05F	None	05F:62,63,68,61,96,99,72,100,103,69,102,64,95,92,12,11,10,60	None	None	SP2	SP2.Unclassified	05F:Cc1cccc2cccc(N3CCc4c(nc(OCC5CCCN5C)nc4N4C5CCC4CNC5)C3)c12	None	None	None	GDP	MG	05F	None	None	None	05F	XRAY	2.250	0.208	GMTEYKLVVVGADGVGKSALTIQLIQNHFVDEYDPTIEDSYRKQVVIDGETCLLDILDTAGQEEYSAMRDQYMRTGEGFLCVFAINNTKSFEDIHHYREQIKRVKDSEDVPMVLVGNKCDLPSRTVDTKQAQDLARSYGIPFIETSAKTRQGVDDAFYTLVREIRKHKEK	True	46.691	102.793	56.395	90.000	107.100	90.000	/Users/mitchellparker/Desktop/rascore_build/core/7ewaA_core.cif	/Users/mitchellparker/Desktop/rascore_build/rcsb/7ewa.cif.gz	/Users/mitchellparker/Desktop/rascore_build/renum/7ewa_renum.cif	/Users/mitchellparker/Desktop/rascore_build/rcsb_assembly/7ewa-assembly-1.cif.gz	/Users/mitchellparker/Desktop/rascore_build/renum_assembly/7ewa-assembly-1_renum.cif	/Users/mitchellparker/Desktop/rascore_build/sifts/7ewa.xml.gz	/Users/mitchellparker/Desktop/rascore_build/pocket/7ewaA_1_pocket.pdb
7ewaB	7ewa	0	B	Outlier	Outlier	Y32out	Y71out	P 1 21 1 (CF19)	7ewaB1	1	GTPase KRas	RASK_HUMAN	P01116-2	G12D	G12	KRAS	3P	G12D	SP2	SP2.Unclassified	None	None	SP2-Bound	P 1 21 1	170	1-168	2021-05-25	SP2	864.7874	0.9409	Bound	SP2	9,10,11,12,16,58,59,60,61,62,63,64,68,69,72,78,88,92,95,96,99,100,102,103	MG,05F,GNP	None	05F:62,96,9,72,100,99,103,102,69,64,68,63,95,92,10,12,60,59	None	None	SP2	SP2.Unclassified	05F:Cc1cccc2cccc(N3CCc4c(nc(OCC5CCCN5C)nc4N4C5CCC4CNC5)C3)c12	None	None	None	GNP	MG	05F	None	None	None	05F	XRAY	2.250	0.208	GMTEYKLVVVGADGVGKSALTIQLIQNHFVDEYDPTIEDSYRKQVVIDGETCLLDILDTAGQEEYSAMRDQYMRTGEGFLCVFAINNTKSFEDIHHYREQIKRVKDSEDVPMVLVGNKCDLPSRTVDTKQAQDLARSYGIPFIETSAKTRQGVDDAFYTLVREIRKHKEK	True	46.691	102.793	56.395	90.000	107.100	90.000	/Users/mitchellparker/Desktop/rascore_build/core/7ewaB_core.cif	/Users/mitchellparker/Desktop/rascore_build/rcsb/7ewa.cif.gz	/Users/mitchellparker/Desktop/rascore_build/renum/7ewa_renum.cif	/Users/mitchellparker/Desktop/rascore_build/rcsb_assembly/7ewa-assembly-1.cif.gz	/Users/mitchellparker/Desktop/rascore_build/renum_assembly/7ewa-assembly-1_renum.cif	/Users/mitchellparker/Desktop/rascore_build/sifts/7ewa.xml.gz	/Users/mitchellparker/Desktop/rascore_build/pocket/7ewaB_1_pocket.pdb
7ewaC	7ewa	0	C	Disordered	Disordered	Disordered	Y71out	P 1 21 1 (CF19)	7ewaC10	10	GTPase KRas	RASK_HUMAN	P01116-2	G12D	G12	KRAS	3P	G12D	None	None	None	None	SP2-Unbound	P 1 21 1	170	1-27:37-60:69-168	2021-05-25	Other	247.3943	0.0012	Unbound	Unbound	18,21,22,27,146,147	MG,GNP	None	None	None	None	None	None	None	None	None	None	GNP	MG	None	None	None	None	STP	XRAY	2.250	0.208	GMTEYKLVVVGADGVGKSALTIQLIQNHFVDEYDPTIEDSYRKQVVIDGETCLLDILDTAGQEEYSAMRDQYMRTGEGFLCVFAINNTKSFEDIHHYREQIKRVKDSEDVPMVLVGNKCDLPSRTVDTKQAQDLARSYGIPFIETSAKTRQGVDDAFYTLVREIRKHKEK	True	46.691	102.793	56.395	90.000	107.100	90.000	/Users/mitchellparker/Desktop/rascore_build/core/7ewaC_core.cif	/Users/mitchellparker/Desktop/rascore_build/rcsb/7ewa.cif.gz	/Users/mitchellparker/Desktop/rascore_build/renum/7ewa_renum.cif	/Users/mitchellparker/Desktop/rascore_build/rcsb_assembly/7ewa-assembly-1.cif.gz	/Users/mitchellparker/Desktop/rascore_build/renum_assembly/7ewa-assembly-1_renum.cif	/Users/mitchellparker/Desktop/rascore_build/sifts/7ewa.xml.gz	/Users/mitchellparker/Desktop/rascore_build/pocket/7ewaC_10_pocket.pdb
7ewaC	7ewa	0	C	Disordered	Disordered	Disordered	Y71out	P 1 21 1 (CF19)	7ewaC2	2	GTPase KRas	RASK_HUMAN	P01116-2	G12D	G12	KRAS	3P	G12D	None	None	None	None	SP2-Unbound	P 1 21 1	170	1-27:37-60:69-168	2021-05-25	Other	282.2676	0.0020	Unbound	Unbound	97,101,107,108,109,110,111,137,138,139,162,165,166	MG,GNP	None	None	None	None	None	None	None	None	None	None	GNP	MG	None	None	None	None	STP	XRAY	2.250	0.208	GMTEYKLVVVGADGVGKSALTIQLIQNHFVDEYDPTIEDSYRKQVVIDGETCLLDILDTAGQEEYSAMRDQYMRTGEGFLCVFAINNTKSFEDIHHYREQIKRVKDSEDVPMVLVGNKCDLPSRTVDTKQAQDLARSYGIPFIETSAKTRQGVDDAFYTLVREIRKHKEK	True	46.691	102.793	56.395	90.000	107.100	90.000	/Users/mitchellparker/Desktop/rascore_build/core/7ewaC_core.cif	/Users/mitchellparker/Desktop/rascore_build/rcsb/7ewa.cif.gz	/Users/mitchellparker/Desktop/rascore_build/renum/7ewa_renum.cif	/Users/mitchellparker/Desktop/rascore_build/rcsb_assembly/7ewa-assembly-1.cif.gz	/Users/mitchellparker/Desktop/rascore_build/renum_assembly/7ewa-assembly-1_renum.cif	/Users/mitchellparker/Desktop/rascore_build/sifts/7ewa.xml.gz	/Users/mitchellparker/Desktop/rascore_build/pocket/7ewaC_2_pocket.pdb
7ewaC	7ewa	0	C	Disordered	Disordered	Disordered	Y71out	P 1 21 1 (CF19)	7ewaC3	3	GTPase KRas	RASK_HUMAN	P01116-2	G12D	G12	KRAS	3P	G12D	None	None	None	None	SP2-Unbound	P 1 21 1	170	1-27:37-60:69-168	2021-05-25	Other	534.2515	0.0102	Unbound	Unbound	90,126,128,129,132,133,136	MG,GNP	None	None	None	None	None	None	None	None	None	None	GNP	MG	None	None	None	None	STP	XRAY	2.250	0.208	GMTEYKLVVVGADGVGKSALTIQLIQNHFVDEYDPTIEDSYRKQVVIDGETCLLDILDTAGQEEYSAMRDQYMRTGEGFLCVFAINNTKSFEDIHHYREQIKRVKDSEDVPMVLVGNKCDLPSRTVDTKQAQDLARSYGIPFIETSAKTRQGVDDAFYTLVREIRKHKEK	True	46.691	102.793	56.395	90.000	107.100	90.000	/Users/mitchellparker/Desktop/rascore_build/core/7ewaC_core.cif	/Users/mitchellparker/Desktop/rascore_build/rcsb/7ewa.cif.gz	/Users/mitchellparker/Desktop/rascore_build/renum/7ewa_renum.cif	/Users/mitchellparker/Desktop/rascore_build/rcsb_assembly/7ewa-assembly-1.cif.gz	/Users/mitchellparker/Desktop/rascore_build/renum_assembly/7ewa-assembly-1_renum.cif	/Users/mitchellparker/Desktop/rascore_build/sifts/7ewa.xml.gz	/Users/mitchellparker/Desktop/rascore_build/pocket/7ewaC_3_pocket.pdb
7ewaC	7ewa	0	C	Disordered	Disordered	Disordered	Y71out	P 1 21 1 (CF19)	7ewaC4	4	GTPase KRas	RASK_HUMAN	P01116-2	G12D	G12	KRAS	3P	G12D	None	None	None	None	SP2-Unbound	P 1 21 1	170	1-27:37-60:69-168	2021-05-25	SP2	245.4151	0.4648	Unbound	Unbound	9,58,59,72,95,96,99,100,103	MG,GNP	None	None	None	None	None	None	None	None	None	None	GNP	MG	None	None	None	None	STP	XRAY	2.250	0.208	GMTEYKLVVVGADGVGKSALTIQLIQNHFVDEYDPTIEDSYRKQVVIDGETCLLDILDTAGQEEYSAMRDQYMRTGEGFLCVFAINNTKSFEDIHHYREQIKRVKDSEDVPMVLVGNKCDLPSRTVDTKQAQDLARSYGIPFIETSAKTRQGVDDAFYTLVREIRKHKEK	True	46.691	102.793	56.395	90.000	107.100	90.000	/Users/mitchellparker/Desktop/rascore_build/core/7ewaC_core.cif	/Users/mitchellparker/Desktop/rascore_build/rcsb/7ewa.cif.gz	/Users/mitchellparker/Desktop/rascore_build/renum/7ewa_renum.cif	/Users/mitchellparker/Desktop/rascore_build/rcsb_assembly/7ewa-assembly-1.cif.gz	/Users/mitchellparker/Desktop/rascore_build/renum_assembly/7ewa-assembly-1_renum.cif	/Users/mitchellparker/Desktop/rascore_build/sifts/7ewa.xml.gz	/Users/mitchellparker/Desktop/rascore_build/pocket/7ewaC_4_pocket.pdb
7ewaC	7ewa	0	C	Disordered	Disordered	Disordered	Y71out	P 1 21 1 (CF19)	7ewaC6	6	GTPase KRas	RASK_HUMAN	P01116-2	G12D	G12	KRAS	3P	G12D	None	None	None	None	SP2-Unbound	P 1 21 1	170	1-27:37-60:69-168	2021-05-25	Other	220.0968	0.0031	Unbound	Unbound	75,76,104,106,108,109,110,163,166,167	MG,GNP	None	None	None	None	None	None	None	None	None	None	GNP	MG	None	None	None	None	STP	XRAY	2.250	0.208	GMTEYKLVVVGADGVGKSALTIQLIQNHFVDEYDPTIEDSYRKQVVIDGETCLLDILDTAGQEEYSAMRDQYMRTGEGFLCVFAINNTKSFEDIHHYREQIKRVKDSEDVPMVLVGNKCDLPSRTVDTKQAQDLARSYGIPFIETSAKTRQGVDDAFYTLVREIRKHKEK	True	46.691	102.793	56.395	90.000	107.100	90.000	/Users/mitchellparker/Desktop/rascore_build/core/7ewaC_core.cif	/Users/mitchellparker/Desktop/rascore_build/rcsb/7ewa.cif.gz	/Users/mitchellparker/Desktop/rascore_build/renum/7ewa_renum.cif	/Users/mitchellparker/Desktop/rascore_build/rcsb_assembly/7ewa-assembly-1.cif.gz	/Users/mitchellparker/Desktop/rascore_build/renum_assembly/7ewa-assembly-1_renum.cif	/Users/mitchellparker/Desktop/rascore_build/sifts/7ewa.xml.gz	/Users/mitchellparker/Desktop/rascore_build/pocket/7ewaC_6_pocket.pdb
7ewaC	7ewa	0	C	Disordered	Disordered	Disordered	Y71out	P 1 21 1 (CF19)	7ewaC7	7	GTPase KRas	RASK_HUMAN	P01116-2	G12D	G12	KRAS	3P	G12D	None	None	None	None	SP2-Unbound	P 1 21 1	170	1-27:37-60:69-168	2021-05-25	Other	307.5615	0.0027	Unbound	Unbound	127,131,134,135,139,141,143	MG,GNP	None	None	None	None	None	None	None	None	None	None	GNP	MG	None	None	None	None	STP	XRAY	2.250	0.208	GMTEYKLVVVGADGVGKSALTIQLIQNHFVDEYDPTIEDSYRKQVVIDGETCLLDILDTAGQEEYSAMRDQYMRTGEGFLCVFAINNTKSFEDIHHYREQIKRVKDSEDVPMVLVGNKCDLPSRTVDTKQAQDLARSYGIPFIETSAKTRQGVDDAFYTLVREIRKHKEK	True	46.691	102.793	56.395	90.000	107.100	90.000	/Users/mitchellparker/Desktop/rascore_build/core/7ewaC_core.cif	/Users/mitchellparker/Desktop/rascore_build/rcsb/7ewa.cif.gz	/Users/mitchellparker/Desktop/rascore_build/renum/7ewa_renum.cif	/Users/mitchellparker/Desktop/rascore_build/rcsb_assembly/7ewa-assembly-1.cif.gz	/Users/mitchellparker/Desktop/rascore_build/renum_assembly/7ewa-assembly-1_renum.cif	/Users/mitchellparker/Desktop/rascore_build/sifts/7ewa.xml.gz	/Users/mitchellparker/Desktop/rascore_build/pocket/7ewaC_7_pocket.pdb
7ewaC	7ewa	0	C	Disordered	Disordered	Disordered	Y71out	P 1 21 1 (CF19)	7ewaC8	8	GTPase KRas	RASK_HUMAN	P01116-2	G12D	G12	KRAS	3P	G12D	None	None	None	None	SP2-Unbound	P 1 21 1	170	1-27:37-60:69-168	2021-05-25	Other	233.7143	0.0002	Unbound	Unbound	1,2,48,49,50	MG,GNP	None	None	None	None	None	None	None	None	None	None	GNP	MG	None	None	None	None	STP	XRAY	2.250	0.208	GMTEYKLVVVGADGVGKSALTIQLIQNHFVDEYDPTIEDSYRKQVVIDGETCLLDILDTAGQEEYSAMRDQYMRTGEGFLCVFAINNTKSFEDIHHYREQIKRVKDSEDVPMVLVGNKCDLPSRTVDTKQAQDLARSYGIPFIETSAKTRQGVDDAFYTLVREIRKHKEK	True	46.691	102.793	56.395	90.000	107.100	90.000	/Users/mitchellparker/Desktop/rascore_build/core/7ewaC_core.cif	/Users/mitchellparker/Desktop/rascore_build/rcsb/7ewa.cif.gz	/Users/mitchellparker/Desktop/rascore_build/renum/7ewa_renum.cif	/Users/mitchellparker/Desktop/rascore_build/rcsb_assembly/7ewa-assembly-1.cif.gz	/Users/mitchellparker/Desktop/rascore_build/renum_assembly/7ewa-assembly-1_renum.cif	/Users/mitchellparker/Desktop/rascore_build/sifts/7ewa.xml.gz	/Users/mitchellparker/Desktop/rascore_build/pocket/7ewaC_8_pocket.pdb
7ewaC	7ewa	0	C	Disordered	Disordered	Disordered	Y71out	P 1 21 1 (CF19)	7ewaC9	9	GTPase KRas	RASK_HUMAN	P01116-2	G12D	G12	KRAS	3P	G12D	None	None	None	None	SP2-Unbound	P 1 21 1	170	1-27:37-60:69-168	2021-05-25	Other	305.2267	0.0001	Unbound	Unbound	128,131,132,135	MG,GNP	None	None	None	None	None	None	None	None	None	None	GNP	MG	None	None	None	None	STP	XRAY	2.250	0.208	GMTEYKLVVVGADGVGKSALTIQLIQNHFVDEYDPTIEDSYRKQVVIDGETCLLDILDTAGQEEYSAMRDQYMRTGEGFLCVFAINNTKSFEDIHHYREQIKRVKDSEDVPMVLVGNKCDLPSRTVDTKQAQDLARSYGIPFIETSAKTRQGVDDAFYTLVREIRKHKEK	True	46.691	102.793	56.395	90.000	107.100	90.000	/Users/mitchellparker/Desktop/rascore_build/core/7ewaC_core.cif	/Users/mitchellparker/Desktop/rascore_build/rcsb/7ewa.cif.gz	/Users/mitchellparker/Desktop/rascore_build/renum/7ewa_renum.cif	/Users/mitchellparker/Desktop/rascore_build/rcsb_assembly/7ewa-assembly-1.cif.gz	/Users/mitchellparker/Desktop/rascore_build/renum_assembly/7ewa-assembly-1_renum.cif	/Users/mitchellparker/Desktop/rascore_build/sifts/7ewa.xml.gz	/Users/mitchellparker/Desktop/rascore_build/pocket/7ewaC_9_pocket.pdb
7ewbA	7ewb	0	A	Y32out.2P-OFF	Y71out.2P-SP2-A	Y32out	Y71out	P 1 21 1 (CF19)	7ewbA1	1	GTPase KRas	RASK_HUMAN	P01116-2	G12D	G12	KRAS	2P	G12D	SP2	SP2.Unclassified	None	None	SP2-Bound	P 1 21 1	170	1-168	2021-05-25	SP2	931.6479	0.8620	Bound	SP2	9,10,11,12,16,58,59,60,61,62,63,64,68,69,72,78,88,92,95,96,99,100,102,103	MG,GDP,05I	None	05I:62,95,64,96,68,60,12,63,102,69,103,72,99,100,92,10	None	None	SP2	SP2.Unclassified	05I:Cc1cccc2cccc(N3CCc4c(nc(OCC5CCCN5C)nc4N4CC5CCC(C4)N5)C3)c12	None	None	None	GDP	MG	05I	None	None	None	05I	XRAY	1.990	0.198	GMTEYKLVVVGADGVGKSALTIQLIQNHFVDEYDPTIEDSYRKQVVIDGETCLLDILDTAGQEEYSAMRDQYMRTGEGFLCVFAINNTKSFEDIHHYREQIKRVKDSEDVPMVLVGNKCDLPSRTVDTKQAQDLARSYGIPFIETSAKTRQGVDDAFYTLVREIRKHKEK	True	46.559	102.480	56.126	90.000	106.880	90.000	/Users/mitchellparker/Desktop/rascore_build/core/7ewbA_core.cif	/Users/mitchellparker/Desktop/rascore_build/rcsb/7ewb.cif.gz	/Users/mitchellparker/Desktop/rascore_build/renum/7ewb_renum.cif	/Users/mitchellparker/Desktop/rascore_build/rcsb_assembly/7ewb-assembly-2.cif.gz	/Users/mitchellparker/Desktop/rascore_build/renum_assembly/7ewb-assembly-2_renum.cif	/Users/mitchellparker/Desktop/rascore_build/sifts/7ewb.xml.gz	/Users/mitchellparker/Desktop/rascore_build/pocket/7ewbA_1_pocket.pdb
7ewbB	7ewb	0	B	Outlier	Outlier	Y32out	Y71out	P 1 21 1 (CF19)	7ewbB1	1	GTPase KRas	RASK_HUMAN	P01116-2	G12D	G12	KRAS	3P	G12D	SP2	SP2.Unclassified	None	None	SP2-Bound	P 1 21 1	170	1-168	2021-05-25	SP2	1090.8157	0.9209	Bound	SP2	9,10,11,12,16,58,59,60,61,62,63,64,68,69,72,78,86,88,92,95,96,99,100,102,103	MG,05I,GNP	None	05I:62,96,95,64,68,60,12,63,69,102,103,72,99,100,9,92,10	None	None	SP2	SP2.Unclassified	05I:Cc1cccc2cccc(N3CCc4c(nc(OCC5CCCN5C)nc4N4CC5CCC(C4)N5)C3)c12	None	None	None	GNP	MG	05I	None	None	None	05I	XRAY	1.990	0.198	GMTEYKLVVVGADGVGKSALTIQLIQNHFVDEYDPTIEDSYRKQVVIDGETCLLDILDTAGQEEYSAMRDQYMRTGEGFLCVFAINNTKSFEDIHHYREQIKRVKDSEDVPMVLVGNKCDLPSRTVDTKQAQDLARSYGIPFIETSAKTRQGVDDAFYTLVREIRKHKEK	True	46.559	102.480	56.126	90.000	106.880	90.000	/Users/mitchellparker/Desktop/rascore_build/core/7ewbB_core.cif	/Users/mitchellparker/Desktop/rascore_build/rcsb/7ewb.cif.gz	/Users/mitchellparker/Desktop/rascore_build/renum/7ewb_renum.cif	/Users/mitchellparker/Desktop/rascore_build/rcsb_assembly/7ewb-assembly-2.cif.gz	/Users/mitchellparker/Desktop/rascore_build/renum_assembly/7ewb-assembly-2_renum.cif	/Users/mitchellparker/Desktop/rascore_build/sifts/7ewb.xml.gz	/Users/mitchellparker/Desktop/rascore_build/pocket/7ewbB_1_pocket.pdb
7ewbC	7ewb	0	C	Outlier	Outlier	Y32out	Y71out	P 1 21 1 (CF19)	7ewbC1	1	GTPase KRas	RASK_HUMAN	P01116-2	G12D	G12	KRAS	3P	G12D	SP2	SP2.Unclassified	None	None	SP2-Bound	P 1 21 1	170	1-168	2021-05-25	SP2	1566.6145	0.9991	Bound	SP2	9,10,11,12,13,15,16,17,18,28,29,30,32,34,58,59,60,61,62,64,68,72,78,86,88,89,92,95,96,99,100,102,103,116,117,119,120,146,147	MG,05I,GNP	None	05I:96,62,64,95,68,60,12,63,69,102,72,103,99,100,9,92,11,10	None	None	SP2	SP2.Unclassified	05I:Cc1cccc2cccc(N3CCc4c(nc(OCC5CCCN5C)nc4N4CC5CCC(C4)N5)C3)c12	None	None	None	GNP	MG	05I	None	None	None	05I	XRAY	1.990	0.198	GMTEYKLVVVGADGVGKSALTIQLIQNHFVDEYDPTIEDSYRKQVVIDGETCLLDILDTAGQEEYSAMRDQYMRTGEGFLCVFAINNTKSFEDIHHYREQIKRVKDSEDVPMVLVGNKCDLPSRTVDTKQAQDLARSYGIPFIETSAKTRQGVDDAFYTLVREIRKHKEK	True	46.559	102.480	56.126	90.000	106.880	90.000	/Users/mitchellparker/Desktop/rascore_build/core/7ewbC_core.cif	/Users/mitchellparker/Desktop/rascore_build/rcsb/7ewb.cif.gz	/Users/mitchellparker/Desktop/rascore_build/renum/7ewb_renum.cif	/Users/mitchellparker/Desktop/rascore_build/rcsb_assembly/7ewb-assembly-2.cif.gz	/Users/mitchellparker/Desktop/rascore_build/renum_assembly/7ewb-assembly-2_renum.cif	/Users/mitchellparker/Desktop/rascore_build/sifts/7ewb.xml.gz	/Users/mitchellparker/Desktop/rascore_build/pocket/7ewbC_1_pocket.pdb
7eyxA	7eyx	0	A	Disordered	Outlier	Y32out	Disordered	P 21 21 21 (CF18)	7eyxA1	1	GTPase KRas	RASK_HUMAN	P01116-2	G12D	G12	KRAS	2P	G12D	None	None	None	None	SP2-Unbound	P 21 21 21	169	2-34:38-167	2021-06-01	Other	192.7954	0.0035	Unbound	Unbound	11,12,13,14,83,85,86,88,89,92,117	GDP	None	None	None	None	None	None	None	None	None	None	GDP	None	None	None	None	None	STP	XRAY	1.820	0.173	STEYKLVVVGADGVGKSALTIQLIQNHFVDEYDPTIEDSYRKQVVIDGETCLLDILDTAGQEEYSAMRDQYMRTGEGFLCVFAINNTKSFEDIHHYREQIKRVKDSEDVPMVLVGNKCDLPSRTVDTKQAQDLARSYGIPFIETSAKTRQGVDDAFYTLVREIRKHKEK	True	36.010	37.340	100.350	90.000	90.000	90.000	/Users/mitchellparker/Desktop/rascore_build/core/7eyxA_core.cif	/Users/mitchellparker/Desktop/rascore_build/rcsb/7eyx.cif.gz	/Users/mitchellparker/Desktop/rascore_build/renum/7eyx_renum.cif	/Users/mitchellparker/Desktop/rascore_build/rcsb_assembly/7eyx-assembly-1.cif.gz	/Users/mitchellparker/Desktop/rascore_build/renum_assembly/7eyx-assembly-1_renum.cif	/Users/mitchellparker/Desktop/rascore_build/sifts/7eyx.xml.gz	/Users/mitchellparker/Desktop/rascore_build/pocket/7eyxA_1_pocket.pdb
7eyxA	7eyx	0	A	Disordered	Outlier	Y32out	Disordered	P 21 21 21 (CF18)	7eyxA2	2	GTPase KRas	RASK_HUMAN	P01116-2	G12D	G12	KRAS	2P	G12D	None	None	None	None	SP2-Unbound	P 21 21 21	169	2-34:38-167	2021-06-01	Other	157.4901	0.0520	Unbound	Unbound	22,26,149,151,152,153,154	GDP	None	None	None	None	None	None	None	None	None	None	GDP	None	None	None	None	None	STP	XRAY	1.820	0.173	STEYKLVVVGADGVGKSALTIQLIQNHFVDEYDPTIEDSYRKQVVIDGETCLLDILDTAGQEEYSAMRDQYMRTGEGFLCVFAINNTKSFEDIHHYREQIKRVKDSEDVPMVLVGNKCDLPSRTVDTKQAQDLARSYGIPFIETSAKTRQGVDDAFYTLVREIRKHKEK	True	36.010	37.340	100.350	90.000	90.000	90.000	/Users/mitchellparker/Desktop/rascore_build/core/7eyxA_core.cif	/Users/mitchellparker/Desktop/rascore_build/rcsb/7eyx.cif.gz	/Users/mitchellparker/Desktop/rascore_build/renum/7eyx_renum.cif	/Users/mitchellparker/Desktop/rascore_build/rcsb_assembly/7eyx-assembly-1.cif.gz	/Users/mitchellparker/Desktop/rascore_build/renum_assembly/7eyx-assembly-1_renum.cif	/Users/mitchellparker/Desktop/rascore_build/sifts/7eyx.xml.gz	/Users/mitchellparker/Desktop/rascore_build/pocket/7eyxA_2_pocket.pdb
7eyxA	7eyx	0	A	Disordered	Outlier	Y32out	Disordered	P 21 21 21 (CF18)	7eyxA3	3	GTPase KRas	RASK_HUMAN	P01116-2	G12D	G12	KRAS	2P	G12D	None	None	None	None	SP2-Unbound	P 21 21 21	169	2-34:38-167	2021-06-01	SP2	187.1890	0.0002	Unbound	Unbound	10,12,16,58,60,61,63,68,96	GDP	None	None	None	None	None	None	None	None	None	None	GDP	None	None	None	None	None	STP	XRAY	1.820	0.173	STEYKLVVVGADGVGKSALTIQLIQNHFVDEYDPTIEDSYRKQVVIDGETCLLDILDTAGQEEYSAMRDQYMRTGEGFLCVFAINNTKSFEDIHHYREQIKRVKDSEDVPMVLVGNKCDLPSRTVDTKQAQDLARSYGIPFIETSAKTRQGVDDAFYTLVREIRKHKEK	True	36.010	37.340	100.350	90.000	90.000	90.000	/Users/mitchellparker/Desktop/rascore_build/core/7eyxA_core.cif	/Users/mitchellparker/Desktop/rascore_build/rcsb/7eyx.cif.gz	/Users/mitchellparker/Desktop/rascore_build/renum/7eyx_renum.cif	/Users/mitchellparker/Desktop/rascore_build/rcsb_assembly/7eyx-assembly-1.cif.gz	/Users/mitchellparker/Desktop/rascore_build/renum_assembly/7eyx-assembly-1_renum.cif	/Users/mitchellparker/Desktop/rascore_build/sifts/7eyx.xml.gz	/Users/mitchellparker/Desktop/rascore_build/pocket/7eyxA_3_pocket.pdb
7f0wA	7f0w	0	A	Outlier	Outlier	Y32out	Y71out	P 3 2 1 (CF2)	7f0wA1	1	GTPase KRas	RASK_HUMAN	P01116-2	G12D	G12	KRAS	2P	G12D	None	None	None	None	SP12-Unbound	P 3 2 1	169	2-168	2021-06-07	Other	404.6659	0.1123	Unbound	Unbound	24,28,42,43,44,50,51,52,53	GDP,MG	None	None	None	None	None	None	None	None	None	None	GDP	MG	None	None	None	None	STP	XRAY	1.390	0.172	STEYKLVVVGADGVGKSALTIQLIQNHFVDEYDPTIEDSYRKQVVIDGETCLLDILDTAGQEEYSAMRDQYMRTGEGFLCVFAINNTKSFEDIHHYREQIKRVKDSEDVPMVLVGNKCDLPSRTVDTKQAQDLARSYGIPFIETSAKTRQGVDDAFYTLVREIRKHKEK	True	78.315	78.315	55.929	90.000	90.000	120.000	/Users/mitchellparker/Desktop/rascore_build/core/7f0wA_core.cif	/Users/mitchellparker/Desktop/rascore_build/rcsb/7f0w.cif.gz	/Users/mitchellparker/Desktop/rascore_build/renum/7f0w_renum.cif	/Users/mitchellparker/Desktop/rascore_build/rcsb_assembly/7f0w-assembly-1.cif.gz	/Users/mitchellparker/Desktop/rascore_build/renum_assembly/7f0w-assembly-1_renum.cif	/Users/mitchellparker/Desktop/rascore_build/sifts/7f0w.xml.gz	/Users/mitchellparker/Desktop/rascore_build/pocket/7f0wA_1_pocket.pdb
7f0wA	7f0w	0	A	Outlier	Outlier	Y32out	Y71out	P 3 2 1 (CF2)	7f0wA2	2	GTPase KRas	RASK_HUMAN	P01116-2	G12D	G12	KRAS	2P	G12D	None	None	None	None	SP12-Unbound	P 3 2 1	169	2-168	2021-06-07	SP12	321.7460	0.2601	Unbound	Unbound	5,7,52,54,67,70,71,74,75	GDP,MG	None	None	None	None	None	None	None	None	None	None	GDP	MG	None	None	None	None	STP	XRAY	1.390	0.172	STEYKLVVVGADGVGKSALTIQLIQNHFVDEYDPTIEDSYRKQVVIDGETCLLDILDTAGQEEYSAMRDQYMRTGEGFLCVFAINNTKSFEDIHHYREQIKRVKDSEDVPMVLVGNKCDLPSRTVDTKQAQDLARSYGIPFIETSAKTRQGVDDAFYTLVREIRKHKEK	True	78.315	78.315	55.929	90.000	90.000	120.000	/Users/mitchellparker/Desktop/rascore_build/core/7f0wA_core.cif	/Users/mitchellparker/Desktop/rascore_build/rcsb/7f0w.cif.gz	/Users/mitchellparker/Desktop/rascore_build/renum/7f0w_renum.cif	/Users/mitchellparker/Desktop/rascore_build/rcsb_assembly/7f0w-assembly-1.cif.gz	/Users/mitchellparker/Desktop/rascore_build/renum_assembly/7f0w-assembly-1_renum.cif	/Users/mitchellparker/Desktop/rascore_build/sifts/7f0w.xml.gz	/Users/mitchellparker/Desktop/rascore_build/pocket/7f0wA_2_pocket.pdb
7f0wA	7f0w	0	A	Outlier	Outlier	Y32out	Y71out	P 3 2 1 (CF2)	7f0wA3	3	GTPase KRas	RASK_HUMAN	P01116-2	G12D	G12	KRAS	2P	G12D	None	None	None	None	SP12-Unbound	P 3 2 1	169	2-168	2021-06-07	Other	399.9077	0.0048	Unbound	Unbound	73,74,75,76,104,106,108,109,110,163,166,167	GDP,MG	None	None	None	None	None	None	None	None	None	None	GDP	MG	None	None	None	None	STP	XRAY	1.390	0.172	STEYKLVVVGADGVGKSALTIQLIQNHFVDEYDPTIEDSYRKQVVIDGETCLLDILDTAGQEEYSAMRDQYMRTGEGFLCVFAINNTKSFEDIHHYREQIKRVKDSEDVPMVLVGNKCDLPSRTVDTKQAQDLARSYGIPFIETSAKTRQGVDDAFYTLVREIRKHKEK	True	78.315	78.315	55.929	90.000	90.000	120.000	/Users/mitchellparker/Desktop/rascore_build/core/7f0wA_core.cif	/Users/mitchellparker/Desktop/rascore_build/rcsb/7f0w.cif.gz	/Users/mitchellparker/Desktop/rascore_build/renum/7f0w_renum.cif	/Users/mitchellparker/Desktop/rascore_build/rcsb_assembly/7f0w-assembly-1.cif.gz	/Users/mitchellparker/Desktop/rascore_build/renum_assembly/7f0w-assembly-1_renum.cif	/Users/mitchellparker/Desktop/rascore_build/sifts/7f0w.xml.gz	/Users/mitchellparker/Desktop/rascore_build/pocket/7f0wA_3_pocket.pdb
7f0wA	7f0w	0	A	Outlier	Outlier	Y32out	Y71out	P 3 2 1 (CF2)	7f0wA4	4	GTPase KRas	RASK_HUMAN	P01116-2	G12D	G12	KRAS	2P	G12D	None	None	None	None	SP12-Unbound	P 3 2 1	169	2-168	2021-06-07	Other	280.2863	0.0001	Unbound	Unbound	97,107,108,109,110,111,137,138,139,162,165,166,168	GDP,MG	None	None	None	None	None	None	None	None	None	None	GDP	MG	None	None	None	None	STP	XRAY	1.390	0.172	STEYKLVVVGADGVGKSALTIQLIQNHFVDEYDPTIEDSYRKQVVIDGETCLLDILDTAGQEEYSAMRDQYMRTGEGFLCVFAINNTKSFEDIHHYREQIKRVKDSEDVPMVLVGNKCDLPSRTVDTKQAQDLARSYGIPFIETSAKTRQGVDDAFYTLVREIRKHKEK	True	78.315	78.315	55.929	90.000	90.000	120.000	/Users/mitchellparker/Desktop/rascore_build/core/7f0wA_core.cif	/Users/mitchellparker/Desktop/rascore_build/rcsb/7f0w.cif.gz	/Users/mitchellparker/Desktop/rascore_build/renum/7f0w_renum.cif	/Users/mitchellparker/Desktop/rascore_build/rcsb_assembly/7f0w-assembly-1.cif.gz	/Users/mitchellparker/Desktop/rascore_build/renum_assembly/7f0w-assembly-1_renum.cif	/Users/mitchellparker/Desktop/rascore_build/sifts/7f0w.xml.gz	/Users/mitchellparker/Desktop/rascore_build/pocket/7f0wA_4_pocket.pdb
7f0wA	7f0w	0	A	Outlier	Outlier	Y32out	Y71out	P 3 2 1 (CF2)	7f0wA5	5	GTPase KRas	RASK_HUMAN	P01116-2	G12D	G12	KRAS	2P	G12D	None	None	None	None	SP12-Unbound	P 3 2 1	169	2-168	2021-06-07	Other	178.3735	0.0008	Unbound	Unbound	18,146,147	GDP,MG	None	None	None	None	None	None	None	None	None	None	GDP	MG	None	None	None	None	STP	XRAY	1.390	0.172	STEYKLVVVGADGVGKSALTIQLIQNHFVDEYDPTIEDSYRKQVVIDGETCLLDILDTAGQEEYSAMRDQYMRTGEGFLCVFAINNTKSFEDIHHYREQIKRVKDSEDVPMVLVGNKCDLPSRTVDTKQAQDLARSYGIPFIETSAKTRQGVDDAFYTLVREIRKHKEK	True	78.315	78.315	55.929	90.000	90.000	120.000	/Users/mitchellparker/Desktop/rascore_build/core/7f0wA_core.cif	/Users/mitchellparker/Desktop/rascore_build/rcsb/7f0w.cif.gz	/Users/mitchellparker/Desktop/rascore_build/renum/7f0w_renum.cif	/Users/mitchellparker/Desktop/rascore_build/rcsb_assembly/7f0w-assembly-1.cif.gz	/Users/mitchellparker/Desktop/rascore_build/renum_assembly/7f0w-assembly-1_renum.cif	/Users/mitchellparker/Desktop/rascore_build/sifts/7f0w.xml.gz	/Users/mitchellparker/Desktop/rascore_build/pocket/7f0wA_5_pocket.pdb
7f68A	7f68	0	A	Outlier	Y71in.3P-R	Y32in	Y71in	P 32 2 1 (CF2)	7f68A3	3	GTPase NRas	RASN_HUMAN	P01111	Q61R,S89D	Q61,S89	NRAS	3P	Other	None	None	None	None	SP12-Unbound	P 32 2 1	169	1-169	2021-06-24	Other	184.2267	0.0002	Unbound	Unbound	107,108,109,110,111,137,138,139,162,166	GTP,MG,SO4	None	None	None	None	None	None	None	None	None	None	GTP	MG	None	SO4	None	None	STP	XRAY	1.240	0.124	MTEYKLVVVGAGGVGKSALTIQLIQNHFVDEYDPTIEDSYRKQVVIDGETCLLDILDTAGREEYSAMRDQYMRTGEGFLCVFAINNSKDFADINLYREQIKRVKDSDDVPMVLVGNKCDLPTRTVDTKQAHELAKSYGIPFIETSAKTRQGVEDAFYTLVREIRQYRMK	True	67.963	67.963	78.374	90.000	90.000	120.000	/Users/mitchellparker/Desktop/rascore_build/core/7f68A_core.cif	/Users/mitchellparker/Desktop/rascore_build/rcsb/7f68.cif.gz	/Users/mitchellparker/Desktop/rascore_build/renum/7f68_renum.cif	/Users/mitchellparker/Desktop/rascore_build/rcsb_assembly/7f68-assembly-1.cif.gz	/Users/mitchellparker/Desktop/rascore_build/renum_assembly/7f68-assembly-1_renum.cif	/Users/mitchellparker/Desktop/rascore_build/sifts/7f68.xml.gz	/Users/mitchellparker/Desktop/rascore_build/pocket/7f68A_3_pocket.pdb
7f68A	7f68	0	A	Outlier	Y71in.3P-R	Y32in	Y71in	P 32 2 1 (CF2)	7f68A4	4	GTPase NRas	RASN_HUMAN	P01111	Q61R,S89D	Q61,S89	NRAS	3P	Other	None	None	None	None	SP12-Unbound	P 32 2 1	169	1-169	2021-06-24	SP12	303.2738	0.4350	Unbound	Unbound	5,6,7,39,40,41,54,55,56,74,75	GTP,MG,SO4	None	None	None	None	None	None	None	None	None	None	GTP	MG	None	SO4	None	None	STP	XRAY	1.240	0.124	MTEYKLVVVGAGGVGKSALTIQLIQNHFVDEYDPTIEDSYRKQVVIDGETCLLDILDTAGREEYSAMRDQYMRTGEGFLCVFAINNSKDFADINLYREQIKRVKDSDDVPMVLVGNKCDLPTRTVDTKQAHELAKSYGIPFIETSAKTRQGVEDAFYTLVREIRQYRMK	True	67.963	67.963	78.374	90.000	90.000	120.000	/Users/mitchellparker/Desktop/rascore_build/core/7f68A_core.cif	/Users/mitchellparker/Desktop/rascore_build/rcsb/7f68.cif.gz	/Users/mitchellparker/Desktop/rascore_build/renum/7f68_renum.cif	/Users/mitchellparker/Desktop/rascore_build/rcsb_assembly/7f68-assembly-1.cif.gz	/Users/mitchellparker/Desktop/rascore_build/renum_assembly/7f68-assembly-1_renum.cif	/Users/mitchellparker/Desktop/rascore_build/sifts/7f68.xml.gz	/Users/mitchellparker/Desktop/rascore_build/pocket/7f68A_4_pocket.pdb
7f68A	7f68	0	A	Outlier	Y71in.3P-R	Y32in	Y71in	P 32 2 1 (CF2)	7f68A5	5	GTPase NRas	RASN_HUMAN	P01111	Q61R,S89D	Q61,S89	NRAS	3P	Other	None	None	None	None	SP12-Unbound	P 32 2 1	169	1-169	2021-06-24	Other	322.9621	0.1492	Unbound	Unbound	73,74,75,76,104,106,109,110,163,166,167	GTP,MG,SO4	None	None	None	None	None	None	None	None	None	None	GTP	MG	None	SO4	None	None	STP	XRAY	1.240	0.124	MTEYKLVVVGAGGVGKSALTIQLIQNHFVDEYDPTIEDSYRKQVVIDGETCLLDILDTAGREEYSAMRDQYMRTGEGFLCVFAINNSKDFADINLYREQIKRVKDSDDVPMVLVGNKCDLPTRTVDTKQAHELAKSYGIPFIETSAKTRQGVEDAFYTLVREIRQYRMK	True	67.963	67.963	78.374	90.000	90.000	120.000	/Users/mitchellparker/Desktop/rascore_build/core/7f68A_core.cif	/Users/mitchellparker/Desktop/rascore_build/rcsb/7f68.cif.gz	/Users/mitchellparker/Desktop/rascore_build/renum/7f68_renum.cif	/Users/mitchellparker/Desktop/rascore_build/rcsb_assembly/7f68-assembly-1.cif.gz	/Users/mitchellparker/Desktop/rascore_build/renum_assembly/7f68-assembly-1_renum.cif	/Users/mitchellparker/Desktop/rascore_build/sifts/7f68.xml.gz	/Users/mitchellparker/Desktop/rascore_build/pocket/7f68A_5_pocket.pdb
7f68A	7f68	0	A	Outlier	Y71in.3P-R	Y32in	Y71in	P 32 2 1 (CF2)	7f68A6	6	GTPase NRas	RASN_HUMAN	P01111	Q61R,S89D	Q61,S89	NRAS	3P	Other	None	None	None	None	SP12-Unbound	P 32 2 1	169	1-169	2021-06-24	Other	147.9918	0.0026	Unbound	Unbound	11,12,14,81,82,83,86,87,88,92,93	GTP,MG,SO4	None	None	None	None	None	None	None	None	None	None	GTP	MG	None	SO4	None	None	STP	XRAY	1.240	0.124	MTEYKLVVVGAGGVGKSALTIQLIQNHFVDEYDPTIEDSYRKQVVIDGETCLLDILDTAGREEYSAMRDQYMRTGEGFLCVFAINNSKDFADINLYREQIKRVKDSDDVPMVLVGNKCDLPTRTVDTKQAHELAKSYGIPFIETSAKTRQGVEDAFYTLVREIRQYRMK	True	67.963	67.963	78.374	90.000	90.000	120.000	/Users/mitchellparker/Desktop/rascore_build/core/7f68A_core.cif	/Users/mitchellparker/Desktop/rascore_build/rcsb/7f68.cif.gz	/Users/mitchellparker/Desktop/rascore_build/renum/7f68_renum.cif	/Users/mitchellparker/Desktop/rascore_build/rcsb_assembly/7f68-assembly-1.cif.gz	/Users/mitchellparker/Desktop/rascore_build/renum_assembly/7f68-assembly-1_renum.cif	/Users/mitchellparker/Desktop/rascore_build/sifts/7f68.xml.gz	/Users/mitchellparker/Desktop/rascore_build/pocket/7f68A_6_pocket.pdb
7f68A	7f68	0	A	Outlier	Y71in.3P-R	Y32in	Y71in	P 32 2 1 (CF2)	7f68A7	7	GTPase NRas	RASN_HUMAN	P01111	Q61R,S89D	Q61,S89	NRAS	3P	Other	None	None	None	None	SP12-Unbound	P 32 2 1	169	1-169	2021-06-24	Other	202.7960	0.0097	Unbound	Unbound	97,98,101,106,107,109,111,137,139	GTP,MG,SO4	None	None	None	None	None	None	None	None	None	None	GTP	MG	None	SO4	None	None	STP	XRAY	1.240	0.124	MTEYKLVVVGAGGVGKSALTIQLIQNHFVDEYDPTIEDSYRKQVVIDGETCLLDILDTAGREEYSAMRDQYMRTGEGFLCVFAINNSKDFADINLYREQIKRVKDSDDVPMVLVGNKCDLPTRTVDTKQAHELAKSYGIPFIETSAKTRQGVEDAFYTLVREIRQYRMK	True	67.963	67.963	78.374	90.000	90.000	120.000	/Users/mitchellparker/Desktop/rascore_build/core/7f68A_core.cif	/Users/mitchellparker/Desktop/rascore_build/rcsb/7f68.cif.gz	/Users/mitchellparker/Desktop/rascore_build/renum/7f68_renum.cif	/Users/mitchellparker/Desktop/rascore_build/rcsb_assembly/7f68-assembly-1.cif.gz	/Users/mitchellparker/Desktop/rascore_build/renum_assembly/7f68-assembly-1_renum.cif	/Users/mitchellparker/Desktop/rascore_build/sifts/7f68.xml.gz	/Users/mitchellparker/Desktop/rascore_build/pocket/7f68A_7_pocket.pdb
7f68A	7f68	0	A	Outlier	Y71in.3P-R	Y32in	Y71in	P 32 2 1 (CF2)	7f68A8	8	GTPase NRas	RASN_HUMAN	P01111	Q61R,S89D	Q61,S89	NRAS	3P	Other	None	None	None	None	SP12-Unbound	P 32 2 1	169	1-169	2021-06-24	Other	290.7410	0.0013	Unbound	Unbound	23,24,26,42,43,44,149,153,157	GTP,MG,SO4	None	None	None	None	None	None	None	None	None	None	GTP	MG	None	SO4	None	None	STP	XRAY	1.240	0.124	MTEYKLVVVGAGGVGKSALTIQLIQNHFVDEYDPTIEDSYRKQVVIDGETCLLDILDTAGREEYSAMRDQYMRTGEGFLCVFAINNSKDFADINLYREQIKRVKDSDDVPMVLVGNKCDLPTRTVDTKQAHELAKSYGIPFIETSAKTRQGVEDAFYTLVREIRQYRMK	True	67.963	67.963	78.374	90.000	90.000	120.000	/Users/mitchellparker/Desktop/rascore_build/core/7f68A_core.cif	/Users/mitchellparker/Desktop/rascore_build/rcsb/7f68.cif.gz	/Users/mitchellparker/Desktop/rascore_build/renum/7f68_renum.cif	/Users/mitchellparker/Desktop/rascore_build/rcsb_assembly/7f68-assembly-1.cif.gz	/Users/mitchellparker/Desktop/rascore_build/renum_assembly/7f68-assembly-1_renum.cif	/Users/mitchellparker/Desktop/rascore_build/sifts/7f68.xml.gz	/Users/mitchellparker/Desktop/rascore_build/pocket/7f68A_8_pocket.pdb
7jhpA	7jhp	0	A	Outlier	Y71in.3P-R	Y32in	Y71in	C 1 2 1 (CF13)	7jhpA1	1	GTPase HRas	RASH_HUMAN	P01112	R97C	R97	HRAS	3P	Other	None	None	Effector	None	Other-Unbound	C 1 2 1	166	1-166	2020-07-21	Other	314.6370	0.0003	Unbound	Unbound	2,3,4,47,49,76,163,164	GNP,MG	RAF proto-oncogene serine/threonine-protein kinase	None	C:36,37,41,39,40,38,56,33,31,25,24,43,50,45,48,47,157,42,23,149,153,26,21	RAF1_HUMAN	None	None	None	RBD	None	C	GNP	MG	None	None	None	None	STP	XRAY	2.766	0.216	MTEYKLVVVGAGGVGKSALTIQLIQNHFVDEYDPTIEDSYRKQVVIDGETCLLDILDTAGQEEYSAMRDQYMRTGEGFLCVFAINNTKSFEDIHQYCEQIKRVKDSDDVPMVLVGNKCDLAARTVESRQAQDLARSYGIPYIETSAKTRQGVEDAFYTLVREIRQH	True	94.487	44.353	74.395	90.000	103.945	90.000	/Users/mitchellparker/Desktop/rascore_build/core/7jhpA_core.cif	/Users/mitchellparker/Desktop/rascore_build/rcsb/7jhp.cif.gz	/Users/mitchellparker/Desktop/rascore_build/renum/7jhp_renum.cif	/Users/mitchellparker/Desktop/rascore_build/rcsb_assembly/7jhp-assembly-1.cif.gz	/Users/mitchellparker/Desktop/rascore_build/renum_assembly/7jhp-assembly-1_renum.cif	/Users/mitchellparker/Desktop/rascore_build/sifts/7jhp.xml.gz	/Users/mitchellparker/Desktop/rascore_build/pocket/7jhpA_1_pocket.pdb
7jhpA	7jhp	0	A	Outlier	Y71in.3P-R	Y32in	Y71in	C 1 2 1 (CF13)	7jhpA2	2	GTPase HRas	RASH_HUMAN	P01112	R97C	R97	HRAS	3P	Other	None	None	Effector	None	Other-Unbound	C 1 2 1	166	1-166	2020-07-21	Other	332.1254	0.0009	Unbound	Unbound	127,131,134,135,139,141,143	GNP,MG	RAF proto-oncogene serine/threonine-protein kinase	None	C:36,37,41,39,40,38,56,33,31,25,24,43,50,45,48,47,157,42,23,149,153,26,21	RAF1_HUMAN	None	None	None	RBD	None	C	GNP	MG	None	None	None	None	STP	XRAY	2.766	0.216	MTEYKLVVVGAGGVGKSALTIQLIQNHFVDEYDPTIEDSYRKQVVIDGETCLLDILDTAGQEEYSAMRDQYMRTGEGFLCVFAINNTKSFEDIHQYCEQIKRVKDSDDVPMVLVGNKCDLAARTVESRQAQDLARSYGIPYIETSAKTRQGVEDAFYTLVREIRQH	True	94.487	44.353	74.395	90.000	103.945	90.000	/Users/mitchellparker/Desktop/rascore_build/core/7jhpA_core.cif	/Users/mitchellparker/Desktop/rascore_build/rcsb/7jhp.cif.gz	/Users/mitchellparker/Desktop/rascore_build/renum/7jhp_renum.cif	/Users/mitchellparker/Desktop/rascore_build/rcsb_assembly/7jhp-assembly-1.cif.gz	/Users/mitchellparker/Desktop/rascore_build/renum_assembly/7jhp-assembly-1_renum.cif	/Users/mitchellparker/Desktop/rascore_build/sifts/7jhp.xml.gz	/Users/mitchellparker/Desktop/rascore_build/pocket/7jhpA_2_pocket.pdb
7jhpA	7jhp	0	A	Outlier	Y71in.3P-R	Y32in	Y71in	C 1 2 1 (CF13)	7jhpA3	3	GTPase HRas	RASH_HUMAN	P01112	R97C	R97	HRAS	3P	Other	None	None	Effector	None	Other-Unbound	C 1 2 1	166	1-166	2020-07-21	Other	222.0329	0.0002	Unbound	Unbound	101,107,108,109,110,137,138,139,162,165,166	GNP,MG	RAF proto-oncogene serine/threonine-protein kinase	None	C:36,37,41,39,40,38,56,33,31,25,24,43,50,45,48,47,157,42,23,149,153,26,21	RAF1_HUMAN	None	None	None	RBD	None	C	GNP	MG	None	None	None	None	STP	XRAY	2.766	0.216	MTEYKLVVVGAGGVGKSALTIQLIQNHFVDEYDPTIEDSYRKQVVIDGETCLLDILDTAGQEEYSAMRDQYMRTGEGFLCVFAINNTKSFEDIHQYCEQIKRVKDSDDVPMVLVGNKCDLAARTVESRQAQDLARSYGIPYIETSAKTRQGVEDAFYTLVREIRQH	True	94.487	44.353	74.395	90.000	103.945	90.000	/Users/mitchellparker/Desktop/rascore_build/core/7jhpA_core.cif	/Users/mitchellparker/Desktop/rascore_build/rcsb/7jhp.cif.gz	/Users/mitchellparker/Desktop/rascore_build/renum/7jhp_renum.cif	/Users/mitchellparker/Desktop/rascore_build/rcsb_assembly/7jhp-assembly-1.cif.gz	/Users/mitchellparker/Desktop/rascore_build/renum_assembly/7jhp-assembly-1_renum.cif	/Users/mitchellparker/Desktop/rascore_build/sifts/7jhp.xml.gz	/Users/mitchellparker/Desktop/rascore_build/pocket/7jhpA_3_pocket.pdb
7jhpA	7jhp	0	A	Outlier	Y71in.3P-R	Y32in	Y71in	C 1 2 1 (CF13)	7jhpA4	4	GTPase HRas	RASH_HUMAN	P01112	R97C	R97	HRAS	3P	Other	None	None	Effector	None	Other-Unbound	C 1 2 1	166	1-166	2020-07-21	Other	376.7760	0.0063	Unbound	Unbound	87,90,91,94,129,132,133,136	GNP,MG	RAF proto-oncogene serine/threonine-protein kinase	None	C:36,37,41,39,40,38,56,33,31,25,24,43,50,45,48,47,157,42,23,149,153,26,21	RAF1_HUMAN	None	None	None	RBD	None	C	GNP	MG	None	None	None	None	STP	XRAY	2.766	0.216	MTEYKLVVVGAGGVGKSALTIQLIQNHFVDEYDPTIEDSYRKQVVIDGETCLLDILDTAGQEEYSAMRDQYMRTGEGFLCVFAINNTKSFEDIHQYCEQIKRVKDSDDVPMVLVGNKCDLAARTVESRQAQDLARSYGIPYIETSAKTRQGVEDAFYTLVREIRQH	True	94.487	44.353	74.395	90.000	103.945	90.000	/Users/mitchellparker/Desktop/rascore_build/core/7jhpA_core.cif	/Users/mitchellparker/Desktop/rascore_build/rcsb/7jhp.cif.gz	/Users/mitchellparker/Desktop/rascore_build/renum/7jhp_renum.cif	/Users/mitchellparker/Desktop/rascore_build/rcsb_assembly/7jhp-assembly-1.cif.gz	/Users/mitchellparker/Desktop/rascore_build/renum_assembly/7jhp-assembly-1_renum.cif	/Users/mitchellparker/Desktop/rascore_build/sifts/7jhp.xml.gz	/Users/mitchellparker/Desktop/rascore_build/pocket/7jhpA_4_pocket.pdb
7jhpA	7jhp	0	A	Outlier	Y71in.3P-R	Y32in	Y71in	C 1 2 1 (CF13)	7jhpA5	5	GTPase HRas	RASH_HUMAN	P01112	R97C	R97	HRAS	3P	Other	None	None	Effector	None	Other-Unbound	C 1 2 1	166	1-166	2020-07-21	Other	303.0273	0.0006	Unbound	Unbound	94,98,101,106,107,136,137	GNP,MG	RAF proto-oncogene serine/threonine-protein kinase	None	C:36,37,41,39,40,38,56,33,31,25,24,43,50,45,48,47,157,42,23,149,153,26,21	RAF1_HUMAN	None	None	None	RBD	None	C	GNP	MG	None	None	None	None	STP	XRAY	2.766	0.216	MTEYKLVVVGAGGVGKSALTIQLIQNHFVDEYDPTIEDSYRKQVVIDGETCLLDILDTAGQEEYSAMRDQYMRTGEGFLCVFAINNTKSFEDIHQYCEQIKRVKDSDDVPMVLVGNKCDLAARTVESRQAQDLARSYGIPYIETSAKTRQGVEDAFYTLVREIRQH	True	94.487	44.353	74.395	90.000	103.945	90.000	/Users/mitchellparker/Desktop/rascore_build/core/7jhpA_core.cif	/Users/mitchellparker/Desktop/rascore_build/rcsb/7jhp.cif.gz	/Users/mitchellparker/Desktop/rascore_build/renum/7jhp_renum.cif	/Users/mitchellparker/Desktop/rascore_build/rcsb_assembly/7jhp-assembly-1.cif.gz	/Users/mitchellparker/Desktop/rascore_build/renum_assembly/7jhp-assembly-1_renum.cif	/Users/mitchellparker/Desktop/rascore_build/sifts/7jhp.xml.gz	/Users/mitchellparker/Desktop/rascore_build/pocket/7jhpA_5_pocket.pdb
7jhpA	7jhp	0	A	Outlier	Y71in.3P-R	Y32in	Y71in	C 1 2 1 (CF13)	7jhpA6	6	GTPase HRas	RASH_HUMAN	P01112	R97C	R97	HRAS	3P	Other	None	None	Effector	None	Other-Unbound	C 1 2 1	166	1-166	2020-07-21	Other	332.7580	0.0024	Unbound	Unbound	74,75,76,104,106,108,109,110,163,166	GNP,MG	RAF proto-oncogene serine/threonine-protein kinase	None	C:36,37,41,39,40,38,56,33,31,25,24,43,50,45,48,47,157,42,23,149,153,26,21	RAF1_HUMAN	None	None	None	RBD	None	C	GNP	MG	None	None	None	None	STP	XRAY	2.766	0.216	MTEYKLVVVGAGGVGKSALTIQLIQNHFVDEYDPTIEDSYRKQVVIDGETCLLDILDTAGQEEYSAMRDQYMRTGEGFLCVFAINNTKSFEDIHQYCEQIKRVKDSDDVPMVLVGNKCDLAARTVESRQAQDLARSYGIPYIETSAKTRQGVEDAFYTLVREIRQH	True	94.487	44.353	74.395	90.000	103.945	90.000	/Users/mitchellparker/Desktop/rascore_build/core/7jhpA_core.cif	/Users/mitchellparker/Desktop/rascore_build/rcsb/7jhp.cif.gz	/Users/mitchellparker/Desktop/rascore_build/renum/7jhp_renum.cif	/Users/mitchellparker/Desktop/rascore_build/rcsb_assembly/7jhp-assembly-1.cif.gz	/Users/mitchellparker/Desktop/rascore_build/renum_assembly/7jhp-assembly-1_renum.cif	/Users/mitchellparker/Desktop/rascore_build/sifts/7jhp.xml.gz	/Users/mitchellparker/Desktop/rascore_build/pocket/7jhpA_6_pocket.pdb
7jhpA	7jhp	0	A	Outlier	Y71in.3P-R	Y32in	Y71in	C 1 2 1 (CF13)	7jhpA7	7	GTPase HRas	RASH_HUMAN	P01112	R97C	R97	HRAS	3P	Other	None	None	Effector	None	Other-Unbound	C 1 2 1	166	1-166	2020-07-21	Other	174.8379	0.0001	Unbound	Unbound	126,128,129,132	GNP,MG	RAF proto-oncogene serine/threonine-protein kinase	None	C:36,37,41,39,40,38,56,33,31,25,24,43,50,45,48,47,157,42,23,149,153,26,21	RAF1_HUMAN	None	None	None	RBD	None	C	GNP	MG	None	None	None	None	STP	XRAY	2.766	0.216	MTEYKLVVVGAGGVGKSALTIQLIQNHFVDEYDPTIEDSYRKQVVIDGETCLLDILDTAGQEEYSAMRDQYMRTGEGFLCVFAINNTKSFEDIHQYCEQIKRVKDSDDVPMVLVGNKCDLAARTVESRQAQDLARSYGIPYIETSAKTRQGVEDAFYTLVREIRQH	True	94.487	44.353	74.395	90.000	103.945	90.000	/Users/mitchellparker/Desktop/rascore_build/core/7jhpA_core.cif	/Users/mitchellparker/Desktop/rascore_build/rcsb/7jhp.cif.gz	/Users/mitchellparker/Desktop/rascore_build/renum/7jhp_renum.cif	/Users/mitchellparker/Desktop/rascore_build/rcsb_assembly/7jhp-assembly-1.cif.gz	/Users/mitchellparker/Desktop/rascore_build/renum_assembly/7jhp-assembly-1_renum.cif	/Users/mitchellparker/Desktop/rascore_build/sifts/7jhp.xml.gz	/Users/mitchellparker/Desktop/rascore_build/pocket/7jhpA_7_pocket.pdb
7jifA	7jif	0	A	Y32in.3P-ON	Y71in.3P-R	Y32in	Y71in	P 32 2 1 (CF1)	7jifA2	2	GTPase HRas	RASH_HUMAN	P01112	A59T	A59	HRAS	3P	Other	None	None	None	Homodimer	SP12-Unbound	P 32 2 1	166	1-166	2020-07-23	Other	448.2000	0.0108	Unbound	Unbound	95,98,99,101,102,105,106,107	GNP,MG,GOL	None	None	None	None	None	None	None	None	None	None	GNP	MG	None	GOL	None	None	STP	XRAY	1.757	0.180	MTEYKLVVVGAGGVGKSALTIQLIQNHFVDEYDPTIEDSYRKQVVIDGETCLLDILDTTGQEEYSAMRDQYMRTGEGFLCVFAINNTKSFEDIHQYREQIKRVKDSDDVPMVLVGNKCDLAARTVESRQAQDLARSYGIPYIETSAKTRQGVEDAFYTLVREIRQH	True	39.567	39.567	158.302	90.000	90.000	120.000	/Users/mitchellparker/Desktop/rascore_build/core/7jifA_core.cif	/Users/mitchellparker/Desktop/rascore_build/rcsb/7jif.cif.gz	/Users/mitchellparker/Desktop/rascore_build/renum/7jif_renum.cif	/Users/mitchellparker/Desktop/rascore_build/rcsb_assembly/7jif-assembly-1.cif.gz	/Users/mitchellparker/Desktop/rascore_build/renum_assembly/7jif-assembly-1_renum.cif	/Users/mitchellparker/Desktop/rascore_build/sifts/7jif.xml.gz	/Users/mitchellparker/Desktop/rascore_build/pocket/7jifA_2_pocket.pdb
7jifA	7jif	0	A	Y32in.3P-ON	Y71in.3P-R	Y32in	Y71in	P 32 2 1 (CF1)	7jifA3	3	GTPase HRas	RASH_HUMAN	P01112	A59T	A59	HRAS	3P	Other	None	None	None	Homodimer	SP12-Unbound	P 32 2 1	166	1-166	2020-07-23	Other	318.8036	0.0059	Unbound	Unbound	76,104,106,109,110,163,166	GNP,MG,GOL	None	None	None	None	None	None	None	None	None	None	GNP	MG	None	GOL	None	None	STP	XRAY	1.757	0.180	MTEYKLVVVGAGGVGKSALTIQLIQNHFVDEYDPTIEDSYRKQVVIDGETCLLDILDTTGQEEYSAMRDQYMRTGEGFLCVFAINNTKSFEDIHQYREQIKRVKDSDDVPMVLVGNKCDLAARTVESRQAQDLARSYGIPYIETSAKTRQGVEDAFYTLVREIRQH	True	39.567	39.567	158.302	90.000	90.000	120.000	/Users/mitchellparker/Desktop/rascore_build/core/7jifA_core.cif	/Users/mitchellparker/Desktop/rascore_build/rcsb/7jif.cif.gz	/Users/mitchellparker/Desktop/rascore_build/renum/7jif_renum.cif	/Users/mitchellparker/Desktop/rascore_build/rcsb_assembly/7jif-assembly-1.cif.gz	/Users/mitchellparker/Desktop/rascore_build/renum_assembly/7jif-assembly-1_renum.cif	/Users/mitchellparker/Desktop/rascore_build/sifts/7jif.xml.gz	/Users/mitchellparker/Desktop/rascore_build/pocket/7jifA_3_pocket.pdb
7jifA	7jif	0	A	Y32in.3P-ON	Y71in.3P-R	Y32in	Y71in	P 32 2 1 (CF1)	7jifA4	4	GTPase HRas	RASH_HUMAN	P01112	A59T	A59	HRAS	3P	Other	None	None	None	Homodimer	SP12-Unbound	P 32 2 1	166	1-166	2020-07-23	Other	400.6455	0.0001	Unbound	Unbound	107,108,109,110,137,138,139,162,165,166	GNP,MG,GOL	None	None	None	None	None	None	None	None	None	None	GNP	MG	None	GOL	None	None	STP	XRAY	1.757	0.180	MTEYKLVVVGAGGVGKSALTIQLIQNHFVDEYDPTIEDSYRKQVVIDGETCLLDILDTTGQEEYSAMRDQYMRTGEGFLCVFAINNTKSFEDIHQYREQIKRVKDSDDVPMVLVGNKCDLAARTVESRQAQDLARSYGIPYIETSAKTRQGVEDAFYTLVREIRQH	True	39.567	39.567	158.302	90.000	90.000	120.000	/Users/mitchellparker/Desktop/rascore_build/core/7jifA_core.cif	/Users/mitchellparker/Desktop/rascore_build/rcsb/7jif.cif.gz	/Users/mitchellparker/Desktop/rascore_build/renum/7jif_renum.cif	/Users/mitchellparker/Desktop/rascore_build/rcsb_assembly/7jif-assembly-1.cif.gz	/Users/mitchellparker/Desktop/rascore_build/renum_assembly/7jif-assembly-1_renum.cif	/Users/mitchellparker/Desktop/rascore_build/sifts/7jif.xml.gz	/Users/mitchellparker/Desktop/rascore_build/pocket/7jifA_4_pocket.pdb
7jifA	7jif	0	A	Y32in.3P-ON	Y71in.3P-R	Y32in	Y71in	P 32 2 1 (CF1)	7jifA5	5	GTPase HRas	RASH_HUMAN	P01112	A59T	A59	HRAS	3P	Other	None	None	None	Homodimer	SP12-Unbound	P 32 2 1	166	1-166	2020-07-23	SP12	279.1987	0.0135	Unbound	Unbound	5,6,7,39,54,56,70,71,74,75	GNP,MG,GOL	None	None	None	None	None	None	None	None	None	None	GNP	MG	None	GOL	None	None	STP	XRAY	1.757	0.180	MTEYKLVVVGAGGVGKSALTIQLIQNHFVDEYDPTIEDSYRKQVVIDGETCLLDILDTTGQEEYSAMRDQYMRTGEGFLCVFAINNTKSFEDIHQYREQIKRVKDSDDVPMVLVGNKCDLAARTVESRQAQDLARSYGIPYIETSAKTRQGVEDAFYTLVREIRQH	True	39.567	39.567	158.302	90.000	90.000	120.000	/Users/mitchellparker/Desktop/rascore_build/core/7jifA_core.cif	/Users/mitchellparker/Desktop/rascore_build/rcsb/7jif.cif.gz	/Users/mitchellparker/Desktop/rascore_build/renum/7jif_renum.cif	/Users/mitchellparker/Desktop/rascore_build/rcsb_assembly/7jif-assembly-1.cif.gz	/Users/mitchellparker/Desktop/rascore_build/renum_assembly/7jif-assembly-1_renum.cif	/Users/mitchellparker/Desktop/rascore_build/sifts/7jif.xml.gz	/Users/mitchellparker/Desktop/rascore_build/pocket/7jifA_5_pocket.pdb
7jifA	7jif	0	A	Y32in.3P-ON	Y71in.3P-R	Y32in	Y71in	P 32 2 1 (CF1)	7jifA6	6	GTPase HRas	RASH_HUMAN	P01112	A59T	A59	HRAS	3P	Other	None	None	None	Homodimer	SP12-Unbound	P 32 2 1	166	1-166	2020-07-23	Other	312.6064	0.0058	Unbound	Unbound	36,37,58,59,64,67,68,71	GNP,MG,GOL	None	None	None	None	None	None	None	None	None	None	GNP	MG	None	GOL	None	None	STP	XRAY	1.757	0.180	MTEYKLVVVGAGGVGKSALTIQLIQNHFVDEYDPTIEDSYRKQVVIDGETCLLDILDTTGQEEYSAMRDQYMRTGEGFLCVFAINNTKSFEDIHQYREQIKRVKDSDDVPMVLVGNKCDLAARTVESRQAQDLARSYGIPYIETSAKTRQGVEDAFYTLVREIRQH	True	39.567	39.567	158.302	90.000	90.000	120.000	/Users/mitchellparker/Desktop/rascore_build/core/7jifA_core.cif	/Users/mitchellparker/Desktop/rascore_build/rcsb/7jif.cif.gz	/Users/mitchellparker/Desktop/rascore_build/renum/7jif_renum.cif	/Users/mitchellparker/Desktop/rascore_build/rcsb_assembly/7jif-assembly-1.cif.gz	/Users/mitchellparker/Desktop/rascore_build/renum_assembly/7jif-assembly-1_renum.cif	/Users/mitchellparker/Desktop/rascore_build/sifts/7jif.xml.gz	/Users/mitchellparker/Desktop/rascore_build/pocket/7jifA_6_pocket.pdb
7jigA	7jig	0	A	Outlier	Outlier	Y32in	Disordered	P 32 2 1 (CF1)	7jigA3	3	GTPase HRas	RASH_HUMAN	P01112	A59T	A59	HRAS	3P	Other	None	None	None	Homodimer	Multiple-Unbound	P 32 2 1	166	1-166	2020-07-23	Other	207.8569	0.0105	Unbound	Unbound	23,24,26,42,44,53,149,153,157	GNP,MG	None	None	None	None	None	None	None	None	None	None	GNP	MG	None	None	None	None	STP	XRAY	2.322	0.187	MTEYKLVVVGAGGVGKSALTIQLIQNHFVDEYDPTIEDSYRKQVVIDGETCLLDILDTTGQEEYSAMRDQYMRTGEGFLCVFAINNTKSFEDIHQYREQIKRVKDSDDVPMVLVGNKCDLAARTVESRQAQDLARSYGIPYIETSAKTRQGVEDAFYTLVREIRQH	True	38.964	38.964	159.048	90.000	90.000	120.000	/Users/mitchellparker/Desktop/rascore_build/core/7jigA_core.cif	/Users/mitchellparker/Desktop/rascore_build/rcsb/7jig.cif.gz	/Users/mitchellparker/Desktop/rascore_build/renum/7jig_renum.cif	/Users/mitchellparker/Desktop/rascore_build/rcsb_assembly/7jig-assembly-1.cif.gz	/Users/mitchellparker/Desktop/rascore_build/renum_assembly/7jig-assembly-1_renum.cif	/Users/mitchellparker/Desktop/rascore_build/sifts/7jig.xml.gz	/Users/mitchellparker/Desktop/rascore_build/pocket/7jigA_3_pocket.pdb
7jigA	7jig	0	A	Outlier	Outlier	Y32in	Disordered	P 32 2 1 (CF1)	7jigA4	4	GTPase HRas	RASH_HUMAN	P01112	A59T	A59	HRAS	3P	Other	None	None	None	Homodimer	Multiple-Unbound	P 32 2 1	166	1-166	2020-07-23	SP2	358.7884	0.0157	Unbound	Unbound	11,12,60,62,65,68,92,95,96,99	GNP,MG	None	None	None	None	None	None	None	None	None	None	GNP	MG	None	None	None	None	STP	XRAY	2.322	0.187	MTEYKLVVVGAGGVGKSALTIQLIQNHFVDEYDPTIEDSYRKQVVIDGETCLLDILDTTGQEEYSAMRDQYMRTGEGFLCVFAINNTKSFEDIHQYREQIKRVKDSDDVPMVLVGNKCDLAARTVESRQAQDLARSYGIPYIETSAKTRQGVEDAFYTLVREIRQH	True	38.964	38.964	159.048	90.000	90.000	120.000	/Users/mitchellparker/Desktop/rascore_build/core/7jigA_core.cif	/Users/mitchellparker/Desktop/rascore_build/rcsb/7jig.cif.gz	/Users/mitchellparker/Desktop/rascore_build/renum/7jig_renum.cif	/Users/mitchellparker/Desktop/rascore_build/rcsb_assembly/7jig-assembly-1.cif.gz	/Users/mitchellparker/Desktop/rascore_build/renum_assembly/7jig-assembly-1_renum.cif	/Users/mitchellparker/Desktop/rascore_build/sifts/7jig.xml.gz	/Users/mitchellparker/Desktop/rascore_build/pocket/7jigA_4_pocket.pdb
7jigA	7jig	0	A	Outlier	Outlier	Y32in	Disordered	P 32 2 1 (CF1)	7jigA5	5	GTPase HRas	RASH_HUMAN	P01112	A59T	A59	HRAS	3P	Other	None	None	None	Homodimer	Multiple-Unbound	P 32 2 1	166	1-166	2020-07-23	SP12	231.7306	0.0183	Unbound	Unbound	5,6,7,54,56,71,74	GNP,MG	None	None	None	None	None	None	None	None	None	None	GNP	MG	None	None	None	None	STP	XRAY	2.322	0.187	MTEYKLVVVGAGGVGKSALTIQLIQNHFVDEYDPTIEDSYRKQVVIDGETCLLDILDTTGQEEYSAMRDQYMRTGEGFLCVFAINNTKSFEDIHQYREQIKRVKDSDDVPMVLVGNKCDLAARTVESRQAQDLARSYGIPYIETSAKTRQGVEDAFYTLVREIRQH	True	38.964	38.964	159.048	90.000	90.000	120.000	/Users/mitchellparker/Desktop/rascore_build/core/7jigA_core.cif	/Users/mitchellparker/Desktop/rascore_build/rcsb/7jig.cif.gz	/Users/mitchellparker/Desktop/rascore_build/renum/7jig_renum.cif	/Users/mitchellparker/Desktop/rascore_build/rcsb_assembly/7jig-assembly-1.cif.gz	/Users/mitchellparker/Desktop/rascore_build/renum_assembly/7jig-assembly-1_renum.cif	/Users/mitchellparker/Desktop/rascore_build/sifts/7jig.xml.gz	/Users/mitchellparker/Desktop/rascore_build/pocket/7jigA_5_pocket.pdb
7jigA	7jig	0	A	Outlier	Outlier	Y32in	Disordered	P 32 2 1 (CF1)	7jigA6	6	GTPase HRas	RASH_HUMAN	P01112	A59T	A59	HRAS	3P	Other	None	None	None	Homodimer	Multiple-Unbound	P 32 2 1	166	1-166	2020-07-23	Other	363.0042	0.0023	Unbound	Unbound	75,76,104,106,109,110,163,166	GNP,MG	None	None	None	None	None	None	None	None	None	None	GNP	MG	None	None	None	None	STP	XRAY	2.322	0.187	MTEYKLVVVGAGGVGKSALTIQLIQNHFVDEYDPTIEDSYRKQVVIDGETCLLDILDTTGQEEYSAMRDQYMRTGEGFLCVFAINNTKSFEDIHQYREQIKRVKDSDDVPMVLVGNKCDLAARTVESRQAQDLARSYGIPYIETSAKTRQGVEDAFYTLVREIRQH	True	38.964	38.964	159.048	90.000	90.000	120.000	/Users/mitchellparker/Desktop/rascore_build/core/7jigA_core.cif	/Users/mitchellparker/Desktop/rascore_build/rcsb/7jig.cif.gz	/Users/mitchellparker/Desktop/rascore_build/renum/7jig_renum.cif	/Users/mitchellparker/Desktop/rascore_build/rcsb_assembly/7jig-assembly-1.cif.gz	/Users/mitchellparker/Desktop/rascore_build/renum_assembly/7jig-assembly-1_renum.cif	/Users/mitchellparker/Desktop/rascore_build/sifts/7jig.xml.gz	/Users/mitchellparker/Desktop/rascore_build/pocket/7jigA_6_pocket.pdb
7jihA	7jih	0	A	Disordered	Outlier	Disordered	Disordered	P 1 21 1 (CF20)	7jihA3	3	GTPase HRas	RASH_HUMAN	P01112	A59E	A59	HRAS	3P	Other	None	None	None	None	Multiple-Unbound	P 1 21 1	166	1-30:38-166	2020-07-23	SP2	297.7228	0.1029	Unbound	Unbound	9,56,57,58,59,68,71,72,96,99	GNP,MG,GOL	None	None	None	None	None	None	None	None	None	None	GNP	MG	None	GOL	None	None	STP	XRAY	1.989	0.202	MTEYKLVVVGAGGVGKSALTIQLIQNHFVDEYDPTIEDSYRKQVVIDGETCLLDILDTEGQEEYSAMRDQYMRTGEGFLCVFAINNTKSFEDIHQYREQIKRVKDSDDVPMVLVGNKCDLAARTVESRQAQDLARSYGIPYIETSAKTRQGVEDAFYTLVREIRQH	True	55.675	49.832	57.320	90.000	117.810	90.000	/Users/mitchellparker/Desktop/rascore_build/core/7jihA_core.cif	/Users/mitchellparker/Desktop/rascore_build/rcsb/7jih.cif.gz	/Users/mitchellparker/Desktop/rascore_build/renum/7jih_renum.cif	/Users/mitchellparker/Desktop/rascore_build/rcsb_assembly/7jih-assembly-1.cif.gz	/Users/mitchellparker/Desktop/rascore_build/renum_assembly/7jih-assembly-1_renum.cif	/Users/mitchellparker/Desktop/rascore_build/sifts/7jih.xml.gz	/Users/mitchellparker/Desktop/rascore_build/pocket/7jihA_3_pocket.pdb
7jihA	7jih	0	A	Disordered	Outlier	Disordered	Disordered	P 1 21 1 (CF20)	7jihA4	4	GTPase HRas	RASH_HUMAN	P01112	A59E	A59	HRAS	3P	Other	None	None	None	None	Multiple-Unbound	P 1 21 1	166	1-30:38-166	2020-07-23	Other	610.6388	0.0002	Unbound	Unbound	128,131,132,134,135,138,139,140,141,162	GNP,MG,GOL	None	None	None	None	None	None	None	None	None	None	GNP	MG	None	GOL	None	None	STP	XRAY	1.989	0.202	MTEYKLVVVGAGGVGKSALTIQLIQNHFVDEYDPTIEDSYRKQVVIDGETCLLDILDTEGQEEYSAMRDQYMRTGEGFLCVFAINNTKSFEDIHQYREQIKRVKDSDDVPMVLVGNKCDLAARTVESRQAQDLARSYGIPYIETSAKTRQGVEDAFYTLVREIRQH	True	55.675	49.832	57.320	90.000	117.810	90.000	/Users/mitchellparker/Desktop/rascore_build/core/7jihA_core.cif	/Users/mitchellparker/Desktop/rascore_build/rcsb/7jih.cif.gz	/Users/mitchellparker/Desktop/rascore_build/renum/7jih_renum.cif	/Users/mitchellparker/Desktop/rascore_build/rcsb_assembly/7jih-assembly-1.cif.gz	/Users/mitchellparker/Desktop/rascore_build/renum_assembly/7jih-assembly-1_renum.cif	/Users/mitchellparker/Desktop/rascore_build/sifts/7jih.xml.gz	/Users/mitchellparker/Desktop/rascore_build/pocket/7jihA_4_pocket.pdb
7jihA	7jih	0	A	Disordered	Outlier	Disordered	Disordered	P 1 21 1 (CF20)	7jihA5	5	GTPase HRas	RASH_HUMAN	P01112	A59E	A59	HRAS	3P	Other	None	None	None	None	Multiple-Unbound	P 1 21 1	166	1-30:38-166	2020-07-23	Other	280.9195	0.0457	Unbound	Unbound	76,104,106,108,109,110,163,166	GNP,MG,GOL	None	None	None	None	None	None	None	None	None	None	GNP	MG	None	GOL	None	None	STP	XRAY	1.989	0.202	MTEYKLVVVGAGGVGKSALTIQLIQNHFVDEYDPTIEDSYRKQVVIDGETCLLDILDTEGQEEYSAMRDQYMRTGEGFLCVFAINNTKSFEDIHQYREQIKRVKDSDDVPMVLVGNKCDLAARTVESRQAQDLARSYGIPYIETSAKTRQGVEDAFYTLVREIRQH	True	55.675	49.832	57.320	90.000	117.810	90.000	/Users/mitchellparker/Desktop/rascore_build/core/7jihA_core.cif	/Users/mitchellparker/Desktop/rascore_build/rcsb/7jih.cif.gz	/Users/mitchellparker/Desktop/rascore_build/renum/7jih_renum.cif	/Users/mitchellparker/Desktop/rascore_build/rcsb_assembly/7jih-assembly-1.cif.gz	/Users/mitchellparker/Desktop/rascore_build/renum_assembly/7jih-assembly-1_renum.cif	/Users/mitchellparker/Desktop/rascore_build/sifts/7jih.xml.gz	/Users/mitchellparker/Desktop/rascore_build/pocket/7jihA_5_pocket.pdb
7jihA	7jih	0	A	Disordered	Outlier	Disordered	Disordered	P 1 21 1 (CF20)	7jihA6	6	GTPase HRas	RASH_HUMAN	P01112	A59E	A59	HRAS	3P	Other	None	None	None	None	Multiple-Unbound	P 1 21 1	166	1-30:38-166	2020-07-23	Other	286.3506	0.0004	Unbound	Unbound	97,107,108,109,110,137,138,139,162,165,166	GNP,MG,GOL	None	None	None	None	None	None	None	None	None	None	GNP	MG	None	GOL	None	None	STP	XRAY	1.989	0.202	MTEYKLVVVGAGGVGKSALTIQLIQNHFVDEYDPTIEDSYRKQVVIDGETCLLDILDTEGQEEYSAMRDQYMRTGEGFLCVFAINNTKSFEDIHQYREQIKRVKDSDDVPMVLVGNKCDLAARTVESRQAQDLARSYGIPYIETSAKTRQGVEDAFYTLVREIRQH	True	55.675	49.832	57.320	90.000	117.810	90.000	/Users/mitchellparker/Desktop/rascore_build/core/7jihA_core.cif	/Users/mitchellparker/Desktop/rascore_build/rcsb/7jih.cif.gz	/Users/mitchellparker/Desktop/rascore_build/renum/7jih_renum.cif	/Users/mitchellparker/Desktop/rascore_build/rcsb_assembly/7jih-assembly-1.cif.gz	/Users/mitchellparker/Desktop/rascore_build/renum_assembly/7jih-assembly-1_renum.cif	/Users/mitchellparker/Desktop/rascore_build/sifts/7jih.xml.gz	/Users/mitchellparker/Desktop/rascore_build/pocket/7jihA_6_pocket.pdb
7jihA	7jih	0	A	Disordered	Outlier	Disordered	Disordered	P 1 21 1 (CF20)	7jihA7	7	GTPase HRas	RASH_HUMAN	P01112	A59E	A59	HRAS	3P	Other	None	None	None	None	Multiple-Unbound	P 1 21 1	166	1-30:38-166	2020-07-23	SP2	286.4907	0.0003	Unbound	Unbound	60,92,95,96,99,102	GNP,MG,GOL	None	None	None	None	None	None	None	None	None	None	GNP	MG	None	GOL	None	None	STP	XRAY	1.989	0.202	MTEYKLVVVGAGGVGKSALTIQLIQNHFVDEYDPTIEDSYRKQVVIDGETCLLDILDTEGQEEYSAMRDQYMRTGEGFLCVFAINNTKSFEDIHQYREQIKRVKDSDDVPMVLVGNKCDLAARTVESRQAQDLARSYGIPYIETSAKTRQGVEDAFYTLVREIRQH	True	55.675	49.832	57.320	90.000	117.810	90.000	/Users/mitchellparker/Desktop/rascore_build/core/7jihA_core.cif	/Users/mitchellparker/Desktop/rascore_build/rcsb/7jih.cif.gz	/Users/mitchellparker/Desktop/rascore_build/renum/7jih_renum.cif	/Users/mitchellparker/Desktop/rascore_build/rcsb_assembly/7jih-assembly-1.cif.gz	/Users/mitchellparker/Desktop/rascore_build/renum_assembly/7jih-assembly-1_renum.cif	/Users/mitchellparker/Desktop/rascore_build/sifts/7jih.xml.gz	/Users/mitchellparker/Desktop/rascore_build/pocket/7jihA_7_pocket.pdb
7jihA	7jih	0	A	Disordered	Outlier	Disordered	Disordered	P 1 21 1 (CF20)	7jihA8	8	GTPase HRas	RASH_HUMAN	P01112	A59E	A59	HRAS	3P	Other	None	None	None	None	Multiple-Unbound	P 1 21 1	166	1-30:38-166	2020-07-23	SP12	109.6337	0.0014	Unbound	Unbound	5,6,7,54,56,71,74,75	GNP,MG,GOL	None	None	None	None	None	None	None	None	None	None	GNP	MG	None	GOL	None	None	STP	XRAY	1.989	0.202	MTEYKLVVVGAGGVGKSALTIQLIQNHFVDEYDPTIEDSYRKQVVIDGETCLLDILDTEGQEEYSAMRDQYMRTGEGFLCVFAINNTKSFEDIHQYREQIKRVKDSDDVPMVLVGNKCDLAARTVESRQAQDLARSYGIPYIETSAKTRQGVEDAFYTLVREIRQH	True	55.675	49.832	57.320	90.000	117.810	90.000	/Users/mitchellparker/Desktop/rascore_build/core/7jihA_core.cif	/Users/mitchellparker/Desktop/rascore_build/rcsb/7jih.cif.gz	/Users/mitchellparker/Desktop/rascore_build/renum/7jih_renum.cif	/Users/mitchellparker/Desktop/rascore_build/rcsb_assembly/7jih-assembly-1.cif.gz	/Users/mitchellparker/Desktop/rascore_build/renum_assembly/7jih-assembly-1_renum.cif	/Users/mitchellparker/Desktop/rascore_build/sifts/7jih.xml.gz	/Users/mitchellparker/Desktop/rascore_build/pocket/7jihA_8_pocket.pdb
7jihA	7jih	0	A	Disordered	Outlier	Disordered	Disordered	P 1 21 1 (CF20)	7jihA9	9	GTPase HRas	RASH_HUMAN	P01112	A59E	A59	HRAS	3P	Other	None	None	None	None	Multiple-Unbound	P 1 21 1	166	1-30:38-166	2020-07-23	Other	241.6730	0.0027	Unbound	Unbound	22,23,26,149,151,152,153,154	GNP,MG,GOL	None	None	None	None	None	None	None	None	None	None	GNP	MG	None	GOL	None	None	STP	XRAY	1.989	0.202	MTEYKLVVVGAGGVGKSALTIQLIQNHFVDEYDPTIEDSYRKQVVIDGETCLLDILDTEGQEEYSAMRDQYMRTGEGFLCVFAINNTKSFEDIHQYREQIKRVKDSDDVPMVLVGNKCDLAARTVESRQAQDLARSYGIPYIETSAKTRQGVEDAFYTLVREIRQH	True	55.675	49.832	57.320	90.000	117.810	90.000	/Users/mitchellparker/Desktop/rascore_build/core/7jihA_core.cif	/Users/mitchellparker/Desktop/rascore_build/rcsb/7jih.cif.gz	/Users/mitchellparker/Desktop/rascore_build/renum/7jih_renum.cif	/Users/mitchellparker/Desktop/rascore_build/rcsb_assembly/7jih-assembly-1.cif.gz	/Users/mitchellparker/Desktop/rascore_build/renum_assembly/7jih-assembly-1_renum.cif	/Users/mitchellparker/Desktop/rascore_build/sifts/7jih.xml.gz	/Users/mitchellparker/Desktop/rascore_build/pocket/7jihA_9_pocket.pdb
7jihB	7jih	0	B	Disordered	Disordered	Y32out	Disordered	P 1 21 1 (CF20)	7jihB3	3	GTPase HRas	RASH_HUMAN	P01112	A59E	A59	HRAS	3P	Other	None	None	None	None	SP2-Unbound	P 1 21 1	166	1-34:38-61:68-166	2020-07-23	SP2	120.8426	0.0034	Unbound	Unbound	61,92,95,96,99	GNP,MG,GOL	None	None	None	None	None	None	None	None	None	None	GNP	MG	None	GOL	None	None	STP	XRAY	1.989	0.202	MTEYKLVVVGAGGVGKSALTIQLIQNHFVDEYDPTIEDSYRKQVVIDGETCLLDILDTEGQEEYSAMRDQYMRTGEGFLCVFAINNTKSFEDIHQYREQIKRVKDSDDVPMVLVGNKCDLAARTVESRQAQDLARSYGIPYIETSAKTRQGVEDAFYTLVREIRQH	True	55.675	49.832	57.320	90.000	117.810	90.000	/Users/mitchellparker/Desktop/rascore_build/core/7jihB_core.cif	/Users/mitchellparker/Desktop/rascore_build/rcsb/7jih.cif.gz	/Users/mitchellparker/Desktop/rascore_build/renum/7jih_renum.cif	/Users/mitchellparker/Desktop/rascore_build/rcsb_assembly/7jih-assembly-1.cif.gz	/Users/mitchellparker/Desktop/rascore_build/renum_assembly/7jih-assembly-1_renum.cif	/Users/mitchellparker/Desktop/rascore_build/sifts/7jih.xml.gz	/Users/mitchellparker/Desktop/rascore_build/pocket/7jihB_3_pocket.pdb
7jihB	7jih	0	B	Disordered	Disordered	Y32out	Disordered	P 1 21 1 (CF20)	7jihB4	4	GTPase HRas	RASH_HUMAN	P01112	A59E	A59	HRAS	3P	Other	None	None	None	None	SP2-Unbound	P 1 21 1	166	1-34:38-61:68-166	2020-07-23	Other	157.5398	0.0001	Unbound	Unbound	131,134,135,139,140,141	GNP,MG,GOL	None	None	None	None	None	None	None	None	None	None	GNP	MG	None	GOL	None	None	STP	XRAY	1.989	0.202	MTEYKLVVVGAGGVGKSALTIQLIQNHFVDEYDPTIEDSYRKQVVIDGETCLLDILDTEGQEEYSAMRDQYMRTGEGFLCVFAINNTKSFEDIHQYREQIKRVKDSDDVPMVLVGNKCDLAARTVESRQAQDLARSYGIPYIETSAKTRQGVEDAFYTLVREIRQH	True	55.675	49.832	57.320	90.000	117.810	90.000	/Users/mitchellparker/Desktop/rascore_build/core/7jihB_core.cif	/Users/mitchellparker/Desktop/rascore_build/rcsb/7jih.cif.gz	/Users/mitchellparker/Desktop/rascore_build/renum/7jih_renum.cif	/Users/mitchellparker/Desktop/rascore_build/rcsb_assembly/7jih-assembly-1.cif.gz	/Users/mitchellparker/Desktop/rascore_build/renum_assembly/7jih-assembly-1_renum.cif	/Users/mitchellparker/Desktop/rascore_build/sifts/7jih.xml.gz	/Users/mitchellparker/Desktop/rascore_build/pocket/7jihB_4_pocket.pdb
7jihB	7jih	0	B	Disordered	Disordered	Y32out	Disordered	P 1 21 1 (CF20)	7jihB5	5	GTPase HRas	RASH_HUMAN	P01112	A59E	A59	HRAS	3P	Other	None	None	None	None	SP2-Unbound	P 1 21 1	166	1-34:38-61:68-166	2020-07-23	SP2	333.8679	0.0782	Unbound	Unbound	9,56,57,58,59,61,68,71,72,96,99	GNP,MG,GOL	None	None	None	None	None	None	None	None	None	None	GNP	MG	None	GOL	None	None	STP	XRAY	1.989	0.202	MTEYKLVVVGAGGVGKSALTIQLIQNHFVDEYDPTIEDSYRKQVVIDGETCLLDILDTEGQEEYSAMRDQYMRTGEGFLCVFAINNTKSFEDIHQYREQIKRVKDSDDVPMVLVGNKCDLAARTVESRQAQDLARSYGIPYIETSAKTRQGVEDAFYTLVREIRQH	True	55.675	49.832	57.320	90.000	117.810	90.000	/Users/mitchellparker/Desktop/rascore_build/core/7jihB_core.cif	/Users/mitchellparker/Desktop/rascore_build/rcsb/7jih.cif.gz	/Users/mitchellparker/Desktop/rascore_build/renum/7jih_renum.cif	/Users/mitchellparker/Desktop/rascore_build/rcsb_assembly/7jih-assembly-1.cif.gz	/Users/mitchellparker/Desktop/rascore_build/renum_assembly/7jih-assembly-1_renum.cif	/Users/mitchellparker/Desktop/rascore_build/sifts/7jih.xml.gz	/Users/mitchellparker/Desktop/rascore_build/pocket/7jihB_5_pocket.pdb
7jihB	7jih	0	B	Disordered	Disordered	Y32out	Disordered	P 1 21 1 (CF20)	7jihB6	6	GTPase HRas	RASH_HUMAN	P01112	A59E	A59	HRAS	3P	Other	None	None	None	None	SP2-Unbound	P 1 21 1	166	1-34:38-61:68-166	2020-07-23	Other	194.6679	0.0004	Unbound	Unbound	22,23,26,149,152,153	GNP,MG,GOL	None	None	None	None	None	None	None	None	None	None	GNP	MG	None	GOL	None	None	STP	XRAY	1.989	0.202	MTEYKLVVVGAGGVGKSALTIQLIQNHFVDEYDPTIEDSYRKQVVIDGETCLLDILDTEGQEEYSAMRDQYMRTGEGFLCVFAINNTKSFEDIHQYREQIKRVKDSDDVPMVLVGNKCDLAARTVESRQAQDLARSYGIPYIETSAKTRQGVEDAFYTLVREIRQH	True	55.675	49.832	57.320	90.000	117.810	90.000	/Users/mitchellparker/Desktop/rascore_build/core/7jihB_core.cif	/Users/mitchellparker/Desktop/rascore_build/rcsb/7jih.cif.gz	/Users/mitchellparker/Desktop/rascore_build/renum/7jih_renum.cif	/Users/mitchellparker/Desktop/rascore_build/rcsb_assembly/7jih-assembly-1.cif.gz	/Users/mitchellparker/Desktop/rascore_build/renum_assembly/7jih-assembly-1_renum.cif	/Users/mitchellparker/Desktop/rascore_build/sifts/7jih.xml.gz	/Users/mitchellparker/Desktop/rascore_build/pocket/7jihB_6_pocket.pdb
7jiiA	7jii	0	A	Outlier	Outlier	Y32out	Y71out	P 1 (CF9)	7jiiA1	1	GTPase HRas	RASH_HUMAN	P01112	A59E	A59	HRAS	2P	Other	None	None	None	None	Other-Unbound	P 1	166	1-166	2020-07-23	Other	275.9832	0.0110	Unbound	Unbound	22,23,24,26,42,149,152,153	GDP,MG,CA,CA	None	None	None	None	None	None	None	None	None	None	GDP	MG	None	CA	None	None	STP	XRAY	1.532	0.161	MTEYKLVVVGAGGVGKSALTIQLIQNHFVDEYDPTIEDSYRKQVVIDGETCLLDILDTEGQEEYSAMRDQYMRTGEGFLCVFAINNTKSFEDIHQYREQIKRVKDSDDVPMVLVGNKCDLAARTVESRQAQDLARSYGIPYIETSAKTRQGVEDAFYTLVREIRQH	True	38.593	37.946	56.254	107.360	107.190	95.320	/Users/mitchellparker/Desktop/rascore_build/core/7jiiA_core.cif	/Users/mitchellparker/Desktop/rascore_build/rcsb/7jii.cif.gz	/Users/mitchellparker/Desktop/rascore_build/renum/7jii_renum.cif	/Users/mitchellparker/Desktop/rascore_build/rcsb_assembly/7jii-assembly-1.cif.gz	/Users/mitchellparker/Desktop/rascore_build/renum_assembly/7jii-assembly-1_renum.cif	/Users/mitchellparker/Desktop/rascore_build/sifts/7jii.xml.gz	/Users/mitchellparker/Desktop/rascore_build/pocket/7jiiA_1_pocket.pdb
7jiiA	7jii	0	A	Outlier	Outlier	Y32out	Y71out	P 1 (CF9)	7jiiA2	2	GTPase HRas	RASH_HUMAN	P01112	A59E	A59	HRAS	2P	Other	None	None	None	None	Other-Unbound	P 1	166	1-166	2020-07-23	Other	351.8422	0.0098	Unbound	Unbound	131,134,135,138,139,140,141,162	GDP,MG,CA,CA	None	None	None	None	None	None	None	None	None	None	GDP	MG	None	CA	None	None	STP	XRAY	1.532	0.161	MTEYKLVVVGAGGVGKSALTIQLIQNHFVDEYDPTIEDSYRKQVVIDGETCLLDILDTEGQEEYSAMRDQYMRTGEGFLCVFAINNTKSFEDIHQYREQIKRVKDSDDVPMVLVGNKCDLAARTVESRQAQDLARSYGIPYIETSAKTRQGVEDAFYTLVREIRQH	True	38.593	37.946	56.254	107.360	107.190	95.320	/Users/mitchellparker/Desktop/rascore_build/core/7jiiA_core.cif	/Users/mitchellparker/Desktop/rascore_build/rcsb/7jii.cif.gz	/Users/mitchellparker/Desktop/rascore_build/renum/7jii_renum.cif	/Users/mitchellparker/Desktop/rascore_build/rcsb_assembly/7jii-assembly-1.cif.gz	/Users/mitchellparker/Desktop/rascore_build/renum_assembly/7jii-assembly-1_renum.cif	/Users/mitchellparker/Desktop/rascore_build/sifts/7jii.xml.gz	/Users/mitchellparker/Desktop/rascore_build/pocket/7jiiA_2_pocket.pdb
7jiiA	7jii	0	A	Outlier	Outlier	Y32out	Y71out	P 1 (CF9)	7jiiA4	4	GTPase HRas	RASH_HUMAN	P01112	A59E	A59	HRAS	2P	Other	None	None	None	None	Other-Unbound	P 1	166	1-166	2020-07-23	Other	95.8465	0.0369	Unbound	Unbound	18,21,27,28,29,32	GDP,MG,CA,CA	None	None	None	None	None	None	None	None	None	None	GDP	MG	None	CA	None	None	STP	XRAY	1.532	0.161	MTEYKLVVVGAGGVGKSALTIQLIQNHFVDEYDPTIEDSYRKQVVIDGETCLLDILDTEGQEEYSAMRDQYMRTGEGFLCVFAINNTKSFEDIHQYREQIKRVKDSDDVPMVLVGNKCDLAARTVESRQAQDLARSYGIPYIETSAKTRQGVEDAFYTLVREIRQH	True	38.593	37.946	56.254	107.360	107.190	95.320	/Users/mitchellparker/Desktop/rascore_build/core/7jiiA_core.cif	/Users/mitchellparker/Desktop/rascore_build/rcsb/7jii.cif.gz	/Users/mitchellparker/Desktop/rascore_build/renum/7jii_renum.cif	/Users/mitchellparker/Desktop/rascore_build/rcsb_assembly/7jii-assembly-1.cif.gz	/Users/mitchellparker/Desktop/rascore_build/renum_assembly/7jii-assembly-1_renum.cif	/Users/mitchellparker/Desktop/rascore_build/sifts/7jii.xml.gz	/Users/mitchellparker/Desktop/rascore_build/pocket/7jiiA_4_pocket.pdb
7jiiA	7jii	0	A	Outlier	Outlier	Y32out	Y71out	P 1 (CF9)	7jiiA5	5	GTPase HRas	RASH_HUMAN	P01112	A59E	A59	HRAS	2P	Other	None	None	None	None	Other-Unbound	P 1	166	1-166	2020-07-23	Other	257.5050	0.0001	Unbound	Unbound	132,135,136	GDP,MG,CA,CA	None	None	None	None	None	None	None	None	None	None	GDP	MG	None	CA	None	None	STP	XRAY	1.532	0.161	MTEYKLVVVGAGGVGKSALTIQLIQNHFVDEYDPTIEDSYRKQVVIDGETCLLDILDTEGQEEYSAMRDQYMRTGEGFLCVFAINNTKSFEDIHQYREQIKRVKDSDDVPMVLVGNKCDLAARTVESRQAQDLARSYGIPYIETSAKTRQGVEDAFYTLVREIRQH	True	38.593	37.946	56.254	107.360	107.190	95.320	/Users/mitchellparker/Desktop/rascore_build/core/7jiiA_core.cif	/Users/mitchellparker/Desktop/rascore_build/rcsb/7jii.cif.gz	/Users/mitchellparker/Desktop/rascore_build/renum/7jii_renum.cif	/Users/mitchellparker/Desktop/rascore_build/rcsb_assembly/7jii-assembly-1.cif.gz	/Users/mitchellparker/Desktop/rascore_build/renum_assembly/7jii-assembly-1_renum.cif	/Users/mitchellparker/Desktop/rascore_build/sifts/7jii.xml.gz	/Users/mitchellparker/Desktop/rascore_build/pocket/7jiiA_5_pocket.pdb
7jiiB	7jii	0	B	Outlier	Outlier	Y32out	Disordered	P 1 (CF9)	7jiiB1	1	GTPase HRas	RASH_HUMAN	P01112	A59E	A59	HRAS	2P	Other	None	None	None	None	SP2-Unbound	P 1	166	1-166	2020-07-23	SP2	344.7077	0.6953	Unbound	Unbound	9,38,56,57,58,59,61,68,71,72,96,99	GDP,MG,CA,CA	None	None	None	None	None	None	None	None	None	None	GDP	MG	None	CA	None	None	STP	XRAY	1.532	0.161	MTEYKLVVVGAGGVGKSALTIQLIQNHFVDEYDPTIEDSYRKQVVIDGETCLLDILDTEGQEEYSAMRDQYMRTGEGFLCVFAINNTKSFEDIHQYREQIKRVKDSDDVPMVLVGNKCDLAARTVESRQAQDLARSYGIPYIETSAKTRQGVEDAFYTLVREIRQH	True	38.593	37.946	56.254	107.360	107.190	95.320	/Users/mitchellparker/Desktop/rascore_build/core/7jiiB_core.cif	/Users/mitchellparker/Desktop/rascore_build/rcsb/7jii.cif.gz	/Users/mitchellparker/Desktop/rascore_build/renum/7jii_renum.cif	/Users/mitchellparker/Desktop/rascore_build/rcsb_assembly/7jii-assembly-1.cif.gz	/Users/mitchellparker/Desktop/rascore_build/renum_assembly/7jii-assembly-1_renum.cif	/Users/mitchellparker/Desktop/rascore_build/sifts/7jii.xml.gz	/Users/mitchellparker/Desktop/rascore_build/pocket/7jiiB_1_pocket.pdb
7jiiB	7jii	0	B	Outlier	Outlier	Y32out	Disordered	P 1 (CF9)	7jiiB2	2	GTPase HRas	RASH_HUMAN	P01112	A59E	A59	HRAS	2P	Other	None	None	None	None	SP2-Unbound	P 1	166	1-166	2020-07-23	Other	355.9934	0.0028	Unbound	Unbound	61,63,64,95,98,102	GDP,MG,CA,CA	None	None	None	None	None	None	None	None	None	None	GDP	MG	None	CA	None	None	STP	XRAY	1.532	0.161	MTEYKLVVVGAGGVGKSALTIQLIQNHFVDEYDPTIEDSYRKQVVIDGETCLLDILDTEGQEEYSAMRDQYMRTGEGFLCVFAINNTKSFEDIHQYREQIKRVKDSDDVPMVLVGNKCDLAARTVESRQAQDLARSYGIPYIETSAKTRQGVEDAFYTLVREIRQH	True	38.593	37.946	56.254	107.360	107.190	95.320	/Users/mitchellparker/Desktop/rascore_build/core/7jiiB_core.cif	/Users/mitchellparker/Desktop/rascore_build/rcsb/7jii.cif.gz	/Users/mitchellparker/Desktop/rascore_build/renum/7jii_renum.cif	/Users/mitchellparker/Desktop/rascore_build/rcsb_assembly/7jii-assembly-1.cif.gz	/Users/mitchellparker/Desktop/rascore_build/renum_assembly/7jii-assembly-1_renum.cif	/Users/mitchellparker/Desktop/rascore_build/sifts/7jii.xml.gz	/Users/mitchellparker/Desktop/rascore_build/pocket/7jiiB_2_pocket.pdb
7jiiB	7jii	0	B	Outlier	Outlier	Y32out	Disordered	P 1 (CF9)	7jiiB3	3	GTPase HRas	RASH_HUMAN	P01112	A59E	A59	HRAS	2P	Other	None	None	None	None	SP2-Unbound	P 1	166	1-166	2020-07-23	Other	387.6582	0.0006	Unbound	Unbound	131,134,135,138,139,140,141,162	GDP,MG,CA,CA	None	None	None	None	None	None	None	None	None	None	GDP	MG	None	CA	None	None	STP	XRAY	1.532	0.161	MTEYKLVVVGAGGVGKSALTIQLIQNHFVDEYDPTIEDSYRKQVVIDGETCLLDILDTEGQEEYSAMRDQYMRTGEGFLCVFAINNTKSFEDIHQYREQIKRVKDSDDVPMVLVGNKCDLAARTVESRQAQDLARSYGIPYIETSAKTRQGVEDAFYTLVREIRQH	True	38.593	37.946	56.254	107.360	107.190	95.320	/Users/mitchellparker/Desktop/rascore_build/core/7jiiB_core.cif	/Users/mitchellparker/Desktop/rascore_build/rcsb/7jii.cif.gz	/Users/mitchellparker/Desktop/rascore_build/renum/7jii_renum.cif	/Users/mitchellparker/Desktop/rascore_build/rcsb_assembly/7jii-assembly-1.cif.gz	/Users/mitchellparker/Desktop/rascore_build/renum_assembly/7jii-assembly-1_renum.cif	/Users/mitchellparker/Desktop/rascore_build/sifts/7jii.xml.gz	/Users/mitchellparker/Desktop/rascore_build/pocket/7jiiB_3_pocket.pdb
7jiiB	7jii	0	B	Outlier	Outlier	Y32out	Disordered	P 1 (CF9)	7jiiB4	4	GTPase HRas	RASH_HUMAN	P01112	A59E	A59	HRAS	2P	Other	None	None	None	None	SP2-Unbound	P 1	166	1-166	2020-07-23	Other	161.1088	0.0051	Unbound	Unbound	22,26,149,152,153	GDP,MG,CA,CA	None	None	None	None	None	None	None	None	None	None	GDP	MG	None	CA	None	None	STP	XRAY	1.532	0.161	MTEYKLVVVGAGGVGKSALTIQLIQNHFVDEYDPTIEDSYRKQVVIDGETCLLDILDTEGQEEYSAMRDQYMRTGEGFLCVFAINNTKSFEDIHQYREQIKRVKDSDDVPMVLVGNKCDLAARTVESRQAQDLARSYGIPYIETSAKTRQGVEDAFYTLVREIRQH	True	38.593	37.946	56.254	107.360	107.190	95.320	/Users/mitchellparker/Desktop/rascore_build/core/7jiiB_core.cif	/Users/mitchellparker/Desktop/rascore_build/rcsb/7jii.cif.gz	/Users/mitchellparker/Desktop/rascore_build/renum/7jii_renum.cif	/Users/mitchellparker/Desktop/rascore_build/rcsb_assembly/7jii-assembly-1.cif.gz	/Users/mitchellparker/Desktop/rascore_build/renum_assembly/7jii-assembly-1_renum.cif	/Users/mitchellparker/Desktop/rascore_build/sifts/7jii.xml.gz	/Users/mitchellparker/Desktop/rascore_build/pocket/7jiiB_4_pocket.pdb
7kfzA	7kfz	0	A	Outlier	Y71out.0P-GEF	Y32out	Y71out	None	7kfzA1	1	GTPase KRas	RASK_HUMAN	P01116-2	G13D	G13	KRAS	0P	G13D	None	None	GEF.CDC25	None	SP2-Unbound	None	170	1-168	2020-10-15	SP2	274.4861	0.1383	Unbound	Unbound	7,8,9,10,16,58,61,62,64,68,71,72,96	None	Son of sevenless homolog 1	None	B:60,63,64,65,66,70,67,73,69,102,41,40,54,55,56,71,61,59,57,58,34,35,17,32,21,25,31,29,30,95,105	SOS1_HUMAN	None	None	None	RasGEF	None	B	None	None	None	None	None	None	STP	EM	3.470	None	GMTEYKLVVVGAGDVGKSALTIQLIQNHFVDEYDPTIEDSYRKQVVIDGETCLLDILDTAGQEEYSAMRDQYMRTGEGFLCVFAINNTKSFEDIHHYREQIKRVKDSEDVPMVLVGNKCDLPSRTVDTKQAQDLARSYGIPFIETSAKTRQGVDDAFYTLVREIRKHKEK	True	999.0	999.0	999.0	999.0	999.0	999.0	/Users/mitchellparker/Desktop/rascore_build/core/7kfzA_core.cif	/Users/mitchellparker/Desktop/rascore_build/rcsb/7kfz.cif.gz	/Users/mitchellparker/Desktop/rascore_build/renum/7kfz_renum.cif	/Users/mitchellparker/Desktop/rascore_build/rcsb_assembly/7kfz-assembly-1.cif.gz	/Users/mitchellparker/Desktop/rascore_build/renum_assembly/7kfz-assembly-1_renum.cif	/Users/mitchellparker/Desktop/rascore_build/sifts/7kfz.xml.gz	/Users/mitchellparker/Desktop/rascore_build/pocket/7kfzA_1_pocket.pdb
7kfzA	7kfz	0	A	Outlier	Y71out.0P-GEF	Y32out	Y71out	None	7kfzA2	2	GTPase KRas	RASK_HUMAN	P01116-2	G13D	G13	KRAS	0P	G13D	None	None	GEF.CDC25	None	SP2-Unbound	None	170	1-168	2020-10-15	Other	269.0928	0.0100	Unbound	Unbound	76,104,106,108,109,110,163,166,167	None	Son of sevenless homolog 1	None	B:60,63,64,65,66,70,67,73,69,102,41,40,54,55,56,71,61,59,57,58,34,35,17,32,21,25,31,29,30,95,105	SOS1_HUMAN	None	None	None	RasGEF	None	B	None	None	None	None	None	None	STP	EM	3.470	None	GMTEYKLVVVGAGDVGKSALTIQLIQNHFVDEYDPTIEDSYRKQVVIDGETCLLDILDTAGQEEYSAMRDQYMRTGEGFLCVFAINNTKSFEDIHHYREQIKRVKDSEDVPMVLVGNKCDLPSRTVDTKQAQDLARSYGIPFIETSAKTRQGVDDAFYTLVREIRKHKEK	True	999.0	999.0	999.0	999.0	999.0	999.0	/Users/mitchellparker/Desktop/rascore_build/core/7kfzA_core.cif	/Users/mitchellparker/Desktop/rascore_build/rcsb/7kfz.cif.gz	/Users/mitchellparker/Desktop/rascore_build/renum/7kfz_renum.cif	/Users/mitchellparker/Desktop/rascore_build/rcsb_assembly/7kfz-assembly-1.cif.gz	/Users/mitchellparker/Desktop/rascore_build/renum_assembly/7kfz-assembly-1_renum.cif	/Users/mitchellparker/Desktop/rascore_build/sifts/7kfz.xml.gz	/Users/mitchellparker/Desktop/rascore_build/pocket/7kfzA_2_pocket.pdb
7kfzA	7kfz	0	A	Outlier	Y71out.0P-GEF	Y32out	Y71out	None	7kfzA3	3	GTPase KRas	RASK_HUMAN	P01116-2	G13D	G13	KRAS	0P	G13D	None	None	GEF.CDC25	None	SP2-Unbound	None	170	1-168	2020-10-15	Other	379.3804	0.0019	Unbound	Unbound	2,3,4,49,76,164,167,168	None	Son of sevenless homolog 1	None	B:60,63,64,65,66,70,67,73,69,102,41,40,54,55,56,71,61,59,57,58,34,35,17,32,21,25,31,29,30,95,105	SOS1_HUMAN	None	None	None	RasGEF	None	B	None	None	None	None	None	None	STP	EM	3.470	None	GMTEYKLVVVGAGDVGKSALTIQLIQNHFVDEYDPTIEDSYRKQVVIDGETCLLDILDTAGQEEYSAMRDQYMRTGEGFLCVFAINNTKSFEDIHHYREQIKRVKDSEDVPMVLVGNKCDLPSRTVDTKQAQDLARSYGIPFIETSAKTRQGVDDAFYTLVREIRKHKEK	True	999.0	999.0	999.0	999.0	999.0	999.0	/Users/mitchellparker/Desktop/rascore_build/core/7kfzA_core.cif	/Users/mitchellparker/Desktop/rascore_build/rcsb/7kfz.cif.gz	/Users/mitchellparker/Desktop/rascore_build/renum/7kfz_renum.cif	/Users/mitchellparker/Desktop/rascore_build/rcsb_assembly/7kfz-assembly-1.cif.gz	/Users/mitchellparker/Desktop/rascore_build/renum_assembly/7kfz-assembly-1_renum.cif	/Users/mitchellparker/Desktop/rascore_build/sifts/7kfz.xml.gz	/Users/mitchellparker/Desktop/rascore_build/pocket/7kfzA_3_pocket.pdb
7kfzA	7kfz	0	A	Outlier	Y71out.0P-GEF	Y32out	Y71out	None	7kfzA4	4	GTPase KRas	RASK_HUMAN	P01116-2	G13D	G13	KRAS	0P	G13D	None	None	GEF.CDC25	None	SP2-Unbound	None	170	1-168	2020-10-15	Other	306.9293	0.0001	Unbound	Unbound	37,38,41,43,52	None	Son of sevenless homolog 1	None	B:60,63,64,65,66,70,67,73,69,102,41,40,54,55,56,71,61,59,57,58,34,35,17,32,21,25,31,29,30,95,105	SOS1_HUMAN	None	None	None	RasGEF	None	B	None	None	None	None	None	None	STP	EM	3.470	None	GMTEYKLVVVGAGDVGKSALTIQLIQNHFVDEYDPTIEDSYRKQVVIDGETCLLDILDTAGQEEYSAMRDQYMRTGEGFLCVFAINNTKSFEDIHHYREQIKRVKDSEDVPMVLVGNKCDLPSRTVDTKQAQDLARSYGIPFIETSAKTRQGVDDAFYTLVREIRKHKEK	True	999.0	999.0	999.0	999.0	999.0	999.0	/Users/mitchellparker/Desktop/rascore_build/core/7kfzA_core.cif	/Users/mitchellparker/Desktop/rascore_build/rcsb/7kfz.cif.gz	/Users/mitchellparker/Desktop/rascore_build/renum/7kfz_renum.cif	/Users/mitchellparker/Desktop/rascore_build/rcsb_assembly/7kfz-assembly-1.cif.gz	/Users/mitchellparker/Desktop/rascore_build/renum_assembly/7kfz-assembly-1_renum.cif	/Users/mitchellparker/Desktop/rascore_build/sifts/7kfz.xml.gz	/Users/mitchellparker/Desktop/rascore_build/pocket/7kfzA_4_pocket.pdb
7kfzA	7kfz	0	A	Outlier	Y71out.0P-GEF	Y32out	Y71out	None	7kfzA5	5	GTPase KRas	RASK_HUMAN	P01116-2	G13D	G13	KRAS	0P	G13D	None	None	GEF.CDC25	None	SP2-Unbound	None	170	1-168	2020-10-15	Other	282.7148	0.0015	Unbound	Unbound	108,109,110,111,138,139,162,165,166	None	Son of sevenless homolog 1	None	B:60,63,64,65,66,70,67,73,69,102,41,40,54,55,56,71,61,59,57,58,34,35,17,32,21,25,31,29,30,95,105	SOS1_HUMAN	None	None	None	RasGEF	None	B	None	None	None	None	None	None	STP	EM	3.470	None	GMTEYKLVVVGAGDVGKSALTIQLIQNHFVDEYDPTIEDSYRKQVVIDGETCLLDILDTAGQEEYSAMRDQYMRTGEGFLCVFAINNTKSFEDIHHYREQIKRVKDSEDVPMVLVGNKCDLPSRTVDTKQAQDLARSYGIPFIETSAKTRQGVDDAFYTLVREIRKHKEK	True	999.0	999.0	999.0	999.0	999.0	999.0	/Users/mitchellparker/Desktop/rascore_build/core/7kfzA_core.cif	/Users/mitchellparker/Desktop/rascore_build/rcsb/7kfz.cif.gz	/Users/mitchellparker/Desktop/rascore_build/renum/7kfz_renum.cif	/Users/mitchellparker/Desktop/rascore_build/rcsb_assembly/7kfz-assembly-1.cif.gz	/Users/mitchellparker/Desktop/rascore_build/renum_assembly/7kfz-assembly-1_renum.cif	/Users/mitchellparker/Desktop/rascore_build/sifts/7kfz.xml.gz	/Users/mitchellparker/Desktop/rascore_build/pocket/7kfzA_5_pocket.pdb
7kfzA	7kfz	0	A	Outlier	Y71out.0P-GEF	Y32out	Y71out	None	7kfzA6	6	GTPase KRas	RASK_HUMAN	P01116-2	G13D	G13	KRAS	0P	G13D	None	None	GEF.CDC25	None	SP2-Unbound	None	170	1-168	2020-10-15	Other	282.6394	0.0050	Unbound	Unbound	24,25,28,31,32,33,36,38,39	None	Son of sevenless homolog 1	None	B:60,63,64,65,66,70,67,73,69,102,41,40,54,55,56,71,61,59,57,58,34,35,17,32,21,25,31,29,30,95,105	SOS1_HUMAN	None	None	None	RasGEF	None	B	None	None	None	None	None	None	STP	EM	3.470	None	GMTEYKLVVVGAGDVGKSALTIQLIQNHFVDEYDPTIEDSYRKQVVIDGETCLLDILDTAGQEEYSAMRDQYMRTGEGFLCVFAINNTKSFEDIHHYREQIKRVKDSEDVPMVLVGNKCDLPSRTVDTKQAQDLARSYGIPFIETSAKTRQGVDDAFYTLVREIRKHKEK	True	999.0	999.0	999.0	999.0	999.0	999.0	/Users/mitchellparker/Desktop/rascore_build/core/7kfzA_core.cif	/Users/mitchellparker/Desktop/rascore_build/rcsb/7kfz.cif.gz	/Users/mitchellparker/Desktop/rascore_build/renum/7kfz_renum.cif	/Users/mitchellparker/Desktop/rascore_build/rcsb_assembly/7kfz-assembly-1.cif.gz	/Users/mitchellparker/Desktop/rascore_build/renum_assembly/7kfz-assembly-1_renum.cif	/Users/mitchellparker/Desktop/rascore_build/sifts/7kfz.xml.gz	/Users/mitchellparker/Desktop/rascore_build/pocket/7kfzA_6_pocket.pdb
7kfzA	7kfz	0	A	Outlier	Y71out.0P-GEF	Y32out	Y71out	None	7kfzA7	7	GTPase KRas	RASK_HUMAN	P01116-2	G13D	G13	KRAS	0P	G13D	None	None	GEF.CDC25	None	SP2-Unbound	None	170	1-168	2020-10-15	Other	130.3609	0.0004	Unbound	Unbound	88,91,92,95	None	Son of sevenless homolog 1	None	B:60,63,64,65,66,70,67,73,69,102,41,40,54,55,56,71,61,59,57,58,34,35,17,32,21,25,31,29,30,95,105	SOS1_HUMAN	None	None	None	RasGEF	None	B	None	None	None	None	None	None	STP	EM	3.470	None	GMTEYKLVVVGAGDVGKSALTIQLIQNHFVDEYDPTIEDSYRKQVVIDGETCLLDILDTAGQEEYSAMRDQYMRTGEGFLCVFAINNTKSFEDIHHYREQIKRVKDSEDVPMVLVGNKCDLPSRTVDTKQAQDLARSYGIPFIETSAKTRQGVDDAFYTLVREIRKHKEK	True	999.0	999.0	999.0	999.0	999.0	999.0	/Users/mitchellparker/Desktop/rascore_build/core/7kfzA_core.cif	/Users/mitchellparker/Desktop/rascore_build/rcsb/7kfz.cif.gz	/Users/mitchellparker/Desktop/rascore_build/renum/7kfz_renum.cif	/Users/mitchellparker/Desktop/rascore_build/rcsb_assembly/7kfz-assembly-1.cif.gz	/Users/mitchellparker/Desktop/rascore_build/renum_assembly/7kfz-assembly-1_renum.cif	/Users/mitchellparker/Desktop/rascore_build/sifts/7kfz.xml.gz	/Users/mitchellparker/Desktop/rascore_build/pocket/7kfzA_7_pocket.pdb
7kfzC	7kfz	0	C	Y32in.3P-ON	Outlier	Y32in	Y71out	None	7kfzC1	1	GTPase KRas	RASK_HUMAN	P01116-2	G13D	G13	KRAS	3P	G13D	None	None	GEF.REM	None	Other-Unbound	None	170	1-168	2020-10-15	Other	346.5765	0.0001	Unbound	Unbound	97,108,109,110,111,137,138,139,162,165,166	GNP,MG	Son of sevenless homolog 1	None	B:70,71,37,39,41,63,67,65,64,34,35,61,36,33,27,26,149,22,147,153,43,50,1,45,44,52,24,25,42	SOS1_HUMAN	None	None	None	RasGEF	None	B	GNP	MG	None	None	None	None	STP	EM	3.470	None	GMTEYKLVVVGAGDVGKSALTIQLIQNHFVDEYDPTIEDSYRKQVVIDGETCLLDILDTAGQEEYSAMRDQYMRTGEGFLCVFAINNTKSFEDIHHYREQIKRVKDSEDVPMVLVGNKCDLPSRTVDTKQAQDLARSYGIPFIETSAKTRQGVDDAFYTLVREIRKHKEK	True	999.0	999.0	999.0	999.0	999.0	999.0	/Users/mitchellparker/Desktop/rascore_build/core/7kfzC_core.cif	/Users/mitchellparker/Desktop/rascore_build/rcsb/7kfz.cif.gz	/Users/mitchellparker/Desktop/rascore_build/renum/7kfz_renum.cif	/Users/mitchellparker/Desktop/rascore_build/rcsb_assembly/7kfz-assembly-1.cif.gz	/Users/mitchellparker/Desktop/rascore_build/renum_assembly/7kfz-assembly-1_renum.cif	/Users/mitchellparker/Desktop/rascore_build/sifts/7kfz.xml.gz	/Users/mitchellparker/Desktop/rascore_build/pocket/7kfzC_1_pocket.pdb
7kfzC	7kfz	0	C	Y32in.3P-ON	Outlier	Y32in	Y71out	None	7kfzC2	2	GTPase KRas	RASK_HUMAN	P01116-2	G13D	G13	KRAS	3P	G13D	None	None	GEF.REM	None	Other-Unbound	None	170	1-168	2020-10-15	Other	336.6922	0.0002	Unbound	Unbound	131,134,135,138,139,140,141	GNP,MG	Son of sevenless homolog 1	None	B:70,71,37,39,41,63,67,65,64,34,35,61,36,33,27,26,149,22,147,153,43,50,1,45,44,52,24,25,42	SOS1_HUMAN	None	None	None	RasGEF	None	B	GNP	MG	None	None	None	None	STP	EM	3.470	None	GMTEYKLVVVGAGDVGKSALTIQLIQNHFVDEYDPTIEDSYRKQVVIDGETCLLDILDTAGQEEYSAMRDQYMRTGEGFLCVFAINNTKSFEDIHHYREQIKRVKDSEDVPMVLVGNKCDLPSRTVDTKQAQDLARSYGIPFIETSAKTRQGVDDAFYTLVREIRKHKEK	True	999.0	999.0	999.0	999.0	999.0	999.0	/Users/mitchellparker/Desktop/rascore_build/core/7kfzC_core.cif	/Users/mitchellparker/Desktop/rascore_build/rcsb/7kfz.cif.gz	/Users/mitchellparker/Desktop/rascore_build/renum/7kfz_renum.cif	/Users/mitchellparker/Desktop/rascore_build/rcsb_assembly/7kfz-assembly-1.cif.gz	/Users/mitchellparker/Desktop/rascore_build/renum_assembly/7kfz-assembly-1_renum.cif	/Users/mitchellparker/Desktop/rascore_build/sifts/7kfz.xml.gz	/Users/mitchellparker/Desktop/rascore_build/pocket/7kfzC_2_pocket.pdb
7kmrA	7kmr	0	A	Outlier	Outlier	Y32out	Y71out	P 3 2 1 (CF2)	7kmrA1	1	GTPase KRas	RASK_HUMAN	P01116-2	A59E	A59	KRAS	2P	Other	None	None	None	None	Multiple-Unbound	P 3 2 1	210	2-167:169-173	2020-11-03	SP12	375.5153	0.2374	Unbound	Unbound	5,7,52,54,67,70,71,74,75	GDP	None	None	None	None	None	None	None	None	None	None	GDP	None	None	None	None	None	STP	XRAY	1.510	0.163	MHHHHHHGGSGGSGGSGGENLYFQGMTEYKLVVVGAGGVGKSALTIQLIQNHFVDEYDPTIEDSYRKQVVIDGETCLLDILDTEGQEEYSAMRDQYMRTGEGFLCVFAINNTKSFEDIHHYREQIKRVKDSEDVPMVLVGNKCDLPSRTVDTKQAQDLARSYGIPFIETSAKTRQGVDDAFYTLVREIRKHKEKMSKDGKKKKKKSKTKC	True	78.400	78.400	55.570	90.000	90.000	120.000	/Users/mitchellparker/Desktop/rascore_build/core/7kmrA_core.cif	/Users/mitchellparker/Desktop/rascore_build/rcsb/7kmr.cif.gz	/Users/mitchellparker/Desktop/rascore_build/renum/7kmr_renum.cif	/Users/mitchellparker/Desktop/rascore_build/rcsb_assembly/7kmr-assembly-1.cif.gz	/Users/mitchellparker/Desktop/rascore_build/renum_assembly/7kmr-assembly-1_renum.cif	/Users/mitchellparker/Desktop/rascore_build/sifts/7kmr.xml.gz	/Users/mitchellparker/Desktop/rascore_build/pocket/7kmrA_1_pocket.pdb
7kmrA	7kmr	0	A	Outlier	Outlier	Y32out	Y71out	P 3 2 1 (CF2)	7kmrA2	2	GTPase KRas	RASK_HUMAN	P01116-2	A59E	A59	KRAS	2P	Other	None	None	None	None	Multiple-Unbound	P 3 2 1	210	2-167:169-173	2020-11-03	Other	545.1395	0.0030	Unbound	Unbound	73,74,75,76,103,104,106,108,109,110,163,166,167	GDP	None	None	None	None	None	None	None	None	None	None	GDP	None	None	None	None	None	STP	XRAY	1.510	0.163	MHHHHHHGGSGGSGGSGGENLYFQGMTEYKLVVVGAGGVGKSALTIQLIQNHFVDEYDPTIEDSYRKQVVIDGETCLLDILDTEGQEEYSAMRDQYMRTGEGFLCVFAINNTKSFEDIHHYREQIKRVKDSEDVPMVLVGNKCDLPSRTVDTKQAQDLARSYGIPFIETSAKTRQGVDDAFYTLVREIRKHKEKMSKDGKKKKKKSKTKC	True	78.400	78.400	55.570	90.000	90.000	120.000	/Users/mitchellparker/Desktop/rascore_build/core/7kmrA_core.cif	/Users/mitchellparker/Desktop/rascore_build/rcsb/7kmr.cif.gz	/Users/mitchellparker/Desktop/rascore_build/renum/7kmr_renum.cif	/Users/mitchellparker/Desktop/rascore_build/rcsb_assembly/7kmr-assembly-1.cif.gz	/Users/mitchellparker/Desktop/rascore_build/renum_assembly/7kmr-assembly-1_renum.cif	/Users/mitchellparker/Desktop/rascore_build/sifts/7kmr.xml.gz	/Users/mitchellparker/Desktop/rascore_build/pocket/7kmrA_2_pocket.pdb
7kmrA	7kmr	0	A	Outlier	Outlier	Y32out	Y71out	P 3 2 1 (CF2)	7kmrA3	3	GTPase KRas	RASK_HUMAN	P01116-2	A59E	A59	KRAS	2P	Other	None	None	None	None	Multiple-Unbound	P 3 2 1	210	2-167:169-173	2020-11-03	SP2	260.9270	0.0038	Unbound	Unbound	58,59,68,72,92,95,96,99	GDP	None	None	None	None	None	None	None	None	None	None	GDP	None	None	None	None	None	STP	XRAY	1.510	0.163	MHHHHHHGGSGGSGGSGGENLYFQGMTEYKLVVVGAGGVGKSALTIQLIQNHFVDEYDPTIEDSYRKQVVIDGETCLLDILDTEGQEEYSAMRDQYMRTGEGFLCVFAINNTKSFEDIHHYREQIKRVKDSEDVPMVLVGNKCDLPSRTVDTKQAQDLARSYGIPFIETSAKTRQGVDDAFYTLVREIRKHKEKMSKDGKKKKKKSKTKC	True	78.400	78.400	55.570	90.000	90.000	120.000	/Users/mitchellparker/Desktop/rascore_build/core/7kmrA_core.cif	/Users/mitchellparker/Desktop/rascore_build/rcsb/7kmr.cif.gz	/Users/mitchellparker/Desktop/rascore_build/renum/7kmr_renum.cif	/Users/mitchellparker/Desktop/rascore_build/rcsb_assembly/7kmr-assembly-1.cif.gz	/Users/mitchellparker/Desktop/rascore_build/renum_assembly/7kmr-assembly-1_renum.cif	/Users/mitchellparker/Desktop/rascore_build/sifts/7kmr.xml.gz	/Users/mitchellparker/Desktop/rascore_build/pocket/7kmrA_3_pocket.pdb
7kmrA	7kmr	0	A	Outlier	Outlier	Y32out	Y71out	P 3 2 1 (CF2)	7kmrA4	4	GTPase KRas	RASK_HUMAN	P01116-2	A59E	A59	KRAS	2P	Other	None	None	None	None	Multiple-Unbound	P 3 2 1	210	2-167:169-173	2020-11-03	Other	337.1455	0.0004	Unbound	Unbound	55,56,57,61,62,64,65,67,71	GDP	None	None	None	None	None	None	None	None	None	None	GDP	None	None	None	None	None	STP	XRAY	1.510	0.163	MHHHHHHGGSGGSGGSGGENLYFQGMTEYKLVVVGAGGVGKSALTIQLIQNHFVDEYDPTIEDSYRKQVVIDGETCLLDILDTEGQEEYSAMRDQYMRTGEGFLCVFAINNTKSFEDIHHYREQIKRVKDSEDVPMVLVGNKCDLPSRTVDTKQAQDLARSYGIPFIETSAKTRQGVDDAFYTLVREIRKHKEKMSKDGKKKKKKSKTKC	True	78.400	78.400	55.570	90.000	90.000	120.000	/Users/mitchellparker/Desktop/rascore_build/core/7kmrA_core.cif	/Users/mitchellparker/Desktop/rascore_build/rcsb/7kmr.cif.gz	/Users/mitchellparker/Desktop/rascore_build/renum/7kmr_renum.cif	/Users/mitchellparker/Desktop/rascore_build/rcsb_assembly/7kmr-assembly-1.cif.gz	/Users/mitchellparker/Desktop/rascore_build/renum_assembly/7kmr-assembly-1_renum.cif	/Users/mitchellparker/Desktop/rascore_build/sifts/7kmr.xml.gz	/Users/mitchellparker/Desktop/rascore_build/pocket/7kmrA_4_pocket.pdb
7kmrA	7kmr	0	A	Outlier	Outlier	Y32out	Y71out	P 3 2 1 (CF2)	7kmrA5	5	GTPase KRas	RASK_HUMAN	P01116-2	A59E	A59	KRAS	2P	Other	None	None	None	None	Multiple-Unbound	P 3 2 1	210	2-167:169-173	2020-11-03	Other	286.9152	0.0008	Unbound	Unbound	131,134,135,138,139,141	GDP	None	None	None	None	None	None	None	None	None	None	GDP	None	None	None	None	None	STP	XRAY	1.510	0.163	MHHHHHHGGSGGSGGSGGENLYFQGMTEYKLVVVGAGGVGKSALTIQLIQNHFVDEYDPTIEDSYRKQVVIDGETCLLDILDTEGQEEYSAMRDQYMRTGEGFLCVFAINNTKSFEDIHHYREQIKRVKDSEDVPMVLVGNKCDLPSRTVDTKQAQDLARSYGIPFIETSAKTRQGVDDAFYTLVREIRKHKEKMSKDGKKKKKKSKTKC	True	78.400	78.400	55.570	90.000	90.000	120.000	/Users/mitchellparker/Desktop/rascore_build/core/7kmrA_core.cif	/Users/mitchellparker/Desktop/rascore_build/rcsb/7kmr.cif.gz	/Users/mitchellparker/Desktop/rascore_build/renum/7kmr_renum.cif	/Users/mitchellparker/Desktop/rascore_build/rcsb_assembly/7kmr-assembly-1.cif.gz	/Users/mitchellparker/Desktop/rascore_build/renum_assembly/7kmr-assembly-1_renum.cif	/Users/mitchellparker/Desktop/rascore_build/sifts/7kmr.xml.gz	/Users/mitchellparker/Desktop/rascore_build/pocket/7kmrA_5_pocket.pdb
7kmrA	7kmr	0	A	Outlier	Outlier	Y32out	Y71out	P 3 2 1 (CF2)	7kmrA6	6	GTPase KRas	RASK_HUMAN	P01116-2	A59E	A59	KRAS	2P	Other	None	None	None	None	Multiple-Unbound	P 3 2 1	210	2-167:169-173	2020-11-03	Other	295.9927	0.0147	Unbound	Unbound	24,28,42,43,44,50,51,52,53	GDP	None	None	None	None	None	None	None	None	None	None	GDP	None	None	None	None	None	STP	XRAY	1.510	0.163	MHHHHHHGGSGGSGGSGGENLYFQGMTEYKLVVVGAGGVGKSALTIQLIQNHFVDEYDPTIEDSYRKQVVIDGETCLLDILDTEGQEEYSAMRDQYMRTGEGFLCVFAINNTKSFEDIHHYREQIKRVKDSEDVPMVLVGNKCDLPSRTVDTKQAQDLARSYGIPFIETSAKTRQGVDDAFYTLVREIRKHKEKMSKDGKKKKKKSKTKC	True	78.400	78.400	55.570	90.000	90.000	120.000	/Users/mitchellparker/Desktop/rascore_build/core/7kmrA_core.cif	/Users/mitchellparker/Desktop/rascore_build/rcsb/7kmr.cif.gz	/Users/mitchellparker/Desktop/rascore_build/renum/7kmr_renum.cif	/Users/mitchellparker/Desktop/rascore_build/rcsb_assembly/7kmr-assembly-1.cif.gz	/Users/mitchellparker/Desktop/rascore_build/renum_assembly/7kmr-assembly-1_renum.cif	/Users/mitchellparker/Desktop/rascore_build/sifts/7kmr.xml.gz	/Users/mitchellparker/Desktop/rascore_build/pocket/7kmrA_6_pocket.pdb
7kmrA	7kmr	0	A	Outlier	Outlier	Y32out	Y71out	P 3 2 1 (CF2)	7kmrA7	7	GTPase KRas	RASK_HUMAN	P01116-2	A59E	A59	KRAS	2P	Other	None	None	None	None	Multiple-Unbound	P 3 2 1	210	2-167:169-173	2020-11-03	Other	302.3343	0.0010	Unbound	Unbound	97,108,109,110,111,137,138,139,162,165,166,170	GDP	None	None	None	None	None	None	None	None	None	None	GDP	None	None	None	None	None	STP	XRAY	1.510	0.163	MHHHHHHGGSGGSGGSGGENLYFQGMTEYKLVVVGAGGVGKSALTIQLIQNHFVDEYDPTIEDSYRKQVVIDGETCLLDILDTEGQEEYSAMRDQYMRTGEGFLCVFAINNTKSFEDIHHYREQIKRVKDSEDVPMVLVGNKCDLPSRTVDTKQAQDLARSYGIPFIETSAKTRQGVDDAFYTLVREIRKHKEKMSKDGKKKKKKSKTKC	True	78.400	78.400	55.570	90.000	90.000	120.000	/Users/mitchellparker/Desktop/rascore_build/core/7kmrA_core.cif	/Users/mitchellparker/Desktop/rascore_build/rcsb/7kmr.cif.gz	/Users/mitchellparker/Desktop/rascore_build/renum/7kmr_renum.cif	/Users/mitchellparker/Desktop/rascore_build/rcsb_assembly/7kmr-assembly-1.cif.gz	/Users/mitchellparker/Desktop/rascore_build/renum_assembly/7kmr-assembly-1_renum.cif	/Users/mitchellparker/Desktop/rascore_build/sifts/7kmr.xml.gz	/Users/mitchellparker/Desktop/rascore_build/pocket/7kmrA_7_pocket.pdb
7kmrA	7kmr	0	A	Outlier	Outlier	Y32out	Y71out	P 3 2 1 (CF2)	7kmrA8	8	GTPase KRas	RASK_HUMAN	P01116-2	A59E	A59	KRAS	2P	Other	None	None	None	None	Multiple-Unbound	P 3 2 1	210	2-167:169-173	2020-11-03	Other	157.0497	0.0003	Unbound	Unbound	18,146,147	GDP	None	None	None	None	None	None	None	None	None	None	GDP	None	None	None	None	None	STP	XRAY	1.510	0.163	MHHHHHHGGSGGSGGSGGENLYFQGMTEYKLVVVGAGGVGKSALTIQLIQNHFVDEYDPTIEDSYRKQVVIDGETCLLDILDTEGQEEYSAMRDQYMRTGEGFLCVFAINNTKSFEDIHHYREQIKRVKDSEDVPMVLVGNKCDLPSRTVDTKQAQDLARSYGIPFIETSAKTRQGVDDAFYTLVREIRKHKEKMSKDGKKKKKKSKTKC	True	78.400	78.400	55.570	90.000	90.000	120.000	/Users/mitchellparker/Desktop/rascore_build/core/7kmrA_core.cif	/Users/mitchellparker/Desktop/rascore_build/rcsb/7kmr.cif.gz	/Users/mitchellparker/Desktop/rascore_build/renum/7kmr_renum.cif	/Users/mitchellparker/Desktop/rascore_build/rcsb_assembly/7kmr-assembly-1.cif.gz	/Users/mitchellparker/Desktop/rascore_build/renum_assembly/7kmr-assembly-1_renum.cif	/Users/mitchellparker/Desktop/rascore_build/sifts/7kmr.xml.gz	/Users/mitchellparker/Desktop/rascore_build/pocket/7kmrA_8_pocket.pdb
7kyzA	7kyz	0	A	Outlier	Outlier	Y32in	Y71out	None	7kyzA10	10	GTPase KRas	RASK_HUMAN	P01116-2	WT	WT	KRAS	0P	WT	None	None	None	None	SP2-Unbound	None	188	1-167:169-189	2020-12-09	Other	321.8346	0.0006	Unbound	Unbound	12,13,14,85,86,87,88,89,117	None	None	None	None	None	None	None	None	None	None	None	None	None	None	None	None	None	STP	NMR	None	None	MTEYKLVVVGAGGVGKSALTIQLIQNHFVDEYDPTIEDSYRKQVVIDGETCLLDILDTAGQEEYSAMRDQYMRTGEGFLCVFAINNTKSFEDIHHYREQIKRVKDSEDVPMVLVGNKCDLPSRTVDTKQAQDLARSYGIPFIETSAKTRQGVDDAFYTLVREIRKHKEKMSKDGKKKKKKSKTKCVIM	True	999.0	999.0	999.0	999.0	999.0	999.0	/Users/mitchellparker/Desktop/rascore_build/core/7kyzA_core.cif	/Users/mitchellparker/Desktop/rascore_build/rcsb/7kyz.cif.gz	/Users/mitchellparker/Desktop/rascore_build/renum/7kyz_renum.cif	/Users/mitchellparker/Desktop/rascore_build/rcsb_assembly/7kyz-assembly-1.cif.gz	/Users/mitchellparker/Desktop/rascore_build/renum_assembly/7kyz-assembly-1_renum.cif	/Users/mitchellparker/Desktop/rascore_build/sifts/7kyz.xml.gz	/Users/mitchellparker/Desktop/rascore_build/pocket/7kyzA_10_pocket.pdb
7kyzA	7kyz	0	A	Outlier	Outlier	Y32in	Y71out	None	7kyzA11	11	GTPase KRas	RASK_HUMAN	P01116-2	WT	WT	KRAS	0P	WT	None	None	None	None	SP2-Unbound	None	188	1-167:169-189	2020-12-09	Other	269.7869	0.1324	Unbound	Unbound	75,76,104,108,110,163,166,167,171	None	None	None	None	None	None	None	None	None	None	None	None	None	None	None	None	None	STP	NMR	None	None	MTEYKLVVVGAGGVGKSALTIQLIQNHFVDEYDPTIEDSYRKQVVIDGETCLLDILDTAGQEEYSAMRDQYMRTGEGFLCVFAINNTKSFEDIHHYREQIKRVKDSEDVPMVLVGNKCDLPSRTVDTKQAQDLARSYGIPFIETSAKTRQGVDDAFYTLVREIRKHKEKMSKDGKKKKKKSKTKCVIM	True	999.0	999.0	999.0	999.0	999.0	999.0	/Users/mitchellparker/Desktop/rascore_build/core/7kyzA_core.cif	/Users/mitchellparker/Desktop/rascore_build/rcsb/7kyz.cif.gz	/Users/mitchellparker/Desktop/rascore_build/renum/7kyz_renum.cif	/Users/mitchellparker/Desktop/rascore_build/rcsb_assembly/7kyz-assembly-1.cif.gz	/Users/mitchellparker/Desktop/rascore_build/renum_assembly/7kyz-assembly-1_renum.cif	/Users/mitchellparker/Desktop/rascore_build/sifts/7kyz.xml.gz	/Users/mitchellparker/Desktop/rascore_build/pocket/7kyzA_11_pocket.pdb
7kyzA	7kyz	0	A	Outlier	Outlier	Y32in	Y71out	None	7kyzA12	12	GTPase KRas	RASK_HUMAN	P01116-2	WT	WT	KRAS	0P	WT	None	None	None	None	SP2-Unbound	None	188	1-167:169-189	2020-12-09	Other	351.7983	0.0025	Unbound	Unbound	14,15,18,30,31,32,116,117,146,147	None	None	None	None	None	None	None	None	None	None	None	None	None	None	None	None	None	STP	NMR	None	None	MTEYKLVVVGAGGVGKSALTIQLIQNHFVDEYDPTIEDSYRKQVVIDGETCLLDILDTAGQEEYSAMRDQYMRTGEGFLCVFAINNTKSFEDIHHYREQIKRVKDSEDVPMVLVGNKCDLPSRTVDTKQAQDLARSYGIPFIETSAKTRQGVDDAFYTLVREIRKHKEKMSKDGKKKKKKSKTKCVIM	True	999.0	999.0	999.0	999.0	999.0	999.0	/Users/mitchellparker/Desktop/rascore_build/core/7kyzA_core.cif	/Users/mitchellparker/Desktop/rascore_build/rcsb/7kyz.cif.gz	/Users/mitchellparker/Desktop/rascore_build/renum/7kyz_renum.cif	/Users/mitchellparker/Desktop/rascore_build/rcsb_assembly/7kyz-assembly-1.cif.gz	/Users/mitchellparker/Desktop/rascore_build/renum_assembly/7kyz-assembly-1_renum.cif	/Users/mitchellparker/Desktop/rascore_build/sifts/7kyz.xml.gz	/Users/mitchellparker/Desktop/rascore_build/pocket/7kyzA_12_pocket.pdb
7kyzA	7kyz	0	A	Outlier	Outlier	Y32in	Y71out	None	7kyzA13	13	GTPase KRas	RASK_HUMAN	P01116-2	WT	WT	KRAS	0P	WT	None	None	None	None	SP2-Unbound	None	188	1-167:169-189	2020-12-09	Other	219.3483	0.0007	Unbound	Unbound	46,47,161,164,165	None	None	None	None	None	None	None	None	None	None	None	None	None	None	None	None	None	STP	NMR	None	None	MTEYKLVVVGAGGVGKSALTIQLIQNHFVDEYDPTIEDSYRKQVVIDGETCLLDILDTAGQEEYSAMRDQYMRTGEGFLCVFAINNTKSFEDIHHYREQIKRVKDSEDVPMVLVGNKCDLPSRTVDTKQAQDLARSYGIPFIETSAKTRQGVDDAFYTLVREIRKHKEKMSKDGKKKKKKSKTKCVIM	True	999.0	999.0	999.0	999.0	999.0	999.0	/Users/mitchellparker/Desktop/rascore_build/core/7kyzA_core.cif	/Users/mitchellparker/Desktop/rascore_build/rcsb/7kyz.cif.gz	/Users/mitchellparker/Desktop/rascore_build/renum/7kyz_renum.cif	/Users/mitchellparker/Desktop/rascore_build/rcsb_assembly/7kyz-assembly-1.cif.gz	/Users/mitchellparker/Desktop/rascore_build/renum_assembly/7kyz-assembly-1_renum.cif	/Users/mitchellparker/Desktop/rascore_build/sifts/7kyz.xml.gz	/Users/mitchellparker/Desktop/rascore_build/pocket/7kyzA_13_pocket.pdb
7kyzA	7kyz	0	A	Outlier	Outlier	Y32in	Y71out	None	7kyzA1	1	GTPase KRas	RASK_HUMAN	P01116-2	WT	WT	KRAS	0P	WT	None	None	None	None	SP2-Unbound	None	188	1-167:169-189	2020-12-09	Other	467.3940	0.0094	Unbound	Unbound	10,11,12,13,16,17,20,34,35,36,57,58,60,61,92,96	None	None	None	None	None	None	None	None	None	None	None	None	None	None	None	None	None	STP	NMR	None	None	MTEYKLVVVGAGGVGKSALTIQLIQNHFVDEYDPTIEDSYRKQVVIDGETCLLDILDTAGQEEYSAMRDQYMRTGEGFLCVFAINNTKSFEDIHHYREQIKRVKDSEDVPMVLVGNKCDLPSRTVDTKQAQDLARSYGIPFIETSAKTRQGVDDAFYTLVREIRKHKEKMSKDGKKKKKKSKTKCVIM	True	999.0	999.0	999.0	999.0	999.0	999.0	/Users/mitchellparker/Desktop/rascore_build/core/7kyzA_core.cif	/Users/mitchellparker/Desktop/rascore_build/rcsb/7kyz.cif.gz	/Users/mitchellparker/Desktop/rascore_build/renum/7kyz_renum.cif	/Users/mitchellparker/Desktop/rascore_build/rcsb_assembly/7kyz-assembly-1.cif.gz	/Users/mitchellparker/Desktop/rascore_build/renum_assembly/7kyz-assembly-1_renum.cif	/Users/mitchellparker/Desktop/rascore_build/sifts/7kyz.xml.gz	/Users/mitchellparker/Desktop/rascore_build/pocket/7kyzA_1_pocket.pdb
7kyzA	7kyz	0	A	Outlier	Outlier	Y32in	Y71out	None	7kyzA2	2	GTPase KRas	RASK_HUMAN	P01116-2	WT	WT	KRAS	0P	WT	None	None	None	None	SP2-Unbound	None	188	1-167:169-189	2020-12-09	Other	156.8339	0.3259	Unbound	Unbound	8,16,19,20,79,81,114,144,152,156	None	None	None	None	None	None	None	None	None	None	None	None	None	None	None	None	None	STP	NMR	None	None	MTEYKLVVVGAGGVGKSALTIQLIQNHFVDEYDPTIEDSYRKQVVIDGETCLLDILDTAGQEEYSAMRDQYMRTGEGFLCVFAINNTKSFEDIHHYREQIKRVKDSEDVPMVLVGNKCDLPSRTVDTKQAQDLARSYGIPFIETSAKTRQGVDDAFYTLVREIRKHKEKMSKDGKKKKKKSKTKCVIM	True	999.0	999.0	999.0	999.0	999.0	999.0	/Users/mitchellparker/Desktop/rascore_build/core/7kyzA_core.cif	/Users/mitchellparker/Desktop/rascore_build/rcsb/7kyz.cif.gz	/Users/mitchellparker/Desktop/rascore_build/renum/7kyz_renum.cif	/Users/mitchellparker/Desktop/rascore_build/rcsb_assembly/7kyz-assembly-1.cif.gz	/Users/mitchellparker/Desktop/rascore_build/renum_assembly/7kyz-assembly-1_renum.cif	/Users/mitchellparker/Desktop/rascore_build/sifts/7kyz.xml.gz	/Users/mitchellparker/Desktop/rascore_build/pocket/7kyzA_2_pocket.pdb
7kyzA	7kyz	0	A	Outlier	Outlier	Y32in	Y71out	None	7kyzA3	3	GTPase KRas	RASK_HUMAN	P01116-2	WT	WT	KRAS	0P	WT	None	None	None	None	SP2-Unbound	None	188	1-167:169-189	2020-12-09	Other	231.7833	0.1436	Unbound	Unbound	23,26,42,44,53,55,153,156,157	None	None	None	None	None	None	None	None	None	None	None	None	None	None	None	None	None	STP	NMR	None	None	MTEYKLVVVGAGGVGKSALTIQLIQNHFVDEYDPTIEDSYRKQVVIDGETCLLDILDTAGQEEYSAMRDQYMRTGEGFLCVFAINNTKSFEDIHHYREQIKRVKDSEDVPMVLVGNKCDLPSRTVDTKQAQDLARSYGIPFIETSAKTRQGVDDAFYTLVREIRKHKEKMSKDGKKKKKKSKTKCVIM	True	999.0	999.0	999.0	999.0	999.0	999.0	/Users/mitchellparker/Desktop/rascore_build/core/7kyzA_core.cif	/Users/mitchellparker/Desktop/rascore_build/rcsb/7kyz.cif.gz	/Users/mitchellparker/Desktop/rascore_build/renum/7kyz_renum.cif	/Users/mitchellparker/Desktop/rascore_build/rcsb_assembly/7kyz-assembly-1.cif.gz	/Users/mitchellparker/Desktop/rascore_build/renum_assembly/7kyz-assembly-1_renum.cif	/Users/mitchellparker/Desktop/rascore_build/sifts/7kyz.xml.gz	/Users/mitchellparker/Desktop/rascore_build/pocket/7kyzA_3_pocket.pdb
7kyzA	7kyz	0	A	Outlier	Outlier	Y32in	Y71out	None	7kyzA4	4	GTPase KRas	RASK_HUMAN	P01116-2	WT	WT	KRAS	0P	WT	None	None	None	None	SP2-Unbound	None	188	1-167:169-189	2020-12-09	Other	388.1166	0.0003	Unbound	Unbound	18,22,28,29,30,31,146,147,149	None	None	None	None	None	None	None	None	None	None	None	None	None	None	None	None	None	STP	NMR	None	None	MTEYKLVVVGAGGVGKSALTIQLIQNHFVDEYDPTIEDSYRKQVVIDGETCLLDILDTAGQEEYSAMRDQYMRTGEGFLCVFAINNTKSFEDIHHYREQIKRVKDSEDVPMVLVGNKCDLPSRTVDTKQAQDLARSYGIPFIETSAKTRQGVDDAFYTLVREIRKHKEKMSKDGKKKKKKSKTKCVIM	True	999.0	999.0	999.0	999.0	999.0	999.0	/Users/mitchellparker/Desktop/rascore_build/core/7kyzA_core.cif	/Users/mitchellparker/Desktop/rascore_build/rcsb/7kyz.cif.gz	/Users/mitchellparker/Desktop/rascore_build/renum/7kyz_renum.cif	/Users/mitchellparker/Desktop/rascore_build/rcsb_assembly/7kyz-assembly-1.cif.gz	/Users/mitchellparker/Desktop/rascore_build/renum_assembly/7kyz-assembly-1_renum.cif	/Users/mitchellparker/Desktop/rascore_build/sifts/7kyz.xml.gz	/Users/mitchellparker/Desktop/rascore_build/pocket/7kyzA_4_pocket.pdb
7kyzA	7kyz	0	A	Outlier	Outlier	Y32in	Y71out	None	7kyzA5	5	GTPase KRas	RASK_HUMAN	P01116-2	WT	WT	KRAS	0P	WT	None	None	None	None	SP2-Unbound	None	188	1-167:169-189	2020-12-09	Other	392.0138	0.0212	Unbound	Unbound	90,91,94,128,129,132,133	None	None	None	None	None	None	None	None	None	None	None	None	None	None	None	None	None	STP	NMR	None	None	MTEYKLVVVGAGGVGKSALTIQLIQNHFVDEYDPTIEDSYRKQVVIDGETCLLDILDTAGQEEYSAMRDQYMRTGEGFLCVFAINNTKSFEDIHHYREQIKRVKDSEDVPMVLVGNKCDLPSRTVDTKQAQDLARSYGIPFIETSAKTRQGVDDAFYTLVREIRKHKEKMSKDGKKKKKKSKTKCVIM	True	999.0	999.0	999.0	999.0	999.0	999.0	/Users/mitchellparker/Desktop/rascore_build/core/7kyzA_core.cif	/Users/mitchellparker/Desktop/rascore_build/rcsb/7kyz.cif.gz	/Users/mitchellparker/Desktop/rascore_build/renum/7kyz_renum.cif	/Users/mitchellparker/Desktop/rascore_build/rcsb_assembly/7kyz-assembly-1.cif.gz	/Users/mitchellparker/Desktop/rascore_build/renum_assembly/7kyz-assembly-1_renum.cif	/Users/mitchellparker/Desktop/rascore_build/sifts/7kyz.xml.gz	/Users/mitchellparker/Desktop/rascore_build/pocket/7kyzA_5_pocket.pdb
7kyzA	7kyz	0	A	Outlier	Outlier	Y32in	Y71out	None	7kyzA6	6	GTPase KRas	RASK_HUMAN	P01116-2	WT	WT	KRAS	0P	WT	None	None	None	None	SP2-Unbound	None	188	1-167:169-189	2020-12-09	SP2	751.7830	0.5612	Unbound	Unbound	8,9,10,16,58,59,60,63,68,69,72,73,96,99,100,102,103,104	None	None	None	None	None	None	None	None	None	None	None	None	None	None	None	None	None	STP	NMR	None	None	MTEYKLVVVGAGGVGKSALTIQLIQNHFVDEYDPTIEDSYRKQVVIDGETCLLDILDTAGQEEYSAMRDQYMRTGEGFLCVFAINNTKSFEDIHHYREQIKRVKDSEDVPMVLVGNKCDLPSRTVDTKQAQDLARSYGIPFIETSAKTRQGVDDAFYTLVREIRKHKEKMSKDGKKKKKKSKTKCVIM	True	999.0	999.0	999.0	999.0	999.0	999.0	/Users/mitchellparker/Desktop/rascore_build/core/7kyzA_core.cif	/Users/mitchellparker/Desktop/rascore_build/rcsb/7kyz.cif.gz	/Users/mitchellparker/Desktop/rascore_build/renum/7kyz_renum.cif	/Users/mitchellparker/Desktop/rascore_build/rcsb_assembly/7kyz-assembly-1.cif.gz	/Users/mitchellparker/Desktop/rascore_build/renum_assembly/7kyz-assembly-1_renum.cif	/Users/mitchellparker/Desktop/rascore_build/sifts/7kyz.xml.gz	/Users/mitchellparker/Desktop/rascore_build/pocket/7kyzA_6_pocket.pdb
7kyzA	7kyz	0	A	Outlier	Outlier	Y32in	Y71out	None	7kyzA7	7	GTPase KRas	RASK_HUMAN	P01116-2	WT	WT	KRAS	0P	WT	None	None	None	None	SP2-Unbound	None	188	1-167:169-189	2020-12-09	Other	250.1875	0.1565	Unbound	Unbound	37,39,56,58,65,67,68,71	None	None	None	None	None	None	None	None	None	None	None	None	None	None	None	None	None	STP	NMR	None	None	MTEYKLVVVGAGGVGKSALTIQLIQNHFVDEYDPTIEDSYRKQVVIDGETCLLDILDTAGQEEYSAMRDQYMRTGEGFLCVFAINNTKSFEDIHHYREQIKRVKDSEDVPMVLVGNKCDLPSRTVDTKQAQDLARSYGIPFIETSAKTRQGVDDAFYTLVREIRKHKEKMSKDGKKKKKKSKTKCVIM	True	999.0	999.0	999.0	999.0	999.0	999.0	/Users/mitchellparker/Desktop/rascore_build/core/7kyzA_core.cif	/Users/mitchellparker/Desktop/rascore_build/rcsb/7kyz.cif.gz	/Users/mitchellparker/Desktop/rascore_build/renum/7kyz_renum.cif	/Users/mitchellparker/Desktop/rascore_build/rcsb_assembly/7kyz-assembly-1.cif.gz	/Users/mitchellparker/Desktop/rascore_build/renum_assembly/7kyz-assembly-1_renum.cif	/Users/mitchellparker/Desktop/rascore_build/sifts/7kyz.xml.gz	/Users/mitchellparker/Desktop/rascore_build/pocket/7kyzA_7_pocket.pdb
7kyzA	7kyz	0	A	Outlier	Outlier	Y32in	Y71out	None	7kyzA8	8	GTPase KRas	RASK_HUMAN	P01116-2	WT	WT	KRAS	0P	WT	None	None	None	None	SP2-Unbound	None	188	1-167:169-189	2020-12-09	Other	295.8239	0.0191	Unbound	Unbound	107,108,137,166,170,171,174	None	None	None	None	None	None	None	None	None	None	None	None	None	None	None	None	None	STP	NMR	None	None	MTEYKLVVVGAGGVGKSALTIQLIQNHFVDEYDPTIEDSYRKQVVIDGETCLLDILDTAGQEEYSAMRDQYMRTGEGFLCVFAINNTKSFEDIHHYREQIKRVKDSEDVPMVLVGNKCDLPSRTVDTKQAQDLARSYGIPFIETSAKTRQGVDDAFYTLVREIRKHKEKMSKDGKKKKKKSKTKCVIM	True	999.0	999.0	999.0	999.0	999.0	999.0	/Users/mitchellparker/Desktop/rascore_build/core/7kyzA_core.cif	/Users/mitchellparker/Desktop/rascore_build/rcsb/7kyz.cif.gz	/Users/mitchellparker/Desktop/rascore_build/renum/7kyz_renum.cif	/Users/mitchellparker/Desktop/rascore_build/rcsb_assembly/7kyz-assembly-1.cif.gz	/Users/mitchellparker/Desktop/rascore_build/renum_assembly/7kyz-assembly-1_renum.cif	/Users/mitchellparker/Desktop/rascore_build/sifts/7kyz.xml.gz	/Users/mitchellparker/Desktop/rascore_build/pocket/7kyzA_8_pocket.pdb
7kyzA	7kyz	0	A	Outlier	Outlier	Y32in	Y71out	None	7kyzA9	9	GTPase KRas	RASK_HUMAN	P01116-2	WT	WT	KRAS	0P	WT	None	None	None	None	SP2-Unbound	None	188	1-167:169-189	2020-12-09	Other	265.4889	0.0003	Unbound	Unbound	94,95,98,99,101,102	None	None	None	None	None	None	None	None	None	None	None	None	None	None	None	None	None	STP	NMR	None	None	MTEYKLVVVGAGGVGKSALTIQLIQNHFVDEYDPTIEDSYRKQVVIDGETCLLDILDTAGQEEYSAMRDQYMRTGEGFLCVFAINNTKSFEDIHHYREQIKRVKDSEDVPMVLVGNKCDLPSRTVDTKQAQDLARSYGIPFIETSAKTRQGVDDAFYTLVREIRKHKEKMSKDGKKKKKKSKTKCVIM	True	999.0	999.0	999.0	999.0	999.0	999.0	/Users/mitchellparker/Desktop/rascore_build/core/7kyzA_core.cif	/Users/mitchellparker/Desktop/rascore_build/rcsb/7kyz.cif.gz	/Users/mitchellparker/Desktop/rascore_build/renum/7kyz_renum.cif	/Users/mitchellparker/Desktop/rascore_build/rcsb_assembly/7kyz-assembly-1.cif.gz	/Users/mitchellparker/Desktop/rascore_build/renum_assembly/7kyz-assembly-1_renum.cif	/Users/mitchellparker/Desktop/rascore_build/sifts/7kyz.xml.gz	/Users/mitchellparker/Desktop/rascore_build/pocket/7kyzA_9_pocket.pdb
7l0fA	7l0f	0	A	Y32in.3P-ON	Outlier	Y32in	Y71in	P 1 21 1 (CF20)	7l0fA1	1	GTPase HRas	RASH_HUMAN	P01112	WT	WT	HRAS	3P	WT	None	None	Binder	None	SP12-Unbound	P 1 21 1	167	1-166	2020-12-11	Other	183.1992	0.0003	Unbound	Unbound	97,107,108,109,110,137,138,139,162,165,166	MG,GSP	Monobody 12VC3	None	B:64,67,63,59,35,34,32,120,30,28,117,85,13,86,12,61,60,62,33,36,83	None	None	None	None	Binder	None	B	GSP	MG	None	None	None	None	STP	XRAY	1.980	0.161	SMTEYKLVVVGAGGVGKSALTIQLIQNHFVDEYDPTIEDSYRKQVVIDGETCLLDILDTAGQEEYSAMRDQYMRTGEGFLCVFAINNTKSFEDIHQYREQIKRVKDSDDVPMVLVGNKCDLAARTVESRQAQDLARSYGIPYIETSAKTRQGVEDAFYTLVREIRQH	True	73.012	64.816	127.124	90.000	102.370	90.000	/Users/mitchellparker/Desktop/rascore_build/core/7l0fA_core.cif	/Users/mitchellparker/Desktop/rascore_build/rcsb/7l0f.cif.gz	/Users/mitchellparker/Desktop/rascore_build/renum/7l0f_renum.cif	/Users/mitchellparker/Desktop/rascore_build/rcsb_assembly/7l0f-assembly-1.cif.gz	/Users/mitchellparker/Desktop/rascore_build/renum_assembly/7l0f-assembly-1_renum.cif	/Users/mitchellparker/Desktop/rascore_build/sifts/7l0f.xml.gz	/Users/mitchellparker/Desktop/rascore_build/pocket/7l0fA_1_pocket.pdb
7l0fA	7l0f	0	A	Y32in.3P-ON	Outlier	Y32in	Y71in	P 1 21 1 (CF20)	7l0fA2	2	GTPase HRas	RASH_HUMAN	P01112	WT	WT	HRAS	3P	WT	None	None	Binder	None	SP12-Unbound	P 1 21 1	167	1-166	2020-12-11	SP12	359.7545	0.0001	Unbound	Unbound	37,56,67,70,71,74	MG,GSP	Monobody 12VC3	None	B:64,67,63,59,35,34,32,120,30,28,117,85,13,86,12,61,60,62,33,36,83	None	None	None	None	Binder	None	B	GSP	MG	None	None	None	None	STP	XRAY	1.980	0.161	SMTEYKLVVVGAGGVGKSALTIQLIQNHFVDEYDPTIEDSYRKQVVIDGETCLLDILDTAGQEEYSAMRDQYMRTGEGFLCVFAINNTKSFEDIHQYREQIKRVKDSDDVPMVLVGNKCDLAARTVESRQAQDLARSYGIPYIETSAKTRQGVEDAFYTLVREIRQH	True	73.012	64.816	127.124	90.000	102.370	90.000	/Users/mitchellparker/Desktop/rascore_build/core/7l0fA_core.cif	/Users/mitchellparker/Desktop/rascore_build/rcsb/7l0f.cif.gz	/Users/mitchellparker/Desktop/rascore_build/renum/7l0f_renum.cif	/Users/mitchellparker/Desktop/rascore_build/rcsb_assembly/7l0f-assembly-1.cif.gz	/Users/mitchellparker/Desktop/rascore_build/renum_assembly/7l0f-assembly-1_renum.cif	/Users/mitchellparker/Desktop/rascore_build/sifts/7l0f.xml.gz	/Users/mitchellparker/Desktop/rascore_build/pocket/7l0fA_2_pocket.pdb
7l0fE	7l0f	0	E	Y32in.3P-ON	Outlier	Y32in	Y71in	P 1 21 1 (CF20)	7l0fE1	1	GTPase HRas	RASH_HUMAN	P01112	WT	WT	HRAS	3P	WT	None	None	Binder	None	Other-Unbound	P 1 21 1	167	1-166	2020-12-11	Other	331.1269	0.0052	Unbound	Unbound	73,74,75,76,104,106,108,109,110,163,166	MG,GSP	Monobody 12VC3	None	F:64,63,67,59,35,34,32,120,147,30,28,117,85,13,86,12,61,62,60,33,36,87,88,37,83,122	None	None	None	None	Binder	None	F	GSP	MG	None	None	None	None	STP	XRAY	1.980	0.161	SMTEYKLVVVGAGGVGKSALTIQLIQNHFVDEYDPTIEDSYRKQVVIDGETCLLDILDTAGQEEYSAMRDQYMRTGEGFLCVFAINNTKSFEDIHQYREQIKRVKDSDDVPMVLVGNKCDLAARTVESRQAQDLARSYGIPYIETSAKTRQGVEDAFYTLVREIRQH	True	73.012	64.816	127.124	90.000	102.370	90.000	/Users/mitchellparker/Desktop/rascore_build/core/7l0fE_core.cif	/Users/mitchellparker/Desktop/rascore_build/rcsb/7l0f.cif.gz	/Users/mitchellparker/Desktop/rascore_build/renum/7l0f_renum.cif	/Users/mitchellparker/Desktop/rascore_build/rcsb_assembly/7l0f-assembly-1.cif.gz	/Users/mitchellparker/Desktop/rascore_build/renum_assembly/7l0f-assembly-1_renum.cif	/Users/mitchellparker/Desktop/rascore_build/sifts/7l0f.xml.gz	/Users/mitchellparker/Desktop/rascore_build/pocket/7l0fE_1_pocket.pdb
7l0fE	7l0f	0	E	Y32in.3P-ON	Outlier	Y32in	Y71in	P 1 21 1 (CF20)	7l0fE2	2	GTPase HRas	RASH_HUMAN	P01112	WT	WT	HRAS	3P	WT	None	None	Binder	None	Other-Unbound	P 1 21 1	167	1-166	2020-12-11	Other	232.3251	0.0002	Unbound	Unbound	98,101,102,106,107	MG,GSP	Monobody 12VC3	None	F:64,63,67,59,35,34,32,120,147,30,28,117,85,13,86,12,61,62,60,33,36,87,88,37,83,122	None	None	None	None	Binder	None	F	GSP	MG	None	None	None	None	STP	XRAY	1.980	0.161	SMTEYKLVVVGAGGVGKSALTIQLIQNHFVDEYDPTIEDSYRKQVVIDGETCLLDILDTAGQEEYSAMRDQYMRTGEGFLCVFAINNTKSFEDIHQYREQIKRVKDSDDVPMVLVGNKCDLAARTVESRQAQDLARSYGIPYIETSAKTRQGVEDAFYTLVREIRQH	True	73.012	64.816	127.124	90.000	102.370	90.000	/Users/mitchellparker/Desktop/rascore_build/core/7l0fE_core.cif	/Users/mitchellparker/Desktop/rascore_build/rcsb/7l0f.cif.gz	/Users/mitchellparker/Desktop/rascore_build/renum/7l0f_renum.cif	/Users/mitchellparker/Desktop/rascore_build/rcsb_assembly/7l0f-assembly-1.cif.gz	/Users/mitchellparker/Desktop/rascore_build/renum_assembly/7l0f-assembly-1_renum.cif	/Users/mitchellparker/Desktop/rascore_build/sifts/7l0f.xml.gz	/Users/mitchellparker/Desktop/rascore_build/pocket/7l0fE_2_pocket.pdb
7l0fG	7l0f	0	G	Y32in.3P-ON	Outlier	Y32in	Y71in	P 1 21 1 (CF20)	7l0fG1	1	GTPase HRas	RASH_HUMAN	P01112	WT	WT	HRAS	3P	WT	None	None	Binder	None	SP12-Unbound	P 1 21 1	167	1-166	2020-12-11	Other	176.5189	0.0001	Unbound	Unbound	68,69,73,99,102,103	MG,GSP	Monobody 12VC3	None	H:64,67,59,35,34,32,120,147,28,30,117,85,86,12,61,62,60,63,33,36,37	None	None	None	None	Binder	None	H	GSP	MG	None	None	None	None	STP	XRAY	1.980	0.161	SMTEYKLVVVGAGGVGKSALTIQLIQNHFVDEYDPTIEDSYRKQVVIDGETCLLDILDTAGQEEYSAMRDQYMRTGEGFLCVFAINNTKSFEDIHQYREQIKRVKDSDDVPMVLVGNKCDLAARTVESRQAQDLARSYGIPYIETSAKTRQGVEDAFYTLVREIRQH	True	73.012	64.816	127.124	90.000	102.370	90.000	/Users/mitchellparker/Desktop/rascore_build/core/7l0fG_core.cif	/Users/mitchellparker/Desktop/rascore_build/rcsb/7l0f.cif.gz	/Users/mitchellparker/Desktop/rascore_build/renum/7l0f_renum.cif	/Users/mitchellparker/Desktop/rascore_build/rcsb_assembly/7l0f-assembly-1.cif.gz	/Users/mitchellparker/Desktop/rascore_build/renum_assembly/7l0f-assembly-1_renum.cif	/Users/mitchellparker/Desktop/rascore_build/sifts/7l0f.xml.gz	/Users/mitchellparker/Desktop/rascore_build/pocket/7l0fG_1_pocket.pdb
7l0fG	7l0f	0	G	Y32in.3P-ON	Outlier	Y32in	Y71in	P 1 21 1 (CF20)	7l0fG2	2	GTPase HRas	RASH_HUMAN	P01112	WT	WT	HRAS	3P	WT	None	None	Binder	None	SP12-Unbound	P 1 21 1	167	1-166	2020-12-11	SP12	178.5038	0.0011	Unbound	Unbound	5,6,7,39,54,56,74,75	MG,GSP	Monobody 12VC3	None	H:64,67,59,35,34,32,120,147,28,30,117,85,86,12,61,62,60,63,33,36,37	None	None	None	None	Binder	None	H	GSP	MG	None	None	None	None	STP	XRAY	1.980	0.161	SMTEYKLVVVGAGGVGKSALTIQLIQNHFVDEYDPTIEDSYRKQVVIDGETCLLDILDTAGQEEYSAMRDQYMRTGEGFLCVFAINNTKSFEDIHQYREQIKRVKDSDDVPMVLVGNKCDLAARTVESRQAQDLARSYGIPYIETSAKTRQGVEDAFYTLVREIRQH	True	73.012	64.816	127.124	90.000	102.370	90.000	/Users/mitchellparker/Desktop/rascore_build/core/7l0fG_core.cif	/Users/mitchellparker/Desktop/rascore_build/rcsb/7l0f.cif.gz	/Users/mitchellparker/Desktop/rascore_build/renum/7l0f_renum.cif	/Users/mitchellparker/Desktop/rascore_build/rcsb_assembly/7l0f-assembly-1.cif.gz	/Users/mitchellparker/Desktop/rascore_build/renum_assembly/7l0f-assembly-1_renum.cif	/Users/mitchellparker/Desktop/rascore_build/sifts/7l0f.xml.gz	/Users/mitchellparker/Desktop/rascore_build/pocket/7l0fG_2_pocket.pdb
7l0fG	7l0f	0	G	Y32in.3P-ON	Outlier	Y32in	Y71in	P 1 21 1 (CF20)	7l0fG3	3	GTPase HRas	RASH_HUMAN	P01112	WT	WT	HRAS	3P	WT	None	None	Binder	None	SP12-Unbound	P 1 21 1	167	1-166	2020-12-11	Other	303.7425	0.0000	Unbound	Unbound	98,101,102,105,106,107	MG,GSP	Monobody 12VC3	None	H:64,67,59,35,34,32,120,147,28,30,117,85,86,12,61,62,60,63,33,36,37	None	None	None	None	Binder	None	H	GSP	MG	None	None	None	None	STP	XRAY	1.980	0.161	SMTEYKLVVVGAGGVGKSALTIQLIQNHFVDEYDPTIEDSYRKQVVIDGETCLLDILDTAGQEEYSAMRDQYMRTGEGFLCVFAINNTKSFEDIHQYREQIKRVKDSDDVPMVLVGNKCDLAARTVESRQAQDLARSYGIPYIETSAKTRQGVEDAFYTLVREIRQH	True	73.012	64.816	127.124	90.000	102.370	90.000	/Users/mitchellparker/Desktop/rascore_build/core/7l0fG_core.cif	/Users/mitchellparker/Desktop/rascore_build/rcsb/7l0f.cif.gz	/Users/mitchellparker/Desktop/rascore_build/renum/7l0f_renum.cif	/Users/mitchellparker/Desktop/rascore_build/rcsb_assembly/7l0f-assembly-1.cif.gz	/Users/mitchellparker/Desktop/rascore_build/renum_assembly/7l0f-assembly-1_renum.cif	/Users/mitchellparker/Desktop/rascore_build/sifts/7l0f.xml.gz	/Users/mitchellparker/Desktop/rascore_build/pocket/7l0fG_3_pocket.pdb
7l0fL	7l0f	0	L	Y32in.3P-ON	Outlier	Y32in	Y71in	P 1 21 1 (CF20)	7l0fL1	1	GTPase HRas	RASH_HUMAN	P01112	WT	WT	HRAS	3P	WT	None	None	Binder	None	SP12-Unbound	P 1 21 1	167	1-166	2020-12-11	Other	258.8018	0.0002	Unbound	Unbound	97,107,108,109,110,137,138,139,162,165,166	MG,GSP	Monobody 12VC3	None	M:64,59,35,34,32,120,30,28,117,85,13,86,12,61,62,60,63,33,36,37,87,88	None	None	None	None	Binder	None	M	GSP	MG	None	None	None	None	STP	XRAY	1.980	0.161	SMTEYKLVVVGAGGVGKSALTIQLIQNHFVDEYDPTIEDSYRKQVVIDGETCLLDILDTAGQEEYSAMRDQYMRTGEGFLCVFAINNTKSFEDIHQYREQIKRVKDSDDVPMVLVGNKCDLAARTVESRQAQDLARSYGIPYIETSAKTRQGVEDAFYTLVREIRQH	True	73.012	64.816	127.124	90.000	102.370	90.000	/Users/mitchellparker/Desktop/rascore_build/core/7l0fL_core.cif	/Users/mitchellparker/Desktop/rascore_build/rcsb/7l0f.cif.gz	/Users/mitchellparker/Desktop/rascore_build/renum/7l0f_renum.cif	/Users/mitchellparker/Desktop/rascore_build/rcsb_assembly/7l0f-assembly-1.cif.gz	/Users/mitchellparker/Desktop/rascore_build/renum_assembly/7l0f-assembly-1_renum.cif	/Users/mitchellparker/Desktop/rascore_build/sifts/7l0f.xml.gz	/Users/mitchellparker/Desktop/rascore_build/pocket/7l0fL_1_pocket.pdb
7l0fL	7l0f	0	L	Y32in.3P-ON	Outlier	Y32in	Y71in	P 1 21 1 (CF20)	7l0fL2	2	GTPase HRas	RASH_HUMAN	P01112	WT	WT	HRAS	3P	WT	None	None	Binder	None	SP12-Unbound	P 1 21 1	167	1-166	2020-12-11	Other	379.8948	0.0005	Unbound	Unbound	36,37,56,58,59,63,67,70,71,74	MG,GSP	Monobody 12VC3	None	M:64,59,35,34,32,120,30,28,117,85,13,86,12,61,62,60,63,33,36,37,87,88	None	None	None	None	Binder	None	M	GSP	MG	None	None	None	None	STP	XRAY	1.980	0.161	SMTEYKLVVVGAGGVGKSALTIQLIQNHFVDEYDPTIEDSYRKQVVIDGETCLLDILDTAGQEEYSAMRDQYMRTGEGFLCVFAINNTKSFEDIHQYREQIKRVKDSDDVPMVLVGNKCDLAARTVESRQAQDLARSYGIPYIETSAKTRQGVEDAFYTLVREIRQH	True	73.012	64.816	127.124	90.000	102.370	90.000	/Users/mitchellparker/Desktop/rascore_build/core/7l0fL_core.cif	/Users/mitchellparker/Desktop/rascore_build/rcsb/7l0f.cif.gz	/Users/mitchellparker/Desktop/rascore_build/renum/7l0f_renum.cif	/Users/mitchellparker/Desktop/rascore_build/rcsb_assembly/7l0f-assembly-1.cif.gz	/Users/mitchellparker/Desktop/rascore_build/renum_assembly/7l0f-assembly-1_renum.cif	/Users/mitchellparker/Desktop/rascore_build/sifts/7l0f.xml.gz	/Users/mitchellparker/Desktop/rascore_build/pocket/7l0fL_2_pocket.pdb
7l0fL	7l0f	0	L	Y32in.3P-ON	Outlier	Y32in	Y71in	P 1 21 1 (CF20)	7l0fL3	3	GTPase HRas	RASH_HUMAN	P01112	WT	WT	HRAS	3P	WT	None	None	Binder	None	SP12-Unbound	P 1 21 1	167	1-166	2020-12-11	SP12	130.7568	0.0004	Unbound	Unbound	5,6,7,39,54,56,74,75	MG,GSP	Monobody 12VC3	None	M:64,59,35,34,32,120,30,28,117,85,13,86,12,61,62,60,63,33,36,37,87,88	None	None	None	None	Binder	None	M	GSP	MG	None	None	None	None	STP	XRAY	1.980	0.161	SMTEYKLVVVGAGGVGKSALTIQLIQNHFVDEYDPTIEDSYRKQVVIDGETCLLDILDTAGQEEYSAMRDQYMRTGEGFLCVFAINNTKSFEDIHQYREQIKRVKDSDDVPMVLVGNKCDLAARTVESRQAQDLARSYGIPYIETSAKTRQGVEDAFYTLVREIRQH	True	73.012	64.816	127.124	90.000	102.370	90.000	/Users/mitchellparker/Desktop/rascore_build/core/7l0fL_core.cif	/Users/mitchellparker/Desktop/rascore_build/rcsb/7l0f.cif.gz	/Users/mitchellparker/Desktop/rascore_build/renum/7l0f_renum.cif	/Users/mitchellparker/Desktop/rascore_build/rcsb_assembly/7l0f-assembly-1.cif.gz	/Users/mitchellparker/Desktop/rascore_build/renum_assembly/7l0f-assembly-1_renum.cif	/Users/mitchellparker/Desktop/rascore_build/sifts/7l0f.xml.gz	/Users/mitchellparker/Desktop/rascore_build/pocket/7l0fL_3_pocket.pdb
7l0fL	7l0f	0	L	Y32in.3P-ON	Outlier	Y32in	Y71in	P 1 21 1 (CF20)	7l0fL4	4	GTPase HRas	RASH_HUMAN	P01112	WT	WT	HRAS	3P	WT	None	None	Binder	None	SP12-Unbound	P 1 21 1	167	1-166	2020-12-11	Other	270.5401	0.0004	Unbound	Unbound	65,68,69,73,99,102,103	MG,GSP	Monobody 12VC3	None	M:64,59,35,34,32,120,30,28,117,85,13,86,12,61,62,60,63,33,36,37,87,88	None	None	None	None	Binder	None	M	GSP	MG	None	None	None	None	STP	XRAY	1.980	0.161	SMTEYKLVVVGAGGVGKSALTIQLIQNHFVDEYDPTIEDSYRKQVVIDGETCLLDILDTAGQEEYSAMRDQYMRTGEGFLCVFAINNTKSFEDIHQYREQIKRVKDSDDVPMVLVGNKCDLAARTVESRQAQDLARSYGIPYIETSAKTRQGVEDAFYTLVREIRQH	True	73.012	64.816	127.124	90.000	102.370	90.000	/Users/mitchellparker/Desktop/rascore_build/core/7l0fL_core.cif	/Users/mitchellparker/Desktop/rascore_build/rcsb/7l0f.cif.gz	/Users/mitchellparker/Desktop/rascore_build/renum/7l0f_renum.cif	/Users/mitchellparker/Desktop/rascore_build/rcsb_assembly/7l0f-assembly-1.cif.gz	/Users/mitchellparker/Desktop/rascore_build/renum_assembly/7l0f-assembly-1_renum.cif	/Users/mitchellparker/Desktop/rascore_build/sifts/7l0f.xml.gz	/Users/mitchellparker/Desktop/rascore_build/pocket/7l0fL_4_pocket.pdb
7l0fL	7l0f	0	L	Y32in.3P-ON	Outlier	Y32in	Y71in	P 1 21 1 (CF20)	7l0fL5	5	GTPase HRas	RASH_HUMAN	P01112	WT	WT	HRAS	3P	WT	None	None	Binder	None	SP12-Unbound	P 1 21 1	167	1-166	2020-12-11	Other	233.6077	0.0000	Unbound	Unbound	47,153,154,157,158,161	MG,GSP	Monobody 12VC3	None	M:64,59,35,34,32,120,30,28,117,85,13,86,12,61,62,60,63,33,36,37,87,88	None	None	None	None	Binder	None	M	GSP	MG	None	None	None	None	STP	XRAY	1.980	0.161	SMTEYKLVVVGAGGVGKSALTIQLIQNHFVDEYDPTIEDSYRKQVVIDGETCLLDILDTAGQEEYSAMRDQYMRTGEGFLCVFAINNTKSFEDIHQYREQIKRVKDSDDVPMVLVGNKCDLAARTVESRQAQDLARSYGIPYIETSAKTRQGVEDAFYTLVREIRQH	True	73.012	64.816	127.124	90.000	102.370	90.000	/Users/mitchellparker/Desktop/rascore_build/core/7l0fL_core.cif	/Users/mitchellparker/Desktop/rascore_build/rcsb/7l0f.cif.gz	/Users/mitchellparker/Desktop/rascore_build/renum/7l0f_renum.cif	/Users/mitchellparker/Desktop/rascore_build/rcsb_assembly/7l0f-assembly-1.cif.gz	/Users/mitchellparker/Desktop/rascore_build/renum_assembly/7l0f-assembly-1_renum.cif	/Users/mitchellparker/Desktop/rascore_build/sifts/7l0f.xml.gz	/Users/mitchellparker/Desktop/rascore_build/pocket/7l0fL_5_pocket.pdb
7l0gA	7l0g	0	A	Y32in.3P-ON	Outlier	Y32in	Y71in	P 1 21 1 (CF20)	7l0gA1	1	GTPase HRas	RASH_HUMAN	P01112	G12C	G12	HRAS	3P	G12C	None	None	Binder	None	Multiple-Unbound	P 1 21 1	167	1-166	2020-12-11	Other	262.3660	0.0001	Unbound	Unbound	65,68,69,73,99,102,103	GSP,MG	Monobody 12VC1	None	C:67,64,35,32,34,147,30,28,117,120,85,86,12,61,60,59,63,33,36	None	None	None	None	Binder	None	C	GSP	MG	None	None	None	None	STP	XRAY	2.540	0.196	SMTEYKLVVVGACGVGKSALTIQLIQNHFVDEYDPTIEDSYRKQVVIDGETCLLDILDTAGQEEYSAMRDQYMRTGEGFLCVFAINNTKSFEDIHQYREQIKRVKDSDDVPMVLVGNKCDLAARTVESRQAQDLARSYGIPYIETSAKTRQGVEDAFYTLVREIRQH	True	71.834	62.596	123.404	90.00	101.22	90.00	/Users/mitchellparker/Desktop/rascore_build/core/7l0gA_core.cif	/Users/mitchellparker/Desktop/rascore_build/rcsb/7l0g.cif.gz	/Users/mitchellparker/Desktop/rascore_build/renum/7l0g_renum.cif	/Users/mitchellparker/Desktop/rascore_build/rcsb_assembly/7l0g-assembly-1.cif.gz	/Users/mitchellparker/Desktop/rascore_build/renum_assembly/7l0g-assembly-1_renum.cif	/Users/mitchellparker/Desktop/rascore_build/sifts/7l0g.xml.gz	/Users/mitchellparker/Desktop/rascore_build/pocket/7l0gA_1_pocket.pdb
7l0gA	7l0g	0	A	Y32in.3P-ON	Outlier	Y32in	Y71in	P 1 21 1 (CF20)	7l0gA2	2	GTPase HRas	RASH_HUMAN	P01112	G12C	G12	HRAS	3P	G12C	None	None	Binder	None	Multiple-Unbound	P 1 21 1	167	1-166	2020-12-11	Other	311.1661	0.0007	Unbound	Unbound	88,91,92,94,95,98,102	GSP,MG	Monobody 12VC1	None	C:67,64,35,32,34,147,30,28,117,120,85,86,12,61,60,59,63,33,36	None	None	None	None	Binder	None	C	GSP	MG	None	None	None	None	STP	XRAY	2.540	0.196	SMTEYKLVVVGACGVGKSALTIQLIQNHFVDEYDPTIEDSYRKQVVIDGETCLLDILDTAGQEEYSAMRDQYMRTGEGFLCVFAINNTKSFEDIHQYREQIKRVKDSDDVPMVLVGNKCDLAARTVESRQAQDLARSYGIPYIETSAKTRQGVEDAFYTLVREIRQH	True	71.834	62.596	123.404	90.00	101.22	90.00	/Users/mitchellparker/Desktop/rascore_build/core/7l0gA_core.cif	/Users/mitchellparker/Desktop/rascore_build/rcsb/7l0g.cif.gz	/Users/mitchellparker/Desktop/rascore_build/renum/7l0g_renum.cif	/Users/mitchellparker/Desktop/rascore_build/rcsb_assembly/7l0g-assembly-1.cif.gz	/Users/mitchellparker/Desktop/rascore_build/renum_assembly/7l0g-assembly-1_renum.cif	/Users/mitchellparker/Desktop/rascore_build/sifts/7l0g.xml.gz	/Users/mitchellparker/Desktop/rascore_build/pocket/7l0gA_2_pocket.pdb
7l0gA	7l0g	0	A	Y32in.3P-ON	Outlier	Y32in	Y71in	P 1 21 1 (CF20)	7l0gA3	3	GTPase HRas	RASH_HUMAN	P01112	G12C	G12	HRAS	3P	G12C	None	None	Binder	None	Multiple-Unbound	P 1 21 1	167	1-166	2020-12-11	SP2	197.2225	0.0001	Unbound	Unbound	61,62,68,88,92,95,96,99	GSP,MG	Monobody 12VC1	None	C:67,64,35,32,34,147,30,28,117,120,85,86,12,61,60,59,63,33,36	None	None	None	None	Binder	None	C	GSP	MG	None	None	None	None	STP	XRAY	2.540	0.196	SMTEYKLVVVGACGVGKSALTIQLIQNHFVDEYDPTIEDSYRKQVVIDGETCLLDILDTAGQEEYSAMRDQYMRTGEGFLCVFAINNTKSFEDIHQYREQIKRVKDSDDVPMVLVGNKCDLAARTVESRQAQDLARSYGIPYIETSAKTRQGVEDAFYTLVREIRQH	True	71.834	62.596	123.404	90.00	101.22	90.00	/Users/mitchellparker/Desktop/rascore_build/core/7l0gA_core.cif	/Users/mitchellparker/Desktop/rascore_build/rcsb/7l0g.cif.gz	/Users/mitchellparker/Desktop/rascore_build/renum/7l0g_renum.cif	/Users/mitchellparker/Desktop/rascore_build/rcsb_assembly/7l0g-assembly-1.cif.gz	/Users/mitchellparker/Desktop/rascore_build/renum_assembly/7l0g-assembly-1_renum.cif	/Users/mitchellparker/Desktop/rascore_build/sifts/7l0g.xml.gz	/Users/mitchellparker/Desktop/rascore_build/pocket/7l0gA_3_pocket.pdb
7l0gA	7l0g	0	A	Y32in.3P-ON	Outlier	Y32in	Y71in	P 1 21 1 (CF20)	7l0gA4	4	GTPase HRas	RASH_HUMAN	P01112	G12C	G12	HRAS	3P	G12C	None	None	Binder	None	Multiple-Unbound	P 1 21 1	167	1-166	2020-12-11	SP12	235.9173	0.0007	Unbound	Unbound	5,6,7,39,54,56,74,75	GSP,MG	Monobody 12VC1	None	C:67,64,35,32,34,147,30,28,117,120,85,86,12,61,60,59,63,33,36	None	None	None	None	Binder	None	C	GSP	MG	None	None	None	None	STP	XRAY	2.540	0.196	SMTEYKLVVVGACGVGKSALTIQLIQNHFVDEYDPTIEDSYRKQVVIDGETCLLDILDTAGQEEYSAMRDQYMRTGEGFLCVFAINNTKSFEDIHQYREQIKRVKDSDDVPMVLVGNKCDLAARTVESRQAQDLARSYGIPYIETSAKTRQGVEDAFYTLVREIRQH	True	71.834	62.596	123.404	90.00	101.22	90.00	/Users/mitchellparker/Desktop/rascore_build/core/7l0gA_core.cif	/Users/mitchellparker/Desktop/rascore_build/rcsb/7l0g.cif.gz	/Users/mitchellparker/Desktop/rascore_build/renum/7l0g_renum.cif	/Users/mitchellparker/Desktop/rascore_build/rcsb_assembly/7l0g-assembly-1.cif.gz	/Users/mitchellparker/Desktop/rascore_build/renum_assembly/7l0g-assembly-1_renum.cif	/Users/mitchellparker/Desktop/rascore_build/sifts/7l0g.xml.gz	/Users/mitchellparker/Desktop/rascore_build/pocket/7l0gA_4_pocket.pdb
7l0gA	7l0g	0	A	Y32in.3P-ON	Outlier	Y32in	Y71in	P 1 21 1 (CF20)	7l0gA5	5	GTPase HRas	RASH_HUMAN	P01112	G12C	G12	HRAS	3P	G12C	None	None	Binder	None	Multiple-Unbound	P 1 21 1	167	1-166	2020-12-11	SP12	341.8716	0.0001	Unbound	Unbound	37,56,67,70,71,74	GSP,MG	Monobody 12VC1	None	C:67,64,35,32,34,147,30,28,117,120,85,86,12,61,60,59,63,33,36	None	None	None	None	Binder	None	C	GSP	MG	None	None	None	None	STP	XRAY	2.540	0.196	SMTEYKLVVVGACGVGKSALTIQLIQNHFVDEYDPTIEDSYRKQVVIDGETCLLDILDTAGQEEYSAMRDQYMRTGEGFLCVFAINNTKSFEDIHQYREQIKRVKDSDDVPMVLVGNKCDLAARTVESRQAQDLARSYGIPYIETSAKTRQGVEDAFYTLVREIRQH	True	71.834	62.596	123.404	90.00	101.22	90.00	/Users/mitchellparker/Desktop/rascore_build/core/7l0gA_core.cif	/Users/mitchellparker/Desktop/rascore_build/rcsb/7l0g.cif.gz	/Users/mitchellparker/Desktop/rascore_build/renum/7l0g_renum.cif	/Users/mitchellparker/Desktop/rascore_build/rcsb_assembly/7l0g-assembly-1.cif.gz	/Users/mitchellparker/Desktop/rascore_build/renum_assembly/7l0g-assembly-1_renum.cif	/Users/mitchellparker/Desktop/rascore_build/sifts/7l0g.xml.gz	/Users/mitchellparker/Desktop/rascore_build/pocket/7l0gA_5_pocket.pdb
7l0gA	7l0g	0	A	Y32in.3P-ON	Outlier	Y32in	Y71in	P 1 21 1 (CF20)	7l0gA6	6	GTPase HRas	RASH_HUMAN	P01112	G12C	G12	HRAS	3P	G12C	None	None	Binder	None	Multiple-Unbound	P 1 21 1	167	1-166	2020-12-11	Other	101.2594	0.0000	Unbound	Unbound	149,151,152,153,154	GSP,MG	Monobody 12VC1	None	C:67,64,35,32,34,147,30,28,117,120,85,86,12,61,60,59,63,33,36	None	None	None	None	Binder	None	C	GSP	MG	None	None	None	None	STP	XRAY	2.540	0.196	SMTEYKLVVVGACGVGKSALTIQLIQNHFVDEYDPTIEDSYRKQVVIDGETCLLDILDTAGQEEYSAMRDQYMRTGEGFLCVFAINNTKSFEDIHQYREQIKRVKDSDDVPMVLVGNKCDLAARTVESRQAQDLARSYGIPYIETSAKTRQGVEDAFYTLVREIRQH	True	71.834	62.596	123.404	90.00	101.22	90.00	/Users/mitchellparker/Desktop/rascore_build/core/7l0gA_core.cif	/Users/mitchellparker/Desktop/rascore_build/rcsb/7l0g.cif.gz	/Users/mitchellparker/Desktop/rascore_build/renum/7l0g_renum.cif	/Users/mitchellparker/Desktop/rascore_build/rcsb_assembly/7l0g-assembly-1.cif.gz	/Users/mitchellparker/Desktop/rascore_build/renum_assembly/7l0g-assembly-1_renum.cif	/Users/mitchellparker/Desktop/rascore_build/sifts/7l0g.xml.gz	/Users/mitchellparker/Desktop/rascore_build/pocket/7l0gA_6_pocket.pdb
7l0gB	7l0g	0	B	Y32in.3P-ON	Outlier	Y32in	Y71in	P 1 21 1 (CF20)	7l0gB1	1	GTPase HRas	RASH_HUMAN	P01112	G12C	G12	HRAS	3P	G12C	None	None	Binder	None	SP2-Unbound	P 1 21 1	167	1-166	2020-12-11	Other	183.3897	0.0007	Unbound	Unbound	97,107,108,109,110,137,138,139,162,165,166	GSP,MG	Monobody 12VC1	None	D:64,35,32,34,147,30,28,117,120,85,86,12,61,60,59,63,33,36,62	None	None	None	None	Binder	None	D	GSP	MG	None	None	None	None	STP	XRAY	2.540	0.196	SMTEYKLVVVGACGVGKSALTIQLIQNHFVDEYDPTIEDSYRKQVVIDGETCLLDILDTAGQEEYSAMRDQYMRTGEGFLCVFAINNTKSFEDIHQYREQIKRVKDSDDVPMVLVGNKCDLAARTVESRQAQDLARSYGIPYIETSAKTRQGVEDAFYTLVREIRQH	True	71.834	62.596	123.404	90.00	101.22	90.00	/Users/mitchellparker/Desktop/rascore_build/core/7l0gB_core.cif	/Users/mitchellparker/Desktop/rascore_build/rcsb/7l0g.cif.gz	/Users/mitchellparker/Desktop/rascore_build/renum/7l0g_renum.cif	/Users/mitchellparker/Desktop/rascore_build/rcsb_assembly/7l0g-assembly-1.cif.gz	/Users/mitchellparker/Desktop/rascore_build/renum_assembly/7l0g-assembly-1_renum.cif	/Users/mitchellparker/Desktop/rascore_build/sifts/7l0g.xml.gz	/Users/mitchellparker/Desktop/rascore_build/pocket/7l0gB_1_pocket.pdb
7l0gB	7l0g	0	B	Y32in.3P-ON	Outlier	Y32in	Y71in	P 1 21 1 (CF20)	7l0gB2	2	GTPase HRas	RASH_HUMAN	P01112	G12C	G12	HRAS	3P	G12C	None	None	Binder	None	SP2-Unbound	P 1 21 1	167	1-166	2020-12-11	Other	281.6276	0.0001	Unbound	Unbound	1,3,41,42,43,52	GSP,MG	Monobody 12VC1	None	D:64,35,32,34,147,30,28,117,120,85,86,12,61,60,59,63,33,36,62	None	None	None	None	Binder	None	D	GSP	MG	None	None	None	None	STP	XRAY	2.540	0.196	SMTEYKLVVVGACGVGKSALTIQLIQNHFVDEYDPTIEDSYRKQVVIDGETCLLDILDTAGQEEYSAMRDQYMRTGEGFLCVFAINNTKSFEDIHQYREQIKRVKDSDDVPMVLVGNKCDLAARTVESRQAQDLARSYGIPYIETSAKTRQGVEDAFYTLVREIRQH	True	71.834	62.596	123.404	90.00	101.22	90.00	/Users/mitchellparker/Desktop/rascore_build/core/7l0gB_core.cif	/Users/mitchellparker/Desktop/rascore_build/rcsb/7l0g.cif.gz	/Users/mitchellparker/Desktop/rascore_build/renum/7l0g_renum.cif	/Users/mitchellparker/Desktop/rascore_build/rcsb_assembly/7l0g-assembly-1.cif.gz	/Users/mitchellparker/Desktop/rascore_build/renum_assembly/7l0g-assembly-1_renum.cif	/Users/mitchellparker/Desktop/rascore_build/sifts/7l0g.xml.gz	/Users/mitchellparker/Desktop/rascore_build/pocket/7l0gB_2_pocket.pdb
7l0gB	7l0g	0	B	Y32in.3P-ON	Outlier	Y32in	Y71in	P 1 21 1 (CF20)	7l0gB3	3	GTPase HRas	RASH_HUMAN	P01112	G12C	G12	HRAS	3P	G12C	None	None	Binder	None	SP2-Unbound	P 1 21 1	167	1-166	2020-12-11	Other	483.3990	0.0001	Unbound	Unbound	127,131,132,134,135,139,141,143	GSP,MG	Monobody 12VC1	None	D:64,35,32,34,147,30,28,117,120,85,86,12,61,60,59,63,33,36,62	None	None	None	None	Binder	None	D	GSP	MG	None	None	None	None	STP	XRAY	2.540	0.196	SMTEYKLVVVGACGVGKSALTIQLIQNHFVDEYDPTIEDSYRKQVVIDGETCLLDILDTAGQEEYSAMRDQYMRTGEGFLCVFAINNTKSFEDIHQYREQIKRVKDSDDVPMVLVGNKCDLAARTVESRQAQDLARSYGIPYIETSAKTRQGVEDAFYTLVREIRQH	True	71.834	62.596	123.404	90.00	101.22	90.00	/Users/mitchellparker/Desktop/rascore_build/core/7l0gB_core.cif	/Users/mitchellparker/Desktop/rascore_build/rcsb/7l0g.cif.gz	/Users/mitchellparker/Desktop/rascore_build/renum/7l0g_renum.cif	/Users/mitchellparker/Desktop/rascore_build/rcsb_assembly/7l0g-assembly-1.cif.gz	/Users/mitchellparker/Desktop/rascore_build/renum_assembly/7l0g-assembly-1_renum.cif	/Users/mitchellparker/Desktop/rascore_build/sifts/7l0g.xml.gz	/Users/mitchellparker/Desktop/rascore_build/pocket/7l0gB_3_pocket.pdb
7l0gB	7l0g	0	B	Y32in.3P-ON	Outlier	Y32in	Y71in	P 1 21 1 (CF20)	7l0gB4	4	GTPase HRas	RASH_HUMAN	P01112	G12C	G12	HRAS	3P	G12C	None	None	Binder	None	SP2-Unbound	P 1 21 1	167	1-166	2020-12-11	Other	493.9520	0.0003	Unbound	Unbound	95,98,99,101,102,105,106,107	GSP,MG	Monobody 12VC1	None	D:64,35,32,34,147,30,28,117,120,85,86,12,61,60,59,63,33,36,62	None	None	None	None	Binder	None	D	GSP	MG	None	None	None	None	STP	XRAY	2.540	0.196	SMTEYKLVVVGACGVGKSALTIQLIQNHFVDEYDPTIEDSYRKQVVIDGETCLLDILDTAGQEEYSAMRDQYMRTGEGFLCVFAINNTKSFEDIHQYREQIKRVKDSDDVPMVLVGNKCDLAARTVESRQAQDLARSYGIPYIETSAKTRQGVEDAFYTLVREIRQH	True	71.834	62.596	123.404	90.00	101.22	90.00	/Users/mitchellparker/Desktop/rascore_build/core/7l0gB_core.cif	/Users/mitchellparker/Desktop/rascore_build/rcsb/7l0g.cif.gz	/Users/mitchellparker/Desktop/rascore_build/renum/7l0g_renum.cif	/Users/mitchellparker/Desktop/rascore_build/rcsb_assembly/7l0g-assembly-1.cif.gz	/Users/mitchellparker/Desktop/rascore_build/renum_assembly/7l0g-assembly-1_renum.cif	/Users/mitchellparker/Desktop/rascore_build/sifts/7l0g.xml.gz	/Users/mitchellparker/Desktop/rascore_build/pocket/7l0gB_4_pocket.pdb
7l0gB	7l0g	0	B	Y32in.3P-ON	Outlier	Y32in	Y71in	P 1 21 1 (CF20)	7l0gB5	5	GTPase HRas	RASH_HUMAN	P01112	G12C	G12	HRAS	3P	G12C	None	None	Binder	None	SP2-Unbound	P 1 21 1	167	1-166	2020-12-11	SP2	381.8494	0.0036	Unbound	Unbound	61,62,63,68,71,88,92,95,96,99	GSP,MG	Monobody 12VC1	None	D:64,35,32,34,147,30,28,117,120,85,86,12,61,60,59,63,33,36,62	None	None	None	None	Binder	None	D	GSP	MG	None	None	None	None	STP	XRAY	2.540	0.196	SMTEYKLVVVGACGVGKSALTIQLIQNHFVDEYDPTIEDSYRKQVVIDGETCLLDILDTAGQEEYSAMRDQYMRTGEGFLCVFAINNTKSFEDIHQYREQIKRVKDSDDVPMVLVGNKCDLAARTVESRQAQDLARSYGIPYIETSAKTRQGVEDAFYTLVREIRQH	True	71.834	62.596	123.404	90.00	101.22	90.00	/Users/mitchellparker/Desktop/rascore_build/core/7l0gB_core.cif	/Users/mitchellparker/Desktop/rascore_build/rcsb/7l0g.cif.gz	/Users/mitchellparker/Desktop/rascore_build/renum/7l0g_renum.cif	/Users/mitchellparker/Desktop/rascore_build/rcsb_assembly/7l0g-assembly-1.cif.gz	/Users/mitchellparker/Desktop/rascore_build/renum_assembly/7l0g-assembly-1_renum.cif	/Users/mitchellparker/Desktop/rascore_build/sifts/7l0g.xml.gz	/Users/mitchellparker/Desktop/rascore_build/pocket/7l0gB_5_pocket.pdb
7l0gB	7l0g	0	B	Y32in.3P-ON	Outlier	Y32in	Y71in	P 1 21 1 (CF20)	7l0gB6	6	GTPase HRas	RASH_HUMAN	P01112	G12C	G12	HRAS	3P	G12C	None	None	Binder	None	SP2-Unbound	P 1 21 1	167	1-166	2020-12-11	Other	173.1755	0.0000	Unbound	Unbound	149,151,152,153,154	GSP,MG	Monobody 12VC1	None	D:64,35,32,34,147,30,28,117,120,85,86,12,61,60,59,63,33,36,62	None	None	None	None	Binder	None	D	GSP	MG	None	None	None	None	STP	XRAY	2.540	0.196	SMTEYKLVVVGACGVGKSALTIQLIQNHFVDEYDPTIEDSYRKQVVIDGETCLLDILDTAGQEEYSAMRDQYMRTGEGFLCVFAINNTKSFEDIHQYREQIKRVKDSDDVPMVLVGNKCDLAARTVESRQAQDLARSYGIPYIETSAKTRQGVEDAFYTLVREIRQH	True	71.834	62.596	123.404	90.00	101.22	90.00	/Users/mitchellparker/Desktop/rascore_build/core/7l0gB_core.cif	/Users/mitchellparker/Desktop/rascore_build/rcsb/7l0g.cif.gz	/Users/mitchellparker/Desktop/rascore_build/renum/7l0g_renum.cif	/Users/mitchellparker/Desktop/rascore_build/rcsb_assembly/7l0g-assembly-1.cif.gz	/Users/mitchellparker/Desktop/rascore_build/renum_assembly/7l0g-assembly-1_renum.cif	/Users/mitchellparker/Desktop/rascore_build/sifts/7l0g.xml.gz	/Users/mitchellparker/Desktop/rascore_build/pocket/7l0gB_6_pocket.pdb
7l0gB	7l0g	0	B	Y32in.3P-ON	Outlier	Y32in	Y71in	P 1 21 1 (CF20)	7l0gB7	7	GTPase HRas	RASH_HUMAN	P01112	G12C	G12	HRAS	3P	G12C	None	None	Binder	None	SP2-Unbound	P 1 21 1	167	1-166	2020-12-11	Other	349.0568	0.0002	Unbound	Unbound	68,69,73,99,102,103,105	GSP,MG	Monobody 12VC1	None	D:64,35,32,34,147,30,28,117,120,85,86,12,61,60,59,63,33,36,62	None	None	None	None	Binder	None	D	GSP	MG	None	None	None	None	STP	XRAY	2.540	0.196	SMTEYKLVVVGACGVGKSALTIQLIQNHFVDEYDPTIEDSYRKQVVIDGETCLLDILDTAGQEEYSAMRDQYMRTGEGFLCVFAINNTKSFEDIHQYREQIKRVKDSDDVPMVLVGNKCDLAARTVESRQAQDLARSYGIPYIETSAKTRQGVEDAFYTLVREIRQH	True	71.834	62.596	123.404	90.00	101.22	90.00	/Users/mitchellparker/Desktop/rascore_build/core/7l0gB_core.cif	/Users/mitchellparker/Desktop/rascore_build/rcsb/7l0g.cif.gz	/Users/mitchellparker/Desktop/rascore_build/renum/7l0g_renum.cif	/Users/mitchellparker/Desktop/rascore_build/rcsb_assembly/7l0g-assembly-1.cif.gz	/Users/mitchellparker/Desktop/rascore_build/renum_assembly/7l0g-assembly-1_renum.cif	/Users/mitchellparker/Desktop/rascore_build/sifts/7l0g.xml.gz	/Users/mitchellparker/Desktop/rascore_build/pocket/7l0gB_7_pocket.pdb
7l0gE	7l0g	0	E	Y32in.3P-ON	Outlier	Y32in	Y71in	P 1 21 1 (CF20)	7l0gE1	1	GTPase HRas	RASH_HUMAN	P01112	G12C	G12	HRAS	3P	G12C	None	None	Binder	None	Multiple-Unbound	P 1 21 1	167	1-165	2020-12-11	SP2	449.4614	0.0139	Unbound	Unbound	9,61,62,63,68,71,72,88,92,95,96,99,100	GSP,MG	Monobody 12VC1	None	F:64,35,32,34,28,30,117,85,120,86,12,61,60,59,63,36,33	None	None	None	None	Binder	None	F	GSP	MG	None	None	None	None	STP	XRAY	2.540	0.196	SMTEYKLVVVGACGVGKSALTIQLIQNHFVDEYDPTIEDSYRKQVVIDGETCLLDILDTAGQEEYSAMRDQYMRTGEGFLCVFAINNTKSFEDIHQYREQIKRVKDSDDVPMVLVGNKCDLAARTVESRQAQDLARSYGIPYIETSAKTRQGVEDAFYTLVREIRQH	True	71.834	62.596	123.404	90.00	101.22	90.00	/Users/mitchellparker/Desktop/rascore_build/core/7l0gE_core.cif	/Users/mitchellparker/Desktop/rascore_build/rcsb/7l0g.cif.gz	/Users/mitchellparker/Desktop/rascore_build/renum/7l0g_renum.cif	/Users/mitchellparker/Desktop/rascore_build/rcsb_assembly/7l0g-assembly-1.cif.gz	/Users/mitchellparker/Desktop/rascore_build/renum_assembly/7l0g-assembly-1_renum.cif	/Users/mitchellparker/Desktop/rascore_build/sifts/7l0g.xml.gz	/Users/mitchellparker/Desktop/rascore_build/pocket/7l0gE_1_pocket.pdb
7l0gE	7l0g	0	E	Y32in.3P-ON	Outlier	Y32in	Y71in	P 1 21 1 (CF20)	7l0gE2	2	GTPase HRas	RASH_HUMAN	P01112	G12C	G12	HRAS	3P	G12C	None	None	Binder	None	Multiple-Unbound	P 1 21 1	167	1-165	2020-12-11	Other	284.0332	0.0033	Unbound	Unbound	94,97,98,101,102,137	GSP,MG	Monobody 12VC1	None	F:64,35,32,34,28,30,117,85,120,86,12,61,60,59,63,36,33	None	None	None	None	Binder	None	F	GSP	MG	None	None	None	None	STP	XRAY	2.540	0.196	SMTEYKLVVVGACGVGKSALTIQLIQNHFVDEYDPTIEDSYRKQVVIDGETCLLDILDTAGQEEYSAMRDQYMRTGEGFLCVFAINNTKSFEDIHQYREQIKRVKDSDDVPMVLVGNKCDLAARTVESRQAQDLARSYGIPYIETSAKTRQGVEDAFYTLVREIRQH	True	71.834	62.596	123.404	90.00	101.22	90.00	/Users/mitchellparker/Desktop/rascore_build/core/7l0gE_core.cif	/Users/mitchellparker/Desktop/rascore_build/rcsb/7l0g.cif.gz	/Users/mitchellparker/Desktop/rascore_build/renum/7l0g_renum.cif	/Users/mitchellparker/Desktop/rascore_build/rcsb_assembly/7l0g-assembly-1.cif.gz	/Users/mitchellparker/Desktop/rascore_build/renum_assembly/7l0g-assembly-1_renum.cif	/Users/mitchellparker/Desktop/rascore_build/sifts/7l0g.xml.gz	/Users/mitchellparker/Desktop/rascore_build/pocket/7l0gE_2_pocket.pdb
7l0gE	7l0g	0	E	Y32in.3P-ON	Outlier	Y32in	Y71in	P 1 21 1 (CF20)	7l0gE3	3	GTPase HRas	RASH_HUMAN	P01112	G12C	G12	HRAS	3P	G12C	None	None	Binder	None	Multiple-Unbound	P 1 21 1	167	1-165	2020-12-11	Other	306.7160	0.0004	Unbound	Unbound	37,56,67,70,71,73,74	GSP,MG	Monobody 12VC1	None	F:64,35,32,34,28,30,117,85,120,86,12,61,60,59,63,36,33	None	None	None	None	Binder	None	F	GSP	MG	None	None	None	None	STP	XRAY	2.540	0.196	SMTEYKLVVVGACGVGKSALTIQLIQNHFVDEYDPTIEDSYRKQVVIDGETCLLDILDTAGQEEYSAMRDQYMRTGEGFLCVFAINNTKSFEDIHQYREQIKRVKDSDDVPMVLVGNKCDLAARTVESRQAQDLARSYGIPYIETSAKTRQGVEDAFYTLVREIRQH	True	71.834	62.596	123.404	90.00	101.22	90.00	/Users/mitchellparker/Desktop/rascore_build/core/7l0gE_core.cif	/Users/mitchellparker/Desktop/rascore_build/rcsb/7l0g.cif.gz	/Users/mitchellparker/Desktop/rascore_build/renum/7l0g_renum.cif	/Users/mitchellparker/Desktop/rascore_build/rcsb_assembly/7l0g-assembly-1.cif.gz	/Users/mitchellparker/Desktop/rascore_build/renum_assembly/7l0g-assembly-1_renum.cif	/Users/mitchellparker/Desktop/rascore_build/sifts/7l0g.xml.gz	/Users/mitchellparker/Desktop/rascore_build/pocket/7l0gE_3_pocket.pdb
7l0gE	7l0g	0	E	Y32in.3P-ON	Outlier	Y32in	Y71in	P 1 21 1 (CF20)	7l0gE4	4	GTPase HRas	RASH_HUMAN	P01112	G12C	G12	HRAS	3P	G12C	None	None	Binder	None	Multiple-Unbound	P 1 21 1	167	1-165	2020-12-11	Other	298.8112	0.0001	Unbound	Unbound	97,107,108,109,110,137,138,139,162,163,165	GSP,MG	Monobody 12VC1	None	F:64,35,32,34,28,30,117,85,120,86,12,61,60,59,63,36,33	None	None	None	None	Binder	None	F	GSP	MG	None	None	None	None	STP	XRAY	2.540	0.196	SMTEYKLVVVGACGVGKSALTIQLIQNHFVDEYDPTIEDSYRKQVVIDGETCLLDILDTAGQEEYSAMRDQYMRTGEGFLCVFAINNTKSFEDIHQYREQIKRVKDSDDVPMVLVGNKCDLAARTVESRQAQDLARSYGIPYIETSAKTRQGVEDAFYTLVREIRQH	True	71.834	62.596	123.404	90.00	101.22	90.00	/Users/mitchellparker/Desktop/rascore_build/core/7l0gE_core.cif	/Users/mitchellparker/Desktop/rascore_build/rcsb/7l0g.cif.gz	/Users/mitchellparker/Desktop/rascore_build/renum/7l0g_renum.cif	/Users/mitchellparker/Desktop/rascore_build/rcsb_assembly/7l0g-assembly-1.cif.gz	/Users/mitchellparker/Desktop/rascore_build/renum_assembly/7l0g-assembly-1_renum.cif	/Users/mitchellparker/Desktop/rascore_build/sifts/7l0g.xml.gz	/Users/mitchellparker/Desktop/rascore_build/pocket/7l0gE_4_pocket.pdb
7l0gE	7l0g	0	E	Y32in.3P-ON	Outlier	Y32in	Y71in	P 1 21 1 (CF20)	7l0gE5	5	GTPase HRas	RASH_HUMAN	P01112	G12C	G12	HRAS	3P	G12C	None	None	Binder	None	Multiple-Unbound	P 1 21 1	167	1-165	2020-12-11	SP12	209.5141	0.0006	Unbound	Unbound	5,6,7,39,54,56,74,75	GSP,MG	Monobody 12VC1	None	F:64,35,32,34,28,30,117,85,120,86,12,61,60,59,63,36,33	None	None	None	None	Binder	None	F	GSP	MG	None	None	None	None	STP	XRAY	2.540	0.196	SMTEYKLVVVGACGVGKSALTIQLIQNHFVDEYDPTIEDSYRKQVVIDGETCLLDILDTAGQEEYSAMRDQYMRTGEGFLCVFAINNTKSFEDIHQYREQIKRVKDSDDVPMVLVGNKCDLAARTVESRQAQDLARSYGIPYIETSAKTRQGVEDAFYTLVREIRQH	True	71.834	62.596	123.404	90.00	101.22	90.00	/Users/mitchellparker/Desktop/rascore_build/core/7l0gE_core.cif	/Users/mitchellparker/Desktop/rascore_build/rcsb/7l0g.cif.gz	/Users/mitchellparker/Desktop/rascore_build/renum/7l0g_renum.cif	/Users/mitchellparker/Desktop/rascore_build/rcsb_assembly/7l0g-assembly-1.cif.gz	/Users/mitchellparker/Desktop/rascore_build/renum_assembly/7l0g-assembly-1_renum.cif	/Users/mitchellparker/Desktop/rascore_build/sifts/7l0g.xml.gz	/Users/mitchellparker/Desktop/rascore_build/pocket/7l0gE_5_pocket.pdb
7l0gE	7l0g	0	E	Y32in.3P-ON	Outlier	Y32in	Y71in	P 1 21 1 (CF20)	7l0gE6	6	GTPase HRas	RASH_HUMAN	P01112	G12C	G12	HRAS	3P	G12C	None	None	Binder	None	Multiple-Unbound	P 1 21 1	167	1-165	2020-12-11	Other	490.0454	0.0001	Unbound	Unbound	65,68,69,72,73,98,99,102,103,105	GSP,MG	Monobody 12VC1	None	F:64,35,32,34,28,30,117,85,120,86,12,61,60,59,63,36,33	None	None	None	None	Binder	None	F	GSP	MG	None	None	None	None	STP	XRAY	2.540	0.196	SMTEYKLVVVGACGVGKSALTIQLIQNHFVDEYDPTIEDSYRKQVVIDGETCLLDILDTAGQEEYSAMRDQYMRTGEGFLCVFAINNTKSFEDIHQYREQIKRVKDSDDVPMVLVGNKCDLAARTVESRQAQDLARSYGIPYIETSAKTRQGVEDAFYTLVREIRQH	True	71.834	62.596	123.404	90.00	101.22	90.00	/Users/mitchellparker/Desktop/rascore_build/core/7l0gE_core.cif	/Users/mitchellparker/Desktop/rascore_build/rcsb/7l0g.cif.gz	/Users/mitchellparker/Desktop/rascore_build/renum/7l0g_renum.cif	/Users/mitchellparker/Desktop/rascore_build/rcsb_assembly/7l0g-assembly-1.cif.gz	/Users/mitchellparker/Desktop/rascore_build/renum_assembly/7l0g-assembly-1_renum.cif	/Users/mitchellparker/Desktop/rascore_build/sifts/7l0g.xml.gz	/Users/mitchellparker/Desktop/rascore_build/pocket/7l0gE_6_pocket.pdb
7l0gG	7l0g	0	G	Y32in.3P-ON	Outlier	Y32in	Y71in	P 1 21 1 (CF20)	7l0gG1	1	GTPase HRas	RASH_HUMAN	P01112	G12C	G12	HRAS	3P	G12C	None	None	Binder	None	SP12-Unbound	P 1 21 1	167	1-166	2020-12-11	SP12	177.5504	0.0013	Unbound	Unbound	5,6,7,39,54,56,74,75	GSP,MG	Monobody 12VC1	None	H:64,35,32,34,28,30,117,85,120,86,12,61,60,59,63,33,36	None	None	None	None	Binder	None	H	GSP	MG	None	None	None	None	STP	XRAY	2.540	0.196	SMTEYKLVVVGACGVGKSALTIQLIQNHFVDEYDPTIEDSYRKQVVIDGETCLLDILDTAGQEEYSAMRDQYMRTGEGFLCVFAINNTKSFEDIHQYREQIKRVKDSDDVPMVLVGNKCDLAARTVESRQAQDLARSYGIPYIETSAKTRQGVEDAFYTLVREIRQH	True	71.834	62.596	123.404	90.00	101.22	90.00	/Users/mitchellparker/Desktop/rascore_build/core/7l0gG_core.cif	/Users/mitchellparker/Desktop/rascore_build/rcsb/7l0g.cif.gz	/Users/mitchellparker/Desktop/rascore_build/renum/7l0g_renum.cif	/Users/mitchellparker/Desktop/rascore_build/rcsb_assembly/7l0g-assembly-1.cif.gz	/Users/mitchellparker/Desktop/rascore_build/renum_assembly/7l0g-assembly-1_renum.cif	/Users/mitchellparker/Desktop/rascore_build/sifts/7l0g.xml.gz	/Users/mitchellparker/Desktop/rascore_build/pocket/7l0gG_1_pocket.pdb
7l0gG	7l0g	0	G	Y32in.3P-ON	Outlier	Y32in	Y71in	P 1 21 1 (CF20)	7l0gG2	2	GTPase HRas	RASH_HUMAN	P01112	G12C	G12	HRAS	3P	G12C	None	None	Binder	None	SP12-Unbound	P 1 21 1	167	1-166	2020-12-11	Other	267.5723	0.0004	Unbound	Unbound	65,68,69,73,99,102,103	GSP,MG	Monobody 12VC1	None	H:64,35,32,34,28,30,117,85,120,86,12,61,60,59,63,33,36	None	None	None	None	Binder	None	H	GSP	MG	None	None	None	None	STP	XRAY	2.540	0.196	SMTEYKLVVVGACGVGKSALTIQLIQNHFVDEYDPTIEDSYRKQVVIDGETCLLDILDTAGQEEYSAMRDQYMRTGEGFLCVFAINNTKSFEDIHQYREQIKRVKDSDDVPMVLVGNKCDLAARTVESRQAQDLARSYGIPYIETSAKTRQGVEDAFYTLVREIRQH	True	71.834	62.596	123.404	90.00	101.22	90.00	/Users/mitchellparker/Desktop/rascore_build/core/7l0gG_core.cif	/Users/mitchellparker/Desktop/rascore_build/rcsb/7l0g.cif.gz	/Users/mitchellparker/Desktop/rascore_build/renum/7l0g_renum.cif	/Users/mitchellparker/Desktop/rascore_build/rcsb_assembly/7l0g-assembly-1.cif.gz	/Users/mitchellparker/Desktop/rascore_build/renum_assembly/7l0g-assembly-1_renum.cif	/Users/mitchellparker/Desktop/rascore_build/sifts/7l0g.xml.gz	/Users/mitchellparker/Desktop/rascore_build/pocket/7l0gG_2_pocket.pdb
7lc1A	7lc1	0	A	Y32in.3P-ON	Y71in.3P-R	Y32in	Y71in	P 1 21 1 (CF21)	7lc1A1	1	GTPase KRas	RASK_HUMAN	P01116-2	Q25A	Q25	KRAS	3P	Other	None	None	Other	None	Other-Unbound	P 1 21 1	170	1-167	2021-01-09	Other	222.4427	0.0009	Unbound	Unbound	97,108,109,110,137,138,139,162,165,166	MG,GNP	Target of rapamycin complex 2 subunit MAPKAP1	None	B:36,64,41,39,40,38,37,33,21,34,27,25,29,70,66,67,63,62,65,61	SIN1_HUMAN	None	None	None	Other	None	B	GNP	MG	None	None	None	None	STP	XRAY	2.350	0.234	GMTEYKLVVVGAGGVGKSALTIQLIANHFVDEYDPTIEDSYRKQVVIDGETCLLDILDTAGQEEYSAMRDQYMRTGEGFLCVFAINNTKSFEDIHHYREQIKRVKDSEDVPMVLVGNKCDLPSRTVDTKQAQDLARSYGIPFIETSAKTRQGVDDAFYTLVREIRKHKEK	True	42.760	97.070	96.620	90.000	92.320	90.000	/Users/mitchellparker/Desktop/rascore_build/core/7lc1A_core.cif	/Users/mitchellparker/Desktop/rascore_build/rcsb/7lc1.cif.gz	/Users/mitchellparker/Desktop/rascore_build/renum/7lc1_renum.cif	/Users/mitchellparker/Desktop/rascore_build/rcsb_assembly/7lc1-assembly-2.cif.gz	/Users/mitchellparker/Desktop/rascore_build/renum_assembly/7lc1-assembly-2_renum.cif	/Users/mitchellparker/Desktop/rascore_build/sifts/7lc1.xml.gz	/Users/mitchellparker/Desktop/rascore_build/pocket/7lc1A_1_pocket.pdb
7lc1A	7lc1	0	A	Y32in.3P-ON	Y71in.3P-R	Y32in	Y71in	P 1 21 1 (CF21)	7lc1A2	2	GTPase KRas	RASK_HUMAN	P01116-2	Q25A	Q25	KRAS	3P	Other	None	None	Other	None	Other-Unbound	P 1 21 1	170	1-167	2021-01-09	Other	406.3707	0.0014	Unbound	Unbound	94,97,98,101,102,105,106,107,137	MG,GNP	Target of rapamycin complex 2 subunit MAPKAP1	None	B:36,64,41,39,40,38,37,33,21,34,27,25,29,70,66,67,63,62,65,61	SIN1_HUMAN	None	None	None	Other	None	B	GNP	MG	None	None	None	None	STP	XRAY	2.350	0.234	GMTEYKLVVVGAGGVGKSALTIQLIANHFVDEYDPTIEDSYRKQVVIDGETCLLDILDTAGQEEYSAMRDQYMRTGEGFLCVFAINNTKSFEDIHHYREQIKRVKDSEDVPMVLVGNKCDLPSRTVDTKQAQDLARSYGIPFIETSAKTRQGVDDAFYTLVREIRKHKEK	True	42.760	97.070	96.620	90.000	92.320	90.000	/Users/mitchellparker/Desktop/rascore_build/core/7lc1A_core.cif	/Users/mitchellparker/Desktop/rascore_build/rcsb/7lc1.cif.gz	/Users/mitchellparker/Desktop/rascore_build/renum/7lc1_renum.cif	/Users/mitchellparker/Desktop/rascore_build/rcsb_assembly/7lc1-assembly-2.cif.gz	/Users/mitchellparker/Desktop/rascore_build/renum_assembly/7lc1-assembly-2_renum.cif	/Users/mitchellparker/Desktop/rascore_build/sifts/7lc1.xml.gz	/Users/mitchellparker/Desktop/rascore_build/pocket/7lc1A_2_pocket.pdb
7lc1A	7lc1	0	A	Y32in.3P-ON	Y71in.3P-R	Y32in	Y71in	P 1 21 1 (CF21)	7lc1A3	3	GTPase KRas	RASK_HUMAN	P01116-2	Q25A	Q25	KRAS	3P	Other	None	None	Other	None	Other-Unbound	P 1 21 1	170	1-167	2021-01-09	Other	327.1369	0.0074	Unbound	Unbound	73,74,75,76,104,106,108,109,110,163,166,167	MG,GNP	Target of rapamycin complex 2 subunit MAPKAP1	None	B:36,64,41,39,40,38,37,33,21,34,27,25,29,70,66,67,63,62,65,61	SIN1_HUMAN	None	None	None	Other	None	B	GNP	MG	None	None	None	None	STP	XRAY	2.350	0.234	GMTEYKLVVVGAGGVGKSALTIQLIANHFVDEYDPTIEDSYRKQVVIDGETCLLDILDTAGQEEYSAMRDQYMRTGEGFLCVFAINNTKSFEDIHHYREQIKRVKDSEDVPMVLVGNKCDLPSRTVDTKQAQDLARSYGIPFIETSAKTRQGVDDAFYTLVREIRKHKEK	True	42.760	97.070	96.620	90.000	92.320	90.000	/Users/mitchellparker/Desktop/rascore_build/core/7lc1A_core.cif	/Users/mitchellparker/Desktop/rascore_build/rcsb/7lc1.cif.gz	/Users/mitchellparker/Desktop/rascore_build/renum/7lc1_renum.cif	/Users/mitchellparker/Desktop/rascore_build/rcsb_assembly/7lc1-assembly-2.cif.gz	/Users/mitchellparker/Desktop/rascore_build/renum_assembly/7lc1-assembly-2_renum.cif	/Users/mitchellparker/Desktop/rascore_build/sifts/7lc1.xml.gz	/Users/mitchellparker/Desktop/rascore_build/pocket/7lc1A_3_pocket.pdb
7lc1A	7lc1	0	A	Y32in.3P-ON	Y71in.3P-R	Y32in	Y71in	P 1 21 1 (CF21)	7lc1A4	4	GTPase KRas	RASK_HUMAN	P01116-2	Q25A	Q25	KRAS	3P	Other	None	None	Other	None	Other-Unbound	P 1 21 1	170	1-167	2021-01-09	Other	132.3142	0.0001	Unbound	Unbound	126,128,129,132	MG,GNP	Target of rapamycin complex 2 subunit MAPKAP1	None	B:36,64,41,39,40,38,37,33,21,34,27,25,29,70,66,67,63,62,65,61	SIN1_HUMAN	None	None	None	Other	None	B	GNP	MG	None	None	None	None	STP	XRAY	2.350	0.234	GMTEYKLVVVGAGGVGKSALTIQLIANHFVDEYDPTIEDSYRKQVVIDGETCLLDILDTAGQEEYSAMRDQYMRTGEGFLCVFAINNTKSFEDIHHYREQIKRVKDSEDVPMVLVGNKCDLPSRTVDTKQAQDLARSYGIPFIETSAKTRQGVDDAFYTLVREIRKHKEK	True	42.760	97.070	96.620	90.000	92.320	90.000	/Users/mitchellparker/Desktop/rascore_build/core/7lc1A_core.cif	/Users/mitchellparker/Desktop/rascore_build/rcsb/7lc1.cif.gz	/Users/mitchellparker/Desktop/rascore_build/renum/7lc1_renum.cif	/Users/mitchellparker/Desktop/rascore_build/rcsb_assembly/7lc1-assembly-2.cif.gz	/Users/mitchellparker/Desktop/rascore_build/renum_assembly/7lc1-assembly-2_renum.cif	/Users/mitchellparker/Desktop/rascore_build/sifts/7lc1.xml.gz	/Users/mitchellparker/Desktop/rascore_build/pocket/7lc1A_4_pocket.pdb
7lc1A	7lc1	0	A	Y32in.3P-ON	Y71in.3P-R	Y32in	Y71in	P 1 21 1 (CF21)	7lc1A5	5	GTPase KRas	RASK_HUMAN	P01116-2	Q25A	Q25	KRAS	3P	Other	None	None	Other	None	Other-Unbound	P 1 21 1	170	1-167	2021-01-09	Other	178.7176	0.0030	Unbound	Unbound	47,161,164,165	MG,GNP	Target of rapamycin complex 2 subunit MAPKAP1	None	B:36,64,41,39,40,38,37,33,21,34,27,25,29,70,66,67,63,62,65,61	SIN1_HUMAN	None	None	None	Other	None	B	GNP	MG	None	None	None	None	STP	XRAY	2.350	0.234	GMTEYKLVVVGAGGVGKSALTIQLIANHFVDEYDPTIEDSYRKQVVIDGETCLLDILDTAGQEEYSAMRDQYMRTGEGFLCVFAINNTKSFEDIHHYREQIKRVKDSEDVPMVLVGNKCDLPSRTVDTKQAQDLARSYGIPFIETSAKTRQGVDDAFYTLVREIRKHKEK	True	42.760	97.070	96.620	90.000	92.320	90.000	/Users/mitchellparker/Desktop/rascore_build/core/7lc1A_core.cif	/Users/mitchellparker/Desktop/rascore_build/rcsb/7lc1.cif.gz	/Users/mitchellparker/Desktop/rascore_build/renum/7lc1_renum.cif	/Users/mitchellparker/Desktop/rascore_build/rcsb_assembly/7lc1-assembly-2.cif.gz	/Users/mitchellparker/Desktop/rascore_build/renum_assembly/7lc1-assembly-2_renum.cif	/Users/mitchellparker/Desktop/rascore_build/sifts/7lc1.xml.gz	/Users/mitchellparker/Desktop/rascore_build/pocket/7lc1A_5_pocket.pdb
7lc1C	7lc1	0	C	Y32in.3P-ON	Y71in.3P-R	Y32in	Y71in	P 1 21 1 (CF21)	7lc1C1	1	GTPase KRas	RASK_HUMAN	P01116-2	Q25A	Q25	KRAS	3P	Other	None	None	Other	None	Other-Unbound	P 1 21 1	170	1-166	2021-01-09	Other	297.8044	0.0200	Unbound	Unbound	4,45,46,47,157,160,161,164	MG,GNP	Target of rapamycin complex 2 subunit MAPKAP1	None	D:64,41,40,39,38,37,36,21,33,34,27,29,70,66,63,67,62,65	SIN1_HUMAN	None	None	None	Other	None	D	GNP	MG	None	None	None	None	STP	XRAY	2.350	0.234	GMTEYKLVVVGAGGVGKSALTIQLIANHFVDEYDPTIEDSYRKQVVIDGETCLLDILDTAGQEEYSAMRDQYMRTGEGFLCVFAINNTKSFEDIHHYREQIKRVKDSEDVPMVLVGNKCDLPSRTVDTKQAQDLARSYGIPFIETSAKTRQGVDDAFYTLVREIRKHKEK	True	42.760	97.070	96.620	90.000	92.320	90.000	/Users/mitchellparker/Desktop/rascore_build/core/7lc1C_core.cif	/Users/mitchellparker/Desktop/rascore_build/rcsb/7lc1.cif.gz	/Users/mitchellparker/Desktop/rascore_build/renum/7lc1_renum.cif	/Users/mitchellparker/Desktop/rascore_build/rcsb_assembly/7lc1-assembly-2.cif.gz	/Users/mitchellparker/Desktop/rascore_build/renum_assembly/7lc1-assembly-2_renum.cif	/Users/mitchellparker/Desktop/rascore_build/sifts/7lc1.xml.gz	/Users/mitchellparker/Desktop/rascore_build/pocket/7lc1C_1_pocket.pdb
7lc1C	7lc1	0	C	Y32in.3P-ON	Y71in.3P-R	Y32in	Y71in	P 1 21 1 (CF21)	7lc1C2	2	GTPase KRas	RASK_HUMAN	P01116-2	Q25A	Q25	KRAS	3P	Other	None	None	Other	None	Other-Unbound	P 1 21 1	170	1-166	2021-01-09	Other	363.0289	0.0006	Unbound	Unbound	97,101,107,108,109,110,111,137,138,139,162,165,166	MG,GNP	Target of rapamycin complex 2 subunit MAPKAP1	None	D:64,41,40,39,38,37,36,21,33,34,27,29,70,66,63,67,62,65	SIN1_HUMAN	None	None	None	Other	None	D	GNP	MG	None	None	None	None	STP	XRAY	2.350	0.234	GMTEYKLVVVGAGGVGKSALTIQLIANHFVDEYDPTIEDSYRKQVVIDGETCLLDILDTAGQEEYSAMRDQYMRTGEGFLCVFAINNTKSFEDIHHYREQIKRVKDSEDVPMVLVGNKCDLPSRTVDTKQAQDLARSYGIPFIETSAKTRQGVDDAFYTLVREIRKHKEK	True	42.760	97.070	96.620	90.000	92.320	90.000	/Users/mitchellparker/Desktop/rascore_build/core/7lc1C_core.cif	/Users/mitchellparker/Desktop/rascore_build/rcsb/7lc1.cif.gz	/Users/mitchellparker/Desktop/rascore_build/renum/7lc1_renum.cif	/Users/mitchellparker/Desktop/rascore_build/rcsb_assembly/7lc1-assembly-2.cif.gz	/Users/mitchellparker/Desktop/rascore_build/renum_assembly/7lc1-assembly-2_renum.cif	/Users/mitchellparker/Desktop/rascore_build/sifts/7lc1.xml.gz	/Users/mitchellparker/Desktop/rascore_build/pocket/7lc1C_2_pocket.pdb
7lc1C	7lc1	0	C	Y32in.3P-ON	Y71in.3P-R	Y32in	Y71in	P 1 21 1 (CF21)	7lc1C3	3	GTPase KRas	RASK_HUMAN	P01116-2	Q25A	Q25	KRAS	3P	Other	None	None	Other	None	Other-Unbound	P 1 21 1	170	1-166	2021-01-09	Other	342.4622	0.0017	Unbound	Unbound	76,104,106,108,109,110,163,166	MG,GNP	Target of rapamycin complex 2 subunit MAPKAP1	None	D:64,41,40,39,38,37,36,21,33,34,27,29,70,66,63,67,62,65	SIN1_HUMAN	None	None	None	Other	None	D	GNP	MG	None	None	None	None	STP	XRAY	2.350	0.234	GMTEYKLVVVGAGGVGKSALTIQLIANHFVDEYDPTIEDSYRKQVVIDGETCLLDILDTAGQEEYSAMRDQYMRTGEGFLCVFAINNTKSFEDIHHYREQIKRVKDSEDVPMVLVGNKCDLPSRTVDTKQAQDLARSYGIPFIETSAKTRQGVDDAFYTLVREIRKHKEK	True	42.760	97.070	96.620	90.000	92.320	90.000	/Users/mitchellparker/Desktop/rascore_build/core/7lc1C_core.cif	/Users/mitchellparker/Desktop/rascore_build/rcsb/7lc1.cif.gz	/Users/mitchellparker/Desktop/rascore_build/renum/7lc1_renum.cif	/Users/mitchellparker/Desktop/rascore_build/rcsb_assembly/7lc1-assembly-2.cif.gz	/Users/mitchellparker/Desktop/rascore_build/renum_assembly/7lc1-assembly-2_renum.cif	/Users/mitchellparker/Desktop/rascore_build/sifts/7lc1.xml.gz	/Users/mitchellparker/Desktop/rascore_build/pocket/7lc1C_3_pocket.pdb
7lc1C	7lc1	0	C	Y32in.3P-ON	Y71in.3P-R	Y32in	Y71in	P 1 21 1 (CF21)	7lc1C4	4	GTPase KRas	RASK_HUMAN	P01116-2	Q25A	Q25	KRAS	3P	Other	None	None	Other	None	Other-Unbound	P 1 21 1	170	1-166	2021-01-09	Other	230.1260	0.0002	Unbound	Unbound	23,26,42,43,44,45,149,153,157	MG,GNP	Target of rapamycin complex 2 subunit MAPKAP1	None	D:64,41,40,39,38,37,36,21,33,34,27,29,70,66,63,67,62,65	SIN1_HUMAN	None	None	None	Other	None	D	GNP	MG	None	None	None	None	STP	XRAY	2.350	0.234	GMTEYKLVVVGAGGVGKSALTIQLIANHFVDEYDPTIEDSYRKQVVIDGETCLLDILDTAGQEEYSAMRDQYMRTGEGFLCVFAINNTKSFEDIHHYREQIKRVKDSEDVPMVLVGNKCDLPSRTVDTKQAQDLARSYGIPFIETSAKTRQGVDDAFYTLVREIRKHKEK	True	42.760	97.070	96.620	90.000	92.320	90.000	/Users/mitchellparker/Desktop/rascore_build/core/7lc1C_core.cif	/Users/mitchellparker/Desktop/rascore_build/rcsb/7lc1.cif.gz	/Users/mitchellparker/Desktop/rascore_build/renum/7lc1_renum.cif	/Users/mitchellparker/Desktop/rascore_build/rcsb_assembly/7lc1-assembly-2.cif.gz	/Users/mitchellparker/Desktop/rascore_build/renum_assembly/7lc1-assembly-2_renum.cif	/Users/mitchellparker/Desktop/rascore_build/sifts/7lc1.xml.gz	/Users/mitchellparker/Desktop/rascore_build/pocket/7lc1C_4_pocket.pdb
7lc2A	7lc2	0	A	Outlier	Disordered	Y32in	Y71in	C 1 2 1 (CF14)	7lc2A1	1	GTPase KRas	RASK_HUMAN	P01116-2	Q61R	Q61	KRAS	3P	Other	None	None	Other	None	SP2-Unbound	C 1 2 1	170	2-66:68-71:73-110:112-166	2021-01-09	Other	344.6914	0.0006	Unbound	Unbound	74,75,76,104,106,108,109,110,163,165	MSE,MSE,MSE,MSE,GNP,MG	Target of rapamycin complex 2 subunit MAPKAP1	None	E:64,36,41,39,40,38,37,33,25	SIN1_HUMAN	None	None	None	Other	None	E	GNP	MG	None	MSE	None	None	STP	XRAY	2.700	0.243	GMTEYKLVVVGAGGVGKSALTIQLIQNHFVDEYDPTIEDSYRKQVVIDGETCLLDILDTAGREEYSAMRDQYMRTGEGFLCVFAINNTKSFEDIHHYREQIKRVKDSEDVPMVLVGNKCDLPSRTVDTKQAQDLARSYGIPFIETSAKTRQGVDDAFYTLVREIRKHKEK	True	150.000	45.640	91.780	90.000	119.520	90.000	/Users/mitchellparker/Desktop/rascore_build/core/7lc2A_core.cif	/Users/mitchellparker/Desktop/rascore_build/rcsb/7lc2.cif.gz	/Users/mitchellparker/Desktop/rascore_build/renum/7lc2_renum.cif	/Users/mitchellparker/Desktop/rascore_build/rcsb_assembly/7lc2-assembly-1.cif.gz	/Users/mitchellparker/Desktop/rascore_build/renum_assembly/7lc2-assembly-1_renum.cif	/Users/mitchellparker/Desktop/rascore_build/sifts/7lc2.xml.gz	/Users/mitchellparker/Desktop/rascore_build/pocket/7lc2A_1_pocket.pdb
7lc2A	7lc2	0	A	Outlier	Disordered	Y32in	Y71in	C 1 2 1 (CF14)	7lc2A2	2	GTPase KRas	RASK_HUMAN	P01116-2	Q61R	Q61	KRAS	3P	Other	None	None	Other	None	SP2-Unbound	C 1 2 1	170	2-66:68-71:73-110:112-166	2021-01-09	Other	178.1296	0.0001	Unbound	Unbound	97,107,108,109,110,137,138,139,162,165	MSE,MSE,MSE,MSE,GNP,MG	Target of rapamycin complex 2 subunit MAPKAP1	None	E:64,36,41,39,40,38,37,33,25	SIN1_HUMAN	None	None	None	Other	None	E	GNP	MG	None	MSE	None	None	STP	XRAY	2.700	0.243	GMTEYKLVVVGAGGVGKSALTIQLIQNHFVDEYDPTIEDSYRKQVVIDGETCLLDILDTAGREEYSAMRDQYMRTGEGFLCVFAINNTKSFEDIHHYREQIKRVKDSEDVPMVLVGNKCDLPSRTVDTKQAQDLARSYGIPFIETSAKTRQGVDDAFYTLVREIRKHKEK	True	150.000	45.640	91.780	90.000	119.520	90.000	/Users/mitchellparker/Desktop/rascore_build/core/7lc2A_core.cif	/Users/mitchellparker/Desktop/rascore_build/rcsb/7lc2.cif.gz	/Users/mitchellparker/Desktop/rascore_build/renum/7lc2_renum.cif	/Users/mitchellparker/Desktop/rascore_build/rcsb_assembly/7lc2-assembly-1.cif.gz	/Users/mitchellparker/Desktop/rascore_build/renum_assembly/7lc2-assembly-1_renum.cif	/Users/mitchellparker/Desktop/rascore_build/sifts/7lc2.xml.gz	/Users/mitchellparker/Desktop/rascore_build/pocket/7lc2A_2_pocket.pdb
7lc2A	7lc2	0	A	Outlier	Disordered	Y32in	Y71in	C 1 2 1 (CF14)	7lc2A3	3	GTPase KRas	RASK_HUMAN	P01116-2	Q61R	Q61	KRAS	3P	Other	None	None	Other	None	SP2-Unbound	C 1 2 1	170	2-66:68-71:73-110:112-166	2021-01-09	SP2	73.9789	0.0002	Unbound	Unbound	62,68,95,96,99	MSE,MSE,MSE,MSE,GNP,MG	Target of rapamycin complex 2 subunit MAPKAP1	None	E:64,36,41,39,40,38,37,33,25	SIN1_HUMAN	None	None	None	Other	None	E	GNP	MG	None	MSE	None	None	STP	XRAY	2.700	0.243	GMTEYKLVVVGAGGVGKSALTIQLIQNHFVDEYDPTIEDSYRKQVVIDGETCLLDILDTAGREEYSAMRDQYMRTGEGFLCVFAINNTKSFEDIHHYREQIKRVKDSEDVPMVLVGNKCDLPSRTVDTKQAQDLARSYGIPFIETSAKTRQGVDDAFYTLVREIRKHKEK	True	150.000	45.640	91.780	90.000	119.520	90.000	/Users/mitchellparker/Desktop/rascore_build/core/7lc2A_core.cif	/Users/mitchellparker/Desktop/rascore_build/rcsb/7lc2.cif.gz	/Users/mitchellparker/Desktop/rascore_build/renum/7lc2_renum.cif	/Users/mitchellparker/Desktop/rascore_build/rcsb_assembly/7lc2-assembly-1.cif.gz	/Users/mitchellparker/Desktop/rascore_build/renum_assembly/7lc2-assembly-1_renum.cif	/Users/mitchellparker/Desktop/rascore_build/sifts/7lc2.xml.gz	/Users/mitchellparker/Desktop/rascore_build/pocket/7lc2A_3_pocket.pdb
7lc2A	7lc2	0	A	Outlier	Disordered	Y32in	Y71in	C 1 2 1 (CF14)	7lc2A4	4	GTPase KRas	RASK_HUMAN	P01116-2	Q61R	Q61	KRAS	3P	Other	None	None	Other	None	SP2-Unbound	C 1 2 1	170	2-66:68-71:73-110:112-166	2021-01-09	Other	155.4856	0.0002	Unbound	Unbound	131,134,135,139,141	MSE,MSE,MSE,MSE,GNP,MG	Target of rapamycin complex 2 subunit MAPKAP1	None	E:64,36,41,39,40,38,37,33,25	SIN1_HUMAN	None	None	None	Other	None	E	GNP	MG	None	MSE	None	None	STP	XRAY	2.700	0.243	GMTEYKLVVVGAGGVGKSALTIQLIQNHFVDEYDPTIEDSYRKQVVIDGETCLLDILDTAGREEYSAMRDQYMRTGEGFLCVFAINNTKSFEDIHHYREQIKRVKDSEDVPMVLVGNKCDLPSRTVDTKQAQDLARSYGIPFIETSAKTRQGVDDAFYTLVREIRKHKEK	True	150.000	45.640	91.780	90.000	119.520	90.000	/Users/mitchellparker/Desktop/rascore_build/core/7lc2A_core.cif	/Users/mitchellparker/Desktop/rascore_build/rcsb/7lc2.cif.gz	/Users/mitchellparker/Desktop/rascore_build/renum/7lc2_renum.cif	/Users/mitchellparker/Desktop/rascore_build/rcsb_assembly/7lc2-assembly-1.cif.gz	/Users/mitchellparker/Desktop/rascore_build/renum_assembly/7lc2-assembly-1_renum.cif	/Users/mitchellparker/Desktop/rascore_build/sifts/7lc2.xml.gz	/Users/mitchellparker/Desktop/rascore_build/pocket/7lc2A_4_pocket.pdb
7lc2A	7lc2	0	A	Outlier	Disordered	Y32in	Y71in	C 1 2 1 (CF14)	7lc2A5	5	GTPase KRas	RASK_HUMAN	P01116-2	Q61R	Q61	KRAS	3P	Other	None	None	Other	None	SP2-Unbound	C 1 2 1	170	2-66:68-71:73-110:112-166	2021-01-09	Other	311.8138	0.0000	Unbound	Unbound	65,69,99,102,103	MSE,MSE,MSE,MSE,GNP,MG	Target of rapamycin complex 2 subunit MAPKAP1	None	E:64,36,41,39,40,38,37,33,25	SIN1_HUMAN	None	None	None	Other	None	E	GNP	MG	None	MSE	None	None	STP	XRAY	2.700	0.243	GMTEYKLVVVGAGGVGKSALTIQLIQNHFVDEYDPTIEDSYRKQVVIDGETCLLDILDTAGREEYSAMRDQYMRTGEGFLCVFAINNTKSFEDIHHYREQIKRVKDSEDVPMVLVGNKCDLPSRTVDTKQAQDLARSYGIPFIETSAKTRQGVDDAFYTLVREIRKHKEK	True	150.000	45.640	91.780	90.000	119.520	90.000	/Users/mitchellparker/Desktop/rascore_build/core/7lc2A_core.cif	/Users/mitchellparker/Desktop/rascore_build/rcsb/7lc2.cif.gz	/Users/mitchellparker/Desktop/rascore_build/renum/7lc2_renum.cif	/Users/mitchellparker/Desktop/rascore_build/rcsb_assembly/7lc2-assembly-1.cif.gz	/Users/mitchellparker/Desktop/rascore_build/renum_assembly/7lc2-assembly-1_renum.cif	/Users/mitchellparker/Desktop/rascore_build/sifts/7lc2.xml.gz	/Users/mitchellparker/Desktop/rascore_build/pocket/7lc2A_5_pocket.pdb
7lc2A	7lc2	0	A	Outlier	Disordered	Y32in	Y71in	C 1 2 1 (CF14)	7lc2A6	6	GTPase KRas	RASK_HUMAN	P01116-2	Q61R	Q61	KRAS	3P	Other	None	None	Other	None	SP2-Unbound	C 1 2 1	170	2-66:68-71:73-110:112-166	2021-01-09	Other	239.7454	0.0004	Unbound	Unbound	142,153,154,157,158,161	MSE,MSE,MSE,MSE,GNP,MG	Target of rapamycin complex 2 subunit MAPKAP1	None	E:64,36,41,39,40,38,37,33,25	SIN1_HUMAN	None	None	None	Other	None	E	GNP	MG	None	MSE	None	None	STP	XRAY	2.700	0.243	GMTEYKLVVVGAGGVGKSALTIQLIQNHFVDEYDPTIEDSYRKQVVIDGETCLLDILDTAGREEYSAMRDQYMRTGEGFLCVFAINNTKSFEDIHHYREQIKRVKDSEDVPMVLVGNKCDLPSRTVDTKQAQDLARSYGIPFIETSAKTRQGVDDAFYTLVREIRKHKEK	True	150.000	45.640	91.780	90.000	119.520	90.000	/Users/mitchellparker/Desktop/rascore_build/core/7lc2A_core.cif	/Users/mitchellparker/Desktop/rascore_build/rcsb/7lc2.cif.gz	/Users/mitchellparker/Desktop/rascore_build/renum/7lc2_renum.cif	/Users/mitchellparker/Desktop/rascore_build/rcsb_assembly/7lc2-assembly-1.cif.gz	/Users/mitchellparker/Desktop/rascore_build/renum_assembly/7lc2-assembly-1_renum.cif	/Users/mitchellparker/Desktop/rascore_build/sifts/7lc2.xml.gz	/Users/mitchellparker/Desktop/rascore_build/pocket/7lc2A_6_pocket.pdb
7lc2B	7lc2	0	B	Outlier	Disordered	Y32in	Y71in	C 1 2 1 (CF14)	7lc2B2	2	GTPase KRas	RASK_HUMAN	P01116-2	Q61R	Q61	KRAS	3P	Other	None	None	Other	None	Other-Unbound	C 1 2 1	170	2-66:68-71:73-110:112-166	2021-01-09	Other	348.2494	0.0062	Unbound	Unbound	65,66,68,69,98,99,102,103	MSE,MSE,MSE,MSE,GNP,MG	Target of rapamycin complex 2 subunit MAPKAP1	None	D:64,41,39,40,38,37,36,61,25,33	SIN1_HUMAN	None	None	None	Other	None	D	GNP	MG	None	MSE	None	None	STP	XRAY	2.700	0.243	GMTEYKLVVVGAGGVGKSALTIQLIQNHFVDEYDPTIEDSYRKQVVIDGETCLLDILDTAGREEYSAMRDQYMRTGEGFLCVFAINNTKSFEDIHHYREQIKRVKDSEDVPMVLVGNKCDLPSRTVDTKQAQDLARSYGIPFIETSAKTRQGVDDAFYTLVREIRKHKEK	True	150.000	45.640	91.780	90.000	119.520	90.000	/Users/mitchellparker/Desktop/rascore_build/core/7lc2B_core.cif	/Users/mitchellparker/Desktop/rascore_build/rcsb/7lc2.cif.gz	/Users/mitchellparker/Desktop/rascore_build/renum/7lc2_renum.cif	/Users/mitchellparker/Desktop/rascore_build/rcsb_assembly/7lc2-assembly-1.cif.gz	/Users/mitchellparker/Desktop/rascore_build/renum_assembly/7lc2-assembly-1_renum.cif	/Users/mitchellparker/Desktop/rascore_build/sifts/7lc2.xml.gz	/Users/mitchellparker/Desktop/rascore_build/pocket/7lc2B_2_pocket.pdb
7lc2B	7lc2	0	B	Outlier	Disordered	Y32in	Y71in	C 1 2 1 (CF14)	7lc2B3	3	GTPase KRas	RASK_HUMAN	P01116-2	Q61R	Q61	KRAS	3P	Other	None	None	Other	None	Other-Unbound	C 1 2 1	170	2-66:68-71:73-110:112-166	2021-01-09	Other	826.0117	0.0098	Unbound	Unbound	11,12,60,61,62,65,68,86,88,89,90,91,92,94,95,96,99,133,137	MSE,MSE,MSE,MSE,GNP,MG	Target of rapamycin complex 2 subunit MAPKAP1	None	D:64,41,39,40,38,37,36,61,25,33	SIN1_HUMAN	None	None	None	Other	None	D	GNP	MG	None	MSE	None	None	STP	XRAY	2.700	0.243	GMTEYKLVVVGAGGVGKSALTIQLIQNHFVDEYDPTIEDSYRKQVVIDGETCLLDILDTAGREEYSAMRDQYMRTGEGFLCVFAINNTKSFEDIHHYREQIKRVKDSEDVPMVLVGNKCDLPSRTVDTKQAQDLARSYGIPFIETSAKTRQGVDDAFYTLVREIRKHKEK	True	150.000	45.640	91.780	90.000	119.520	90.000	/Users/mitchellparker/Desktop/rascore_build/core/7lc2B_core.cif	/Users/mitchellparker/Desktop/rascore_build/rcsb/7lc2.cif.gz	/Users/mitchellparker/Desktop/rascore_build/renum/7lc2_renum.cif	/Users/mitchellparker/Desktop/rascore_build/rcsb_assembly/7lc2-assembly-1.cif.gz	/Users/mitchellparker/Desktop/rascore_build/renum_assembly/7lc2-assembly-1_renum.cif	/Users/mitchellparker/Desktop/rascore_build/sifts/7lc2.xml.gz	/Users/mitchellparker/Desktop/rascore_build/pocket/7lc2B_3_pocket.pdb
7lc2B	7lc2	0	B	Outlier	Disordered	Y32in	Y71in	C 1 2 1 (CF14)	7lc2B4	4	GTPase KRas	RASK_HUMAN	P01116-2	Q61R	Q61	KRAS	3P	Other	None	None	Other	None	Other-Unbound	C 1 2 1	170	2-66:68-71:73-110:112-166	2021-01-09	Other	250.3332	0.0002	Unbound	Unbound	127,131,134,135,139,141,143	MSE,MSE,MSE,MSE,GNP,MG	Target of rapamycin complex 2 subunit MAPKAP1	None	D:64,41,39,40,38,37,36,61,25,33	SIN1_HUMAN	None	None	None	Other	None	D	GNP	MG	None	MSE	None	None	STP	XRAY	2.700	0.243	GMTEYKLVVVGAGGVGKSALTIQLIQNHFVDEYDPTIEDSYRKQVVIDGETCLLDILDTAGREEYSAMRDQYMRTGEGFLCVFAINNTKSFEDIHHYREQIKRVKDSEDVPMVLVGNKCDLPSRTVDTKQAQDLARSYGIPFIETSAKTRQGVDDAFYTLVREIRKHKEK	True	150.000	45.640	91.780	90.000	119.520	90.000	/Users/mitchellparker/Desktop/rascore_build/core/7lc2B_core.cif	/Users/mitchellparker/Desktop/rascore_build/rcsb/7lc2.cif.gz	/Users/mitchellparker/Desktop/rascore_build/renum/7lc2_renum.cif	/Users/mitchellparker/Desktop/rascore_build/rcsb_assembly/7lc2-assembly-1.cif.gz	/Users/mitchellparker/Desktop/rascore_build/renum_assembly/7lc2-assembly-1_renum.cif	/Users/mitchellparker/Desktop/rascore_build/sifts/7lc2.xml.gz	/Users/mitchellparker/Desktop/rascore_build/pocket/7lc2B_4_pocket.pdb
7lc2B	7lc2	0	B	Outlier	Disordered	Y32in	Y71in	C 1 2 1 (CF14)	7lc2B5	5	GTPase KRas	RASK_HUMAN	P01116-2	Q61R	Q61	KRAS	3P	Other	None	None	Other	None	Other-Unbound	C 1 2 1	170	2-66:68-71:73-110:112-166	2021-01-09	Other	358.2340	0.0004	Unbound	Unbound	75,76,104,106,108,109,110,163,166	MSE,MSE,MSE,MSE,GNP,MG	Target of rapamycin complex 2 subunit MAPKAP1	None	D:64,41,39,40,38,37,36,61,25,33	SIN1_HUMAN	None	None	None	Other	None	D	GNP	MG	None	MSE	None	None	STP	XRAY	2.700	0.243	GMTEYKLVVVGAGGVGKSALTIQLIQNHFVDEYDPTIEDSYRKQVVIDGETCLLDILDTAGREEYSAMRDQYMRTGEGFLCVFAINNTKSFEDIHHYREQIKRVKDSEDVPMVLVGNKCDLPSRTVDTKQAQDLARSYGIPFIETSAKTRQGVDDAFYTLVREIRKHKEK	True	150.000	45.640	91.780	90.000	119.520	90.000	/Users/mitchellparker/Desktop/rascore_build/core/7lc2B_core.cif	/Users/mitchellparker/Desktop/rascore_build/rcsb/7lc2.cif.gz	/Users/mitchellparker/Desktop/rascore_build/renum/7lc2_renum.cif	/Users/mitchellparker/Desktop/rascore_build/rcsb_assembly/7lc2-assembly-1.cif.gz	/Users/mitchellparker/Desktop/rascore_build/renum_assembly/7lc2-assembly-1_renum.cif	/Users/mitchellparker/Desktop/rascore_build/sifts/7lc2.xml.gz	/Users/mitchellparker/Desktop/rascore_build/pocket/7lc2B_5_pocket.pdb
7lgiA	7lgi	0	A	Y32out.2P-OFF	Outlier	Y32out	Y71in	None	7lgiA1	1	GTPase KRas	RASK_HUMAN	P01116-2	WT	WT	KRAS	2P	WT	SP12	SP12.Unclassified	None	None	SP12-Bound	None	169	1-169	2021-01-20	SP12	321.0750	0.6445	Bound	SP12	5,6,7,39,41,54,56,71,74,75	GDP,MG,P2Z	None	P2Z:41,39,54,56,37,71,74,5,7,6,75	None	None	SP12	SP12.Unclassified	P2Z:CN(C)CCCN1c2ccccc2Sc2ccccc21	None	None	None	GDP	MG	P2Z	None	None	None	P2Z	NMR	None	None	MTEYKLVVVGAGGVGKSALTIQLIQNHFVDEYDPTIEDSYRKQVVIDGETCLLDILDTAGQEEYSAMRDQYMRTGEGFLCVFAINNTKSFEDIHHYREQIKRVKDSEDVPMVLVGNKCDLPSRTVDTKQAQDLARSYGIPFIETSAKTRQGVDDAFYTLVREIRKHKEK	True	999.0	999.0	999.0	999.0	999.0	999.0	/Users/mitchellparker/Desktop/rascore_build/core/7lgiA_core.cif	/Users/mitchellparker/Desktop/rascore_build/rcsb/7lgi.cif.gz	/Users/mitchellparker/Desktop/rascore_build/renum/7lgi_renum.cif	/Users/mitchellparker/Desktop/rascore_build/rcsb_assembly/7lgi-assembly-1.cif.gz	/Users/mitchellparker/Desktop/rascore_build/renum_assembly/7lgi-assembly-1_renum.cif	/Users/mitchellparker/Desktop/rascore_build/sifts/7lgi.xml.gz	/Users/mitchellparker/Desktop/rascore_build/pocket/7lgiA_1_pocket.pdb
7ny8A	7ny8	0	A	Y32out.2P-OFF	Outlier	Y32out	Y71out	P 1 21 1 (CF22)	7ny8A1	1	GTPase KRas	RASK_HUMAN	P01116-2	WT	WT	KRAS	2P	WT	None	None	Binder	None	Other-Unbound	P 1 21 1	170	1-167	2021-03-21	Other	208.3561	0.0003	Unbound	Unbound	97,107,108,109,110,111,137,138,139,162,165,166	GDP,MG	Affimer K69	None	C:153,157,161,47,154,45,46,165,138,139,135,134,131,140,141,162,158,142,127,128,143,48,164	None	None	None	None	Binder	None	C	GDP	MG	None	None	None	None	STP	XRAY	1.800	0.157	GSHMTEYKLVVVGAGGVGKSALTIQLIQNHFVDEYDPTIEDSYRKQVVIDGETCLLDILDTAGQEEYSAMRDQYMRTGEGFLCVFAINNTKSFEDIHHYREQIKRVKDSEDVPMVLVGNKCDLPSRTVDTKQAQDLARSYGIPFIETSAKTRQGVDDAFYTLVREIRKHK	True	39.008	168.775	39.653	90.000	92.700	90.000	/Users/mitchellparker/Desktop/rascore_build/core/7ny8A_core.cif	/Users/mitchellparker/Desktop/rascore_build/rcsb/7ny8.cif.gz	/Users/mitchellparker/Desktop/rascore_build/renum/7ny8_renum.cif	/Users/mitchellparker/Desktop/rascore_build/rcsb_assembly/7ny8-assembly-2.cif.gz	/Users/mitchellparker/Desktop/rascore_build/renum_assembly/7ny8-assembly-2_renum.cif	/Users/mitchellparker/Desktop/rascore_build/sifts/7ny8.xml.gz	/Users/mitchellparker/Desktop/rascore_build/pocket/7ny8A_1_pocket.pdb
7ny8A	7ny8	0	A	Y32out.2P-OFF	Outlier	Y32out	Y71out	P 1 21 1 (CF22)	7ny8A2	2	GTPase KRas	RASK_HUMAN	P01116-2	WT	WT	KRAS	2P	WT	None	None	Binder	None	Other-Unbound	P 1 21 1	170	1-167	2021-03-21	Other	277.9353	0.5269	Unbound	Unbound	13,30,31,32,33,34	GDP,MG	Affimer K69	None	C:153,157,161,47,154,45,46,165,138,139,135,134,131,140,141,162,158,142,127,128,143,48,164	None	None	None	None	Binder	None	C	GDP	MG	None	None	None	None	STP	XRAY	1.800	0.157	GSHMTEYKLVVVGAGGVGKSALTIQLIQNHFVDEYDPTIEDSYRKQVVIDGETCLLDILDTAGQEEYSAMRDQYMRTGEGFLCVFAINNTKSFEDIHHYREQIKRVKDSEDVPMVLVGNKCDLPSRTVDTKQAQDLARSYGIPFIETSAKTRQGVDDAFYTLVREIRKHK	True	39.008	168.775	39.653	90.000	92.700	90.000	/Users/mitchellparker/Desktop/rascore_build/core/7ny8A_core.cif	/Users/mitchellparker/Desktop/rascore_build/rcsb/7ny8.cif.gz	/Users/mitchellparker/Desktop/rascore_build/renum/7ny8_renum.cif	/Users/mitchellparker/Desktop/rascore_build/rcsb_assembly/7ny8-assembly-2.cif.gz	/Users/mitchellparker/Desktop/rascore_build/renum_assembly/7ny8-assembly-2_renum.cif	/Users/mitchellparker/Desktop/rascore_build/sifts/7ny8.xml.gz	/Users/mitchellparker/Desktop/rascore_build/pocket/7ny8A_2_pocket.pdb
7ny8A	7ny8	0	A	Y32out.2P-OFF	Outlier	Y32out	Y71out	P 1 21 1 (CF22)	7ny8A3	3	GTPase KRas	RASK_HUMAN	P01116-2	WT	WT	KRAS	2P	WT	None	None	Binder	None	Other-Unbound	P 1 21 1	170	1-167	2021-03-21	Other	235.5243	0.1141	Unbound	Unbound	76,104,106,108,109,110,163,166,167	GDP,MG	Affimer K69	None	C:153,157,161,47,154,45,46,165,138,139,135,134,131,140,141,162,158,142,127,128,143,48,164	None	None	None	None	Binder	None	C	GDP	MG	None	None	None	None	STP	XRAY	1.800	0.157	GSHMTEYKLVVVGAGGVGKSALTIQLIQNHFVDEYDPTIEDSYRKQVVIDGETCLLDILDTAGQEEYSAMRDQYMRTGEGFLCVFAINNTKSFEDIHHYREQIKRVKDSEDVPMVLVGNKCDLPSRTVDTKQAQDLARSYGIPFIETSAKTRQGVDDAFYTLVREIRKHK	True	39.008	168.775	39.653	90.000	92.700	90.000	/Users/mitchellparker/Desktop/rascore_build/core/7ny8A_core.cif	/Users/mitchellparker/Desktop/rascore_build/rcsb/7ny8.cif.gz	/Users/mitchellparker/Desktop/rascore_build/renum/7ny8_renum.cif	/Users/mitchellparker/Desktop/rascore_build/rcsb_assembly/7ny8-assembly-2.cif.gz	/Users/mitchellparker/Desktop/rascore_build/renum_assembly/7ny8-assembly-2_renum.cif	/Users/mitchellparker/Desktop/rascore_build/sifts/7ny8.xml.gz	/Users/mitchellparker/Desktop/rascore_build/pocket/7ny8A_3_pocket.pdb
7ny8A	7ny8	0	A	Y32out.2P-OFF	Outlier	Y32out	Y71out	P 1 21 1 (CF22)	7ny8A4	4	GTPase KRas	RASK_HUMAN	P01116-2	WT	WT	KRAS	2P	WT	None	None	Binder	None	Other-Unbound	P 1 21 1	170	1-167	2021-03-21	Other	283.9998	0.0004	Unbound	Unbound	34,35,37,59,60,61,62,63,64,65,68	GDP,MG	Affimer K69	None	C:153,157,161,47,154,45,46,165,138,139,135,134,131,140,141,162,158,142,127,128,143,48,164	None	None	None	None	Binder	None	C	GDP	MG	None	None	None	None	STP	XRAY	1.800	0.157	GSHMTEYKLVVVGAGGVGKSALTIQLIQNHFVDEYDPTIEDSYRKQVVIDGETCLLDILDTAGQEEYSAMRDQYMRTGEGFLCVFAINNTKSFEDIHHYREQIKRVKDSEDVPMVLVGNKCDLPSRTVDTKQAQDLARSYGIPFIETSAKTRQGVDDAFYTLVREIRKHK	True	39.008	168.775	39.653	90.000	92.700	90.000	/Users/mitchellparker/Desktop/rascore_build/core/7ny8A_core.cif	/Users/mitchellparker/Desktop/rascore_build/rcsb/7ny8.cif.gz	/Users/mitchellparker/Desktop/rascore_build/renum/7ny8_renum.cif	/Users/mitchellparker/Desktop/rascore_build/rcsb_assembly/7ny8-assembly-2.cif.gz	/Users/mitchellparker/Desktop/rascore_build/renum_assembly/7ny8-assembly-2_renum.cif	/Users/mitchellparker/Desktop/rascore_build/sifts/7ny8.xml.gz	/Users/mitchellparker/Desktop/rascore_build/pocket/7ny8A_4_pocket.pdb
7ny8A	7ny8	0	A	Y32out.2P-OFF	Outlier	Y32out	Y71out	P 1 21 1 (CF22)	7ny8A5	5	GTPase KRas	RASK_HUMAN	P01116-2	WT	WT	KRAS	2P	WT	None	None	Binder	None	Other-Unbound	P 1 21 1	170	1-167	2021-03-21	Other	233.5850	0.0100	Unbound	Unbound	69,72,73,99,103	GDP,MG	Affimer K69	None	C:153,157,161,47,154,45,46,165,138,139,135,134,131,140,141,162,158,142,127,128,143,48,164	None	None	None	None	Binder	None	C	GDP	MG	None	None	None	None	STP	XRAY	1.800	0.157	GSHMTEYKLVVVGAGGVGKSALTIQLIQNHFVDEYDPTIEDSYRKQVVIDGETCLLDILDTAGQEEYSAMRDQYMRTGEGFLCVFAINNTKSFEDIHHYREQIKRVKDSEDVPMVLVGNKCDLPSRTVDTKQAQDLARSYGIPFIETSAKTRQGVDDAFYTLVREIRKHK	True	39.008	168.775	39.653	90.000	92.700	90.000	/Users/mitchellparker/Desktop/rascore_build/core/7ny8A_core.cif	/Users/mitchellparker/Desktop/rascore_build/rcsb/7ny8.cif.gz	/Users/mitchellparker/Desktop/rascore_build/renum/7ny8_renum.cif	/Users/mitchellparker/Desktop/rascore_build/rcsb_assembly/7ny8-assembly-2.cif.gz	/Users/mitchellparker/Desktop/rascore_build/renum_assembly/7ny8-assembly-2_renum.cif	/Users/mitchellparker/Desktop/rascore_build/sifts/7ny8.xml.gz	/Users/mitchellparker/Desktop/rascore_build/pocket/7ny8A_5_pocket.pdb
7ny8B	7ny8	0	B	Y32out.2P-OFF	Outlier	Y32out	Y71out	P 1 21 1 (CF22)	7ny8B1	1	GTPase KRas	RASK_HUMAN	P01116-2	WT	WT	KRAS	2P	WT	None	None	Binder	None	SP2-Unbound	P 1 21 1	170	1-166	2021-03-21	Other	408.3785	0.0340	Unbound	Unbound	74,75,76,104,106,108,109,110,163,166	GDP,MG	Affimer K69	None	D:48,47,165,138,139,131,135,134,140,141,161,162,158,142,127,143,154,45	None	None	None	None	Binder	None	D	GDP	MG	None	None	None	None	STP	XRAY	1.800	0.157	GSHMTEYKLVVVGAGGVGKSALTIQLIQNHFVDEYDPTIEDSYRKQVVIDGETCLLDILDTAGQEEYSAMRDQYMRTGEGFLCVFAINNTKSFEDIHHYREQIKRVKDSEDVPMVLVGNKCDLPSRTVDTKQAQDLARSYGIPFIETSAKTRQGVDDAFYTLVREIRKHK	True	39.008	168.775	39.653	90.000	92.700	90.000	/Users/mitchellparker/Desktop/rascore_build/core/7ny8B_core.cif	/Users/mitchellparker/Desktop/rascore_build/rcsb/7ny8.cif.gz	/Users/mitchellparker/Desktop/rascore_build/renum/7ny8_renum.cif	/Users/mitchellparker/Desktop/rascore_build/rcsb_assembly/7ny8-assembly-2.cif.gz	/Users/mitchellparker/Desktop/rascore_build/renum_assembly/7ny8-assembly-2_renum.cif	/Users/mitchellparker/Desktop/rascore_build/sifts/7ny8.xml.gz	/Users/mitchellparker/Desktop/rascore_build/pocket/7ny8B_1_pocket.pdb
7ny8B	7ny8	0	B	Y32out.2P-OFF	Outlier	Y32out	Y71out	P 1 21 1 (CF22)	7ny8B2	2	GTPase KRas	RASK_HUMAN	P01116-2	WT	WT	KRAS	2P	WT	None	None	Binder	None	SP2-Unbound	P 1 21 1	170	1-166	2021-03-21	Other	268.4826	0.0001	Unbound	Unbound	97,107,108,109,110,137,138,139,162,165,166	GDP,MG	Affimer K69	None	D:48,47,165,138,139,131,135,134,140,141,161,162,158,142,127,143,154,45	None	None	None	None	Binder	None	D	GDP	MG	None	None	None	None	STP	XRAY	1.800	0.157	GSHMTEYKLVVVGAGGVGKSALTIQLIQNHFVDEYDPTIEDSYRKQVVIDGETCLLDILDTAGQEEYSAMRDQYMRTGEGFLCVFAINNTKSFEDIHHYREQIKRVKDSEDVPMVLVGNKCDLPSRTVDTKQAQDLARSYGIPFIETSAKTRQGVDDAFYTLVREIRKHK	True	39.008	168.775	39.653	90.000	92.700	90.000	/Users/mitchellparker/Desktop/rascore_build/core/7ny8B_core.cif	/Users/mitchellparker/Desktop/rascore_build/rcsb/7ny8.cif.gz	/Users/mitchellparker/Desktop/rascore_build/renum/7ny8_renum.cif	/Users/mitchellparker/Desktop/rascore_build/rcsb_assembly/7ny8-assembly-2.cif.gz	/Users/mitchellparker/Desktop/rascore_build/renum_assembly/7ny8-assembly-2_renum.cif	/Users/mitchellparker/Desktop/rascore_build/sifts/7ny8.xml.gz	/Users/mitchellparker/Desktop/rascore_build/pocket/7ny8B_2_pocket.pdb
7ny8B	7ny8	0	B	Y32out.2P-OFF	Outlier	Y32out	Y71out	P 1 21 1 (CF22)	7ny8B3	3	GTPase KRas	RASK_HUMAN	P01116-2	WT	WT	KRAS	2P	WT	None	None	Binder	None	SP2-Unbound	P 1 21 1	170	1-166	2021-03-21	Other	239.4770	0.0002	Unbound	Unbound	98,101,102,105,106,107	GDP,MG	Affimer K69	None	D:48,47,165,138,139,131,135,134,140,141,161,162,158,142,127,143,154,45	None	None	None	None	Binder	None	D	GDP	MG	None	None	None	None	STP	XRAY	1.800	0.157	GSHMTEYKLVVVGAGGVGKSALTIQLIQNHFVDEYDPTIEDSYRKQVVIDGETCLLDILDTAGQEEYSAMRDQYMRTGEGFLCVFAINNTKSFEDIHHYREQIKRVKDSEDVPMVLVGNKCDLPSRTVDTKQAQDLARSYGIPFIETSAKTRQGVDDAFYTLVREIRKHK	True	39.008	168.775	39.653	90.000	92.700	90.000	/Users/mitchellparker/Desktop/rascore_build/core/7ny8B_core.cif	/Users/mitchellparker/Desktop/rascore_build/rcsb/7ny8.cif.gz	/Users/mitchellparker/Desktop/rascore_build/renum/7ny8_renum.cif	/Users/mitchellparker/Desktop/rascore_build/rcsb_assembly/7ny8-assembly-2.cif.gz	/Users/mitchellparker/Desktop/rascore_build/renum_assembly/7ny8-assembly-2_renum.cif	/Users/mitchellparker/Desktop/rascore_build/sifts/7ny8.xml.gz	/Users/mitchellparker/Desktop/rascore_build/pocket/7ny8B_3_pocket.pdb
7ny8B	7ny8	0	B	Y32out.2P-OFF	Outlier	Y32out	Y71out	P 1 21 1 (CF22)	7ny8B4	4	GTPase KRas	RASK_HUMAN	P01116-2	WT	WT	KRAS	2P	WT	None	None	Binder	None	SP2-Unbound	P 1 21 1	170	1-166	2021-03-21	Other	200.1480	0.0002	Unbound	Unbound	12,13,14,83,85,86,117	GDP,MG	Affimer K69	None	D:48,47,165,138,139,131,135,134,140,141,161,162,158,142,127,143,154,45	None	None	None	None	Binder	None	D	GDP	MG	None	None	None	None	STP	XRAY	1.800	0.157	GSHMTEYKLVVVGAGGVGKSALTIQLIQNHFVDEYDPTIEDSYRKQVVIDGETCLLDILDTAGQEEYSAMRDQYMRTGEGFLCVFAINNTKSFEDIHHYREQIKRVKDSEDVPMVLVGNKCDLPSRTVDTKQAQDLARSYGIPFIETSAKTRQGVDDAFYTLVREIRKHK	True	39.008	168.775	39.653	90.000	92.700	90.000	/Users/mitchellparker/Desktop/rascore_build/core/7ny8B_core.cif	/Users/mitchellparker/Desktop/rascore_build/rcsb/7ny8.cif.gz	/Users/mitchellparker/Desktop/rascore_build/renum/7ny8_renum.cif	/Users/mitchellparker/Desktop/rascore_build/rcsb_assembly/7ny8-assembly-2.cif.gz	/Users/mitchellparker/Desktop/rascore_build/renum_assembly/7ny8-assembly-2_renum.cif	/Users/mitchellparker/Desktop/rascore_build/sifts/7ny8.xml.gz	/Users/mitchellparker/Desktop/rascore_build/pocket/7ny8B_4_pocket.pdb
7ny8B	7ny8	0	B	Y32out.2P-OFF	Outlier	Y32out	Y71out	P 1 21 1 (CF22)	7ny8B5	5	GTPase KRas	RASK_HUMAN	P01116-2	WT	WT	KRAS	2P	WT	None	None	Binder	None	SP2-Unbound	P 1 21 1	170	1-166	2021-03-21	SP2	227.1950	0.0055	Unbound	Unbound	61,62,92,95,96,99	GDP,MG	Affimer K69	None	D:48,47,165,138,139,131,135,134,140,141,161,162,158,142,127,143,154,45	None	None	None	None	Binder	None	D	GDP	MG	None	None	None	None	STP	XRAY	1.800	0.157	GSHMTEYKLVVVGAGGVGKSALTIQLIQNHFVDEYDPTIEDSYRKQVVIDGETCLLDILDTAGQEEYSAMRDQYMRTGEGFLCVFAINNTKSFEDIHHYREQIKRVKDSEDVPMVLVGNKCDLPSRTVDTKQAQDLARSYGIPFIETSAKTRQGVDDAFYTLVREIRKHK	True	39.008	168.775	39.653	90.000	92.700	90.000	/Users/mitchellparker/Desktop/rascore_build/core/7ny8B_core.cif	/Users/mitchellparker/Desktop/rascore_build/rcsb/7ny8.cif.gz	/Users/mitchellparker/Desktop/rascore_build/renum/7ny8_renum.cif	/Users/mitchellparker/Desktop/rascore_build/rcsb_assembly/7ny8-assembly-2.cif.gz	/Users/mitchellparker/Desktop/rascore_build/renum_assembly/7ny8-assembly-2_renum.cif	/Users/mitchellparker/Desktop/rascore_build/sifts/7ny8.xml.gz	/Users/mitchellparker/Desktop/rascore_build/pocket/7ny8B_5_pocket.pdb
7o70A	7o70	0	A	Y32out.2P-OFF	Y71out.2P-SP2-A	Y32out	Y71out	P 1 21 1 (CF24)	7o70A1	1	GTPase KRas	RASK_HUMAN	P01116-2	G12C,C51S,C80L,C118S	G12,C51,C80,C118	KRAS	2P	G12C	SP2	SP2.Acrylamide	None	None	SP2-Bound	P 1 21 1	170	1-167	2021-04-12	SP2	653.6158	0.6674	Bound	SP2	9,58,61,62,63,64,65,68,69,72,95,96,99,100,102,103	V4T,MG,GDP,CA	None	V4T:60,12,16,96,10,95,99,72,103,100,62,61,9,68,59,58	None	None	SP2	SP2.Acrylamide	V4T:C=CC(=O)N1CC2CCOc3c(Cl)c(-c4c(O)cccc4F)c(F)c4ncnc(c34)N2CC1C	None	None	None	GDP	MG	V4T	CA	None	None	V4T	XRAY	1.180	0.227	GMTEYKLVVVGACGVGKSALTIQLIQNHFVDEYDPTIEDSYRKQVVIDGETSLLDILDTAGQEEYSAMRDQYMRTGEGFLLVFAINNTKSFEDIHHYREQIKRVKDSEDVPMVLVGNKSDLPSRTVDTKQAQDLARSYGIPFIETSAKTRQGVDDAFYTLVREIRKHKEK	True	33.380	70.460	66.150	90.000	90.260	90.000	/Users/mitchellparker/Desktop/rascore_build/core/7o70A_core.cif	/Users/mitchellparker/Desktop/rascore_build/rcsb/7o70.cif.gz	/Users/mitchellparker/Desktop/rascore_build/renum/7o70_renum.cif	/Users/mitchellparker/Desktop/rascore_build/rcsb_assembly/7o70-assembly-1.cif.gz	/Users/mitchellparker/Desktop/rascore_build/renum_assembly/7o70-assembly-1_renum.cif	/Users/mitchellparker/Desktop/rascore_build/sifts/7o70.xml.gz	/Users/mitchellparker/Desktop/rascore_build/pocket/7o70A_1_pocket.pdb
7o70A	7o70	0	A	Y32out.2P-OFF	Y71out.2P-SP2-A	Y32out	Y71out	P 1 21 1 (CF24)	7o70A2	2	GTPase KRas	RASK_HUMAN	P01116-2	G12C,C51S,C80L,C118S	G12,C51,C80,C118	KRAS	2P	G12C	SP2	SP2.Acrylamide	None	None	SP2-Bound	P 1 21 1	170	1-167	2021-04-12	SP2	548.9836	0.0046	Bound	SP2	10,11,12,16,34,58,59,60,61,62,68,86,88,89,92,96	V4T,MG,GDP,CA	None	V4T:60,12,16,96,10,95,99,72,103,100,62,61,9,68,59,58	None	None	SP2	SP2.Acrylamide	V4T:C=CC(=O)N1CC2CCOc3c(Cl)c(-c4c(O)cccc4F)c(F)c4ncnc(c34)N2CC1C	None	None	None	GDP	MG	V4T	CA	None	None	V4T	XRAY	1.180	0.227	GMTEYKLVVVGACGVGKSALTIQLIQNHFVDEYDPTIEDSYRKQVVIDGETSLLDILDTAGQEEYSAMRDQYMRTGEGFLLVFAINNTKSFEDIHHYREQIKRVKDSEDVPMVLVGNKSDLPSRTVDTKQAQDLARSYGIPFIETSAKTRQGVDDAFYTLVREIRKHKEK	True	33.380	70.460	66.150	90.000	90.260	90.000	/Users/mitchellparker/Desktop/rascore_build/core/7o70A_core.cif	/Users/mitchellparker/Desktop/rascore_build/rcsb/7o70.cif.gz	/Users/mitchellparker/Desktop/rascore_build/renum/7o70_renum.cif	/Users/mitchellparker/Desktop/rascore_build/rcsb_assembly/7o70-assembly-1.cif.gz	/Users/mitchellparker/Desktop/rascore_build/renum_assembly/7o70-assembly-1_renum.cif	/Users/mitchellparker/Desktop/rascore_build/sifts/7o70.xml.gz	/Users/mitchellparker/Desktop/rascore_build/pocket/7o70A_2_pocket.pdb
7o70D	7o70	0	D	Y32out.2P-OFF	Y71out.2P-SP2-A	Y32out	Y71out	P 1 21 1 (CF24)	7o70D1	1	GTPase KRas	RASK_HUMAN	P01116-2	G12C,C51S,C80L,C118S	G12,C51,C80,C118	KRAS	2P	G12C	SP2	SP2.Acrylamide	None	None	SP2-Bound	P 1 21 1	170	1-167	2021-04-12	SP2	682.7833	0.7896	Bound	SP2	9,58,61,62,63,64,65,68,69,72,78,95,96,99,100,102,103	V4T,MG,GDP,CA	None	V4T:60,12,16,96,10,95,72,99,103,100,62,61,9,68,59,58	None	None	SP2	SP2.Acrylamide	V4T:C=CC(=O)N1CC2CCOc3c(Cl)c(-c4c(O)cccc4F)c(F)c4ncnc(c34)N2CC1C	None	None	None	GDP	MG	V4T	CA	None	None	V4T	XRAY	1.180	0.227	GMTEYKLVVVGACGVGKSALTIQLIQNHFVDEYDPTIEDSYRKQVVIDGETSLLDILDTAGQEEYSAMRDQYMRTGEGFLLVFAINNTKSFEDIHHYREQIKRVKDSEDVPMVLVGNKSDLPSRTVDTKQAQDLARSYGIPFIETSAKTRQGVDDAFYTLVREIRKHKEK	True	33.380	70.460	66.150	90.000	90.260	90.000	/Users/mitchellparker/Desktop/rascore_build/core/7o70D_core.cif	/Users/mitchellparker/Desktop/rascore_build/rcsb/7o70.cif.gz	/Users/mitchellparker/Desktop/rascore_build/renum/7o70_renum.cif	/Users/mitchellparker/Desktop/rascore_build/rcsb_assembly/7o70-assembly-1.cif.gz	/Users/mitchellparker/Desktop/rascore_build/renum_assembly/7o70-assembly-1_renum.cif	/Users/mitchellparker/Desktop/rascore_build/sifts/7o70.xml.gz	/Users/mitchellparker/Desktop/rascore_build/pocket/7o70D_1_pocket.pdb
7o70D	7o70	0	D	Y32out.2P-OFF	Y71out.2P-SP2-A	Y32out	Y71out	P 1 21 1 (CF24)	7o70D2	2	GTPase KRas	RASK_HUMAN	P01116-2	G12C,C51S,C80L,C118S	G12,C51,C80,C118	KRAS	2P	G12C	SP2	SP2.Acrylamide	None	None	SP2-Bound	P 1 21 1	170	1-167	2021-04-12	SP2	548.6125	0.0046	Bound	SP2	10,11,12,16,34,58,59,60,61,62,68,86,88,89,92,96	V4T,MG,GDP,CA	None	V4T:60,12,16,96,10,95,72,99,103,100,62,61,9,68,59,58	None	None	SP2	SP2.Acrylamide	V4T:C=CC(=O)N1CC2CCOc3c(Cl)c(-c4c(O)cccc4F)c(F)c4ncnc(c34)N2CC1C	None	None	None	GDP	MG	V4T	CA	None	None	V4T	XRAY	1.180	0.227	GMTEYKLVVVGACGVGKSALTIQLIQNHFVDEYDPTIEDSYRKQVVIDGETSLLDILDTAGQEEYSAMRDQYMRTGEGFLLVFAINNTKSFEDIHHYREQIKRVKDSEDVPMVLVGNKSDLPSRTVDTKQAQDLARSYGIPFIETSAKTRQGVDDAFYTLVREIRKHKEK	True	33.380	70.460	66.150	90.000	90.260	90.000	/Users/mitchellparker/Desktop/rascore_build/core/7o70D_core.cif	/Users/mitchellparker/Desktop/rascore_build/rcsb/7o70.cif.gz	/Users/mitchellparker/Desktop/rascore_build/renum/7o70_renum.cif	/Users/mitchellparker/Desktop/rascore_build/rcsb_assembly/7o70-assembly-1.cif.gz	/Users/mitchellparker/Desktop/rascore_build/renum_assembly/7o70-assembly-1_renum.cif	/Users/mitchellparker/Desktop/rascore_build/sifts/7o70.xml.gz	/Users/mitchellparker/Desktop/rascore_build/pocket/7o70D_2_pocket.pdb
7og9A	7og9	0	A	Y32in.3P-ON	Outlier	Y32in	Y71out	P 32 2 1 (CF1)	7og9A4	4	GTPase HRas	RASH_HUMAN	P01112	WT	WT	HRAS	3P	WT	None	None	None	Homodimer	Other-Unbound	P 32 2 1	166	1-166	2021-05-06	Other	433.3317	0.0002	Unbound	Unbound	1,41,42,43,52	GNP,MG,PGE	None	None	None	None	None	None	None	None	None	None	GNP	MG	None	PGE	None	None	STP	XRAY	1.750	0.161	MTEYKLVVVGAGGVGKSALTIQLIQNHFVDEYDPTIEDSYRKQVVIDGETCLLDILDTAGQEEYSAMRDQYMRTGEGFLCVFAINNTKSFEDIHQYREQIKRVKDSDDVPMVLVGNKCDLAARTVESRQAQDLARSYGIPYIETSAKTRQGVEDAFYTLVREIRQH	True	39.754	39.754	161.798	90.000	90.000	120.000	/Users/mitchellparker/Desktop/rascore_build/core/7og9A_core.cif	/Users/mitchellparker/Desktop/rascore_build/rcsb/7og9.cif.gz	/Users/mitchellparker/Desktop/rascore_build/renum/7og9_renum.cif	/Users/mitchellparker/Desktop/rascore_build/rcsb_assembly/7og9-assembly-1.cif.gz	/Users/mitchellparker/Desktop/rascore_build/renum_assembly/7og9-assembly-1_renum.cif	/Users/mitchellparker/Desktop/rascore_build/sifts/7og9.xml.gz	/Users/mitchellparker/Desktop/rascore_build/pocket/7og9A_4_pocket.pdb
7og9A	7og9	0	A	Y32in.3P-ON	Outlier	Y32in	Y71out	P 32 2 1 (CF1)	7og9A5	5	GTPase HRas	RASH_HUMAN	P01112	WT	WT	HRAS	3P	WT	None	None	None	Homodimer	Other-Unbound	P 32 2 1	166	1-166	2021-05-06	Other	181.3822	0.0005	Unbound	Unbound	1,43,44,45,50	GNP,MG,PGE	None	None	None	None	None	None	None	None	None	None	GNP	MG	None	PGE	None	None	STP	XRAY	1.750	0.161	MTEYKLVVVGAGGVGKSALTIQLIQNHFVDEYDPTIEDSYRKQVVIDGETCLLDILDTAGQEEYSAMRDQYMRTGEGFLCVFAINNTKSFEDIHQYREQIKRVKDSDDVPMVLVGNKCDLAARTVESRQAQDLARSYGIPYIETSAKTRQGVEDAFYTLVREIRQH	True	39.754	39.754	161.798	90.000	90.000	120.000	/Users/mitchellparker/Desktop/rascore_build/core/7og9A_core.cif	/Users/mitchellparker/Desktop/rascore_build/rcsb/7og9.cif.gz	/Users/mitchellparker/Desktop/rascore_build/renum/7og9_renum.cif	/Users/mitchellparker/Desktop/rascore_build/rcsb_assembly/7og9-assembly-1.cif.gz	/Users/mitchellparker/Desktop/rascore_build/renum_assembly/7og9-assembly-1_renum.cif	/Users/mitchellparker/Desktop/rascore_build/sifts/7og9.xml.gz	/Users/mitchellparker/Desktop/rascore_build/pocket/7og9A_5_pocket.pdb
7og9A	7og9	0	A	Y32in.3P-ON	Outlier	Y32in	Y71out	P 32 2 1 (CF1)	7og9A6	6	GTPase HRas	RASH_HUMAN	P01112	WT	WT	HRAS	3P	WT	None	None	None	Homodimer	Other-Unbound	P 32 2 1	166	1-166	2021-05-06	Other	234.1936	0.0041	Unbound	Unbound	75,76,104,106,109,110,163,166	GNP,MG,PGE	None	None	None	None	None	None	None	None	None	None	GNP	MG	None	PGE	None	None	STP	XRAY	1.750	0.161	MTEYKLVVVGAGGVGKSALTIQLIQNHFVDEYDPTIEDSYRKQVVIDGETCLLDILDTAGQEEYSAMRDQYMRTGEGFLCVFAINNTKSFEDIHQYREQIKRVKDSDDVPMVLVGNKCDLAARTVESRQAQDLARSYGIPYIETSAKTRQGVEDAFYTLVREIRQH	True	39.754	39.754	161.798	90.000	90.000	120.000	/Users/mitchellparker/Desktop/rascore_build/core/7og9A_core.cif	/Users/mitchellparker/Desktop/rascore_build/rcsb/7og9.cif.gz	/Users/mitchellparker/Desktop/rascore_build/renum/7og9_renum.cif	/Users/mitchellparker/Desktop/rascore_build/rcsb_assembly/7og9-assembly-1.cif.gz	/Users/mitchellparker/Desktop/rascore_build/renum_assembly/7og9-assembly-1_renum.cif	/Users/mitchellparker/Desktop/rascore_build/sifts/7og9.xml.gz	/Users/mitchellparker/Desktop/rascore_build/pocket/7og9A_6_pocket.pdb
7ogaA	7oga	0	A	Y32in.3P-ON	Outlier	Y32in	Y71in	P 32 2 1 (CF1)	7ogaA10	10	GTPase HRas	RASH_HUMAN	P01112	WT	WT	HRAS	3P	WT	None	None	None	Homodimer	Other-Unbound	P 32 2 1	166	1-166	2021-05-06	Other	233.5079	0.0001	Unbound	Unbound	17,21,33,34,35,36,38,40	GNP,MG,PGE	None	None	None	None	None	None	None	None	None	None	GNP	MG	None	PGE	None	None	STP	XRAY	1.900	0.175	MTEYKLVVVGAGGVGKSALTIQLIQNHFVDEYDPTIEDSYRKQVVIDGETCLLDILDTAGQEEYSAMRDQYMRTGEGFLCVFAINNTKSFEDIHQYREQIKRVKDSDDVPMVLVGNKCDLAARTVESRQAQDLARSYGIPYIETSAKTRQGVEDAFYTLVREIRQH	True	39.482	39.482	160.805	90.000	90.000	120.000	/Users/mitchellparker/Desktop/rascore_build/core/7ogaA_core.cif	/Users/mitchellparker/Desktop/rascore_build/rcsb/7oga.cif.gz	/Users/mitchellparker/Desktop/rascore_build/renum/7oga_renum.cif	/Users/mitchellparker/Desktop/rascore_build/rcsb_assembly/7oga-assembly-1.cif.gz	/Users/mitchellparker/Desktop/rascore_build/renum_assembly/7oga-assembly-1_renum.cif	/Users/mitchellparker/Desktop/rascore_build/sifts/7oga.xml.gz	/Users/mitchellparker/Desktop/rascore_build/pocket/7ogaA_10_pocket.pdb
7ogaA	7oga	0	A	Y32in.3P-ON	Outlier	Y32in	Y71in	P 32 2 1 (CF1)	7ogaA11	11	GTPase HRas	RASH_HUMAN	P01112	WT	WT	HRAS	3P	WT	None	None	None	Homodimer	Other-Unbound	P 32 2 1	166	1-166	2021-05-06	Other	157.8505	0.0036	Unbound	Unbound	1,43,44,45,50	GNP,MG,PGE	None	None	None	None	None	None	None	None	None	None	GNP	MG	None	PGE	None	None	STP	XRAY	1.900	0.175	MTEYKLVVVGAGGVGKSALTIQLIQNHFVDEYDPTIEDSYRKQVVIDGETCLLDILDTAGQEEYSAMRDQYMRTGEGFLCVFAINNTKSFEDIHQYREQIKRVKDSDDVPMVLVGNKCDLAARTVESRQAQDLARSYGIPYIETSAKTRQGVEDAFYTLVREIRQH	True	39.482	39.482	160.805	90.000	90.000	120.000	/Users/mitchellparker/Desktop/rascore_build/core/7ogaA_core.cif	/Users/mitchellparker/Desktop/rascore_build/rcsb/7oga.cif.gz	/Users/mitchellparker/Desktop/rascore_build/renum/7oga_renum.cif	/Users/mitchellparker/Desktop/rascore_build/rcsb_assembly/7oga-assembly-1.cif.gz	/Users/mitchellparker/Desktop/rascore_build/renum_assembly/7oga-assembly-1_renum.cif	/Users/mitchellparker/Desktop/rascore_build/sifts/7oga.xml.gz	/Users/mitchellparker/Desktop/rascore_build/pocket/7ogaA_11_pocket.pdb
7ogaA	7oga	0	A	Y32in.3P-ON	Outlier	Y32in	Y71in	P 32 2 1 (CF1)	7ogaA4	4	GTPase HRas	RASH_HUMAN	P01112	WT	WT	HRAS	3P	WT	None	None	None	Homodimer	Other-Unbound	P 32 2 1	166	1-166	2021-05-06	Other	361.5365	0.0001	Unbound	Unbound	126,127,128,131,141,143	GNP,MG,PGE	None	None	None	None	None	None	None	None	None	None	GNP	MG	None	PGE	None	None	STP	XRAY	1.900	0.175	MTEYKLVVVGAGGVGKSALTIQLIQNHFVDEYDPTIEDSYRKQVVIDGETCLLDILDTAGQEEYSAMRDQYMRTGEGFLCVFAINNTKSFEDIHQYREQIKRVKDSDDVPMVLVGNKCDLAARTVESRQAQDLARSYGIPYIETSAKTRQGVEDAFYTLVREIRQH	True	39.482	39.482	160.805	90.000	90.000	120.000	/Users/mitchellparker/Desktop/rascore_build/core/7ogaA_core.cif	/Users/mitchellparker/Desktop/rascore_build/rcsb/7oga.cif.gz	/Users/mitchellparker/Desktop/rascore_build/renum/7oga_renum.cif	/Users/mitchellparker/Desktop/rascore_build/rcsb_assembly/7oga-assembly-1.cif.gz	/Users/mitchellparker/Desktop/rascore_build/renum_assembly/7oga-assembly-1_renum.cif	/Users/mitchellparker/Desktop/rascore_build/sifts/7oga.xml.gz	/Users/mitchellparker/Desktop/rascore_build/pocket/7ogaA_4_pocket.pdb
7ogaA	7oga	0	A	Y32in.3P-ON	Outlier	Y32in	Y71in	P 32 2 1 (CF1)	7ogaA5	5	GTPase HRas	RASH_HUMAN	P01112	WT	WT	HRAS	3P	WT	None	None	None	Homodimer	Other-Unbound	P 32 2 1	166	1-166	2021-05-06	Other	206.5005	0.0041	Unbound	Unbound	37,38,39,56,57,58,71	GNP,MG,PGE	None	None	None	None	None	None	None	None	None	None	GNP	MG	None	PGE	None	None	STP	XRAY	1.900	0.175	MTEYKLVVVGAGGVGKSALTIQLIQNHFVDEYDPTIEDSYRKQVVIDGETCLLDILDTAGQEEYSAMRDQYMRTGEGFLCVFAINNTKSFEDIHQYREQIKRVKDSDDVPMVLVGNKCDLAARTVESRQAQDLARSYGIPYIETSAKTRQGVEDAFYTLVREIRQH	True	39.482	39.482	160.805	90.000	90.000	120.000	/Users/mitchellparker/Desktop/rascore_build/core/7ogaA_core.cif	/Users/mitchellparker/Desktop/rascore_build/rcsb/7oga.cif.gz	/Users/mitchellparker/Desktop/rascore_build/renum/7oga_renum.cif	/Users/mitchellparker/Desktop/rascore_build/rcsb_assembly/7oga-assembly-1.cif.gz	/Users/mitchellparker/Desktop/rascore_build/renum_assembly/7oga-assembly-1_renum.cif	/Users/mitchellparker/Desktop/rascore_build/sifts/7oga.xml.gz	/Users/mitchellparker/Desktop/rascore_build/pocket/7ogaA_5_pocket.pdb
7ogaA	7oga	0	A	Y32in.3P-ON	Outlier	Y32in	Y71in	P 32 2 1 (CF1)	7ogaA6	6	GTPase HRas	RASH_HUMAN	P01112	WT	WT	HRAS	3P	WT	None	None	None	Homodimer	Other-Unbound	P 32 2 1	166	1-166	2021-05-06	Other	379.2974	0.2289	Unbound	Unbound	90,91,94,129,132,133,136,137	GNP,MG,PGE	None	None	None	None	None	None	None	None	None	None	GNP	MG	None	PGE	None	None	STP	XRAY	1.900	0.175	MTEYKLVVVGAGGVGKSALTIQLIQNHFVDEYDPTIEDSYRKQVVIDGETCLLDILDTAGQEEYSAMRDQYMRTGEGFLCVFAINNTKSFEDIHQYREQIKRVKDSDDVPMVLVGNKCDLAARTVESRQAQDLARSYGIPYIETSAKTRQGVEDAFYTLVREIRQH	True	39.482	39.482	160.805	90.000	90.000	120.000	/Users/mitchellparker/Desktop/rascore_build/core/7ogaA_core.cif	/Users/mitchellparker/Desktop/rascore_build/rcsb/7oga.cif.gz	/Users/mitchellparker/Desktop/rascore_build/renum/7oga_renum.cif	/Users/mitchellparker/Desktop/rascore_build/rcsb_assembly/7oga-assembly-1.cif.gz	/Users/mitchellparker/Desktop/rascore_build/renum_assembly/7oga-assembly-1_renum.cif	/Users/mitchellparker/Desktop/rascore_build/sifts/7oga.xml.gz	/Users/mitchellparker/Desktop/rascore_build/pocket/7ogaA_6_pocket.pdb
7ogaA	7oga	0	A	Y32in.3P-ON	Outlier	Y32in	Y71in	P 32 2 1 (CF1)	7ogaA7	7	GTPase HRas	RASH_HUMAN	P01112	WT	WT	HRAS	3P	WT	None	None	None	Homodimer	Other-Unbound	P 32 2 1	166	1-166	2021-05-06	Other	310.8545	0.0035	Unbound	Unbound	74,75,76,104,106,108,109,110,163,166	GNP,MG,PGE	None	None	None	None	None	None	None	None	None	None	GNP	MG	None	PGE	None	None	STP	XRAY	1.900	0.175	MTEYKLVVVGAGGVGKSALTIQLIQNHFVDEYDPTIEDSYRKQVVIDGETCLLDILDTAGQEEYSAMRDQYMRTGEGFLCVFAINNTKSFEDIHQYREQIKRVKDSDDVPMVLVGNKCDLAARTVESRQAQDLARSYGIPYIETSAKTRQGVEDAFYTLVREIRQH	True	39.482	39.482	160.805	90.000	90.000	120.000	/Users/mitchellparker/Desktop/rascore_build/core/7ogaA_core.cif	/Users/mitchellparker/Desktop/rascore_build/rcsb/7oga.cif.gz	/Users/mitchellparker/Desktop/rascore_build/renum/7oga_renum.cif	/Users/mitchellparker/Desktop/rascore_build/rcsb_assembly/7oga-assembly-1.cif.gz	/Users/mitchellparker/Desktop/rascore_build/renum_assembly/7oga-assembly-1_renum.cif	/Users/mitchellparker/Desktop/rascore_build/sifts/7oga.xml.gz	/Users/mitchellparker/Desktop/rascore_build/pocket/7ogaA_7_pocket.pdb
7ogaA	7oga	0	A	Y32in.3P-ON	Outlier	Y32in	Y71in	P 32 2 1 (CF1)	7ogaA8	8	GTPase HRas	RASH_HUMAN	P01112	WT	WT	HRAS	3P	WT	None	None	None	Homodimer	Other-Unbound	P 32 2 1	166	1-166	2021-05-06	Other	236.2822	0.0000	Unbound	Unbound	149,151,152,153,154	GNP,MG,PGE	None	None	None	None	None	None	None	None	None	None	GNP	MG	None	PGE	None	None	STP	XRAY	1.900	0.175	MTEYKLVVVGAGGVGKSALTIQLIQNHFVDEYDPTIEDSYRKQVVIDGETCLLDILDTAGQEEYSAMRDQYMRTGEGFLCVFAINNTKSFEDIHQYREQIKRVKDSDDVPMVLVGNKCDLAARTVESRQAQDLARSYGIPYIETSAKTRQGVEDAFYTLVREIRQH	True	39.482	39.482	160.805	90.000	90.000	120.000	/Users/mitchellparker/Desktop/rascore_build/core/7ogaA_core.cif	/Users/mitchellparker/Desktop/rascore_build/rcsb/7oga.cif.gz	/Users/mitchellparker/Desktop/rascore_build/renum/7oga_renum.cif	/Users/mitchellparker/Desktop/rascore_build/rcsb_assembly/7oga-assembly-1.cif.gz	/Users/mitchellparker/Desktop/rascore_build/renum_assembly/7oga-assembly-1_renum.cif	/Users/mitchellparker/Desktop/rascore_build/sifts/7oga.xml.gz	/Users/mitchellparker/Desktop/rascore_build/pocket/7ogaA_8_pocket.pdb
7ogaA	7oga	0	A	Y32in.3P-ON	Outlier	Y32in	Y71in	P 32 2 1 (CF1)	7ogaA9	9	GTPase HRas	RASH_HUMAN	P01112	WT	WT	HRAS	3P	WT	None	None	None	Homodimer	Other-Unbound	P 32 2 1	166	1-166	2021-05-06	Other	273.8472	0.0001	Unbound	Unbound	98,101,102,105,106,107	GNP,MG,PGE	None	None	None	None	None	None	None	None	None	None	GNP	MG	None	PGE	None	None	STP	XRAY	1.900	0.175	MTEYKLVVVGAGGVGKSALTIQLIQNHFVDEYDPTIEDSYRKQVVIDGETCLLDILDTAGQEEYSAMRDQYMRTGEGFLCVFAINNTKSFEDIHQYREQIKRVKDSDDVPMVLVGNKCDLAARTVESRQAQDLARSYGIPYIETSAKTRQGVEDAFYTLVREIRQH	True	39.482	39.482	160.805	90.000	90.000	120.000	/Users/mitchellparker/Desktop/rascore_build/core/7ogaA_core.cif	/Users/mitchellparker/Desktop/rascore_build/rcsb/7oga.cif.gz	/Users/mitchellparker/Desktop/rascore_build/renum/7oga_renum.cif	/Users/mitchellparker/Desktop/rascore_build/rcsb_assembly/7oga-assembly-1.cif.gz	/Users/mitchellparker/Desktop/rascore_build/renum_assembly/7oga-assembly-1_renum.cif	/Users/mitchellparker/Desktop/rascore_build/sifts/7oga.xml.gz	/Users/mitchellparker/Desktop/rascore_build/pocket/7ogaA_9_pocket.pdb
7ogbA	7ogb	0	A	Y32in.3P-ON	Outlier	Y32in	Y71out	P 32 2 1 (CF1)	7ogbA4	4	GTPase HRas	RASH_HUMAN	P01112	WT	WT	HRAS	3P	WT	None	None	None	None	SP12-Unbound	P 32 2 1	166	1-166	2021-05-06	Other	179.1395	0.0021	Unbound	Unbound	17,18,21,29,31,33,35,38,40	GNP,MG,PGE,1PE,PGE	None	None	None	None	None	None	None	None	None	None	GNP	MG	None	1PE,PGE	None	None	STP	XRAY	1.850	0.180	MTEYKLVVVGAGGVGKSALTIQLIQNHFVDEYDPTIEDSYRKQVVIDGETCLLDILDTAGQEEYSAMRDQYMRTGEGFLCVFAINNTKSFEDIHQYREQIKRVKDSDDVPMVLVGNKCDLAARTVESRQAQDLARSYGIPYIETSAKTRQGVEDAFYTLVREIRQH	True	38.635	38.635	166.141	90.000	90.000	120.000	/Users/mitchellparker/Desktop/rascore_build/core/7ogbA_core.cif	/Users/mitchellparker/Desktop/rascore_build/rcsb/7ogb.cif.gz	/Users/mitchellparker/Desktop/rascore_build/renum/7ogb_renum.cif	/Users/mitchellparker/Desktop/rascore_build/rcsb_assembly/7ogb-assembly-1.cif.gz	/Users/mitchellparker/Desktop/rascore_build/renum_assembly/7ogb-assembly-1_renum.cif	/Users/mitchellparker/Desktop/rascore_build/sifts/7ogb.xml.gz	/Users/mitchellparker/Desktop/rascore_build/pocket/7ogbA_4_pocket.pdb
7ogbA	7ogb	0	A	Y32in.3P-ON	Outlier	Y32in	Y71out	P 32 2 1 (CF1)	7ogbA5	5	GTPase HRas	RASH_HUMAN	P01112	WT	WT	HRAS	3P	WT	None	None	None	None	SP12-Unbound	P 32 2 1	166	1-166	2021-05-06	SP12	288.4318	0.0625	Unbound	Unbound	5,6,7,39,40,41,54,55,56,71,74,75	GNP,MG,PGE,1PE,PGE	None	None	None	None	None	None	None	None	None	None	GNP	MG	None	1PE,PGE	None	None	STP	XRAY	1.850	0.180	MTEYKLVVVGAGGVGKSALTIQLIQNHFVDEYDPTIEDSYRKQVVIDGETCLLDILDTAGQEEYSAMRDQYMRTGEGFLCVFAINNTKSFEDIHQYREQIKRVKDSDDVPMVLVGNKCDLAARTVESRQAQDLARSYGIPYIETSAKTRQGVEDAFYTLVREIRQH	True	38.635	38.635	166.141	90.000	90.000	120.000	/Users/mitchellparker/Desktop/rascore_build/core/7ogbA_core.cif	/Users/mitchellparker/Desktop/rascore_build/rcsb/7ogb.cif.gz	/Users/mitchellparker/Desktop/rascore_build/renum/7ogb_renum.cif	/Users/mitchellparker/Desktop/rascore_build/rcsb_assembly/7ogb-assembly-1.cif.gz	/Users/mitchellparker/Desktop/rascore_build/renum_assembly/7ogb-assembly-1_renum.cif	/Users/mitchellparker/Desktop/rascore_build/sifts/7ogb.xml.gz	/Users/mitchellparker/Desktop/rascore_build/pocket/7ogbA_5_pocket.pdb
7ogbA	7ogb	0	A	Y32in.3P-ON	Outlier	Y32in	Y71out	P 32 2 1 (CF1)	7ogbA6	6	GTPase HRas	RASH_HUMAN	P01112	WT	WT	HRAS	3P	WT	None	None	None	None	SP12-Unbound	P 32 2 1	166	1-166	2021-05-06	Other	358.8177	0.0085	Unbound	Unbound	90,91,94,129,133,136,137	GNP,MG,PGE,1PE,PGE	None	None	None	None	None	None	None	None	None	None	GNP	MG	None	1PE,PGE	None	None	STP	XRAY	1.850	0.180	MTEYKLVVVGAGGVGKSALTIQLIQNHFVDEYDPTIEDSYRKQVVIDGETCLLDILDTAGQEEYSAMRDQYMRTGEGFLCVFAINNTKSFEDIHQYREQIKRVKDSDDVPMVLVGNKCDLAARTVESRQAQDLARSYGIPYIETSAKTRQGVEDAFYTLVREIRQH	True	38.635	38.635	166.141	90.000	90.000	120.000	/Users/mitchellparker/Desktop/rascore_build/core/7ogbA_core.cif	/Users/mitchellparker/Desktop/rascore_build/rcsb/7ogb.cif.gz	/Users/mitchellparker/Desktop/rascore_build/renum/7ogb_renum.cif	/Users/mitchellparker/Desktop/rascore_build/rcsb_assembly/7ogb-assembly-1.cif.gz	/Users/mitchellparker/Desktop/rascore_build/renum_assembly/7ogb-assembly-1_renum.cif	/Users/mitchellparker/Desktop/rascore_build/sifts/7ogb.xml.gz	/Users/mitchellparker/Desktop/rascore_build/pocket/7ogbA_6_pocket.pdb
7ogbA	7ogb	0	A	Y32in.3P-ON	Outlier	Y32in	Y71out	P 32 2 1 (CF1)	7ogbA7	7	GTPase HRas	RASH_HUMAN	P01112	WT	WT	HRAS	3P	WT	None	None	None	None	SP12-Unbound	P 32 2 1	166	1-166	2021-05-06	Other	225.7338	0.0001	Unbound	Unbound	98,101,102,105,106,107	GNP,MG,PGE,1PE,PGE	None	None	None	None	None	None	None	None	None	None	GNP	MG	None	1PE,PGE	None	None	STP	XRAY	1.850	0.180	MTEYKLVVVGAGGVGKSALTIQLIQNHFVDEYDPTIEDSYRKQVVIDGETCLLDILDTAGQEEYSAMRDQYMRTGEGFLCVFAINNTKSFEDIHQYREQIKRVKDSDDVPMVLVGNKCDLAARTVESRQAQDLARSYGIPYIETSAKTRQGVEDAFYTLVREIRQH	True	38.635	38.635	166.141	90.000	90.000	120.000	/Users/mitchellparker/Desktop/rascore_build/core/7ogbA_core.cif	/Users/mitchellparker/Desktop/rascore_build/rcsb/7ogb.cif.gz	/Users/mitchellparker/Desktop/rascore_build/renum/7ogb_renum.cif	/Users/mitchellparker/Desktop/rascore_build/rcsb_assembly/7ogb-assembly-1.cif.gz	/Users/mitchellparker/Desktop/rascore_build/renum_assembly/7ogb-assembly-1_renum.cif	/Users/mitchellparker/Desktop/rascore_build/sifts/7ogb.xml.gz	/Users/mitchellparker/Desktop/rascore_build/pocket/7ogbA_7_pocket.pdb
7ogcA	7ogc	0	A	Y32in.3P-ON	Y71in.3P-R	Y32in	Y71in	P 32 2 1 (CF1)	7ogcA3	3	GTPase HRas	RASH_HUMAN	P01112	WT	WT	HRAS	3P	WT	None	None	None	None	SP12-Unbound	P 32 2 1	166	1-166	2021-05-06	Other	336.7756	0.0013	Unbound	Unbound	131,134,135,138,139,140,141,162,165	GNP,MG,PGE,1PE,PGE	None	None	None	None	None	None	None	None	None	None	GNP	MG	None	1PE,PGE	None	None	STP	XRAY	1.700	0.163	MTEYKLVVVGAGGVGKSALTIQLIQNHFVDEYDPTIEDSYRKQVVIDGETCLLDILDTAGQEEYSAMRDQYMRTGEGFLCVFAINNTKSFEDIHQYREQIKRVKDSDDVPMVLVGNKCDLAARTVESRQAQDLARSYGIPYIETSAKTRQGVEDAFYTLVREIRQH	True	38.897	38.897	165.088	90.000	90.000	120.000	/Users/mitchellparker/Desktop/rascore_build/core/7ogcA_core.cif	/Users/mitchellparker/Desktop/rascore_build/rcsb/7ogc.cif.gz	/Users/mitchellparker/Desktop/rascore_build/renum/7ogc_renum.cif	/Users/mitchellparker/Desktop/rascore_build/rcsb_assembly/7ogc-assembly-1.cif.gz	/Users/mitchellparker/Desktop/rascore_build/renum_assembly/7ogc-assembly-1_renum.cif	/Users/mitchellparker/Desktop/rascore_build/sifts/7ogc.xml.gz	/Users/mitchellparker/Desktop/rascore_build/pocket/7ogcA_3_pocket.pdb
7ogcA	7ogc	0	A	Y32in.3P-ON	Y71in.3P-R	Y32in	Y71in	P 32 2 1 (CF1)	7ogcA4	4	GTPase HRas	RASH_HUMAN	P01112	WT	WT	HRAS	3P	WT	None	None	None	None	SP12-Unbound	P 32 2 1	166	1-166	2021-05-06	SP12	331.8277	0.0961	Unbound	Unbound	5,6,7,39,40,41,54,55,56,74,75	GNP,MG,PGE,1PE,PGE	None	None	None	None	None	None	None	None	None	None	GNP	MG	None	1PE,PGE	None	None	STP	XRAY	1.700	0.163	MTEYKLVVVGAGGVGKSALTIQLIQNHFVDEYDPTIEDSYRKQVVIDGETCLLDILDTAGQEEYSAMRDQYMRTGEGFLCVFAINNTKSFEDIHQYREQIKRVKDSDDVPMVLVGNKCDLAARTVESRQAQDLARSYGIPYIETSAKTRQGVEDAFYTLVREIRQH	True	38.897	38.897	165.088	90.000	90.000	120.000	/Users/mitchellparker/Desktop/rascore_build/core/7ogcA_core.cif	/Users/mitchellparker/Desktop/rascore_build/rcsb/7ogc.cif.gz	/Users/mitchellparker/Desktop/rascore_build/renum/7ogc_renum.cif	/Users/mitchellparker/Desktop/rascore_build/rcsb_assembly/7ogc-assembly-1.cif.gz	/Users/mitchellparker/Desktop/rascore_build/renum_assembly/7ogc-assembly-1_renum.cif	/Users/mitchellparker/Desktop/rascore_build/sifts/7ogc.xml.gz	/Users/mitchellparker/Desktop/rascore_build/pocket/7ogcA_4_pocket.pdb
7ogcA	7ogc	0	A	Y32in.3P-ON	Y71in.3P-R	Y32in	Y71in	P 32 2 1 (CF1)	7ogcA5	5	GTPase HRas	RASH_HUMAN	P01112	WT	WT	HRAS	3P	WT	None	None	None	None	SP12-Unbound	P 32 2 1	166	1-166	2021-05-06	Other	159.9532	0.0000	Unbound	Unbound	149,151,153,154	GNP,MG,PGE,1PE,PGE	None	None	None	None	None	None	None	None	None	None	GNP	MG	None	1PE,PGE	None	None	STP	XRAY	1.700	0.163	MTEYKLVVVGAGGVGKSALTIQLIQNHFVDEYDPTIEDSYRKQVVIDGETCLLDILDTAGQEEYSAMRDQYMRTGEGFLCVFAINNTKSFEDIHQYREQIKRVKDSDDVPMVLVGNKCDLAARTVESRQAQDLARSYGIPYIETSAKTRQGVEDAFYTLVREIRQH	True	38.897	38.897	165.088	90.000	90.000	120.000	/Users/mitchellparker/Desktop/rascore_build/core/7ogcA_core.cif	/Users/mitchellparker/Desktop/rascore_build/rcsb/7ogc.cif.gz	/Users/mitchellparker/Desktop/rascore_build/renum/7ogc_renum.cif	/Users/mitchellparker/Desktop/rascore_build/rcsb_assembly/7ogc-assembly-1.cif.gz	/Users/mitchellparker/Desktop/rascore_build/renum_assembly/7ogc-assembly-1_renum.cif	/Users/mitchellparker/Desktop/rascore_build/sifts/7ogc.xml.gz	/Users/mitchellparker/Desktop/rascore_build/pocket/7ogcA_5_pocket.pdb
7ogcA	7ogc	0	A	Y32in.3P-ON	Y71in.3P-R	Y32in	Y71in	P 32 2 1 (CF1)	7ogcA6	6	GTPase HRas	RASH_HUMAN	P01112	WT	WT	HRAS	3P	WT	None	None	None	None	SP12-Unbound	P 32 2 1	166	1-166	2021-05-06	Other	195.0432	0.0131	Unbound	Unbound	118,119,143,144,145,148,150	GNP,MG,PGE,1PE,PGE	None	None	None	None	None	None	None	None	None	None	GNP	MG	None	1PE,PGE	None	None	STP	XRAY	1.700	0.163	MTEYKLVVVGAGGVGKSALTIQLIQNHFVDEYDPTIEDSYRKQVVIDGETCLLDILDTAGQEEYSAMRDQYMRTGEGFLCVFAINNTKSFEDIHQYREQIKRVKDSDDVPMVLVGNKCDLAARTVESRQAQDLARSYGIPYIETSAKTRQGVEDAFYTLVREIRQH	True	38.897	38.897	165.088	90.000	90.000	120.000	/Users/mitchellparker/Desktop/rascore_build/core/7ogcA_core.cif	/Users/mitchellparker/Desktop/rascore_build/rcsb/7ogc.cif.gz	/Users/mitchellparker/Desktop/rascore_build/renum/7ogc_renum.cif	/Users/mitchellparker/Desktop/rascore_build/rcsb_assembly/7ogc-assembly-1.cif.gz	/Users/mitchellparker/Desktop/rascore_build/renum_assembly/7ogc-assembly-1_renum.cif	/Users/mitchellparker/Desktop/rascore_build/sifts/7ogc.xml.gz	/Users/mitchellparker/Desktop/rascore_build/pocket/7ogcA_6_pocket.pdb
7ogdA	7ogd	0	A	Y32in.3P-ON	Outlier	Y32in	Y71out	P 32 2 1 (CF1)	7ogdA3	3	GTPase HRas	RASH_HUMAN	P01112	D33K	D33	HRAS	3P	Other	None	None	None	Homodimer	SP12-Unbound	P 32 2 1	166	1-166	2021-05-06	Other	356.7328	0.0001	Unbound	Unbound	1,41,42,43,52	GNP,MG,PGE	None	None	None	None	None	None	None	None	None	None	GNP	MG	None	PGE	None	None	STP	XRAY	1.950	0.184	MTEYKLVVVGAGGVGKSALTIQLIQNHFVDEYKPTIEDSYRKQVVIDGETCLLDILDTAGQEEYSAMRDQYMRTGEGFLCVFAINNTKSFEDIHQYREQIKRVKDSDDVPMVLVGNKCDLAARTVESRQAQDLARSYGIPYIETSAKTRQGVEDAFYTLVREIRQH	True	39.787	39.787	161.700	90.000	90.000	120.000	/Users/mitchellparker/Desktop/rascore_build/core/7ogdA_core.cif	/Users/mitchellparker/Desktop/rascore_build/rcsb/7ogd.cif.gz	/Users/mitchellparker/Desktop/rascore_build/renum/7ogd_renum.cif	/Users/mitchellparker/Desktop/rascore_build/rcsb_assembly/7ogd-assembly-1.cif.gz	/Users/mitchellparker/Desktop/rascore_build/renum_assembly/7ogd-assembly-1_renum.cif	/Users/mitchellparker/Desktop/rascore_build/sifts/7ogd.xml.gz	/Users/mitchellparker/Desktop/rascore_build/pocket/7ogdA_3_pocket.pdb
7ogdA	7ogd	0	A	Y32in.3P-ON	Outlier	Y32in	Y71out	P 32 2 1 (CF1)	7ogdA4	4	GTPase HRas	RASH_HUMAN	P01112	D33K	D33	HRAS	3P	Other	None	None	None	Homodimer	SP12-Unbound	P 32 2 1	166	1-166	2021-05-06	SP12	275.0914	0.1749	Unbound	Unbound	5,6,7,39,40,41,54,55,56,71,74,75	GNP,MG,PGE	None	None	None	None	None	None	None	None	None	None	GNP	MG	None	PGE	None	None	STP	XRAY	1.950	0.184	MTEYKLVVVGAGGVGKSALTIQLIQNHFVDEYKPTIEDSYRKQVVIDGETCLLDILDTAGQEEYSAMRDQYMRTGEGFLCVFAINNTKSFEDIHQYREQIKRVKDSDDVPMVLVGNKCDLAARTVESRQAQDLARSYGIPYIETSAKTRQGVEDAFYTLVREIRQH	True	39.787	39.787	161.700	90.000	90.000	120.000	/Users/mitchellparker/Desktop/rascore_build/core/7ogdA_core.cif	/Users/mitchellparker/Desktop/rascore_build/rcsb/7ogd.cif.gz	/Users/mitchellparker/Desktop/rascore_build/renum/7ogd_renum.cif	/Users/mitchellparker/Desktop/rascore_build/rcsb_assembly/7ogd-assembly-1.cif.gz	/Users/mitchellparker/Desktop/rascore_build/renum_assembly/7ogd-assembly-1_renum.cif	/Users/mitchellparker/Desktop/rascore_build/sifts/7ogd.xml.gz	/Users/mitchellparker/Desktop/rascore_build/pocket/7ogdA_4_pocket.pdb
7ogdA	7ogd	0	A	Y32in.3P-ON	Outlier	Y32in	Y71out	P 32 2 1 (CF1)	7ogdA5	5	GTPase HRas	RASH_HUMAN	P01112	D33K	D33	HRAS	3P	Other	None	None	None	Homodimer	SP12-Unbound	P 32 2 1	166	1-166	2021-05-06	Other	198.6140	0.0031	Unbound	Unbound	23,24,26,42,44,53,149,153,157	GNP,MG,PGE	None	None	None	None	None	None	None	None	None	None	GNP	MG	None	PGE	None	None	STP	XRAY	1.950	0.184	MTEYKLVVVGAGGVGKSALTIQLIQNHFVDEYKPTIEDSYRKQVVIDGETCLLDILDTAGQEEYSAMRDQYMRTGEGFLCVFAINNTKSFEDIHQYREQIKRVKDSDDVPMVLVGNKCDLAARTVESRQAQDLARSYGIPYIETSAKTRQGVEDAFYTLVREIRQH	True	39.787	39.787	161.700	90.000	90.000	120.000	/Users/mitchellparker/Desktop/rascore_build/core/7ogdA_core.cif	/Users/mitchellparker/Desktop/rascore_build/rcsb/7ogd.cif.gz	/Users/mitchellparker/Desktop/rascore_build/renum/7ogd_renum.cif	/Users/mitchellparker/Desktop/rascore_build/rcsb_assembly/7ogd-assembly-1.cif.gz	/Users/mitchellparker/Desktop/rascore_build/renum_assembly/7ogd-assembly-1_renum.cif	/Users/mitchellparker/Desktop/rascore_build/sifts/7ogd.xml.gz	/Users/mitchellparker/Desktop/rascore_build/pocket/7ogdA_5_pocket.pdb
7ogdA	7ogd	0	A	Y32in.3P-ON	Outlier	Y32in	Y71out	P 32 2 1 (CF1)	7ogdA6	6	GTPase HRas	RASH_HUMAN	P01112	D33K	D33	HRAS	3P	Other	None	None	None	Homodimer	SP12-Unbound	P 32 2 1	166	1-166	2021-05-06	Other	218.6656	0.0000	Unbound	Unbound	149,151,152,153,154	GNP,MG,PGE	None	None	None	None	None	None	None	None	None	None	GNP	MG	None	PGE	None	None	STP	XRAY	1.950	0.184	MTEYKLVVVGAGGVGKSALTIQLIQNHFVDEYKPTIEDSYRKQVVIDGETCLLDILDTAGQEEYSAMRDQYMRTGEGFLCVFAINNTKSFEDIHQYREQIKRVKDSDDVPMVLVGNKCDLAARTVESRQAQDLARSYGIPYIETSAKTRQGVEDAFYTLVREIRQH	True	39.787	39.787	161.700	90.000	90.000	120.000	/Users/mitchellparker/Desktop/rascore_build/core/7ogdA_core.cif	/Users/mitchellparker/Desktop/rascore_build/rcsb/7ogd.cif.gz	/Users/mitchellparker/Desktop/rascore_build/renum/7ogd_renum.cif	/Users/mitchellparker/Desktop/rascore_build/rcsb_assembly/7ogd-assembly-1.cif.gz	/Users/mitchellparker/Desktop/rascore_build/renum_assembly/7ogd-assembly-1_renum.cif	/Users/mitchellparker/Desktop/rascore_build/sifts/7ogd.xml.gz	/Users/mitchellparker/Desktop/rascore_build/pocket/7ogdA_6_pocket.pdb
7ogdA	7ogd	0	A	Y32in.3P-ON	Outlier	Y32in	Y71out	P 32 2 1 (CF1)	7ogdA7	7	GTPase HRas	RASH_HUMAN	P01112	D33K	D33	HRAS	3P	Other	None	None	None	Homodimer	SP12-Unbound	P 32 2 1	166	1-166	2021-05-06	Other	287.8915	0.0002	Unbound	Unbound	97,108,109,110,137,138,139,162,165,166	GNP,MG,PGE	None	None	None	None	None	None	None	None	None	None	GNP	MG	None	PGE	None	None	STP	XRAY	1.950	0.184	MTEYKLVVVGAGGVGKSALTIQLIQNHFVDEYKPTIEDSYRKQVVIDGETCLLDILDTAGQEEYSAMRDQYMRTGEGFLCVFAINNTKSFEDIHQYREQIKRVKDSDDVPMVLVGNKCDLAARTVESRQAQDLARSYGIPYIETSAKTRQGVEDAFYTLVREIRQH	True	39.787	39.787	161.700	90.000	90.000	120.000	/Users/mitchellparker/Desktop/rascore_build/core/7ogdA_core.cif	/Users/mitchellparker/Desktop/rascore_build/rcsb/7ogd.cif.gz	/Users/mitchellparker/Desktop/rascore_build/renum/7ogd_renum.cif	/Users/mitchellparker/Desktop/rascore_build/rcsb_assembly/7ogd-assembly-1.cif.gz	/Users/mitchellparker/Desktop/rascore_build/renum_assembly/7ogd-assembly-1_renum.cif	/Users/mitchellparker/Desktop/rascore_build/sifts/7ogd.xml.gz	/Users/mitchellparker/Desktop/rascore_build/pocket/7ogdA_7_pocket.pdb
7ogdA	7ogd	0	A	Y32in.3P-ON	Outlier	Y32in	Y71out	P 32 2 1 (CF1)	7ogdA8	8	GTPase HRas	RASH_HUMAN	P01112	D33K	D33	HRAS	3P	Other	None	None	None	Homodimer	SP12-Unbound	P 32 2 1	166	1-166	2021-05-06	Other	262.6424	0.0001	Unbound	Unbound	98,101,102,105,106,107	GNP,MG,PGE	None	None	None	None	None	None	None	None	None	None	GNP	MG	None	PGE	None	None	STP	XRAY	1.950	0.184	MTEYKLVVVGAGGVGKSALTIQLIQNHFVDEYKPTIEDSYRKQVVIDGETCLLDILDTAGQEEYSAMRDQYMRTGEGFLCVFAINNTKSFEDIHQYREQIKRVKDSDDVPMVLVGNKCDLAARTVESRQAQDLARSYGIPYIETSAKTRQGVEDAFYTLVREIRQH	True	39.787	39.787	161.700	90.000	90.000	120.000	/Users/mitchellparker/Desktop/rascore_build/core/7ogdA_core.cif	/Users/mitchellparker/Desktop/rascore_build/rcsb/7ogd.cif.gz	/Users/mitchellparker/Desktop/rascore_build/renum/7ogd_renum.cif	/Users/mitchellparker/Desktop/rascore_build/rcsb_assembly/7ogd-assembly-1.cif.gz	/Users/mitchellparker/Desktop/rascore_build/renum_assembly/7ogd-assembly-1_renum.cif	/Users/mitchellparker/Desktop/rascore_build/sifts/7ogd.xml.gz	/Users/mitchellparker/Desktop/rascore_build/pocket/7ogdA_8_pocket.pdb
7ogdA	7ogd	0	A	Y32in.3P-ON	Outlier	Y32in	Y71out	P 32 2 1 (CF1)	7ogdA9	9	GTPase HRas	RASH_HUMAN	P01112	D33K	D33	HRAS	3P	Other	None	None	None	Homodimer	SP12-Unbound	P 32 2 1	166	1-166	2021-05-06	Other	125.1382	0.0001	Unbound	Unbound	17,21,33,34,35,38,40	GNP,MG,PGE	None	None	None	None	None	None	None	None	None	None	GNP	MG	None	PGE	None	None	STP	XRAY	1.950	0.184	MTEYKLVVVGAGGVGKSALTIQLIQNHFVDEYKPTIEDSYRKQVVIDGETCLLDILDTAGQEEYSAMRDQYMRTGEGFLCVFAINNTKSFEDIHQYREQIKRVKDSDDVPMVLVGNKCDLAARTVESRQAQDLARSYGIPYIETSAKTRQGVEDAFYTLVREIRQH	True	39.787	39.787	161.700	90.000	90.000	120.000	/Users/mitchellparker/Desktop/rascore_build/core/7ogdA_core.cif	/Users/mitchellparker/Desktop/rascore_build/rcsb/7ogd.cif.gz	/Users/mitchellparker/Desktop/rascore_build/renum/7ogd_renum.cif	/Users/mitchellparker/Desktop/rascore_build/rcsb_assembly/7ogd-assembly-1.cif.gz	/Users/mitchellparker/Desktop/rascore_build/renum_assembly/7ogd-assembly-1_renum.cif	/Users/mitchellparker/Desktop/rascore_build/sifts/7ogd.xml.gz	/Users/mitchellparker/Desktop/rascore_build/pocket/7ogdA_9_pocket.pdb
7ogeA	7oge	0	A	Y32in.3P-ON	Outlier	Y32in	Y71in	P 32 2 1 (CF1)	7ogeA3	3	GTPase HRas	RASH_HUMAN	P01112	D33K	D33	HRAS	3P	Other	None	None	None	Homodimer	SP12-Unbound	P 32 2 1	166	1-166	2021-05-06	Other	348.5491	0.0225	Unbound	Unbound	90,91,94,129,132,133,136,137	GNP,MG,PGE	None	None	None	None	None	None	None	None	None	None	GNP	MG	None	PGE	None	None	STP	XRAY	2.100	0.177	MTEYKLVVVGAGGVGKSALTIQLIQNHFVDEYKPTIEDSYRKQVVIDGETCLLDILDTAGQEEYSAMRDQYMRTGEGFLCVFAINNTKSFEDIHQYREQIKRVKDSDDVPMVLVGNKCDLAARTVESRQAQDLARSYGIPYIETSAKTRQGVEDAFYTLVREIRQH	True	39.568	39.568	160.645	90.000	90.000	120.000	/Users/mitchellparker/Desktop/rascore_build/core/7ogeA_core.cif	/Users/mitchellparker/Desktop/rascore_build/rcsb/7oge.cif.gz	/Users/mitchellparker/Desktop/rascore_build/renum/7oge_renum.cif	/Users/mitchellparker/Desktop/rascore_build/rcsb_assembly/7oge-assembly-1.cif.gz	/Users/mitchellparker/Desktop/rascore_build/renum_assembly/7oge-assembly-1_renum.cif	/Users/mitchellparker/Desktop/rascore_build/sifts/7oge.xml.gz	/Users/mitchellparker/Desktop/rascore_build/pocket/7ogeA_3_pocket.pdb
7ogeA	7oge	0	A	Y32in.3P-ON	Outlier	Y32in	Y71in	P 32 2 1 (CF1)	7ogeA4	4	GTPase HRas	RASH_HUMAN	P01112	D33K	D33	HRAS	3P	Other	None	None	None	Homodimer	SP12-Unbound	P 32 2 1	166	1-166	2021-05-06	Other	274.1850	0.0002	Unbound	Unbound	97,108,109,110,111,137,138,139,162,165,166	GNP,MG,PGE	None	None	None	None	None	None	None	None	None	None	GNP	MG	None	PGE	None	None	STP	XRAY	2.100	0.177	MTEYKLVVVGAGGVGKSALTIQLIQNHFVDEYKPTIEDSYRKQVVIDGETCLLDILDTAGQEEYSAMRDQYMRTGEGFLCVFAINNTKSFEDIHQYREQIKRVKDSDDVPMVLVGNKCDLAARTVESRQAQDLARSYGIPYIETSAKTRQGVEDAFYTLVREIRQH	True	39.568	39.568	160.645	90.000	90.000	120.000	/Users/mitchellparker/Desktop/rascore_build/core/7ogeA_core.cif	/Users/mitchellparker/Desktop/rascore_build/rcsb/7oge.cif.gz	/Users/mitchellparker/Desktop/rascore_build/renum/7oge_renum.cif	/Users/mitchellparker/Desktop/rascore_build/rcsb_assembly/7oge-assembly-1.cif.gz	/Users/mitchellparker/Desktop/rascore_build/renum_assembly/7oge-assembly-1_renum.cif	/Users/mitchellparker/Desktop/rascore_build/sifts/7oge.xml.gz	/Users/mitchellparker/Desktop/rascore_build/pocket/7ogeA_4_pocket.pdb
7ogeA	7oge	0	A	Y32in.3P-ON	Outlier	Y32in	Y71in	P 32 2 1 (CF1)	7ogeA5	5	GTPase HRas	RASH_HUMAN	P01112	D33K	D33	HRAS	3P	Other	None	None	None	Homodimer	SP12-Unbound	P 32 2 1	166	1-166	2021-05-06	SP12	182.9505	0.0007	Unbound	Unbound	5,6,7,39,54,55,56,71,74,75	GNP,MG,PGE	None	None	None	None	None	None	None	None	None	None	GNP	MG	None	PGE	None	None	STP	XRAY	2.100	0.177	MTEYKLVVVGAGGVGKSALTIQLIQNHFVDEYKPTIEDSYRKQVVIDGETCLLDILDTAGQEEYSAMRDQYMRTGEGFLCVFAINNTKSFEDIHQYREQIKRVKDSDDVPMVLVGNKCDLAARTVESRQAQDLARSYGIPYIETSAKTRQGVEDAFYTLVREIRQH	True	39.568	39.568	160.645	90.000	90.000	120.000	/Users/mitchellparker/Desktop/rascore_build/core/7ogeA_core.cif	/Users/mitchellparker/Desktop/rascore_build/rcsb/7oge.cif.gz	/Users/mitchellparker/Desktop/rascore_build/renum/7oge_renum.cif	/Users/mitchellparker/Desktop/rascore_build/rcsb_assembly/7oge-assembly-1.cif.gz	/Users/mitchellparker/Desktop/rascore_build/renum_assembly/7oge-assembly-1_renum.cif	/Users/mitchellparker/Desktop/rascore_build/sifts/7oge.xml.gz	/Users/mitchellparker/Desktop/rascore_build/pocket/7ogeA_5_pocket.pdb
7ogeA	7oge	0	A	Y32in.3P-ON	Outlier	Y32in	Y71in	P 32 2 1 (CF1)	7ogeA6	6	GTPase HRas	RASH_HUMAN	P01112	D33K	D33	HRAS	3P	Other	None	None	None	Homodimer	SP12-Unbound	P 32 2 1	166	1-166	2021-05-06	Other	204.4509	0.0001	Unbound	Unbound	149,151,152,153,154	GNP,MG,PGE	None	None	None	None	None	None	None	None	None	None	GNP	MG	None	PGE	None	None	STP	XRAY	2.100	0.177	MTEYKLVVVGAGGVGKSALTIQLIQNHFVDEYKPTIEDSYRKQVVIDGETCLLDILDTAGQEEYSAMRDQYMRTGEGFLCVFAINNTKSFEDIHQYREQIKRVKDSDDVPMVLVGNKCDLAARTVESRQAQDLARSYGIPYIETSAKTRQGVEDAFYTLVREIRQH	True	39.568	39.568	160.645	90.000	90.000	120.000	/Users/mitchellparker/Desktop/rascore_build/core/7ogeA_core.cif	/Users/mitchellparker/Desktop/rascore_build/rcsb/7oge.cif.gz	/Users/mitchellparker/Desktop/rascore_build/renum/7oge_renum.cif	/Users/mitchellparker/Desktop/rascore_build/rcsb_assembly/7oge-assembly-1.cif.gz	/Users/mitchellparker/Desktop/rascore_build/renum_assembly/7oge-assembly-1_renum.cif	/Users/mitchellparker/Desktop/rascore_build/sifts/7oge.xml.gz	/Users/mitchellparker/Desktop/rascore_build/pocket/7ogeA_6_pocket.pdb
7ogeA	7oge	0	A	Y32in.3P-ON	Outlier	Y32in	Y71in	P 32 2 1 (CF1)	7ogeA7	7	GTPase HRas	RASH_HUMAN	P01112	D33K	D33	HRAS	3P	Other	None	None	None	Homodimer	SP12-Unbound	P 32 2 1	166	1-166	2021-05-06	Other	325.5298	0.0027	Unbound	Unbound	76,104,106,109,110,163,166	GNP,MG,PGE	None	None	None	None	None	None	None	None	None	None	GNP	MG	None	PGE	None	None	STP	XRAY	2.100	0.177	MTEYKLVVVGAGGVGKSALTIQLIQNHFVDEYKPTIEDSYRKQVVIDGETCLLDILDTAGQEEYSAMRDQYMRTGEGFLCVFAINNTKSFEDIHQYREQIKRVKDSDDVPMVLVGNKCDLAARTVESRQAQDLARSYGIPYIETSAKTRQGVEDAFYTLVREIRQH	True	39.568	39.568	160.645	90.000	90.000	120.000	/Users/mitchellparker/Desktop/rascore_build/core/7ogeA_core.cif	/Users/mitchellparker/Desktop/rascore_build/rcsb/7oge.cif.gz	/Users/mitchellparker/Desktop/rascore_build/renum/7oge_renum.cif	/Users/mitchellparker/Desktop/rascore_build/rcsb_assembly/7oge-assembly-1.cif.gz	/Users/mitchellparker/Desktop/rascore_build/renum_assembly/7oge-assembly-1_renum.cif	/Users/mitchellparker/Desktop/rascore_build/sifts/7oge.xml.gz	/Users/mitchellparker/Desktop/rascore_build/pocket/7ogeA_7_pocket.pdb
7ogfA	7ogf	0	A	Outlier	Outlier	Y32in	Y71out	P 32 2 1 (CF1)	7ogfA3	3	GTPase HRas	RASH_HUMAN	P01112	D33K	D33	HRAS	3P	Other	None	None	None	None	SP12-Unbound	P 32 2 1	166	1-166	2021-05-06	SP12	374.0814	0.0061	Unbound	Unbound	5,6,7,39,40,41,54,55,56,74,75	GNP,MG,PGE,1PE,PGE	None	None	None	None	None	None	None	None	None	None	GNP	MG	None	1PE,PGE	None	None	STP	XRAY	1.800	0.247	MTEYKLVVVGAGGVGKSALTIQLIQNHFVDEYKPTIEDSYRKQVVIDGETCLLDILDTAGQEEYSAMRDQYMRTGEGFLCVFAINNTKSFEDIHQYREQIKRVKDSDDVPMVLVGNKCDLAARTVESRQAQDLARSYGIPYIETSAKTRQGVEDAFYTLVREIRQH	True	38.418	38.418	165.404	90.000	90.000	120.000	/Users/mitchellparker/Desktop/rascore_build/core/7ogfA_core.cif	/Users/mitchellparker/Desktop/rascore_build/rcsb/7ogf.cif.gz	/Users/mitchellparker/Desktop/rascore_build/renum/7ogf_renum.cif	/Users/mitchellparker/Desktop/rascore_build/rcsb_assembly/7ogf-assembly-1.cif.gz	/Users/mitchellparker/Desktop/rascore_build/renum_assembly/7ogf-assembly-1_renum.cif	/Users/mitchellparker/Desktop/rascore_build/sifts/7ogf.xml.gz	/Users/mitchellparker/Desktop/rascore_build/pocket/7ogfA_3_pocket.pdb
7ogfA	7ogf	0	A	Outlier	Outlier	Y32in	Y71out	P 32 2 1 (CF1)	7ogfA4	4	GTPase HRas	RASH_HUMAN	P01112	D33K	D33	HRAS	3P	Other	None	None	None	None	SP12-Unbound	P 32 2 1	166	1-166	2021-05-06	Other	225.1431	0.0001	Unbound	Unbound	98,101,102,105,106,107	GNP,MG,PGE,1PE,PGE	None	None	None	None	None	None	None	None	None	None	GNP	MG	None	1PE,PGE	None	None	STP	XRAY	1.800	0.247	MTEYKLVVVGAGGVGKSALTIQLIQNHFVDEYKPTIEDSYRKQVVIDGETCLLDILDTAGQEEYSAMRDQYMRTGEGFLCVFAINNTKSFEDIHQYREQIKRVKDSDDVPMVLVGNKCDLAARTVESRQAQDLARSYGIPYIETSAKTRQGVEDAFYTLVREIRQH	True	38.418	38.418	165.404	90.000	90.000	120.000	/Users/mitchellparker/Desktop/rascore_build/core/7ogfA_core.cif	/Users/mitchellparker/Desktop/rascore_build/rcsb/7ogf.cif.gz	/Users/mitchellparker/Desktop/rascore_build/renum/7ogf_renum.cif	/Users/mitchellparker/Desktop/rascore_build/rcsb_assembly/7ogf-assembly-1.cif.gz	/Users/mitchellparker/Desktop/rascore_build/renum_assembly/7ogf-assembly-1_renum.cif	/Users/mitchellparker/Desktop/rascore_build/sifts/7ogf.xml.gz	/Users/mitchellparker/Desktop/rascore_build/pocket/7ogfA_4_pocket.pdb
7ogfA	7ogf	0	A	Outlier	Outlier	Y32in	Y71out	P 32 2 1 (CF1)	7ogfA5	5	GTPase HRas	RASH_HUMAN	P01112	D33K	D33	HRAS	3P	Other	None	None	None	None	SP12-Unbound	P 32 2 1	166	1-166	2021-05-06	Other	355.7456	0.0006	Unbound	Unbound	118,119,143,144,145,148,150,151,154	GNP,MG,PGE,1PE,PGE	None	None	None	None	None	None	None	None	None	None	GNP	MG	None	1PE,PGE	None	None	STP	XRAY	1.800	0.247	MTEYKLVVVGAGGVGKSALTIQLIQNHFVDEYKPTIEDSYRKQVVIDGETCLLDILDTAGQEEYSAMRDQYMRTGEGFLCVFAINNTKSFEDIHQYREQIKRVKDSDDVPMVLVGNKCDLAARTVESRQAQDLARSYGIPYIETSAKTRQGVEDAFYTLVREIRQH	True	38.418	38.418	165.404	90.000	90.000	120.000	/Users/mitchellparker/Desktop/rascore_build/core/7ogfA_core.cif	/Users/mitchellparker/Desktop/rascore_build/rcsb/7ogf.cif.gz	/Users/mitchellparker/Desktop/rascore_build/renum/7ogf_renum.cif	/Users/mitchellparker/Desktop/rascore_build/rcsb_assembly/7ogf-assembly-1.cif.gz	/Users/mitchellparker/Desktop/rascore_build/renum_assembly/7ogf-assembly-1_renum.cif	/Users/mitchellparker/Desktop/rascore_build/sifts/7ogf.xml.gz	/Users/mitchellparker/Desktop/rascore_build/pocket/7ogfA_5_pocket.pdb
7r0mA	7r0m	0	A	Y32out.2P-OFF	Y71out.2P-SP2-A	Y32out	Y71out	P 1 (CF1)	7r0mA1	1	GTPase KRas	RASK_HUMAN	P01116-2	G12C,C51S,C80L,C118S	G12,C51,C80,C118	KRAS	2P	G12C	SP2	SP2.Acrylamide	None	None	SP2-Bound	P 1	170	1-168	2022-02-02	SP2	950.4047	0.9248	Bound	SP2	9,10,12,16,34,58,59,60,61,62,63,64,65,68,69,72,92,95,96,99,100,102,103	MG,MG,H2T,GDP	None	H2T:102,72,103,99,69,68,63,64,65,59,61,96,62,10,16,60,12,100,34	None	None	SP2	SP2.Acrylamide	H2T:CCC(=O)N1CC2(CC(n3nc(-c4ccc5c(cnn5C)c4)c(-c4c(Cl)c(C)cc5[nH]ncc45)c3C)C2)C1	None	None	None	GDP	MG	H2T	None	None	None	H2T	XRAY	1.611	0.195	GMTEYKLVVVGACGVGKSALTIQLIQNHFVDEYDPTIEDSYRKQVVIDGETSLLDILDTAGQEEYSAMRDQYMRTGEGFLLVFAINNTKSFEDIHHYREQIKRVKDSEDVPMVLVGNKSDLPSRTVDTKQAQDLARSYGIPFIETSAKTRQGVDDAFYTLVREIRKHKEK	True	33.652	39.496	62.362	77.24	80.85	77.15	/Users/mitchellparker/Desktop/rascore_build/core/7r0mA_core.cif	/Users/mitchellparker/Desktop/rascore_build/rcsb/7r0m.cif.gz	/Users/mitchellparker/Desktop/rascore_build/renum/7r0m_renum.cif	/Users/mitchellparker/Desktop/rascore_build/rcsb_assembly/7r0m-assembly-2.cif.gz	/Users/mitchellparker/Desktop/rascore_build/renum_assembly/7r0m-assembly-2_renum.cif	/Users/mitchellparker/Desktop/rascore_build/sifts/7r0m.xml.gz	/Users/mitchellparker/Desktop/rascore_build/pocket/7r0mA_1_pocket.pdb
7r0mB	7r0m	0	B	Y32out.2P-OFF	Y71out.2P-SP2-A	Y32out	Y71out	P 1 (CF1)	7r0mB1	1	GTPase KRas	RASK_HUMAN	P01116-2	G12C,C51S,C80L,C118S	G12,C51,C80,C118	KRAS	2P	G12C	SP2	SP2.Acrylamide	None	None	SP2-Bound	P 1	170	1-168	2022-02-02	SP2	807.0765	0.9740	Bound	SP2	9,10,12,16,34,58,59,60,61,62,63,64,65,68,69,72,95,96,99,100,102,103	MG,MG,H2T,GDP	None	H2T:103,72,69,102,68,63,95,65,64,61,59,96,10,16,60,12,99,62,100,34	None	None	SP2	SP2.Acrylamide	H2T:CCC(=O)N1CC2(CC(n3nc(-c4ccc5c(cnn5C)c4)c(-c4c(Cl)c(C)cc5[nH]ncc45)c3C)C2)C1	None	None	None	GDP	MG	H2T	None	None	None	H2T	XRAY	1.611	0.195	GMTEYKLVVVGACGVGKSALTIQLIQNHFVDEYDPTIEDSYRKQVVIDGETSLLDILDTAGQEEYSAMRDQYMRTGEGFLLVFAINNTKSFEDIHHYREQIKRVKDSEDVPMVLVGNKSDLPSRTVDTKQAQDLARSYGIPFIETSAKTRQGVDDAFYTLVREIRKHKEK	True	33.652	39.496	62.362	77.24	80.85	77.15	/Users/mitchellparker/Desktop/rascore_build/core/7r0mB_core.cif	/Users/mitchellparker/Desktop/rascore_build/rcsb/7r0m.cif.gz	/Users/mitchellparker/Desktop/rascore_build/renum/7r0m_renum.cif	/Users/mitchellparker/Desktop/rascore_build/rcsb_assembly/7r0m-assembly-2.cif.gz	/Users/mitchellparker/Desktop/rascore_build/renum_assembly/7r0m-assembly-2_renum.cif	/Users/mitchellparker/Desktop/rascore_build/sifts/7r0m.xml.gz	/Users/mitchellparker/Desktop/rascore_build/pocket/7r0mB_1_pocket.pdb
7r0nA	7r0n	0	A	Y32out.2P-OFF	Outlier	Y32out	Y71out	P 21 21 21 (CF21)	7r0nA1	1	GTPase KRas	RASK_HUMAN	P01116-2	G12C,C51S,C80L,C118S	G12,C51,C80,C118	KRAS	2P	G12C	SP2	SP2.Unclassified	None	None	SP2-Bound	P 21 21 21	170	1-104:108-169	2022-02-02	SP2	612.8194	0.9381	Bound	SP2	9,10,12,16,34,58,59,60,62,63,64,65,68,69,72,96,99,103	MG,H40,GDP	None	H40:99,68,60,59,62,58,72,69,12,34,96,10,16,63	None	None	SP2	SP2.Unclassified	H40:CCC(=O)Nc1ccc(Sc2cc(Br)nc(NCCO)c2)cc1	None	None	None	GDP	MG	H40	None	None	None	H40	XRAY	1.200	0.203	GMTEYKLVVVGACGVGKSALTIQLIQNHFVDEYDPTIEDSYRKQVVIDGETSLLDILDTAGQEEYSAMRDQYMRTGEGFLLVFAINNTKSFEDIHHYREQIKRVKDSEDVPMVLVGNKSDLPSRTVDTKQAQDLARSYGIPFIETSAKTRQGVDDAFYTLVREIRKHKEK	True	41.351	59.228	65.207	90	90	90	/Users/mitchellparker/Desktop/rascore_build/core/7r0nA_core.cif	/Users/mitchellparker/Desktop/rascore_build/rcsb/7r0n.cif.gz	/Users/mitchellparker/Desktop/rascore_build/renum/7r0n_renum.cif	/Users/mitchellparker/Desktop/rascore_build/rcsb_assembly/7r0n-assembly-1.cif.gz	/Users/mitchellparker/Desktop/rascore_build/renum_assembly/7r0n-assembly-1_renum.cif	/Users/mitchellparker/Desktop/rascore_build/sifts/7r0n.xml.gz	/Users/mitchellparker/Desktop/rascore_build/pocket/7r0nA_1_pocket.pdb
7r0qA	7r0q	0	A	Y32out.2P-OFF	Y71out.2P-SP2-A	Y32out	Y71out	P 1 (CF1)	7r0qA1	1	GTPase KRas	RASK_HUMAN	P01116-2	G12C,C51S,C80L,C118S	G12,C51,C80,C118	KRAS	2P	G12C	SP2	SP2.Unclassified	None	None	SP2-Bound	P 1	170	1-168	2022-02-02	SP2	914.9609	0.6236	Bound	SP2	9,10,12,16,58,59,60,61,62,63,64,65,68,69,72,88,92,95,96,99,100,102,103	MG,MG,H0O,GDP	None	H0O:96,10,68,69,103,72,99,63,60,59,16,12,34,95,61,65,102	None	None	SP2	SP2.Unclassified	H0O:CCC(=O)Nc1ccc(-n2nc(C)c(-c3c(C)ccc4n[nH]cc34)c2C)cc1	None	None	None	GDP	MG	H0O	None	None	None	H0O	XRAY	1.950	0.240	GMTEYKLVVVGACGVGKSALTIQLIQNHFVDEYDPTIEDSYRKQVVIDGETSLLDILDTAGQEEYSAMRDQYMRTGEGFLLVFAINNTKSFEDIHHYREQIKRVKDSEDVPMVLVGNKSDLPSRTVDTKQAQDLARSYGIPFIETSAKTRQGVDDAFYTLVREIRKHKEK	True	33.23	39.8	62.81	76.89	81.2	77.32	/Users/mitchellparker/Desktop/rascore_build/core/7r0qA_core.cif	/Users/mitchellparker/Desktop/rascore_build/rcsb/7r0q.cif.gz	/Users/mitchellparker/Desktop/rascore_build/renum/7r0q_renum.cif	/Users/mitchellparker/Desktop/rascore_build/rcsb_assembly/7r0q-assembly-1.cif.gz	/Users/mitchellparker/Desktop/rascore_build/renum_assembly/7r0q-assembly-1_renum.cif	/Users/mitchellparker/Desktop/rascore_build/sifts/7r0q.xml.gz	/Users/mitchellparker/Desktop/rascore_build/pocket/7r0qA_1_pocket.pdb
7r0qB	7r0q	0	B	Y32out.2P-OFF	Y71out.2P-SP2-A	Y32out	Y71out	P 1 (CF1)	7r0qB1	1	GTPase KRas	RASK_HUMAN	P01116-2	G12C,C51S,C80L,C118S	G12,C51,C80,C118	KRAS	2P	G12C	SP2	SP2.Unclassified	None	None	SP2-Bound	P 1	170	1-120:123-168	2022-02-02	SP2	773.7922	0.7932	Bound	SP2	9,10,12,16,58,59,60,61,62,63,64,65,68,69,72,95,96,99,100,102,103	MG,H0O,GDP	None	H0O:96,10,62,68,102,69,103,99,72,63,60,12,34,95,61,59,65,16	None	None	SP2	SP2.Unclassified	H0O:CCC(=O)Nc1ccc(-n2nc(C)c(-c3c(C)ccc4n[nH]cc34)c2C)cc1	None	None	None	GDP	MG	H0O	None	None	None	H0O	XRAY	1.950	0.240	GMTEYKLVVVGACGVGKSALTIQLIQNHFVDEYDPTIEDSYRKQVVIDGETSLLDILDTAGQEEYSAMRDQYMRTGEGFLLVFAINNTKSFEDIHHYREQIKRVKDSEDVPMVLVGNKSDLPSRTVDTKQAQDLARSYGIPFIETSAKTRQGVDDAFYTLVREIRKHKEK	True	33.23	39.8	62.81	76.89	81.2	77.32	/Users/mitchellparker/Desktop/rascore_build/core/7r0qB_core.cif	/Users/mitchellparker/Desktop/rascore_build/rcsb/7r0q.cif.gz	/Users/mitchellparker/Desktop/rascore_build/renum/7r0q_renum.cif	/Users/mitchellparker/Desktop/rascore_build/rcsb_assembly/7r0q-assembly-1.cif.gz	/Users/mitchellparker/Desktop/rascore_build/renum_assembly/7r0q-assembly-1_renum.cif	/Users/mitchellparker/Desktop/rascore_build/sifts/7r0q.xml.gz	/Users/mitchellparker/Desktop/rascore_build/pocket/7r0qB_1_pocket.pdb
7rp2A	7rp2	0	A	Y32out.2P-OFF	Outlier	Y32out	Y71out	C 1 2 1 (CF15)	7rp2A1	1	GTPase KRas	RASK_HUMAN	P01116-2	G12C,C51S,C80L,C118S	G12,C51,C80,C118	KRAS	2P	G12C	None	None	Binder	None	SP2-Unbound	C 1 2 1	170	0-169	2021-08-03	SP2	193.4291	0.0277	Unbound	Unbound	9,62,72,78,96,99,100,103	GDP,MG	immunoglobulin IgG heavy chain,immunoglobulin IgG light chain	None	H:36,38,32,40,25,39,41,71,54,5,74,56,75,7,6|I:67,65	None	None	None	None	Binder	None	H,I	GDP	MG	None	None	None	None	STP	XRAY	2.200	0.208	GMTEYKLVVVGACGVGKSALTIQLIQNHFVDEYDPTIEDSYRKQVVIDGETSLLDILDTAGQEEYSAMRDQYMRTGEGFLLVFAINNTKSFEDIHHYREQIKRVKDSEDVPMVLVGNKSDLPSRTVDTKQAQDLARSYGIPFIETSAKTRQGVDDAFYTLVREIRKHKEK	True	149.918	68.796	101.002	90.000	114.080	90.000	/Users/mitchellparker/Desktop/rascore_build/core/7rp2A_core.cif	/Users/mitchellparker/Desktop/rascore_build/rcsb/7rp2.cif.gz	/Users/mitchellparker/Desktop/rascore_build/renum/7rp2_renum.cif	/Users/mitchellparker/Desktop/rascore_build/rcsb_assembly/7rp2-assembly-1.cif.gz	/Users/mitchellparker/Desktop/rascore_build/renum_assembly/7rp2-assembly-1_renum.cif	/Users/mitchellparker/Desktop/rascore_build/sifts/7rp2.xml.gz	/Users/mitchellparker/Desktop/rascore_build/pocket/7rp2A_1_pocket.pdb
7rp3A	7rp3	0	A	Y32out.2P-OFF	Y71out.2P-SP2-A	Y32out	Y71out	P 1 21 1 (CF26)	7rp3A1	1	GTPase KRas	RASK_HUMAN	P01116-2	M1S,G12C	M1,G12	KRAS	2P	G12C	SP2	SP2.Acrylamide	Binder	None	SP2-Bound	P 1 21 1	171	1-167	2021-08-03	SP2	739.7754	0.9446	Bound	SP2	9,10,11,12,16,34,58,59,60,61,62,63,64,68,69,72,95,96,99,100,102,103	MKZ,GDP,MG,GOL,GOL,GOL	immunoglobulin IgG heavy chain,immunoglobulin IgG light chain	MKZ:60,12,34,59,16,58,10,96,95,64,72,99,100,103,102,63,68,61,62,69	H:36,38,32,40,25,39,41,54,5,74,71,56,75,7,6,70,67,35,37|I:67,66,70	None	SP2	SP2.Acrylamide	MKZ:CCC(=O)N1CCN(c2ncnc3cc(-c4c(C)ccc5[nH]ncc45)c(Cl)cc23)CC1	Binder	None	H,I	GDP	MG	MKZ	EDO,GOL	None	None	MKZ	XRAY	2.000	0.193	GSSTEYKLVVVGACGVGKSALTIQLIQNHFVDEYDPTIEDSYRKQVVIDGETCLLDILDTAGQEEYSAMRDQYMRTGEGFLCVFAINNTKSFEDIHHYREQIKRVKDSEDVPMVLVGNKCDLPSRTVDTKQAQDLARSYGIPFIETSAKTRQGVDDAFYTLVREIRKHKEK	True	59.236	74.330	77.880	90.000	104.870	90.000	/Users/mitchellparker/Desktop/rascore_build/core/7rp3A_core.cif	/Users/mitchellparker/Desktop/rascore_build/rcsb/7rp3.cif.gz	/Users/mitchellparker/Desktop/rascore_build/renum/7rp3_renum.cif	/Users/mitchellparker/Desktop/rascore_build/rcsb_assembly/7rp3-assembly-1.cif.gz	/Users/mitchellparker/Desktop/rascore_build/renum_assembly/7rp3-assembly-1_renum.cif	/Users/mitchellparker/Desktop/rascore_build/sifts/7rp3.xml.gz	/Users/mitchellparker/Desktop/rascore_build/pocket/7rp3A_1_pocket.pdb
7rp4A	7rp4	0	A	Y32out.2P-OFF	Y71out.2P-SP2-A	Y32out	Y71out	P 1 (CF10)	7rp4A1	1	GTPase KRas	RASK_HUMAN	P01116-2	G12C,C51S,C80L,C118S	G12,C51,C80,C118	KRAS	2P	G12C	SP2	SP2.Acrylamide	None	None	SP2-Bound	P 1	170	2-169	2021-08-03	SP2	1156.7733	0.3277	Bound	SP2	9,10,11,12,16,34,58,59,60,61,62,63,64,65,68,69,72,88,92,95,96,99,100,102	MKZ,GDP,MG	None	MKZ:60,12,34,59,16,10,96,95,72,99,102,69,68,63,64,61,62,65	None	None	SP2	SP2.Acrylamide	MKZ:CCC(=O)N1CCN(c2ncnc3cc(-c4c(C)ccc5[nH]ncc45)c(Cl)cc23)CC1	None	None	None	GDP	MG	MKZ	None	None	None	MKZ	XRAY	2.150	0.215	GSTEYKLVVVGACGVGKSALTIQLIQNHFVDEYDPTIEDSYRKQVVIDGETSLLDILDTAGQEEYSAMRDQYMRTGEGFLLVFAINNTKSFEDIHHYREQIKRVKDSEDVPMVLVGNKSDLPSRTVDTKQAQDLARSYGIPFIETSAKTRQGVDDAFYTLVREIRKHKEK	True	33.586	43.985	65.305	88.970	84.940	80.010	/Users/mitchellparker/Desktop/rascore_build/core/7rp4A_core.cif	/Users/mitchellparker/Desktop/rascore_build/rcsb/7rp4.cif.gz	/Users/mitchellparker/Desktop/rascore_build/renum/7rp4_renum.cif	/Users/mitchellparker/Desktop/rascore_build/rcsb_assembly/7rp4-assembly-1.cif.gz	/Users/mitchellparker/Desktop/rascore_build/renum_assembly/7rp4-assembly-1_renum.cif	/Users/mitchellparker/Desktop/rascore_build/sifts/7rp4.xml.gz	/Users/mitchellparker/Desktop/rascore_build/pocket/7rp4A_1_pocket.pdb
7rp4B	7rp4	0	B	Y32out.2P-OFF	Y71out.2P-SP2-A	Y32out	Y71out	P 1 (CF10)	7rp4B1	1	GTPase KRas	RASK_HUMAN	P01116-2	G12C,C51S,C80L,C118S	G12,C51,C80,C118	KRAS	2P	G12C	SP2	SP2.Acrylamide	None	None	SP2-Bound	P 1	170	2-169	2021-08-03	SP2	1321.1462	0.7478	Bound	SP2	9,10,11,12,16,34,58,59,60,61,62,63,64,65,68,69,72,86,88,92,95,96,99,100,102,103	MKZ,GDP,MG,GOL	None	MKZ:60,12,59,10,96,95,72,99,69,102,68,63,64,61,62,58,65,16,34	None	None	SP2	SP2.Acrylamide	MKZ:CCC(=O)N1CCN(c2ncnc3cc(-c4c(C)ccc5[nH]ncc45)c(Cl)cc23)CC1	None	None	None	GDP	MG	MKZ	GOL	None	None	MKZ	XRAY	2.150	0.215	GSTEYKLVVVGACGVGKSALTIQLIQNHFVDEYDPTIEDSYRKQVVIDGETSLLDILDTAGQEEYSAMRDQYMRTGEGFLLVFAINNTKSFEDIHHYREQIKRVKDSEDVPMVLVGNKSDLPSRTVDTKQAQDLARSYGIPFIETSAKTRQGVDDAFYTLVREIRKHKEK	True	33.586	43.985	65.305	88.970	84.940	80.010	/Users/mitchellparker/Desktop/rascore_build/core/7rp4B_core.cif	/Users/mitchellparker/Desktop/rascore_build/rcsb/7rp4.cif.gz	/Users/mitchellparker/Desktop/rascore_build/renum/7rp4_renum.cif	/Users/mitchellparker/Desktop/rascore_build/rcsb_assembly/7rp4-assembly-1.cif.gz	/Users/mitchellparker/Desktop/rascore_build/renum_assembly/7rp4-assembly-1_renum.cif	/Users/mitchellparker/Desktop/rascore_build/sifts/7rp4.xml.gz	/Users/mitchellparker/Desktop/rascore_build/pocket/7rp4B_1_pocket.pdb
7rpzA	7rpz	0	A	Y32out.2P-OFF	Y71out.2P-SP2-A	Y32out	Y71out	P 21 21 21 (CF14)	7rpzA1	1	GTPase KRas	RASK_HUMAN	P01116-2	G12D,C51S,C80L,C118S	G12,C51,C80,C118	KRAS	2P	G12D	SP2	SP2.Unclassified	None	None	SP2-Bound	P 21 21 21	170	2-169	2021-08-05	SP2	827.2151	0.9034	Bound	SP2	9,10,11,12,16,58,59,60,61,62,63,64,68,69,72,78,92,95,96,99,100,102,103	GDP,6IC,MG	None	6IC:100,99,103,72,69,64,68,96,12,60,62,102,95,59,10,63,92,9	None	None	SP2	SP2.Unclassified	6IC:C#Cc1c(F)ccc2cc(O)cc(-c3ncc4c(N5CC6CCC(C5)N6)nc(OCC56CCCN5CC(F)C6)nc4c3F)c12	None	None	None	GDP	MG	6IC	None	None	None	6IC	XRAY	1.300	0.150	GMTEYKLVVVGADGVGKSALTIQLIQNHFVDEYDPTIEDSYRKQVVIDGETSLLDILDTAGQEEYSAMRDQYMRTGEGFLLVFAINNTKSFEDIHHYREQIKRVKDSEDVPMVLVGNKSDLPSRTVDTKQAQDLARSYGIPFIETSAKTRQGVDDAFYTLVREIRKHKEK	True	39.868	51.757	89.611	90.000	90.000	90.000	/Users/mitchellparker/Desktop/rascore_build/core/7rpzA_core.cif	/Users/mitchellparker/Desktop/rascore_build/rcsb/7rpz.cif.gz	/Users/mitchellparker/Desktop/rascore_build/renum/7rpz_renum.cif	/Users/mitchellparker/Desktop/rascore_build/rcsb_assembly/7rpz-assembly-1.cif.gz	/Users/mitchellparker/Desktop/rascore_build/renum_assembly/7rpz-assembly-1_renum.cif	/Users/mitchellparker/Desktop/rascore_build/sifts/7rpz.xml.gz	/Users/mitchellparker/Desktop/rascore_build/pocket/7rpzA_1_pocket.pdb
7rscA	7rsc	0	A	Y32in.3P-ON	Outlier	Y32in	Y71in	None	7rscA10	10	GTPase KRas	RASK_HUMAN	P01116-2	G12D	G12	KRAS	3P	G12D	None	None	Nanodisc	None	Multiple-Unbound	None	185	2-167:169-185	2021-08-11	SP2	360.3200	0.0003	Unbound	Unbound	11,12,60,61,62,88,92,96	GSP,MG,7Q9,7Q9,7Q9,7Q9,7Q9,17F,7Q9,7Q9,7Q9,7Q9,17F,7Q9,7Q9,7Q9,7Q9,7Q9,17F,17F,7Q9,7Q9,7Q9,7Q9,7Q9,17F,7Q9,7Q9,7Q9,7Q9,7Q9,7Q9,7Q9,7Q9,7Q9,7Q9,7Q9,17F,17F,7Q9,7Q9,7Q9,7Q9,7Q9,17F,17F,17F,17F,7Q9,7Q9,7Q9,7Q9,7Q9,7Q9,7Q9,7Q9,7Q9,7Q9,7Q9,7Q9,17F,17F,7Q9,7Q9,7Q9,7Q9,17F,17F,7Q9,7Q9,7Q9,7Q9,7Q9,7Q9,7Q9,7Q9,7Q9,7Q9,7Q9,17F,7Q9,7Q9,7Q9,7Q9,7Q9,17F,7Q9,7Q9,7Q9,17F,7Q9,17F,7Q9,17F,7Q9,17F,7Q9,7Q9,7Q9,7Q9,7Q9,17F,17F,17F,7Q9,7Q9,7Q9,7Q9,7Q9,7Q9,7Q9,7Q9,17F,7Q9,7Q9,7Q9,7Q9,7Q9,7Q9,7Q9,7Q9,7Q9,17F,7Q9,7Q9,17F,7Q9,7Q9,7Q9,7Q9,7Q9,7Q9,7Q9,7Q9,7Q9,7Q9,7Q9,7Q9,7Q9,17F,17F,7Q9,7Q9,7Q9,7Q9,7Q9,7Q9,7Q9,7Q9,7Q9,7Q9,7Q9,7Q9,7Q9,17F,7Q9,17F,7Q9,17F,7Q9,7Q9,7Q9	Apolipoprotein A-I	None	D:185,184	APOA1_HUMAN	None	None	None	Nanodisc	None	D,E	GSP	MG	None	None	None	17F,7Q9	STP	NMR	None	None	STEYKLVVVGADGVGKSALTIQLIQNHFVDEYDPTIEDSYRKQVVIDGETCLLDILDTAGQEEYSAMRDQYMRTGEGFLCVFAINNTKSFEDIHHYREQIKRVKDSEDVPMVLVGNKCDLPSRTVDTKQAQDLARSYGIPFIETSAKTRQGVDDAFYTLVREIRKHKEKMSKDGKKKKKKSKTKC	True	999.0	999.0	999.0	999.0	999.0	999.0	/Users/mitchellparker/Desktop/rascore_build/core/7rscA_core.cif	/Users/mitchellparker/Desktop/rascore_build/rcsb/7rsc.cif.gz	/Users/mitchellparker/Desktop/rascore_build/renum/7rsc_renum.cif	/Users/mitchellparker/Desktop/rascore_build/rcsb_assembly/7rsc-assembly-1.cif.gz	/Users/mitchellparker/Desktop/rascore_build/renum_assembly/7rsc-assembly-1_renum.cif	/Users/mitchellparker/Desktop/rascore_build/sifts/7rsc.xml.gz	/Users/mitchellparker/Desktop/rascore_build/pocket/7rscA_10_pocket.pdb
7rscA	7rsc	0	A	Y32in.3P-ON	Outlier	Y32in	Y71in	None	7rscA2	2	GTPase KRas	RASK_HUMAN	P01116-2	G12D	G12	KRAS	3P	G12D	None	None	Nanodisc	None	Multiple-Unbound	None	185	2-167:169-185	2021-08-11	SP2	120.3118	0.0038	Unbound	Unbound	9,58,59,62,64,68,71,72,96	GSP,MG,7Q9,7Q9,7Q9,7Q9,7Q9,17F,7Q9,7Q9,7Q9,7Q9,17F,7Q9,7Q9,7Q9,7Q9,7Q9,17F,17F,7Q9,7Q9,7Q9,7Q9,7Q9,17F,7Q9,7Q9,7Q9,7Q9,7Q9,7Q9,7Q9,7Q9,7Q9,7Q9,7Q9,17F,17F,7Q9,7Q9,7Q9,7Q9,7Q9,17F,17F,17F,17F,7Q9,7Q9,7Q9,7Q9,7Q9,7Q9,7Q9,7Q9,7Q9,7Q9,7Q9,7Q9,17F,17F,7Q9,7Q9,7Q9,7Q9,17F,17F,7Q9,7Q9,7Q9,7Q9,7Q9,7Q9,7Q9,7Q9,7Q9,7Q9,7Q9,17F,7Q9,7Q9,7Q9,7Q9,7Q9,17F,7Q9,7Q9,7Q9,17F,7Q9,17F,7Q9,17F,7Q9,17F,7Q9,7Q9,7Q9,7Q9,7Q9,17F,17F,17F,7Q9,7Q9,7Q9,7Q9,7Q9,7Q9,7Q9,7Q9,17F,7Q9,7Q9,7Q9,7Q9,7Q9,7Q9,7Q9,7Q9,7Q9,17F,7Q9,7Q9,17F,7Q9,7Q9,7Q9,7Q9,7Q9,7Q9,7Q9,7Q9,7Q9,7Q9,7Q9,7Q9,7Q9,17F,17F,7Q9,7Q9,7Q9,7Q9,7Q9,7Q9,7Q9,7Q9,7Q9,7Q9,7Q9,7Q9,7Q9,17F,7Q9,17F,7Q9,17F,7Q9,7Q9,7Q9	Apolipoprotein A-I	None	D:185,184	APOA1_HUMAN	None	None	None	Nanodisc	None	D,E	GSP	MG	None	None	None	17F,7Q9	STP	NMR	None	None	STEYKLVVVGADGVGKSALTIQLIQNHFVDEYDPTIEDSYRKQVVIDGETCLLDILDTAGQEEYSAMRDQYMRTGEGFLCVFAINNTKSFEDIHHYREQIKRVKDSEDVPMVLVGNKCDLPSRTVDTKQAQDLARSYGIPFIETSAKTRQGVDDAFYTLVREIRKHKEKMSKDGKKKKKKSKTKC	True	999.0	999.0	999.0	999.0	999.0	999.0	/Users/mitchellparker/Desktop/rascore_build/core/7rscA_core.cif	/Users/mitchellparker/Desktop/rascore_build/rcsb/7rsc.cif.gz	/Users/mitchellparker/Desktop/rascore_build/renum/7rsc_renum.cif	/Users/mitchellparker/Desktop/rascore_build/rcsb_assembly/7rsc-assembly-1.cif.gz	/Users/mitchellparker/Desktop/rascore_build/renum_assembly/7rsc-assembly-1_renum.cif	/Users/mitchellparker/Desktop/rascore_build/sifts/7rsc.xml.gz	/Users/mitchellparker/Desktop/rascore_build/pocket/7rscA_2_pocket.pdb
7rscA	7rsc	0	A	Y32in.3P-ON	Outlier	Y32in	Y71in	None	7rscA3	3	GTPase KRas	RASK_HUMAN	P01116-2	G12D	G12	KRAS	3P	G12D	None	None	Nanodisc	None	Multiple-Unbound	None	185	2-167:169-185	2021-08-11	Other	209.7450	0.0074	Unbound	Unbound	23,26,42,44,46,53,149,153,156,157	GSP,MG,7Q9,7Q9,7Q9,7Q9,7Q9,17F,7Q9,7Q9,7Q9,7Q9,17F,7Q9,7Q9,7Q9,7Q9,7Q9,17F,17F,7Q9,7Q9,7Q9,7Q9,7Q9,17F,7Q9,7Q9,7Q9,7Q9,7Q9,7Q9,7Q9,7Q9,7Q9,7Q9,7Q9,17F,17F,7Q9,7Q9,7Q9,7Q9,7Q9,17F,17F,17F,17F,7Q9,7Q9,7Q9,7Q9,7Q9,7Q9,7Q9,7Q9,7Q9,7Q9,7Q9,7Q9,17F,17F,7Q9,7Q9,7Q9,7Q9,17F,17F,7Q9,7Q9,7Q9,7Q9,7Q9,7Q9,7Q9,7Q9,7Q9,7Q9,7Q9,17F,7Q9,7Q9,7Q9,7Q9,7Q9,17F,7Q9,7Q9,7Q9,17F,7Q9,17F,7Q9,17F,7Q9,17F,7Q9,7Q9,7Q9,7Q9,7Q9,17F,17F,17F,7Q9,7Q9,7Q9,7Q9,7Q9,7Q9,7Q9,7Q9,17F,7Q9,7Q9,7Q9,7Q9,7Q9,7Q9,7Q9,7Q9,7Q9,17F,7Q9,7Q9,17F,7Q9,7Q9,7Q9,7Q9,7Q9,7Q9,7Q9,7Q9,7Q9,7Q9,7Q9,7Q9,7Q9,17F,17F,7Q9,7Q9,7Q9,7Q9,7Q9,7Q9,7Q9,7Q9,7Q9,7Q9,7Q9,7Q9,7Q9,17F,7Q9,17F,7Q9,17F,7Q9,7Q9,7Q9	Apolipoprotein A-I	None	D:185,184	APOA1_HUMAN	None	None	None	Nanodisc	None	D,E	GSP	MG	None	None	None	17F,7Q9	STP	NMR	None	None	STEYKLVVVGADGVGKSALTIQLIQNHFVDEYDPTIEDSYRKQVVIDGETCLLDILDTAGQEEYSAMRDQYMRTGEGFLCVFAINNTKSFEDIHHYREQIKRVKDSEDVPMVLVGNKCDLPSRTVDTKQAQDLARSYGIPFIETSAKTRQGVDDAFYTLVREIRKHKEKMSKDGKKKKKKSKTKC	True	999.0	999.0	999.0	999.0	999.0	999.0	/Users/mitchellparker/Desktop/rascore_build/core/7rscA_core.cif	/Users/mitchellparker/Desktop/rascore_build/rcsb/7rsc.cif.gz	/Users/mitchellparker/Desktop/rascore_build/renum/7rsc_renum.cif	/Users/mitchellparker/Desktop/rascore_build/rcsb_assembly/7rsc-assembly-1.cif.gz	/Users/mitchellparker/Desktop/rascore_build/renum_assembly/7rsc-assembly-1_renum.cif	/Users/mitchellparker/Desktop/rascore_build/sifts/7rsc.xml.gz	/Users/mitchellparker/Desktop/rascore_build/pocket/7rscA_3_pocket.pdb
7rscA	7rsc	0	A	Y32in.3P-ON	Outlier	Y32in	Y71in	None	7rscA4	4	GTPase KRas	RASK_HUMAN	P01116-2	G12D	G12	KRAS	3P	G12D	None	None	Nanodisc	None	Multiple-Unbound	None	185	2-167:169-185	2021-08-11	Other	378.8367	0.0017	Unbound	Unbound	73,74,76,104,105,106,109,110,163,166,167,171	GSP,MG,7Q9,7Q9,7Q9,7Q9,7Q9,17F,7Q9,7Q9,7Q9,7Q9,17F,7Q9,7Q9,7Q9,7Q9,7Q9,17F,17F,7Q9,7Q9,7Q9,7Q9,7Q9,17F,7Q9,7Q9,7Q9,7Q9,7Q9,7Q9,7Q9,7Q9,7Q9,7Q9,7Q9,17F,17F,7Q9,7Q9,7Q9,7Q9,7Q9,17F,17F,17F,17F,7Q9,7Q9,7Q9,7Q9,7Q9,7Q9,7Q9,7Q9,7Q9,7Q9,7Q9,7Q9,17F,17F,7Q9,7Q9,7Q9,7Q9,17F,17F,7Q9,7Q9,7Q9,7Q9,7Q9,7Q9,7Q9,7Q9,7Q9,7Q9,7Q9,17F,7Q9,7Q9,7Q9,7Q9,7Q9,17F,7Q9,7Q9,7Q9,17F,7Q9,17F,7Q9,17F,7Q9,17F,7Q9,7Q9,7Q9,7Q9,7Q9,17F,17F,17F,7Q9,7Q9,7Q9,7Q9,7Q9,7Q9,7Q9,7Q9,17F,7Q9,7Q9,7Q9,7Q9,7Q9,7Q9,7Q9,7Q9,7Q9,17F,7Q9,7Q9,17F,7Q9,7Q9,7Q9,7Q9,7Q9,7Q9,7Q9,7Q9,7Q9,7Q9,7Q9,7Q9,7Q9,17F,17F,7Q9,7Q9,7Q9,7Q9,7Q9,7Q9,7Q9,7Q9,7Q9,7Q9,7Q9,7Q9,7Q9,17F,7Q9,17F,7Q9,17F,7Q9,7Q9,7Q9	Apolipoprotein A-I	None	D:185,184	APOA1_HUMAN	None	None	None	Nanodisc	None	D,E	GSP	MG	None	None	None	17F,7Q9	STP	NMR	None	None	STEYKLVVVGADGVGKSALTIQLIQNHFVDEYDPTIEDSYRKQVVIDGETCLLDILDTAGQEEYSAMRDQYMRTGEGFLCVFAINNTKSFEDIHHYREQIKRVKDSEDVPMVLVGNKCDLPSRTVDTKQAQDLARSYGIPFIETSAKTRQGVDDAFYTLVREIRKHKEKMSKDGKKKKKKSKTKC	True	999.0	999.0	999.0	999.0	999.0	999.0	/Users/mitchellparker/Desktop/rascore_build/core/7rscA_core.cif	/Users/mitchellparker/Desktop/rascore_build/rcsb/7rsc.cif.gz	/Users/mitchellparker/Desktop/rascore_build/renum/7rsc_renum.cif	/Users/mitchellparker/Desktop/rascore_build/rcsb_assembly/7rsc-assembly-1.cif.gz	/Users/mitchellparker/Desktop/rascore_build/renum_assembly/7rsc-assembly-1_renum.cif	/Users/mitchellparker/Desktop/rascore_build/sifts/7rsc.xml.gz	/Users/mitchellparker/Desktop/rascore_build/pocket/7rscA_4_pocket.pdb
7rscA	7rsc	0	A	Y32in.3P-ON	Outlier	Y32in	Y71in	None	7rscA5	5	GTPase KRas	RASK_HUMAN	P01116-2	G12D	G12	KRAS	3P	G12D	None	None	Nanodisc	None	Multiple-Unbound	None	185	2-167:169-185	2021-08-11	Other	160.8449	0.0008	Unbound	Unbound	108,109,110,111,138,139,162,165,166,170	GSP,MG,7Q9,7Q9,7Q9,7Q9,7Q9,17F,7Q9,7Q9,7Q9,7Q9,17F,7Q9,7Q9,7Q9,7Q9,7Q9,17F,17F,7Q9,7Q9,7Q9,7Q9,7Q9,17F,7Q9,7Q9,7Q9,7Q9,7Q9,7Q9,7Q9,7Q9,7Q9,7Q9,7Q9,17F,17F,7Q9,7Q9,7Q9,7Q9,7Q9,17F,17F,17F,17F,7Q9,7Q9,7Q9,7Q9,7Q9,7Q9,7Q9,7Q9,7Q9,7Q9,7Q9,7Q9,17F,17F,7Q9,7Q9,7Q9,7Q9,17F,17F,7Q9,7Q9,7Q9,7Q9,7Q9,7Q9,7Q9,7Q9,7Q9,7Q9,7Q9,17F,7Q9,7Q9,7Q9,7Q9,7Q9,17F,7Q9,7Q9,7Q9,17F,7Q9,17F,7Q9,17F,7Q9,17F,7Q9,7Q9,7Q9,7Q9,7Q9,17F,17F,17F,7Q9,7Q9,7Q9,7Q9,7Q9,7Q9,7Q9,7Q9,17F,7Q9,7Q9,7Q9,7Q9,7Q9,7Q9,7Q9,7Q9,7Q9,17F,7Q9,7Q9,17F,7Q9,7Q9,7Q9,7Q9,7Q9,7Q9,7Q9,7Q9,7Q9,7Q9,7Q9,7Q9,7Q9,17F,17F,7Q9,7Q9,7Q9,7Q9,7Q9,7Q9,7Q9,7Q9,7Q9,7Q9,7Q9,7Q9,7Q9,17F,7Q9,17F,7Q9,17F,7Q9,7Q9,7Q9	Apolipoprotein A-I	None	D:185,184	APOA1_HUMAN	None	None	None	Nanodisc	None	D,E	GSP	MG	None	None	None	17F,7Q9	STP	NMR	None	None	STEYKLVVVGADGVGKSALTIQLIQNHFVDEYDPTIEDSYRKQVVIDGETCLLDILDTAGQEEYSAMRDQYMRTGEGFLCVFAINNTKSFEDIHHYREQIKRVKDSEDVPMVLVGNKCDLPSRTVDTKQAQDLARSYGIPFIETSAKTRQGVDDAFYTLVREIRKHKEKMSKDGKKKKKKSKTKC	True	999.0	999.0	999.0	999.0	999.0	999.0	/Users/mitchellparker/Desktop/rascore_build/core/7rscA_core.cif	/Users/mitchellparker/Desktop/rascore_build/rcsb/7rsc.cif.gz	/Users/mitchellparker/Desktop/rascore_build/renum/7rsc_renum.cif	/Users/mitchellparker/Desktop/rascore_build/rcsb_assembly/7rsc-assembly-1.cif.gz	/Users/mitchellparker/Desktop/rascore_build/renum_assembly/7rsc-assembly-1_renum.cif	/Users/mitchellparker/Desktop/rascore_build/sifts/7rsc.xml.gz	/Users/mitchellparker/Desktop/rascore_build/pocket/7rscA_5_pocket.pdb
7rscA	7rsc	0	A	Y32in.3P-ON	Outlier	Y32in	Y71in	None	7rscA6	6	GTPase KRas	RASK_HUMAN	P01116-2	G12D	G12	KRAS	3P	G12D	None	None	Nanodisc	None	Multiple-Unbound	None	185	2-167:169-185	2021-08-11	SP12	299.2835	0.0006	Unbound	Unbound	5,7,37,39,41,54,56,70,71,74,75	GSP,MG,7Q9,7Q9,7Q9,7Q9,7Q9,17F,7Q9,7Q9,7Q9,7Q9,17F,7Q9,7Q9,7Q9,7Q9,7Q9,17F,17F,7Q9,7Q9,7Q9,7Q9,7Q9,17F,7Q9,7Q9,7Q9,7Q9,7Q9,7Q9,7Q9,7Q9,7Q9,7Q9,7Q9,17F,17F,7Q9,7Q9,7Q9,7Q9,7Q9,17F,17F,17F,17F,7Q9,7Q9,7Q9,7Q9,7Q9,7Q9,7Q9,7Q9,7Q9,7Q9,7Q9,7Q9,17F,17F,7Q9,7Q9,7Q9,7Q9,17F,17F,7Q9,7Q9,7Q9,7Q9,7Q9,7Q9,7Q9,7Q9,7Q9,7Q9,7Q9,17F,7Q9,7Q9,7Q9,7Q9,7Q9,17F,7Q9,7Q9,7Q9,17F,7Q9,17F,7Q9,17F,7Q9,17F,7Q9,7Q9,7Q9,7Q9,7Q9,17F,17F,17F,7Q9,7Q9,7Q9,7Q9,7Q9,7Q9,7Q9,7Q9,17F,7Q9,7Q9,7Q9,7Q9,7Q9,7Q9,7Q9,7Q9,7Q9,17F,7Q9,7Q9,17F,7Q9,7Q9,7Q9,7Q9,7Q9,7Q9,7Q9,7Q9,7Q9,7Q9,7Q9,7Q9,7Q9,17F,17F,7Q9,7Q9,7Q9,7Q9,7Q9,7Q9,7Q9,7Q9,7Q9,7Q9,7Q9,7Q9,7Q9,17F,7Q9,17F,7Q9,17F,7Q9,7Q9,7Q9	Apolipoprotein A-I	None	D:185,184	APOA1_HUMAN	None	None	None	Nanodisc	None	D,E	GSP	MG	None	None	None	17F,7Q9	STP	NMR	None	None	STEYKLVVVGADGVGKSALTIQLIQNHFVDEYDPTIEDSYRKQVVIDGETCLLDILDTAGQEEYSAMRDQYMRTGEGFLCVFAINNTKSFEDIHHYREQIKRVKDSEDVPMVLVGNKCDLPSRTVDTKQAQDLARSYGIPFIETSAKTRQGVDDAFYTLVREIRKHKEKMSKDGKKKKKKSKTKC	True	999.0	999.0	999.0	999.0	999.0	999.0	/Users/mitchellparker/Desktop/rascore_build/core/7rscA_core.cif	/Users/mitchellparker/Desktop/rascore_build/rcsb/7rsc.cif.gz	/Users/mitchellparker/Desktop/rascore_build/renum/7rsc_renum.cif	/Users/mitchellparker/Desktop/rascore_build/rcsb_assembly/7rsc-assembly-1.cif.gz	/Users/mitchellparker/Desktop/rascore_build/renum_assembly/7rsc-assembly-1_renum.cif	/Users/mitchellparker/Desktop/rascore_build/sifts/7rsc.xml.gz	/Users/mitchellparker/Desktop/rascore_build/pocket/7rscA_6_pocket.pdb
7rscA	7rsc	0	A	Y32in.3P-ON	Outlier	Y32in	Y71in	None	7rscA7	7	GTPase KRas	RASK_HUMAN	P01116-2	G12D	G12	KRAS	3P	G12D	None	None	Nanodisc	None	Multiple-Unbound	None	185	2-167:169-185	2021-08-11	Other	174.6120	0.0003	Unbound	Unbound	118,119,143,144,145,148,150	GSP,MG,7Q9,7Q9,7Q9,7Q9,7Q9,17F,7Q9,7Q9,7Q9,7Q9,17F,7Q9,7Q9,7Q9,7Q9,7Q9,17F,17F,7Q9,7Q9,7Q9,7Q9,7Q9,17F,7Q9,7Q9,7Q9,7Q9,7Q9,7Q9,7Q9,7Q9,7Q9,7Q9,7Q9,17F,17F,7Q9,7Q9,7Q9,7Q9,7Q9,17F,17F,17F,17F,7Q9,7Q9,7Q9,7Q9,7Q9,7Q9,7Q9,7Q9,7Q9,7Q9,7Q9,7Q9,17F,17F,7Q9,7Q9,7Q9,7Q9,17F,17F,7Q9,7Q9,7Q9,7Q9,7Q9,7Q9,7Q9,7Q9,7Q9,7Q9,7Q9,17F,7Q9,7Q9,7Q9,7Q9,7Q9,17F,7Q9,7Q9,7Q9,17F,7Q9,17F,7Q9,17F,7Q9,17F,7Q9,7Q9,7Q9,7Q9,7Q9,17F,17F,17F,7Q9,7Q9,7Q9,7Q9,7Q9,7Q9,7Q9,7Q9,17F,7Q9,7Q9,7Q9,7Q9,7Q9,7Q9,7Q9,7Q9,7Q9,17F,7Q9,7Q9,17F,7Q9,7Q9,7Q9,7Q9,7Q9,7Q9,7Q9,7Q9,7Q9,7Q9,7Q9,7Q9,7Q9,17F,17F,7Q9,7Q9,7Q9,7Q9,7Q9,7Q9,7Q9,7Q9,7Q9,7Q9,7Q9,7Q9,7Q9,17F,7Q9,17F,7Q9,17F,7Q9,7Q9,7Q9	Apolipoprotein A-I	None	D:185,184	APOA1_HUMAN	None	None	None	Nanodisc	None	D,E	GSP	MG	None	None	None	17F,7Q9	STP	NMR	None	None	STEYKLVVVGADGVGKSALTIQLIQNHFVDEYDPTIEDSYRKQVVIDGETCLLDILDTAGQEEYSAMRDQYMRTGEGFLCVFAINNTKSFEDIHHYREQIKRVKDSEDVPMVLVGNKCDLPSRTVDTKQAQDLARSYGIPFIETSAKTRQGVDDAFYTLVREIRKHKEKMSKDGKKKKKKSKTKC	True	999.0	999.0	999.0	999.0	999.0	999.0	/Users/mitchellparker/Desktop/rascore_build/core/7rscA_core.cif	/Users/mitchellparker/Desktop/rascore_build/rcsb/7rsc.cif.gz	/Users/mitchellparker/Desktop/rascore_build/renum/7rsc_renum.cif	/Users/mitchellparker/Desktop/rascore_build/rcsb_assembly/7rsc-assembly-1.cif.gz	/Users/mitchellparker/Desktop/rascore_build/renum_assembly/7rsc-assembly-1_renum.cif	/Users/mitchellparker/Desktop/rascore_build/sifts/7rsc.xml.gz	/Users/mitchellparker/Desktop/rascore_build/pocket/7rscA_7_pocket.pdb
7rscA	7rsc	0	A	Y32in.3P-ON	Outlier	Y32in	Y71in	None	7rscA8	8	GTPase KRas	RASK_HUMAN	P01116-2	G12D	G12	KRAS	3P	G12D	None	None	Nanodisc	None	Multiple-Unbound	None	185	2-167:169-185	2021-08-11	Other	386.1248	0.0154	Unbound	Unbound	2,3,4,49,76,164,167	GSP,MG,7Q9,7Q9,7Q9,7Q9,7Q9,17F,7Q9,7Q9,7Q9,7Q9,17F,7Q9,7Q9,7Q9,7Q9,7Q9,17F,17F,7Q9,7Q9,7Q9,7Q9,7Q9,17F,7Q9,7Q9,7Q9,7Q9,7Q9,7Q9,7Q9,7Q9,7Q9,7Q9,7Q9,17F,17F,7Q9,7Q9,7Q9,7Q9,7Q9,17F,17F,17F,17F,7Q9,7Q9,7Q9,7Q9,7Q9,7Q9,7Q9,7Q9,7Q9,7Q9,7Q9,7Q9,17F,17F,7Q9,7Q9,7Q9,7Q9,17F,17F,7Q9,7Q9,7Q9,7Q9,7Q9,7Q9,7Q9,7Q9,7Q9,7Q9,7Q9,17F,7Q9,7Q9,7Q9,7Q9,7Q9,17F,7Q9,7Q9,7Q9,17F,7Q9,17F,7Q9,17F,7Q9,17F,7Q9,7Q9,7Q9,7Q9,7Q9,17F,17F,17F,7Q9,7Q9,7Q9,7Q9,7Q9,7Q9,7Q9,7Q9,17F,7Q9,7Q9,7Q9,7Q9,7Q9,7Q9,7Q9,7Q9,7Q9,17F,7Q9,7Q9,17F,7Q9,7Q9,7Q9,7Q9,7Q9,7Q9,7Q9,7Q9,7Q9,7Q9,7Q9,7Q9,7Q9,17F,17F,7Q9,7Q9,7Q9,7Q9,7Q9,7Q9,7Q9,7Q9,7Q9,7Q9,7Q9,7Q9,7Q9,17F,7Q9,17F,7Q9,17F,7Q9,7Q9,7Q9	Apolipoprotein A-I	None	D:185,184	APOA1_HUMAN	None	None	None	Nanodisc	None	D,E	GSP	MG	None	None	None	17F,7Q9	STP	NMR	None	None	STEYKLVVVGADGVGKSALTIQLIQNHFVDEYDPTIEDSYRKQVVIDGETCLLDILDTAGQEEYSAMRDQYMRTGEGFLCVFAINNTKSFEDIHHYREQIKRVKDSEDVPMVLVGNKCDLPSRTVDTKQAQDLARSYGIPFIETSAKTRQGVDDAFYTLVREIRKHKEKMSKDGKKKKKKSKTKC	True	999.0	999.0	999.0	999.0	999.0	999.0	/Users/mitchellparker/Desktop/rascore_build/core/7rscA_core.cif	/Users/mitchellparker/Desktop/rascore_build/rcsb/7rsc.cif.gz	/Users/mitchellparker/Desktop/rascore_build/renum/7rsc_renum.cif	/Users/mitchellparker/Desktop/rascore_build/rcsb_assembly/7rsc-assembly-1.cif.gz	/Users/mitchellparker/Desktop/rascore_build/renum_assembly/7rsc-assembly-1_renum.cif	/Users/mitchellparker/Desktop/rascore_build/sifts/7rsc.xml.gz	/Users/mitchellparker/Desktop/rascore_build/pocket/7rscA_8_pocket.pdb
7rscA	7rsc	0	A	Y32in.3P-ON	Outlier	Y32in	Y71in	None	7rscA9	9	GTPase KRas	RASK_HUMAN	P01116-2	G12D	G12	KRAS	3P	G12D	None	None	Nanodisc	None	Multiple-Unbound	None	185	2-167:169-185	2021-08-11	Other	185.8200	0.0001	Unbound	Unbound	88,91,92,95	GSP,MG,7Q9,7Q9,7Q9,7Q9,7Q9,17F,7Q9,7Q9,7Q9,7Q9,17F,7Q9,7Q9,7Q9,7Q9,7Q9,17F,17F,7Q9,7Q9,7Q9,7Q9,7Q9,17F,7Q9,7Q9,7Q9,7Q9,7Q9,7Q9,7Q9,7Q9,7Q9,7Q9,7Q9,17F,17F,7Q9,7Q9,7Q9,7Q9,7Q9,17F,17F,17F,17F,7Q9,7Q9,7Q9,7Q9,7Q9,7Q9,7Q9,7Q9,7Q9,7Q9,7Q9,7Q9,17F,17F,7Q9,7Q9,7Q9,7Q9,17F,17F,7Q9,7Q9,7Q9,7Q9,7Q9,7Q9,7Q9,7Q9,7Q9,7Q9,7Q9,17F,7Q9,7Q9,7Q9,7Q9,7Q9,17F,7Q9,7Q9,7Q9,17F,7Q9,17F,7Q9,17F,7Q9,17F,7Q9,7Q9,7Q9,7Q9,7Q9,17F,17F,17F,7Q9,7Q9,7Q9,7Q9,7Q9,7Q9,7Q9,7Q9,17F,7Q9,7Q9,7Q9,7Q9,7Q9,7Q9,7Q9,7Q9,7Q9,17F,7Q9,7Q9,17F,7Q9,7Q9,7Q9,7Q9,7Q9,7Q9,7Q9,7Q9,7Q9,7Q9,7Q9,7Q9,7Q9,17F,17F,7Q9,7Q9,7Q9,7Q9,7Q9,7Q9,7Q9,7Q9,7Q9,7Q9,7Q9,7Q9,7Q9,17F,7Q9,17F,7Q9,17F,7Q9,7Q9,7Q9	Apolipoprotein A-I	None	D:185,184	APOA1_HUMAN	None	None	None	Nanodisc	None	D,E	GSP	MG	None	None	None	17F,7Q9	STP	NMR	None	None	STEYKLVVVGADGVGKSALTIQLIQNHFVDEYDPTIEDSYRKQVVIDGETCLLDILDTAGQEEYSAMRDQYMRTGEGFLCVFAINNTKSFEDIHHYREQIKRVKDSEDVPMVLVGNKCDLPSRTVDTKQAQDLARSYGIPFIETSAKTRQGVDDAFYTLVREIRKHKEKMSKDGKKKKKKSKTKC	True	999.0	999.0	999.0	999.0	999.0	999.0	/Users/mitchellparker/Desktop/rascore_build/core/7rscA_core.cif	/Users/mitchellparker/Desktop/rascore_build/rcsb/7rsc.cif.gz	/Users/mitchellparker/Desktop/rascore_build/renum/7rsc_renum.cif	/Users/mitchellparker/Desktop/rascore_build/rcsb_assembly/7rsc-assembly-1.cif.gz	/Users/mitchellparker/Desktop/rascore_build/renum_assembly/7rsc-assembly-1_renum.cif	/Users/mitchellparker/Desktop/rascore_build/sifts/7rsc.xml.gz	/Users/mitchellparker/Desktop/rascore_build/pocket/7rscA_9_pocket.pdb
7rscB	7rsc	0	B	Outlier	Outlier	Y32in	Y71in	None	7rscB10	10	GTPase KRas	RASK_HUMAN	P01116-2	G12D	G12	KRAS	3P	G12D	None	None	Nanodisc	None	SP12-Unbound	None	185	2-167:169-185	2021-08-11	Other	161.7185	0.0000	Unbound	Unbound	98,101,102	7Q9,7Q9,7Q9,7Q9,7Q9,17F,7Q9,7Q9,7Q9,7Q9,17F,7Q9,7Q9,7Q9,7Q9,7Q9,17F,17F,GSP,MG,7Q9,7Q9,7Q9,7Q9,7Q9,17F,7Q9,7Q9,7Q9,7Q9,7Q9,7Q9,7Q9,7Q9,7Q9,7Q9,7Q9,17F,17F,7Q9,7Q9,7Q9,7Q9,7Q9,17F,17F,17F,17F,7Q9,7Q9,7Q9,7Q9,7Q9,7Q9,7Q9,7Q9,7Q9,7Q9,7Q9,7Q9,17F,17F,7Q9,7Q9,7Q9,7Q9,17F,17F,7Q9,7Q9,7Q9,7Q9,7Q9,7Q9,7Q9,7Q9,7Q9,7Q9,7Q9,17F,7Q9,7Q9,7Q9,7Q9,7Q9,17F,7Q9,7Q9,7Q9,17F,7Q9,17F,7Q9,17F,7Q9,17F,7Q9,7Q9,7Q9,7Q9,7Q9,17F,17F,17F,7Q9,7Q9,7Q9,7Q9,7Q9,7Q9,7Q9,7Q9,17F,7Q9,7Q9,7Q9,7Q9,7Q9,7Q9,7Q9,7Q9,7Q9,17F,7Q9,7Q9,17F,7Q9,7Q9,7Q9,7Q9,7Q9,7Q9,7Q9,7Q9,7Q9,7Q9,7Q9,7Q9,7Q9,17F,17F,7Q9,7Q9,7Q9,7Q9,7Q9,7Q9,7Q9,7Q9,7Q9,7Q9,7Q9,7Q9,7Q9,17F,7Q9,17F,7Q9,17F,7Q9,7Q9,7Q9	Apolipoprotein A-I	None	None	APOA1_HUMAN	None	None	None	Nanodisc	None	D,E	GSP	MG	None	None	None	17F,7Q9	STP	NMR	None	None	STEYKLVVVGADGVGKSALTIQLIQNHFVDEYDPTIEDSYRKQVVIDGETCLLDILDTAGQEEYSAMRDQYMRTGEGFLCVFAINNTKSFEDIHHYREQIKRVKDSEDVPMVLVGNKCDLPSRTVDTKQAQDLARSYGIPFIETSAKTRQGVDDAFYTLVREIRKHKEKMSKDGKKKKKKSKTKC	True	999.0	999.0	999.0	999.0	999.0	999.0	/Users/mitchellparker/Desktop/rascore_build/core/7rscB_core.cif	/Users/mitchellparker/Desktop/rascore_build/rcsb/7rsc.cif.gz	/Users/mitchellparker/Desktop/rascore_build/renum/7rsc_renum.cif	/Users/mitchellparker/Desktop/rascore_build/rcsb_assembly/7rsc-assembly-1.cif.gz	/Users/mitchellparker/Desktop/rascore_build/renum_assembly/7rsc-assembly-1_renum.cif	/Users/mitchellparker/Desktop/rascore_build/sifts/7rsc.xml.gz	/Users/mitchellparker/Desktop/rascore_build/pocket/7rscB_10_pocket.pdb
7rscB	7rsc	0	B	Outlier	Outlier	Y32in	Y71in	None	7rscB2	2	GTPase KRas	RASK_HUMAN	P01116-2	G12D	G12	KRAS	3P	G12D	None	None	Nanodisc	None	SP12-Unbound	None	185	2-167:169-185	2021-08-11	Other	114.4646	0.0177	Unbound	Unbound	8,16,19,20,79,81,114,144,152,155,156	7Q9,7Q9,7Q9,7Q9,7Q9,17F,7Q9,7Q9,7Q9,7Q9,17F,7Q9,7Q9,7Q9,7Q9,7Q9,17F,17F,GSP,MG,7Q9,7Q9,7Q9,7Q9,7Q9,17F,7Q9,7Q9,7Q9,7Q9,7Q9,7Q9,7Q9,7Q9,7Q9,7Q9,7Q9,17F,17F,7Q9,7Q9,7Q9,7Q9,7Q9,17F,17F,17F,17F,7Q9,7Q9,7Q9,7Q9,7Q9,7Q9,7Q9,7Q9,7Q9,7Q9,7Q9,7Q9,17F,17F,7Q9,7Q9,7Q9,7Q9,17F,17F,7Q9,7Q9,7Q9,7Q9,7Q9,7Q9,7Q9,7Q9,7Q9,7Q9,7Q9,17F,7Q9,7Q9,7Q9,7Q9,7Q9,17F,7Q9,7Q9,7Q9,17F,7Q9,17F,7Q9,17F,7Q9,17F,7Q9,7Q9,7Q9,7Q9,7Q9,17F,17F,17F,7Q9,7Q9,7Q9,7Q9,7Q9,7Q9,7Q9,7Q9,17F,7Q9,7Q9,7Q9,7Q9,7Q9,7Q9,7Q9,7Q9,7Q9,17F,7Q9,7Q9,17F,7Q9,7Q9,7Q9,7Q9,7Q9,7Q9,7Q9,7Q9,7Q9,7Q9,7Q9,7Q9,7Q9,17F,17F,7Q9,7Q9,7Q9,7Q9,7Q9,7Q9,7Q9,7Q9,7Q9,7Q9,7Q9,7Q9,7Q9,17F,7Q9,17F,7Q9,17F,7Q9,7Q9,7Q9	Apolipoprotein A-I	None	None	APOA1_HUMAN	None	None	None	Nanodisc	None	D,E	GSP	MG	None	None	None	17F,7Q9	STP	NMR	None	None	STEYKLVVVGADGVGKSALTIQLIQNHFVDEYDPTIEDSYRKQVVIDGETCLLDILDTAGQEEYSAMRDQYMRTGEGFLCVFAINNTKSFEDIHHYREQIKRVKDSEDVPMVLVGNKCDLPSRTVDTKQAQDLARSYGIPFIETSAKTRQGVDDAFYTLVREIRKHKEKMSKDGKKKKKKSKTKC	True	999.0	999.0	999.0	999.0	999.0	999.0	/Users/mitchellparker/Desktop/rascore_build/core/7rscB_core.cif	/Users/mitchellparker/Desktop/rascore_build/rcsb/7rsc.cif.gz	/Users/mitchellparker/Desktop/rascore_build/renum/7rsc_renum.cif	/Users/mitchellparker/Desktop/rascore_build/rcsb_assembly/7rsc-assembly-1.cif.gz	/Users/mitchellparker/Desktop/rascore_build/renum_assembly/7rsc-assembly-1_renum.cif	/Users/mitchellparker/Desktop/rascore_build/sifts/7rsc.xml.gz	/Users/mitchellparker/Desktop/rascore_build/pocket/7rscB_2_pocket.pdb
7rscB	7rsc	0	B	Outlier	Outlier	Y32in	Y71in	None	7rscB3	3	GTPase KRas	RASK_HUMAN	P01116-2	G12D	G12	KRAS	3P	G12D	None	None	Nanodisc	None	SP12-Unbound	None	185	2-167:169-185	2021-08-11	Other	207.3084	0.0091	Unbound	Unbound	23,26,42,44,46,53,149,153,156,157	7Q9,7Q9,7Q9,7Q9,7Q9,17F,7Q9,7Q9,7Q9,7Q9,17F,7Q9,7Q9,7Q9,7Q9,7Q9,17F,17F,GSP,MG,7Q9,7Q9,7Q9,7Q9,7Q9,17F,7Q9,7Q9,7Q9,7Q9,7Q9,7Q9,7Q9,7Q9,7Q9,7Q9,7Q9,17F,17F,7Q9,7Q9,7Q9,7Q9,7Q9,17F,17F,17F,17F,7Q9,7Q9,7Q9,7Q9,7Q9,7Q9,7Q9,7Q9,7Q9,7Q9,7Q9,7Q9,17F,17F,7Q9,7Q9,7Q9,7Q9,17F,17F,7Q9,7Q9,7Q9,7Q9,7Q9,7Q9,7Q9,7Q9,7Q9,7Q9,7Q9,17F,7Q9,7Q9,7Q9,7Q9,7Q9,17F,7Q9,7Q9,7Q9,17F,7Q9,17F,7Q9,17F,7Q9,17F,7Q9,7Q9,7Q9,7Q9,7Q9,17F,17F,17F,7Q9,7Q9,7Q9,7Q9,7Q9,7Q9,7Q9,7Q9,17F,7Q9,7Q9,7Q9,7Q9,7Q9,7Q9,7Q9,7Q9,7Q9,17F,7Q9,7Q9,17F,7Q9,7Q9,7Q9,7Q9,7Q9,7Q9,7Q9,7Q9,7Q9,7Q9,7Q9,7Q9,7Q9,17F,17F,7Q9,7Q9,7Q9,7Q9,7Q9,7Q9,7Q9,7Q9,7Q9,7Q9,7Q9,7Q9,7Q9,17F,7Q9,17F,7Q9,17F,7Q9,7Q9,7Q9	Apolipoprotein A-I	None	None	APOA1_HUMAN	None	None	None	Nanodisc	None	D,E	GSP	MG	None	None	None	17F,7Q9	STP	NMR	None	None	STEYKLVVVGADGVGKSALTIQLIQNHFVDEYDPTIEDSYRKQVVIDGETCLLDILDTAGQEEYSAMRDQYMRTGEGFLCVFAINNTKSFEDIHHYREQIKRVKDSEDVPMVLVGNKCDLPSRTVDTKQAQDLARSYGIPFIETSAKTRQGVDDAFYTLVREIRKHKEKMSKDGKKKKKKSKTKC	True	999.0	999.0	999.0	999.0	999.0	999.0	/Users/mitchellparker/Desktop/rascore_build/core/7rscB_core.cif	/Users/mitchellparker/Desktop/rascore_build/rcsb/7rsc.cif.gz	/Users/mitchellparker/Desktop/rascore_build/renum/7rsc_renum.cif	/Users/mitchellparker/Desktop/rascore_build/rcsb_assembly/7rsc-assembly-1.cif.gz	/Users/mitchellparker/Desktop/rascore_build/renum_assembly/7rsc-assembly-1_renum.cif	/Users/mitchellparker/Desktop/rascore_build/sifts/7rsc.xml.gz	/Users/mitchellparker/Desktop/rascore_build/pocket/7rscB_3_pocket.pdb
7rscB	7rsc	0	B	Outlier	Outlier	Y32in	Y71in	None	7rscB4	4	GTPase KRas	RASK_HUMAN	P01116-2	G12D	G12	KRAS	3P	G12D	None	None	Nanodisc	None	SP12-Unbound	None	185	2-167:169-185	2021-08-11	Other	274.8842	0.0127	Unbound	Unbound	73,75,76,104,106,108,109,110,163,166,167	7Q9,7Q9,7Q9,7Q9,7Q9,17F,7Q9,7Q9,7Q9,7Q9,17F,7Q9,7Q9,7Q9,7Q9,7Q9,17F,17F,GSP,MG,7Q9,7Q9,7Q9,7Q9,7Q9,17F,7Q9,7Q9,7Q9,7Q9,7Q9,7Q9,7Q9,7Q9,7Q9,7Q9,7Q9,17F,17F,7Q9,7Q9,7Q9,7Q9,7Q9,17F,17F,17F,17F,7Q9,7Q9,7Q9,7Q9,7Q9,7Q9,7Q9,7Q9,7Q9,7Q9,7Q9,7Q9,17F,17F,7Q9,7Q9,7Q9,7Q9,17F,17F,7Q9,7Q9,7Q9,7Q9,7Q9,7Q9,7Q9,7Q9,7Q9,7Q9,7Q9,17F,7Q9,7Q9,7Q9,7Q9,7Q9,17F,7Q9,7Q9,7Q9,17F,7Q9,17F,7Q9,17F,7Q9,17F,7Q9,7Q9,7Q9,7Q9,7Q9,17F,17F,17F,7Q9,7Q9,7Q9,7Q9,7Q9,7Q9,7Q9,7Q9,17F,7Q9,7Q9,7Q9,7Q9,7Q9,7Q9,7Q9,7Q9,7Q9,17F,7Q9,7Q9,17F,7Q9,7Q9,7Q9,7Q9,7Q9,7Q9,7Q9,7Q9,7Q9,7Q9,7Q9,7Q9,7Q9,17F,17F,7Q9,7Q9,7Q9,7Q9,7Q9,7Q9,7Q9,7Q9,7Q9,7Q9,7Q9,7Q9,7Q9,17F,7Q9,17F,7Q9,17F,7Q9,7Q9,7Q9	Apolipoprotein A-I	None	None	APOA1_HUMAN	None	None	None	Nanodisc	None	D,E	GSP	MG	None	None	None	17F,7Q9	STP	NMR	None	None	STEYKLVVVGADGVGKSALTIQLIQNHFVDEYDPTIEDSYRKQVVIDGETCLLDILDTAGQEEYSAMRDQYMRTGEGFLCVFAINNTKSFEDIHHYREQIKRVKDSEDVPMVLVGNKCDLPSRTVDTKQAQDLARSYGIPFIETSAKTRQGVDDAFYTLVREIRKHKEKMSKDGKKKKKKSKTKC	True	999.0	999.0	999.0	999.0	999.0	999.0	/Users/mitchellparker/Desktop/rascore_build/core/7rscB_core.cif	/Users/mitchellparker/Desktop/rascore_build/rcsb/7rsc.cif.gz	/Users/mitchellparker/Desktop/rascore_build/renum/7rsc_renum.cif	/Users/mitchellparker/Desktop/rascore_build/rcsb_assembly/7rsc-assembly-1.cif.gz	/Users/mitchellparker/Desktop/rascore_build/renum_assembly/7rsc-assembly-1_renum.cif	/Users/mitchellparker/Desktop/rascore_build/sifts/7rsc.xml.gz	/Users/mitchellparker/Desktop/rascore_build/pocket/7rscB_4_pocket.pdb
7rscB	7rsc	0	B	Outlier	Outlier	Y32in	Y71in	None	7rscB5	5	GTPase KRas	RASK_HUMAN	P01116-2	G12D	G12	KRAS	3P	G12D	None	None	Nanodisc	None	SP12-Unbound	None	185	2-167:169-185	2021-08-11	Other	213.9013	0.1600	Unbound	Unbound	82,90,91,93,94,113,129,130,133,137	7Q9,7Q9,7Q9,7Q9,7Q9,17F,7Q9,7Q9,7Q9,7Q9,17F,7Q9,7Q9,7Q9,7Q9,7Q9,17F,17F,GSP,MG,7Q9,7Q9,7Q9,7Q9,7Q9,17F,7Q9,7Q9,7Q9,7Q9,7Q9,7Q9,7Q9,7Q9,7Q9,7Q9,7Q9,17F,17F,7Q9,7Q9,7Q9,7Q9,7Q9,17F,17F,17F,17F,7Q9,7Q9,7Q9,7Q9,7Q9,7Q9,7Q9,7Q9,7Q9,7Q9,7Q9,7Q9,17F,17F,7Q9,7Q9,7Q9,7Q9,17F,17F,7Q9,7Q9,7Q9,7Q9,7Q9,7Q9,7Q9,7Q9,7Q9,7Q9,7Q9,17F,7Q9,7Q9,7Q9,7Q9,7Q9,17F,7Q9,7Q9,7Q9,17F,7Q9,17F,7Q9,17F,7Q9,17F,7Q9,7Q9,7Q9,7Q9,7Q9,17F,17F,17F,7Q9,7Q9,7Q9,7Q9,7Q9,7Q9,7Q9,7Q9,17F,7Q9,7Q9,7Q9,7Q9,7Q9,7Q9,7Q9,7Q9,7Q9,17F,7Q9,7Q9,17F,7Q9,7Q9,7Q9,7Q9,7Q9,7Q9,7Q9,7Q9,7Q9,7Q9,7Q9,7Q9,7Q9,17F,17F,7Q9,7Q9,7Q9,7Q9,7Q9,7Q9,7Q9,7Q9,7Q9,7Q9,7Q9,7Q9,7Q9,17F,7Q9,17F,7Q9,17F,7Q9,7Q9,7Q9	Apolipoprotein A-I	None	None	APOA1_HUMAN	None	None	None	Nanodisc	None	D,E	GSP	MG	None	None	None	17F,7Q9	STP	NMR	None	None	STEYKLVVVGADGVGKSALTIQLIQNHFVDEYDPTIEDSYRKQVVIDGETCLLDILDTAGQEEYSAMRDQYMRTGEGFLCVFAINNTKSFEDIHHYREQIKRVKDSEDVPMVLVGNKCDLPSRTVDTKQAQDLARSYGIPFIETSAKTRQGVDDAFYTLVREIRKHKEKMSKDGKKKKKKSKTKC	True	999.0	999.0	999.0	999.0	999.0	999.0	/Users/mitchellparker/Desktop/rascore_build/core/7rscB_core.cif	/Users/mitchellparker/Desktop/rascore_build/rcsb/7rsc.cif.gz	/Users/mitchellparker/Desktop/rascore_build/renum/7rsc_renum.cif	/Users/mitchellparker/Desktop/rascore_build/rcsb_assembly/7rsc-assembly-1.cif.gz	/Users/mitchellparker/Desktop/rascore_build/renum_assembly/7rsc-assembly-1_renum.cif	/Users/mitchellparker/Desktop/rascore_build/sifts/7rsc.xml.gz	/Users/mitchellparker/Desktop/rascore_build/pocket/7rscB_5_pocket.pdb
7rscB	7rsc	0	B	Outlier	Outlier	Y32in	Y71in	None	7rscB6	6	GTPase KRas	RASK_HUMAN	P01116-2	G12D	G12	KRAS	3P	G12D	None	None	Nanodisc	None	SP12-Unbound	None	185	2-167:169-185	2021-08-11	Other	249.1461	0.0002	Unbound	Unbound	65,66,69,99,102	7Q9,7Q9,7Q9,7Q9,7Q9,17F,7Q9,7Q9,7Q9,7Q9,17F,7Q9,7Q9,7Q9,7Q9,7Q9,17F,17F,GSP,MG,7Q9,7Q9,7Q9,7Q9,7Q9,17F,7Q9,7Q9,7Q9,7Q9,7Q9,7Q9,7Q9,7Q9,7Q9,7Q9,7Q9,17F,17F,7Q9,7Q9,7Q9,7Q9,7Q9,17F,17F,17F,17F,7Q9,7Q9,7Q9,7Q9,7Q9,7Q9,7Q9,7Q9,7Q9,7Q9,7Q9,7Q9,17F,17F,7Q9,7Q9,7Q9,7Q9,17F,17F,7Q9,7Q9,7Q9,7Q9,7Q9,7Q9,7Q9,7Q9,7Q9,7Q9,7Q9,17F,7Q9,7Q9,7Q9,7Q9,7Q9,17F,7Q9,7Q9,7Q9,17F,7Q9,17F,7Q9,17F,7Q9,17F,7Q9,7Q9,7Q9,7Q9,7Q9,17F,17F,17F,7Q9,7Q9,7Q9,7Q9,7Q9,7Q9,7Q9,7Q9,17F,7Q9,7Q9,7Q9,7Q9,7Q9,7Q9,7Q9,7Q9,7Q9,17F,7Q9,7Q9,17F,7Q9,7Q9,7Q9,7Q9,7Q9,7Q9,7Q9,7Q9,7Q9,7Q9,7Q9,7Q9,7Q9,17F,17F,7Q9,7Q9,7Q9,7Q9,7Q9,7Q9,7Q9,7Q9,7Q9,7Q9,7Q9,7Q9,7Q9,17F,7Q9,17F,7Q9,17F,7Q9,7Q9,7Q9	Apolipoprotein A-I	None	None	APOA1_HUMAN	None	None	None	Nanodisc	None	D,E	GSP	MG	None	None	None	17F,7Q9	STP	NMR	None	None	STEYKLVVVGADGVGKSALTIQLIQNHFVDEYDPTIEDSYRKQVVIDGETCLLDILDTAGQEEYSAMRDQYMRTGEGFLCVFAINNTKSFEDIHHYREQIKRVKDSEDVPMVLVGNKCDLPSRTVDTKQAQDLARSYGIPFIETSAKTRQGVDDAFYTLVREIRKHKEKMSKDGKKKKKKSKTKC	True	999.0	999.0	999.0	999.0	999.0	999.0	/Users/mitchellparker/Desktop/rascore_build/core/7rscB_core.cif	/Users/mitchellparker/Desktop/rascore_build/rcsb/7rsc.cif.gz	/Users/mitchellparker/Desktop/rascore_build/renum/7rsc_renum.cif	/Users/mitchellparker/Desktop/rascore_build/rcsb_assembly/7rsc-assembly-1.cif.gz	/Users/mitchellparker/Desktop/rascore_build/renum_assembly/7rsc-assembly-1_renum.cif	/Users/mitchellparker/Desktop/rascore_build/sifts/7rsc.xml.gz	/Users/mitchellparker/Desktop/rascore_build/pocket/7rscB_6_pocket.pdb
7rscB	7rsc	0	B	Outlier	Outlier	Y32in	Y71in	None	7rscB7	7	GTPase KRas	RASK_HUMAN	P01116-2	G12D	G12	KRAS	3P	G12D	None	None	Nanodisc	None	SP12-Unbound	None	185	2-167:169-185	2021-08-11	SP12	298.9342	0.0164	Unbound	Unbound	5,6,7,37,39,41,54,56,70,71,74,75	7Q9,7Q9,7Q9,7Q9,7Q9,17F,7Q9,7Q9,7Q9,7Q9,17F,7Q9,7Q9,7Q9,7Q9,7Q9,17F,17F,GSP,MG,7Q9,7Q9,7Q9,7Q9,7Q9,17F,7Q9,7Q9,7Q9,7Q9,7Q9,7Q9,7Q9,7Q9,7Q9,7Q9,7Q9,17F,17F,7Q9,7Q9,7Q9,7Q9,7Q9,17F,17F,17F,17F,7Q9,7Q9,7Q9,7Q9,7Q9,7Q9,7Q9,7Q9,7Q9,7Q9,7Q9,7Q9,17F,17F,7Q9,7Q9,7Q9,7Q9,17F,17F,7Q9,7Q9,7Q9,7Q9,7Q9,7Q9,7Q9,7Q9,7Q9,7Q9,7Q9,17F,7Q9,7Q9,7Q9,7Q9,7Q9,17F,7Q9,7Q9,7Q9,17F,7Q9,17F,7Q9,17F,7Q9,17F,7Q9,7Q9,7Q9,7Q9,7Q9,17F,17F,17F,7Q9,7Q9,7Q9,7Q9,7Q9,7Q9,7Q9,7Q9,17F,7Q9,7Q9,7Q9,7Q9,7Q9,7Q9,7Q9,7Q9,7Q9,17F,7Q9,7Q9,17F,7Q9,7Q9,7Q9,7Q9,7Q9,7Q9,7Q9,7Q9,7Q9,7Q9,7Q9,7Q9,7Q9,17F,17F,7Q9,7Q9,7Q9,7Q9,7Q9,7Q9,7Q9,7Q9,7Q9,7Q9,7Q9,7Q9,7Q9,17F,7Q9,17F,7Q9,17F,7Q9,7Q9,7Q9	Apolipoprotein A-I	None	None	APOA1_HUMAN	None	None	None	Nanodisc	None	D,E	GSP	MG	None	None	None	17F,7Q9	STP	NMR	None	None	STEYKLVVVGADGVGKSALTIQLIQNHFVDEYDPTIEDSYRKQVVIDGETCLLDILDTAGQEEYSAMRDQYMRTGEGFLCVFAINNTKSFEDIHHYREQIKRVKDSEDVPMVLVGNKCDLPSRTVDTKQAQDLARSYGIPFIETSAKTRQGVDDAFYTLVREIRKHKEKMSKDGKKKKKKSKTKC	True	999.0	999.0	999.0	999.0	999.0	999.0	/Users/mitchellparker/Desktop/rascore_build/core/7rscB_core.cif	/Users/mitchellparker/Desktop/rascore_build/rcsb/7rsc.cif.gz	/Users/mitchellparker/Desktop/rascore_build/renum/7rsc_renum.cif	/Users/mitchellparker/Desktop/rascore_build/rcsb_assembly/7rsc-assembly-1.cif.gz	/Users/mitchellparker/Desktop/rascore_build/renum_assembly/7rsc-assembly-1_renum.cif	/Users/mitchellparker/Desktop/rascore_build/sifts/7rsc.xml.gz	/Users/mitchellparker/Desktop/rascore_build/pocket/7rscB_7_pocket.pdb
7rscB	7rsc	0	B	Outlier	Outlier	Y32in	Y71in	None	7rscB8	8	GTPase KRas	RASK_HUMAN	P01116-2	G12D	G12	KRAS	3P	G12D	None	None	Nanodisc	None	SP12-Unbound	None	185	2-167:169-185	2021-08-11	Other	240.3596	0.0008	Unbound	Unbound	108,109,110,111,138,139,162,165,166,170	7Q9,7Q9,7Q9,7Q9,7Q9,17F,7Q9,7Q9,7Q9,7Q9,17F,7Q9,7Q9,7Q9,7Q9,7Q9,17F,17F,GSP,MG,7Q9,7Q9,7Q9,7Q9,7Q9,17F,7Q9,7Q9,7Q9,7Q9,7Q9,7Q9,7Q9,7Q9,7Q9,7Q9,7Q9,17F,17F,7Q9,7Q9,7Q9,7Q9,7Q9,17F,17F,17F,17F,7Q9,7Q9,7Q9,7Q9,7Q9,7Q9,7Q9,7Q9,7Q9,7Q9,7Q9,7Q9,17F,17F,7Q9,7Q9,7Q9,7Q9,17F,17F,7Q9,7Q9,7Q9,7Q9,7Q9,7Q9,7Q9,7Q9,7Q9,7Q9,7Q9,17F,7Q9,7Q9,7Q9,7Q9,7Q9,17F,7Q9,7Q9,7Q9,17F,7Q9,17F,7Q9,17F,7Q9,17F,7Q9,7Q9,7Q9,7Q9,7Q9,17F,17F,17F,7Q9,7Q9,7Q9,7Q9,7Q9,7Q9,7Q9,7Q9,17F,7Q9,7Q9,7Q9,7Q9,7Q9,7Q9,7Q9,7Q9,7Q9,17F,7Q9,7Q9,17F,7Q9,7Q9,7Q9,7Q9,7Q9,7Q9,7Q9,7Q9,7Q9,7Q9,7Q9,7Q9,7Q9,17F,17F,7Q9,7Q9,7Q9,7Q9,7Q9,7Q9,7Q9,7Q9,7Q9,7Q9,7Q9,7Q9,7Q9,17F,7Q9,17F,7Q9,17F,7Q9,7Q9,7Q9	Apolipoprotein A-I	None	None	APOA1_HUMAN	None	None	None	Nanodisc	None	D,E	GSP	MG	None	None	None	17F,7Q9	STP	NMR	None	None	STEYKLVVVGADGVGKSALTIQLIQNHFVDEYDPTIEDSYRKQVVIDGETCLLDILDTAGQEEYSAMRDQYMRTGEGFLCVFAINNTKSFEDIHHYREQIKRVKDSEDVPMVLVGNKCDLPSRTVDTKQAQDLARSYGIPFIETSAKTRQGVDDAFYTLVREIRKHKEKMSKDGKKKKKKSKTKC	True	999.0	999.0	999.0	999.0	999.0	999.0	/Users/mitchellparker/Desktop/rascore_build/core/7rscB_core.cif	/Users/mitchellparker/Desktop/rascore_build/rcsb/7rsc.cif.gz	/Users/mitchellparker/Desktop/rascore_build/renum/7rsc_renum.cif	/Users/mitchellparker/Desktop/rascore_build/rcsb_assembly/7rsc-assembly-1.cif.gz	/Users/mitchellparker/Desktop/rascore_build/renum_assembly/7rsc-assembly-1_renum.cif	/Users/mitchellparker/Desktop/rascore_build/sifts/7rsc.xml.gz	/Users/mitchellparker/Desktop/rascore_build/pocket/7rscB_8_pocket.pdb
7rscB	7rsc	0	B	Outlier	Outlier	Y32in	Y71in	None	7rscB9	9	GTPase KRas	RASK_HUMAN	P01116-2	G12D	G12	KRAS	3P	G12D	None	None	Nanodisc	None	SP12-Unbound	None	185	2-167:169-185	2021-08-11	Other	331.5783	0.0000	Unbound	Unbound	106,108,170,171,173,174,175,176	7Q9,7Q9,7Q9,7Q9,7Q9,17F,7Q9,7Q9,7Q9,7Q9,17F,7Q9,7Q9,7Q9,7Q9,7Q9,17F,17F,GSP,MG,7Q9,7Q9,7Q9,7Q9,7Q9,17F,7Q9,7Q9,7Q9,7Q9,7Q9,7Q9,7Q9,7Q9,7Q9,7Q9,7Q9,17F,17F,7Q9,7Q9,7Q9,7Q9,7Q9,17F,17F,17F,17F,7Q9,7Q9,7Q9,7Q9,7Q9,7Q9,7Q9,7Q9,7Q9,7Q9,7Q9,7Q9,17F,17F,7Q9,7Q9,7Q9,7Q9,17F,17F,7Q9,7Q9,7Q9,7Q9,7Q9,7Q9,7Q9,7Q9,7Q9,7Q9,7Q9,17F,7Q9,7Q9,7Q9,7Q9,7Q9,17F,7Q9,7Q9,7Q9,17F,7Q9,17F,7Q9,17F,7Q9,17F,7Q9,7Q9,7Q9,7Q9,7Q9,17F,17F,17F,7Q9,7Q9,7Q9,7Q9,7Q9,7Q9,7Q9,7Q9,17F,7Q9,7Q9,7Q9,7Q9,7Q9,7Q9,7Q9,7Q9,7Q9,17F,7Q9,7Q9,17F,7Q9,7Q9,7Q9,7Q9,7Q9,7Q9,7Q9,7Q9,7Q9,7Q9,7Q9,7Q9,7Q9,17F,17F,7Q9,7Q9,7Q9,7Q9,7Q9,7Q9,7Q9,7Q9,7Q9,7Q9,7Q9,7Q9,7Q9,17F,7Q9,17F,7Q9,17F,7Q9,7Q9,7Q9	Apolipoprotein A-I	None	None	APOA1_HUMAN	None	None	None	Nanodisc	None	D,E	GSP	MG	None	None	None	17F,7Q9	STP	NMR	None	None	STEYKLVVVGADGVGKSALTIQLIQNHFVDEYDPTIEDSYRKQVVIDGETCLLDILDTAGQEEYSAMRDQYMRTGEGFLCVFAINNTKSFEDIHHYREQIKRVKDSEDVPMVLVGNKCDLPSRTVDTKQAQDLARSYGIPFIETSAKTRQGVDDAFYTLVREIRKHKEKMSKDGKKKKKKSKTKC	True	999.0	999.0	999.0	999.0	999.0	999.0	/Users/mitchellparker/Desktop/rascore_build/core/7rscB_core.cif	/Users/mitchellparker/Desktop/rascore_build/rcsb/7rsc.cif.gz	/Users/mitchellparker/Desktop/rascore_build/renum/7rsc_renum.cif	/Users/mitchellparker/Desktop/rascore_build/rcsb_assembly/7rsc-assembly-1.cif.gz	/Users/mitchellparker/Desktop/rascore_build/renum_assembly/7rsc-assembly-1_renum.cif	/Users/mitchellparker/Desktop/rascore_build/sifts/7rsc.xml.gz	/Users/mitchellparker/Desktop/rascore_build/pocket/7rscB_9_pocket.pdb
7rseA	7rse	0	A	Outlier	Outlier	Y32in	Y71in	None	7rseA2	2	GTPase KRas	RASK_HUMAN	P01116-2	G12D	G12	KRAS	3P	G12D	None	None	Nanodisc	None	SP12-Unbound	None	185	2-167:169-185	2021-08-11	Other	401.8242	0.0007	Unbound	Unbound	97,107,108,109,110,111,137,138,139,162,165,166,170	GSP,MG,7Q9,7Q9,7Q9,7Q9,7Q9,17F,7Q9,7Q9,7Q9,7Q9,7Q9,17F,7Q9,7Q9,7Q9,7Q9,7Q9,7Q9,7Q9,7Q9,17F,7Q9,7Q9,7Q9,7Q9,7Q9,17F,17F,7Q9,7Q9,7Q9,17F,7Q9,17F,7Q9,7Q9,7Q9,7Q9,7Q9,7Q9,7Q9,7Q9,17F,17F,7Q9,7Q9,7Q9,7Q9,17F,17F,7Q9,7Q9,7Q9,7Q9,7Q9,7Q9,7Q9,7Q9,7Q9,17F,17F,7Q9,7Q9,7Q9,7Q9,17F,17F,7Q9,7Q9,7Q9,7Q9,7Q9,7Q9,7Q9,7Q9,7Q9,7Q9,7Q9,17F,7Q9,7Q9,7Q9,17F,7Q9,7Q9,7Q9,17F,7Q9,17F,7Q9,17F,7Q9,17F,7Q9,7Q9,7Q9,7Q9,7Q9,17F,17F,17F,7Q9,7Q9,7Q9,7Q9,7Q9,7Q9,7Q9,7Q9,17F,7Q9,7Q9,7Q9,7Q9,7Q9,7Q9,7Q9,7Q9,7Q9,17F,7Q9,7Q9,17F,7Q9,7Q9,7Q9,7Q9,7Q9,7Q9,7Q9,7Q9,7Q9,7Q9,7Q9,7Q9,7Q9,17F,17F,7Q9,7Q9,7Q9,7Q9,7Q9,7Q9,7Q9,7Q9,7Q9,7Q9,7Q9,7Q9,7Q9,17F,7Q9,17F,7Q9,17F,7Q9,7Q9,7Q9,7Q9	Apolipoprotein A-I	None	D:185,184	APOA1_HUMAN	None	None	None	Nanodisc	None	D,E	GSP	MG	None	None	None	17F,7Q9	STP	NMR	None	None	STEYKLVVVGADGVGKSALTIQLIQNHFVDEYDPTIEDSYRKQVVIDGETCLLDILDTAGQEEYSAMRDQYMRTGEGFLCVFAINNTKSFEDIHHYREQIKRVKDSEDVPMVLVGNKCDLPSRTVDTKQAQDLARSYGIPFIETSAKTRQGVDDAFYTLVREIRKHKEKMSKDGKKKKKKSKTKC	True	999.0	999.0	999.0	999.0	999.0	999.0	/Users/mitchellparker/Desktop/rascore_build/core/7rseA_core.cif	/Users/mitchellparker/Desktop/rascore_build/rcsb/7rse.cif.gz	/Users/mitchellparker/Desktop/rascore_build/renum/7rse_renum.cif	/Users/mitchellparker/Desktop/rascore_build/rcsb_assembly/7rse-assembly-1.cif.gz	/Users/mitchellparker/Desktop/rascore_build/renum_assembly/7rse-assembly-1_renum.cif	/Users/mitchellparker/Desktop/rascore_build/sifts/7rse.xml.gz	/Users/mitchellparker/Desktop/rascore_build/pocket/7rseA_2_pocket.pdb
7rseA	7rse	0	A	Outlier	Outlier	Y32in	Y71in	None	7rseA3	3	GTPase KRas	RASK_HUMAN	P01116-2	G12D	G12	KRAS	3P	G12D	None	None	Nanodisc	None	SP12-Unbound	None	185	2-167:169-185	2021-08-11	Other	214.9335	0.0013	Unbound	Unbound	73,74,75,76,104,109,110,163,166,167	GSP,MG,7Q9,7Q9,7Q9,7Q9,7Q9,17F,7Q9,7Q9,7Q9,7Q9,7Q9,17F,7Q9,7Q9,7Q9,7Q9,7Q9,7Q9,7Q9,7Q9,17F,7Q9,7Q9,7Q9,7Q9,7Q9,17F,17F,7Q9,7Q9,7Q9,17F,7Q9,17F,7Q9,7Q9,7Q9,7Q9,7Q9,7Q9,7Q9,7Q9,17F,17F,7Q9,7Q9,7Q9,7Q9,17F,17F,7Q9,7Q9,7Q9,7Q9,7Q9,7Q9,7Q9,7Q9,7Q9,17F,17F,7Q9,7Q9,7Q9,7Q9,17F,17F,7Q9,7Q9,7Q9,7Q9,7Q9,7Q9,7Q9,7Q9,7Q9,7Q9,7Q9,17F,7Q9,7Q9,7Q9,17F,7Q9,7Q9,7Q9,17F,7Q9,17F,7Q9,17F,7Q9,17F,7Q9,7Q9,7Q9,7Q9,7Q9,17F,17F,17F,7Q9,7Q9,7Q9,7Q9,7Q9,7Q9,7Q9,7Q9,17F,7Q9,7Q9,7Q9,7Q9,7Q9,7Q9,7Q9,7Q9,7Q9,17F,7Q9,7Q9,17F,7Q9,7Q9,7Q9,7Q9,7Q9,7Q9,7Q9,7Q9,7Q9,7Q9,7Q9,7Q9,7Q9,17F,17F,7Q9,7Q9,7Q9,7Q9,7Q9,7Q9,7Q9,7Q9,7Q9,7Q9,7Q9,7Q9,7Q9,17F,7Q9,17F,7Q9,17F,7Q9,7Q9,7Q9,7Q9	Apolipoprotein A-I	None	D:185,184	APOA1_HUMAN	None	None	None	Nanodisc	None	D,E	GSP	MG	None	None	None	17F,7Q9	STP	NMR	None	None	STEYKLVVVGADGVGKSALTIQLIQNHFVDEYDPTIEDSYRKQVVIDGETCLLDILDTAGQEEYSAMRDQYMRTGEGFLCVFAINNTKSFEDIHHYREQIKRVKDSEDVPMVLVGNKCDLPSRTVDTKQAQDLARSYGIPFIETSAKTRQGVDDAFYTLVREIRKHKEKMSKDGKKKKKKSKTKC	True	999.0	999.0	999.0	999.0	999.0	999.0	/Users/mitchellparker/Desktop/rascore_build/core/7rseA_core.cif	/Users/mitchellparker/Desktop/rascore_build/rcsb/7rse.cif.gz	/Users/mitchellparker/Desktop/rascore_build/renum/7rse_renum.cif	/Users/mitchellparker/Desktop/rascore_build/rcsb_assembly/7rse-assembly-1.cif.gz	/Users/mitchellparker/Desktop/rascore_build/renum_assembly/7rse-assembly-1_renum.cif	/Users/mitchellparker/Desktop/rascore_build/sifts/7rse.xml.gz	/Users/mitchellparker/Desktop/rascore_build/pocket/7rseA_3_pocket.pdb
7rseA	7rse	0	A	Outlier	Outlier	Y32in	Y71in	None	7rseA4	4	GTPase KRas	RASK_HUMAN	P01116-2	G12D	G12	KRAS	3P	G12D	None	None	Nanodisc	None	SP12-Unbound	None	185	2-167:169-185	2021-08-11	SP12	210.8160	0.0007	Unbound	Unbound	5,6,7,39,41,54,56,71,74,75	GSP,MG,7Q9,7Q9,7Q9,7Q9,7Q9,17F,7Q9,7Q9,7Q9,7Q9,7Q9,17F,7Q9,7Q9,7Q9,7Q9,7Q9,7Q9,7Q9,7Q9,17F,7Q9,7Q9,7Q9,7Q9,7Q9,17F,17F,7Q9,7Q9,7Q9,17F,7Q9,17F,7Q9,7Q9,7Q9,7Q9,7Q9,7Q9,7Q9,7Q9,17F,17F,7Q9,7Q9,7Q9,7Q9,17F,17F,7Q9,7Q9,7Q9,7Q9,7Q9,7Q9,7Q9,7Q9,7Q9,17F,17F,7Q9,7Q9,7Q9,7Q9,17F,17F,7Q9,7Q9,7Q9,7Q9,7Q9,7Q9,7Q9,7Q9,7Q9,7Q9,7Q9,17F,7Q9,7Q9,7Q9,17F,7Q9,7Q9,7Q9,17F,7Q9,17F,7Q9,17F,7Q9,17F,7Q9,7Q9,7Q9,7Q9,7Q9,17F,17F,17F,7Q9,7Q9,7Q9,7Q9,7Q9,7Q9,7Q9,7Q9,17F,7Q9,7Q9,7Q9,7Q9,7Q9,7Q9,7Q9,7Q9,7Q9,17F,7Q9,7Q9,17F,7Q9,7Q9,7Q9,7Q9,7Q9,7Q9,7Q9,7Q9,7Q9,7Q9,7Q9,7Q9,7Q9,17F,17F,7Q9,7Q9,7Q9,7Q9,7Q9,7Q9,7Q9,7Q9,7Q9,7Q9,7Q9,7Q9,7Q9,17F,7Q9,17F,7Q9,17F,7Q9,7Q9,7Q9,7Q9	Apolipoprotein A-I	None	D:185,184	APOA1_HUMAN	None	None	None	Nanodisc	None	D,E	GSP	MG	None	None	None	17F,7Q9	STP	NMR	None	None	STEYKLVVVGADGVGKSALTIQLIQNHFVDEYDPTIEDSYRKQVVIDGETCLLDILDTAGQEEYSAMRDQYMRTGEGFLCVFAINNTKSFEDIHHYREQIKRVKDSEDVPMVLVGNKCDLPSRTVDTKQAQDLARSYGIPFIETSAKTRQGVDDAFYTLVREIRKHKEKMSKDGKKKKKKSKTKC	True	999.0	999.0	999.0	999.0	999.0	999.0	/Users/mitchellparker/Desktop/rascore_build/core/7rseA_core.cif	/Users/mitchellparker/Desktop/rascore_build/rcsb/7rse.cif.gz	/Users/mitchellparker/Desktop/rascore_build/renum/7rse_renum.cif	/Users/mitchellparker/Desktop/rascore_build/rcsb_assembly/7rse-assembly-1.cif.gz	/Users/mitchellparker/Desktop/rascore_build/renum_assembly/7rse-assembly-1_renum.cif	/Users/mitchellparker/Desktop/rascore_build/sifts/7rse.xml.gz	/Users/mitchellparker/Desktop/rascore_build/pocket/7rseA_4_pocket.pdb
7rseA	7rse	0	A	Outlier	Outlier	Y32in	Y71in	None	7rseA5	5	GTPase KRas	RASK_HUMAN	P01116-2	G12D	G12	KRAS	3P	G12D	None	None	Nanodisc	None	SP12-Unbound	None	185	2-167:169-185	2021-08-11	Other	343.1990	0.0040	Unbound	Unbound	37,56,66,67,70,71,74	GSP,MG,7Q9,7Q9,7Q9,7Q9,7Q9,17F,7Q9,7Q9,7Q9,7Q9,7Q9,17F,7Q9,7Q9,7Q9,7Q9,7Q9,7Q9,7Q9,7Q9,17F,7Q9,7Q9,7Q9,7Q9,7Q9,17F,17F,7Q9,7Q9,7Q9,17F,7Q9,17F,7Q9,7Q9,7Q9,7Q9,7Q9,7Q9,7Q9,7Q9,17F,17F,7Q9,7Q9,7Q9,7Q9,17F,17F,7Q9,7Q9,7Q9,7Q9,7Q9,7Q9,7Q9,7Q9,7Q9,17F,17F,7Q9,7Q9,7Q9,7Q9,17F,17F,7Q9,7Q9,7Q9,7Q9,7Q9,7Q9,7Q9,7Q9,7Q9,7Q9,7Q9,17F,7Q9,7Q9,7Q9,17F,7Q9,7Q9,7Q9,17F,7Q9,17F,7Q9,17F,7Q9,17F,7Q9,7Q9,7Q9,7Q9,7Q9,17F,17F,17F,7Q9,7Q9,7Q9,7Q9,7Q9,7Q9,7Q9,7Q9,17F,7Q9,7Q9,7Q9,7Q9,7Q9,7Q9,7Q9,7Q9,7Q9,17F,7Q9,7Q9,17F,7Q9,7Q9,7Q9,7Q9,7Q9,7Q9,7Q9,7Q9,7Q9,7Q9,7Q9,7Q9,7Q9,17F,17F,7Q9,7Q9,7Q9,7Q9,7Q9,7Q9,7Q9,7Q9,7Q9,7Q9,7Q9,7Q9,7Q9,17F,7Q9,17F,7Q9,17F,7Q9,7Q9,7Q9,7Q9	Apolipoprotein A-I	None	D:185,184	APOA1_HUMAN	None	None	None	Nanodisc	None	D,E	GSP	MG	None	None	None	17F,7Q9	STP	NMR	None	None	STEYKLVVVGADGVGKSALTIQLIQNHFVDEYDPTIEDSYRKQVVIDGETCLLDILDTAGQEEYSAMRDQYMRTGEGFLCVFAINNTKSFEDIHHYREQIKRVKDSEDVPMVLVGNKCDLPSRTVDTKQAQDLARSYGIPFIETSAKTRQGVDDAFYTLVREIRKHKEKMSKDGKKKKKKSKTKC	True	999.0	999.0	999.0	999.0	999.0	999.0	/Users/mitchellparker/Desktop/rascore_build/core/7rseA_core.cif	/Users/mitchellparker/Desktop/rascore_build/rcsb/7rse.cif.gz	/Users/mitchellparker/Desktop/rascore_build/renum/7rse_renum.cif	/Users/mitchellparker/Desktop/rascore_build/rcsb_assembly/7rse-assembly-1.cif.gz	/Users/mitchellparker/Desktop/rascore_build/renum_assembly/7rse-assembly-1_renum.cif	/Users/mitchellparker/Desktop/rascore_build/sifts/7rse.xml.gz	/Users/mitchellparker/Desktop/rascore_build/pocket/7rseA_5_pocket.pdb
7rseA	7rse	0	A	Outlier	Outlier	Y32in	Y71in	None	7rseA6	6	GTPase KRas	RASK_HUMAN	P01116-2	G12D	G12	KRAS	3P	G12D	None	None	Nanodisc	None	SP12-Unbound	None	185	2-167:169-185	2021-08-11	SP2	252.7499	0.0001	Unbound	Unbound	11,12,60,61,62,86,88,92,96	GSP,MG,7Q9,7Q9,7Q9,7Q9,7Q9,17F,7Q9,7Q9,7Q9,7Q9,7Q9,17F,7Q9,7Q9,7Q9,7Q9,7Q9,7Q9,7Q9,7Q9,17F,7Q9,7Q9,7Q9,7Q9,7Q9,17F,17F,7Q9,7Q9,7Q9,17F,7Q9,17F,7Q9,7Q9,7Q9,7Q9,7Q9,7Q9,7Q9,7Q9,17F,17F,7Q9,7Q9,7Q9,7Q9,17F,17F,7Q9,7Q9,7Q9,7Q9,7Q9,7Q9,7Q9,7Q9,7Q9,17F,17F,7Q9,7Q9,7Q9,7Q9,17F,17F,7Q9,7Q9,7Q9,7Q9,7Q9,7Q9,7Q9,7Q9,7Q9,7Q9,7Q9,17F,7Q9,7Q9,7Q9,17F,7Q9,7Q9,7Q9,17F,7Q9,17F,7Q9,17F,7Q9,17F,7Q9,7Q9,7Q9,7Q9,7Q9,17F,17F,17F,7Q9,7Q9,7Q9,7Q9,7Q9,7Q9,7Q9,7Q9,17F,7Q9,7Q9,7Q9,7Q9,7Q9,7Q9,7Q9,7Q9,7Q9,17F,7Q9,7Q9,17F,7Q9,7Q9,7Q9,7Q9,7Q9,7Q9,7Q9,7Q9,7Q9,7Q9,7Q9,7Q9,7Q9,17F,17F,7Q9,7Q9,7Q9,7Q9,7Q9,7Q9,7Q9,7Q9,7Q9,7Q9,7Q9,7Q9,7Q9,17F,7Q9,17F,7Q9,17F,7Q9,7Q9,7Q9,7Q9	Apolipoprotein A-I	None	D:185,184	APOA1_HUMAN	None	None	None	Nanodisc	None	D,E	GSP	MG	None	None	None	17F,7Q9	STP	NMR	None	None	STEYKLVVVGADGVGKSALTIQLIQNHFVDEYDPTIEDSYRKQVVIDGETCLLDILDTAGQEEYSAMRDQYMRTGEGFLCVFAINNTKSFEDIHHYREQIKRVKDSEDVPMVLVGNKCDLPSRTVDTKQAQDLARSYGIPFIETSAKTRQGVDDAFYTLVREIRKHKEKMSKDGKKKKKKSKTKC	True	999.0	999.0	999.0	999.0	999.0	999.0	/Users/mitchellparker/Desktop/rascore_build/core/7rseA_core.cif	/Users/mitchellparker/Desktop/rascore_build/rcsb/7rse.cif.gz	/Users/mitchellparker/Desktop/rascore_build/renum/7rse_renum.cif	/Users/mitchellparker/Desktop/rascore_build/rcsb_assembly/7rse-assembly-1.cif.gz	/Users/mitchellparker/Desktop/rascore_build/renum_assembly/7rse-assembly-1_renum.cif	/Users/mitchellparker/Desktop/rascore_build/sifts/7rse.xml.gz	/Users/mitchellparker/Desktop/rascore_build/pocket/7rseA_6_pocket.pdb
7rseA	7rse	0	A	Outlier	Outlier	Y32in	Y71in	None	7rseA7	7	GTPase KRas	RASK_HUMAN	P01116-2	G12D	G12	KRAS	3P	G12D	None	None	Nanodisc	None	SP12-Unbound	None	185	2-167:169-185	2021-08-11	Other	265.7271	0.0001	Unbound	Unbound	169,173,181,182,183	GSP,MG,7Q9,7Q9,7Q9,7Q9,7Q9,17F,7Q9,7Q9,7Q9,7Q9,7Q9,17F,7Q9,7Q9,7Q9,7Q9,7Q9,7Q9,7Q9,7Q9,17F,7Q9,7Q9,7Q9,7Q9,7Q9,17F,17F,7Q9,7Q9,7Q9,17F,7Q9,17F,7Q9,7Q9,7Q9,7Q9,7Q9,7Q9,7Q9,7Q9,17F,17F,7Q9,7Q9,7Q9,7Q9,17F,17F,7Q9,7Q9,7Q9,7Q9,7Q9,7Q9,7Q9,7Q9,7Q9,17F,17F,7Q9,7Q9,7Q9,7Q9,17F,17F,7Q9,7Q9,7Q9,7Q9,7Q9,7Q9,7Q9,7Q9,7Q9,7Q9,7Q9,17F,7Q9,7Q9,7Q9,17F,7Q9,7Q9,7Q9,17F,7Q9,17F,7Q9,17F,7Q9,17F,7Q9,7Q9,7Q9,7Q9,7Q9,17F,17F,17F,7Q9,7Q9,7Q9,7Q9,7Q9,7Q9,7Q9,7Q9,17F,7Q9,7Q9,7Q9,7Q9,7Q9,7Q9,7Q9,7Q9,7Q9,17F,7Q9,7Q9,17F,7Q9,7Q9,7Q9,7Q9,7Q9,7Q9,7Q9,7Q9,7Q9,7Q9,7Q9,7Q9,7Q9,17F,17F,7Q9,7Q9,7Q9,7Q9,7Q9,7Q9,7Q9,7Q9,7Q9,7Q9,7Q9,7Q9,7Q9,17F,7Q9,17F,7Q9,17F,7Q9,7Q9,7Q9,7Q9	Apolipoprotein A-I	None	D:185,184	APOA1_HUMAN	None	None	None	Nanodisc	None	D,E	GSP	MG	None	None	None	17F,7Q9	STP	NMR	None	None	STEYKLVVVGADGVGKSALTIQLIQNHFVDEYDPTIEDSYRKQVVIDGETCLLDILDTAGQEEYSAMRDQYMRTGEGFLCVFAINNTKSFEDIHHYREQIKRVKDSEDVPMVLVGNKCDLPSRTVDTKQAQDLARSYGIPFIETSAKTRQGVDDAFYTLVREIRKHKEKMSKDGKKKKKKSKTKC	True	999.0	999.0	999.0	999.0	999.0	999.0	/Users/mitchellparker/Desktop/rascore_build/core/7rseA_core.cif	/Users/mitchellparker/Desktop/rascore_build/rcsb/7rse.cif.gz	/Users/mitchellparker/Desktop/rascore_build/renum/7rse_renum.cif	/Users/mitchellparker/Desktop/rascore_build/rcsb_assembly/7rse-assembly-1.cif.gz	/Users/mitchellparker/Desktop/rascore_build/renum_assembly/7rse-assembly-1_renum.cif	/Users/mitchellparker/Desktop/rascore_build/sifts/7rse.xml.gz	/Users/mitchellparker/Desktop/rascore_build/pocket/7rseA_7_pocket.pdb
7rseB	7rse	0	B	Outlier	Outlier	Y32out	Y71in	None	7rseB10	10	GTPase KRas	RASK_HUMAN	P01116-2	G12D	G12	KRAS	3P	G12D	None	None	Nanodisc	None	SP12-Unbound	None	185	2-167:169-185	2021-08-11	SP12	167.8463	0.0073	Unbound	Unbound	5,6,7,54,56,71,74,75	7Q9,7Q9,7Q9,7Q9,7Q9,17F,7Q9,7Q9,7Q9,7Q9,7Q9,17F,7Q9,7Q9,7Q9,GSP,MG,7Q9,7Q9,7Q9,7Q9,7Q9,17F,7Q9,7Q9,7Q9,7Q9,7Q9,17F,17F,7Q9,7Q9,7Q9,17F,7Q9,17F,7Q9,7Q9,7Q9,7Q9,7Q9,7Q9,7Q9,7Q9,17F,17F,7Q9,7Q9,7Q9,7Q9,17F,17F,7Q9,7Q9,7Q9,7Q9,7Q9,7Q9,7Q9,7Q9,7Q9,17F,17F,7Q9,7Q9,7Q9,7Q9,17F,17F,7Q9,7Q9,7Q9,7Q9,7Q9,7Q9,7Q9,7Q9,7Q9,7Q9,7Q9,17F,7Q9,7Q9,7Q9,17F,7Q9,7Q9,7Q9,17F,7Q9,17F,7Q9,17F,7Q9,17F,7Q9,7Q9,7Q9,7Q9,7Q9,17F,17F,17F,7Q9,7Q9,7Q9,7Q9,7Q9,7Q9,7Q9,7Q9,17F,7Q9,7Q9,7Q9,7Q9,7Q9,7Q9,7Q9,7Q9,7Q9,17F,7Q9,7Q9,17F,7Q9,7Q9,7Q9,7Q9,7Q9,7Q9,7Q9,7Q9,7Q9,7Q9,7Q9,7Q9,7Q9,17F,17F,7Q9,7Q9,7Q9,7Q9,7Q9,7Q9,7Q9,7Q9,7Q9,7Q9,7Q9,7Q9,7Q9,17F,7Q9,17F,7Q9,17F,7Q9,7Q9,7Q9,7Q9	Apolipoprotein A-I	None	None	APOA1_HUMAN	None	None	None	Nanodisc	None	D,E	GSP	MG	None	None	None	17F,7Q9	STP	NMR	None	None	STEYKLVVVGADGVGKSALTIQLIQNHFVDEYDPTIEDSYRKQVVIDGETCLLDILDTAGQEEYSAMRDQYMRTGEGFLCVFAINNTKSFEDIHHYREQIKRVKDSEDVPMVLVGNKCDLPSRTVDTKQAQDLARSYGIPFIETSAKTRQGVDDAFYTLVREIRKHKEKMSKDGKKKKKKSKTKC	True	999.0	999.0	999.0	999.0	999.0	999.0	/Users/mitchellparker/Desktop/rascore_build/core/7rseB_core.cif	/Users/mitchellparker/Desktop/rascore_build/rcsb/7rse.cif.gz	/Users/mitchellparker/Desktop/rascore_build/renum/7rse_renum.cif	/Users/mitchellparker/Desktop/rascore_build/rcsb_assembly/7rse-assembly-1.cif.gz	/Users/mitchellparker/Desktop/rascore_build/renum_assembly/7rse-assembly-1_renum.cif	/Users/mitchellparker/Desktop/rascore_build/sifts/7rse.xml.gz	/Users/mitchellparker/Desktop/rascore_build/pocket/7rseB_10_pocket.pdb
7rseB	7rse	0	B	Outlier	Outlier	Y32out	Y71in	None	7rseB11	11	GTPase KRas	RASK_HUMAN	P01116-2	G12D	G12	KRAS	3P	G12D	None	None	Nanodisc	None	SP12-Unbound	None	185	2-167:169-185	2021-08-11	Other	336.3463	0.0003	Unbound	Unbound	73,74,75,76,104,106,108,110,163,166,167	7Q9,7Q9,7Q9,7Q9,7Q9,17F,7Q9,7Q9,7Q9,7Q9,7Q9,17F,7Q9,7Q9,7Q9,GSP,MG,7Q9,7Q9,7Q9,7Q9,7Q9,17F,7Q9,7Q9,7Q9,7Q9,7Q9,17F,17F,7Q9,7Q9,7Q9,17F,7Q9,17F,7Q9,7Q9,7Q9,7Q9,7Q9,7Q9,7Q9,7Q9,17F,17F,7Q9,7Q9,7Q9,7Q9,17F,17F,7Q9,7Q9,7Q9,7Q9,7Q9,7Q9,7Q9,7Q9,7Q9,17F,17F,7Q9,7Q9,7Q9,7Q9,17F,17F,7Q9,7Q9,7Q9,7Q9,7Q9,7Q9,7Q9,7Q9,7Q9,7Q9,7Q9,17F,7Q9,7Q9,7Q9,17F,7Q9,7Q9,7Q9,17F,7Q9,17F,7Q9,17F,7Q9,17F,7Q9,7Q9,7Q9,7Q9,7Q9,17F,17F,17F,7Q9,7Q9,7Q9,7Q9,7Q9,7Q9,7Q9,7Q9,17F,7Q9,7Q9,7Q9,7Q9,7Q9,7Q9,7Q9,7Q9,7Q9,17F,7Q9,7Q9,17F,7Q9,7Q9,7Q9,7Q9,7Q9,7Q9,7Q9,7Q9,7Q9,7Q9,7Q9,7Q9,7Q9,17F,17F,7Q9,7Q9,7Q9,7Q9,7Q9,7Q9,7Q9,7Q9,7Q9,7Q9,7Q9,7Q9,7Q9,17F,7Q9,17F,7Q9,17F,7Q9,7Q9,7Q9,7Q9	Apolipoprotein A-I	None	None	APOA1_HUMAN	None	None	None	Nanodisc	None	D,E	GSP	MG	None	None	None	17F,7Q9	STP	NMR	None	None	STEYKLVVVGADGVGKSALTIQLIQNHFVDEYDPTIEDSYRKQVVIDGETCLLDILDTAGQEEYSAMRDQYMRTGEGFLCVFAINNTKSFEDIHHYREQIKRVKDSEDVPMVLVGNKCDLPSRTVDTKQAQDLARSYGIPFIETSAKTRQGVDDAFYTLVREIRKHKEKMSKDGKKKKKKSKTKC	True	999.0	999.0	999.0	999.0	999.0	999.0	/Users/mitchellparker/Desktop/rascore_build/core/7rseB_core.cif	/Users/mitchellparker/Desktop/rascore_build/rcsb/7rse.cif.gz	/Users/mitchellparker/Desktop/rascore_build/renum/7rse_renum.cif	/Users/mitchellparker/Desktop/rascore_build/rcsb_assembly/7rse-assembly-1.cif.gz	/Users/mitchellparker/Desktop/rascore_build/renum_assembly/7rse-assembly-1_renum.cif	/Users/mitchellparker/Desktop/rascore_build/sifts/7rse.xml.gz	/Users/mitchellparker/Desktop/rascore_build/pocket/7rseB_11_pocket.pdb
7rseB	7rse	0	B	Outlier	Outlier	Y32out	Y71in	None	7rseB12	12	GTPase KRas	RASK_HUMAN	P01116-2	G12D	G12	KRAS	3P	G12D	None	None	Nanodisc	None	SP12-Unbound	None	185	2-167:169-185	2021-08-11	Other	246.9597	0.0023	Unbound	Unbound	34,35,36,58,59,64,67	7Q9,7Q9,7Q9,7Q9,7Q9,17F,7Q9,7Q9,7Q9,7Q9,7Q9,17F,7Q9,7Q9,7Q9,GSP,MG,7Q9,7Q9,7Q9,7Q9,7Q9,17F,7Q9,7Q9,7Q9,7Q9,7Q9,17F,17F,7Q9,7Q9,7Q9,17F,7Q9,17F,7Q9,7Q9,7Q9,7Q9,7Q9,7Q9,7Q9,7Q9,17F,17F,7Q9,7Q9,7Q9,7Q9,17F,17F,7Q9,7Q9,7Q9,7Q9,7Q9,7Q9,7Q9,7Q9,7Q9,17F,17F,7Q9,7Q9,7Q9,7Q9,17F,17F,7Q9,7Q9,7Q9,7Q9,7Q9,7Q9,7Q9,7Q9,7Q9,7Q9,7Q9,17F,7Q9,7Q9,7Q9,17F,7Q9,7Q9,7Q9,17F,7Q9,17F,7Q9,17F,7Q9,17F,7Q9,7Q9,7Q9,7Q9,7Q9,17F,17F,17F,7Q9,7Q9,7Q9,7Q9,7Q9,7Q9,7Q9,7Q9,17F,7Q9,7Q9,7Q9,7Q9,7Q9,7Q9,7Q9,7Q9,7Q9,17F,7Q9,7Q9,17F,7Q9,7Q9,7Q9,7Q9,7Q9,7Q9,7Q9,7Q9,7Q9,7Q9,7Q9,7Q9,7Q9,17F,17F,7Q9,7Q9,7Q9,7Q9,7Q9,7Q9,7Q9,7Q9,7Q9,7Q9,7Q9,7Q9,7Q9,17F,7Q9,17F,7Q9,17F,7Q9,7Q9,7Q9,7Q9	Apolipoprotein A-I	None	None	APOA1_HUMAN	None	None	None	Nanodisc	None	D,E	GSP	MG	None	None	None	17F,7Q9	STP	NMR	None	None	STEYKLVVVGADGVGKSALTIQLIQNHFVDEYDPTIEDSYRKQVVIDGETCLLDILDTAGQEEYSAMRDQYMRTGEGFLCVFAINNTKSFEDIHHYREQIKRVKDSEDVPMVLVGNKCDLPSRTVDTKQAQDLARSYGIPFIETSAKTRQGVDDAFYTLVREIRKHKEKMSKDGKKKKKKSKTKC	True	999.0	999.0	999.0	999.0	999.0	999.0	/Users/mitchellparker/Desktop/rascore_build/core/7rseB_core.cif	/Users/mitchellparker/Desktop/rascore_build/rcsb/7rse.cif.gz	/Users/mitchellparker/Desktop/rascore_build/renum/7rse_renum.cif	/Users/mitchellparker/Desktop/rascore_build/rcsb_assembly/7rse-assembly-1.cif.gz	/Users/mitchellparker/Desktop/rascore_build/renum_assembly/7rse-assembly-1_renum.cif	/Users/mitchellparker/Desktop/rascore_build/sifts/7rse.xml.gz	/Users/mitchellparker/Desktop/rascore_build/pocket/7rseB_12_pocket.pdb
7rseB	7rse	0	B	Outlier	Outlier	Y32out	Y71in	None	7rseB5	5	GTPase KRas	RASK_HUMAN	P01116-2	G12D	G12	KRAS	3P	G12D	None	None	Nanodisc	None	SP12-Unbound	None	185	2-167:169-185	2021-08-11	Other	166.0387	0.0090	Unbound	Unbound	20,24,35,38,40,53,55,56,57	7Q9,7Q9,7Q9,7Q9,7Q9,17F,7Q9,7Q9,7Q9,7Q9,7Q9,17F,7Q9,7Q9,7Q9,GSP,MG,7Q9,7Q9,7Q9,7Q9,7Q9,17F,7Q9,7Q9,7Q9,7Q9,7Q9,17F,17F,7Q9,7Q9,7Q9,17F,7Q9,17F,7Q9,7Q9,7Q9,7Q9,7Q9,7Q9,7Q9,7Q9,17F,17F,7Q9,7Q9,7Q9,7Q9,17F,17F,7Q9,7Q9,7Q9,7Q9,7Q9,7Q9,7Q9,7Q9,7Q9,17F,17F,7Q9,7Q9,7Q9,7Q9,17F,17F,7Q9,7Q9,7Q9,7Q9,7Q9,7Q9,7Q9,7Q9,7Q9,7Q9,7Q9,17F,7Q9,7Q9,7Q9,17F,7Q9,7Q9,7Q9,17F,7Q9,17F,7Q9,17F,7Q9,17F,7Q9,7Q9,7Q9,7Q9,7Q9,17F,17F,17F,7Q9,7Q9,7Q9,7Q9,7Q9,7Q9,7Q9,7Q9,17F,7Q9,7Q9,7Q9,7Q9,7Q9,7Q9,7Q9,7Q9,7Q9,17F,7Q9,7Q9,17F,7Q9,7Q9,7Q9,7Q9,7Q9,7Q9,7Q9,7Q9,7Q9,7Q9,7Q9,7Q9,7Q9,17F,17F,7Q9,7Q9,7Q9,7Q9,7Q9,7Q9,7Q9,7Q9,7Q9,7Q9,7Q9,7Q9,7Q9,17F,7Q9,17F,7Q9,17F,7Q9,7Q9,7Q9,7Q9	Apolipoprotein A-I	None	None	APOA1_HUMAN	None	None	None	Nanodisc	None	D,E	GSP	MG	None	None	None	17F,7Q9	STP	NMR	None	None	STEYKLVVVGADGVGKSALTIQLIQNHFVDEYDPTIEDSYRKQVVIDGETCLLDILDTAGQEEYSAMRDQYMRTGEGFLCVFAINNTKSFEDIHHYREQIKRVKDSEDVPMVLVGNKCDLPSRTVDTKQAQDLARSYGIPFIETSAKTRQGVDDAFYTLVREIRKHKEKMSKDGKKKKKKSKTKC	True	999.0	999.0	999.0	999.0	999.0	999.0	/Users/mitchellparker/Desktop/rascore_build/core/7rseB_core.cif	/Users/mitchellparker/Desktop/rascore_build/rcsb/7rse.cif.gz	/Users/mitchellparker/Desktop/rascore_build/renum/7rse_renum.cif	/Users/mitchellparker/Desktop/rascore_build/rcsb_assembly/7rse-assembly-1.cif.gz	/Users/mitchellparker/Desktop/rascore_build/renum_assembly/7rse-assembly-1_renum.cif	/Users/mitchellparker/Desktop/rascore_build/sifts/7rse.xml.gz	/Users/mitchellparker/Desktop/rascore_build/pocket/7rseB_5_pocket.pdb
7rseB	7rse	0	B	Outlier	Outlier	Y32out	Y71in	None	7rseB6	6	GTPase KRas	RASK_HUMAN	P01116-2	G12D	G12	KRAS	3P	G12D	None	None	Nanodisc	None	SP12-Unbound	None	185	2-167:169-185	2021-08-11	Other	353.9603	0.0817	Unbound	Unbound	17,20,21,24,25,27,30,31,33,35,40,57	7Q9,7Q9,7Q9,7Q9,7Q9,17F,7Q9,7Q9,7Q9,7Q9,7Q9,17F,7Q9,7Q9,7Q9,GSP,MG,7Q9,7Q9,7Q9,7Q9,7Q9,17F,7Q9,7Q9,7Q9,7Q9,7Q9,17F,17F,7Q9,7Q9,7Q9,17F,7Q9,17F,7Q9,7Q9,7Q9,7Q9,7Q9,7Q9,7Q9,7Q9,17F,17F,7Q9,7Q9,7Q9,7Q9,17F,17F,7Q9,7Q9,7Q9,7Q9,7Q9,7Q9,7Q9,7Q9,7Q9,17F,17F,7Q9,7Q9,7Q9,7Q9,17F,17F,7Q9,7Q9,7Q9,7Q9,7Q9,7Q9,7Q9,7Q9,7Q9,7Q9,7Q9,17F,7Q9,7Q9,7Q9,17F,7Q9,7Q9,7Q9,17F,7Q9,17F,7Q9,17F,7Q9,17F,7Q9,7Q9,7Q9,7Q9,7Q9,17F,17F,17F,7Q9,7Q9,7Q9,7Q9,7Q9,7Q9,7Q9,7Q9,17F,7Q9,7Q9,7Q9,7Q9,7Q9,7Q9,7Q9,7Q9,7Q9,17F,7Q9,7Q9,17F,7Q9,7Q9,7Q9,7Q9,7Q9,7Q9,7Q9,7Q9,7Q9,7Q9,7Q9,7Q9,7Q9,17F,17F,7Q9,7Q9,7Q9,7Q9,7Q9,7Q9,7Q9,7Q9,7Q9,7Q9,7Q9,7Q9,7Q9,17F,7Q9,17F,7Q9,17F,7Q9,7Q9,7Q9,7Q9	Apolipoprotein A-I	None	None	APOA1_HUMAN	None	None	None	Nanodisc	None	D,E	GSP	MG	None	None	None	17F,7Q9	STP	NMR	None	None	STEYKLVVVGADGVGKSALTIQLIQNHFVDEYDPTIEDSYRKQVVIDGETCLLDILDTAGQEEYSAMRDQYMRTGEGFLCVFAINNTKSFEDIHHYREQIKRVKDSEDVPMVLVGNKCDLPSRTVDTKQAQDLARSYGIPFIETSAKTRQGVDDAFYTLVREIRKHKEKMSKDGKKKKKKSKTKC	True	999.0	999.0	999.0	999.0	999.0	999.0	/Users/mitchellparker/Desktop/rascore_build/core/7rseB_core.cif	/Users/mitchellparker/Desktop/rascore_build/rcsb/7rse.cif.gz	/Users/mitchellparker/Desktop/rascore_build/renum/7rse_renum.cif	/Users/mitchellparker/Desktop/rascore_build/rcsb_assembly/7rse-assembly-1.cif.gz	/Users/mitchellparker/Desktop/rascore_build/renum_assembly/7rse-assembly-1_renum.cif	/Users/mitchellparker/Desktop/rascore_build/sifts/7rse.xml.gz	/Users/mitchellparker/Desktop/rascore_build/pocket/7rseB_6_pocket.pdb
7rseB	7rse	0	B	Outlier	Outlier	Y32out	Y71in	None	7rseB7	7	GTPase KRas	RASK_HUMAN	P01116-2	G12D	G12	KRAS	3P	G12D	None	None	Nanodisc	None	SP12-Unbound	None	185	2-167:169-185	2021-08-11	Other	148.7032	0.1798	Unbound	Unbound	6,7,8,19,20,23,55,79,156,159	7Q9,7Q9,7Q9,7Q9,7Q9,17F,7Q9,7Q9,7Q9,7Q9,7Q9,17F,7Q9,7Q9,7Q9,GSP,MG,7Q9,7Q9,7Q9,7Q9,7Q9,17F,7Q9,7Q9,7Q9,7Q9,7Q9,17F,17F,7Q9,7Q9,7Q9,17F,7Q9,17F,7Q9,7Q9,7Q9,7Q9,7Q9,7Q9,7Q9,7Q9,17F,17F,7Q9,7Q9,7Q9,7Q9,17F,17F,7Q9,7Q9,7Q9,7Q9,7Q9,7Q9,7Q9,7Q9,7Q9,17F,17F,7Q9,7Q9,7Q9,7Q9,17F,17F,7Q9,7Q9,7Q9,7Q9,7Q9,7Q9,7Q9,7Q9,7Q9,7Q9,7Q9,17F,7Q9,7Q9,7Q9,17F,7Q9,7Q9,7Q9,17F,7Q9,17F,7Q9,17F,7Q9,17F,7Q9,7Q9,7Q9,7Q9,7Q9,17F,17F,17F,7Q9,7Q9,7Q9,7Q9,7Q9,7Q9,7Q9,7Q9,17F,7Q9,7Q9,7Q9,7Q9,7Q9,7Q9,7Q9,7Q9,7Q9,17F,7Q9,7Q9,17F,7Q9,7Q9,7Q9,7Q9,7Q9,7Q9,7Q9,7Q9,7Q9,7Q9,7Q9,7Q9,7Q9,17F,17F,7Q9,7Q9,7Q9,7Q9,7Q9,7Q9,7Q9,7Q9,7Q9,7Q9,7Q9,7Q9,7Q9,17F,7Q9,17F,7Q9,17F,7Q9,7Q9,7Q9,7Q9	Apolipoprotein A-I	None	None	APOA1_HUMAN	None	None	None	Nanodisc	None	D,E	GSP	MG	None	None	None	17F,7Q9	STP	NMR	None	None	STEYKLVVVGADGVGKSALTIQLIQNHFVDEYDPTIEDSYRKQVVIDGETCLLDILDTAGQEEYSAMRDQYMRTGEGFLCVFAINNTKSFEDIHHYREQIKRVKDSEDVPMVLVGNKCDLPSRTVDTKQAQDLARSYGIPFIETSAKTRQGVDDAFYTLVREIRKHKEKMSKDGKKKKKKSKTKC	True	999.0	999.0	999.0	999.0	999.0	999.0	/Users/mitchellparker/Desktop/rascore_build/core/7rseB_core.cif	/Users/mitchellparker/Desktop/rascore_build/rcsb/7rse.cif.gz	/Users/mitchellparker/Desktop/rascore_build/renum/7rse_renum.cif	/Users/mitchellparker/Desktop/rascore_build/rcsb_assembly/7rse-assembly-1.cif.gz	/Users/mitchellparker/Desktop/rascore_build/renum_assembly/7rse-assembly-1_renum.cif	/Users/mitchellparker/Desktop/rascore_build/sifts/7rse.xml.gz	/Users/mitchellparker/Desktop/rascore_build/pocket/7rseB_7_pocket.pdb
7rseB	7rse	0	B	Outlier	Outlier	Y32out	Y71in	None	7rseB8	8	GTPase KRas	RASK_HUMAN	P01116-2	G12D	G12	KRAS	3P	G12D	None	None	Nanodisc	None	SP12-Unbound	None	185	2-167:169-185	2021-08-11	Other	232.5930	0.0032	Unbound	Unbound	2,43,50,51,52	7Q9,7Q9,7Q9,7Q9,7Q9,17F,7Q9,7Q9,7Q9,7Q9,7Q9,17F,7Q9,7Q9,7Q9,GSP,MG,7Q9,7Q9,7Q9,7Q9,7Q9,17F,7Q9,7Q9,7Q9,7Q9,7Q9,17F,17F,7Q9,7Q9,7Q9,17F,7Q9,17F,7Q9,7Q9,7Q9,7Q9,7Q9,7Q9,7Q9,7Q9,17F,17F,7Q9,7Q9,7Q9,7Q9,17F,17F,7Q9,7Q9,7Q9,7Q9,7Q9,7Q9,7Q9,7Q9,7Q9,17F,17F,7Q9,7Q9,7Q9,7Q9,17F,17F,7Q9,7Q9,7Q9,7Q9,7Q9,7Q9,7Q9,7Q9,7Q9,7Q9,7Q9,17F,7Q9,7Q9,7Q9,17F,7Q9,7Q9,7Q9,17F,7Q9,17F,7Q9,17F,7Q9,17F,7Q9,7Q9,7Q9,7Q9,7Q9,17F,17F,17F,7Q9,7Q9,7Q9,7Q9,7Q9,7Q9,7Q9,7Q9,17F,7Q9,7Q9,7Q9,7Q9,7Q9,7Q9,7Q9,7Q9,7Q9,17F,7Q9,7Q9,17F,7Q9,7Q9,7Q9,7Q9,7Q9,7Q9,7Q9,7Q9,7Q9,7Q9,7Q9,7Q9,7Q9,17F,17F,7Q9,7Q9,7Q9,7Q9,7Q9,7Q9,7Q9,7Q9,7Q9,7Q9,7Q9,7Q9,7Q9,17F,7Q9,17F,7Q9,17F,7Q9,7Q9,7Q9,7Q9	Apolipoprotein A-I	None	None	APOA1_HUMAN	None	None	None	Nanodisc	None	D,E	GSP	MG	None	None	None	17F,7Q9	STP	NMR	None	None	STEYKLVVVGADGVGKSALTIQLIQNHFVDEYDPTIEDSYRKQVVIDGETCLLDILDTAGQEEYSAMRDQYMRTGEGFLCVFAINNTKSFEDIHHYREQIKRVKDSEDVPMVLVGNKCDLPSRTVDTKQAQDLARSYGIPFIETSAKTRQGVDDAFYTLVREIRKHKEKMSKDGKKKKKKSKTKC	True	999.0	999.0	999.0	999.0	999.0	999.0	/Users/mitchellparker/Desktop/rascore_build/core/7rseB_core.cif	/Users/mitchellparker/Desktop/rascore_build/rcsb/7rse.cif.gz	/Users/mitchellparker/Desktop/rascore_build/renum/7rse_renum.cif	/Users/mitchellparker/Desktop/rascore_build/rcsb_assembly/7rse-assembly-1.cif.gz	/Users/mitchellparker/Desktop/rascore_build/renum_assembly/7rse-assembly-1_renum.cif	/Users/mitchellparker/Desktop/rascore_build/sifts/7rse.xml.gz	/Users/mitchellparker/Desktop/rascore_build/pocket/7rseB_8_pocket.pdb
7rseB	7rse	0	B	Outlier	Outlier	Y32out	Y71in	None	7rseB9	9	GTPase KRas	RASK_HUMAN	P01116-2	G12D	G12	KRAS	3P	G12D	None	None	Nanodisc	None	SP12-Unbound	None	185	2-167:169-185	2021-08-11	Other	343.6767	0.0011	Unbound	Unbound	97,107,108,109,110,111,137,138,139,162,165,166,170	7Q9,7Q9,7Q9,7Q9,7Q9,17F,7Q9,7Q9,7Q9,7Q9,7Q9,17F,7Q9,7Q9,7Q9,GSP,MG,7Q9,7Q9,7Q9,7Q9,7Q9,17F,7Q9,7Q9,7Q9,7Q9,7Q9,17F,17F,7Q9,7Q9,7Q9,17F,7Q9,17F,7Q9,7Q9,7Q9,7Q9,7Q9,7Q9,7Q9,7Q9,17F,17F,7Q9,7Q9,7Q9,7Q9,17F,17F,7Q9,7Q9,7Q9,7Q9,7Q9,7Q9,7Q9,7Q9,7Q9,17F,17F,7Q9,7Q9,7Q9,7Q9,17F,17F,7Q9,7Q9,7Q9,7Q9,7Q9,7Q9,7Q9,7Q9,7Q9,7Q9,7Q9,17F,7Q9,7Q9,7Q9,17F,7Q9,7Q9,7Q9,17F,7Q9,17F,7Q9,17F,7Q9,17F,7Q9,7Q9,7Q9,7Q9,7Q9,17F,17F,17F,7Q9,7Q9,7Q9,7Q9,7Q9,7Q9,7Q9,7Q9,17F,7Q9,7Q9,7Q9,7Q9,7Q9,7Q9,7Q9,7Q9,7Q9,17F,7Q9,7Q9,17F,7Q9,7Q9,7Q9,7Q9,7Q9,7Q9,7Q9,7Q9,7Q9,7Q9,7Q9,7Q9,7Q9,17F,17F,7Q9,7Q9,7Q9,7Q9,7Q9,7Q9,7Q9,7Q9,7Q9,7Q9,7Q9,7Q9,7Q9,17F,7Q9,17F,7Q9,17F,7Q9,7Q9,7Q9,7Q9	Apolipoprotein A-I	None	None	APOA1_HUMAN	None	None	None	Nanodisc	None	D,E	GSP	MG	None	None	None	17F,7Q9	STP	NMR	None	None	STEYKLVVVGADGVGKSALTIQLIQNHFVDEYDPTIEDSYRKQVVIDGETCLLDILDTAGQEEYSAMRDQYMRTGEGFLCVFAINNTKSFEDIHHYREQIKRVKDSEDVPMVLVGNKCDLPSRTVDTKQAQDLARSYGIPFIETSAKTRQGVDDAFYTLVREIRKHKEKMSKDGKKKKKKSKTKC	True	999.0	999.0	999.0	999.0	999.0	999.0	/Users/mitchellparker/Desktop/rascore_build/core/7rseB_core.cif	/Users/mitchellparker/Desktop/rascore_build/rcsb/7rse.cif.gz	/Users/mitchellparker/Desktop/rascore_build/renum/7rse_renum.cif	/Users/mitchellparker/Desktop/rascore_build/rcsb_assembly/7rse-assembly-1.cif.gz	/Users/mitchellparker/Desktop/rascore_build/renum_assembly/7rse-assembly-1_renum.cif	/Users/mitchellparker/Desktop/rascore_build/sifts/7rse.xml.gz	/Users/mitchellparker/Desktop/rascore_build/pocket/7rseB_9_pocket.pdb
7rt2A	7rt2	0	A	Y32out.2P-OFF	Y71out.2P-SP2-A	Y32out	Y71out	P 21 21 21 (CF14)	7rt2A1	1	GTPase KRas	RASK_HUMAN	P01116-2	G12D,C51S,C80L,C118S	G12,C51,C80,C118	KRAS	2P	G12D	SP2	SP2.Unclassified	None	None	SP2-Bound	P 21 21 21	170	1-169	2021-08-12	SP2	819.3170	0.8967	Bound	SP2	9,10,11,12,16,37,58,59,60,61,62,63,64,68,69,71,72,92,95,96,99,100,102,103	GDP,MG,7NL,GOL,EDO	None	7NL:62,96,95,64,61,68,60,12,10,92,88,72,102,103,69,63,99,100,65	None	None	SP2	SP2.Unclassified	7NL:Oc1cc(-c2ncc3c(N4CC5CCC(C4)N5)nc(OCC45CCCN4CC(F)C5)nc3c2F)c2ccccc2c1	None	None	None	GDP	MG	7NL	EDO,GOL	None	None	7NL	XRAY	1.590	0.158	GMTEYKLVVVGADGVGKSALTIQLIQNHFVDEYDPTIEDSYRKQVVIDGETSLLDILDTAGQEEYSAMRDQYMRTGEGFLLVFAINNTKSFEDIHHYREQIKRVKDSEDVPMVLVGNKSDLPSRTVDTKQAQDLARSYGIPFIETSAKTRQGVDDAFYTLVREIRKHKEK	True	40.960	52.972	90.708	90.000	90.000	90.000	/Users/mitchellparker/Desktop/rascore_build/core/7rt2A_core.cif	/Users/mitchellparker/Desktop/rascore_build/rcsb/7rt2.cif.gz	/Users/mitchellparker/Desktop/rascore_build/renum/7rt2_renum.cif	/Users/mitchellparker/Desktop/rascore_build/rcsb_assembly/7rt2-assembly-1.cif.gz	/Users/mitchellparker/Desktop/rascore_build/renum_assembly/7rt2-assembly-1_renum.cif	/Users/mitchellparker/Desktop/rascore_build/sifts/7rt2.xml.gz	/Users/mitchellparker/Desktop/rascore_build/pocket/7rt2A_1_pocket.pdb
7rt3A	7rt3	0	A	Y32out.2P-OFF	Y71out.2P-SP2-A	Y32out	Y71out	P 21 21 21 (CF14)	7rt3A1	1	GTPase KRas	RASK_HUMAN	P01116-2	G12D,C51S,C80L,C118S	G12,C51,C80,C118	KRAS	2P	G12D	SP2	SP2.Unclassified	None	None	SP2-Bound	P 21 21 21	170	2-169	2021-08-12	SP2	973.8162	0.9226	Bound	SP2	9,10,11,12,16,58,59,60,61,62,63,64,68,69,72,78,88,92,95,96,99,100,102,103	GDP,7NZ,MG	None	7NZ:60,61,62,64,69,102,103,68,63,100,72,99,88,92,96,95,12,10,65	None	None	SP2	SP2.Unclassified	7NZ:Oc1cc(-c2ncc3c(N4CC5CCC(C4)N5)nc(OCC45CCCN4CC(F)C5)nc3c2F)c2ccccc2c1	None	None	None	GDP	MG	7NZ	None	None	None	7NZ	XRAY	1.560	0.166	GMTEYKLVVVGADGVGKSALTIQLIQNHFVDEYDPTIEDSYRKQVVIDGETSLLDILDTAGQEEYSAMRDQYMRTGEGFLLVFAINNTKSFEDIHHYREQIKRVKDSEDVPMVLVGNKSDLPSRTVDTKQAQDLARSYGIPFIETSAKTRQGVDDAFYTLVREIRKHKEK	True	40.290	53.257	88.889	90.000	90.000	90.000	/Users/mitchellparker/Desktop/rascore_build/core/7rt3A_core.cif	/Users/mitchellparker/Desktop/rascore_build/rcsb/7rt3.cif.gz	/Users/mitchellparker/Desktop/rascore_build/renum/7rt3_renum.cif	/Users/mitchellparker/Desktop/rascore_build/rcsb_assembly/7rt3-assembly-1.cif.gz	/Users/mitchellparker/Desktop/rascore_build/renum_assembly/7rt3-assembly-1_renum.cif	/Users/mitchellparker/Desktop/rascore_build/sifts/7rt3.xml.gz	/Users/mitchellparker/Desktop/rascore_build/pocket/7rt3A_1_pocket.pdb
7rt4A	7rt4	0	A	Y32out.2P-OFF	Y71out.2P-SP2-A	Y32out	Y71out	P 21 21 21 (CF14)	7rt4A1	1	GTPase KRas	RASK_HUMAN	P01116-2	G12D,C51S,C80L,C118S	G12,C51,C80,C118	KRAS	2P	G12D	SP2	SP2.Unclassified	None	None	SP2-Bound	P 21 21 21	170	1-169	2021-08-12	SP2	939.5363	0.9541	Bound	SP2	9,10,11,12,16,58,59,60,61,62,63,64,68,69,72,78,86,88,89,92,95,96,99,100,102,103	GDP,MG,7IZ,GOL	None	7IZ:69,64,102,103,72,63,62,95,96,68,12,60,59,99,100	None	None	SP2	SP2.Unclassified	7IZ:CN1CCCC1COc1nc(N2CCNCC2)c2cnc(-c3cccc4cccc(Cl)c34)c(F)c2n1	None	None	None	GDP	MG	7IZ	GOL	None	None	7IZ	XRAY	2.100	0.179	GMTEYKLVVVGADGVGKSALTIQLIQNHFVDEYDPTIEDSYRKQVVIDGETSLLDILDTAGQEEYSAMRDQYMRTGEGFLLVFAINNTKSFEDIHHYREQIKRVKDSEDVPMVLVGNKSDLPSRTVDTKQAQDLARSYGIPFIETSAKTRQGVDDAFYTLVREIRKHKEK	True	39.842	51.693	88.946	90.000	90.000	90.000	/Users/mitchellparker/Desktop/rascore_build/core/7rt4A_core.cif	/Users/mitchellparker/Desktop/rascore_build/rcsb/7rt4.cif.gz	/Users/mitchellparker/Desktop/rascore_build/renum/7rt4_renum.cif	/Users/mitchellparker/Desktop/rascore_build/rcsb_assembly/7rt4-assembly-1.cif.gz	/Users/mitchellparker/Desktop/rascore_build/renum_assembly/7rt4-assembly-1_renum.cif	/Users/mitchellparker/Desktop/rascore_build/sifts/7rt4.xml.gz	/Users/mitchellparker/Desktop/rascore_build/pocket/7rt4A_1_pocket.pdb
7rt5A	7rt5	0	A	Y32out.2P-OFF	Y71out.2P-SP2-A	Y32out	Y71out	P 21 21 21 (CF14)	7rt5A1	1	GTPase KRas	RASK_HUMAN	P01116-2	G12D,C51S,C80L,C118S	G12,C51,C80,C118	KRAS	2P	G12D	SP2	SP2.Unclassified	None	None	SP2-Bound	P 21 21 21	170	1-169	2021-08-12	SP2	555.2180	0.9123	Bound	SP2	9,10,12,16,58,59,60,61,62,63,64,68,69,72,78,95,96,99,100,102,103	GDP,7OE,MG	None	7OE:12,96,10,63,64,68,102,69,62,60,59,95,103,72,99,100,9	None	None	SP2	SP2.Unclassified	7OE:C#Cc1c(F)ccc2cccc(-c3ncc4c(N5CC6CCC(C5)N6)nc(OCC56CCCN5CCC6)nc4c3F)c12	None	None	None	GDP	MG	7OE	None	None	None	7OE	XRAY	1.290	0.164	GMTEYKLVVVGADGVGKSALTIQLIQNHFVDEYDPTIEDSYRKQVVIDGETSLLDILDTAGQEEYSAMRDQYMRTGEGFLLVFAINNTKSFEDIHHYREQIKRVKDSEDVPMVLVGNKSDLPSRTVDTKQAQDLARSYGIPFIETSAKTRQGVDDAFYTLVREIRKHKEK	True	39.865	51.935	88.658	90.000	90.000	90.000	/Users/mitchellparker/Desktop/rascore_build/core/7rt5A_core.cif	/Users/mitchellparker/Desktop/rascore_build/rcsb/7rt5.cif.gz	/Users/mitchellparker/Desktop/rascore_build/renum/7rt5_renum.cif	/Users/mitchellparker/Desktop/rascore_build/rcsb_assembly/7rt5-assembly-1.cif.gz	/Users/mitchellparker/Desktop/rascore_build/renum_assembly/7rt5-assembly-1_renum.cif	/Users/mitchellparker/Desktop/rascore_build/sifts/7rt5.xml.gz	/Users/mitchellparker/Desktop/rascore_build/pocket/7rt5A_1_pocket.pdb
7rt5A	7rt5	0	A	Y32out.2P-OFF	Y71out.2P-SP2-A	Y32out	Y71out	P 21 21 21 (CF14)	7rt5A2	2	GTPase KRas	RASK_HUMAN	P01116-2	G12D,C51S,C80L,C118S	G12,C51,C80,C118	KRAS	2P	G12D	SP2	SP2.Unclassified	None	None	SP2-Bound	P 21 21 21	170	1-169	2021-08-12	SP2	175.6740	0.0003	Bound	SP2	62,88,92,95,96	GDP,7OE,MG	None	7OE:12,96,10,63,64,68,102,69,62,60,59,95,103,72,99,100,9	None	None	SP2	SP2.Unclassified	7OE:C#Cc1c(F)ccc2cccc(-c3ncc4c(N5CC6CCC(C5)N6)nc(OCC56CCCN5CCC6)nc4c3F)c12	None	None	None	GDP	MG	7OE	None	None	None	7OE	XRAY	1.290	0.164	GMTEYKLVVVGADGVGKSALTIQLIQNHFVDEYDPTIEDSYRKQVVIDGETSLLDILDTAGQEEYSAMRDQYMRTGEGFLLVFAINNTKSFEDIHHYREQIKRVKDSEDVPMVLVGNKSDLPSRTVDTKQAQDLARSYGIPFIETSAKTRQGVDDAFYTLVREIRKHKEK	True	39.865	51.935	88.658	90.000	90.000	90.000	/Users/mitchellparker/Desktop/rascore_build/core/7rt5A_core.cif	/Users/mitchellparker/Desktop/rascore_build/rcsb/7rt5.cif.gz	/Users/mitchellparker/Desktop/rascore_build/renum/7rt5_renum.cif	/Users/mitchellparker/Desktop/rascore_build/rcsb_assembly/7rt5-assembly-1.cif.gz	/Users/mitchellparker/Desktop/rascore_build/renum_assembly/7rt5-assembly-1_renum.cif	/Users/mitchellparker/Desktop/rascore_build/sifts/7rt5.xml.gz	/Users/mitchellparker/Desktop/rascore_build/pocket/7rt5A_2_pocket.pdb
7scwA	7scw	0	A	Y32in.3P-ON	Y71in.3P-R	Y32in	Y71in	P 63 2 2 (CF2)	7scwA2	2	GTPase KRas	RASK_HUMAN	P01116-2	C118S	C118	KRAS	3P	Other	None	None	Effector	None	Other-Unbound	P 63 2 2	190	1-167:169-170	2021-09-29	Other	464.8981	0.0020	Unbound	Unbound	90,91,94,95,129,132,133,136,137	MG,GSP	Ral guanine nucleotide dissociation stimulator-like 1	None	B:36,25,24,41,40,39,38,37,56,33,64,34,31,67,27	RGL1_HUMAN	None	None	None	RA-RasGEF	None	B	GSP	MG	None	None	None	None	STP	XRAY	1.980	0.158	GSMTEYKLVVVGAGGVGKSALTIQLIQNHFVDEYDPTIEDSYRKQVVIDGETCLLDILDTAGQEEYSAMRDQYMRTGEGFLCVFAINNTKSFEDIHHYREQIKRVKDSEDVPMVLVGNKSDLPSRTVDTKQAQDLARSYGIPFIETSAKTRQGVDDAFYTLVREIRKHKEKMSKDGKKKKKKSKTKCVIM	True	91.064	91.064	132.896	90.000	90.000	120.000	/Users/mitchellparker/Desktop/rascore_build/core/7scwA_core.cif	/Users/mitchellparker/Desktop/rascore_build/rcsb/7scw.cif.gz	/Users/mitchellparker/Desktop/rascore_build/renum/7scw_renum.cif	/Users/mitchellparker/Desktop/rascore_build/rcsb_assembly/7scw-assembly-1.cif.gz	/Users/mitchellparker/Desktop/rascore_build/renum_assembly/7scw-assembly-1_renum.cif	/Users/mitchellparker/Desktop/rascore_build/sifts/7scw.xml.gz	/Users/mitchellparker/Desktop/rascore_build/pocket/7scwA_2_pocket.pdb
7scwA	7scw	0	A	Y32in.3P-ON	Y71in.3P-R	Y32in	Y71in	P 63 2 2 (CF2)	7scwA3	3	GTPase KRas	RASK_HUMAN	P01116-2	C118S	C118	KRAS	3P	Other	None	None	Effector	None	Other-Unbound	P 63 2 2	190	1-167:169-170	2021-09-29	Other	301.9425	0.0279	Unbound	Unbound	73,74,75,76,104,106,108,109,110,163,166,167	MG,GSP	Ral guanine nucleotide dissociation stimulator-like 1	None	B:36,25,24,41,40,39,38,37,56,33,64,34,31,67,27	RGL1_HUMAN	None	None	None	RA-RasGEF	None	B	GSP	MG	None	None	None	None	STP	XRAY	1.980	0.158	GSMTEYKLVVVGAGGVGKSALTIQLIQNHFVDEYDPTIEDSYRKQVVIDGETCLLDILDTAGQEEYSAMRDQYMRTGEGFLCVFAINNTKSFEDIHHYREQIKRVKDSEDVPMVLVGNKSDLPSRTVDTKQAQDLARSYGIPFIETSAKTRQGVDDAFYTLVREIRKHKEKMSKDGKKKKKKSKTKCVIM	True	91.064	91.064	132.896	90.000	90.000	120.000	/Users/mitchellparker/Desktop/rascore_build/core/7scwA_core.cif	/Users/mitchellparker/Desktop/rascore_build/rcsb/7scw.cif.gz	/Users/mitchellparker/Desktop/rascore_build/renum/7scw_renum.cif	/Users/mitchellparker/Desktop/rascore_build/rcsb_assembly/7scw-assembly-1.cif.gz	/Users/mitchellparker/Desktop/rascore_build/renum_assembly/7scw-assembly-1_renum.cif	/Users/mitchellparker/Desktop/rascore_build/sifts/7scw.xml.gz	/Users/mitchellparker/Desktop/rascore_build/pocket/7scwA_3_pocket.pdb
7scwA	7scw	0	A	Y32in.3P-ON	Y71in.3P-R	Y32in	Y71in	P 63 2 2 (CF2)	7scwA4	4	GTPase KRas	RASK_HUMAN	P01116-2	C118S	C118	KRAS	3P	Other	None	None	Effector	None	Other-Unbound	P 63 2 2	190	1-167:169-170	2021-09-29	Other	329.4250	0.0018	Unbound	Unbound	97,101,107,108,109,110,111,137,138,139,162,165,166,170	MG,GSP	Ral guanine nucleotide dissociation stimulator-like 1	None	B:36,25,24,41,40,39,38,37,56,33,64,34,31,67,27	RGL1_HUMAN	None	None	None	RA-RasGEF	None	B	GSP	MG	None	None	None	None	STP	XRAY	1.980	0.158	GSMTEYKLVVVGAGGVGKSALTIQLIQNHFVDEYDPTIEDSYRKQVVIDGETCLLDILDTAGQEEYSAMRDQYMRTGEGFLCVFAINNTKSFEDIHHYREQIKRVKDSEDVPMVLVGNKSDLPSRTVDTKQAQDLARSYGIPFIETSAKTRQGVDDAFYTLVREIRKHKEKMSKDGKKKKKKSKTKCVIM	True	91.064	91.064	132.896	90.000	90.000	120.000	/Users/mitchellparker/Desktop/rascore_build/core/7scwA_core.cif	/Users/mitchellparker/Desktop/rascore_build/rcsb/7scw.cif.gz	/Users/mitchellparker/Desktop/rascore_build/renum/7scw_renum.cif	/Users/mitchellparker/Desktop/rascore_build/rcsb_assembly/7scw-assembly-1.cif.gz	/Users/mitchellparker/Desktop/rascore_build/renum_assembly/7scw-assembly-1_renum.cif	/Users/mitchellparker/Desktop/rascore_build/sifts/7scw.xml.gz	/Users/mitchellparker/Desktop/rascore_build/pocket/7scwA_4_pocket.pdb
7scxA	7scx	0	A	Y32in.3P-ON	Y71in.3P-R	Y32in	Y71in	C 1 2 1 (CF16)	7scxA3	3	GTPase KRas	RASK_HUMAN	P01116-2	G12V,C118S	G12,C118	KRAS	3P	G12V	None	None	Effector	None	Multiple-Unbound	C 1 2 1	188	1-167:169-170	2021-09-29	SP2	452.1093	0.0017	Unbound	Unbound	11,12,60,62,68,86,88,89,92,95,96,99	MG,GSP,PO4	Ral guanine nucleotide dissociation stimulator-like 1	None	B:36,67,37,25,24,41,40,39,38,56,64,33,34,31	RGL1_HUMAN	None	None	None	RA-RasGEF	None	B	GSP	MG	None	PO4	None	None	STP	XRAY	1.960	0.175	MTEYKLVVVGAVGVGKSALTIQLIQNHFVDEYDPTIEDSYRKQVVIDGETCLLDILDTAGQEEYSAMRDQYMRTGEGFLCVFAINNTKSFEDIHHYREQIKRVKDSEDVPMVLVGNKSDLPSRTVDTKQAQDLARSYGIPFIETSAKTRQGVDDAFYTLVREIRKHKEKMSKDGKKKKKKSKTKCVIM	True	121.950	38.770	68.240	90.000	116.715	90.000	/Users/mitchellparker/Desktop/rascore_build/core/7scxA_core.cif	/Users/mitchellparker/Desktop/rascore_build/rcsb/7scx.cif.gz	/Users/mitchellparker/Desktop/rascore_build/renum/7scx_renum.cif	/Users/mitchellparker/Desktop/rascore_build/rcsb_assembly/7scx-assembly-1.cif.gz	/Users/mitchellparker/Desktop/rascore_build/renum_assembly/7scx-assembly-1_renum.cif	/Users/mitchellparker/Desktop/rascore_build/sifts/7scx.xml.gz	/Users/mitchellparker/Desktop/rascore_build/pocket/7scxA_3_pocket.pdb
7scxA	7scx	0	A	Y32in.3P-ON	Y71in.3P-R	Y32in	Y71in	C 1 2 1 (CF16)	7scxA4	4	GTPase KRas	RASK_HUMAN	P01116-2	G12V,C118S	G12,C118	KRAS	3P	G12V	None	None	Effector	None	Multiple-Unbound	C 1 2 1	188	1-167:169-170	2021-09-29	Other	312.0630	0.0001	Unbound	Unbound	97,107,108,109,110,111,137,138,139,162,165,166,170	MG,GSP,PO4	Ral guanine nucleotide dissociation stimulator-like 1	None	B:36,67,37,25,24,41,40,39,38,56,64,33,34,31	RGL1_HUMAN	None	None	None	RA-RasGEF	None	B	GSP	MG	None	PO4	None	None	STP	XRAY	1.960	0.175	MTEYKLVVVGAVGVGKSALTIQLIQNHFVDEYDPTIEDSYRKQVVIDGETCLLDILDTAGQEEYSAMRDQYMRTGEGFLCVFAINNTKSFEDIHHYREQIKRVKDSEDVPMVLVGNKSDLPSRTVDTKQAQDLARSYGIPFIETSAKTRQGVDDAFYTLVREIRKHKEKMSKDGKKKKKKSKTKCVIM	True	121.950	38.770	68.240	90.000	116.715	90.000	/Users/mitchellparker/Desktop/rascore_build/core/7scxA_core.cif	/Users/mitchellparker/Desktop/rascore_build/rcsb/7scx.cif.gz	/Users/mitchellparker/Desktop/rascore_build/renum/7scx_renum.cif	/Users/mitchellparker/Desktop/rascore_build/rcsb_assembly/7scx-assembly-1.cif.gz	/Users/mitchellparker/Desktop/rascore_build/renum_assembly/7scx-assembly-1_renum.cif	/Users/mitchellparker/Desktop/rascore_build/sifts/7scx.xml.gz	/Users/mitchellparker/Desktop/rascore_build/pocket/7scxA_4_pocket.pdb
7scxA	7scx	0	A	Y32in.3P-ON	Y71in.3P-R	Y32in	Y71in	C 1 2 1 (CF16)	7scxA5	5	GTPase KRas	RASK_HUMAN	P01116-2	G12V,C118S	G12,C118	KRAS	3P	G12V	None	None	Effector	None	Multiple-Unbound	C 1 2 1	188	1-167:169-170	2021-09-29	Other	309.9080	0.0035	Unbound	Unbound	5,73,74,75,76,104,106,108,109,110,163,166,167	MG,GSP,PO4	Ral guanine nucleotide dissociation stimulator-like 1	None	B:36,67,37,25,24,41,40,39,38,56,64,33,34,31	RGL1_HUMAN	None	None	None	RA-RasGEF	None	B	GSP	MG	None	PO4	None	None	STP	XRAY	1.960	0.175	MTEYKLVVVGAVGVGKSALTIQLIQNHFVDEYDPTIEDSYRKQVVIDGETCLLDILDTAGQEEYSAMRDQYMRTGEGFLCVFAINNTKSFEDIHHYREQIKRVKDSEDVPMVLVGNKSDLPSRTVDTKQAQDLARSYGIPFIETSAKTRQGVDDAFYTLVREIRKHKEKMSKDGKKKKKKSKTKCVIM	True	121.950	38.770	68.240	90.000	116.715	90.000	/Users/mitchellparker/Desktop/rascore_build/core/7scxA_core.cif	/Users/mitchellparker/Desktop/rascore_build/rcsb/7scx.cif.gz	/Users/mitchellparker/Desktop/rascore_build/renum/7scx_renum.cif	/Users/mitchellparker/Desktop/rascore_build/rcsb_assembly/7scx-assembly-1.cif.gz	/Users/mitchellparker/Desktop/rascore_build/renum_assembly/7scx-assembly-1_renum.cif	/Users/mitchellparker/Desktop/rascore_build/sifts/7scx.xml.gz	/Users/mitchellparker/Desktop/rascore_build/pocket/7scxA_5_pocket.pdb
7scxA	7scx	0	A	Y32in.3P-ON	Y71in.3P-R	Y32in	Y71in	C 1 2 1 (CF16)	7scxA6	6	GTPase KRas	RASK_HUMAN	P01116-2	G12V,C118S	G12,C118	KRAS	3P	G12V	None	None	Effector	None	Multiple-Unbound	C 1 2 1	188	1-167:169-170	2021-09-29	SP12	321.4406	0.0003	Unbound	Unbound	5,6,7,54,56,71,74,75	MG,GSP,PO4	Ral guanine nucleotide dissociation stimulator-like 1	None	B:36,67,37,25,24,41,40,39,38,56,64,33,34,31	RGL1_HUMAN	None	None	None	RA-RasGEF	None	B	GSP	MG	None	PO4	None	None	STP	XRAY	1.960	0.175	MTEYKLVVVGAVGVGKSALTIQLIQNHFVDEYDPTIEDSYRKQVVIDGETCLLDILDTAGQEEYSAMRDQYMRTGEGFLCVFAINNTKSFEDIHHYREQIKRVKDSEDVPMVLVGNKSDLPSRTVDTKQAQDLARSYGIPFIETSAKTRQGVDDAFYTLVREIRKHKEKMSKDGKKKKKKSKTKCVIM	True	121.950	38.770	68.240	90.000	116.715	90.000	/Users/mitchellparker/Desktop/rascore_build/core/7scxA_core.cif	/Users/mitchellparker/Desktop/rascore_build/rcsb/7scx.cif.gz	/Users/mitchellparker/Desktop/rascore_build/renum/7scx_renum.cif	/Users/mitchellparker/Desktop/rascore_build/rcsb_assembly/7scx-assembly-1.cif.gz	/Users/mitchellparker/Desktop/rascore_build/renum_assembly/7scx-assembly-1_renum.cif	/Users/mitchellparker/Desktop/rascore_build/sifts/7scx.xml.gz	/Users/mitchellparker/Desktop/rascore_build/pocket/7scxA_6_pocket.pdb
7t47A	7t47	0	A	Outlier	Outlier	Y32out	Y71out	P 21 21 21 (CF14)	7t47A1	1	GTPase KRas	RASK_HUMAN	P01116-2	G12D,C51S,C80L,C118S	G12,C51,C80,C118	KRAS	3P	G12D	SP2	SP2.Unclassified	None	None	SP2-Bound	P 21 21 21	188	1-169	2021-12-09	SP2	811.9684	0.9324	Bound	SP2	9,10,12,16,58,59,60,61,62,63,64,68,69,72,78,88,92,95,96,99,100,102,103	6IC,GCP,GDP,GOL,ACT,MG	None	6IC:100,72,99,103,68,64,69,12,96,60,62,102,95,61,59,10,63,92,9,65	None	None	SP2	SP2.Unclassified	6IC:C#Cc1c(F)ccc2cc(O)cc(-c3ncc4c(N5CC6CCC(C5)N6)nc(OCC56CCCN5CC(F)C6)nc4c3F)c12	None	None	None	GCP,GDP	MG	6IC	ACT,GOL	None	None	6IC	XRAY	1.270	0.153	MGHHHHHHSSGRENLYFQGMTEYKLVVVGADGVGKSALTIQLIQNHFVDEYDPTIEDSYRKQVVIDGETSLLDILDTAGQEEYSAMRDQYMRTGEGFLLVFAINNTKSFEDIHHYREQIKRVKDSEDVPMVLVGNKSDLPSRTVDTKQAQDLARSYGIPFIETSAKTRQGVDDAFYTLVREIRKHKEK	True	40.311	50.579	92.903	90.000	90.000	90.000	/Users/mitchellparker/Desktop/rascore_build/core/7t47A_core.cif	/Users/mitchellparker/Desktop/rascore_build/rcsb/7t47.cif.gz	/Users/mitchellparker/Desktop/rascore_build/renum/7t47_renum.cif	/Users/mitchellparker/Desktop/rascore_build/rcsb_assembly/7t47-assembly-1.cif.gz	/Users/mitchellparker/Desktop/rascore_build/renum_assembly/7t47-assembly-1_renum.cif	/Users/mitchellparker/Desktop/rascore_build/sifts/7t47.xml.gz	/Users/mitchellparker/Desktop/rascore_build/pocket/7t47A_1_pocket.pdb
7tleA	7tle	0	A	Y32out.2P-OFF	Y71out.2P-SP2-A	Y32out	Y71out	P 21 21 21 (CF14)	7tleA1	1	GTPase KRas	RASK_HUMAN	P01116-2	G12S,C51S,C80L,C118S	G12,C51,C80,C118	KRAS	2P	Other	SP2	SP2.Unclassified	None	None	SP2-Bound	P 21 21 21	169	1-164	2022-01-18	SP2	623.4498	0.9385	Bound	SP2	9,10,12,16,58,59,60,61,62,63,64,68,69,72,78,95,96,99,100,102,103	MG,I6T,GDP,SO4	None	I6T:62,96,95,64,68,63,12,16,11,60,59,92,102,69,103,72,99,100,10,9	None	None	SP2	SP2.Unclassified	I6T:CN1CCCC1COc1nc2c(c(N3CCC(C=O)C(O)C3)n1)CCN(c1cccc3cccc(Cl)c13)C2	None	None	None	GDP	MG	I6T	SO4	None	None	I6T	XRAY	1.987	0.191	MTEYKLVVVGASGVGKSALTIQLIQNHFVDEYDPTIEDSYRKQVVIDGETSLLDILDTAGQEEYSAMRDQYMRTGEGFLLVFAINNTKSFEDIHHYREQIKRVKDSEDVPMVLVGNKSDLPSRTVDTKQAQDLARSYGIPFIETSAKTRQGVDDAFYTLVREIRKHKEK	True	39.780	50.660	89.310	90.000	90.000	90.000	/Users/mitchellparker/Desktop/rascore_build/core/7tleA_core.cif	/Users/mitchellparker/Desktop/rascore_build/rcsb/7tle.cif.gz	/Users/mitchellparker/Desktop/rascore_build/renum/7tle_renum.cif	/Users/mitchellparker/Desktop/rascore_build/rcsb_assembly/7tle-assembly-1.cif.gz	/Users/mitchellparker/Desktop/rascore_build/renum_assembly/7tle-assembly-1_renum.cif	/Users/mitchellparker/Desktop/rascore_build/sifts/7tle.xml.gz	/Users/mitchellparker/Desktop/rascore_build/pocket/7tleA_1_pocket.pdb
7tleA	7tle	0	A	Y32out.2P-OFF	Y71out.2P-SP2-A	Y32out	Y71out	P 21 21 21 (CF14)	7tleA2	2	GTPase KRas	RASK_HUMAN	P01116-2	G12S,C51S,C80L,C118S	G12,C51,C80,C118	KRAS	2P	Other	SP2	SP2.Unclassified	None	None	SP2-Bound	P 21 21 21	169	1-164	2022-01-18	SP2	235.4458	0.0002	Bound	SP2	62,88,92,95,96	MG,I6T,GDP,SO4	None	I6T:62,96,95,64,68,63,12,16,11,60,59,92,102,69,103,72,99,100,10,9	None	None	SP2	SP2.Unclassified	I6T:CN1CCCC1COc1nc2c(c(N3CCC(C=O)C(O)C3)n1)CCN(c1cccc3cccc(Cl)c13)C2	None	None	None	GDP	MG	I6T	SO4	None	None	I6T	XRAY	1.987	0.191	MTEYKLVVVGASGVGKSALTIQLIQNHFVDEYDPTIEDSYRKQVVIDGETSLLDILDTAGQEEYSAMRDQYMRTGEGFLLVFAINNTKSFEDIHHYREQIKRVKDSEDVPMVLVGNKSDLPSRTVDTKQAQDLARSYGIPFIETSAKTRQGVDDAFYTLVREIRKHKEK	True	39.780	50.660	89.310	90.000	90.000	90.000	/Users/mitchellparker/Desktop/rascore_build/core/7tleA_core.cif	/Users/mitchellparker/Desktop/rascore_build/rcsb/7tle.cif.gz	/Users/mitchellparker/Desktop/rascore_build/renum/7tle_renum.cif	/Users/mitchellparker/Desktop/rascore_build/rcsb_assembly/7tle-assembly-1.cif.gz	/Users/mitchellparker/Desktop/rascore_build/renum_assembly/7tle-assembly-1_renum.cif	/Users/mitchellparker/Desktop/rascore_build/sifts/7tle.xml.gz	/Users/mitchellparker/Desktop/rascore_build/pocket/7tleA_2_pocket.pdb
7tlgA	7tlg	0	A	Y32out.2P-OFF	Y71out.2P-SP2-A	Y32out	Y71out	P 1 21 1 (CF12)	7tlgA1	1	GTPase KRas	RASK_HUMAN	P01116-2	G12S,C51S,C80L,C118S	G12,C51,C80,C118	KRAS	2P	Other	SP2	SP2.Unclassified	None	None	SP2-Bound	P 1 21 1	170	1-164	2022-01-18	SP2	834.1581	0.9529	Bound	SP2	9,11,12,16,58,59,60,61,62,63,64,68,69,72,78,88,92,95,96,99,100,102,103	GDP,I7H,MG	None	I7H:72,68,62,61,60,59,16,12,11,100,99,103,102,69,63,64,96,95,92,10,9	None	None	SP2	SP2.Unclassified	I7H:O=CC1CCN(c2nc(OCC34CCCN3CCC4)nc3c(F)c(-c4cccc5cccc(Cl)c45)ncc23)CC1O	None	None	None	GDP	MG	I7H	None	None	None	I7H	XRAY	1.800	0.182	GMTEYKLVVVGASGVGKSALTIQLIQNHFVDEYDPTIEDSYRKQVVIDGETSLLDILDTAGQEEYSAMRDQYMRTGEGFLLVFAINNTKSFEDIHHYREQIKRVKDSEDVPMVLVGNKSDLPSRTVDTKQAQDLARSYGIPFIETSAKTRQGVDDAFYTLVREIRKHKEK	True	41.550	66.530	60.800	90.000	101.890	90.000	/Users/mitchellparker/Desktop/rascore_build/core/7tlgA_core.cif	/Users/mitchellparker/Desktop/rascore_build/rcsb/7tlg.cif.gz	/Users/mitchellparker/Desktop/rascore_build/renum/7tlg_renum.cif	/Users/mitchellparker/Desktop/rascore_build/rcsb_assembly/7tlg-assembly-1.cif.gz	/Users/mitchellparker/Desktop/rascore_build/renum_assembly/7tlg-assembly-1_renum.cif	/Users/mitchellparker/Desktop/rascore_build/sifts/7tlg.xml.gz	/Users/mitchellparker/Desktop/rascore_build/pocket/7tlgA_1_pocket.pdb
7tlgB	7tlg	0	B	Y32out.2P-OFF	Y71out.2P-SP2-A	Y32out	Y71out	P 1 21 1 (CF12)	7tlgB1	1	GTPase KRas	RASK_HUMAN	P01116-2	G12S,C51S,C80L,C118S	G12,C51,C80,C118	KRAS	2P	Other	SP2	SP2.Unclassified	None	None	SP2-Bound	P 1 21 1	170	1-164	2022-01-18	SP2	733.5563	0.9374	Bound	SP2	9,10,12,16,58,59,60,61,62,63,64,68,69,72,78,92,95,96,99,100,102,103	GDP,MG,I7H	None	I7H:62,60,12,72,100,99,103,69,102,64,63,95,96,92,68,10,16,9	None	None	SP2	SP2.Unclassified	I7H:O=CC1CCN(c2nc(OCC34CCCN3CCC4)nc3c(F)c(-c4cccc5cccc(Cl)c45)ncc23)CC1O	None	None	None	GDP	MG	I7H	None	None	None	I7H	XRAY	1.800	0.182	GMTEYKLVVVGASGVGKSALTIQLIQNHFVDEYDPTIEDSYRKQVVIDGETSLLDILDTAGQEEYSAMRDQYMRTGEGFLLVFAINNTKSFEDIHHYREQIKRVKDSEDVPMVLVGNKSDLPSRTVDTKQAQDLARSYGIPFIETSAKTRQGVDDAFYTLVREIRKHKEK	True	41.550	66.530	60.800	90.000	101.890	90.000	/Users/mitchellparker/Desktop/rascore_build/core/7tlgB_core.cif	/Users/mitchellparker/Desktop/rascore_build/rcsb/7tlg.cif.gz	/Users/mitchellparker/Desktop/rascore_build/renum/7tlg_renum.cif	/Users/mitchellparker/Desktop/rascore_build/rcsb_assembly/7tlg-assembly-1.cif.gz	/Users/mitchellparker/Desktop/rascore_build/renum_assembly/7tlg-assembly-1_renum.cif	/Users/mitchellparker/Desktop/rascore_build/sifts/7tlg.xml.gz	/Users/mitchellparker/Desktop/rascore_build/pocket/7tlgB_1_pocket.pdb
7tlkA	7tlk	0	A	Y32out.2P-OFF	Outlier	Y32out	Y71out	P 3 (CF2)	7tlkA1	1	GTPase KRas	RASK_HUMAN	P01116-2	G12S	G12	KRAS	2P	Other	None	None	None	None	SP2-Unbound	P 3	169	1-164	2022-01-18	Other	218.5745	0.0007	Unbound	Unbound	22,23,26,42,149,151,152,153,154	GDP,MG	None	None	None	None	None	None	None	None	None	None	GDP	MG	None	None	None	None	STP	XRAY	1.711	0.171	MTEYKLVVVGASGVGKSALTIQLIQNHFVDEYDPTIEDSYRKQVVIDGETCLLDILDTAGQEEYSAMRDQYMRTGEGFLCVFAINNTKSFEDIHHYREQIKRVKDSEDVPMVLVGNKCDLPSRTVDTKQAQDLARSYGIPFIETSAKTRQGVDDAFYTLVREIRKHKEK	True	83.609	83.609	41.270	90.000	90.000	120.000	/Users/mitchellparker/Desktop/rascore_build/core/7tlkA_core.cif	/Users/mitchellparker/Desktop/rascore_build/rcsb/7tlk.cif.gz	/Users/mitchellparker/Desktop/rascore_build/renum/7tlk_renum.cif	/Users/mitchellparker/Desktop/rascore_build/rcsb_assembly/7tlk-assembly-2.cif.gz	/Users/mitchellparker/Desktop/rascore_build/renum_assembly/7tlk-assembly-2_renum.cif	/Users/mitchellparker/Desktop/rascore_build/sifts/7tlk.xml.gz	/Users/mitchellparker/Desktop/rascore_build/pocket/7tlkA_1_pocket.pdb
7tlkA	7tlk	0	A	Y32out.2P-OFF	Outlier	Y32out	Y71out	P 3 (CF2)	7tlkA3	3	GTPase KRas	RASK_HUMAN	P01116-2	G12S	G12	KRAS	2P	Other	None	None	None	None	SP2-Unbound	P 3	169	1-164	2022-01-18	Other	208.9438	0.4408	Unbound	Unbound	75,76,104,106,108,109,110,163,166	GDP,MG	None	None	None	None	None	None	None	None	None	None	GDP	MG	None	None	None	None	STP	XRAY	1.711	0.171	MTEYKLVVVGASGVGKSALTIQLIQNHFVDEYDPTIEDSYRKQVVIDGETCLLDILDTAGQEEYSAMRDQYMRTGEGFLCVFAINNTKSFEDIHHYREQIKRVKDSEDVPMVLVGNKCDLPSRTVDTKQAQDLARSYGIPFIETSAKTRQGVDDAFYTLVREIRKHKEK	True	83.609	83.609	41.270	90.000	90.000	120.000	/Users/mitchellparker/Desktop/rascore_build/core/7tlkA_core.cif	/Users/mitchellparker/Desktop/rascore_build/rcsb/7tlk.cif.gz	/Users/mitchellparker/Desktop/rascore_build/renum/7tlk_renum.cif	/Users/mitchellparker/Desktop/rascore_build/rcsb_assembly/7tlk-assembly-2.cif.gz	/Users/mitchellparker/Desktop/rascore_build/renum_assembly/7tlk-assembly-2_renum.cif	/Users/mitchellparker/Desktop/rascore_build/sifts/7tlk.xml.gz	/Users/mitchellparker/Desktop/rascore_build/pocket/7tlkA_3_pocket.pdb
7tlkA	7tlk	0	A	Y32out.2P-OFF	Outlier	Y32out	Y71out	P 3 (CF2)	7tlkA4	4	GTPase KRas	RASK_HUMAN	P01116-2	G12S	G12	KRAS	2P	Other	None	None	None	None	SP2-Unbound	P 3	169	1-164	2022-01-18	SP2	319.5121	0.0000	Unbound	Unbound	10,37,58,59,60,62,72,95,96,99	GDP,MG	None	None	None	None	None	None	None	None	None	None	GDP	MG	None	None	None	None	STP	XRAY	1.711	0.171	MTEYKLVVVGASGVGKSALTIQLIQNHFVDEYDPTIEDSYRKQVVIDGETCLLDILDTAGQEEYSAMRDQYMRTGEGFLCVFAINNTKSFEDIHHYREQIKRVKDSEDVPMVLVGNKCDLPSRTVDTKQAQDLARSYGIPFIETSAKTRQGVDDAFYTLVREIRKHKEK	True	83.609	83.609	41.270	90.000	90.000	120.000	/Users/mitchellparker/Desktop/rascore_build/core/7tlkA_core.cif	/Users/mitchellparker/Desktop/rascore_build/rcsb/7tlk.cif.gz	/Users/mitchellparker/Desktop/rascore_build/renum/7tlk_renum.cif	/Users/mitchellparker/Desktop/rascore_build/rcsb_assembly/7tlk-assembly-2.cif.gz	/Users/mitchellparker/Desktop/rascore_build/renum_assembly/7tlk-assembly-2_renum.cif	/Users/mitchellparker/Desktop/rascore_build/sifts/7tlk.xml.gz	/Users/mitchellparker/Desktop/rascore_build/pocket/7tlkA_4_pocket.pdb
7tlkA	7tlk	0	A	Y32out.2P-OFF	Outlier	Y32out	Y71out	P 3 (CF2)	7tlkA5	5	GTPase KRas	RASK_HUMAN	P01116-2	G12S	G12	KRAS	2P	Other	None	None	None	None	SP2-Unbound	P 3	169	1-164	2022-01-18	Other	276.9008	0.0003	Unbound	Unbound	98,101,102,105,106,107	GDP,MG	None	None	None	None	None	None	None	None	None	None	GDP	MG	None	None	None	None	STP	XRAY	1.711	0.171	MTEYKLVVVGASGVGKSALTIQLIQNHFVDEYDPTIEDSYRKQVVIDGETCLLDILDTAGQEEYSAMRDQYMRTGEGFLCVFAINNTKSFEDIHHYREQIKRVKDSEDVPMVLVGNKCDLPSRTVDTKQAQDLARSYGIPFIETSAKTRQGVDDAFYTLVREIRKHKEK	True	83.609	83.609	41.270	90.000	90.000	120.000	/Users/mitchellparker/Desktop/rascore_build/core/7tlkA_core.cif	/Users/mitchellparker/Desktop/rascore_build/rcsb/7tlk.cif.gz	/Users/mitchellparker/Desktop/rascore_build/renum/7tlk_renum.cif	/Users/mitchellparker/Desktop/rascore_build/rcsb_assembly/7tlk-assembly-2.cif.gz	/Users/mitchellparker/Desktop/rascore_build/renum_assembly/7tlk-assembly-2_renum.cif	/Users/mitchellparker/Desktop/rascore_build/sifts/7tlk.xml.gz	/Users/mitchellparker/Desktop/rascore_build/pocket/7tlkA_5_pocket.pdb
7tlkB	7tlk	0	B	Y32out.2P-OFF	Y71out.2P-SP2-B	Y32out	Y71out	P 3 (CF2)	7tlkB1	1	GTPase KRas	RASK_HUMAN	P01116-2	G12S	G12	KRAS	2P	Other	None	None	None	None	SP2-Unbound	P 3	169	1-164	2022-01-18	SP2	416.0869	0.3290	Unbound	Unbound	9,10,12,16,17,34,58,59,60,61,68,72,96,99	GDP,MG	None	None	None	None	None	None	None	None	None	None	GDP	MG	None	None	None	None	STP	XRAY	1.711	0.171	MTEYKLVVVGASGVGKSALTIQLIQNHFVDEYDPTIEDSYRKQVVIDGETCLLDILDTAGQEEYSAMRDQYMRTGEGFLCVFAINNTKSFEDIHHYREQIKRVKDSEDVPMVLVGNKCDLPSRTVDTKQAQDLARSYGIPFIETSAKTRQGVDDAFYTLVREIRKHKEK	True	83.609	83.609	41.270	90.000	90.000	120.000	/Users/mitchellparker/Desktop/rascore_build/core/7tlkB_core.cif	/Users/mitchellparker/Desktop/rascore_build/rcsb/7tlk.cif.gz	/Users/mitchellparker/Desktop/rascore_build/renum/7tlk_renum.cif	/Users/mitchellparker/Desktop/rascore_build/rcsb_assembly/7tlk-assembly-2.cif.gz	/Users/mitchellparker/Desktop/rascore_build/renum_assembly/7tlk-assembly-2_renum.cif	/Users/mitchellparker/Desktop/rascore_build/sifts/7tlk.xml.gz	/Users/mitchellparker/Desktop/rascore_build/pocket/7tlkB_1_pocket.pdb
7tlkB	7tlk	0	B	Y32out.2P-OFF	Y71out.2P-SP2-B	Y32out	Y71out	P 3 (CF2)	7tlkB2	2	GTPase KRas	RASK_HUMAN	P01116-2	G12S	G12	KRAS	2P	Other	None	None	None	None	SP2-Unbound	P 3	169	1-164	2022-01-18	Other	216.4860	0.0255	Unbound	Unbound	12,13,31,32,34	GDP,MG	None	None	None	None	None	None	None	None	None	None	GDP	MG	None	None	None	None	STP	XRAY	1.711	0.171	MTEYKLVVVGASGVGKSALTIQLIQNHFVDEYDPTIEDSYRKQVVIDGETCLLDILDTAGQEEYSAMRDQYMRTGEGFLCVFAINNTKSFEDIHHYREQIKRVKDSEDVPMVLVGNKCDLPSRTVDTKQAQDLARSYGIPFIETSAKTRQGVDDAFYTLVREIRKHKEK	True	83.609	83.609	41.270	90.000	90.000	120.000	/Users/mitchellparker/Desktop/rascore_build/core/7tlkB_core.cif	/Users/mitchellparker/Desktop/rascore_build/rcsb/7tlk.cif.gz	/Users/mitchellparker/Desktop/rascore_build/renum/7tlk_renum.cif	/Users/mitchellparker/Desktop/rascore_build/rcsb_assembly/7tlk-assembly-2.cif.gz	/Users/mitchellparker/Desktop/rascore_build/renum_assembly/7tlk-assembly-2_renum.cif	/Users/mitchellparker/Desktop/rascore_build/sifts/7tlk.xml.gz	/Users/mitchellparker/Desktop/rascore_build/pocket/7tlkB_2_pocket.pdb
7u8hC	7u8h	0	C	None	None	None	None	C 2 2 21 (CF3)	7u8hC1	1	KRAS isoform 2	RASK_HUMAN	P01116-2	G12V,S39C,C118S	G12,S39,C118	KRAS	2P	G12V	SP12	SP12.Unclassified	None	None	None	C 2 2 21	170	1-60:68-166	2022-03-08	SP12	291.1986	0.5623	Bound	SP12	5,6,7,39,54,56,70,71,74,75	2XO,GDP,MG	None	2XO:39,54,56,5,6,7,74,71,75|GDP:13,15,16,11,14,17,12,18,117,30,28,116,146,147,119,145,120|MG:34,17	None	None	SP12	SP12.Unclassified	2XO:SCc1nc2ccccc2[nH]1	None	None	None	GDP	MG	2XO	None	None	None	2XO	XRAY	1.702	0.174	GMTEYKLVVVGAVGVGKSALTIQLIQNHFVDEYDPTIEDCYRKQVVIDGETCLLDILDTAGQEEYSAMRDQYMRTGEGFLCVFAINNTKSFEDIHHYREQIKRVKDSEDVPMVLVGNKSDLPSRTVDTKQAQDLARSYGIPFIETSAKTRQGVDDAFYTLVREIRKHKEK	False	94.835	98.480	149.888	90.000	90.000	90.000	/Users/mitchellparker/Desktop/rascore_build/core/7u8hC_core.cif	/Users/mitchellparker/Desktop/rascore_build/rcsb/7u8h.cif.gz	/Users/mitchellparker/Desktop/rascore_build/renum/7u8h_renum.cif	/Users/mitchellparker/Desktop/rascore_build/rcsb_assembly/7u8h-assembly-2.cif.gz	/Users/mitchellparker/Desktop/rascore_build/renum_assembly/7u8h-assembly-2_renum.cif	/Users/mitchellparker/Desktop/rascore_build/sifts/7u8h.xml.gz	/Users/mitchellparker/Desktop/rascore_build/pocket/7u8hC_1_pocket.pdb
7u8hD	7u8h	0	D	None	None	None	None	C 2 2 21 (CF3)	7u8hD2	2	KRAS isoform 2	RASK_HUMAN	P01116-2	G12V,S39C,C118S	G12,S39,C118	KRAS	2P	G12V	SP12	SP12.Unclassified	None	None	None	C 2 2 21	170	1-168	2022-03-08	SP12	200.5286	0.0323	Bound	SP12	5,6,39,54,56,71,74,75	2XO,GDP,MG	None	2XO:39,71,54,6,5,56,7,75,74|GDP:16,13,15,14,11,17,12,18,32,117,30,29,28,116,146,147,119,145,120|MG:17	None	None	SP12	SP12.Unclassified	2XO:SCc1nc2ccccc2[nH]1	None	None	None	GDP	MG	2XO	None	None	None	2XO	XRAY	1.702	0.174	GMTEYKLVVVGAVGVGKSALTIQLIQNHFVDEYDPTIEDCYRKQVVIDGETCLLDILDTAGQEEYSAMRDQYMRTGEGFLCVFAINNTKSFEDIHHYREQIKRVKDSEDVPMVLVGNKSDLPSRTVDTKQAQDLARSYGIPFIETSAKTRQGVDDAFYTLVREIRKHKEK	False	94.835	98.480	149.888	90.000	90.000	90.000	/Users/mitchellparker/Desktop/rascore_build/core/7u8hD_core.cif	/Users/mitchellparker/Desktop/rascore_build/rcsb/7u8h.cif.gz	/Users/mitchellparker/Desktop/rascore_build/renum/7u8h_renum.cif	/Users/mitchellparker/Desktop/rascore_build/rcsb_assembly/7u8h-assembly-2.cif.gz	/Users/mitchellparker/Desktop/rascore_build/renum_assembly/7u8h-assembly-2_renum.cif	/Users/mitchellparker/Desktop/rascore_build/sifts/7u8h.xml.gz	/Users/mitchellparker/Desktop/rascore_build/pocket/7u8hD_2_pocket.pdb
7vv8A	7vv8	0	A	Y32in.3P-ON	Y71in.3P-R	Y32in	Y71in	P 61 2 2 (CF2)	7vv8A1	1	GTPase HRas	RASH_HUMAN	P01112	Q61L	Q61	HRAS	3P	Other	None	None	Other	None	Other-Unbound	P 61 2 2	167	1-166	2021-11-04	Other	224.0024	0.0001	Unbound	Unbound	108,109,110,111,137,138,139,162	GNP,MG	Target of rapamycin complex 2 subunit MAPKAP1	None	C:63,64,36,41,40,39,38,37,56,67,33,25,34,35,21,29,27	SIN1_HUMAN	None	None	None	Other	None	C	GNP	MG	None	None	None	None	STP	XRAY	1.700	0.180	SMTEYKLVVVGAGGVGKSALTIQLIQNHFVDEYDPTIEDSYRKQVVIDGETCLLDILDTAGLEEYSAMRDQYMRTGEGFLCVFAINNTKSFEDIHQYREQIKRVKDSDDVPMVLVGNKCDLAARTVESRQAQDLARSYGIPYIETSAKTRQGVEDAFYTLVREIRQH	True	101.316	101.316	124.291	90.000	90.000	120.000	/Users/mitchellparker/Desktop/rascore_build/core/7vv8A_core.cif	/Users/mitchellparker/Desktop/rascore_build/rcsb/7vv8.cif.gz	/Users/mitchellparker/Desktop/rascore_build/renum/7vv8_renum.cif	/Users/mitchellparker/Desktop/rascore_build/rcsb_assembly/7vv8-assembly-1.cif.gz	/Users/mitchellparker/Desktop/rascore_build/renum_assembly/7vv8-assembly-1_renum.cif	/Users/mitchellparker/Desktop/rascore_build/sifts/7vv8.xml.gz	/Users/mitchellparker/Desktop/rascore_build/pocket/7vv8A_1_pocket.pdb
7vv9A	7vv9	0	A	Y32in.3P-ON	Y71in.3P-R	Y32in	Y71in	P 61 2 2 (CF2)	7vv9A1	1	GTPase HRas	RASH_HUMAN	P01112	WT	WT	HRAS	3P	WT	None	None	Other	None	Other-Unbound	P 61 2 2	170	1-166	2021-11-05	Other	303.5615	0.0001	Unbound	Unbound	124,126,128,129,132	GNP,MG	Target of rapamycin complex 2 subunit MAPKAP1	None	C:63,64,36,67,41,40,39,38,37,56,33,25,66,21,29,27	SIN1_HUMAN	None	None	None	Other	None	C	GNP	MG	None	None	None	None	STP	XRAY	1.600	0.182	MTEYKLVVVGAGGVGKSALTIQLIQNHFVDEYDPTIEDSYRKQVVIDGETCLLDILDTAGQEEYSAMRDQYMRTGEGFLCVFAINNTKSFEDIHQYREQIKRVKDSDDVPMVLVGNKCDLAARTVESRQAQDLARSYGIPYIETSAKTRQGVEDAFYTLVREIRQHKLRK	True	101.238	101.238	124.371	90.000	90.000	120.000	/Users/mitchellparker/Desktop/rascore_build/core/7vv9A_core.cif	/Users/mitchellparker/Desktop/rascore_build/rcsb/7vv9.cif.gz	/Users/mitchellparker/Desktop/rascore_build/renum/7vv9_renum.cif	/Users/mitchellparker/Desktop/rascore_build/rcsb_assembly/7vv9-assembly-1.cif.gz	/Users/mitchellparker/Desktop/rascore_build/renum_assembly/7vv9-assembly-1_renum.cif	/Users/mitchellparker/Desktop/rascore_build/sifts/7vv9.xml.gz	/Users/mitchellparker/Desktop/rascore_build/pocket/7vv9A_1_pocket.pdb
7vv9A	7vv9	0	A	Y32in.3P-ON	Y71in.3P-R	Y32in	Y71in	P 61 2 2 (CF2)	7vv9A2	2	GTPase HRas	RASH_HUMAN	P01112	WT	WT	HRAS	3P	WT	None	None	Other	None	Other-Unbound	P 61 2 2	170	1-166	2021-11-05	Other	406.3823	0.0003	Unbound	Unbound	131,134,135,138,139,140,141,162	GNP,MG	Target of rapamycin complex 2 subunit MAPKAP1	None	C:63,64,36,67,41,40,39,38,37,56,33,25,66,21,29,27	SIN1_HUMAN	None	None	None	Other	None	C	GNP	MG	None	None	None	None	STP	XRAY	1.600	0.182	MTEYKLVVVGAGGVGKSALTIQLIQNHFVDEYDPTIEDSYRKQVVIDGETCLLDILDTAGQEEYSAMRDQYMRTGEGFLCVFAINNTKSFEDIHQYREQIKRVKDSDDVPMVLVGNKCDLAARTVESRQAQDLARSYGIPYIETSAKTRQGVEDAFYTLVREIRQHKLRK	True	101.238	101.238	124.371	90.000	90.000	120.000	/Users/mitchellparker/Desktop/rascore_build/core/7vv9A_core.cif	/Users/mitchellparker/Desktop/rascore_build/rcsb/7vv9.cif.gz	/Users/mitchellparker/Desktop/rascore_build/renum/7vv9_renum.cif	/Users/mitchellparker/Desktop/rascore_build/rcsb_assembly/7vv9-assembly-1.cif.gz	/Users/mitchellparker/Desktop/rascore_build/renum_assembly/7vv9-assembly-1_renum.cif	/Users/mitchellparker/Desktop/rascore_build/sifts/7vv9.xml.gz	/Users/mitchellparker/Desktop/rascore_build/pocket/7vv9A_2_pocket.pdb
7vv9A	7vv9	0	A	Y32in.3P-ON	Y71in.3P-R	Y32in	Y71in	P 61 2 2 (CF2)	7vv9A3	3	GTPase HRas	RASH_HUMAN	P01112	WT	WT	HRAS	3P	WT	None	None	Other	None	Other-Unbound	P 61 2 2	170	1-166	2021-11-05	Other	295.4188	0.0081	Unbound	Unbound	73,74,75,76,104,108,109,110,163,166	GNP,MG	Target of rapamycin complex 2 subunit MAPKAP1	None	C:63,64,36,67,41,40,39,38,37,56,33,25,66,21,29,27	SIN1_HUMAN	None	None	None	Other	None	C	GNP	MG	None	None	None	None	STP	XRAY	1.600	0.182	MTEYKLVVVGAGGVGKSALTIQLIQNHFVDEYDPTIEDSYRKQVVIDGETCLLDILDTAGQEEYSAMRDQYMRTGEGFLCVFAINNTKSFEDIHQYREQIKRVKDSDDVPMVLVGNKCDLAARTVESRQAQDLARSYGIPYIETSAKTRQGVEDAFYTLVREIRQHKLRK	True	101.238	101.238	124.371	90.000	90.000	120.000	/Users/mitchellparker/Desktop/rascore_build/core/7vv9A_core.cif	/Users/mitchellparker/Desktop/rascore_build/rcsb/7vv9.cif.gz	/Users/mitchellparker/Desktop/rascore_build/renum/7vv9_renum.cif	/Users/mitchellparker/Desktop/rascore_build/rcsb_assembly/7vv9-assembly-1.cif.gz	/Users/mitchellparker/Desktop/rascore_build/renum_assembly/7vv9-assembly-1_renum.cif	/Users/mitchellparker/Desktop/rascore_build/sifts/7vv9.xml.gz	/Users/mitchellparker/Desktop/rascore_build/pocket/7vv9A_3_pocket.pdb
7vvbA	7vvb	0	A	Y32in.3P-ON	Y71in.3P-R	Y32in	Y71in	P 61 2 2 (CF2)	7vvbA1	1	GTPase KRas	RASK_HUMAN	P01116	WT	WT	KRAS	3P	WT	None	None	Other	None	Other-Unbound	P 61 2 2	190	1-166	2021-11-05	Other	255.8323	0.0047	Unbound	Unbound	97,100,101,107,108,109,111,137,138,139,162,166	MG,GNP	Target of rapamycin complex 2 subunit MAPKAP1	None	B:63,64,36,41,40,39,38,37,56,67,31,25,33,27,21,52	SIN1_HUMAN	None	None	None	Other	None	B	GNP	MG	None	None	None	None	STP	XRAY	1.700	0.174	GMTEYKLVVVGAGGVGKSALTIQLIQNHFVDEYDPTIEDSYRKQVVIDGETCLLDILDTAGQEEYSAMRDQYMRTGEGFLCVFAINNTKSFEDIHHYREQIKRVKDSEDVPMVLVGNKCDLPSRTVDTKQAQDLARSYGIPFIETSAKTRQRVEDAFYTLVREIRQYRLKKISKEEKTPGCVKIKKCIIM	True	101.660	101.660	124.610	90.000	90.000	120.000	/Users/mitchellparker/Desktop/rascore_build/core/7vvbA_core.cif	/Users/mitchellparker/Desktop/rascore_build/rcsb/7vvb.cif.gz	/Users/mitchellparker/Desktop/rascore_build/renum/7vvb_renum.cif	/Users/mitchellparker/Desktop/rascore_build/rcsb_assembly/7vvb-assembly-1.cif.gz	/Users/mitchellparker/Desktop/rascore_build/renum_assembly/7vvb-assembly-1_renum.cif	/Users/mitchellparker/Desktop/rascore_build/sifts/7vvb.xml.gz	/Users/mitchellparker/Desktop/rascore_build/pocket/7vvbA_1_pocket.pdb
7vvbA	7vvb	0	A	Y32in.3P-ON	Y71in.3P-R	Y32in	Y71in	P 61 2 2 (CF2)	7vvbA2	2	GTPase KRas	RASK_HUMAN	P01116	WT	WT	KRAS	3P	WT	None	None	Other	None	Other-Unbound	P 61 2 2	190	1-166	2021-11-05	Other	619.7523	0.0024	Unbound	Unbound	73,74,75,76,104,106,107,108,109,110,163,166	MG,GNP	Target of rapamycin complex 2 subunit MAPKAP1	None	B:63,64,36,41,40,39,38,37,56,67,31,25,33,27,21,52	SIN1_HUMAN	None	None	None	Other	None	B	GNP	MG	None	None	None	None	STP	XRAY	1.700	0.174	GMTEYKLVVVGAGGVGKSALTIQLIQNHFVDEYDPTIEDSYRKQVVIDGETCLLDILDTAGQEEYSAMRDQYMRTGEGFLCVFAINNTKSFEDIHHYREQIKRVKDSEDVPMVLVGNKCDLPSRTVDTKQAQDLARSYGIPFIETSAKTRQRVEDAFYTLVREIRQYRLKKISKEEKTPGCVKIKKCIIM	True	101.660	101.660	124.610	90.000	90.000	120.000	/Users/mitchellparker/Desktop/rascore_build/core/7vvbA_core.cif	/Users/mitchellparker/Desktop/rascore_build/rcsb/7vvb.cif.gz	/Users/mitchellparker/Desktop/rascore_build/renum/7vvb_renum.cif	/Users/mitchellparker/Desktop/rascore_build/rcsb_assembly/7vvb-assembly-1.cif.gz	/Users/mitchellparker/Desktop/rascore_build/renum_assembly/7vvb-assembly-1_renum.cif	/Users/mitchellparker/Desktop/rascore_build/sifts/7vvb.xml.gz	/Users/mitchellparker/Desktop/rascore_build/pocket/7vvbA_2_pocket.pdb
7vvbA	7vvb	0	A	Y32in.3P-ON	Y71in.3P-R	Y32in	Y71in	P 61 2 2 (CF2)	7vvbA3	3	GTPase KRas	RASK_HUMAN	P01116	WT	WT	KRAS	3P	WT	None	None	Other	None	Other-Unbound	P 61 2 2	190	1-166	2021-11-05	Other	316.1551	0.0000	Unbound	Unbound	47,49,161,164,165	MG,GNP	Target of rapamycin complex 2 subunit MAPKAP1	None	B:63,64,36,41,40,39,38,37,56,67,31,25,33,27,21,52	SIN1_HUMAN	None	None	None	Other	None	B	GNP	MG	None	None	None	None	STP	XRAY	1.700	0.174	GMTEYKLVVVGAGGVGKSALTIQLIQNHFVDEYDPTIEDSYRKQVVIDGETCLLDILDTAGQEEYSAMRDQYMRTGEGFLCVFAINNTKSFEDIHHYREQIKRVKDSEDVPMVLVGNKCDLPSRTVDTKQAQDLARSYGIPFIETSAKTRQRVEDAFYTLVREIRQYRLKKISKEEKTPGCVKIKKCIIM	True	101.660	101.660	124.610	90.000	90.000	120.000	/Users/mitchellparker/Desktop/rascore_build/core/7vvbA_core.cif	/Users/mitchellparker/Desktop/rascore_build/rcsb/7vvb.cif.gz	/Users/mitchellparker/Desktop/rascore_build/renum/7vvb_renum.cif	/Users/mitchellparker/Desktop/rascore_build/rcsb_assembly/7vvb-assembly-1.cif.gz	/Users/mitchellparker/Desktop/rascore_build/renum_assembly/7vvb-assembly-1_renum.cif	/Users/mitchellparker/Desktop/rascore_build/sifts/7vvb.xml.gz	/Users/mitchellparker/Desktop/rascore_build/pocket/7vvbA_3_pocket.pdb
7vvbA	7vvb	0	A	Y32in.3P-ON	Y71in.3P-R	Y32in	Y71in	P 61 2 2 (CF2)	7vvbA4	4	GTPase KRas	RASK_HUMAN	P01116	WT	WT	KRAS	3P	WT	None	None	Other	None	Other-Unbound	P 61 2 2	190	1-166	2021-11-05	Other	183.0261	0.0001	Unbound	Unbound	123,124,125,126,127	MG,GNP	Target of rapamycin complex 2 subunit MAPKAP1	None	B:63,64,36,41,40,39,38,37,56,67,31,25,33,27,21,52	SIN1_HUMAN	None	None	None	Other	None	B	GNP	MG	None	None	None	None	STP	XRAY	1.700	0.174	GMTEYKLVVVGAGGVGKSALTIQLIQNHFVDEYDPTIEDSYRKQVVIDGETCLLDILDTAGQEEYSAMRDQYMRTGEGFLCVFAINNTKSFEDIHHYREQIKRVKDSEDVPMVLVGNKCDLPSRTVDTKQAQDLARSYGIPFIETSAKTRQRVEDAFYTLVREIRQYRLKKISKEEKTPGCVKIKKCIIM	True	101.660	101.660	124.610	90.000	90.000	120.000	/Users/mitchellparker/Desktop/rascore_build/core/7vvbA_core.cif	/Users/mitchellparker/Desktop/rascore_build/rcsb/7vvb.cif.gz	/Users/mitchellparker/Desktop/rascore_build/renum/7vvb_renum.cif	/Users/mitchellparker/Desktop/rascore_build/rcsb_assembly/7vvb-assembly-1.cif.gz	/Users/mitchellparker/Desktop/rascore_build/renum_assembly/7vvb-assembly-1_renum.cif	/Users/mitchellparker/Desktop/rascore_build/sifts/7vvb.xml.gz	/Users/mitchellparker/Desktop/rascore_build/pocket/7vvbA_4_pocket.pdb
7vvgA	7vvg	0	A	Y32in.3P-ON	Y71in.3P-R	Y32in	Y71in	P 61 2 2 (CF2)	7vvgA1	1	GTPase HRas	RASH_HUMAN	P01112	G12V	G12	HRAS	3P	G12V	None	None	Other	None	Other-Unbound	P 61 2 2	166	1-166	2021-11-06	Other	500.0480	0.0005	Unbound	Unbound	131,134,135,138,139,140,141,162	GNP,MG	Target of rapamycin complex 2 subunit MAPKAP1	None	C:64,63,67,36,41,40,39,38,37,56,33,25,66,27,21	SIN1_HUMAN	None	None	None	Other	None	C	GNP	MG	None	None	None	None	STP	XRAY	1.700	0.179	MTEYKLVVVGAVGVGKSALTIQLIQNHFVDEYDPTIEDSYRKQVVIDGETCLLDILDTAGQEEYSAMRDQYMRTGEGFLCVFAINNTKSFEDIHQYREQIKRVKDSDDVPMVLVGNKCDLAARTVESRQAQDLARSYGIPYIETSAKTRQGVEDAFYTLVREIRQH	True	101.032	101.032	124.208	90.000	90.000	120.000	/Users/mitchellparker/Desktop/rascore_build/core/7vvgA_core.cif	/Users/mitchellparker/Desktop/rascore_build/rcsb/7vvg.cif.gz	/Users/mitchellparker/Desktop/rascore_build/renum/7vvg_renum.cif	/Users/mitchellparker/Desktop/rascore_build/rcsb_assembly/7vvg-assembly-1.cif.gz	/Users/mitchellparker/Desktop/rascore_build/renum_assembly/7vvg-assembly-1_renum.cif	/Users/mitchellparker/Desktop/rascore_build/sifts/7vvg.xml.gz	/Users/mitchellparker/Desktop/rascore_build/pocket/7vvgA_1_pocket.pdb
7vvgA	7vvg	0	A	Y32in.3P-ON	Y71in.3P-R	Y32in	Y71in	P 61 2 2 (CF2)	7vvgA2	2	GTPase HRas	RASH_HUMAN	P01112	G12V	G12	HRAS	3P	G12V	None	None	Other	None	Other-Unbound	P 61 2 2	166	1-166	2021-11-06	Other	233.1518	0.0011	Unbound	Unbound	11,12,60,62,86,88,89,92	GNP,MG	Target of rapamycin complex 2 subunit MAPKAP1	None	C:64,63,67,36,41,40,39,38,37,56,33,25,66,27,21	SIN1_HUMAN	None	None	None	Other	None	C	GNP	MG	None	None	None	None	STP	XRAY	1.700	0.179	MTEYKLVVVGAVGVGKSALTIQLIQNHFVDEYDPTIEDSYRKQVVIDGETCLLDILDTAGQEEYSAMRDQYMRTGEGFLCVFAINNTKSFEDIHQYREQIKRVKDSDDVPMVLVGNKCDLAARTVESRQAQDLARSYGIPYIETSAKTRQGVEDAFYTLVREIRQH	True	101.032	101.032	124.208	90.000	90.000	120.000	/Users/mitchellparker/Desktop/rascore_build/core/7vvgA_core.cif	/Users/mitchellparker/Desktop/rascore_build/rcsb/7vvg.cif.gz	/Users/mitchellparker/Desktop/rascore_build/renum/7vvg_renum.cif	/Users/mitchellparker/Desktop/rascore_build/rcsb_assembly/7vvg-assembly-1.cif.gz	/Users/mitchellparker/Desktop/rascore_build/renum_assembly/7vvg-assembly-1_renum.cif	/Users/mitchellparker/Desktop/rascore_build/sifts/7vvg.xml.gz	/Users/mitchellparker/Desktop/rascore_build/pocket/7vvgA_2_pocket.pdb
7vvgA	7vvg	0	A	Y32in.3P-ON	Y71in.3P-R	Y32in	Y71in	P 61 2 2 (CF2)	7vvgA3	3	GTPase HRas	RASH_HUMAN	P01112	G12V	G12	HRAS	3P	G12V	None	None	Other	None	Other-Unbound	P 61 2 2	166	1-166	2021-11-06	Other	446.0919	0.0025	Unbound	Unbound	76,107,108,109,110,111,137,138,139,162,163,166	GNP,MG	Target of rapamycin complex 2 subunit MAPKAP1	None	C:64,63,67,36,41,40,39,38,37,56,33,25,66,27,21	SIN1_HUMAN	None	None	None	Other	None	C	GNP	MG	None	None	None	None	STP	XRAY	1.700	0.179	MTEYKLVVVGAVGVGKSALTIQLIQNHFVDEYDPTIEDSYRKQVVIDGETCLLDILDTAGQEEYSAMRDQYMRTGEGFLCVFAINNTKSFEDIHQYREQIKRVKDSDDVPMVLVGNKCDLAARTVESRQAQDLARSYGIPYIETSAKTRQGVEDAFYTLVREIRQH	True	101.032	101.032	124.208	90.000	90.000	120.000	/Users/mitchellparker/Desktop/rascore_build/core/7vvgA_core.cif	/Users/mitchellparker/Desktop/rascore_build/rcsb/7vvg.cif.gz	/Users/mitchellparker/Desktop/rascore_build/renum/7vvg_renum.cif	/Users/mitchellparker/Desktop/rascore_build/rcsb_assembly/7vvg-assembly-1.cif.gz	/Users/mitchellparker/Desktop/rascore_build/renum_assembly/7vvg-assembly-1_renum.cif	/Users/mitchellparker/Desktop/rascore_build/sifts/7vvg.xml.gz	/Users/mitchellparker/Desktop/rascore_build/pocket/7vvgA_3_pocket.pdb
7yccA	7ycc	0	A	Y32out.2P-OFF	Disordered	Y32out	Y71out	C 1 2 1 (CF17)	7yccA1	1	Isoform 2B of GTPase KRas	RASK_HUMAN	P01116-2	G12C,C118S	G12,C118	None	2P	G12C	SP2	SP2.Acrylamide	None	Homodimer	SP2-Bound	C 1 2 1	170	1-62:67-169	2022-07-01	SP2	667.2878	0.8931	Bound	SP2	9,10,11,12,16,58,59,60,61,62,68,72,86,88,89,92,96,99	GDP,MG,IQC	None	IQC:72,99,100,103,96,68,95,12,60,34,59,16,10,92,62,58,69	None	None	SP2	SP2.Acrylamide	IQC:CCC(=O)N1CC2(CCN(c3nc(NC4CCN(C)CC4)nc4c(F)c(-c5c(C)ccc6[nH]ncc56)c(Cl)cc34)CC2)C1	None	None	None	GDP	MG	IQC	None	None	None	IQC	XRAY	1.790	0.214	GMTEYKLVVVGACGVGKSALTIQLIQNHFVDEYDPTIEDSYRKQVVIDGETCLLDILDTAGQEEYSAMRDQYMRTGEGFLCVFAINNTKSFEDIHHYREQIKRVKDSEDVPMVLVGNKSDLPSRTVDTKQAQDLARSYGIPFIETSAKTRQGVDDAFYTLVREIRKHKEK	True	96.268	94.407	67.423	90.000	91.490	90.000	/Users/mitchellparker/Desktop/rascore_build/core/7yccA_core.cif	/Users/mitchellparker/Desktop/rascore_build/rcsb/7ycc.cif.gz	/Users/mitchellparker/Desktop/rascore_build/renum/7ycc_renum.cif	/Users/mitchellparker/Desktop/rascore_build/rcsb_assembly/7ycc-assembly-3.cif.gz	/Users/mitchellparker/Desktop/rascore_build/renum_assembly/7ycc-assembly-3_renum.cif	/Users/mitchellparker/Desktop/rascore_build/sifts/7ycc.xml.gz	/Users/mitchellparker/Desktop/rascore_build/pocket/7yccA_1_pocket.pdb
7yccB	7ycc	0	B	Outlier	Disordered	Y32out	Y71out	C 1 2 1 (CF17)	7yccB1	1	Isoform 2B of GTPase KRas	RASK_HUMAN	P01116-2	G12C,C118S	G12,C118	None	2P	G12C	SP2	SP2.Acrylamide	None	Homodimer	SP2-Bound	C 1 2 1	170	1-62:66-169	2022-07-01	SP2	717.5415	0.8936	Bound	SP2	9,10,11,12,16,58,59,60,61,62,68,72,86,88,89,92,95,96	GDP,MG,IQC	None	IQC:72,99,100,103,96,95,12,34,60,16,59,62,68,10,92,61,58,69	None	None	SP2	SP2.Acrylamide	IQC:CCC(=O)N1CC2(CCN(c3nc(NC4CCN(C)CC4)nc4c(F)c(-c5c(C)ccc6[nH]ncc56)c(Cl)cc34)CC2)C1	None	None	None	GDP	MG	IQC	None	None	None	IQC	XRAY	1.790	0.214	GMTEYKLVVVGACGVGKSALTIQLIQNHFVDEYDPTIEDSYRKQVVIDGETCLLDILDTAGQEEYSAMRDQYMRTGEGFLCVFAINNTKSFEDIHHYREQIKRVKDSEDVPMVLVGNKSDLPSRTVDTKQAQDLARSYGIPFIETSAKTRQGVDDAFYTLVREIRKHKEK	True	96.268	94.407	67.423	90.000	91.490	90.000	/Users/mitchellparker/Desktop/rascore_build/core/7yccB_core.cif	/Users/mitchellparker/Desktop/rascore_build/rcsb/7ycc.cif.gz	/Users/mitchellparker/Desktop/rascore_build/renum/7ycc_renum.cif	/Users/mitchellparker/Desktop/rascore_build/rcsb_assembly/7ycc-assembly-3.cif.gz	/Users/mitchellparker/Desktop/rascore_build/renum_assembly/7ycc-assembly-3_renum.cif	/Users/mitchellparker/Desktop/rascore_build/sifts/7ycc.xml.gz	/Users/mitchellparker/Desktop/rascore_build/pocket/7yccB_1_pocket.pdb
7yccC	7ycc	0	C	Outlier	Disordered	Y32out	Y71out	C 1 2 1 (CF17)	7yccC1	1	Isoform 2B of GTPase KRas	RASK_HUMAN	P01116-2	G12C,C118S	G12,C118	None	2P	G12C	SP2	SP2.Acrylamide	None	Homodimer	SP2-Bound	C 1 2 1	170	1-62:69-169	2022-07-01	SP2	730.2918	0.7565	Bound	SP2	9,10,11,12,16,58,59,60,61,62,72,86,88,89,92,95,96,99	GDP,MG,IQC	None	IQC:72,99,100,103,96,95,12,34,60,59,16,10,92,62,58,69	None	None	SP2	SP2.Acrylamide	IQC:CCC(=O)N1CC2(CCN(c3nc(NC4CCN(C)CC4)nc4c(F)c(-c5c(C)ccc6[nH]ncc56)c(Cl)cc34)CC2)C1	None	None	None	GDP	MG	IQC	None	None	None	IQC	XRAY	1.790	0.214	GMTEYKLVVVGACGVGKSALTIQLIQNHFVDEYDPTIEDSYRKQVVIDGETCLLDILDTAGQEEYSAMRDQYMRTGEGFLCVFAINNTKSFEDIHHYREQIKRVKDSEDVPMVLVGNKSDLPSRTVDTKQAQDLARSYGIPFIETSAKTRQGVDDAFYTLVREIRKHKEK	True	96.268	94.407	67.423	90.000	91.490	90.000	/Users/mitchellparker/Desktop/rascore_build/core/7yccC_core.cif	/Users/mitchellparker/Desktop/rascore_build/rcsb/7ycc.cif.gz	/Users/mitchellparker/Desktop/rascore_build/renum/7ycc_renum.cif	/Users/mitchellparker/Desktop/rascore_build/rcsb_assembly/7ycc-assembly-3.cif.gz	/Users/mitchellparker/Desktop/rascore_build/renum_assembly/7ycc-assembly-3_renum.cif	/Users/mitchellparker/Desktop/rascore_build/sifts/7ycc.xml.gz	/Users/mitchellparker/Desktop/rascore_build/pocket/7yccC_1_pocket.pdb
7yceA	7yce	0	A	Y32out.2P-OFF	Outlier	Y32out	Disordered	H 3 2 (CF3)	7yceA1	1	Isoform 2B of GTPase KRas	RASK_HUMAN	P01116-2	G12C,C118S	G12,C118	None	2P	G12C	SP2	SP2.Acrylamide	None	Homodimer	SP2-Bound	H 3 2	170	1-169	2022-07-01	SP2	879.2056	0.9429	Bound	SP2	9,10,11,12,16,58,59,60,61,62,68,72,86,88,89,92,95,96,99,100,102,103	GDP,MG,SO4,IQN	None	IQN:72,99,69,103,96,68,95,62,12,34,16,59,10,92,58,60,61,100,65,102	None	None	SP2	SP2.Acrylamide	IQN:CCC(=O)N1CC2(CCN(c3nc(OC4CCN(CC)CC4)nc4c(F)c(-c5c(C)ccc6[nH]ncc56)c(Cl)cc34)CC2)C1	None	None	None	GDP	MG	IQN	SO4	None	None	IQN	XRAY	1.800	0.275	GMTEYKLVVVGACGVGKSALTIQLIQNHFVDEYDPTIEDSYRKQVVIDGETCLLDILDTAGQEEYSAMRDQYMRTGEGFLCVFAINNTKSFEDIHHYREQIKRVKDSEDVPMVLVGNKSDLPSRTVDTKQAQDLARSYGIPFIETSAKTRQGVDDAFYTLVREIRKHKEK	True	94.809	94.809	119.410	90.000	90.000	120.000	/Users/mitchellparker/Desktop/rascore_build/core/7yceA_core.cif	/Users/mitchellparker/Desktop/rascore_build/rcsb/7yce.cif.gz	/Users/mitchellparker/Desktop/rascore_build/renum/7yce_renum.cif	/Users/mitchellparker/Desktop/rascore_build/rcsb_assembly/7yce-assembly-1.cif.gz	/Users/mitchellparker/Desktop/rascore_build/renum_assembly/7yce-assembly-1_renum.cif	/Users/mitchellparker/Desktop/rascore_build/sifts/7yce.xml.gz	/Users/mitchellparker/Desktop/rascore_build/pocket/7yceA_1_pocket.pdb
821pA	821p	0	A	Y32in.3P-ON	Outlier	Y32in	Y71in	P 32 2 1 (CF1)	821pA2	2	GTPase HRas	RASH_HUMAN	P01112	G12P	G12	HRAS	3P	Other	None	None	None	Homodimer	Other-Unbound	P 32 2 1	166	1-166	1993-03-29	Other	329.9633	0.0071	Unbound	Unbound	76,104,106,108,109,110,163,166	MG,GNP	None	None	None	None	None	None	None	None	None	None	GNP	MG	None	None	None	None	STP	XRAY	1.500	0.220	MTEYKLVVVGAPGVGKSALTIQLIQNHFVDEYDPTIEDSYRKQVVIDGETCLLDILDTAGQEEYSAMRDQYMRTGEGFLCVFAINNTKSFEDIHQYREQIKRVKDSDDVPMVLVGNKCDLAARTVESRQAQDLARSYGIPYIETSAKTRQGVEDAFYTLVREIRQH	True	40.200	40.200	160.100	90.00	90.00	120.00	/Users/mitchellparker/Desktop/rascore_build/core/821pA_core.cif	/Users/mitchellparker/Desktop/rascore_build/rcsb/821p.cif.gz	/Users/mitchellparker/Desktop/rascore_build/renum/821p_renum.cif	/Users/mitchellparker/Desktop/rascore_build/rcsb_assembly/821p-assembly-1.cif.gz	/Users/mitchellparker/Desktop/rascore_build/renum_assembly/821p-assembly-1_renum.cif	/Users/mitchellparker/Desktop/rascore_build/sifts/821p.xml.gz	/Users/mitchellparker/Desktop/rascore_build/pocket/821pA_2_pocket.pdb
821pA	821p	0	A	Y32in.3P-ON	Outlier	Y32in	Y71in	P 32 2 1 (CF1)	821pA3	3	GTPase HRas	RASH_HUMAN	P01112	G12P	G12	HRAS	3P	Other	None	None	None	Homodimer	Other-Unbound	P 32 2 1	166	1-166	1993-03-29	Other	195.9872	0.0002	Unbound	Unbound	97,108,109,110,111,137,138,139,162,165,166	MG,GNP	None	None	None	None	None	None	None	None	None	None	GNP	MG	None	None	None	None	STP	XRAY	1.500	0.220	MTEYKLVVVGAPGVGKSALTIQLIQNHFVDEYDPTIEDSYRKQVVIDGETCLLDILDTAGQEEYSAMRDQYMRTGEGFLCVFAINNTKSFEDIHQYREQIKRVKDSDDVPMVLVGNKCDLAARTVESRQAQDLARSYGIPYIETSAKTRQGVEDAFYTLVREIRQH	True	40.200	40.200	160.100	90.00	90.00	120.00	/Users/mitchellparker/Desktop/rascore_build/core/821pA_core.cif	/Users/mitchellparker/Desktop/rascore_build/rcsb/821p.cif.gz	/Users/mitchellparker/Desktop/rascore_build/renum/821p_renum.cif	/Users/mitchellparker/Desktop/rascore_build/rcsb_assembly/821p-assembly-1.cif.gz	/Users/mitchellparker/Desktop/rascore_build/renum_assembly/821p-assembly-1_renum.cif	/Users/mitchellparker/Desktop/rascore_build/sifts/821p.xml.gz	/Users/mitchellparker/Desktop/rascore_build/pocket/821pA_3_pocket.pdb
821pA	821p	0	A	Y32in.3P-ON	Outlier	Y32in	Y71in	P 32 2 1 (CF1)	821pA4	4	GTPase HRas	RASH_HUMAN	P01112	G12P	G12	HRAS	3P	Other	None	None	None	Homodimer	Other-Unbound	P 32 2 1	166	1-166	1993-03-29	Other	329.5941	0.0123	Unbound	Unbound	90,91,94,129,132,133,137	MG,GNP	None	None	None	None	None	None	None	None	None	None	GNP	MG	None	None	None	None	STP	XRAY	1.500	0.220	MTEYKLVVVGAPGVGKSALTIQLIQNHFVDEYDPTIEDSYRKQVVIDGETCLLDILDTAGQEEYSAMRDQYMRTGEGFLCVFAINNTKSFEDIHQYREQIKRVKDSDDVPMVLVGNKCDLAARTVESRQAQDLARSYGIPYIETSAKTRQGVEDAFYTLVREIRQH	True	40.200	40.200	160.100	90.00	90.00	120.00	/Users/mitchellparker/Desktop/rascore_build/core/821pA_core.cif	/Users/mitchellparker/Desktop/rascore_build/rcsb/821p.cif.gz	/Users/mitchellparker/Desktop/rascore_build/renum/821p_renum.cif	/Users/mitchellparker/Desktop/rascore_build/rcsb_assembly/821p-assembly-1.cif.gz	/Users/mitchellparker/Desktop/rascore_build/renum_assembly/821p-assembly-1_renum.cif	/Users/mitchellparker/Desktop/rascore_build/sifts/821p.xml.gz	/Users/mitchellparker/Desktop/rascore_build/pocket/821pA_4_pocket.pdb
8afbA	8afb	0	A	None	None	None	None	C 1 2 1 (CF18)	8afbA1	1	GTPase KRas	RASK_HUMAN	P01116-2	G12C,C118S	G12,C118	KRAS	2P	G12C	SP2	SP2.Acrylamide	None	None	None	C 1 2 1	170	2-164	2022-07-16	SP2	623.5156	0.9136	Bound	SP2	9,10,12,16,58,59,60,61,62,63,64,68,69,72,78,95,96,99,100,102,103	GDP,MG,LXD	None	GDP:16,17,13,15,12,14,11,18,32,117,30,116,146,147,119,145,120|MG:17|LXD:62,96,100,72,69,63,68,9,60,59,12,61,95,92,34,64,99,103,102	None	None	SP2	SP2.Acrylamide	LXD:C=CC(=O)N1CCN(c2cc(-c3noc(C4(C)CCCc5sc(N)c(C#N)c54)n3)nc(N3CCN(C)CC3C)c2)CC1	None	None	None	GDP	MG	LXD	None	None	None	LXD	XRAY	1.120	0.203	GMTEYKLVVVGACGVGKSALTIQLIQNHFVDEYDPTIEDSYRKQVVIDGETCLLDILDTAGQEEYSAMRDQYMRTGEGFLCVFAINNTKSFEDIHHYREQIKRVKDSEDVPMVLVGNKSDLPSRTVDTKQAQDLARSYGIPFIETSAKTRQGVDDAFYTLVREIRKHKEK	False	68.675	40.513	56.472	90.000	95.670	90.000	/Users/mitchellparker/Desktop/rascore_build/core/8afbA_core.cif	/Users/mitchellparker/Desktop/rascore_build/rcsb/8afb.cif.gz	/Users/mitchellparker/Desktop/rascore_build/renum/8afb_renum.cif	/Users/mitchellparker/Desktop/rascore_build/rcsb_assembly/8afb-assembly-1.cif.gz	/Users/mitchellparker/Desktop/rascore_build/renum_assembly/8afb-assembly-1_renum.cif	/Users/mitchellparker/Desktop/rascore_build/sifts/8afb.xml.gz	/Users/mitchellparker/Desktop/rascore_build/pocket/8afbA_1_pocket.pdb
8afcA	8afc	0	A	None	None	None	None	P 63 2 2 (CF3)	8afcA1	1	GTPase KRas	RASK_HUMAN	P01116-2	G12C,C118S	G12,C118	KRAS	2P	G12C	SP2	SP2.Unclassified	None	None	None	P 63 2 2	169	1-164	2022-07-16	SP2	357.9950	0.6108	Bound	SP2	9,58,62,63,64,68,69,72,78,96,99,100,102,103	GDP,MG,LXK,SO4	None	GDP:16,13,15,17,14,11,18,32,117,30,28,29,116,146,147,119,145,120|MG:33,17|LXK:72,63,69,64,68,99,100,103,9,62,96|SO4:65,66	None	None	SP2	SP2.Unclassified	LXK:CC1(C)CCCc2sc(N)c(C#N)c21	None	None	None	GDP	MG	LXK	SO4	None	None	LXK	XRAY	2.410	0.214	MTEYKLVVVGACGVGKSALTIQLIQNHFVDEYDPTIEDSYRKQVVIDGETCLLDILDTAGQEEYSAMRDQYMRTGEGFLCVFAINNTKSFEDIHHYREQIKRVKDSEDVPMVLVGNKSDLPSRTVDTKQAQDLARSYGIPFIETSAKTRQGVDDAFYTLVREIRKHKEK	False	136.040	136.040	91.260	90.000	90.000	120.000	/Users/mitchellparker/Desktop/rascore_build/core/8afcA_core.cif	/Users/mitchellparker/Desktop/rascore_build/rcsb/8afc.cif.gz	/Users/mitchellparker/Desktop/rascore_build/renum/8afc_renum.cif	/Users/mitchellparker/Desktop/rascore_build/rcsb_assembly/8afc-assembly-2.cif.gz	/Users/mitchellparker/Desktop/rascore_build/renum_assembly/8afc-assembly-2_renum.cif	/Users/mitchellparker/Desktop/rascore_build/sifts/8afc.xml.gz	/Users/mitchellparker/Desktop/rascore_build/pocket/8afcA_1_pocket.pdb
8afcB	8afc	0	B	None	None	None	None	P 63 2 2 (CF3)	8afcB1	1	GTPase KRas	RASK_HUMAN	P01116-2	G12C,C118S	G12,C118	KRAS	2P	G12C	None	None	None	None	None	P 63 2 2	169	2-31:39-58:70-164	2022-07-16	Other	335.8932	0.0025	Unbound	Unbound	131,134,135,138,139,140,141,162	GDP	None	GDP:15,16,13,12,17,11,14,18,117,28,146,116,119,147,145,120	None	None	None	None	None	None	None	None	GDP	None	None	None	None	None	STP	XRAY	2.410	0.214	MTEYKLVVVGACGVGKSALTIQLIQNHFVDEYDPTIEDSYRKQVVIDGETCLLDILDTAGQEEYSAMRDQYMRTGEGFLCVFAINNTKSFEDIHHYREQIKRVKDSEDVPMVLVGNKSDLPSRTVDTKQAQDLARSYGIPFIETSAKTRQGVDDAFYTLVREIRKHKEK	False	136.040	136.040	91.260	90.000	90.000	120.000	/Users/mitchellparker/Desktop/rascore_build/core/8afcB_core.cif	/Users/mitchellparker/Desktop/rascore_build/rcsb/8afc.cif.gz	/Users/mitchellparker/Desktop/rascore_build/renum/8afc_renum.cif	/Users/mitchellparker/Desktop/rascore_build/rcsb_assembly/8afc-assembly-2.cif.gz	/Users/mitchellparker/Desktop/rascore_build/renum_assembly/8afc-assembly-2_renum.cif	/Users/mitchellparker/Desktop/rascore_build/sifts/8afc.xml.gz	/Users/mitchellparker/Desktop/rascore_build/pocket/8afcB_1_pocket.pdb
8afcB	8afc	0	B	None	None	None	None	P 63 2 2 (CF3)	8afcB2	2	GTPase KRas	RASK_HUMAN	P01116-2	G12C,C118S	G12,C118	KRAS	2P	G12C	None	None	None	None	None	P 63 2 2	169	2-31:39-58:70-164	2022-07-16	Other	195.5397	0.0716	Unbound	Unbound	76,104,106,108,109,110,163,166,167	GDP	None	GDP:15,16,13,12,17,11,14,18,117,28,146,116,119,147,145,120	None	None	None	None	None	None	None	None	GDP	None	None	None	None	None	STP	XRAY	2.410	0.214	MTEYKLVVVGACGVGKSALTIQLIQNHFVDEYDPTIEDSYRKQVVIDGETCLLDILDTAGQEEYSAMRDQYMRTGEGFLCVFAINNTKSFEDIHHYREQIKRVKDSEDVPMVLVGNKSDLPSRTVDTKQAQDLARSYGIPFIETSAKTRQGVDDAFYTLVREIRKHKEK	False	136.040	136.040	91.260	90.000	90.000	120.000	/Users/mitchellparker/Desktop/rascore_build/core/8afcB_core.cif	/Users/mitchellparker/Desktop/rascore_build/rcsb/8afc.cif.gz	/Users/mitchellparker/Desktop/rascore_build/renum/8afc_renum.cif	/Users/mitchellparker/Desktop/rascore_build/rcsb_assembly/8afc-assembly-2.cif.gz	/Users/mitchellparker/Desktop/rascore_build/renum_assembly/8afc-assembly-2_renum.cif	/Users/mitchellparker/Desktop/rascore_build/sifts/8afc.xml.gz	/Users/mitchellparker/Desktop/rascore_build/pocket/8afcB_2_pocket.pdb
8afcB	8afc	0	B	None	None	None	None	P 63 2 2 (CF3)	8afcB3	3	GTPase KRas	RASK_HUMAN	P01116-2	G12C,C118S	G12,C118	KRAS	2P	G12C	None	None	None	None	None	P 63 2 2	169	2-31:39-58:70-164	2022-07-16	SP12	231.0757	0.3085	Unbound	Unbound	5,6,7,39,54,56,71,74,75	GDP	None	GDP:15,16,13,12,17,11,14,18,117,28,146,116,119,147,145,120	None	None	None	None	None	None	None	None	GDP	None	None	None	None	None	STP	XRAY	2.410	0.214	MTEYKLVVVGACGVGKSALTIQLIQNHFVDEYDPTIEDSYRKQVVIDGETCLLDILDTAGQEEYSAMRDQYMRTGEGFLCVFAINNTKSFEDIHHYREQIKRVKDSEDVPMVLVGNKSDLPSRTVDTKQAQDLARSYGIPFIETSAKTRQGVDDAFYTLVREIRKHKEK	False	136.040	136.040	91.260	90.000	90.000	120.000	/Users/mitchellparker/Desktop/rascore_build/core/8afcB_core.cif	/Users/mitchellparker/Desktop/rascore_build/rcsb/8afc.cif.gz	/Users/mitchellparker/Desktop/rascore_build/renum/8afc_renum.cif	/Users/mitchellparker/Desktop/rascore_build/rcsb_assembly/8afc-assembly-2.cif.gz	/Users/mitchellparker/Desktop/rascore_build/renum_assembly/8afc-assembly-2_renum.cif	/Users/mitchellparker/Desktop/rascore_build/sifts/8afc.xml.gz	/Users/mitchellparker/Desktop/rascore_build/pocket/8afcB_3_pocket.pdb
8afcB	8afc	0	B	None	None	None	None	P 63 2 2 (CF3)	8afcB4	4	GTPase KRas	RASK_HUMAN	P01116-2	G12C,C118S	G12,C118	KRAS	2P	G12C	None	None	None	None	None	P 63 2 2	169	2-31:39-58:70-164	2022-07-16	Other	311.4296	0.0345	Unbound	Unbound	92,95,96,98,99,102	GDP	None	GDP:15,16,13,12,17,11,14,18,117,28,146,116,119,147,145,120	None	None	None	None	None	None	None	None	GDP	None	None	None	None	None	STP	XRAY	2.410	0.214	MTEYKLVVVGACGVGKSALTIQLIQNHFVDEYDPTIEDSYRKQVVIDGETCLLDILDTAGQEEYSAMRDQYMRTGEGFLCVFAINNTKSFEDIHHYREQIKRVKDSEDVPMVLVGNKSDLPSRTVDTKQAQDLARSYGIPFIETSAKTRQGVDDAFYTLVREIRKHKEK	False	136.040	136.040	91.260	90.000	90.000	120.000	/Users/mitchellparker/Desktop/rascore_build/core/8afcB_core.cif	/Users/mitchellparker/Desktop/rascore_build/rcsb/8afc.cif.gz	/Users/mitchellparker/Desktop/rascore_build/renum/8afc_renum.cif	/Users/mitchellparker/Desktop/rascore_build/rcsb_assembly/8afc-assembly-2.cif.gz	/Users/mitchellparker/Desktop/rascore_build/renum_assembly/8afc-assembly-2_renum.cif	/Users/mitchellparker/Desktop/rascore_build/sifts/8afc.xml.gz	/Users/mitchellparker/Desktop/rascore_build/pocket/8afcB_4_pocket.pdb
8afcB	8afc	0	B	None	None	None	None	P 63 2 2 (CF3)	8afcB5	5	GTPase KRas	RASK_HUMAN	P01116-2	G12C,C118S	G12,C118	KRAS	2P	G12C	None	None	None	None	None	P 63 2 2	169	2-31:39-58:70-164	2022-07-16	Other	242.0954	0.0021	Unbound	Unbound	2,3,43,50,51,52	GDP	None	GDP:15,16,13,12,17,11,14,18,117,28,146,116,119,147,145,120	None	None	None	None	None	None	None	None	GDP	None	None	None	None	None	STP	XRAY	2.410	0.214	MTEYKLVVVGACGVGKSALTIQLIQNHFVDEYDPTIEDSYRKQVVIDGETCLLDILDTAGQEEYSAMRDQYMRTGEGFLCVFAINNTKSFEDIHHYREQIKRVKDSEDVPMVLVGNKSDLPSRTVDTKQAQDLARSYGIPFIETSAKTRQGVDDAFYTLVREIRKHKEK	False	136.040	136.040	91.260	90.000	90.000	120.000	/Users/mitchellparker/Desktop/rascore_build/core/8afcB_core.cif	/Users/mitchellparker/Desktop/rascore_build/rcsb/8afc.cif.gz	/Users/mitchellparker/Desktop/rascore_build/renum/8afc_renum.cif	/Users/mitchellparker/Desktop/rascore_build/rcsb_assembly/8afc-assembly-2.cif.gz	/Users/mitchellparker/Desktop/rascore_build/renum_assembly/8afc-assembly-2_renum.cif	/Users/mitchellparker/Desktop/rascore_build/sifts/8afc.xml.gz	/Users/mitchellparker/Desktop/rascore_build/pocket/8afcB_5_pocket.pdb
8afdC	8afd	0	C	None	None	None	None	C 2 2 21 (CF3)	8afdC1	1	GTPase KRas	RASK_HUMAN	P01116-2	G12V,S39C,C118S	G12,S39,C118	KRAS	2P	G12V	SP12	SP12.Unclassified	None	None	None	C 2 2 21	170	1-59:67-164	2022-07-16	SP12	250.1297	0.0110	Bound	SP12	5,6,7,39,41,54,56,71,74,75	GDP,MG,2XO	None	GDP:13,15,16,17,12,11,14,32,18,117,30,29,28,116,146,147,119,145,120|MG:17|2XO:39,5,71,54,56,6,7,75,74	None	None	SP12	SP12.Unclassified	2XO:SCc1nc2ccccc2[nH]1	None	None	None	GDP	MG	2XO	None	None	None	2XO	XRAY	1.633	0.233	GMTEYKLVVVGAVGVGKSALTIQLIQNHFVDEYDPTIEDCYRKQVVIDGETCLLDILDTAGQEEYSAMRDQYMRTGEGFLCVFAINNTKSFEDIHHYREQIKRVKDSEDVPMVLVGNKSDLPSRTVDTKQAQDLARSYGIPFIETSAKTRQGVDDAFYTLVREIRKHKEK	False	94.891	98.614	148.116	90.000	90.000	90.000	/Users/mitchellparker/Desktop/rascore_build/core/8afdC_core.cif	/Users/mitchellparker/Desktop/rascore_build/rcsb/8afd.cif.gz	/Users/mitchellparker/Desktop/rascore_build/renum/8afd_renum.cif	/Users/mitchellparker/Desktop/rascore_build/rcsb_assembly/8afd-assembly-1.cif.gz	/Users/mitchellparker/Desktop/rascore_build/renum_assembly/8afd-assembly-1_renum.cif	/Users/mitchellparker/Desktop/rascore_build/sifts/8afd.xml.gz	/Users/mitchellparker/Desktop/rascore_build/pocket/8afdC_1_pocket.pdb
8afdD	8afd	0	D	None	None	None	None	C 2 2 21 (CF3)	8afdD1	1	GTPase KRas	RASK_HUMAN	P01116-2	G12V,S39C,C118S	G12,S39,C118	KRAS	2P	G12V	SP12	SP12.Unclassified	None	None	None	C 2 2 21	170	1-59:69-164	2022-07-16	SP12	381.9287	0.0096	Bound	SP12	3,5,6,7,39,41,54,56,71,74,75	GDP,MG,2XO	None	GDP:16,13,15,12,17,14,11,32,18,117,30,28,116,146,147,119,145,120|MG:17,57|2XO:39,71,5,54,6,56,7,74,75	None	None	SP12	SP12.Unclassified	2XO:SCc1nc2ccccc2[nH]1	None	None	None	GDP	MG	2XO	None	None	None	2XO	XRAY	1.633	0.233	GMTEYKLVVVGAVGVGKSALTIQLIQNHFVDEYDPTIEDCYRKQVVIDGETCLLDILDTAGQEEYSAMRDQYMRTGEGFLCVFAINNTKSFEDIHHYREQIKRVKDSEDVPMVLVGNKSDLPSRTVDTKQAQDLARSYGIPFIETSAKTRQGVDDAFYTLVREIRKHKEK	False	94.891	98.614	148.116	90.000	90.000	90.000	/Users/mitchellparker/Desktop/rascore_build/core/8afdD_core.cif	/Users/mitchellparker/Desktop/rascore_build/rcsb/8afd.cif.gz	/Users/mitchellparker/Desktop/rascore_build/renum/8afd_renum.cif	/Users/mitchellparker/Desktop/rascore_build/rcsb_assembly/8afd-assembly-1.cif.gz	/Users/mitchellparker/Desktop/rascore_build/renum_assembly/8afd-assembly-1_renum.cif	/Users/mitchellparker/Desktop/rascore_build/sifts/8afd.xml.gz	/Users/mitchellparker/Desktop/rascore_build/pocket/8afdD_1_pocket.pdb
8cx5A	8cx5	0	A	None	None	None	None	P 1 21 1 (CF12)	8cx5A1	1	Isoform 2B of GTPase KRas	RASK_HUMAN	P01116-2	G12R,C51S,C80L,C118S	G12,C51,C80,C118	KRAS	2P	Other	SP2	SP2.Acrylamide	None	None	None	P 1 21 1	170	1-169	2022-05-19	SP2	894.1208	0.9672	Bound	SP2	9,10,12,16,34,58,59,60,61,62,63,64,68,69,72,78,88,92,95,96,99,100,102,103	MG,P7U,GDP	None	MG:17,57|P7U:68,96,64,62,61,72,99,100,103,69,102,63,60,12,10,59,95,92,88,58|GDP:16,17,13,15,12,14,11,32,18,117,30,28,116,146,147,119,145,120	None	None	SP2	SP2.Acrylamide	P7U:CC(O)C(O)(O)C(=O)N1CCN(c2nc(OCC34CCCN3CCC4)nc3c(F)c(-c4cccc5cccc(Cl)c45)ncc23)CC1CC#N	None	None	None	GDP	MG	P7U	None	None	None	P7U	XRAY	1.720	0.190	GMTEYKLVVVGARGVGKSALTIQLIQNHFVDEYDPTIEDSYRKQVVIDGETSLLDILDTAGQEEYSAMRDQYMRTGEGFLLVFAINNTKSFEDIHHYREQIKRVKDSEDVPMVLVGNKSDLPSRTVDTKQAQDLARSYGIPFIETSAKTRQGVDDAFYTLVREIRKHKEK	False	41.210	65.661	61.130	90.000	101.850	90.000	/Users/mitchellparker/Desktop/rascore_build/core/8cx5A_core.cif	/Users/mitchellparker/Desktop/rascore_build/rcsb/8cx5.cif.gz	/Users/mitchellparker/Desktop/rascore_build/renum/8cx5_renum.cif	/Users/mitchellparker/Desktop/rascore_build/rcsb_assembly/8cx5-assembly-2.cif.gz	/Users/mitchellparker/Desktop/rascore_build/renum_assembly/8cx5-assembly-2_renum.cif	/Users/mitchellparker/Desktop/rascore_build/sifts/8cx5.xml.gz	/Users/mitchellparker/Desktop/rascore_build/pocket/8cx5A_1_pocket.pdb
8cx5B	8cx5	0	B	None	None	None	None	P 1 21 1 (CF12)	8cx5B1	1	Isoform 2B of GTPase KRas	RASK_HUMAN	P01116-2	G12R,C51S,C80L,C118S	G12,C51,C80,C118	KRAS	2P	Other	SP2	SP2.Acrylamide	None	None	None	P 1 21 1	170	1-169	2022-05-19	SP2	786.9429	0.9672	Bound	SP2	9,10,12,16,34,58,59,60,61,62,63,64,68,69,72,78,92,95,96,99,100,102,103	MG,P7U,PO4,PO4,GDP,NA	None	MG:57,17|P7U:62,96,95,64,72,100,99,103,102,69,63,60,12,10,59,92,58,16,9|PO4:41,40|PO4:12,92,11|GDP:15,16,17,13,12,11,14,18,117,30,31,28,146,116,147,119,145,120|NA:122,121	None	None	SP2	SP2.Acrylamide	P7U:CC(O)C(O)(O)C(=O)N1CCN(c2nc(OCC34CCCN3CCC4)nc3c(F)c(-c4cccc5cccc(Cl)c45)ncc23)CC1CC#N	None	None	None	GDP	MG	P7U	NA,PO4	None	None	P7U	XRAY	1.720	0.190	GMTEYKLVVVGARGVGKSALTIQLIQNHFVDEYDPTIEDSYRKQVVIDGETSLLDILDTAGQEEYSAMRDQYMRTGEGFLLVFAINNTKSFEDIHHYREQIKRVKDSEDVPMVLVGNKSDLPSRTVDTKQAQDLARSYGIPFIETSAKTRQGVDDAFYTLVREIRKHKEK	False	41.210	65.661	61.130	90.000	101.850	90.000	/Users/mitchellparker/Desktop/rascore_build/core/8cx5B_core.cif	/Users/mitchellparker/Desktop/rascore_build/rcsb/8cx5.cif.gz	/Users/mitchellparker/Desktop/rascore_build/renum/8cx5_renum.cif	/Users/mitchellparker/Desktop/rascore_build/rcsb_assembly/8cx5-assembly-2.cif.gz	/Users/mitchellparker/Desktop/rascore_build/renum_assembly/8cx5-assembly-2_renum.cif	/Users/mitchellparker/Desktop/rascore_build/sifts/8cx5.xml.gz	/Users/mitchellparker/Desktop/rascore_build/pocket/8cx5B_1_pocket.pdb
8dniA	8dni	0	A	Y32out.2P-OFF	Outlier	Y32out	Y71out	P 65 2 2 (CF2)	8dniA1	1	GTPase KRas	RASK_HUMAN	P01116-2	G12C,C51S,C80L,C118S	G12,C51,C80,C118	KRAS	2P	G12C	SP2	SP2.Acrylamide	None	None	SP2-Bound	P 65 2 2	183	1-169	2022-07-11	SP2	779.5535	0.7601	Bound	SP2	9,10,11,12,16,34,58,59,60,61,62,68,72,86,88,92,95,96,99	MG,GDP,U4L	None	U4L:96,99,72,102,69,68,65,64,63,58,62,95,61,59,10,16,60,12,34	None	None	SP2	SP2.Acrylamide	U4L:CCC(=O)N1CC2(CCN(c3nc(N4CCCC4)nc(-c4c(C)ccc5[nH]ncc45)c3C#N)C2)C1	None	None	None	GDP	MG	U4L	None	None	None	U4L	XRAY	1.500	0.242	MKHHHHHHHDEVDGMTEYKLVVVGACGVGKSALTIQLIQNHFVDEYDPTIEDSYRKQVVIDGETSLLDILDTAGQEEYSAMRDQYMRTGEGFLLVFAINNTKSFEDIHHYREQIKRVKDSEDVPMVLVGNKSDLPSRTVDTKQAQDLARSYGIPFIETSAKTRQGVDDAFYTLVREIRKHKEK	True	41.202	41.202	348.500	90.000	90.000	120.000	/Users/mitchellparker/Desktop/rascore_build/core/8dniA_core.cif	/Users/mitchellparker/Desktop/rascore_build/rcsb/8dni.cif.gz	/Users/mitchellparker/Desktop/rascore_build/renum/8dni_renum.cif	/Users/mitchellparker/Desktop/rascore_build/rcsb_assembly/8dni-assembly-1.cif.gz	/Users/mitchellparker/Desktop/rascore_build/renum_assembly/8dni-assembly-1_renum.cif	/Users/mitchellparker/Desktop/rascore_build/sifts/8dni.xml.gz	/Users/mitchellparker/Desktop/rascore_build/pocket/8dniA_1_pocket.pdb
8dniA	8dni	0	A	Y32out.2P-OFF	Outlier	Y32out	Y71out	P 65 2 2 (CF2)	8dniA2	2	GTPase KRas	RASK_HUMAN	P01116-2	G12C,C51S,C80L,C118S	G12,C51,C80,C118	KRAS	2P	G12C	SP2	SP2.Acrylamide	None	None	SP2-Bound	P 65 2 2	183	1-169	2022-07-11	SP2	344.0262	0.0330	Bound	SP2	9,62,63,64,68,69,72,96,99,100,102	MG,GDP,U4L	None	U4L:96,99,72,102,69,68,65,64,63,58,62,95,61,59,10,16,60,12,34	None	None	SP2	SP2.Acrylamide	U4L:CCC(=O)N1CC2(CCN(c3nc(N4CCCC4)nc(-c4c(C)ccc5[nH]ncc45)c3C#N)C2)C1	None	None	None	GDP	MG	U4L	None	None	None	U4L	XRAY	1.500	0.242	MKHHHHHHHDEVDGMTEYKLVVVGACGVGKSALTIQLIQNHFVDEYDPTIEDSYRKQVVIDGETSLLDILDTAGQEEYSAMRDQYMRTGEGFLLVFAINNTKSFEDIHHYREQIKRVKDSEDVPMVLVGNKSDLPSRTVDTKQAQDLARSYGIPFIETSAKTRQGVDDAFYTLVREIRKHKEK	True	41.202	41.202	348.500	90.000	90.000	120.000	/Users/mitchellparker/Desktop/rascore_build/core/8dniA_core.cif	/Users/mitchellparker/Desktop/rascore_build/rcsb/8dni.cif.gz	/Users/mitchellparker/Desktop/rascore_build/renum/8dni_renum.cif	/Users/mitchellparker/Desktop/rascore_build/rcsb_assembly/8dni-assembly-1.cif.gz	/Users/mitchellparker/Desktop/rascore_build/renum_assembly/8dni-assembly-1_renum.cif	/Users/mitchellparker/Desktop/rascore_build/sifts/8dni.xml.gz	/Users/mitchellparker/Desktop/rascore_build/pocket/8dniA_2_pocket.pdb
8dnjA	8dnj	0	A	Y32out.2P-OFF	Outlier	Y32out	Y71out	P 1 21 1 (CF27)	8dnjA1	1	Isoform 2B of GTPase KRas	RASK_HUMAN	P01116-2	G12C,C51S,C80L,C118S	G12,C51,C80,C118	None	2P	G12C	SP2	SP2.Acrylamide	None	None	SP2-Bound	P 1 21 1	184	1-168	2022-07-11	SP2	903.2173	0.9554	Bound	SP2	9,10,11,12,16,34,58,59,60,61,63,64,65,66,68,69,72,95,96,99,100,103	MG,GDP,U4U	None	U4U:64,63,95,99,96,12,59,60,16,58,34,10,68,9,72,100,103	None	None	SP2	SP2.Acrylamide	U4U:C#Cc1cc2c(c(F)c1-c1c(O)cccc1Cl)OCC1CN(C(=O)CC)CCN1C2	None	None	None	GDP	MG	U4U	None	None	None	U4U	XRAY	1.810	0.242	MKHHHHHHHLVPRGSMTEYKLVVVGACGVGKSALTIQLIQNHFVDEYDPTIEDSYRKQVVIDGETSLLDILDTAGQEEYSAMRDQYMRTGEGFLLVFAINNTKSFEDIHHYREQIKRVKDSEDVPMVLVGNKSDLPSRTVDTKQAQDLARSYGIPFIETSAKTRQGVDDAFYTLVREIRKHKEK	True	37.594	112.162	57.821	90.000	96.800	90.000	/Users/mitchellparker/Desktop/rascore_build/core/8dnjA_core.cif	/Users/mitchellparker/Desktop/rascore_build/rcsb/8dnj.cif.gz	/Users/mitchellparker/Desktop/rascore_build/renum/8dnj_renum.cif	/Users/mitchellparker/Desktop/rascore_build/rcsb_assembly/8dnj-assembly-1.cif.gz	/Users/mitchellparker/Desktop/rascore_build/renum_assembly/8dnj-assembly-1_renum.cif	/Users/mitchellparker/Desktop/rascore_build/sifts/8dnj.xml.gz	/Users/mitchellparker/Desktop/rascore_build/pocket/8dnjA_1_pocket.pdb
8dnjB	8dnj	0	B	Y32out.2P-OFF	Outlier	Y32out	Y71out	P 1 21 1 (CF27)	8dnjB1	1	Isoform 2B of GTPase KRas	RASK_HUMAN	P01116-2	G12C,C51S,C80L,C118S	G12,C51,C80,C118	None	2P	G12C	SP2	SP2.Acrylamide	None	None	SP2-Bound	P 1 21 1	184	1-167	2022-07-11	SP2	465.0227	0.8720	Bound	SP2	9,63,64,68,69,72,95,96,99,100,103	MG,GDP,U4U	None	U4U:99,95,63,64,96,12,59,60,16,58,34,10,68,72,9,100	None	None	SP2	SP2.Acrylamide	U4U:C#Cc1cc2c(c(F)c1-c1c(O)cccc1Cl)OCC1CN(C(=O)CC)CCN1C2	None	None	None	GDP	MG	U4U	None	None	None	U4U	XRAY	1.810	0.242	MKHHHHHHHLVPRGSMTEYKLVVVGACGVGKSALTIQLIQNHFVDEYDPTIEDSYRKQVVIDGETSLLDILDTAGQEEYSAMRDQYMRTGEGFLLVFAINNTKSFEDIHHYREQIKRVKDSEDVPMVLVGNKSDLPSRTVDTKQAQDLARSYGIPFIETSAKTRQGVDDAFYTLVREIRKHKEK	True	37.594	112.162	57.821	90.000	96.800	90.000	/Users/mitchellparker/Desktop/rascore_build/core/8dnjB_core.cif	/Users/mitchellparker/Desktop/rascore_build/rcsb/8dnj.cif.gz	/Users/mitchellparker/Desktop/rascore_build/renum/8dnj_renum.cif	/Users/mitchellparker/Desktop/rascore_build/rcsb_assembly/8dnj-assembly-1.cif.gz	/Users/mitchellparker/Desktop/rascore_build/renum_assembly/8dnj-assembly-1_renum.cif	/Users/mitchellparker/Desktop/rascore_build/sifts/8dnj.xml.gz	/Users/mitchellparker/Desktop/rascore_build/pocket/8dnjB_1_pocket.pdb
8dnjB	8dnj	0	B	Y32out.2P-OFF	Outlier	Y32out	Y71out	P 1 21 1 (CF27)	8dnjB2	2	Isoform 2B of GTPase KRas	RASK_HUMAN	P01116-2	G12C,C51S,C80L,C118S	G12,C51,C80,C118	None	2P	G12C	SP2	SP2.Acrylamide	None	None	SP2-Bound	P 1 21 1	184	1-167	2022-07-11	SP2	328.5923	0.0009	Bound	SP2	10,11,12,16,34,59,60,61,63,68,96	MG,GDP,U4U	None	U4U:99,95,63,64,96,12,59,60,16,58,34,10,68,72,9,100	None	None	SP2	SP2.Acrylamide	U4U:C#Cc1cc2c(c(F)c1-c1c(O)cccc1Cl)OCC1CN(C(=O)CC)CCN1C2	None	None	None	GDP	MG	U4U	None	None	None	U4U	XRAY	1.810	0.242	MKHHHHHHHLVPRGSMTEYKLVVVGACGVGKSALTIQLIQNHFVDEYDPTIEDSYRKQVVIDGETSLLDILDTAGQEEYSAMRDQYMRTGEGFLLVFAINNTKSFEDIHHYREQIKRVKDSEDVPMVLVGNKSDLPSRTVDTKQAQDLARSYGIPFIETSAKTRQGVDDAFYTLVREIRKHKEK	True	37.594	112.162	57.821	90.000	96.800	90.000	/Users/mitchellparker/Desktop/rascore_build/core/8dnjB_core.cif	/Users/mitchellparker/Desktop/rascore_build/rcsb/8dnj.cif.gz	/Users/mitchellparker/Desktop/rascore_build/renum/8dnj_renum.cif	/Users/mitchellparker/Desktop/rascore_build/rcsb_assembly/8dnj-assembly-1.cif.gz	/Users/mitchellparker/Desktop/rascore_build/renum_assembly/8dnj-assembly-1_renum.cif	/Users/mitchellparker/Desktop/rascore_build/sifts/8dnj.xml.gz	/Users/mitchellparker/Desktop/rascore_build/pocket/8dnjB_2_pocket.pdb
8dnjC	8dnj	0	C	Y32out.2P-OFF	Outlier	Y32out	Y71out	P 1 21 1 (CF27)	8dnjC1	1	Isoform 2B of GTPase KRas	RASK_HUMAN	P01116-2	G12C,C51S,C80L,C118S	G12,C51,C80,C118	None	2P	G12C	SP2	SP2.Acrylamide	None	None	SP2-Bound	P 1 21 1	184	1-166	2022-07-11	SP2	600.5915	0.9640	Bound	SP2	9,10,11,12,16,34,58,59,60,61,63,68,69,72,95,96,99,100,103	MG,GDP,U4U	None	U4U:64,99,95,96,63,12,60,59,16,58,34,10,68,9,72,100	None	None	SP2	SP2.Acrylamide	U4U:C#Cc1cc2c(c(F)c1-c1c(O)cccc1Cl)OCC1CN(C(=O)CC)CCN1C2	None	None	None	GDP	MG	U4U	None	None	None	U4U	XRAY	1.810	0.242	MKHHHHHHHLVPRGSMTEYKLVVVGACGVGKSALTIQLIQNHFVDEYDPTIEDSYRKQVVIDGETSLLDILDTAGQEEYSAMRDQYMRTGEGFLLVFAINNTKSFEDIHHYREQIKRVKDSEDVPMVLVGNKSDLPSRTVDTKQAQDLARSYGIPFIETSAKTRQGVDDAFYTLVREIRKHKEK	True	37.594	112.162	57.821	90.000	96.800	90.000	/Users/mitchellparker/Desktop/rascore_build/core/8dnjC_core.cif	/Users/mitchellparker/Desktop/rascore_build/rcsb/8dnj.cif.gz	/Users/mitchellparker/Desktop/rascore_build/renum/8dnj_renum.cif	/Users/mitchellparker/Desktop/rascore_build/rcsb_assembly/8dnj-assembly-1.cif.gz	/Users/mitchellparker/Desktop/rascore_build/renum_assembly/8dnj-assembly-1_renum.cif	/Users/mitchellparker/Desktop/rascore_build/sifts/8dnj.xml.gz	/Users/mitchellparker/Desktop/rascore_build/pocket/8dnjC_1_pocket.pdb
8dnkA	8dnk	0	A	Y32out.2P-OFF	Outlier	Y32out	Y71out	P 2 3 (CF1)	8dnkA1	1	Isoform 2B of GTPase KRas	RASK_HUMAN	P01116-2	G12C,C51S,C80L,C118S	G12,C51,C80,C118	None	2P	G12C	SP2	SP2.Acrylamide	None	None	SP2-Bound	P 2 3	184	1-168	2022-07-11	SP2	640.9462	0.9714	Bound	SP2	7,9,10,12,16,34,58,59,60,61,62,63,64,68,69,72,78,96,99,100,102,103	MG,GDP,U50,SO4	None	U50:34,12,16,60,10,61,96,62,64,68,59,37,63,72,9,100,69,65	None	None	SP2	SP2.Acrylamide	U50:CCC(=O)N1CC(NC(=O)c2c(Cl)nc(CNc3n[nH]c4cc(Cl)c(C(C)(C)C)cc34)n2C)C1	None	None	None	GDP	MG	U50	SO4	None	None	U50	XRAY	2.230	0.184	MKHHHHHHHLVPRGSMTEYKLVVVGACGVGKSALTIQLIQNHFVDEYDPTIEDSYRKQVVIDGETSLLDILDTAGQEEYSAMRDQYMRTGEGFLLVFAINNTKSFEDIHHYREQIKRVKDSEDVPMVLVGNKSDLPSRTVDTKQAQDLARSYGIPFIETSAKTRQGVDDAFYTLVREIRKHKEK	True	91.181	91.181	91.181	90.000	90.000	90.000	/Users/mitchellparker/Desktop/rascore_build/core/8dnkA_core.cif	/Users/mitchellparker/Desktop/rascore_build/rcsb/8dnk.cif.gz	/Users/mitchellparker/Desktop/rascore_build/renum/8dnk_renum.cif	/Users/mitchellparker/Desktop/rascore_build/rcsb_assembly/8dnk-assembly-1.cif.gz	/Users/mitchellparker/Desktop/rascore_build/renum_assembly/8dnk-assembly-1_renum.cif	/Users/mitchellparker/Desktop/rascore_build/sifts/8dnk.xml.gz	/Users/mitchellparker/Desktop/rascore_build/pocket/8dnkA_1_pocket.pdb
