0.000000000000000000e+00,6.841464137649712063e-01,7.328043086383965177e-01,6.694743886080972706e-01,4.809530773004924709e-01,7.382627962073876615e-01,6.294245590459065731e+00,4.980084675316866161e+00,4.771290421477853094e+00,5.636799460928652028e-01,4.167432487591063994e-01,4.707717649487571099e-01,2.949427967476075385e-01,2.792611418434636783e-01,3.359730174741589193e-01,2.736334896302929920e-01,7.455706516125694128e-01,1.012530386153135176e+00,2.315722411213640974e-01,2.576644163917626296e-01,2.318438868457325108e-01,3.107237421360040663e+00,2.453704765474208571e+00,3.179844973591519075e+00,5.273044793578874900e-01,4.966202221224831348e-01,5.083418884867714205e-01,4.837702478597878386e-01,2.603163497257208636e+00,2.694887874160421415e+00,2.496848308662241056e+00,2.634676512897450085e+00,2.586652647794133397e+00,2.457006113127530700e+00,4.123779330944879473e-01,3.853653734950175380e-01,3.857815658584817231e-01,4.016238476900929055e-01,3.764504432338944828e-01,4.457185020992585622e-01,3.860280013367123342e-01,4.732775787224077213e-01,5.194503879684693182e-01,4.549241701153383111e-01,4.399957638904056223e-01,4.889610223550886481e-01,5.076492214752066356e-01,4.370757660610518069e-01,4.491818493837453907e-01,4.276462571166121385e-01,4.868648308375732037e-01,4.979918434378254322e-01,3.626471247530383413e-01,3.147315502322207692e-01,2.808123114516118402e-01,3.853023659045936578e-01,2.980174975977493146e-01,2.953273136097851470e-01,1.824320117697022292e+00,3.993188991383743724e-01,4.160873245548876165e-01,4.155496110297484114e-01,4.152721547621282538e-01,3.957247812290177191e-01,4.000636095604903630e-01,3.881839008450043149e-01,5.960679282517976629e-01
6.841464137649712063e-01,0.000000000000000000e+00,4.642398203709430793e-01,4.589395023816150165e-01,3.725169947286893213e-01,4.187450254100091307e-01,6.551507232981546913e+00,5.250735415204581535e+00,5.159517419384303416e+00,2.672391301419150267e-01,3.804210707194137231e-01,4.558732698934622740e-01,5.718615571783934870e-01,5.392338471867174077e-01,4.842144396771246306e-01,5.041825109977382535e-01,9.334880908157073831e-01,1.184091940657172382e+00,5.333194549208043478e-01,5.752462148213635107e-01,5.801280509206322433e-01,3.476454418088193776e+00,2.817801755436438516e+00,3.532254165562209280e+00,2.699615014093979526e-01,2.694244805126410069e-01,2.585397346992043266e-01,2.931573557398926000e-01,2.847759460496527062e+00,2.921018672660362636e+00,2.720600001944831536e+00,2.845275246301056882e+00,2.858267226825731200e+00,2.669164486847841911e+00,3.236969049073523119e-01,3.414199598556074133e-01,3.445871076993824444e-01,3.220450479000798727e-01,3.524870487553549148e-01,3.058685032257791869e-01,3.456007113274481291e-01,3.084390814858387064e-01,3.634068613242757428e-01,3.216349983391634249e-01,3.415485585550601666e-01,3.360989542772672145e-01,3.217231445181754634e-01,3.125327320213677207e-01,3.133202460009109069e-01,3.015279471976695103e-01,2.857332407817169684e-01,2.867051452600545836e-01,4.084900243049934265e-01,5.086162536209789531e-01,5.207882380263654243e-01,4.321495562307763327e-01,4.594635507683180187e-01,4.830387981334149927e-01,2.011540586048446322e+00,3.317699953935411283e-01,3.077381268252064594e-01,3.216364808770144079e-01,3.265427829216177025e-01,3.669567832670447838e-01,3.502130028953749363e-01,3.649600256313929036e-01,8.298184883687669267e-01
7.328043086383965177e-01,4.642398203709430793e-01,0.000000000000000000e+00,2.382402585793901295e-01,4.080630496886331615e-01,1.290405641587842045e-01,6.386147320894395740e+00,5.231361850407198588e+00,5.055527215063432500e+00,5.047398653214287823e-01,4.398354714837471868e-01,5.213847193533616142e-01,6.352167939322369561e-01,6.819227157760189284e-01,6.514295138445469480e-01,6.298480244292413710e-01,8.939986425177952611e-01,1.126012840690144401e+00,6.593143601406691312e-01,6.992341425754864392e-01,6.926074529904164834e-01,3.417365739218009679e+00,2.730682582968405381e+00,3.511750309046764773e+00,5.087364873210734606e-01,4.640115200736089629e-01,4.709684886085218625e-01,3.986040723512650485e-01,2.775976317437517160e+00,2.835897017781377372e+00,2.642919021726478412e+00,2.756972156721077205e+00,2.778662133297797432e+00,2.585271901959086183e+00,4.717092443662588286e-01,4.586050210896652768e-01,4.533151562703642834e-01,4.558026354470416375e-01,4.479503851246338098e-01,4.913663234658835477e-01,4.766203393313705461e-01,5.278651651937593670e-01,5.841890921886895294e-01,4.785540358657368598e-01,4.910590859715729950e-01,5.402205239630970546e-01,5.372688142683719192e-01,4.610294130326416662e-01,4.955523540071103961e-01,4.587413326012365067e-01,5.011919890364626706e-01,5.074821767198467448e-01,5.020186229733265559e-01,6.519016478788332014e-01,6.887111152193653441e-01,6.494474878392261230e-01,6.108223816514319893e-01,6.399292396415116047e-01,2.015735756952614199e+00,4.438701014259370803e-01,4.582407391307848910e-01,4.441863106996776778e-01,4.440813501998212010e-01,4.413343805896954297e-01,4.380909568071959526e-01,4.343156602192416171e-01,6.280852687753355479e-01
6.694743886080972706e-01,4.589395023816150165e-01,2.382402585793901295e-01,0.000000000000000000e+00,3.669990744048855502e-01,2.413117121204438054e-01,6.330248853618246407e+00,5.107115337387872600e+00,4.955587431974633361e+00,5.067523551726851316e-01,3.962993078051837981e-01,4.932923663986802931e-01,5.351555286942262235e-01,6.041734378729657351e-01,5.947484963811001668e-01,5.653580209884568886e-01,7.536385091593377217e-01,9.995510819377608769e-01,5.901818198345555322e-01,6.145239640471463760e-01,6.090683870180864101e-01,3.336231799399395737e+00,2.646397527979995612e+00,3.405333081977219845e+00,5.010754735402928040e-01,4.495028590526589651e-01,4.558517021435967709e-01,3.821404195146691496e-01,2.666003053836138559e+00,2.735623253561419777e+00,2.542504820849686986e+00,2.658160038498731392e+00,2.678852485564653385e+00,2.494588462714299570e+00,4.493928496900188030e-01,4.211867570049259157e-01,4.159373485421198335e-01,4.239085198422433698e-01,4.091448226557011791e-01,4.718864745083589662e-01,4.480291502042270113e-01,5.191111985243026528e-01,5.529888298478656816e-01,4.394751358575020306e-01,4.557258616217315650e-01,5.137290280450079738e-01,5.105373732897068306e-01,4.305491737521705553e-01,4.645741792730454511e-01,4.270953177831910419e-01,4.905872352419808902e-01,5.004899712333545914e-01,4.558701319240034411e-01,6.027360084788685457e-01,6.251450506556900377e-01,6.065956609744004302e-01,5.575083305914364518e-01,5.867608380183678696e-01,1.904033530707484045e+00,3.955608711332842531e-01,4.247875157953500680e-01,3.983461647528386274e-01,3.919184025528968385e-01,3.774933199741096757e-01,3.856326544966826586e-01,3.818674832926454155e-01,6.181606831275642255e-01
4.809530773004924709e-01,3.725169947286893213e-01,4.080630496886331615e-01,3.669990744048855502e-01,0.000000000000000000e+00,3.895978083203022191e-01,6.382868735909519309e+00,5.134158290991508444e+00,4.963978668053467658e+00,3.337421351404684655e-01,2.552437567709944788e-01,2.631819113549460076e-01,3.758619333074367241e-01,3.933168071187609360e-01,3.743216722230851556e-01,3.358126690373671730e-01,7.889338581377044468e-01,1.037675269549956480e+00,3.782639675597236351e-01,4.098965261502774404e-01,4.141888695540665855e-01,3.295747537054822818e+00,2.639478265186159245e+00,3.366740748770010949e+00,3.389653722838462668e-01,3.014604287971185403e-01,3.053492903330476405e-01,2.126806981494126225e-01,2.690454559303517179e+00,2.772758342397480202e+00,2.568500789663323403e+00,2.692025363557281725e+00,2.700221977998984890e+00,2.528659003554908136e+00,2.420909003350819322e-01,2.034007844712160673e-01,2.022505722221925872e-01,2.140862855766914319e-01,1.943256770718599369e-01,2.813864079445547173e-01,2.336758312177033836e-01,3.048162037120192847e-01,4.102469484557728641e-01,2.928040734941789736e-01,2.900252737266414971e-01,3.499272335730201910e-01,3.581196279732313803e-01,2.497455914613462835e-01,2.939760650398337005e-01,2.401741593317433254e-01,3.128681920251462079e-01,3.254074218824914433e-01,2.727619467508129447e-01,3.769230655306004540e-01,4.030404938379544832e-01,3.783284174233846331e-01,3.167926239056359505e-01,3.473475245285861934e-01,1.921068495635386064e+00,2.018890014836440816e-01,2.262787694385967052e-01,2.263327374679541260e-01,2.162093585144533592e-01,2.168639744855786200e-01,2.061457724288769389e-01,2.088800024513202402e-01,5.808487483316375766e-01
7.382627962073876615e-01,4.187450254100091307e-01,1.290405641587842045e-01,2.413117121204438054e-01,3.895978083203022191e-01,0.000000000000000000e+00,6.435722031474498728e+00,5.259344871069234095e+00,5.107680702406728557e+00,4.650716905856014938e-01,4.297130098243031604e-01,5.054471215205421641e-01,6.421616541214127949e-01,6.676000577725095253e-01,6.247274985487012433e-01,6.127616849732576698e-01,9.045670139294640366e-01,1.145000111878743176e+00,6.436025294513880723e-01,6.883947651721031846e-01,6.830630446854113469e-01,3.425557006317050401e+00,2.745355846082371265e+00,3.532833659283337369e+00,4.705405535870900158e-01,4.363197964331476109e-01,4.421921656781422905e-01,3.827727717034167809e-01,2.805966623069249266e+00,2.870497817364445758e+00,2.675185538267487395e+00,2.790837645373664522e+00,2.812253523426065716e+00,2.619032531959047727e+00,4.471975660668447983e-01,4.431823671608326465e-01,4.388486873279515144e-01,4.353009054192759075e-01,4.372594003117390993e-01,4.610822818153128000e-01,4.571705141386556148e-01,4.903668025920915330e-01,5.494491717038330059e-01,4.531978554871431419e-01,4.653929861695505488e-01,5.064492059659945200e-01,5.036324073436038162e-01,4.345693719893514717e-01,4.683090800482974103e-01,4.375344347215338603e-01,4.669450675526725103e-01,4.709486246719155611e-01,4.829583848101713928e-01,6.206590582807735013e-01,6.622334399014357942e-01,6.127827880337906041e-01,5.883799192807669387e-01,6.138850286705289649e-01,2.031832634503072388e+00,4.331735139831655035e-01,4.381531750632408628e-01,4.295325854571656610e-01,4.336658812183781797e-01,4.416928652853054360e-01,4.342321068708571707e-01,4.332120402500349576e-01,6.568893812529922327e-01
6.294245590459065731e+00,6.551507232981546913e+00,6.386147320894395740e+00,6.330248853618246407e+00,6.382868735909519309e+00,6.435722031474498728e+00,0.000000000000000000e+00,5.133590746519727688e+00,4.448059004880701828e+00,6.493473115645326921e+00,6.327019165944393286e+00,6.357774730648267258e+00,6.228588229882080718e+00,6.319734893996293401e+00,6.371301484617323041e+00,6.320438959238733112e+00,6.065798656541764089e+00,5.952573773848595984e+00,6.351025262085665979e+00,6.309914872079840364e+00,6.306958879364093384e+00,4.035106381664867570e+00,3.680486053834229665e+00,5.512620090588312038e+00,6.471827899566485520e+00,6.446724006697261089e+00,6.448338034471210456e+00,6.396620957397667340e+00,4.225803083731417331e+00,4.195902708550394600e+00,4.326157997565886149e+00,4.189966534093874984e+00,4.335061312158241087e+00,4.372259285833332676e+00,6.423282154878690697e+00,6.381677202757978229e+00,6.377000453887117004e+00,6.401064066759209581e+00,6.376248847316831281e+00,6.438545103417006921e+00,6.400231502523975102e+00,6.471239788919273650e+00,6.488797437699838966e+00,6.413538427998284774e+00,6.419821072959663866e+00,6.468418629725695368e+00,6.468245187126200335e+00,6.424757085211910912e+00,6.426287759111727560e+00,6.396563479268226438e+00,6.452870748695309189e+00,6.475920289544967900e+00,6.355261755508327504e+00,6.447971583517771776e+00,6.402128510520213922e+00,6.470064081071349449e+00,6.398771358811295329e+00,6.409442257779031316e+00,5.102600699708888854e+00,6.363764645634669925e+00,6.400938292251016293e+00,6.375089358033867448e+00,6.358195063183853968e+00,6.331218471546327109e+00,6.340600302264790322e+00,6.338858887741382730e+00,6.103070177197507995e+00
4.980084675316866161e+00,5.250735415204581535e+00,5.231361850407198588e+00,5.107115337387872600e+00,5.134158290991508444e+00,5.259344871069234095e+00,5.133590746519727688e+00,0.000000000000000000e+00,3.772715142396245280e+00,5.175596147296532834e+00,5.073656745266396761e+00,5.135978821979450437e+00,4.941589685212794514e+00,4.983352704351485585e+00,5.068571599746417355e+00,5.017210776054177757e+00,4.740111649240513536e+00,4.701342408579525234e+00,5.013097266733328006e+00,4.950200463695018094e+00,4.966187288356704421e+00,3.283295783846413407e+00,3.418439141738738751e+00,3.233241686019755701e+00,5.168761032495999608e+00,5.142626076003318225e+00,5.151789139547119589e+00,5.126214888034934525e+00,3.561158707725740058e+00,3.718094015709395350e+00,3.670597825945058457e+00,3.653453187272592384e+00,3.729679528052704640e+00,3.774136231583307577e+00,5.126201280615348743e+00,5.091657792277551664e+00,5.083041919035258260e+00,5.107186189277752142e+00,5.086008932641509439e+00,5.135020385650782337e+00,5.111972817810142011e+00,5.165068160848683476e+00,5.117454157446984730e+00,5.092856379764769237e+00,5.098959093341059123e+00,5.120716817268482046e+00,5.121121204772761004e+00,5.120418827092541036e+00,5.114292563078389975e+00,5.103228359150693727e+00,5.152892801375770659e+00,5.162637243884366178e+00,5.070222502686496213e+00,5.100093563585757828e+00,5.049050237037749689e+00,5.125087617663495188e+00,5.070305907894312902e+00,5.069311548238347953e+00,3.955585950826845387e+00,5.071876879602386090e+00,5.105630920772117776e+00,5.075344075998133420e+00,5.062652711174086662e+00,5.037479275554084701e+00,5.054739537065624511e+00,5.052999598581655150e+00,5.094456339793822508e+00
4.771290421477853094e+00,5.159517419384303416e+00,5.055527215063432500e+00,4.955587431974633361e+00,4.963978668053467658e+00,5.107680702406728557e+00,4.448059004880701828e+00,3.772715142396245280e+00,0.000000000000000000e+00,5.095281800242644543e+00,4.934554717919025002e+00,4.937570931245329753e+00,4.753776406720556125e+00,4.839889914962001605e+00,4.915507945914689536e+00,4.858714792322010645e+00,4.656977917544570467e+00,4.576482340804933990e+00,4.845884766231727703e+00,4.812533065314283931e+00,4.807524175924853260e+00,1.284574057939128711e+00,2.238033047906788475e+00,2.067989169303976915e+00,5.082520991029545243e+00,5.053564978949590447e+00,5.058251232313780044e+00,5.011510189054792619e+00,2.943354530293118554e+00,3.066483852710790270e+00,3.075592496695419786e+00,3.011858436634598846e+00,3.038169009424427802e+00,3.205979237905936419e+00,4.995895008542906801e+00,4.952295211776386985e+00,4.942939323752227665e+00,4.973994464310307784e+00,4.937248494903596630e+00,5.025815459534515028e+00,4.973211113158344965e+00,5.056388920703263956e+00,5.070690242000583936e+00,4.999860198473380812e+00,4.998407310042948026e+00,5.045898774999815650e+00,5.053549738090755028e+00,5.002214213966722056e+00,5.011629657769706370e+00,4.976627910349829875e+00,5.048559479963631524e+00,5.071515845629414265e+00,4.936913380142320840e+00,4.953760744370159230e+00,4.904259150218307717e+00,5.013648016579523414e+00,4.907040338839468774e+00,4.918094553900791865e+00,3.941209632909129290e+00,4.936382477653125100e+00,4.975632645618478733e+00,4.958818562285593146e+00,4.934961403321138640e+00,4.901677100256838671e+00,4.914600544726896558e+00,4.912990818535804216e+00,4.698598746728293918e+00
5.636799460928652028e-01,2.672391301419150267e-01,5.047398653214287823e-01,5.067523551726851316e-01,3.337421351404684655e-01,4.650716905856014938e-01,6.493473115645326921e+00,5.175596147296532834e+00,5.095281800242644543e+00,0.000000000000000000e+00,2.671388714101779471e-01,3.925202378298889849e-01,5.055511315386913562e-01,4.320010698387650727e-01,3.576299501931300417e-01,3.973439915895625174e-01,8.766353143365733791e-01,1.151326304386689481e+00,4.225644729448584380e-01,4.699895304138937413e-01,4.794168155001140019e-01,3.364735571347010179e+00,2.729521886019111054e+00,3.441690823446840408e+00,1.478917983019151783e-01,1.647715223273730212e-01,1.617773511046900203e-01,2.139029509255365724e-01,2.808038893342700515e+00,2.891870885584193474e+00,2.685488398984573699e+00,2.812921595385430074e+00,2.821372208081156074e+00,2.640922437196790096e+00,2.050164854529947789e-01,2.531700668269269427e-01,2.561350938093999163e-01,2.246304267195229909e-01,2.727620299974979901e-01,1.759009705411123392e-01,2.379102118542828215e-01,1.633436061772276238e-01,2.346252558560394941e-01,2.188534135373871869e-01,2.261084028837376247e-01,2.032245420028573890e-01,2.048897706501007776e-01,2.093401513179647122e-01,2.007305226079992011e-01,2.161740226113073038e-01,1.511650411535762351e-01,1.357140297875345514e-01,2.806612745728625513e-01,3.966039789939405646e-01,4.031307655167198356e-01,3.023304484442977391e-01,3.722310395496704061e-01,3.659163932054211310e-01,1.979649504464937815e+00,2.673248906588926999e-01,2.228112951709923795e-01,2.443557227674039711e-01,2.679068912750300901e-01,3.150585251097431372e-01,2.964179553058515770e-01,3.027849240152009069e-01,7.713207142561429031e-01
4.167432487591063994e-01,3.804210707194137231e-01,4.398354714837471868e-01,3.962993078051837981e-01,2.552437567709944788e-01,4.297130098243031604e-01,6.327019165944393286e+00,5.073656745266396761e+00,4.934554717919025002e+00,2.671388714101779471e-01,0.000000000000000000e+00,3.071032416711624302e-01,3.367096064034896252e-01,3.293210158069821980e-01,2.975389136562500703e-01,2.885076236824164475e-01,7.079483503355420426e-01,9.943895537759174230e-01,3.239014255046174240e-01,3.541263642874641349e-01,3.565301703306272829e-01,3.259103642667704914e+00,2.597384101551018176e+00,3.340590050120890719e+00,2.564939992038597905e-01,2.144688295028468472e-01,2.279193506143419867e-01,1.650951351510888399e-01,2.657958981705360824e+00,2.739545228918647268e+00,2.540279727689959355e+00,2.665957810782951576e+00,2.671686261956831565e+00,2.500336833242453149e+00,1.805967620434219822e-01,1.714453177182081178e-01,1.658665861586543500e-01,1.654771465327475877e-01,1.750982103036849702e-01,1.959805860622056972e-01,1.840627182416341434e-01,2.376694220768715560e-01,2.845865070916323569e-01,1.895788315977617322e-01,1.906215125426750367e-01,2.422733184136029450e-01,2.512450437004957182e-01,1.830607584302515745e-01,1.994211929617109857e-01,1.803617680508265708e-01,2.354015816518531812e-01,2.355592026896576874e-01,1.614355636690689155e-01,3.384014691712706746e-01,3.349715462471242189e-01,3.078209580551941049e-01,2.995399808247291018e-01,3.016667304255963300e-01,1.860449045318862016e+00,1.768576067569857246e-01,1.816864502776634749e-01,1.563396469165569125e-01,1.784336182750524691e-01,1.876303280397332574e-01,1.788112369840115790e-01,1.772455332793594907e-01,5.999249668737259844e-01
4.707717649487571099e-01,4.558732698934622740e-01,5.213847193533616142e-01,4.932923663986802931e-01,2.631819113549460076e-01,5.054471215205421641e-01,6.357774730648267258e+00,5.135978821979450437e+00,4.937570931245329753e+00,3.925202378298889849e-01,3.071032416711624302e-01,0.000000000000000000e+00,4.062819835103718691e-01,4.209049651293346184e-01,3.794012193604052730e-01,3.613149279684573778e-01,8.705224153762781691e-01,1.139899035885072909e+00,3.959137732054456293e-01,4.380961916697926339e-01,4.229610129042354338e-01,3.266913200988506460e+00,2.639192271500366616e+00,3.350367432586575323e+00,3.948852878591425641e-01,3.697824816007616588e-01,3.793985710623308805e-01,3.100164086530265983e-01,2.684210063655527723e+00,2.767436446463053645e+00,2.560214663996760898e+00,2.687612605138523403e+00,2.687035606030328871e+00,2.521919866041125058e+00,2.820408314148020179e-01,2.799837277510851541e-01,2.742522266216576576e-01,2.827354942527203208e-01,2.750587305710139319e-01,3.206057385889654610e-01,2.823319388462542934e-01,3.349149228305313697e-01,4.170573764188040267e-01,3.130972468311549184e-01,3.012586872692649687e-01,3.586804804796513424e-01,3.772739162624299536e-01,2.811620968491902461e-01,3.210857773561066608e-01,2.969326642090177049e-01,3.531888773003022397e-01,3.771413186965323905e-01,2.665315220319124379e-01,3.636690366090931104e-01,4.003824727184364662e-01,3.821395133686666390e-01,3.275911828652930957e-01,3.407983427999275450e-01,1.938650513309649215e+00,2.974745544994251700e-01,3.025094739472999339e-01,3.034552317048943015e-01,3.117058791032285003e-01,3.172142838962088707e-01,3.041163063786035958e-01,3.022781426683083805e-01,6.202096739242746182e-01
2.949427967476075385e-01,5.718615571783934870e-01,6.352167939322369561e-01,5.351555286942262235e-01,3.758619333074367241e-01,6.421616541214127949e-01,6.228588229882080718e+00,4.941589685212794514e+00,4.753776406720556125e+00,5.055511315386913562e-01,3.367096064034896252e-01,4.062819835103718691e-01,0.000000000000000000e+00,2.248312413128643328e-01,3.118877953657471225e-01,2.280830260080478067e-01,6.083062269787115062e-01,8.891117558302042978e-01,2.328149129145743734e-01,2.163302695591793612e-01,1.922127846254216010e-01,3.142102553453801406e+00,2.468951060159633837e+00,3.178599367875361459e+00,4.701225168615590921e-01,4.212385756110584856e-01,4.320433927403189434e-01,3.961831079551552670e-01,2.524368251705660704e+00,2.623823737087099151e+00,2.419443248612018760e+00,2.552175103883292717e+00,2.539986238789192274e+00,2.388847804147474108e+00,3.621716093958639582e-01,3.071884154224952534e-01,3.064130610333364868e-01,3.296837663794227047e-01,2.991162931104088263e-01,3.935651159138766064e-01,3.312801638679346294e-01,4.384736366348319647e-01,4.818021825461404339e-01,3.775323407994249370e-01,3.784666587339572952e-01,4.475773046425910451e-01,4.532350303216405862e-01,3.692708380475807073e-01,3.861151641348957164e-01,3.429408768742832625e-01,4.431993256831830985e-01,4.568784502565239047e-01,3.171842542245560392e-01,3.382712713129266136e-01,3.062495618099714267e-01,3.819197912365328573e-01,2.834177090593927306e-01,3.084463511338204622e-01,1.739402863882254735e+00,2.961269888666251959e-01,3.337033012461679271e-01,3.150119458886690982e-01,2.973350555055210842e-01,2.695389793240746679e-01,2.803258902173603739e-01,2.743540137197602036e-01,6.183810750289141511e-01
2.792611418434636783e-01,5.392338471867174077e-01,6.819227157760189284e-01,6.041734378729657351e-01,3.933168071187609360e-01,6.676000577725095253e-01,6.319734893996293401e+00,4.983352704351485585e+00,4.839889914962001605e+00,4.320010698387650727e-01,3.293210158069821980e-01,4.209049651293346184e-01,2.248312413128643328e-01,0.000000000000000000e+00,1.723917504448505000e-01,1.132659212712509994e-01,7.104523429121497591e-01,9.964448767657964057e-01,1.230690864705123871e-01,9.434910866286037867e-02,1.006805356028910720e-01,3.153178013638519683e+00,2.509116240921357210e+00,3.220671488097065271e+00,3.784572842239939949e-01,3.608347151715249335e-01,3.622509575370161383e-01,3.766656697722632341e-01,2.601380391881658038e+00,2.709581069539188647e+00,2.498991699335224581e+00,2.635325083621272491e+00,2.619073730602807348e+00,2.472096093833068942e+00,3.027468724168932979e-01,2.780258316232954163e-01,2.771275558447227616e-01,2.896779209402462474e-01,2.824389541166149598e-01,3.159606235464003654e-01,2.803317728154144928e-01,3.323390869343673115e-01,3.813583291588825697e-01,3.231683503236388311e-01,3.147566198682091310e-01,3.505672354212573949e-01,3.564708882193483030e-01,3.179146114136038870e-01,3.104568721181169555e-01,2.951300351678608491e-01,3.638032365437327553e-01,3.656450861504844108e-01,2.830604030734129584e-01,2.210862362730805497e-01,1.750120418324061788e-01,2.422552643884940404e-01,1.858262408872553006e-01,1.853317811413487948e-01,1.805232871335389344e+00,2.847509222005738527e-01,2.907433655042837017e-01,2.917697750193050110e-01,2.843332975701981513e-01,2.928287328947054013e-01,2.899287926894314471e-01,2.911423979732911116e-01,6.894440021886488745e-01
3.359730174741589193e-01,4.842144396771246306e-01,6.514295138445469480e-01,5.947484963811001668e-01,3.743216722230851556e-01,6.247274985487012433e-01,6.371301484617323041e+00,5.068571599746417355e+00,4.915507945914689536e+00,3.576299501931300417e-01,2.975389136562500703e-01,3.794012193604052730e-01,3.118877953657471225e-01,1.723917504448505000e-01,0.000000000000000000e+00,1.515804961751482938e-01,7.556837067172121891e-01,1.043525200384347817e+00,1.828352498302087681e-01,2.204602911408068411e-01,2.133644666937376533e-01,3.216160000706818956e+00,2.574537057834729747e+00,3.295205968618164505e+00,3.050665168979694863e-01,3.054776780544229964e-01,3.118508271842923008e-01,3.361746794592709309e-01,2.675582875206487632e+00,2.779622964935161811e+00,2.571410244669521727e+00,2.704429993965808965e+00,2.696304380984861027e+00,2.541214747159915799e+00,2.506787305458511028e-01,2.579525213662127170e-01,2.593646644375815491e-01,2.548166797172655151e-01,2.726674037405523165e-01,2.531096541806172051e-01,2.429387151272361933e-01,2.572009607549257115e-01,3.229141997024832511e-01,2.747974855587819176e-01,2.630182470242159454e-01,2.904818141595374992e-01,3.015557804860253266e-01,2.655618202446937692e-01,2.567815935534525917e-01,2.571618151992796086e-01,2.923180999575225036e-01,2.987063243077194286e-01,2.258653233737562271e-01,1.986708814489944186e-01,1.588445060466616154e-01,1.732561263636425430e-01,1.829441175873595948e-01,1.615403080055707596e-01,1.869075752951347535e+00,2.805322439870520657e-01,2.628212422827954087e-01,2.775019828172408665e-01,2.830055988662338318e-01,3.106400680432654937e-01,2.972768105580056441e-01,3.011136833585565942e-01,6.921972676555401272e-01
2.736334896302929920e-01,5.041825109977382535e-01,6.298480244292413710e-01,5.653580209884568886e-01,3.358126690373671730e-01,6.127616849732576698e-01,6.320438959238733112e+00,5.017210776054177757e+00,4.858714792322010645e+00,3.973439915895625174e-01,2.885076236824164475e-01,3.613149279684573778e-01,2.280830260080478067e-01,1.132659212712509994e-01,1.515804961751482938e-01,0.000000000000000000e+00,7.340611305959467980e-01,1.013348363368111293e+00,1.038635555446593972e-01,1.316528771706054479e-01,1.304730839114184304e-01,3.179935979858483641e+00,2.525003331248286020e+00,3.249988386002148566e+00,3.508478884422442934e-01,3.313404408776537413e-01,3.341514617736821013e-01,3.276727894903613825e-01,2.610307955809610281e+00,2.716404061938461734e+00,2.505427255139184961e+00,2.638342753841254051e+00,2.626520732747356757e+00,2.475410072956978791e+00,2.564662888938211149e-01,2.285970403876914081e-01,2.288714856910753770e-01,2.411059299384159249e-01,2.322033866107768019e-01,2.792610706978064794e-01,2.340106129690709136e-01,2.949232800948572986e-01,3.769804565550572417e-01,2.981471480781194838e-01,2.880894547587194432e-01,3.330574994733906391e-01,3.428543444549556618e-01,2.803969085163001695e-01,2.856521723419636616e-01,2.554592163564642360e-01,3.258774088702363070e-01,3.340495339986648826e-01,2.328808097558296430e-01,1.786765731342213892e-01,1.546583947364056633e-01,2.163997828209257845e-01,1.328446966302203047e-01,1.374926507315129831e-01,1.821508909816967448e+00,2.422567640602469041e-01,2.472914932231392027e-01,2.565157204887182352e-01,2.480801480279145321e-01,2.598532403626773180e-01,2.486523453572036246e-01,2.519209381080776411e-01,6.323379630130876450e-01
7.455706516125694128e-01,9.334880908157073831e-01,8.939986425177952611e-01,7.536385091593377217e-01,7.889338581377044468e-01,9.045670139294640366e-01,6.065798656541764089e+00,4.740111649240513536e+00,4.656977917544570467e+00,8.766353143365733791e-01,7.079483503355420426e-01,8.705224153762781691e-01,6.083062269787115062e-01,7.104523429121497591e-01,7.556837067172121891e-01,7.340611305959467980e-01,0.000000000000000000e+00,4.113414154507030740e-01,7.349608151562576630e-01,7.106924228450187675e-01,7.034241055278979138e-01,3.028670481709719642e+00,2.363900700873470928e+00,3.054742183855668980e+00,8.527481404515209196e-01,8.003046511543272512e-01,8.185207321888509080e-01,7.810881238079999678e-01,2.416325186420283710e+00,2.503248882953027721e+00,2.330863553795623044e+00,2.466089876899812072e+00,2.461862735296467708e+00,2.312158507830298415e+00,7.924324958821524767e-01,7.528294973794562583e-01,7.526491698234096805e-01,7.650632883031087683e-01,7.533571402207653867e-01,8.013604279357857685e-01,7.724049084941779775e-01,8.582780450728990651e-01,8.281416158731474964e-01,7.667280875455365630e-01,7.763719840185763221e-01,8.307011404974437019e-01,8.345306060889475797e-01,7.828794217444993153e-01,7.928144504830939576e-01,7.759009063234624248e-01,8.467033945677270301e-01,8.534685620520823246e-01,7.339130715103692193e-01,8.125418348336539420e-01,7.725453848755267083e-01,8.261074774114699482e-01,7.905314727094625571e-01,7.886852637818758671e-01,1.631940892816999167e+00,7.437911298170831742e-01,7.736113381818267021e-01,7.331199859966776033e-01,7.342354159668650349e-01,6.989150832744354114e-01,7.199211924682027419e-01,7.087289789795144790e-01,9.209035414710475820e-01
1.012530386153135176e+00,1.184091940657172382e+00,1.126012840690144401e+00,9.995510819377608769e-01,1.037675269549956480e+00,1.145000111878743176e+00,5.952573773848595984e+00,4.701342408579525234e+00,4.576482340804933990e+00,1.151326304386689481e+00,9.943895537759174230e-01,1.139899035885072909e+00,8.891117558302042978e-01,9.964448767657964057e-01,1.043525200384347817e+00,1.013348363368111293e+00,4.113414154507030740e-01,0.000000000000000000e+00,1.018165624492112897e+00,9.967648992171077582e-01,9.966334486357523170e-01,3.032035489903792680e+00,2.350245718588620303e+00,3.039962823064571662e+00,1.136117208274013191e+00,1.085783928953585109e+00,1.097857840921583117e+00,1.045340274558826499e+00,2.338797548499124357e+00,2.413937962118390512e+00,2.262948295019762579e+00,2.391547966697213923e+00,2.390748548832440257e+00,2.248329955660029356e+00,1.073814309348864571e+00,1.027143661627052396e+00,1.030979798163301764e+00,1.043998709079478227e+00,1.027471669424947720e+00,1.086833776094739967e+00,1.052849720219313001e+00,1.138666052142466967e+00,1.135482312892435619e+00,1.067593161366872101e+00,1.076432125162710918e+00,1.131854454279949795e+00,1.136161856303219642e+00,1.071078718680889219e+00,1.084962214133608827e+00,1.055491221609787589e+00,1.132242013383438328e+00,1.140828352765393072e+00,1.037224005945251104e+00,1.096455203810223322e+00,1.053366375566434865e+00,1.113754908506190633e+00,1.061213593474440442e+00,1.067392321529169852e+00,1.602983669593877725e+00,1.019020703006531026e+00,1.052502309060775687e+00,1.018643832880710143e+00,1.011827191283403593e+00,9.740115491891608857e-01,9.920530625052433882e-01,9.850450053547831208e-01,1.099753623883011011e+00
2.315722411213640974e-01,5.333194549208043478e-01,6.593143601406691312e-01,5.901818198345555322e-01,3.782639675597236351e-01,6.436025294513880723e-01,6.351025262085665979e+00,5.013097266733328006e+00,4.845884766231727703e+00,4.225644729448584380e-01,3.239014255046174240e-01,3.959137732054456293e-01,2.328149129145743734e-01,1.230690864705123871e-01,1.828352498302087681e-01,1.038635555446593972e-01,7.349608151562576630e-01,1.018165624492112897e+00,0.000000000000000000e+00,1.327221881255555846e-01,1.107427428995629848e-01,3.155339477943591486e+00,2.512494146994989741e+00,3.220854634963233654e+00,3.780656121646617240e-01,3.533333235823774565e-01,3.605446902855747870e-01,3.641478967916328968e-01,2.620570729921410269e+00,2.723471831412848765e+00,2.515759161841364389e+00,2.651514237308757682e+00,2.625370198483055972e+00,2.481862568883678843e+00,2.801515026945056719e-01,2.571860846006140955e-01,2.576578840851489471e-01,2.683411856785505312e-01,2.587233467669856624e-01,3.020304052528899330e-01,2.578479692905235598e-01,3.213735058962370328e-01,3.837426602558248190e-01,3.169263078847486259e-01,3.052240661206633288e-01,3.468911296902479902e-01,3.595268449982998438e-01,3.000944053368954090e-01,3.040194237761173479e-01,2.822127339621960385e-01,3.493148403299449201e-01,3.557527486557541807e-01,2.567525766699463308e-01,1.695364855220931333e-01,1.259934648825145609e-01,2.211884677146011557e-01,1.335522754338578089e-01,1.385903275392291745e-01,1.828875948322288059e+00,2.706173849801682407e-01,2.734038144077327592e-01,2.821989349203263830e-01,2.785890841449297772e-01,2.861713573793853160e-01,2.797329978540756823e-01,2.783348035107310325e-01,6.459204736569010841e-01
2.576644163917626296e-01,5.752462148213635107e-01,6.992341425754864392e-01,6.145239640471463760e-01,4.098965261502774404e-01,6.883947651721031846e-01,6.309914872079840364e+00,4.950200463695018094e+00,4.812533065314283931e+00,4.699895304138937413e-01,3.541263642874641349e-01,4.380961916697926339e-01,2.163302695591793612e-01,9.434910866286037867e-02,2.204602911408068411e-01,1.316528771706054479e-01,7.106924228450187675e-01,9.967648992171077582e-01,1.327221881255555846e-01,0.000000000000000000e+00,8.408713997468640622e-02,3.136118678250985337e+00,2.491984104956913804e+00,3.189127566568164873e+00,4.222298934147229454e-01,3.989123765561308210e-01,4.012073087482839195e-01,4.036372498802354158e-01,2.591466987754910800e+00,2.701476060638608789e+00,2.491233496172082340e+00,2.625811738950730057e+00,2.608723877095290078e+00,2.464326267158858830e+00,3.376013191634283928e-01,3.016706350447392326e-01,3.013336732802581186e-01,3.174811510599294673e-01,3.004397858557643630e-01,3.572889642217377260e-01,3.112558758185229313e-01,3.762280021504751937e-01,4.250099191656804831e-01,3.619601697860475031e-01,3.541430831451506944e-01,3.930546792375900211e-01,3.993981727195721199e-01,3.552562451714740832e-01,3.545680669836926979e-01,3.306015392018070154e-01,4.030816326281422834e-01,4.036853729899158583e-01,3.093565377088577928e-01,2.416428096940818060e-01,2.012577940394313925e-01,2.852301554701059394e-01,2.095228455390263644e-01,2.117026444072068192e-01,1.791813199122775480e+00,3.050980648811216778e-01,3.197263522848888817e-01,3.190484353294314457e-01,3.053022803299140220e-01,3.052623389152075428e-01,3.058421760618104668e-01,3.062133496507136732e-01,6.795384870606450134e-01
2.318438868457325108e-01,5.801280509206322433e-01,6.926074529904164834e-01,6.090683870180864101e-01,4.141888695540665855e-01,6.830630446854113469e-01,6.306958879364093384e+00,4.966187288356704421e+00,4.807524175924853260e+00,4.794168155001140019e-01,3.565301703306272829e-01,4.229610129042354338e-01,1.922127846254216010e-01,1.006805356028910720e-01,2.133644666937376533e-01,1.304730839114184304e-01,7.034241055278979138e-01,9.966334486357523170e-01,1.107427428995629848e-01,8.408713997468640622e-02,0.000000000000000000e+00,3.135391049370190419e+00,2.483678564187620008e+00,3.192526241059904901e+00,4.306891717934270836e-01,4.029392556611494092e-01,4.093139858114173135e-01,4.106079658967067281e-01,2.598432768604488796e+00,2.709532665711018584e+00,2.497265873772361200e+00,2.632910057848796725e+00,2.613666452543018881e+00,2.470467805057931177e+00,3.350328026486238397e-01,3.032540403905674697e-01,3.015797336942634965e-01,3.176177801821948310e-01,3.014646279562285813e-01,3.576306803468650708e-01,3.085924255453042497e-01,3.833461707988531919e-01,4.270358086881164694e-01,3.574261949225018276e-01,3.493066010957128764e-01,3.961133659509396554e-01,4.048150679458636936e-01,3.491962546311109250e-01,3.527079334878547301e-01,3.298125177856033874e-01,4.061072801009145139e-01,4.127344733885963124e-01,2.956596968925943036e-01,2.250142683318841763e-01,1.868495937986630051e-01,2.813544911844256258e-01,1.993657770798247797e-01,2.028157811449085579e-01,1.799391979886421522e+00,3.077023204547187918e-01,3.211621083215527861e-01,3.205944951063175452e-01,3.114139394626740387e-01,3.080455838998911178e-01,3.096763013376945817e-01,3.062551503540789088e-01,6.681320003686721520e-01
3.107237421360040663e+00,3.476454418088193776e+00,3.417365739218009679e+00,3.336231799399395737e+00,3.295747537054822818e+00,3.425557006317050401e+00,4.035106381664867570e+00,3.283295783846413407e+00,1.284574057939128711e+00,3.364735571347010179e+00,3.259103642667704914e+00,3.266913200988506460e+00,3.142102553453801406e+00,3.153178013638519683e+00,3.216160000706818956e+00,3.179935979858483641e+00,3.028670481709719642e+00,3.032035489903792680e+00,3.155339477943591486e+00,3.136118678250985337e+00,3.135391049370190419e+00,0.000000000000000000e+00,1.894759016994749690e+00,8.976651396282177009e-01,3.373321115624940525e+00,3.348254583207090018e+00,3.343695524253237572e+00,3.320440743157570651e+00,2.413419866362871424e+00,2.588264639835964775e+00,2.494535386547717337e+00,2.499498507745537168e+00,2.488415964453289941e+00,2.574693743076249319e+00,3.307450674645044497e+00,3.275307642341027226e+00,3.270161812887965258e+00,3.293285132942167515e+00,3.269429158539006952e+00,3.321168748739663279e+00,3.287364385440277204e+00,3.340898099750281069e+00,3.324204979407435534e+00,3.300583764663614250e+00,3.295030122888436885e+00,3.321346059263584394e+00,3.333811026358971308e+00,3.310966712639163756e+00,3.314055167715692196e+00,3.305548084653075147e+00,3.359507571421223027e+00,3.360178296944353882e+00,3.241410569091331961e+00,3.197587898245237259e+00,3.191869545672917585e+00,3.276990760098731137e+00,3.204652152384973807e+00,3.197421173245503567e+00,2.764657751220624071e+00,3.276073332341911559e+00,3.304901332565491678e+00,3.277194905225866872e+00,3.271989816365331816e+00,3.251196127639176314e+00,3.260061973965629800e+00,3.254310390475025017e+00,3.159968385900425059e+00
2.453704765474208571e+00,2.817801755436438516e+00,2.730682582968405381e+00,2.646397527979995612e+00,2.639478265186159245e+00,2.745355846082371265e+00,3.680486053834229665e+00,3.418439141738738751e+00,2.238033047906788475e+00,2.729521886019111054e+00,2.597384101551018176e+00,2.639192271500366616e+00,2.468951060159633837e+00,2.509116240921357210e+00,2.574537057834729747e+00,2.525003331248286020e+00,2.363900700873470928e+00,2.350245718588620303e+00,2.512494146994989741e+00,2.491984104956913804e+00,2.483678564187620008e+00,1.894759016994749690e+00,0.000000000000000000e+00,2.199461684690846131e+00,2.735243479545288903e+00,2.705200016291458898e+00,2.696482263570039173e+00,2.656226483409227512e+00,1.694218154902900286e+00,1.889672031304579392e+00,1.748633259713865629e+00,1.760389008013198087e+00,1.771998825994236082e+00,1.822551087551687710e+00,2.661542220513728463e+00,2.624811256525934056e+00,2.624221777225711705e+00,2.641999738937237829e+00,2.617979197536785652e+00,2.681369087046622468e+00,2.644248778275204437e+00,2.706178561142105643e+00,2.696058617857343798e+00,2.657874653945596854e+00,2.655386391664702028e+00,2.689170141021813620e+00,2.703193090386096120e+00,2.666276744309580060e+00,2.670589561664719280e+00,2.657754001052136772e+00,2.722434342698676790e+00,2.723618806547889015e+00,2.603873661087979130e+00,2.569247781828119415e+00,2.559899010305415779e+00,2.643614842632667550e+00,2.561596036428307688e+00,2.566308331762634509e+00,2.005236684095102806e+00,2.619081182182233292e+00,2.655335392287050844e+00,2.625908104176920776e+00,2.620804749430497349e+00,2.594770851087494279e+00,2.601379021483706477e+00,2.597364549822625879e+00,2.429884924027998938e+00
