0.000000000000000000e+00,3.164129284995294000e-01,5.202680488034130413e-01,6.383025771094872347e-01,3.661127285614802496e-01,6.506221011073400895e-01,3.992540752985882513e+00,3.941516788992177833e+00,3.964378006912948393e+00,3.111571358807627696e-01,2.253340433248354202e-01,4.800952398800286680e-01,5.181563552751460300e-01,2.669029447743622718e-01,3.784851505959030415e-01,3.324210436194445784e-01,6.347273463994438369e-01,3.569769060854205200e+00,3.117183295388814557e-01,4.050427259534794544e-01,3.107832639913306050e-01,3.999013120731463200e+00,3.992358942744360206e+00,3.994238645101775731e+00,1.287420368236500412e-01,2.104428906728197379e-01,1.351000495987682015e-01,1.707856804027727549e-01,3.898412076406332361e+00,3.884114905574593379e+00,3.892509663792051988e+00,3.900053099564887660e+00,3.898741322319549063e+00,3.895981709262356318e+00,1.961841482825770200e-01,1.842986541895486052e-01,2.070271392331188842e-01,2.248513931924871478e-01,1.945289878394342864e-01,2.154583418887610069e-01,1.793543750668578074e-01,2.218059159627936427e-01,2.362397522708077346e-01,1.984518987892038844e-01,1.958827153148967604e-01,2.224454451783770548e-01,2.551785734204741196e-01,2.465464885849844023e-01,2.120042300784374945e-01,1.937788417286900877e-01,1.486547581413015795e-01,1.250712541996981120e-01,1.569507410646857615e-01,3.349306048396902824e-01,2.173534956210536606e-01,2.991118926022655611e-01,2.146710043341002461e-01,2.364043545006238034e-01,4.419804617438236605e-01,1.984518987892038844e-01,2.237271023729108244e-01,2.170370934157623832e-01,1.931797151842178373e-01,1.716335384730438562e-01,1.964858010397472210e-01,1.878272391846840250e-01,6.344722844389942829e-01
3.164129284995294000e-01,0.000000000000000000e+00,1.160022178089854528e-01,2.321421708763251601e-01,7.255264341998057809e-02,1.275127374523012946e-01,3.983432120221126027e+00,3.919414524678133560e+00,3.947793583422550157e+00,1.844450429341824016e-01,6.706844655676480471e-02,2.296997726565859210e-01,1.233758071859745176e-01,8.985662764067581243e-02,7.882936422657893516e-02,5.364225444582348956e-02,5.739885155658941418e-01,3.556047801316903012e+00,5.204806544189666262e-02,1.238590777556256572e-01,8.882499395660903296e-02,3.997941139581429493e+00,3.989726112049641671e+00,3.991926222495974841e+00,9.777912910114938683e-02,6.231388512643687427e-02,7.283240672714752506e-02,9.875175950207992770e-02,3.889440481418863005e+00,3.874563978983783130e+00,3.883293836827597545e+00,3.891150767120612031e+00,3.889783574936679145e+00,3.886908640574144869e+00,6.458165903605750380e-02,6.136645127070816663e-02,6.537594568063465061e-02,6.599702447512978409e-02,7.106949875022516849e-02,6.671036354298154336e-02,7.527914554403780656e-02,7.414495346466565273e-02,9.457093895413315465e-02,7.162391586368688223e-02,6.231388512643687427e-02,6.860080740945506683e-02,8.009576570883591984e-02,5.412513661059192849e-02,6.145228640282951460e-02,8.667751681200952518e-02,4.801430232596137770e-02,8.127352438202439799e-02,7.738042181754645199e-02,4.363225345767385299e-02,5.236500504574226333e-02,7.718822490786725332e-02,9.745596185841742809e-02,9.277614695804814460e-02,3.661127285614802496e-01,6.205478562415400745e-02,8.759471854810096936e-02,6.951013957245955055e-02,7.190191747131358113e-02,8.515933932645469717e-02,7.070106247537344402e-02,9.734835534941077562e-02,2.062545169346232665e-01
5.202680488034130413e-01,1.160022178089854528e-01,0.000000000000000000e+00,8.226141941361109211e-02,2.847671404620242264e-01,7.153136614077193478e-02,3.782171493814185048e+00,3.759297145733233592e+00,3.937513086741184498e+00,5.712988910761844785e-01,3.515499347865280733e-01,3.215190946952364293e-01,1.763325726948483663e-01,1.577650468113462878e-01,1.803670796158596268e-01,1.222917929288873662e-01,1.978459573558164486e-01,3.599159706418907589e+00,1.565443460591890990e-01,2.095087033503766349e-01,2.045595570784000117e-01,3.997646256553548660e+00,3.999943676503444845e+00,3.999983885760132196e+00,2.129436483685842596e-01,2.674258311052248871e-01,2.030244270018219943e-01,3.742049754707821307e-01,3.942601142010039972e+00,3.931670845106517653e+00,3.938117652215817888e+00,3.943839891468209125e+00,3.942849957324333410e+00,3.940760227665407456e+00,1.759028855719009243e-01,1.706445657229902491e-01,1.633834920725703022e-01,1.782003261292022245e-01,1.863531277409089526e-01,1.878272391846838030e-01,1.930300711339303366e-01,2.186212761569863439e-01,1.776246334044098152e-01,1.754736985355229706e-01,1.669951561862039746e-01,1.643521458229675325e-01,1.572219517876813910e-01,1.368712555468489800e-01,1.707856804027727549e-01,1.557330723409411366e-01,2.695221249435482136e-01,3.236100771122114583e-01,3.421200752892408214e-01,1.754736985355229706e-01,2.354175471300934408e-01,1.786326783876455160e-01,1.375065254715879259e-01,1.642135989309283506e-01,4.958601664454831415e-01,1.717750431098423736e-01,1.784885054802882731e-01,1.747594984312332844e-01,1.876795795574202064e-01,2.084212998499632707e-01,1.747594984312332844e-01,2.269463902170345548e-01,1.813825001947613202e-01
6.383025771094872347e-01,2.321421708763251601e-01,8.226141941361109211e-02,0.000000000000000000e+00,4.505523566993390183e-01,9.788696740969293764e-02,3.633081623771492463e+00,3.834537466382468729e+00,3.821078809355968442e+00,7.874679280635754619e-01,5.315919496556598123e-01,4.954001311237981042e-01,2.544965421099565361e-01,2.295373773350897206e-01,3.186777267776241818e-01,1.653235395075574043e-01,2.126302911402397910e-01,3.533882393840682923e+00,2.263008030612883026e-01,2.905385348722180350e-01,2.847671404620246705e-01,3.983432120221126027e+00,3.994705375886677956e+00,3.992897818076216687e+00,3.606954556363752840e-01,4.291500576058364658e-01,3.480001438713609119e-01,5.586557556909550470e-01,3.974495285260596145e+00,3.967016795646230776e+00,3.971465722039725144e+00,3.975322045174274344e+00,3.974661720063564552e+00,3.973258226032601925e+00,2.797610532706416020e-01,2.568873714894488458e-01,2.679491924311228068e-01,2.833326446790502828e-01,2.634291852336057005e-01,3.283852772634596739e-01,2.712748353353600095e-01,3.679265550626931169e-01,3.150952059857052845e-01,2.505913818821345895e-01,2.405368568942283236e-01,2.976444990515276778e-01,2.854856425038914125e-01,1.848845409800388140e-01,2.450375816596079837e-01,2.347607505280371321e-01,4.317461814688572375e-01,4.979325926098594479e-01,5.202680488034130413e-01,2.101312767959497840e-01,3.891773070397936962e-01,3.164129284995294000e-01,2.039448484787689253e-01,1.978459573558166706e-01,4.724079427307157353e-01,2.462108019109894297e-01,2.541558454603807249e-01,2.497461621403003207e-01,2.649897610561804395e-01,2.892714796789868092e-01,2.497461621403003207e-01,3.107832639913308270e-01,2.916266131060210043e-01
3.661127285614802496e-01,7.255264341998057809e-02,2.847671404620242264e-01,4.505523566993390183e-01,0.000000000000000000e+00,3.022411103786302178e-01,3.995225012722450231e+00,3.992450120985871820e+00,3.857230804282034242e+00,1.767627597865639721e-01,2.558614551357589750e-01,5.172189981365158395e-01,1.129756719436127987e-01,1.727671346715013989e-01,8.944327575531274555e-02,1.647681219843815104e-01,8.775660938765239560e-01,3.514218175061766924e+00,1.498455863310839131e-01,3.535290731465294822e-01,1.098738496403903753e-01,3.985806751645950996e+00,3.996009499198710735e+00,3.994422490571267748e+00,1.515737300478936511e-01,1.854713124357525444e-01,1.942287643697562238e-01,2.171952673647392640e-01,3.971348094263199791e+00,3.963453912480242813e+00,3.968143479331696533e+00,3.972224446657174113e+00,3.971524445847462559e+00,3.970038338511673537e+00,1.438071552705302292e-01,1.362374044756970992e-01,1.299770363712771104e-01,1.444577177625208098e-01,1.452402579697749108e-01,1.521073814033324645e-01,1.271450597355514578e-01,1.259231761890320378e-01,1.863531277409091746e-01,1.580369310458404897e-01,1.489189919648672422e-01,1.502435436669007363e-01,1.328391470055965140e-01,1.007110913156050724e-01,1.344701738822011716e-01,1.358577750835781028e-01,1.322143879817716527e-01,1.557330723409413586e-01,1.221716328427682186e-01,1.509079327753735100e-01,1.190675591493113306e-01,1.165886955032764405e-01,9.788696740969293764e-02,1.118219592144316099e-01,5.415849299541601880e-01,1.479951605687572780e-01,1.297295806279765706e-01,1.335907347322029537e-01,1.315910513579410246e-01,1.259231761890320378e-01,1.408327822394863649e-01,1.375065254715879259e-01,5.074204676908544709e-01
6.506221011073400895e-01,1.275127374523012946e-01,7.153136614077193478e-02,9.788696740969293764e-02,3.022411103786302178e-01,0.000000000000000000e+00,3.835924892039859202e+00,3.599578878809879257e+00,3.812025045986113359e+00,5.949484546112366878e-01,3.707560655450616860e-01,5.195637450263355106e-01,2.598045114558806823e-01,2.373930958700154470e-01,2.591167463848598196e-01,1.679739795144445935e-01,2.202108852867386002e-01,3.482781001863483716e+00,2.341048142821460232e-01,2.992955500088740894e-01,2.934442394408205423e-01,3.991222206257952543e+00,3.998578945281178409e+00,3.997578049409191259e+00,2.282401567078244931e-01,2.844082029130927669e-01,2.179869516232642024e-01,3.939489039610803989e-01,3.962113443491625642e+00,3.953119418609601698e+00,3.958445621243531498e+00,3.963121037481268427e+00,3.962316038360339299e+00,3.960611314809932892e+00,2.592886081202006032e-01,2.529650826748492953e-01,2.442011708685520865e-01,2.620456037345249012e-01,2.718016755655980887e-01,2.560323084013305106e-01,2.797610532706413800e-01,2.405368568942281016e-01,2.132572233443248422e-01,2.587731820104210989e-01,2.485650939083732247e-01,2.364043545006235814e-01,2.367337201218260301e-01,1.873844259266999046e-01,2.531350320324623482e-01,2.349248690326575240e-01,2.865649622699006915e-01,3.421200752892414876e-01,3.610954881850694242e-01,1.832754818905375505e-01,2.514379338747330106e-01,1.927309481682668579e-01,2.010369420786743966e-01,1.717750431098421515e-01,4.931027055996171082e-01,2.543261671970356019e-01,2.623911815678892090e-01,2.579151993798609599e-01,2.733850384501517183e-01,2.980110364106163257e-01,2.579151993798609599e-01,3.198128922021163945e-01,2.364043545006238034e-01
3.992540752985882513e+00,3.983432120221126027e+00,3.782171493814185048e+00,3.633081623771492463e+00,3.995225012722450231e+00,3.835924892039859202e+00,0.000000000000000000e+00,3.872487262547699149e+00,3.806670585726601441e+00,3.908271770908598342e+00,3.982889722747620986e+00,3.989225469926311884e+00,3.929206916603612765e+00,3.929298937524626556e+00,3.998141847382525871e+00,3.957734777523370440e+00,3.493044132628603471e+00,3.562387405423304010e+00,3.966573397374607790e+00,3.923003737713029793e+00,3.965870698299108099e+00,3.836616507927429254e+00,3.981684692735849129e+00,3.870022963628723112e+00,3.999970726337370941e+00,3.997295485218570921e+00,3.999725089076874518e+00,3.977355897982525867e+00,3.986013556785334977e+00,3.990725362491487793e+00,3.988112676444639071e+00,3.985388604691147751e+00,3.985889655183937563e+00,3.986905529566655115e+00,3.993585721254452992e+00,3.989405634234348241e+00,3.991577884725201031e+00,3.994132254074536093e+00,3.988934056136965722e+00,3.998829895833264647e+00,3.992082130821539288e+00,3.999999238456498851e+00,3.997845036084911818e+00,3.980341332546941668e+00,3.983655551505680847e+00,3.996053456856543118e+00,3.994448511201808216e+00,3.966953632776862193e+00,3.985514683858891072e+00,3.984141782641050789e+00,3.997073340652423479e+00,3.988823776259833309e+00,3.985007101493647674e+00,3.951985697674038622e+00,3.999638094958682721e+00,3.997956943820993203e+00,3.974495285260596145e+00,3.968699537568848079e+00,3.955493273050683989e+00,3.985261981217858018e+00,3.986054736325945314e+00,3.984360379284358267e+00,3.978697372494147899e+00,3.979352831866702189e+00,3.971289190297996097e+00,3.981305703393001494e+00,3.827090915285201955e+00
3.941516788992177833e+00,3.919414524678133560e+00,3.759297145733233592e+00,3.834537466382468729e+00,3.992450120985871820e+00,3.599578878809879257e+00,3.872487262547699149e+00,0.000000000000000000e+00,3.932841885481812128e+00,3.978134796648741034e+00,3.999368378566599880e+00,3.997277307784131928e+00,3.823810711904039206e+00,3.823953940946476227e+00,3.960473323955419289e+00,3.870394061788015705e+00,3.882823392502793958e+00,3.896425674427089536e+00,3.886097218997342839e+00,3.814234970176284545e+00,3.884816440489456291e+00,3.863509225389190060e+00,3.943675494454699226e+00,3.905641083991961082e+00,3.973992733120463861e+00,3.989189255274486534e+00,3.970278636878694201e+00,3.999970726337370941e+00,3.921558308315188146e+00,3.933289636457018457e+00,3.926606481703585061e+00,3.920099708771857205e+00,3.921267641699554218e+00,3.923673761524572257e+00,3.944495110812426653e+00,3.933289636457018457e+00,3.938890699790277949e+00,3.946116571241240045e+00,3.932122422421943320e+00,3.963917425392887495e+00,3.940253192980211594e+00,3.975973705556084425e+00,3.959150499198687889e+00,3.912813509354575281e+00,3.919904234291164080e+00,3.952289331718004561e+00,3.947078066599151391e+00,3.886792895613378374e+00,3.924055343172171639e+00,3.920976448357499144e+00,3.989619831567009278e+00,3.997473913212035157e+00,3.998877163422928760e+00,3.860579156475929530e+00,3.981258058116851295e+00,3.959640362986574402e+00,3.901031463255567378e+00,3.890012016123864491e+00,3.920879266873626090e+00,3.923482619098423108e+00,3.925289006153376725e+00,3.921461477973389620e+00,3.909417766509137415e+00,3.910763051006640900e+00,3.894867753981741565e+00,3.914840660673545081e+00,3.779470542146512901e+00
3.964378006912948393e+00,3.947793583422550157e+00,3.937513086741184498e+00,3.821078809355968442e+00,3.857230804282034242e+00,3.812025045986113359e+00,3.806670585726601441e+00,3.932841885481812128e+00,0.000000000000000000e+00,3.937513086741184498e+00,3.960955246745888836e+00,3.994448511201808216e+00,3.899398252403753595e+00,3.936207852156157649e+00,3.958303929691669776e+00,3.908062652267515702e+00,3.947634994954257515e+00,3.948267924753839253e+00,3.934535505551753687e+00,3.889897824315061481e+00,3.896758041743969336e+00,3.972455857935101697e+00,3.999999512612148145e+00,3.982523292103273160e+00,3.947317106096775774e+00,3.950992317373341667e+00,3.962450802731753541e+00,3.948189016220346126e+00,3.987496898051874794e+00,3.982106437744860727e+00,3.985346457343400317e+00,3.988074644455894102e+00,3.987613537227232996e+00,3.986624896964977349e+00,3.971524445847462559e+00,3.961638630298846220e+00,3.966382470926506976e+00,3.960265889783171733e+00,3.964574501457377220e+00,3.961638630298846220e+00,3.955931582255904466e+00,3.958939662345575261e+00,3.949600287680721244e+00,3.963054283073093487e+00,3.966127063746030856e+00,3.967394514501311420e+00,3.966890409990659450e+00,3.969615506024416263e+00,3.960127301765928642e+00,3.960886579818550413e+00,3.937772540403127852e+00,3.959710104768493721e+00,3.972686307862006050e+00,3.953344556668335841e+00,3.957377119177375668e+00,3.944984037616822370e+00,3.944902697920630086e+00,3.917639469736386104e+00,3.927447356580019644e+00,3.961434242565196939e+00,3.963785292223649837e+00,3.958657711133452217e+00,3.962920594864620227e+00,3.962518095248981798e+00,3.961297685329120633e+00,3.950915487424346395e+00,3.988601580793997847e+00
3.111571358807627696e-01,1.844450429341824016e-01,5.712988910761844785e-01,7.874679280635754619e-01,1.767627597865639721e-01,5.949484546112366878e-01,3.908271770908598342e+00,3.978134796648741034e+00,3.937513086741184498e+00,0.000000000000000000e+00,8.975320238201933698e-02,2.287262097971185515e-01,3.171670411892018038e-01,3.169784361093874736e-01,1.193049597454260979e-01,2.544965421099560920e-01,1.293703418630304913e+00,3.461039875653276532e+00,2.326321050613662234e-01,3.297280402948055134e-01,2.344326748405798355e-01,3.973880393379513709e+00,3.952742998633889560e+00,3.957591893077768042e+00,9.499568133271174553e-02,6.318138637799264323e-02,1.019176899673222003e-01,4.590885112947273861e-02,3.926231233530311115e+00,3.921461477973389620e+00,3.918332018810050776e+00,3.919119997261925281e+00,3.921170635773421065e+00,3.928838245277584740e+00,1.457630814784922624e-01,1.633834920725705242e-01,1.546545202597702229e-01,1.431580063501374234e-01,1.651846012850233247e-01,1.133229068223859937e-01,1.525082109794235752e-01,9.120644980679482039e-02,1.215716905141630555e-01,1.942287643697560018e-01,1.837136523498372753e-01,1.330894487805862614e-01,1.416058192692792872e-01,2.316527213595334089e-01,1.774808489940755685e-01,1.821094626443025000e-01,9.172822909140188052e-02,6.564176876873428768e-02,9.467703749282740944e-02,2.679491924311225848e-01,8.068359266254510054e-02,1.207341746044348074e-01,2.113790404640525367e-01,2.271079220440197499e-01,8.680507043209844120e-01,1.783443880593436059e-01,1.756167053085417873e-01,1.813825001947613202e-01,1.992105603078397902e-01,1.972408942704173551e-01,2.202108852867386002e-01,1.912386372217342867e-01,5.002396349057596225e-01
2.253340433248354202e-01,6.706844655676480471e-02,3.515499347865280733e-01,5.315919496556598123e-01,2.558614551357589750e-01,3.707560655450616860e-01,3.982889722747620986e+00,3.999368378566599880e+00,3.960955246745888836e+00,8.975320238201933698e-02,0.000000000000000000e+00,3.968660302582467381e-01,2.184626136156269105e-01,1.560032722392661331e-01,1.287420368236500412e-01,1.123980968335409614e-01,9.819171684992571425e-01,3.538576114626242664e+00,9.777912910114938683e-02,1.651846012850235468e-01,9.896853674443240045e-02,3.999350712642196992e+00,3.993360306203946664e+00,3.995103720529405322e+00,5.149570574109318954e-02,7.960751818639777433e-02,8.882499395660903296e-02,9.183275934889389980e-02,3.902113032590307284e+00,3.888062928282099318e+00,3.896314769780102161e+00,3.903724521506095613e+00,3.902436373677770742e+00,3.899725936394641046e+00,4.436038558622024119e-02,5.444824358120681218e-02,4.939242663104614905e-02,4.568603410341398607e-02,5.550488918757312540e-02,4.141292583526512416e-02,4.816647612250513077e-02,4.428730426184213087e-02,5.102456937612465104e-02,7.311269837824019291e-02,6.662099001114762942e-02,4.457998698357612533e-02,6.025596943050648413e-02,9.713331620892362572e-02,6.283367774273784789e-02,6.564176876873428768e-02,5.848321100782216675e-02,4.355976797732807881e-02,6.431795793639261127e-02,1.215716905141632775e-01,4.985608023417564816e-02,8.315551973664803143e-02,8.395424619608138350e-02,9.414712525853130565e-02,6.009227382984696497e-01,6.335559469942864119e-02,6.171014609796698913e-02,6.519902494416296435e-02,7.623075515857813400e-02,7.499480581978468230e-02,8.964983531280790174e-02,7.125406945037737749e-02,2.947196712918154216e-01
4.800952398800286680e-01,2.296997726565859210e-01,3.215190946952364293e-01,4.954001311237981042e-01,5.172189981365158395e-01,5.195637450263355106e-01,3.989225469926311884e+00,3.997277307784131928e+00,3.994448511201808216e+00,2.287262097971185515e-01,3.968660302582467381e-01,0.000000000000000000e+00,2.377231059166595717e-01,3.581001150127167687e-01,2.965461317139048703e-01,2.705731189596898290e-01,9.357247391652332436e-01,3.535896515278592389e+00,3.226588641091518994e-01,4.708319325276097977e-01,2.662065021287944866e-01,3.995030215915647442e+00,3.999790152729268300e+00,3.999323756978486522e+00,2.963632520740548948e-01,2.263008030612883026e-01,3.061272466415487781e-01,3.258981956451925122e-01,3.952592014239866725e+00,3.942601142010039972e+00,3.948504294258906810e+00,3.953718596690281473e+00,3.952818401606120524e+00,3.950915487424346395e+00,3.024256477322364578e-01,2.854856425038909684e-01,3.000306976435402895e-01,3.046441278298335220e-01,3.077997024309093721e-01,3.059416761366535731e-01,3.198128922021161724e-01,3.147191756791354322e-01,3.649057503150539006e-01,3.100361377358020754e-01,3.243719667330355882e-01,3.395861514101081724e-01,3.076136677448719770e-01,3.100361377358020754e-01,3.150952059857048404e-01,2.854856425038909684e-01,3.194342989400840160e-01,2.625640498830907887e-01,3.100361377358020754e-01,2.509298428451618435e-01,2.725048661959561525e-01,2.116915263212635345e-01,2.682983637970013380e-01,3.156596363697432572e-01,5.984304641245326017e-01,2.658585976710199361e-01,2.941727458554792562e-01,2.788714288130551555e-01,2.781606729287804392e-01,2.592886081202006032e-01,2.914451366014096934e-01,3.126546807863666011e-01,6.429112454559637868e-01
5.181563552751460300e-01,1.233758071859745176e-01,1.763325726948483663e-01,2.544965421099565361e-01,1.129756719436127987e-01,2.598045114558806823e-01,3.929206916603612765e+00,3.823810711904039206e+00,3.899398252403753595e+00,3.171670411892018038e-01,2.184626136156269105e-01,2.377231059166595717e-01,0.000000000000000000e+00,4.748356717732593602e-02,6.671036354298154336e-02,5.284219425367941980e-02,3.945731958149416574e-01,3.448825079891983947e+00,6.458165903605750380e-02,1.041294264245471446e-01,6.042616296553360300e-02,3.987064559538899822e+00,3.971230226283889664e+00,3.974992965529890565e+00,1.979973603805686988e-01,1.403185568367253389e-01,1.963349471897721799e-01,1.717750431098423736e-01,3.960335094223178309e+00,3.956801765431641638e+00,3.954462212925357711e+00,3.955052819407324449e+00,3.956585024191424438e+00,3.962248566510258474e+00,8.335485106973350433e-02,9.151934296744612674e-02,7.642178039073077578e-02,7.395674262591289683e-02,8.445534723003489397e-02,7.134644293130065762e-02,9.510201200982204561e-02,7.125406945037737749e-02,1.963349471897724019e-01,8.903085505208707673e-02,1.071519089132451086e-01,1.584451782077456183e-01,1.366175448289019823e-01,5.477229879011291658e-02,1.006017475962459606e-01,8.495790703457006821e-02,1.870894931576891906e-01,1.457630814784922624e-01,2.259783336435565726e-01,9.006365271371974401e-02,1.085087307737662154e-01,6.353003899511122654e-02,8.465619612078678635e-02,6.405478751493731693e-02,2.991118926022655611e-01,8.186556022034086055e-02,6.662099001114762942e-02,7.042535234237390362e-02,8.536100493586551430e-02,1.009299523179363334e-01,8.315551973664803143e-02,8.903085505208707673e-02,2.490709459999640440e-01
2.669029447743622718e-01,8.985662764067581243e-02,1.577650468113462878e-01,2.295373773350897206e-01,1.727671346715013989e-01,2.373930958700154470e-01,3.929298937524626556e+00,3.823953940946476227e+00,3.936207852156157649e+00,3.169784361093874736e-01,1.560032722392661331e-01,3.581001150127167687e-01,4.748356717732593602e-02,0.000000000000000000e+00,4.977865610795495499e-02,1.845697556555414565e-02,3.947813909162098955e-01,3.431141652681920728e+00,1.701927358620536346e-02,5.957755901660344300e-02,2.668491272052331276e-02,3.962316038360339299e+00,3.937599630318703525e+00,3.943180882508657170e+00,6.787757757805690240e-02,1.007110913156050724e-01,1.359842614344028977e-01,1.716335384730436342e-01,3.986381994593119593e+00,3.984273121958948671e+00,3.982844130310428277e+00,3.983207178466729559e+00,3.984141782641050789e+00,3.987496898051874794e+00,4.816647612250513077e-02,7.134644293130065762e-02,5.078980264538790479e-02,5.364225444582348956e-02,5.706722259938978858e-02,5.380297803574674020e-02,4.063920106041996050e-02,7.116175472241481614e-02,7.757285299258942501e-02,3.883911088512981280e-02,4.219386970675875759e-02,6.214109309523419000e-02,5.173207524616030284e-02,5.773144018072762229e-02,5.165322606030131602e-02,3.529480139815177608e-02,1.020277277341266053e-01,1.371251932813819518e-01,1.495805632284354925e-01,8.216236698126588855e-02,8.107664665255454040e-02,4.885420102287851840e-02,3.575328864520876948e-02,4.583451925941450789e-02,4.917264531676313055e-01,5.086799884913895120e-02,4.370479853238884438e-02,6.932780260240867243e-02,5.316150670096808639e-02,6.617500581775082047e-02,7.143887516237068525e-02,4.870095716029609889e-02,2.271079220440195279e-01
3.784851505959030415e-01,7.882936422657893516e-02,1.803670796158596268e-01,3.186777267776241818e-01,8.944327575531274555e-02,2.591167463848598196e-01,3.998141847382525871e+00,3.960473323955419289e+00,3.958303929691669776e+00,1.193049597454260979e-01,1.287420368236500412e-01,2.965461317139048703e-01,6.671036354298154336e-02,4.977865610795495499e-02,0.000000000000000000e+00,3.904475325411116415e-02,6.992468508991449561e-01,3.304726005807385292e+00,4.049929965731435821e-02,1.291119383402654641e-01,3.516434364704967841e-02,3.967331711173287534e+00,3.944086042886608467e+00,3.949366411630720108e+00,1.129756719436127987e-01,6.171014609796698913e-02,9.467703749282740944e-02,7.518430700175215975e-02,3.975267348986522897e+00,3.972455857935101697e+00,3.970577659416157257e+00,3.971052973966125776e+00,3.972282389597154406e+00,3.976776091907204602e+00,3.952667604458048878e-02,4.939242663104614905e-02,5.071166581797492690e-02,5.517870102068611615e-02,4.502079798639613273e-02,4.056922051502986903e-02,3.931977934721375689e-02,4.120119392363963406e-02,5.558658431728025207e-02,3.323621532454223981e-02,4.443352648278753314e-02,4.428730426184235291e-02,4.900768262665811115e-02,5.881886917736345310e-02,4.212257657507256781e-02,5.125987042952950823e-02,1.046859710640979380e-01,7.414495346466565273e-02,1.345960353862794001e-01,6.068189638256504814e-02,3.815751976186065875e-02,3.987269823407157965e-02,4.568603410341398607e-02,7.116175472241503819e-02,3.746116711338118854e-01,4.305403844249777734e-02,4.385006745608555079e-02,4.831888774404347053e-02,4.962398607928797389e-02,4.710625490789843717e-02,4.385006745608555079e-02,4.635609229587034363e-02,2.483965832411785257e-01
3.324210436194445784e-01,5.364225444582348956e-02,1.222917929288873662e-01,1.653235395075574043e-01,1.647681219843815104e-01,1.679739795144445935e-01,3.957734777523370440e+00,3.870394061788015705e+00,3.908062652267515702e+00,2.544965421099560920e-01,1.123980968335409614e-01,2.705731189596898290e-01,5.284219425367941980e-02,1.845697556555414565e-02,3.904475325411116415e-02,0.000000000000000000e+00,4.701571981631365027e-01,3.435766669250440941e+00,3.002188611165967913e-02,3.822540998324375217e-02,4.247963859360948113e-02,3.967457257899071443e+00,3.944249847735137315e+00,3.949522388382443516e+00,8.769692116953664573e-02,7.255264341998057809e-02,6.733762707149226756e-02,1.258013017550823065e-01,3.965677795426708840e+00,3.962383450434855625e+00,3.960196625630052036e+00,3.960749066769905014e+00,3.962181034886667952e+00,3.967457257899071443e+00,3.361752907349280228e-02,2.812447254603678282e-02,3.432220457329115959e-02,2.930315174671460632e-02,2.359666934082249590e-02,4.538977819116252199e-02,3.674563310467204857e-02,4.502079798639613273e-02,5.039971231927897755e-02,2.876977371611033618e-02,3.185652066830346740e-02,3.966490577682191265e-02,3.038449397558373732e-02,2.954176952988118998e-02,2.522762415648505119e-02,2.668491272052331276e-02,8.038941604962612786e-02,9.638250527486436070e-02,1.069265790082991607e-01,4.771066828199543863e-02,5.039971231927897755e-02,2.578330898637526403e-02,1.850431905711280578e-02,2.748643945211814987e-02,3.850491890305201004e-01,2.640150817995223775e-02,3.136200682469514334e-02,2.685567678606104458e-02,2.181375877416824594e-02,2.800792585899003484e-02,2.818283599059334676e-02,3.279407526589817046e-02,2.418663361463209149e-01
6.347273463994438369e-01,5.739885155658941418e-01,1.978459573558164486e-01,2.126302911402397910e-01,8.775660938765239560e-01,2.202108852867386002e-01,3.493044132628603471e+00,3.882823392502793958e+00,3.947634994954257515e+00,1.293703418630304913e+00,9.819171684992571425e-01,9.357247391652332436e-01,3.945731958149416574e-01,3.947813909162098955e-01,6.992468508991449561e-01,4.701571981631365027e-01,0.000000000000000000e+00,2.920089649518380792e+00,5.000087249762468211e-01,3.809407486872311566e-01,4.974717329929778664e-01,3.993217448329601460e+00,3.980874723337371801e+00,3.983921674987463746e+00,7.574308977428780842e-01,8.494183897339548928e-01,7.400033217477350878e-01,1.016064449105589906e+00,3.957520361406390741e+00,3.953867796119297395e+00,3.951452048942416972e+00,3.952061695382142581e+00,3.953643907704130100e+00,3.959500700342685420e+00,6.439372145086077470e-01,6.106832590820052697e-01,6.268398028084543050e-01,6.490769636875808324e-01,6.074225775377057879e-01,7.128210860857011610e-01,6.309057881426227699e-01,7.673021801570860667e-01,6.942160748945904736e-01,5.579299563104225257e-01,5.752128102999216619e-01,6.695392906912782660e-01,6.521687182854141174e-01,5.013948696922949644e-01,5.857864376269046325e-01,5.779100767325420218e-01,8.528471272979074591e-01,9.389776313865318969e-01,9.675311923887048859e-01,4.527618580939503090e-01,7.960911956461793615e-01,6.960678510087063842e-01,5.311180573390839044e-01,5.078852498766006640e-01,5.798750178841505232e-01,5.843062523474795711e-01,5.889988238709191748e-01,5.791378403003730746e-01,5.499723000340066559e-01,5.531014067992350292e-01,5.179219482633312666e-01,5.627760769900027604e-01,2.324687398226132906e-01
3.569769060854205200e+00,3.556047801316903012e+00,3.599159706418907589e+00,3.533882393840682923e+00,3.514218175061766924e+00,3.482781001863483716e+00,3.562387405423304010e+00,3.896425674427089536e+00,3.948267924753839253e+00,3.461039875653276532e+00,3.538576114626242664e+00,3.535896515278592389e+00,3.448825079891983947e+00,3.431141652681920728e+00,3.304726005807385292e+00,3.435766669250440941e+00,2.920089649518380792e+00,0.000000000000000000e+00,3.460086023459835403e+00,3.538799110093789668e+00,3.560860814676658936e+00,3.990318063481430144e+00,3.976188999692886750e+00,3.979602218555052584e+00,3.509648145257479701e+00,3.561297221293795445e+00,3.607713721234435233e+00,3.577739221559069094e+00,3.932392662563429120e+00,3.927819552322034724e+00,3.924815692998247840e+00,3.925572290297637323e+00,3.927540493592719617e+00,3.934889347019307593e+00,3.511935462968435395e+00,3.519450896758609115e+00,3.535001817760623943e+00,3.528267769549372268e+00,3.534778026467021661e+00,3.479027241742601806e+00,3.512163941545405343e+00,3.441828154480874868e+00,3.569552741066165602e+00,3.550109573647090677e+00,3.528492913877818271e+00,3.549668333957308519e+00,3.540803959134486867e+00,3.519677851585308659e+00,3.537237157836930379e+00,3.530966426986176465e+00,3.519677851585308659e+00,3.556705473803024375e+00,3.533434297151849091e+00,3.442070043689577030e+00,3.455784888910563346e+00,3.443520456196725199e+00,3.501375774815452147e+00,3.475261947870185608e+00,3.453868659073280778e+00,3.589465065740514937e+00,3.540358765500363880e+00,3.554731176727091491e+00,3.563258696092029165e+00,3.593481828793425592e+00,3.554072224984361927e+00,3.552753043506531760e+00,3.632880087473115083e+00
3.117183295388814557e-01,5.204806544189666262e-02,1.565443460591890990e-01,2.263008030612883026e-01,1.498455863310839131e-01,2.341048142821460232e-01,3.966573397374607790e+00,3.886097218997342839e+00,3.934535505551753687e+00,2.326321050613662234e-01,9.777912910114938683e-02,3.226588641091518994e-01,6.458165903605750380e-02,1.701927358620536346e-02,4.049929965731435821e-02,3.002188611165967913e-02,5.000087249762468211e-01,3.460086023459835403e+00,0.000000000000000000e+00,9.875175950207992770e-02,3.241743510384287319e-02,3.976987773617366884e+00,3.956945961557502667e+00,3.961570560806460861e+00,7.690036884212569923e-02,8.038941604962634990e-02,8.964983531280790174e-02,1.103307320078035225e-01,3.941935030990403099e+00,3.937686114873562904e+00,3.934889347019308037e+00,3.935594200657730912e+00,3.937426484143641936e+00,3.944249847735137315e+00,2.859306182229293114e-02,2.311794679917333895e-02,2.104932207085585816e-02,1.729300940090272576e-02,1.936682202631434535e-02,2.679869532315515279e-02,4.509447493218843306e-02,3.374511287263404213e-02,5.356198158380931496e-02,3.647969194253852798e-02,3.241743510384309523e-02,4.028989523150650065e-02,3.093245550574441616e-02,3.130046243115214288e-02,2.456874296713817962e-02,2.685567678606126663e-02,7.005856173960345323e-02,8.285696067276249188e-02,9.499568133271174553e-02,3.681226791064262649e-02,4.070924129135300440e-02,3.050584326657457268e-02,2.413430266848526351e-02,4.457998698357612533e-02,3.927016413484403223e-01,1.761511588017006247e-02,1.946386251685949809e-02,2.201989862084330341e-02,1.594607910851153498e-02,2.201989862084330341e-02,2.317089733715560484e-02,2.322390809279539781e-02,2.460430387066463442e-01
4.050427259534794544e-01,1.238590777556256572e-01,2.095087033503766349e-01,2.905385348722180350e-01,3.535290731465294822e-01,2.992955500088740894e-01,3.923003737713029793e+00,3.814234970176284545e+00,3.889897824315061481e+00,3.297280402948055134e-01,1.651846012850235468e-01,4.708319325276097977e-01,1.041294264245471446e-01,5.957755901660344300e-02,1.291119383402654641e-01,3.822540998324375217e-02,3.809407486872311566e-01,3.538799110093789668e+00,9.875175950207992770e-02,0.000000000000000000e+00,9.298642780199117830e-02,3.993159880155630503e+00,3.980778286204294858e+00,3.983833208880658727e+00,1.473369733784626323e-01,2.124736941932736656e-01,1.369981960389754505e-01,2.256560803849836372e-01,3.978237625543923350e+00,3.975594623503517777e+00,3.973824133316429918e+00,3.974272530145976035e+00,3.975431257032862042e+00,3.979651914992395234e+00,1.416058192692795092e-01,1.245856980519250978e-01,1.430283462381729542e-01,1.327140814316538631e-01,1.194237459791622769e-01,1.644907486320377199e-01,1.478634102840632458e-01,1.637982937991937504e-01,1.162366367421365787e-01,1.015879235936676395e-01,1.187118879877571143e-01,1.270226145925066330e-01,1.236173281550316805e-01,1.110177823676732345e-01,1.180020930594336548e-01,1.271450597355514578e-01,2.156159724996307148e-01,2.159313967829035175e-01,2.497461621403003207e-01,1.051322460182579910e-01,1.656015836107131989e-01,1.175300429711847450e-01,9.319694100975350892e-02,7.651738090157733652e-02,3.539255028640380107e-01,1.265334045991366452e-01,1.369981960389754505e-01,1.184750604105997418e-01,1.148335671047409079e-01,1.113620844075160488e-01,9.520840071344327527e-02,1.123980968335411834e-01,2.878265434169673398e-01
3.107832639913306050e-01,8.882499395660903296e-02,2.045595570784000117e-01,2.847671404620246705e-01,1.098738496403903753e-01,2.934442394408205423e-01,3.965870698299108099e+00,3.884816440489456291e+00,3.896758041743969336e+00,2.344326748405798355e-01,9.896853674443240045e-02,2.662065021287944866e-01,6.042616296553360300e-02,2.668491272052331276e-02,3.516434364704967841e-02,4.247963859360948113e-02,4.974717329929778664e-01,3.560860814676658936e+00,3.241743510384287319e-02,9.298642780199117830e-02,0.000000000000000000e+00,3.979402829799528973e+00,3.960265889783172177e+00,3.964705198601848224e+00,7.642178039073077578e-02,8.769692116953664573e-02,9.734835534941077562e-02,1.115919067625745775e-01,3.974661720063564552e+00,3.971817164009406653e+00,3.969917829256042197e+00,3.970398425960804722e+00,3.971641713292944686e+00,3.976188999692886750e+00,4.673042985201081301e-02,5.228568114621046092e-02,5.881886917736367515e-02,4.900768262665811115e-02,5.268289390322422605e-02,4.786236637295382401e-02,5.063358836928011364e-02,4.854795105758324958e-02,5.591395711339131047e-02,4.148362246595671543e-02,5.204806544189688466e-02,4.916140195293361437e-02,5.698446170822979440e-02,6.751737511384470203e-02,4.954674018155325044e-02,5.940854744800705411e-02,7.097730153661885311e-02,8.395424619608138350e-02,9.446489845812688912e-02,6.318138637799286528e-02,4.524200747100959319e-02,4.710625490789843717e-02,5.340161373790186516e-02,8.068359266254510054e-02,3.306886832443940438e-01,4.931535898297467746e-02,4.893091210828681703e-02,5.599594836927468400e-02,5.764820587937413698e-02,5.420582444728605509e-02,4.809035949494955275e-02,5.412513661059215053e-02,2.820802061386711301e-01
3.999013120731463200e+00,3.997941139581429493e+00,3.997646256553548660e+00,3.983432120221126027e+00,3.985806751645950996e+00,3.991222206257952543e+00,3.836616507927429254e+00,3.863509225389190060e+00,3.972455857935101697e+00,3.973880393379513709e+00,3.999350712642196992e+00,3.995030215915647442e+00,3.987064559538899822e+00,3.962316038360339299e+00,3.967331711173287534e+00,3.967457257899071443e+00,3.993217448329601460e+00,3.990318063481430144e+00,3.976987773617366884e+00,3.993159880155630503e+00,3.979402829799528973e+00,0.000000000000000000e+00,3.944739840795353558e+00,2.774709370156478450e+00,3.997456344213203394e+00,3.994105504453840716e+00,3.988489665266210960e+00,3.997893361700068482e+00,3.751434906091627219e+00,3.787213057466399135e+00,3.777554554821622723e+00,3.790335735088606661e+00,3.824526301464477029e+00,3.786585907524470329e+00,3.999500935576244309e+00,3.998019552161975021e+00,3.999956013405818744e+00,3.999419914629513961e+00,3.999277612818359806e+00,3.998605136231583757e+00,3.998388790228891931e+00,3.998552510809990856e+00,3.999758717393384622e+00,3.998289238362562337e+00,3.998669548183305444e+00,3.998360651204078131e+00,3.999824055558095282e+00,3.999077811177921049e+00,3.998757167820955694e+00,3.999098887500412314e+00,3.996900983330728963e+00,3.991384788209122014e+00,3.998471746304093521e+00,3.999130045263100897e+00,3.999998050448830167e+00,3.992809371289184561e+00,3.998019552161975021e+00,3.996822798495101914e+00,3.992174947636972338e+00,3.998957537454049582e+00,3.999850739320903958e+00,3.999067181673425786e+00,3.998923456784145625e+00,3.999341788324302538e+00,3.997526255127189287e+00,3.999999512612148145e+00,3.980970919106872508e+00
3.992358942744360206e+00,3.989726112049641671e+00,3.999943676503444845e+00,3.994705375886677956e+00,3.996009499198710735e+00,3.998578945281178409e+00,3.981684692735849129e+00,3.943675494454699226e+00,3.999999512612148145e+00,3.952742998633889560e+00,3.993360306203946664e+00,3.999790152729268300e+00,3.971230226283889664e+00,3.937599630318703525e+00,3.944086042886608467e+00,3.944249847735137315e+00,3.980874723337371801e+00,3.976188999692886750e+00,3.956945961557502667e+00,3.980778286204294858e+00,3.960265889783172177e+00,3.944739840795353558e+00,0.000000000000000000e+00,3.954239753083359510e+00,3.988675888266409508e+00,3.982384884119830382e+00,3.973371888415735853e+00,3.989619831567009278e+00,3.999583023703962237e+00,3.999676840082417861e+00,3.999946265727765571e+00,3.999539162004330350e+00,3.996226855304165326e+00,3.999701451894743798e+00,3.993862024489250206e+00,3.989902033962600569e+00,3.996075344480895630e+00,3.993585721254452992e+00,3.993131004995523092e+00,3.991287421013659298e+00,3.990758909933914467e+00,3.991156748877859428e+00,3.994881565861887918e+00,3.990522804412616864e+00,3.991449396369164404e+00,3.990691754408098646e+00,3.995200875836953713e+00,3.992540752985882513e+00,3.991673613992879233e+00,3.992600870839446259e+00,3.987535838321192738e+00,3.977876669933219311e+00,3.990958921071172227e+00,3.992690592381812564e+00,3.997016435699990211e+00,3.980194595430817994e+00,3.989902033962600569e+00,3.987379713992969421e+00,3.979152237205302090e+00,3.992205765206466417e+00,3.995344785464853832e+00,3.992510603014249426e+00,3.992113130443566860e+00,3.993331856068059516e+00,3.988823776259833309e+00,3.996939710776425514e+00,3.993274773636072972e+00
