0.000000000000000000e+00,2.890081736058873751e+00,3.008857842649424352e+00,2.951252823230082978e+00,2.687728872090368260e+00,2.938531897275187266e+00,8.046076644255533594e+00,9.372335233260137954e+00,1.016327994381285293e+01,2.331558256248964955e+00,1.964206053617156611e+00,2.153780974853380936e+00,1.153681505511403138e+00,8.799246419263457852e-01,1.086602974489726758e+00,1.203414485833179004e+00,1.161919637625959956e+00,9.901728563931248006e-01,1.302273006611666561e+00,1.151038927906397280e+00,1.167775626147806944e+00,8.973543062673531523e+00,9.009359790949268643e+00,9.411835686601552453e+00,1.714408801973205998e+00,1.632291938994319347e+00,1.700542486811394971e+00,1.688953338963237405e+00,2.009852650114156702e+00,3.294607530759662506e+00,3.077405300010684908e+00,3.250061719259461857e+00,2.239765030934903312e+00,1.792030038875616516e+00,1.995724638313165489e+00,2.003235821924055582e+00,2.006035519362468378e+00,2.000389895581479394e+00,1.986070224219580904e+00,2.006705249698490512e+00,2.033892511909122458e+00,2.059454779461656670e+00,2.035589658894791487e+00,2.027767188626631079e+00,2.029382169691460902e+00,2.007710851330148039e+00,2.068863156269379111e+00,2.023340642665541811e+00,2.043256283542124407e+00,1.986846766095762717e+00,1.503402030937159628e+00,1.786290182164891549e+00,1.936879704762961341e+00,1.183297400309552661e+00,1.282561398648224715e+00,1.204993345471760513e+00,1.176321317515335974e+00,1.276247913534493295e+00,3.924713396432996326e+00,1.990389502472195371e+00,1.985228227423667446e+00,1.970442997651702832e+00,1.992041010239149035e+00,2.004485702764344790e+00,2.001993378025196613e+00,1.998525314250900298e+00,2.135258763375592839e+00
2.890081736058873751e+00,0.000000000000000000e+00,4.985861159086591998e-01,5.431634018889535120e-01,3.177972523230190860e-01,4.702530129410686377e-01,8.918763053900528703e+00,1.021839535532342325e+01,1.084629523668465012e+01,1.192718583552973888e+00,1.774117226091692867e+00,1.564213766582210896e+00,2.717341003118265874e+00,2.565709221185873634e+00,2.520673058408986922e+00,2.711019817058947456e+00,2.751951219004396876e+00,2.713630240392652659e+00,2.830776594385246980e+00,2.761905733979027389e+00,2.717440059390343610e+00,9.828933852347777389e+00,9.887431500467261714e+00,1.022510682072281796e+01,2.665370407557805521e+00,2.540883230151262939e+00,2.523985528635413367e+00,2.280912191384115495e+00,2.140103241756335706e+00,2.809310676886812796e+00,2.674364740634777249e+00,3.090136951757192829e+00,2.118515892936148504e+00,2.149392432485725646e+00,2.432676874299124048e+00,2.452154854568963316e+00,2.442056944536987739e+00,2.442193915907229229e+00,2.429115448853982340e+00,2.467394202997287511e+00,2.461672137372087565e+00,2.458251844014578413e+00,2.496822722344866019e+00,2.497843098027676678e+00,2.482691452311702740e+00,2.463580162817506025e+00,2.477355637487246742e+00,2.428000892010545364e+00,2.492712557499886739e+00,2.484329894993948962e+00,2.576237768063665445e+00,2.633728049267805460e+00,2.308085894032580576e+00,2.612414571287059228e+00,2.541138912086472246e+00,2.611197651675748244e+00,2.602206588607303583e+00,2.778564528205588413e+00,4.356690026366329072e+00,2.423799599134618177e+00,2.432731855424166589e+00,2.473802828000592591e+00,2.471007558288500494e+00,2.460073555567741543e+00,2.457872886425165326e+00,2.419268676187452005e+00,2.632738876445332110e+00
3.008857842649424352e+00,4.985861159086591998e-01,0.000000000000000000e+00,6.029839256810628489e-01,6.870805587928446867e-01,4.029854222339859793e-01,9.198095323520321998e+00,1.048535661039100297e+01,1.111785899511474796e+01,1.455151037655169288e+00,1.964150520725538973e+00,1.804874691193109948e+00,2.844269086810105929e+00,2.705617824658602899e+00,2.650087096024603017e+00,2.841321306319838147e+00,2.894935816446999599e+00,2.846188013660805982e+00,2.980166518660135377e+00,2.908932340158350893e+00,2.854569529667657424e+00,1.007355809396690027e+01,1.013020347980817704e+01,1.049043033463209440e+01,2.774069270858073200e+00,2.674265901605110241e+00,2.655515142777941318e+00,2.415885360524234748e+00,2.270207095341150616e+00,2.902964415580524538e+00,2.716579930455698566e+00,3.157651281732158033e+00,2.273758803272454276e+00,2.317363161822763029e+00,2.631912213354334451e+00,2.652778151702410714e+00,2.646233916308105893e+00,2.641697231400702339e+00,2.631232718730364795e+00,2.671816462717680363e+00,2.670543495039713111e+00,2.674200551725848030e+00,2.703316565985681486e+00,2.707072908595627769e+00,2.687700752034908547e+00,2.668381755356938889e+00,2.685305830801725246e+00,2.630751621047545452e+00,2.698727420855547621e+00,2.689766925797159924e+00,2.754372155569125624e+00,2.756126861243610282e+00,2.525868759267628771e+00,2.740078976739007910e+00,2.658674233401265408e+00,2.731319529610779728e+00,2.738477408747239217e+00,2.908277235246114145e+00,4.319358612766899697e+00,2.629806296463940374e+00,2.641314896067485041e+00,2.676498161117175645e+00,2.677025721384024948e+00,2.662824326224691784e+00,2.661024761281143736e+00,2.627628554403337091e+00,2.698841559944939572e+00
2.951252823230082978e+00,5.431634018889535120e-01,6.029839256810628489e-01,0.000000000000000000e+00,6.677026274303886622e-01,3.589501772459671169e-01,8.749695690857892671e+00,1.013204484912631287e+01,1.070563347372449847e+01,1.306874344112718855e+00,1.828881783629333180e+00,1.541535380504029495e+00,2.771769105077620310e+00,2.604913060353829302e+00,2.586360470388473498e+00,2.768342660256263521e+00,2.788973424862166262e+00,2.750896741137625945e+00,2.885988548335395976e+00,2.805723631160400799e+00,2.752868716622620227e+00,9.561700525709815324e+00,9.618182785961527870e+00,9.999243135420300632e+00,2.692860602101615264e+00,2.587889703714458811e+00,2.561853280683827006e+00,2.281590789005096820e+00,2.278795819096532504e+00,2.961554433959537658e+00,2.828822940251814799e+00,3.304949137594001662e+00,2.267621695587003217e+00,2.345027321206947235e+00,2.508899108682696166e+00,2.526597633660134790e+00,2.523363614255491161e+00,2.517571969390990816e+00,2.510970839330723514e+00,2.545765641015411695e+00,2.540836313241137123e+00,2.551247710358238496e+00,2.569035082217077992e+00,2.570902006034805787e+00,2.559585961298023182e+00,2.544738622407431095e+00,2.552378506361054455e+00,2.506272458097145606e+00,2.566503049746466036e+00,2.565605050124410091e+00,2.593329154193455999e+00,2.685563210177592364e+00,2.346898113599146907e+00,2.673333556285414581e+00,2.605606098358120182e+00,2.677928469556556834e+00,2.668714650833476032e+00,2.840936295812567902e+00,4.162277004924426649e+00,2.509296204124367602e+00,2.515077614316579613e+00,2.547338899828810455e+00,2.548411087469944825e+00,2.537960529348132432e+00,2.538100967274660391e+00,2.500280173814686702e+00,2.669077518565143414e+00
2.687728872090368260e+00,3.177972523230190860e-01,6.870805587928446867e-01,6.677026274303886622e-01,0.000000000000000000e+00,6.344270008365719971e-01,8.811518621247852678e+00,1.012224965357584949e+01,1.077187729479414280e+01,1.073953158751242976e+00,1.645098663084481494e+00,1.406192693602312582e+00,2.559310230371778072e+00,2.376792231484592399e+00,2.338970448040210037e+00,2.546499868276470124e+00,2.580498544888824242e+00,2.520350596547353828e+00,2.673195763454707663e+00,2.592798081332976512e+00,2.546492752691053241e+00,9.770592486592740045e+00,9.827164433715946501e+00,1.017536939268762985e+01,2.528263166539873374e+00,2.402011457582664988e+00,2.385422974512902528e+00,2.142207097048057562e+00,1.970120682481161900e+00,2.686271015489915648e+00,2.563063272735810028e+00,2.980920946474026056e+00,1.980149848739209517e+00,1.964236156036620384e+00,2.315355651263883097e+00,2.334349229458446473e+00,2.325885899258523182e+00,2.324983256289990585e+00,2.312039922362954858e+00,2.349432706334756649e+00,2.345617948664315389e+00,2.342643476588902818e+00,2.381631827592360473e+00,2.379342776682291216e+00,2.367293251621430006e+00,2.347236786244771611e+00,2.362885749447358741e+00,2.313919662610845585e+00,2.378306747088324791e+00,2.363429545644236462e+00,2.422257227114887446e+00,2.503268965677952540e+00,2.184761949573946538e+00,2.450007504821493320e+00,2.386849207832404396e+00,2.449115367696987455e+00,2.435807055882869054e+00,2.621434833375097195e+00,4.244399026446868284e+00,2.306665328343321164e+00,2.312635366241016399e+00,2.351440223733840984e+00,2.349659602895960209e+00,2.341676532367092278e+00,2.339951450626760909e+00,2.302094944252894404e+00,2.451443332671502162e+00
2.938531897275187266e+00,4.702530129410686377e-01,4.029854222339859793e-01,3.589501772459671169e-01,6.344270008365719971e-01,0.000000000000000000e+00,8.949847888186686973e+00,1.027407465942416920e+01,1.088295901844118418e+01,1.330823736942465807e+00,1.852598069718689677e+00,1.602895414632799609e+00,2.765378606995225752e+00,2.611610962209365727e+00,2.579419914799215618e+00,2.765974723126701118e+00,2.790480138557972722e+00,2.754240408028995279e+00,2.892455804828440780e+00,2.810416488326971773e+00,2.759661176450357800e+00,9.782318024424967007e+00,9.835470538458778833e+00,1.022375403090151558e+01,2.706176270500324055e+00,2.595414144878434914e+00,2.574258760595738327e+00,2.316443406011287287e+00,2.282629646220919906e+00,2.978224708687805755e+00,2.784265490774922025e+00,3.255253678069592649e+00,2.282147959774460944e+00,2.348310382623473913e+00,2.522935563470037224e+00,2.543980832135667391e+00,2.536988335498041813e+00,2.532545158684031517e+00,2.523030534647940026e+00,2.561909863508604168e+00,2.558989376318860920e+00,2.567124264867591599e+00,2.592240595259424740e+00,2.591135384747830006e+00,2.579289213934934821e+00,2.563064326973020002e+00,2.573307877630453877e+00,2.521761689128088513e+00,2.585457472027077319e+00,2.580468147594209505e+00,2.618719398483614569e+00,2.689447451428292890e+00,2.394648936430465280e+00,2.666725416331039877e+00,2.599349813593810232e+00,2.666414447618698169e+00,2.667439487847040880e+00,2.836929358015995106e+00,4.207031794045925643e+00,2.518925935644535041e+00,2.528945061801531224e+00,2.564950747993053781e+00,2.564934853066657361e+00,2.553077120197751793e+00,2.550971171624060396e+00,2.514253704607311679e+00,2.681302131910745956e+00
8.046076644255533594e+00,8.918763053900528703e+00,9.198095323520321998e+00,8.749695690857892671e+00,8.811518621247852678e+00,8.949847888186686973e+00,0.000000000000000000e+00,3.829982758326354375e+00,4.133082245819457157e+00,8.473037591550744096e+00,8.211252484146278618e+00,8.186076033137762664e+00,8.021370477566717838e+00,7.910302853579726623e+00,7.987764299822665670e+00,7.967148085004974511e+00,7.932048697871827869e+00,7.980498386202925509e+00,7.771902820397784240e+00,7.866802005357953043e+00,7.861173571850312847e+00,2.358848664646606252e+00,2.407440683618518928e+00,3.272393718696646303e+00,7.953737006781584462e+00,7.952448188447467814e+00,7.959384815463127261e+00,7.971104412451214039e+00,6.723388887301017469e+00,9.438828055074795387e+00,9.287904351161683891e+00,9.416969857075178751e+00,7.006218246401616057e+00,6.793375030529370306e+00,7.885949167659042303e+00,7.861815299345654040e+00,7.883008971473769222e+00,7.878510192388056943e+00,7.896653937086239416e+00,7.849594309826299465e+00,7.841787632310866840e+00,7.871698323168057065e+00,7.797969886488786528e+00,7.792992246205180606e+00,7.846652888197079179e+00,7.871540581299627526e+00,7.821463120117326362e+00,7.886332758942246279e+00,7.824609023981571099e+00,7.856663746283658156e+00,7.882127715083949937e+00,7.956307304757300081e+00,7.804098754304904517e+00,7.946119059356507641e+00,7.962455387679183261e+00,8.003029249781082655e+00,7.974239836910005153e+00,7.932248278019329746e+00,7.443963020409139375e+00,7.898290676182331715e+00,7.869876951154850531e+00,7.845504989952098995e+00,7.837852662348881339e+00,7.869207280137779925e+00,7.872826412504949189e+00,7.868355990991800830e+00,8.483763502365119891e+00
9.372335233260137954e+00,1.021839535532342325e+01,1.048535661039100297e+01,1.013204484912631287e+01,1.012224965357584949e+01,1.027407465942416920e+01,3.829982758326354375e+00,0.000000000000000000e+00,2.918252096245492311e+00,9.737395526683016556e+00,9.613047919760786542e+00,9.553766388680051236e+00,9.349339475096915208e+00,9.199125032696723991e+00,9.245934495090260441e+00,9.248651767110562361e+00,9.246953101567978450e+00,9.287034823241778980e+00,9.043008402990816208e+00,9.170407543382069093e+00,9.150677648580057166e+00,3.207508592165436934e+00,3.229588306751112192e+00,3.506832956538720847e+00,9.256833001321535193e+00,9.262730678718066102e+00,9.274941712065205124e+00,9.350840860183669889e+00,9.807878278117003745e+00,1.156729208128462538e+01,1.123034261704530401e+01,1.133824036524531031e+01,1.020698984037715640e+01,1.036235360294092622e+01,9.247682848234115127e+00,9.222539607743966528e+00,9.245024296515616413e+00,9.239773845464618773e+00,9.255991052357824600e+00,9.199905428193016377e+00,9.199924087211220680e+00,9.209883017195695132e+00,9.160073793605423731e+00,9.143338940051179975e+00,9.206810412471378768e+00,9.225026001932359776e+00,9.161746930117827148e+00,9.239709439683975845e+00,9.185625157477927516e+00,9.209833313534286248e+00,9.229589677908688117e+00,9.230872508229305495e+00,9.154919211897349030e+00,9.277851548602734866e+00,9.273567899383314383e+00,9.311906014771073714e+00,9.284141013202424020e+00,9.271172700878336670e+00,8.269539553314206870e+00,9.257048524648411103e+00,9.219751749730583867e+00,9.190440012429780481e+00,9.179845826427188271e+00,9.223008649557078442e+00,9.226499655797830712e+00,9.226873820557441874e+00,9.951229951069491264e+00
1.016327994381285293e+01,1.084629523668465012e+01,1.111785899511474796e+01,1.070563347372449847e+01,1.077187729479414280e+01,1.088295901844118418e+01,4.133082245819457157e+00,2.918252096245492311e+00,0.000000000000000000e+00,1.041620954400632471e+01,1.030136413429521269e+01,1.019275740252837004e+01,1.010251107301886364e+01,9.971663572436419543e+00,1.003007676343362320e+01,1.005619320565942409e+01,1.001255925193142104e+01,1.005188717560118761e+01,9.832211274176275495e+00,9.926920699675036985e+00,9.920630765980652299e+00,1.343374332878250366e+00,1.363484452195695029e+00,1.296194327461750673e+00,9.943433609585884625e+00,9.962874352135798972e+00,9.963928395948549621e+00,1.004199707838364297e+01,1.021697769894704422e+01,1.237028353288431681e+01,1.190869927098769665e+01,1.212798972483177096e+01,1.047616050682900557e+01,1.037700771530671773e+01,9.953559231231253079e+00,9.930846860180231772e+00,9.958136861185115762e+00,9.945170579063974614e+00,9.964940984678484881e+00,9.914281050585564969e+00,9.919426371078621685e+00,9.934712720844178335e+00,9.875898875599840920e+00,9.852982711369531188e+00,9.915030165418173169e+00,9.939466365866106656e+00,9.867280671200058251e+00,9.950531482399648908e+00,9.898892242415467280e+00,9.927918235251530277e+00,9.916116993092765952e+00,9.953541984985797342e+00,9.854442589884230941e+00,1.008118518825066978e+01,1.008448049361849286e+01,1.012830101173327790e+01,1.009980181509031283e+01,1.007643669240350270e+01,8.234015498556505719e+00,9.972604227733485871e+00,9.936299185506959120e+00,9.899427886769597507e+00,9.892353889055353733e+00,9.930533408352950175e+00,9.931916977780051781e+00,9.937047792138375968e+00,1.073163046587305303e+01
2.331558256248964955e+00,1.192718583552973888e+00,1.455151037655169288e+00,1.306874344112718855e+00,1.073953158751242976e+00,1.330823736942465807e+00,8.473037591550744096e+00,9.737395526683016556e+00,1.041620954400632471e+01,0.000000000000000000e+00,1.527539799198294412e+00,1.095435560336049496e+00,2.249879833827264086e+00,2.016228873703277191e+00,2.055599691873688073e+00,2.259261567155716577e+00,2.215950825438258054e+00,2.141222125671992327e+00,2.359781192399196925e+00,2.261181914241309432e+00,2.236419489297702512e+00,9.450404222781072505e+00,9.504715669310002113e+00,9.848966013519222074e+00,2.322904532590458704e+00,2.184236981093213625e+00,2.171590882523586785e+00,1.923447004801416726e+00,1.907754073314494869e+00,2.672224379901731339e+00,2.500522558911827176e+00,2.804943983274580166e+00,1.883635003339464431e+00,1.742553056760220986e+00,2.141982156495786160e+00,2.155204630117674824e+00,2.144409176213078805e+00,2.147690743800386937e+00,2.130349326344930905e+00,2.163451731732956684e+00,2.161331160760564529e+00,2.155775709096024340e+00,2.198735510955660999e+00,2.184765441665355468e+00,2.176341123475357353e+00,2.161971641778007935e+00,2.179129142754228976e+00,2.133124024832162124e+00,2.184444364174968456e+00,2.170942366992551609e+00,1.958347449015072739e+00,2.293150080670793844e+00,1.830820297498079618e+00,2.203846265537045657e+00,2.183439464270654273e+00,2.227472487428515002e+00,2.156776032345206318e+00,2.368995303534590313e+00,4.301344621366418153e+00,2.118366434042267876e+00,2.123369601232894421e+00,2.153639609263665822e+00,2.157332991482519446e+00,2.157581526364117597e+00,2.156410764146763359e+00,2.118569686553800402e+00,2.448485634336107886e+00
1.964206053617156611e+00,1.774117226091692867e+00,1.964150520725538973e+00,1.828881783629333180e+00,1.645098663084481494e+00,1.852598069718689677e+00,8.211252484146278618e+00,9.613047919760786542e+00,1.030136413429521269e+01,1.527539799198294412e+00,0.000000000000000000e+00,1.328759210290863857e+00,1.441168127058681803e+00,1.392992640112324709e+00,1.323421587167167957e+00,1.418738038268897217e+00,1.476080195054888078e+00,1.541887662701822759e+00,1.563474732587935900e+00,1.437136728576489775e+00,1.416122285180154261e+00,9.115060627383968495e+00,9.155096439261274810e+00,9.562904069360083525e+00,1.355904544835140557e+00,1.162804506269790261e+00,1.121058234207145343e+00,7.879133259988049254e-01,1.888029880545851968e+00,2.901590529364482141e+00,2.712918981958228226e+00,3.020636576240889326e+00,1.961443321371816095e+00,1.834418134815796186e+00,1.014448394000538212e+00,1.035413141583608754e+00,1.025589987129871483e+00,1.024585924014714822e+00,1.010259452203542407e+00,1.053126104790082618e+00,1.042634717620906537e+00,1.079236604690043455e+00,1.089113927691430783e+00,1.089658933439574096e+00,1.071721840640020629e+00,1.052846361194914371e+00,1.082884634458362028e+00,1.014147167462412069e+00,1.078881371589013982e+00,1.058502756409801959e+00,1.282340260423421086e+00,1.284963019317596489e+00,1.019776881068233942e+00,1.365636414364527429e+00,1.306898516421038270e+00,1.361163048607480164e+00,1.354721039001568261e+00,1.448996966477951176e+00,3.839921635781817777e+00,1.014368365554596085e+00,1.013304127337126159e+00,1.046433085074285119e+00,1.058626406683208510e+00,1.046160439836211653e+00,1.049863620257186714e+00,1.012647048256222870e+00,2.446887986500699164e+00
2.153780974853380936e+00,1.564213766582210896e+00,1.804874691193109948e+00,1.541535380504029495e+00,1.406192693602312582e+00,1.602895414632799609e+00,8.186076033137762664e+00,9.553766388680051236e+00,1.019275740252837004e+01,1.095435560336049496e+00,1.328759210290863857e+00,0.000000000000000000e+00,1.910385648530379843e+00,1.708983677455214734e+00,1.734067941238795152e+00,1.883250332018905127e+00,1.782712436445580861e+00,1.769216614765461104e+00,2.063553281080928059e+00,1.863764670178033267e+00,1.840355220900592670e+00,9.158398963015052630e+00,9.211822631170829112e+00,9.597857485621615226e+00,2.171369205556060500e+00,2.001447868787035844e+00,2.009802162720591756e+00,1.641568230648556836e+00,1.997127854840320849e+00,2.663899387460233914e+00,2.403784475464481041e+00,2.904747578022011112e+00,2.085873583553754962e+00,1.735130970103898607e+00,1.965044803836595744e+00,1.983415506835092268e+00,1.986387058760374913e+00,1.974907645951382573e+00,1.968314955343207773e+00,1.987921541722794450e+00,1.984606511585825128e+00,1.973067378645815495e+00,2.002803030338360379e+00,2.004440504097478204e+00,2.008284338937828206e+00,1.989214305373822045e+00,2.010592543530049348e+00,1.957271172898544354e+00,2.005009695015391280e+00,1.992939466786931124e+00,1.677225268816314063e+00,2.135916327348541532e+00,1.509883269035888764e+00,1.906161947249137789e+00,1.901222039292370436e+00,1.908686347304788367e+00,1.861731694633121270e+00,2.039966134556934207e+00,3.971582366223722182e+00,1.953230099711299461e+00,1.942341999221637527e+00,1.976601641723513048e+00,1.982915085948686151e+00,1.987895216124156539e+00,1.994222043399412225e+00,1.966964941789663524e+00,2.197409500497897294e+00
1.153681505511403138e+00,2.717341003118265874e+00,2.844269086810105929e+00,2.771769105077620310e+00,2.559310230371778072e+00,2.765378606995225752e+00,8.021370477566717838e+00,9.349339475096915208e+00,1.010251107301886364e+01,2.249879833827264086e+00,1.441168127058681803e+00,1.910385648530379843e+00,0.000000000000000000e+00,5.861134582801975634e-01,5.951817716903490263e-01,4.107830163359800779e-01,4.902624600941080102e-01,7.030643013079824755e-01,4.628302780281070561e-01,3.811933569182200943e-01,4.919842497157645433e-01,9.003171856347899293e+00,9.038005691246270956e+00,9.428625675112689564e+00,1.042907655905369602e+00,8.802818892102620696e-01,1.004819284104759403e+00,1.027346766942456968e+00,1.909987590809400615e+00,3.454295792752572591e+00,3.196796299676341491e+00,3.364425104316052906e+00,2.137947401550579496e+00,1.811616813947022786e+00,1.240824833685613360e+00,1.249101124868481127e+00,1.265211626527318334e+00,1.245931489239639589e+00,1.247171730930137112e+00,1.249551883482787229e+00,1.275955705926235417e+00,1.296198197215315373e+00,1.267305647566860038e+00,1.276845665742722735e+00,1.269464813841584272e+00,1.247126136671444785e+00,1.315707782668936954e+00,1.263176138332028575e+00,1.275623154290755012e+00,1.234083696590482448e+00,8.449684105560671954e-01,1.054141602701960556e+00,1.144730690514385474e+00,4.341539424208056275e-01,5.468806130257424236e-01,4.808068365281428780e-01,4.182749900876694404e-01,4.406903969141056643e-01,3.881747763346066193e+00,1.247046032029193396e+00,1.245170370723862385e+00,1.223930450554730154e+00,1.250328449966533917e+00,1.250375881900646080e+00,1.255855720479106319e+00,1.275299442881544287e+00,2.425289478917737718e+00
8.799246419263457852e-01,2.565709221185873634e+00,2.705617824658602899e+00,2.604913060353829302e+00,2.376792231484592399e+00,2.611610962209365727e+00,7.910302853579726623e+00,9.199125032696723991e+00,9.971663572436419543e+00,2.016228873703277191e+00,1.392992640112324709e+00,1.708983677455214734e+00,5.861134582801975634e-01,0.000000000000000000e+00,3.839217483193027580e-01,5.638831934095783760e-01,5.306867530753701656e-01,3.759330823453252424e-01,7.022994174904887421e-01,4.849357742866875487e-01,4.602891921016618593e-01,8.906680305303002143e+00,8.943559633117722285e+00,9.333307231265727921e+00,1.131958738417499166e+00,1.021026625466346038e+00,1.102258989629254948e+00,1.040203185407135855e+00,1.837812166231796773e+00,3.250554497639649654e+00,3.015717868989101991e+00,3.238737889371132272e+00,2.170187227109220629e+00,1.727966497233355714e+00,1.417318231678627916e+00,1.424115605890775349e+00,1.441098725716584150e+00,1.422796432903752573e+00,1.421885899093272343e+00,1.426190544848353614e+00,1.452981429031896532e+00,1.482997053939558052e+00,1.447743119558256186e+00,1.444810439879169017e+00,1.452232250675818737e+00,1.433546767127557020e+00,1.477946203277407777e+00,1.441441233140644762e+00,1.458191274354135869e+00,1.411347834166780890e+00,8.684734398267509592e-01,1.200271889561469241e+00,1.238233787998884061e+00,6.310198317039589222e-01,7.173623497275136707e-01,6.448016437586474581e-01,5.711252352571493107e-01,7.601586038958809688e-01,3.822070507123826122e+00,1.423701862864458878e+00,1.411859302880988931e+00,1.386865054727096869e+00,1.413005033021077272e+00,1.425641949263130925e+00,1.431479659665825466e+00,1.437606392945227407e+00,2.211741378813945502e+00
1.086602974489726758e+00,2.520673058408986922e+00,2.650087096024603017e+00,2.586360470388473498e+00,2.338970448040210037e+00,2.579419914799215618e+00,7.987764299822665670e+00,9.245934495090260441e+00,1.003007676343362320e+01,2.055599691873688073e+00,1.323421587167167957e+00,1.734067941238795152e+00,5.951817716903490263e-01,3.839217483193027580e-01,0.000000000000000000e+00,4.486954003911264866e-01,5.644375492045660136e-01,5.063843525286751968e-01,6.923645189287075397e-01,4.693085680349968203e-01,3.968518625859002724e-01,9.017931558822642302e+00,9.055220282445191060e+00,9.431746825593409156e+00,1.077390614154891901e+00,9.637643436497519422e-01,1.040106342270737061e+00,1.012740749417641473e+00,1.936622667102791073e+00,3.197587586440455265e+00,2.945210934885381882e+00,3.180385153776040585e+00,2.255475227708700903e+00,1.773358448300068391e+00,1.340072123024210970e+00,1.349181133512359798e+00,1.371748678174432579e+00,1.347514888702406211e+00,1.353540153336213470e+00,1.350724197338937227e+00,1.374547407049454772e+00,1.407612289096253466e+00,1.366682994946577745e+00,1.376199978951031522e+00,1.380188256843468908e+00,1.360456628295269921e+00,1.398177181288181137e+00,1.368103723059942656e+00,1.385813844963917463e+00,1.338753214742325115e+00,1.009547905535828072e+00,1.085335653921953414e+00,1.184059278131905479e+00,6.146040336441763730e-01,5.939792893039106403e-01,5.392257609059438739e-01,5.809128532085675589e-01,7.077474602128531744e-01,3.833294102564765549e+00,1.357633988527959357e+00,1.347080273485626867e+00,1.322878674339563077e+00,1.345294774167983709e+00,1.351538332684491861e+00,1.360744882260366273e+00,1.372951802724024839e+00,2.190845220491709711e+00
1.203414485833179004e+00,2.711019817058947456e+00,2.841321306319838147e+00,2.768342660256263521e+00,2.546499868276470124e+00,2.765974723126701118e+00,7.967148085004974511e+00,9.248651767110562361e+00,1.005619320565942409e+01,2.259261567155716577e+00,1.418738038268897217e+00,1.883250332018905127e+00,4.107830163359800779e-01,5.638831934095783760e-01,4.486954003911264866e-01,0.000000000000000000e+00,3.835507106526275245e-01,6.276654151587317543e-01,5.489932860431194772e-01,3.529062762620598925e-01,3.064579996919317706e-01,9.012838460816228192e+00,9.048519602153707098e+00,9.432282430459592248e+00,1.140728462438941104e+00,1.001289370902146425e+00,1.107121394867899289e+00,1.071593638602067911e+00,1.740289504422784850e+00,3.183342546210316648e+00,2.971902986615999165e+00,3.162346419272923370e+00,2.093149765291868913e+00,1.639830115172107083e+00,1.324209612699509098e+00,1.332024269421316687e+00,1.351768477956836190e+00,1.331902371881158675e+00,1.340024396546170449e+00,1.329298286538127094e+00,1.345460468444393376e+00,1.370249779199931517e+00,1.329631758528984298e+00,1.359404464928513523e+00,1.353854050375677742e+00,1.331529360548816543e+00,1.387639860029129757e+00,1.348967955958781495e+00,1.356312557834472576e+00,1.316032062177629580e+00,1.000340761299693959e+00,1.103516381187517492e+00,1.159676500790981946e+00,4.782359337360812535e-01,4.998034150382059670e-01,3.899377117177807439e-01,4.386465512012172052e-01,4.621319569401202698e-01,4.042243858625758079e+00,1.337661344832413945e+00,1.328729738671324156e+00,1.311167358325197041e+00,1.332475381233714673e+00,1.337903500237431542e+00,1.349782620695198609e+00,1.363961386237518392e+00,2.310075468341584948e+00
1.161919637625959956e+00,2.751951219004396876e+00,2.894935816446999599e+00,2.788973424862166262e+00,2.580498544888824242e+00,2.790480138557972722e+00,7.932048697871827869e+00,9.246953101567978450e+00,1.001255925193142104e+01,2.215950825438258054e+00,1.476080195054888078e+00,1.782712436445580861e+00,4.902624600941080102e-01,5.306867530753701656e-01,5.644375492045660136e-01,3.835507106526275245e-01,0.000000000000000000e+00,5.042807791436380027e-01,7.088966420434607008e-01,3.119113384550670220e-01,3.237870110893085185e-01,8.971390073101826346e+00,9.006642751184314122e+00,9.394696356797183512e+00,1.272801714429294018e+00,1.152739686349378401e+00,1.241107975420685072e+00,1.170472641137514147e+00,1.914428775541439087e+00,3.239995643792611624e+00,2.970779635321719958e+00,3.187608205915871462e+00,2.187084223879764089e+00,1.757870550256747766e+00,1.465840887831319383e+00,1.475198751733711067e+00,1.493136598423028705e+00,1.472437349032607257e+00,1.477932087929199056e+00,1.472160519000636603e+00,1.490446982960109468e+00,1.517034838427921084e+00,1.481604228740573070e+00,1.496255173702107033e+00,1.495590085340612552e+00,1.479167356177514048e+00,1.527598015969769296e+00,1.489406210587944202e+00,1.497920422644364979e+00,1.457855564147816363e+00,9.132457572886495401e-01,1.297292848856758773e+00,1.222672629932211930e+00,6.876325912930304485e-01,7.774244870377826633e-01,6.458487944649377033e-01,6.433884169989999569e-01,6.961384700020600835e-01,4.079140535971643722e+00,1.476317370215529889e+00,1.464863443878031024e+00,1.446630917882388623e+00,1.470944084702214161e+00,1.476579777046326036e+00,1.487224934894942674e+00,1.498950750222640682e+00,2.376862147274169335e+00
9.901728563931248006e-01,2.713630240392652659e+00,2.846188013660805982e+00,2.750896741137625945e+00,2.520350596547353828e+00,2.754240408028995279e+00,7.980498386202925509e+00,9.287034823241778980e+00,1.005188717560118761e+01,2.141222125671992327e+00,1.541887662701822759e+00,1.769216614765461104e+00,7.030643013079824755e-01,3.759330823453252424e-01,5.063843525286751968e-01,6.276654151587317543e-01,5.042807791436380027e-01,0.000000000000000000e+00,8.228776335009880816e-01,5.652651374423167674e-01,5.311614972613007968e-01,8.999032710335022500e+00,9.035020298642111314e+00,9.426156002962580160e+00,1.253227168838793704e+00,1.188035844069455393e+00,1.258098925089591091e+00,1.200814344338495987e+00,2.041829887664771359e+00,3.291178372611314629e+00,3.010694726336232474e+00,3.246039496074388353e+00,2.350340019139019354e+00,1.850438158883537243e+00,1.584071221657796569e+00,1.591950241844815261e+00,1.615840332320375827e+00,1.591311365519026744e+00,1.597852177253197281e+00,1.595329847998079087e+00,1.621815054489453178e+00,1.655463697813713164e+00,1.612589320584758790e+00,1.618292463292676286e+00,1.621996230811315165e+00,1.609142842260467443e+00,1.648682056383452998e+00,1.616093509706879372e+00,1.628929814961815215e+00,1.579534675306884850e+00,9.247550588501900481e-01,1.340380324864254069e+00,1.355277364010200492e+00,7.683344019994798879e-01,8.769345695724500844e-01,7.467801596467604774e-01,7.118686823778086481e-01,8.569576249190095085e-01,3.870570844791602738e+00,1.599611908814003502e+00,1.588646590306227235e+00,1.559533010668496811e+00,1.588111102010722586e+00,1.594708771381545986e+00,1.603166920967106890e+00,1.618347783729684908e+00,2.245012265110283511e+00
1.302273006611666561e+00,2.830776594385246980e+00,2.980166518660135377e+00,2.885988548335395976e+00,2.673195763454707663e+00,2.892455804828440780e+00,7.771902820397784240e+00,9.043008402990816208e+00,9.832211274176275495e+00,2.359781192399196925e+00,1.563474732587935900e+00,2.063553281080928059e+00,4.628302780281070561e-01,7.022994174904887421e-01,6.923645189287075397e-01,5.489932860431194772e-01,7.088966420434607008e-01,8.228776335009880816e-01,0.000000000000000000e+00,5.366148180329971540e-01,6.051487723198050173e-01,8.794510175125026308e+00,8.825582690719585344e+00,9.230811251031161291e+00,9.302884892141618511e-01,7.969880865300313921e-01,9.324020377239542468e-01,1.064364480343508390e+00,1.767053131202809269e+00,3.576350930410812534e+00,3.372222888100851801e+00,3.494418462088304977e+00,2.111253232801005186e+00,1.667453087600045070e+00,1.157277758789729827e+00,1.154877492426942709e+00,1.182359309789147161e+00,1.160135493751089486e+00,1.172101825378834672e+00,1.151501570892256243e+00,1.182638456372276270e+00,1.207978602112479871e+00,1.152503257962005589e+00,1.163780229382784359e+00,1.170886729279713379e+00,1.162306158250440147e+00,1.205288366343671314e+00,1.188608655900037281e+00,1.172560580301083233e+00,1.137595084691192859e+00,8.724622710631737554e-01,9.305552431994873475e-01,1.127794873656643215e+00,4.560274201763421797e-01,5.594885535036596691e-01,5.526141787480993717e-01,4.423350293624768170e-01,4.525829888215308072e-01,3.862909565664202738e+00,1.170231289458732116e+00,1.166409015588362630e+00,1.125514336737448273e+00,1.147673683735223937e+00,1.156813406930162325e+00,1.163532725373522370e+00,1.194438739634845703e+00,2.543466545639360366e+00
1.151038927906397280e+00,2.761905733979027389e+00,2.908932340158350893e+00,2.805723631160400799e+00,2.592798081332976512e+00,2.810416488326971773e+00,7.866802005357953043e+00,9.170407543382069093e+00,9.926920699675036985e+00,2.261181914241309432e+00,1.437136728576489775e+00,1.863764670178033267e+00,3.811933569182200943e-01,4.849357742866875487e-01,4.693085680349968203e-01,3.529062762620598925e-01,3.119113384550670220e-01,5.652651374423167674e-01,5.366148180329971540e-01,0.000000000000000000e+00,2.273231595340229616e-01,8.863825250493663432e+00,8.897849599671394216e+00,9.277098997277567705e+00,1.093283199424690322e+00,9.611873146918661348e-01,1.056985851590138914e+00,1.054581700422594581e+00,1.952039639836538720e+00,3.378859756478602261e+00,3.126808457023301013e+00,3.339299076870535732e+00,2.229400860139429952e+00,1.828404918661367784e+00,1.312830565468343202e+00,1.320333853103148769e+00,1.341152030658909089e+00,1.318259680475334594e+00,1.325531750267454845e+00,1.317884028888214765e+00,1.343611421758330815e+00,1.375868609642561635e+00,1.332879744305825120e+00,1.336942774127869882e+00,1.343736781565390448e+00,1.327474816437263616e+00,1.369702451094730211e+00,1.341747921601774252e+00,1.346739482036255042e+00,1.302365824255458104e+00,8.776315218834326304e-01,1.108450490930797727e+00,1.171628035907399612e+00,5.634362059211786011e-01,6.437705434835967466e-01,5.436106667733112685e-01,5.518016696480201322e-01,5.589723171210522201e-01,3.925381859348109348e+00,1.329420198677411902e+00,1.315577622600327956e+00,1.288312242827974741e+00,1.313406313467615272e+00,1.319605621175365506e+00,1.327609107855242554e+00,1.347408857996564180e+00,2.412448973437257393e+00
1.167775626147806944e+00,2.717440059390343610e+00,2.854569529667657424e+00,2.752868716622620227e+00,2.546492752691053241e+00,2.759661176450357800e+00,7.861173571850312847e+00,9.150677648580057166e+00,9.920630765980652299e+00,2.236419489297702512e+00,1.416122285180154261e+00,1.840355220900592670e+00,4.919842497157645433e-01,4.602891921016618593e-01,3.968518625859002724e-01,3.064579996919317706e-01,3.237870110893085185e-01,5.311614972613007968e-01,6.051487723198050173e-01,2.273231595340229616e-01,0.000000000000000000e+00,8.871909592970746772e+00,8.907031215737655216e+00,9.292551111500854333e+00,1.091022032252153551e+00,9.884024082145237422e-01,1.080762043035411457e+00,1.057623274090865317e+00,1.905738636906243233e+00,3.326096753959394192e+00,3.077591438329541518e+00,3.314017278232935126e+00,2.242409002016406916e+00,1.853687917501906091e+00,1.361349841783379588e+00,1.369172578838738330e+00,1.393559691775024145e+00,1.368253978576396079e+00,1.378409450179022278e+00,1.368370024312685729e+00,1.390710035145884982e+00,1.430437152040630711e+00,1.377176253184355437e+00,1.388485967153781253e+00,1.394537832207198846e+00,1.380006000395182619e+00,1.414373289908784193e+00,1.391453999509124628e+00,1.398716605693776094e+00,1.357025308107358885e+00,9.509467577225073631e-01,1.109161625073728397e+00,1.195411328986027089e+00,6.032378906381532513e-01,6.365249900646769987e-01,5.394632259807116137e-01,5.821147833155533302e-01,6.201611120331835814e-01,3.943831908135653208e+00,1.386263232567856329e+00,1.369607277221709385e+00,1.339441978784231990e+00,1.363564579331371762e+00,1.371248285436818870e+00,1.382310679270719822e+00,1.398396709848871877e+00,2.341631529556869484e+00
8.973543062673531523e+00,9.828933852347777389e+00,1.007355809396690027e+01,9.561700525709815324e+00,9.770592486592740045e+00,9.782318024424967007e+00,2.358848664646606252e+00,3.207508592165436934e+00,1.343374332878250366e+00,9.450404222781072505e+00,9.115060627383968495e+00,9.158398963015052630e+00,9.003171856347899293e+00,8.906680305303002143e+00,9.017931558822642302e+00,9.012838460816228192e+00,8.971390073101826346e+00,8.999032710335022500e+00,8.794510175125026308e+00,8.863825250493663432e+00,8.871909592970746772e+00,0.000000000000000000e+00,3.549046634433605241e-01,2.927495687542917002e-01,8.871988707975237531e+00,8.880284701528905700e+00,8.887930606473860351e+00,8.880599427024520764e+00,7.365276241124491641e+00,1.182774314112798031e+01,1.133372100466230137e+01,1.162831642671981491e+01,7.531971581636213386e+00,6.368917218559622562e+00,8.767734248883771286e+00,8.754498297322669487e+00,8.771200309802216211e+00,8.764627781864007261e+00,8.784131718734830230e+00,8.755378450688390046e+00,8.749649476796021119e+00,8.789739846584653904e+00,8.696284621086036282e+00,8.695316887072118917e+00,8.733701221589550201e+00,8.764842496545949047e+00,8.715804647365708036e+00,8.780963861367123258e+00,8.727446344845004589e+00,8.757365006315605882e+00,8.823262741945944398e+00,8.883731469064850117e+00,8.714677413248994142e+00,8.977452892724123501e+00,9.009894689240153909e+00,9.059740790896954721e+00,9.020855228905539036e+00,8.957530093591881126e+00,7.525402086794123591e+00,8.796125923276566283e+00,8.777584808846759401e+00,8.750061325584946204e+00,8.741709532752333089e+00,8.760780015471921089e+00,8.765741049439764510e+00,8.760824719396993032e+00,9.434022106820567188e+00
9.009359790949268643e+00,9.887431500467261714e+00,1.013020347980817704e+01,9.618182785961527870e+00,9.827164433715946501e+00,9.835470538458778833e+00,2.407440683618518928e+00,3.229588306751112192e+00,1.363484452195695029e+00,9.504715669310002113e+00,9.155096439261274810e+00,9.211822631170829112e+00,9.038005691246270956e+00,8.943559633117722285e+00,9.055220282445191060e+00,9.048519602153707098e+00,9.006642751184314122e+00,9.035020298642111314e+00,8.825582690719585344e+00,8.897849599671394216e+00,8.907031215737655216e+00,3.549046634433605241e-01,0.000000000000000000e+00,4.837506484981004551e-01,8.900330406656612681e+00,8.908475827492065235e+00,8.915705643913231171e+00,8.914397143970516524e+00,7.338172818496959238e+00,1.192674566414815374e+01,1.141469815029309842e+01,1.170916469966441298e+01,7.503205356170253637e+00,6.543437483210158057e+00,8.793636252059135572e+00,8.780691905178022338e+00,8.797569378493189873e+00,8.790459090429111555e+00,8.810600923848664223e+00,8.781635751091236841e+00,8.776522303851338691e+00,8.817767649836175892e+00,8.722740217352232150e+00,8.721070048155256771e+00,8.759815922723490189e+00,8.791908971933697359e+00,8.741757534295460985e+00,8.807619010185485209e+00,8.753788881594566362e+00,8.783255894396184260e+00,8.850183023115580028e+00,8.910444804347767089e+00,8.747182047166734975e+00,9.013229536704095324e+00,9.049428488317328600e+00,9.097607330893954014e+00,9.058164765428106335e+00,8.992405831044790077e+00,7.632308709064954400e+00,8.822315854660159218e+00,8.804360817752739266e+00,8.775825680452975064e+00,8.767307856600499605e+00,8.786436818444563812e+00,8.791492141027893226e+00,8.787400016378652978e+00,9.495303415195039065e+00
