0.000000000000000000e+00,4.985861159086591998e-01,5.431634018889535120e-01,4.702530129410686377e-01,8.918763053900528703e+00,1.021839535532342325e+01,1.084629523668465012e+01,1.774117226091692867e+00,2.565709221185873634e+00,2.520673058408986922e+00,2.830776594385246980e+00,2.761905733979027389e+00,2.280912191384115495e+00,2.432676874299124048e+00,2.452154854568963316e+00,2.442056944536987739e+00,2.467394202997287511e+00,2.458251844014578413e+00,2.497843098027676678e+00,2.612414571287059228e+00,2.778564528205588413e+00,2.423799599134618177e+00,2.473802828000592591e+00,2.471007558288500494e+00,2.632738876445332110e+00
4.985861159086591998e-01,0.000000000000000000e+00,6.029839256810628489e-01,4.029854222339859793e-01,9.198095323520321998e+00,1.048535661039100297e+01,1.111785899511474796e+01,1.964150520725538973e+00,2.705617824658602899e+00,2.650087096024603017e+00,2.980166518660135377e+00,2.908932340158350893e+00,2.415885360524234748e+00,2.631912213354334451e+00,2.652778151702410714e+00,2.646233916308105893e+00,2.671816462717680363e+00,2.674200551725848030e+00,2.707072908595627769e+00,2.740078976739007910e+00,2.908277235246114145e+00,2.629806296463940374e+00,2.676498161117175645e+00,2.677025721384024948e+00,2.698841559944939572e+00
5.431634018889535120e-01,6.029839256810628489e-01,0.000000000000000000e+00,3.589501772459671169e-01,8.749695690857892671e+00,1.013204484912631287e+01,1.070563347372449847e+01,1.828881783629333180e+00,2.604913060353829302e+00,2.586360470388473498e+00,2.885988548335395976e+00,2.805723631160400799e+00,2.281590789005096820e+00,2.508899108682696166e+00,2.526597633660134790e+00,2.523363614255491161e+00,2.545765641015411695e+00,2.551247710358238496e+00,2.570902006034805787e+00,2.673333556285414581e+00,2.840936295812567902e+00,2.509296204124367602e+00,2.547338899828810455e+00,2.548411087469944825e+00,2.669077518565143414e+00
4.702530129410686377e-01,4.029854222339859793e-01,3.589501772459671169e-01,0.000000000000000000e+00,8.949847888186686973e+00,1.027407465942416920e+01,1.088295901844118418e+01,1.852598069718689677e+00,2.611610962209365727e+00,2.579419914799215618e+00,2.892455804828440780e+00,2.810416488326971773e+00,2.316443406011287287e+00,2.522935563470037224e+00,2.543980832135667391e+00,2.536988335498041813e+00,2.561909863508604168e+00,2.567124264867591599e+00,2.591135384747830006e+00,2.666725416331039877e+00,2.836929358015995106e+00,2.518925935644535041e+00,2.564950747993053781e+00,2.564934853066657361e+00,2.681302131910745956e+00
8.918763053900528703e+00,9.198095323520321998e+00,8.749695690857892671e+00,8.949847888186686973e+00,0.000000000000000000e+00,3.829982758326354375e+00,4.133082245819457157e+00,8.211252484146278618e+00,7.910302853579726623e+00,7.987764299822665670e+00,7.771902820397784240e+00,7.866802005357953043e+00,7.971104412451214039e+00,7.885949167659042303e+00,7.861815299345654040e+00,7.883008971473769222e+00,7.849594309826299465e+00,7.871698323168057065e+00,7.792992246205180606e+00,7.946119059356507641e+00,7.932248278019329746e+00,7.898290676182331715e+00,7.845504989952098995e+00,7.837852662348881339e+00,8.483763502365119891e+00
1.021839535532342325e+01,1.048535661039100297e+01,1.013204484912631287e+01,1.027407465942416920e+01,3.829982758326354375e+00,0.000000000000000000e+00,2.918252096245492311e+00,9.613047919760786542e+00,9.199125032696723991e+00,9.245934495090260441e+00,9.043008402990816208e+00,9.170407543382069093e+00,9.350840860183669889e+00,9.247682848234115127e+00,9.222539607743966528e+00,9.245024296515616413e+00,9.199905428193016377e+00,9.209883017195695132e+00,9.143338940051179975e+00,9.277851548602734866e+00,9.271172700878336670e+00,9.257048524648411103e+00,9.190440012429780481e+00,9.179845826427188271e+00,9.951229951069491264e+00
1.084629523668465012e+01,1.111785899511474796e+01,1.070563347372449847e+01,1.088295901844118418e+01,4.133082245819457157e+00,2.918252096245492311e+00,0.000000000000000000e+00,1.030136413429521269e+01,9.971663572436419543e+00,1.003007676343362320e+01,9.832211274176275495e+00,9.926920699675036985e+00,1.004199707838364297e+01,9.953559231231253079e+00,9.930846860180231772e+00,9.958136861185115762e+00,9.914281050585564969e+00,9.934712720844178335e+00,9.852982711369531188e+00,1.008118518825066978e+01,1.007643669240350270e+01,9.972604227733485871e+00,9.899427886769597507e+00,9.892353889055353733e+00,1.073163046587305303e+01
1.774117226091692867e+00,1.964150520725538973e+00,1.828881783629333180e+00,1.852598069718689677e+00,8.211252484146278618e+00,9.613047919760786542e+00,1.030136413429521269e+01,0.000000000000000000e+00,1.392992640112324709e+00,1.323421587167167957e+00,1.563474732587935900e+00,1.437136728576489775e+00,7.879133259988049254e-01,1.014448394000538212e+00,1.035413141583608754e+00,1.025589987129871483e+00,1.053126104790082618e+00,1.079236604690043455e+00,1.089658933439574096e+00,1.365636414364527429e+00,1.448996966477951176e+00,1.014368365554596085e+00,1.046433085074285119e+00,1.058626406683208510e+00,2.446887986500699164e+00
2.565709221185873634e+00,2.705617824658602899e+00,2.604913060353829302e+00,2.611610962209365727e+00,7.910302853579726623e+00,9.199125032696723991e+00,9.971663572436419543e+00,1.392992640112324709e+00,0.000000000000000000e+00,3.839217483193027580e-01,7.022994174904887421e-01,4.849357742866875487e-01,1.040203185407135855e+00,1.417318231678627916e+00,1.424115605890775349e+00,1.441098725716584150e+00,1.426190544848353614e+00,1.482997053939558052e+00,1.444810439879169017e+00,6.310198317039589222e-01,7.601586038958809688e-01,1.423701862864458878e+00,1.386865054727096869e+00,1.413005033021077272e+00,2.211741378813945502e+00
2.520673058408986922e+00,2.650087096024603017e+00,2.586360470388473498e+00,2.579419914799215618e+00,7.987764299822665670e+00,9.245934495090260441e+00,1.003007676343362320e+01,1.323421587167167957e+00,3.839217483193027580e-01,0.000000000000000000e+00,6.923645189287075397e-01,4.693085680349968203e-01,1.012740749417641473e+00,1.340072123024210970e+00,1.349181133512359798e+00,1.371748678174432579e+00,1.350724197338937227e+00,1.407612289096253466e+00,1.376199978951031522e+00,6.146040336441763730e-01,7.077474602128531744e-01,1.357633988527959357e+00,1.322878674339563077e+00,1.345294774167983709e+00,2.190845220491709711e+00
2.830776594385246980e+00,2.980166518660135377e+00,2.885988548335395976e+00,2.892455804828440780e+00,7.771902820397784240e+00,9.043008402990816208e+00,9.832211274176275495e+00,1.563474732587935900e+00,7.022994174904887421e-01,6.923645189287075397e-01,0.000000000000000000e+00,5.366148180329971540e-01,1.064364480343508390e+00,1.157277758789729827e+00,1.154877492426942709e+00,1.182359309789147161e+00,1.151501570892256243e+00,1.207978602112479871e+00,1.163780229382784359e+00,4.560274201763421797e-01,4.525829888215308072e-01,1.170231289458732116e+00,1.125514336737448273e+00,1.147673683735223937e+00,2.543466545639360366e+00
2.761905733979027389e+00,2.908932340158350893e+00,2.805723631160400799e+00,2.810416488326971773e+00,7.866802005357953043e+00,9.170407543382069093e+00,9.926920699675036985e+00,1.437136728576489775e+00,4.849357742866875487e-01,4.693085680349968203e-01,5.366148180329971540e-01,0.000000000000000000e+00,1.054581700422594581e+00,1.312830565468343202e+00,1.320333853103148769e+00,1.341152030658909089e+00,1.317884028888214765e+00,1.375868609642561635e+00,1.336942774127869882e+00,5.634362059211786011e-01,5.589723171210522201e-01,1.329420198677411902e+00,1.288312242827974741e+00,1.313406313467615272e+00,2.412448973437257393e+00
2.280912191384115495e+00,2.415885360524234748e+00,2.281590789005096820e+00,2.316443406011287287e+00,7.971104412451214039e+00,9.350840860183669889e+00,1.004199707838364297e+01,7.879133259988049254e-01,1.040203185407135855e+00,1.012740749417641473e+00,1.064364480343508390e+00,1.054581700422594581e+00,0.000000000000000000e+00,8.137881997513637389e-01,8.214520486592384874e-01,8.460464309324028376e-01,8.457050631811472430e-01,9.214390839381532139e-01,8.609878663770959006e-01,9.501025947585958198e-01,1.004515822768735189e+00,8.420453689475935199e-01,8.010675430252209850e-01,8.331986954325820705e-01,2.496515229508566858e+00
2.432676874299124048e+00,2.631912213354334451e+00,2.508899108682696166e+00,2.522935563470037224e+00,7.885949167659042303e+00,9.247682848234115127e+00,9.953559231231253079e+00,1.014448394000538212e+00,1.417318231678627916e+00,1.340072123024210970e+00,1.157277758789729827e+00,1.312830565468343202e+00,8.137881997513637389e-01,0.000000000000000000e+00,4.688685237528917443e-02,8.604172054799788527e-02,8.045557374852266297e-02,2.328872669416797714e-01,1.406880343413066392e-01,1.134584711199841500e+00,1.142719071000778408e+00,1.510802656762379181e-01,1.158530912605190977e-01,1.132993930231175339e-01,2.805650890942150255e+00
2.452154854568963316e+00,2.652778151702410714e+00,2.526597633660134790e+00,2.543980832135667391e+00,7.861815299345654040e+00,9.222539607743966528e+00,9.930846860180231772e+00,1.035413141583608754e+00,1.424115605890775349e+00,1.349181133512359798e+00,1.154877492426942709e+00,1.320333853103148769e+00,8.214520486592384874e-01,4.688685237528917443e-02,0.000000000000000000e+00,8.261835794093223828e-02,5.783773697814742487e-02,2.284041320210936088e-01,1.183238092499586808e-01,1.139729501019867142e+00,1.146047687710024299e+00,1.578527031101854550e-01,9.837086992155394394e-02,9.791416442325223679e-02,2.817504330135020219e+00
2.442056944536987739e+00,2.646233916308105893e+00,2.523363614255491161e+00,2.536988335498041813e+00,7.883008971473769222e+00,9.245024296515616413e+00,9.958136861185115762e+00,1.025589987129871483e+00,1.441098725716584150e+00,1.371748678174432579e+00,1.182359309789147161e+00,1.341152030658909089e+00,8.460464309324028376e-01,8.604172054799788527e-02,8.261835794093223828e-02,0.000000000000000000e+00,8.965854629336249271e-02,2.080403781525371754e-01,1.450364844691283128e-01,1.157655789249970590e+00,1.164472059872050380e+00,1.149888939587003500e-01,1.303988366486867889e-01,1.215253720915818181e-01,2.823290744972212885e+00
2.467394202997287511e+00,2.671816462717680363e+00,2.545765641015411695e+00,2.561909863508604168e+00,7.849594309826299465e+00,9.199905428193016377e+00,9.914281050585564969e+00,1.053126104790082618e+00,1.426190544848353614e+00,1.350724197338937227e+00,1.151501570892256243e+00,1.317884028888214765e+00,8.457050631811472430e-01,8.045557374852266297e-02,5.783773697814742487e-02,8.965854629336249271e-02,0.000000000000000000e+00,1.925656954949933053e-01,9.378417703407383732e-02,1.142562683522794220e+00,1.146029692499853425e+00,1.558174284799354048e-01,9.021517437851371557e-02,7.450582798461588552e-02,2.824147499209281431e+00
2.458251844014578413e+00,2.674200551725848030e+00,2.551247710358238496e+00,2.567124264867591599e+00,7.871698323168057065e+00,9.209883017195695132e+00,9.934712720844178335e+00,1.079236604690043455e+00,1.482997053939558052e+00,1.407612289096253466e+00,1.207978602112479871e+00,1.375868609642561635e+00,9.214390839381532139e-01,2.328872669416797714e-01,2.284041320210936088e-01,2.080403781525371754e-01,1.925656954949933053e-01,0.000000000000000000e+00,2.078088247361406515e-01,1.193289047641309386e+00,1.193266619934411299e+00,1.968220454100233774e-01,2.347566437867826816e-01,2.037237768616555478e-01,2.835641724686616794e+00
2.497843098027676678e+00,2.707072908595627769e+00,2.570902006034805787e+00,2.591135384747830006e+00,7.792992246205180606e+00,9.143338940051179975e+00,9.852982711369531188e+00,1.089658933439574096e+00,1.444810439879169017e+00,1.376199978951031522e+00,1.163780229382784359e+00,1.336942774127869882e+00,8.609878663770959006e-01,1.406880343413066392e-01,1.183238092499586808e-01,1.450364844691283128e-01,9.378417703407383732e-02,2.078088247361406515e-01,0.000000000000000000e+00,1.175494238209365161e+00,1.177498510728287151e+00,1.889896228719245008e-01,1.013114559165673861e-01,7.678585316837145680e-02,2.853319436808938736e+00
2.612414571287059228e+00,2.740078976739007910e+00,2.673333556285414581e+00,2.666725416331039877e+00,7.946119059356507641e+00,9.277851548602734866e+00,1.008118518825066978e+01,1.365636414364527429e+00,6.310198317039589222e-01,6.146040336441763730e-01,4.560274201763421797e-01,5.634362059211786011e-01,9.501025947585958198e-01,1.134584711199841500e+00,1.139729501019867142e+00,1.157655789249970590e+00,1.142562683522794220e+00,1.193289047641309386e+00,1.175494238209365161e+00,0.000000000000000000e+00,2.547246069292694592e-01,1.138544458291044892e+00,1.123599558297895706e+00,1.145648970366179187e+00,2.301353396403768237e+00
2.778564528205588413e+00,2.908277235246114145e+00,2.840936295812567902e+00,2.836929358015995106e+00,7.932248278019329746e+00,9.271172700878336670e+00,1.007643669240350270e+01,1.448996966477951176e+00,7.601586038958809688e-01,7.077474602128531744e-01,4.525829888215308072e-01,5.589723171210522201e-01,1.004515822768735189e+00,1.142719071000778408e+00,1.146047687710024299e+00,1.164472059872050380e+00,1.146029692499853425e+00,1.193266619934411299e+00,1.177498510728287151e+00,2.547246069292694592e-01,0.000000000000000000e+00,1.150761335709501454e+00,1.131009475681804988e+00,1.152588278478077655e+00,2.391182429330592996e+00
2.423799599134618177e+00,2.629806296463940374e+00,2.509296204124367602e+00,2.518925935644535041e+00,7.898290676182331715e+00,9.257048524648411103e+00,9.972604227733485871e+00,1.014368365554596085e+00,1.423701862864458878e+00,1.357633988527959357e+00,1.170231289458732116e+00,1.329420198677411902e+00,8.420453689475935199e-01,1.510802656762379181e-01,1.578527031101854550e-01,1.149888939587003500e-01,1.558174284799354048e-01,1.968220454100233774e-01,1.889896228719245008e-01,1.138544458291044892e+00,1.150761335709501454e+00,0.000000000000000000e+00,1.790110980481419145e-01,1.679224793332843579e-01,2.819146335252980862e+00
2.473802828000592591e+00,2.676498161117175645e+00,2.547338899828810455e+00,2.564950747993053781e+00,7.845504989952098995e+00,9.190440012429780481e+00,9.899427886769597507e+00,1.046433085074285119e+00,1.386865054727096869e+00,1.322878674339563077e+00,1.125514336737448273e+00,1.288312242827974741e+00,8.010675430252209850e-01,1.158530912605190977e-01,9.837086992155394394e-02,1.303988366486867889e-01,9.021517437851371557e-02,2.347566437867826816e-01,1.013114559165673861e-01,1.123599558297895706e+00,1.131009475681804988e+00,1.790110980481419145e-01,0.000000000000000000e+00,5.544751274518477241e-02,2.817425631986132828e+00
2.471007558288500494e+00,2.677025721384024948e+00,2.548411087469944825e+00,2.564934853066657361e+00,7.837852662348881339e+00,9.179845826427188271e+00,9.892353889055353733e+00,1.058626406683208510e+00,1.413005033021077272e+00,1.345294774167983709e+00,1.147673683735223937e+00,1.313406313467615272e+00,8.331986954325820705e-01,1.132993930231175339e-01,9.791416442325223679e-02,1.215253720915818181e-01,7.450582798461588552e-02,2.037237768616555478e-01,7.678585316837145680e-02,1.145648970366179187e+00,1.152588278478077655e+00,1.679224793332843579e-01,5.544751274518477241e-02,0.000000000000000000e+00,2.823029707068231531e+00
2.632738876445332110e+00,2.698841559944939572e+00,2.669077518565143414e+00,2.681302131910745956e+00,8.483763502365119891e+00,9.951229951069491264e+00,1.073163046587305303e+01,2.446887986500699164e+00,2.211741378813945502e+00,2.190845220491709711e+00,2.543466545639360366e+00,2.412448973437257393e+00,2.496515229508566858e+00,2.805650890942150255e+00,2.817504330135020219e+00,2.823290744972212885e+00,2.824147499209281431e+00,2.835641724686616794e+00,2.853319436808938736e+00,2.301353396403768237e+00,2.391182429330592996e+00,2.819146335252980862e+00,2.817425631986132828e+00,2.823029707068231531e+00,0.000000000000000000e+00
