0.000000000000000000e+00,1.974346967625883353e+00,1.271822708784882128e+00,7.890013761465216602e-01,6.933341253890938916e-01,7.163652699818613412e-01,6.717651632263584860e-01,5.991344532580255011e-01,7.174714130499993958e-01,1.737890737886519821e+00,1.256655585512503226e+00,4.917421986442239157e-01,8.668808953511742965e-01,5.942977443855556041e-01,6.188921161066430754e-01,6.942379702052661195e-01,6.724245732288802735e-01,7.457775281815713919e-01,6.581129503110921819e-01,7.096824167135166173e-01,5.688560386989683915e-01,5.641397765180753421e-01,6.259658435084878292e-01,6.051459088978632384e-01,1.541757990858208416e+00,1.568928426497111728e+00,1.588419744144089485e+00,5.794212802292251219e-01,5.710681008220073185e-01,2.204884360950935651e+00,4.905500269662657065e-01,5.215978932601833540e-01,2.280790338658380545e+00,5.510352881290160321e-01,5.382572897194124462e-01,1.211825418814808764e+00,1.150101978211191422e+00,8.959658916486735736e-01,1.190669540870886056e+00,8.592415445914520777e-01,4.357811189758857284e-01,4.592731900553243540e-01,1.213929083889824234e+00,6.246855353392190002e-01,7.135763494702933585e-01,4.961094204773777716e-01,4.783958707828541712e-01,4.234091314752482793e-01,7.654145510409654518e-01
1.974346967625883353e+00,0.000000000000000000e+00,1.792359092632767936e+00,1.980150908296866685e+00,2.994960083579619958e+00,2.932852457106605026e+00,2.960902714587884788e+00,2.909058447859014240e+00,3.030329368939231660e+00,2.641502872917185218e+00,2.172550233670619946e+00,2.533900418305391700e+00,2.184517474751229926e+00,2.838390997291383222e+00,2.900346710409221984e+00,2.547418225687251514e+00,2.968003635391700534e+00,3.009860047796943494e+00,2.972391315851365068e+00,3.023198887458339534e+00,2.843729282252446922e+00,2.834670704879109326e+00,2.926127901183810387e+00,2.864965942724815751e+00,2.575143115892505108e+00,2.624518860011279209e+00,2.667541837132781257e+00,2.866713371192107118e+00,2.876358964184062561e+00,3.057042524940519090e+00,2.602497349083313871e+00,2.772951162855956664e+00,3.117576904109695679e+00,2.955810617453357825e+00,2.827912024621622944e+00,2.749296011547783358e+00,2.719732932648883494e+00,2.555440218253159479e+00,1.882120174153086412e+00,1.970667541890758434e+00,2.480629608465264369e+00,2.254241635288903645e+00,2.083880411759167384e+00,2.547129279654706924e+00,3.032094027369445222e+00,2.072080612912115871e+00,2.107870684999036737e+00,1.386527747157767054e+00,3.078178151419982633e+00
1.271822708784882128e+00,1.792359092632767936e+00,0.000000000000000000e+00,2.313247330795641599e+00,4.229679542778414181e+00,4.183230307592639363e+00,4.193311615500033618e+00,4.158687020487956687e+00,4.229610311570300318e+00,2.436663809073803311e+00,1.604307028174287497e+00,3.428595406584680649e+00,1.888491230912066055e+00,4.078324726282799517e+00,4.104295964148799492e+00,3.019726881021759013e+00,4.170074580572088685e+00,4.229596396476067000e+00,4.213141975035296305e+00,4.252808911522810043e+00,4.112222541728607794e+00,4.087406836553885370e+00,4.126386929481634880e+00,4.106216534708162946e+00,3.663091658936084016e+00,3.743933818103332367e+00,3.809549921945360129e+00,4.137120702373594305e+00,4.120421495750328233e+00,4.045413932334807505e+00,3.511770580520893414e+00,3.578408880270297132e+00,4.126153781811457755e+00,4.286340576913439726e+00,4.135132953638955833e+00,2.848506842624626501e+00,3.734871712146776712e+00,3.959703281987200896e+00,2.311414584180906395e+00,2.120816028800200925e+00,1.642633861271971307e+00,1.908832627990693531e+00,1.958432471575254130e+00,3.184924883302083121e+00,4.193095012300586788e+00,2.149832249289884700e+00,2.056605874116357757e+00,9.247453537898916442e-01,4.324689971286873380e+00
7.890013761465216602e-01,1.980150908296866685e+00,2.313247330795641599e+00,0.000000000000000000e+00,1.536655288400402330e+00,1.483814013031469647e+00,1.510062340578630202e+00,1.496418314876697853e+00,1.551792740553781691e+00,1.978505296079018150e+00,1.221062251860526970e+00,2.368008232451783268e+00,1.005044484332237698e+00,1.509000688873329166e+00,1.584011200472431602e+00,1.153493717633053972e+00,1.499162369432664343e+00,1.532924299000773871e+00,1.546713669709452343e+00,1.544271039185448613e+00,1.531081694265165272e+00,1.541781309521898180e+00,1.576573313018680977e+00,1.521045339082071735e+00,2.496997301578145922e+00,2.550204087278703291e+00,2.597104274453774675e+00,1.547751506963725987e+00,1.555316331421926712e+00,2.671503607584382767e+00,7.385813771894506052e-01,7.889202396748034030e-01,2.716898359470275359e+00,1.646969688632258233e+00,1.504368319955964539e+00,1.816192826744537525e+00,2.162274432560958193e+00,1.529426024683568475e+00,7.287978556561784949e-01,5.404033197315354364e-01,2.001767013706818421e+00,2.674131752833135423e+00,9.586427454152348648e-01,9.651044389587446481e-01,1.524434324872899982e+00,8.392440034446739805e-01,7.849936871008587058e-01,5.770948208548714042e-01,1.722190049940840462e+00
6.933341253890938916e-01,2.994960083579619958e+00,4.229679542778414181e+00,1.536655288400402330e+00,0.000000000000000000e+00,2.629357667559905631e-01,1.421636091249672551e-01,1.801305485923373750e-01,1.340392487990816617e-01,1.886741351466407757e+00,9.164038339134772393e-01,2.025202137918092671e+00,1.009038639615440713e+00,3.451474177160880341e-01,3.393398112716273785e-01,3.022970030844611689e+00,1.031386373290958808e-01,1.430563325650692219e-01,2.443272863435405617e-01,1.267708052600719504e-01,3.239140438375692210e-01,3.456077577558281932e-01,3.041234273715499037e-01,3.101889760607324797e-01,2.964835049825681690e+00,2.913385198322062664e+00,2.954916789385000797e+00,2.890990932480225761e-01,3.025007667967150038e-01,2.686218699787453534e+00,3.864713689882072423e+00,3.832004229826829533e+00,2.693413566102936141e+00,4.044655535086695286e-01,3.757231113440892556e-01,1.218070829168653502e+00,1.639562173456291960e+00,1.008218282946443889e+00,1.848478815644032602e+00,1.103343429514717089e+00,2.172150387217123502e+00,2.363533761762342866e+00,1.039104988886229597e+00,1.566428979469338678e+00,1.162350169037065922e-01,1.459010811526068485e+00,9.605195912274959724e-01,7.306278017715945872e-01,6.831496351775365738e-01
7.163652699818613412e-01,2.932852457106605026e+00,4.183230307592639363e+00,1.483814013031469647e+00,2.629357667559905631e-01,0.000000000000000000e+00,1.604890544442996447e-01,2.481745422474122553e-01,3.018375925578701824e-01,1.870043424797160236e+00,9.102291138042678531e-01,2.039970620279474289e+00,1.024596046305795927e+00,2.852686730701567974e-01,3.933028215607674571e-01,3.072057344915642751e+00,2.679930947443761036e-01,2.418061049884742408e-01,2.391457639148499570e-01,2.510696303601602231e-01,3.155554400261953996e-01,3.692591854740834845e-01,3.919739021588907746e-01,2.860981315576289763e-01,2.883747952820139293e+00,2.833054258990515439e+00,2.857158006900403890e+00,3.089711719291922121e-01,3.782928700672363864e-01,2.647807234231105866e+00,3.931565845285403871e+00,3.905441322543218519e+00,2.653442335078329606e+00,4.506929773785479099e-01,3.102288321259618065e-01,1.190420992984764448e+00,1.614220156747051327e+00,8.626319105160654699e-01,1.807007986299127511e+00,9.701647625145533027e-01,2.163473191797763651e+00,2.332106403933952077e+00,1.011913799723858087e+00,1.528671302809135657e+00,3.056522879573587703e-01,1.419081182378580497e+00,9.439560834970491809e-01,6.910181565027723183e-01,7.756972848711434221e-01
6.717651632263584860e-01,2.960902714587884788e+00,4.193311615500033618e+00,1.510062340578630202e+00,1.421636091249672551e-01,1.604890544442996447e-01,0.000000000000000000e+00,1.393535497150555080e-01,1.869024336608834658e-01,1.864583682430363432e+00,9.115674780028709678e-01,2.013053258821425828e+00,1.010297745985214934e+00,2.716486121398775100e-01,3.259868374339571773e-01,3.023797005511969616e+00,1.379271426617331153e-01,1.467826785004701651e-01,1.782541703781081732e-01,1.495004565032560240e-01,2.680200686786360365e-01,3.099465819010026602e-01,3.067581742850063464e-01,2.484834060230846076e-01,2.917499822874262794e+00,2.865014468029477346e+00,2.901036615620869785e+00,2.461462101918945600e-01,2.892828338497584473e-01,2.666210453427513283e+00,3.887059071455101655e+00,3.857304403161559314e+00,2.672967596545442248e+00,3.978726954525447224e-01,2.989043189990014948e-01,1.197603920830118351e+00,1.608607969594173737e+00,9.161930429482899596e-01,1.817982941645742923e+00,1.033878668463055650e+00,2.151202174764668573e+00,2.339842934839173605e+00,1.015938302301604867e+00,1.530878761598985616e+00,1.845997051460624427e-01,1.430210446372141675e+00,9.355014217053001513e-01,6.826954447289396155e-01,7.122020484064696122e-01
5.991344532580255011e-01,2.909058447859014240e+00,4.158687020487956687e+00,1.496418314876697853e+00,1.801305485923373750e-01,2.481745422474122553e-01,1.393535497150555080e-01,0.000000000000000000e+00,2.321977637756432733e-01,1.848187664253580831e+00,9.483360508598807082e-01,1.956581576748425366e+00,9.976842770265433868e-01,2.667044922136916907e-01,2.983548559943163259e-01,2.990084292066147231e+00,1.407483584148468969e-01,2.252142995745882448e-01,2.031624308881122276e-01,2.227349138368853732e-01,2.236473949720595988e-01,2.551645699245489451e-01,2.777792097993299070e-01,2.393188161531797087e-01,2.926916099881882172e+00,2.874819921694358626e+00,2.914171462041115213e+00,2.182403778342143497e-01,2.354329768662376532e-01,2.646257959311786756e+00,3.871734227414683538e+00,3.844049233113881581e+00,2.656020757789933295e+00,3.744952119517188649e-01,2.725453464946335225e-01,1.225337343145367797e+00,1.602989732273879531e+00,9.186677599974302222e-01,1.786782638429855963e+00,1.029255016798729994e+00,2.100464276051237089e+00,2.273206305063828481e+00,9.808465316102825682e-01,1.526429115831004379e+00,2.147897099159181700e-01,1.387470835397354829e+00,8.573076319526310440e-01,6.272901809751286750e-01,7.052531657229741402e-01
7.174714130499993958e-01,3.030329368939231660e+00,4.229610311570300318e+00,1.551792740553781691e+00,1.340392487990816617e-01,3.018375925578701824e-01,1.869024336608834658e-01,2.321977637756432733e-01,0.000000000000000000e+00,1.872741210581650551e+00,8.673366842163630075e-01,2.057439499614290401e+00,1.050134183998725712e+00,3.423855110148951164e-01,3.002014706017797629e-01,3.014969550036751045e+00,1.440305690647009085e-01,1.415796222194517506e-01,2.155035283591457129e-01,1.126557669501054293e-01,3.350945052431736904e-01,3.442749374955165753e-01,2.628728908235408723e-01,3.020873954261809047e-01,2.960108551234421626e+00,2.908569972555114180e+00,2.953055982871697793e+00,3.072996592617565081e-01,3.061957100810261401e-01,2.708952020537124916e+00,3.839433574680796823e+00,3.804717292344488744e+00,2.716686917139527147e+00,3.978342713269183428e-01,4.012735483219829757e-01,1.237429840220587218e+00,1.672615515416392418e+00,1.041055278283580687e+00,1.876038553340177772e+00,1.134596194527665913e+00,2.183915520232345919e+00,2.386101548049034182e+00,1.043170648040615989e+00,1.561184109216515070e+00,8.096289457073586882e-02,1.467170027851237180e+00,9.969979833746472897e-01,7.681622960233585040e-01,7.166084624995520125e-01
1.737890737886519821e+00,2.641502872917185218e+00,2.436663809073803311e+00,1.978505296079018150e+00,1.886741351466407757e+00,1.870043424797160236e+00,1.864583682430363432e+00,1.848187664253580831e+00,1.872741210581650551e+00,0.000000000000000000e+00,5.714090161582133787e-01,1.697938473712165441e+00,1.549610795760809401e+00,1.787928783043249314e+00,1.795808501678298752e+00,1.664390935793399473e+00,1.881682992721398495e+00,1.878882176579519170e+00,1.814957329414733422e+00,1.861183413628660688e+00,1.787880014730798495e+00,1.793310347166819918e+00,1.810685174685971344e+00,1.786434725799130874e+00,7.792782561047814083e-01,7.515231741667899312e-01,9.151034919167029269e-01,1.780893543496437914e+00,1.779877250810881550e+00,2.405181817528500243e+00,1.747109107872477862e+00,1.743274532876604610e+00,2.475741263574273709e+00,1.749632504860586968e+00,1.762618754829849754e+00,1.495994351139579459e+00,1.707905670404668008e+00,1.832506901801075561e+00,2.314039505875315594e+00,1.896628188741305454e+00,1.932299829739247299e+00,1.835398753234300129e+00,2.390085595804769092e+00,1.889661883661555297e+00,1.893735378556053117e+00,1.631764010755072380e+00,1.655344013521233615e+00,9.071425032344720973e-01,1.970586495402893545e+00
1.256655585512503226e+00,2.172550233670619946e+00,1.604307028174287497e+00,1.221062251860526970e+00,9.164038339134772393e-01,9.102291138042678531e-01,9.115674780028709678e-01,9.483360508598807082e-01,8.673366842163630075e-01,5.714090161582133787e-01,0.000000000000000000e+00,9.857990520339362517e-01,1.006592951553500370e+00,9.047550718627898059e-01,8.741940010483443269e-01,1.104391267113732367e+00,9.203683211231792338e-01,8.628535757634688830e-01,8.725244835275751676e-01,8.779453478453564941e-01,9.237313411412917397e-01,9.369899209836480836e-01,8.899039310939906855e-01,8.905668183892495593e-01,1.032030831085897882e+00,1.054059178196045554e+00,1.178134797423998403e+00,8.898922767167699588e-01,8.970673659398274991e-01,2.339172097057004684e+00,1.108452068269329072e+00,1.070391389858454279e+00,2.395483063234190801e+00,9.665451801079033567e-01,9.604961343078823877e-01,8.452496799670349281e-01,8.274701486295233943e-01,1.207384306826003950e+00,1.593891112619022277e+00,1.252292819067289953e+00,1.353585318954098948e+00,1.312697683312439079e+00,1.235865598340144977e+00,1.079418456898613377e+00,8.921410222816207325e-01,1.202429830680851630e+00,1.169390473337319492e+00,1.198733750472850135e+00,1.259028887141845354e+00
4.917421986442239157e-01,2.533900418305391700e+00,3.428595406584680649e+00,2.368008232451783268e+00,2.025202137918092671e+00,2.039970620279474289e+00,2.013053258821425828e+00,1.956581576748425366e+00,2.057439499614290401e+00,1.697938473712165441e+00,9.857990520339362517e-01,0.000000000000000000e+00,8.229218559262478916e-01,1.905948183226340298e+00,1.905977251967279074e+00,2.656251641281005327e+00,1.994825481207398887e+00,2.060363631902369264e+00,2.039257500282886770e+00,2.054966940898430572e+00,1.895439997441404012e+00,1.870229896147482807e+00,1.922651499547884280e+00,1.922975444421828772e+00,2.997984193785963924e+00,2.978023750613297160e+00,3.076349703146124437e+00,1.908020959815737383e+00,1.863916487409712275e+00,2.671320850054869744e+00,3.702646400469329357e+00,3.738582413883875688e+00,2.721664628636663696e+00,1.945006658192685034e+00,1.899642654506499051e+00,1.776849087292593499e+00,1.016126884564399147e+00,1.852598520148245331e+00,2.518351696863887490e+00,1.697191652397860295e+00,1.874269470317243780e+00,9.320477214450976211e-01,1.653806248973930026e+00,2.253056221628939149e+00,2.032598943255396140e+00,1.854209013608915102e+00,1.090124400945727823e+00,5.636857568375733818e-01,2.124539536453719624e+00
8.668808953511742965e-01,2.184517474751229926e+00,1.888491230912066055e+00,1.005044484332237698e+00,1.009038639615440713e+00,1.024596046305795927e+00,1.010297745985214934e+00,9.976842770265433868e-01,1.050134183998725712e+00,1.549610795760809401e+00,1.006592951553500370e+00,8.229218559262478916e-01,0.000000000000000000e+00,9.709254951009096413e-01,1.007006166400736591e+00,8.812543864400288474e-01,1.021571228730664638e+00,1.043688244239503238e+00,1.039904046645093727e+00,9.995346576075420097e-01,9.710005347436702072e-01,9.899378626682450166e-01,1.017067535248525445e+00,9.744680991564579342e-01,1.498518742230826151e+00,1.527921252979350886e+00,1.593751116982860205e+00,9.343179912888484040e-01,9.405984496702806119e-01,2.362051914248598727e+00,8.237241107459379874e-01,8.593750000000000000e-01,2.420393111821963483e+00,9.490443860987123337e-01,9.397782511942076589e-01,9.859718248263484863e-01,9.116662593006105153e-01,1.004343328065598673e+00,1.322365681606377574e+00,1.057844907338391760e+00,2.225788539643790198e+00,1.150096513319444957e+00,1.558117307217312897e+00,1.047927737066949527e+00,1.053265582774863596e+00,6.779624591813055989e-01,6.452901545389654325e-01,6.161689562635915829e-01,1.178366298906844190e+00
5.942977443855556041e-01,2.838390997291383222e+00,4.078324726282799517e+00,1.509000688873329166e+00,3.451474177160880341e-01,2.852686730701567974e-01,2.716486121398775100e-01,2.667044922136916907e-01,3.423855110148951164e-01,1.787928783043249314e+00,9.047550718627898059e-01,1.905948183226340298e+00,9.709254951009096413e-01,0.000000000000000000e+00,1.993120902668354955e-01,2.981111799115602423e+00,3.244432907256092347e-01,3.426017243150063507e-01,2.467553435675670648e-01,3.258786456548539157e-01,1.274381100194044991e-01,1.587266462274226630e-01,2.216866653973421641e-01,7.295861221719336653e-02,2.831136455522729634e+00,2.780579544824554272e+00,2.813996739220657517e+00,1.490532668137793670e-01,2.073815288137348112e-01,2.589199782575767550e+00,3.851970346294882663e+00,3.830814015480960233e+00,2.601248551055350244e+00,2.969624574568547892e-01,1.616080625568605822e-01,1.203958034992490100e+00,1.553558224275847000e+00,7.830216437943551266e-01,1.826760676858342869e+00,9.424696603535293038e-01,2.120939436720973514e+00,2.165036590869949595e+00,9.729434895272575101e-01,1.512421418497756687e+00,3.554514866284450014e-01,1.334404832723370404e+00,8.009662781103884521e-01,6.513545332688681633e-01,7.654768760648136272e-01
6.188921161066430754e-01,2.900346710409221984e+00,4.104295964148799492e+00,1.584011200472431602e+00,3.393398112716273785e-01,3.933028215607674571e-01,3.259868374339571773e-01,2.983548559943163259e-01,3.002014706017797629e-01,1.795808501678298752e+00,8.741940010483443269e-01,1.905977251967279074e+00,1.007006166400736591e+00,1.993120902668354955e-01,0.000000000000000000e+00,2.953349017745687810e+00,3.202649301612458532e-01,3.494854479338894704e-01,2.627276810719581523e-01,3.290032464564437986e-01,2.055018124699896920e-01,1.664832786521743546e-01,9.401477028221311150e-02,1.837969566554405187e-01,2.884099047308472663e+00,2.832883184667932763e+00,2.878553764886761623e+00,2.070165459277256703e-01,1.617600599925411720e-01,2.622229396347400598e+00,3.803580052353011443e+00,3.776648786373649536e+00,2.635734080910913324e+00,2.752978713968463054e-01,3.068091334760581490e-01,1.250979230700706379e+00,1.585328835633113664e+00,9.134412555490909469e-01,1.898176484900097716e+00,1.090240850133310069e+00,2.125387238766982989e+00,2.172381859539838977e+00,9.989096924620191054e-01,1.543352145894743455e+00,3.159989253055170977e-01,1.376905334941949333e+00,8.570751729789799489e-01,7.115633379261576685e-01,7.288404188994439536e-01
6.942379702052661195e-01,2.547418225687251514e+00,3.019726881021759013e+00,1.153493717633053972e+00,3.022970030844611689e+00,3.072057344915642751e+00,3.023797005511969616e+00,2.990084292066147231e+00,3.014969550036751045e+00,1.664390935793399473e+00,1.104391267113732367e+00,2.656251641281005327e+00,8.812543864400288474e-01,2.981111799115602423e+00,2.953349017745687810e+00,0.000000000000000000e+00,2.973239160513035273e+00,3.030343535842016323e+00,3.047017009625569095e+00,3.035601257442605228e+00,2.982967892382787145e+00,2.955211483797647531e+00,2.952618836928796231e+00,2.977830992012842071e+00,3.176784023030312376e+00,3.175597177534609017e+00,3.306502376699946844e+00,2.980759455608362529e+00,2.934779181579690199e+00,3.437225093005003895e+00,1.980344187815224588e+00,2.009852618480848729e+00,3.492120293709872758e+00,3.084356346926095505e+00,3.015632228433231532e+00,1.231269298184670680e+00,2.676547726509349356e+00,3.002246560473878390e+00,1.321049130497933044e+00,8.555990402183986099e-01,2.029500197846724863e+00,2.392272071553268376e+00,1.343162272411271063e+00,2.286462649949486003e+00,2.985181632411623376e+00,9.772546375366627514e-01,6.757767672942958104e-01,6.268112368388578659e-01,3.008326766874057867e+00
6.724245732288802735e-01,2.968003635391700534e+00,4.170074580572088685e+00,1.499162369432664343e+00,1.031386373290958808e-01,2.679930947443761036e-01,1.379271426617331153e-01,1.407483584148468969e-01,1.440305690647009085e-01,1.881682992721398495e+00,9.203683211231792338e-01,1.994825481207398887e+00,1.021571228730664638e+00,3.244432907256092347e-01,3.202649301612458532e-01,2.973239160513035273e+00,0.000000000000000000e+00,1.502288769517291789e-01,2.307756549543032720e-01,1.554567729045266966e-01,3.005473702647500356e-01,3.201471626413888716e-01,2.884485802517104958e-01,2.898120465699289272e-01,2.954435158321248700e+00,2.904169497208708872e+00,2.947061824592838608e+00,2.748420918393806311e-01,2.807291647793705436e-01,2.678421859198336641e+00,3.838997520199830316e+00,3.806983500410244137e+00,2.686935551406578693e+00,4.246805812571927130e-01,3.645530740027065342e-01,1.228664388116124329e+00,1.621199358740841312e+00,9.857357017554732037e-01,1.805860320885510628e+00,1.080652939964728665e+00,2.143630037945758460e+00,2.344597286085452925e+00,1.003712159278284721e+00,1.511442290362383867e+00,1.092666166824394491e-01,1.421215756914418149e+00,9.346396699342959247e-01,6.963596938730061137e-01,6.979027958883093907e-01
7.457775281815713919e-01,3.009860047796943494e+00,4.229596396476067000e+00,1.532924299000773871e+00,1.430563325650692219e-01,2.418061049884742408e-01,1.467826785004701651e-01,2.252142995745882448e-01,1.415796222194517506e-01,1.878882176579519170e+00,8.628535757634688830e-01,2.060363631902369264e+00,1.043688244239503238e+00,3.426017243150063507e-01,3.494854479338894704e-01,3.030343535842016323e+00,1.502288769517291789e-01,0.000000000000000000e+00,2.089265914096559984e-01,1.299261341172946727e-01,3.430240115280128177e-01,3.757413922494372005e-01,3.288702945237624298e-01,3.110413067005622367e-01,2.943051365383504869e+00,2.891456655218386018e+00,2.928280788270396950e+00,3.179467324493299163e-01,3.407071342452715479e-01,2.689720140817423388e+00,3.873769538403510460e+00,3.839886988536045820e+00,2.693557485904749083e+00,4.427923470073768519e-01,3.881292194809589646e-01,1.194162768404344988e+00,1.642576244973727340e+00,9.923299737912451013e-01,1.855614143609070066e+00,1.095905340893750912e+00,2.194897392730668084e+00,2.407595743925365461e+00,1.062479830751742238e+00,1.550507889143857287e+00,1.490011817946828576e-01,1.473707341727275466e+00,1.001706462496579020e+00,7.701495413574678262e-01,7.299729644686142604e-01
6.581129503110921819e-01,2.972391315851365068e+00,4.213141975035296305e+00,1.546713669709452343e+00,2.443272863435405617e-01,2.391457639148499570e-01,1.782541703781081732e-01,2.031624308881122276e-01,2.155035283591457129e-01,1.814957329414733422e+00,8.725244835275751676e-01,2.039257500282886770e+00,1.039904046645093727e+00,2.467553435675670648e-01,2.627276810719581523e-01,3.047017009625569095e+00,2.307756549543032720e-01,2.089265914096559984e-01,0.000000000000000000e+00,2.270537439202829633e-01,2.396547159827869811e-01,2.730182157873964899e-01,2.600763076722879541e-01,2.209583194399329931e-01,2.905808563224785424e+00,2.851803031277558187e+00,2.888886774269606494e+00,2.401072261281629594e-01,2.691411999590788140e-01,2.668970520635336907e+00,3.907767190480077701e+00,3.877645828612254597e+00,2.675477911203699932e+00,3.590435608447414828e-01,2.804180030032453197e-01,1.222454809360609129e+00,1.650757269871799826e+00,9.320574986699172726e-01,1.850643511133509556e+00,1.063864284142262973e+00,2.143313966528138881e+00,2.336896809242678508e+00,1.028346634234865498e+00,1.563676837787884910e+00,2.468497499656354677e-01,1.434683800808907783e+00,9.396476231701998971e-01,7.130113712184392716e-01,7.337753491306239217e-01
7.096824167135166173e-01,3.023198887458339534e+00,4.252808911522810043e+00,1.544271039185448613e+00,1.267708052600719504e-01,2.510696303601602231e-01,1.495004565032560240e-01,2.227349138368853732e-01,1.126557669501054293e-01,1.861183413628660688e+00,8.779453478453564941e-01,2.054966940898430572e+00,9.995346576075420097e-01,3.258786456548539157e-01,3.290032464564437986e-01,3.035601257442605228e+00,1.554567729045266966e-01,1.299261341172946727e-01,2.270537439202829633e-01,0.000000000000000000e+00,3.252201864515094076e-01,3.520646318986716539e-01,2.973431120954118656e-01,2.880951098689875089e-01,2.955383467498703176e+00,2.902225831578800097e+00,2.940036038399368667e+00,2.875510508070571181e-01,3.133385080801084910e-01,2.714750608628349049e+00,3.875025126526639330e+00,3.842511800603742866e+00,2.719894427219463395e+00,3.865813744797778617e-01,3.717217430672750123e-01,1.188524636780541321e+00,1.648447142176578950e+00,9.848623763205731629e-01,1.866428137480087068e+00,1.080624543913021984e+00,2.193840675617418245e+00,2.383139599304274103e+00,1.059969783356510931e+00,1.575871565091009785e+00,1.335263342685067134e-01,1.468928910128789234e+00,9.712541271303681834e-01,7.626914273182779924e-01,7.153127235250832383e-01
5.688560386989683915e-01,2.843729282252446922e+00,4.112222541728607794e+00,1.531081694265165272e+00,3.239140438375692210e-01,3.155554400261953996e-01,2.680200686786360365e-01,2.236473949720595988e-01,3.350945052431736904e-01,1.787880014730798495e+00,9.237313411412917397e-01,1.895439997441404012e+00,9.710005347436702072e-01,1.274381100194044991e-01,2.055018124699896920e-01,2.982967892382787145e+00,3.005473702647500356e-01,3.430240115280128177e-01,2.396547159827869811e-01,3.252201864515094076e-01,0.000000000000000000e+00,8.795461595805699473e-02,1.999497807554884155e-01,1.027118049568398195e-01,2.886657080983140222e+00,2.833576779632312803e+00,2.872983869257105916e+00,9.640377319126690325e-02,1.441303520760733869e-01,2.589017787156655093e+00,3.865291216774771055e+00,3.843476076367508210e+00,2.600294880336505354e+00,2.448684510118168955e-01,1.330480756956929633e-01,1.223192085720293365e+00,1.568993725675645434e+00,8.203055245239136983e-01,1.824828912388482660e+00,9.818682841215800039e-01,2.115127548568227489e+00,2.169180365573039726e+00,9.912280010212669579e-01,1.545196459197580863e+00,3.462973827083495881e-01,1.341563651669415602e+00,7.862543293002440814e-01,6.211283246585184159e-01,7.216419933048519031e-01
5.641397765180753421e-01,2.834670704879109326e+00,4.087406836553885370e+00,1.541781309521898180e+00,3.456077577558281932e-01,3.692591854740834845e-01,3.099465819010026602e-01,2.551645699245489451e-01,3.442749374955165753e-01,1.793310347166819918e+00,9.369899209836480836e-01,1.870229896147482807e+00,9.899378626682450166e-01,1.587266462274226630e-01,1.664832786521743546e-01,2.955211483797647531e+00,3.201471626413888716e-01,3.757413922494372005e-01,2.730182157873964899e-01,3.520646318986716539e-01,8.795461595805699473e-02,0.000000000000000000e+00,1.535065999920551816e-01,1.349528179522013760e-01,2.886346953955253536e+00,2.834694970610486919e+00,2.878695117484149968e+00,1.325037865127678127e-01,1.213009609870970007e-01,2.584887668361047997e+00,3.826956553032495822e+00,3.805325310771226377e+00,2.599425557713997303e+00,2.378950480867886574e-01,1.929806536652032556e-01,1.262695379141358876e+00,1.573758095430766168e+00,8.546949695610445152e-01,1.836296634403610462e+00,1.020409491859844309e+00,2.099460811119937098e+00,2.144051413791046024e+00,9.773985965862357350e-01,1.538957038495282426e+00,3.526008248933839573e-01,1.337172702502288812e+00,7.910138165488586059e-01,6.245401870849963677e-01,7.176664410452548992e-01
6.259658435084878292e-01,2.926127901183810387e+00,4.126386929481634880e+00,1.576573313018680977e+00,3.041234273715499037e-01,3.919739021588907746e-01,3.067581742850063464e-01,2.777792097993299070e-01,2.628728908235408723e-01,1.810685174685971344e+00,8.899039310939906855e-01,1.922651499547884280e+00,1.017067535248525445e+00,2.216866653973421641e-01,9.401477028221311150e-02,2.952618836928796231e+00,2.884485802517104958e-01,3.288702945237624298e-01,2.600763076722879541e-01,2.973431120954118656e-01,1.999497807554884155e-01,1.535065999920551816e-01,0.000000000000000000e+00,1.837845403264429800e-01,2.902909241199164381e+00,2.851169299782646327e+00,2.898117602035958473e+00,1.979351274107630509e-01,1.481042817020428726e-01,2.631658228012208944e+00,3.793564956544185574e+00,3.766256306989804070e+00,2.645893841435269955e+00,2.553142702161689259e-01,3.059778429617867612e-01,1.271453490295362698e+00,1.608572284859906443e+00,9.463840552980078424e-01,1.887043568916622505e+00,1.106476417461968120e+00,2.139363769834618179e+00,2.209405027212757222e+00,1.005221702318583210e+00,1.553810765163614604e+00,2.777084521417837459e-01,1.390826378575043210e+00,8.806009944818982138e-01,7.152144388886428894e-01,7.060615053308119116e-01
6.051459088978632384e-01,2.864965942724815751e+00,4.106216534708162946e+00,1.521045339082071735e+00,3.101889760607324797e-01,2.860981315576289763e-01,2.484834060230846076e-01,2.393188161531797087e-01,3.020873954261809047e-01,1.786434725799130874e+00,8.905668183892495593e-01,1.922975444421828772e+00,9.744680991564579342e-01,7.295861221719336653e-02,1.837969566554405187e-01,2.977830992012842071e+00,2.898120465699289272e-01,3.110413067005622367e-01,2.209583194399329931e-01,2.880951098689875089e-01,1.027118049568398195e-01,1.349528179522013760e-01,1.837845403264429800e-01,0.000000000000000000e+00,2.853715221143055203e+00,2.801653320681838810e+00,2.836722049135142143e+00,1.195320768116987092e-01,1.768727078418460830e-01,2.609165032007080942e+00,3.849429564011396465e+00,3.826860669492078149e+00,2.620504045329905995e+00,2.679657473720964411e-01,1.669322803771696173e-01,1.208521433047256011e+00,1.571650856777269123e+00,8.221836331827129252e-01,1.840559330481015721e+00,9.654606198317099430e-01,2.137812386750532756e+00,2.197459096420596225e+00,9.897724990424295877e-01,1.528397790734468797e+00,3.173474503823492388e-01,1.352547014429592576e+00,8.206493038879957291e-01,6.729603615563526375e-01,7.525363300076761686e-01
1.541757990858208416e+00,2.575143115892505108e+00,3.663091658936084016e+00,2.496997301578145922e+00,2.964835049825681690e+00,2.883747952820139293e+00,2.917499822874262794e+00,2.926916099881882172e+00,2.960108551234421626e+00,7.792782561047814083e-01,1.032030831085897882e+00,2.997984193785963924e+00,1.498518742230826151e+00,2.831136455522729634e+00,2.884099047308472663e+00,3.176784023030312376e+00,2.954435158321248700e+00,2.943051365383504869e+00,2.905808563224785424e+00,2.955383467498703176e+00,2.886657080983140222e+00,2.886346953955253536e+00,2.902909241199164381e+00,2.853715221143055203e+00,0.000000000000000000e+00,1.984388685375920169e-01,3.881177674467861660e-01,2.904799920457945106e+00,2.911442319294807568e+00,2.635233267619298214e+00,3.440078257265179129e+00,3.489236903668461842e+00,2.685649111960880298e+00,2.949877355703195203e+00,2.849426767675101502e+00,2.196013583232937716e+00,2.721627385749217254e+00,2.751548562275413445e+00,2.854016525143486582e+00,1.447624901449410473e+00,2.377235832527038184e+00,2.638455655412526024e+00,2.101675678261198499e+00,2.662839913966398075e+00,2.959494697320348866e+00,2.168980951926224865e+00,1.459588459057117094e+00,9.283096709574049088e-01,3.115634333231292352e+00
1.568928426497111728e+00,2.624518860011279209e+00,3.743933818103332367e+00,2.550204087278703291e+00,2.913385198322062664e+00,2.833054258990515439e+00,2.865014468029477346e+00,2.874819921694358626e+00,2.908569972555114180e+00,7.515231741667899312e-01,1.054059178196045554e+00,2.978023750613297160e+00,1.527921252979350886e+00,2.780579544824554272e+00,2.832883184667932763e+00,3.175597177534609017e+00,2.904169497208708872e+00,2.891456655218386018e+00,2.851803031277558187e+00,2.902225831578800097e+00,2.833576779632312803e+00,2.834694970610486919e+00,2.851169299782646327e+00,2.801653320681838810e+00,1.984388685375920169e-01,0.000000000000000000e+00,3.457538771712563852e-01,2.851939595092269908e+00,2.858632888995650490e+00,2.582994054966625708e+00,3.463563134891396889e+00,3.508412119646647565e+00,2.629666494828467371e+00,2.889329161764425891e+00,2.795023620750027860e+00,2.208424534186357757e+00,2.688962688331545170e+00,2.692792478119625521e+00,2.902462477242967687e+00,1.474007184330429432e+00,2.427893018666833047e+00,2.690154585684338073e+00,2.138789961570040532e+00,2.653747234352881179e+00,2.911996312249372387e+00,2.218434677044609060e+00,1.488607036723546440e+00,8.951699682931524293e-01,3.049520228796171573e+00
1.588419744144089485e+00,2.667541837132781257e+00,3.809549921945360129e+00,2.597104274453774675e+00,2.954916789385000797e+00,2.857158006900403890e+00,2.901036615620869785e+00,2.914171462041115213e+00,2.953055982871697793e+00,9.151034919167029269e-01,1.178134797423998403e+00,3.076349703146124437e+00,1.593751116982860205e+00,2.813996739220657517e+00,2.878553764886761623e+00,3.306502376699946844e+00,2.947061824592838608e+00,2.928280788270396950e+00,2.888886774269606494e+00,2.940036038399368667e+00,2.872983869257105916e+00,2.878695117484149968e+00,2.898117602035958473e+00,2.836722049135142143e+00,3.881177674467861660e-01,3.457538771712563852e-01,0.000000000000000000e+00,2.893085468483136413e+00,2.907297003423959136e+00,2.650227876721001241e+00,3.623099093329571918e+00,3.665621852226858657e+00,2.692180558281545899e+00,2.928128181258435880e+00,2.827434050938587795e+00,2.309791130645902690e+00,2.775458529641216643e+00,2.690891630857645378e+00,2.962089482231875071e+00,1.475648190287876638e+00,2.457650851758063748e+00,2.792361044997702102e+00,2.195104993660129011e+00,2.698753680172809144e+00,2.954461227674740176e+00,2.301797288065125624e+00,1.584695653160648643e+00,1.069221266478786125e+00,3.097401030214458117e+00
5.794212802292251219e-01,2.866713371192107118e+00,4.137120702373594305e+00,1.547751506963725987e+00,2.890990932480225761e-01,3.089711719291922121e-01,2.461462101918945600e-01,2.182403778342143497e-01,3.072996592617565081e-01,1.780893543496437914e+00,8.898922767167699588e-01,1.908020959815737383e+00,9.343179912888484040e-01,1.490532668137793670e-01,2.070165459277256703e-01,2.980759455608362529e+00,2.748420918393806311e-01,3.179467324493299163e-01,2.401072261281629594e-01,2.875510508070571181e-01,9.640377319126690325e-02,1.325037865127678127e-01,1.979351274107630509e-01,1.195320768116987092e-01,2.904799920457945106e+00,2.851939595092269908e+00,2.893085468483136413e+00,0.000000000000000000e+00,1.143366192940363929e-01,2.615402148466844157e+00,3.869209052550186101e+00,3.846405801310575967e+00,2.624825746457324804e+00,2.431647395002169698e-01,1.751558754686324826e-01,1.183666549158962189e+00,1.556074784570836922e+00,8.236270296576182481e-01,1.841975160655629162e+00,1.001491724275453965e+00,2.150942786455620315e+00,2.204188457686569347e+00,1.016927334639210478e+00,1.554179564799554214e+00,3.203673985805988722e-01,1.363622662125413942e+00,8.037447545665004078e-01,6.620128897266950307e-01,6.874411421513070275e-01
5.710681008220073185e-01,2.876358964184062561e+00,4.120421495750328233e+00,1.555316331421926712e+00,3.025007667967150038e-01,3.782928700672363864e-01,2.892828338497584473e-01,2.354329768662376532e-01,3.061957100810261401e-01,1.779877250810881550e+00,8.970673659398274991e-01,1.863916487409712275e+00,9.405984496702806119e-01,2.073815288137348112e-01,1.617600599925411720e-01,2.934779181579690199e+00,2.807291647793705436e-01,3.407071342452715479e-01,2.691411999590788140e-01,3.133385080801084910e-01,1.441303520760733869e-01,1.213009609870970007e-01,1.481042817020428726e-01,1.768727078418460830e-01,2.911442319294807568e+00,2.858632888995650490e+00,2.907297003423959136e+00,1.143366192940363929e-01,0.000000000000000000e+00,2.615418123023606878e+00,3.819432931417532817e+00,3.794777576608908465e+00,2.627576605788960684e+00,2.522769732207417182e-01,2.433442298044495300e-01,1.209851815177054091e+00,1.538867977796600117e+00,8.735114690439612639e-01,1.842452517662099609e+00,1.057189606337477050e+00,2.133208930838860873e+00,2.179442567785883522e+00,1.010292824457652117e+00,1.552132585913808871e+00,3.113181153214387153e-01,1.359148457286483369e+00,8.010308860353529958e-01,6.605305324117379806e-01,6.683665243526955013e-01
2.204884360950935651e+00,3.057042524940519090e+00,4.045413932334807505e+00,2.671503607584382767e+00,2.686218699787453534e+00,2.647807234231105866e+00,2.666210453427513283e+00,2.646257959311786756e+00,2.708952020537124916e+00,2.405181817528500243e+00,2.339172097057004684e+00,2.671320850054869744e+00,2.362051914248598727e+00,2.589199782575767550e+00,2.622229396347400598e+00,3.437225093005003895e+00,2.678421859198336641e+00,2.689720140817423388e+00,2.668970520635336907e+00,2.714750608628349049e+00,2.589017787156655093e+00,2.584887668361047997e+00,2.631658228012208944e+00,2.609165032007080942e+00,2.635233267619298214e+00,2.582994054966625708e+00,2.650227876721001241e+00,2.615402148466844157e+00,2.615418123023606878e+00,0.000000000000000000e+00,3.701219064790572055e+00,3.701270499259241564e+00,1.700529564858920539e-01,2.607072783223324031e+00,2.563553331120910439e+00,2.571401451673067662e+00,2.611341307186604954e+00,2.532854705187268518e+00,2.944565520606262421e+00,2.457405206713529910e+00,3.011362218142175973e+00,2.795971639881976056e+00,2.772675077733466331e+00,2.498458968636357191e+00,2.696355582325759670e+00,2.227803131153735183e+00,2.102277342615796574e+00,1.604708059436298351e+00,2.602609793176374975e+00
4.905500269662657065e-01,2.602497349083313871e+00,3.511770580520893414e+00,7.385813771894506052e-01,3.864713689882072423e+00,3.931565845285403871e+00,3.887059071455101655e+00,3.871734227414683538e+00,3.839433574680796823e+00,1.747109107872477862e+00,1.108452068269329072e+00,3.702646400469329357e+00,8.237241107459379874e-01,3.851970346294882663e+00,3.803580052353011443e+00,1.980344187815224588e+00,3.838997520199830316e+00,3.873769538403510460e+00,3.907767190480077701e+00,3.875025126526639330e+00,3.865291216774771055e+00,3.826956553032495822e+00,3.793564956544185574e+00,3.849429564011396465e+00,3.440078257265179129e+00,3.463563134891396889e+00,3.623099093329571918e+00,3.869209052550186101e+00,3.819432931417532817e+00,3.701219064790572055e+00,0.000000000000000000e+00,3.478932560162854570e-01,3.769226775730821100e+00,3.921143297269240602e+00,3.906753687764320748e+00,1.561413627389403480e+00,3.744152341693978148e+00,3.967252101796823194e+00,1.215252021637719171e+00,7.992293306204963921e-01,1.969412233094923304e+00,2.399098700368587078e+00,1.167909574538702477e+00,3.178806792189533770e+00,3.820833221766758658e+00,5.067554655812781528e-01,4.002657855784801932e-01,4.685248424552300173e-01,3.843861718941189665e+00
5.215978932601833540e-01,2.772951162855956664e+00,3.578408880270297132e+00,7.889202396748034030e-01,3.832004229826829533e+00,3.905441322543218519e+00,3.857304403161559314e+00,3.844049233113881581e+00,3.804717292344488744e+00,1.743274532876604610e+00,1.070391389858454279e+00,3.738582413883875688e+00,8.593750000000000000e-01,3.830814015480960233e+00,3.776648786373649536e+00,2.009852618480848729e+00,3.806983500410244137e+00,3.839886988536045820e+00,3.877645828612254597e+00,3.842511800603742866e+00,3.843476076367508210e+00,3.805325310771226377e+00,3.766256306989804070e+00,3.826860669492078149e+00,3.489236903668461842e+00,3.508412119646647565e+00,3.665621852226858657e+00,3.846405801310575967e+00,3.794777576608908465e+00,3.701270499259241564e+00,3.478932560162854570e-01,0.000000000000000000e+00,3.767433165033560627e+00,3.900171610092258767e+00,3.890692232637675829e+00,1.533451764215287394e+00,3.763386982207115761e+00,3.966835043433461827e+00,1.274952658644921133e+00,8.787636475408591163e-01,2.008735209206624184e+00,2.480954762234428124e+00,1.193251155648345607e+00,3.137949939613633443e+00,3.786245385931667151e+00,6.005870181576208333e-01,5.126730726531408822e-01,5.341191430599235845e-01,3.807229132055161003e+00
