0.000000000000000000e+00,3.990420706789586269e+00,3.907853301134786683e+00,3.887601903166459039e+00,3.877828367157231781e+00,3.899398252403754039e+00,3.892396739390951765e+00,3.931127010570529379e+00,3.888982217632326766e+00,3.815701345810451617e+00,3.934446897854820602e+00,3.257012441574671069e+00,3.856452673953926436e+00,3.901681099972246436e+00,3.904045253891353262e+00,3.945794175552713945e+00,3.901681099972246436e+00,3.889440481418863005e+00,3.894084550685705359e+00,3.909521599005595149e+00,3.908376243036808084e+00,3.905641083991960638e+00,3.902220870898850613e+00,3.902436373677770742e+00,3.907853301134787127e+00,3.883997782191014103e+00,3.991352393137034049e+00,3.882234046656945381e+00,3.862620641998440796e+00,3.869279229379812612e+00,3.896868715296986529e+00,3.899944103049305166e+00,3.826095706846071032e+00,3.849357991876058982e+00,3.887139958056581523e+00,3.888752740474962444e+00,3.483951681951233059e+00,3.839916785538954436e+00,3.894084550685705359e+00,3.911586029596660463e+00,3.989225469926312329e+00,3.537683664146920037e+00,3.976829102662844839e+00,3.851609250101462045e+00,3.873954892289373841e+00,3.902005136340087610e+00,3.909313875848488884e+00,3.629446365139250119e+00,3.893523388778402872e+00
3.990420706789586269e+00,0.000000000000000000e+00,3.851741169619989691e+00,3.996162286932347207e+00,3.850816548662961303e+00,3.994881565861887918e+00,3.860322950281882992e+00,3.814088028582929724e+00,3.843591006638402696e+00,3.998605136231583757e+00,3.988188558736847078e+00,3.870270419372022985e+00,2.217733749703929558e+00,3.877948470041427509e+00,3.837995543186842440e+00,3.998719981853858130e+00,3.846286261730442746e+00,3.852268283581324226e+00,3.890240227018819663e+00,3.824526301464476585e+00,3.862238969387843834e+00,3.829214319597227245e+00,3.782171493814185048e+00,3.822231526672528190e+00,3.892622530544010750e+00,3.952061695382142581e+00,3.981448277091518939e+00,3.784856756247435783e+00,3.762111808534468693e+00,3.996997345716541972e+00,3.786114973614866042e+00,3.841282376525903430e+00,3.996561976629743995e+00,3.732574168894774669e+00,3.840873287971748873e+00,3.994705375886677956e+00,3.968267467548800553e+00,3.699049202714610907e+00,3.999546624562531960e+00,2.596082700672004862e+00,3.961638630298846664e+00,3.936644405300571137e+00,2.661687642504432016e+00,3.995273104158622690e+00,3.874442275835034977e+00,3.284505306353169285e+00,3.226917073018248594e+00,3.639904218650904522e+00,3.821943680305747826e+00
3.907853301134786683e+00,3.851741169619989691e+00,0.000000000000000000e+00,3.997941139581429493e+00,3.967016795646230776e+00,3.981731794773764488e+00,3.977564929656328907e+00,3.963719135907543656e+00,3.973880393379513709e+00,3.978748154136466653e+00,3.948425563775520786e+00,3.921655080122973480e+00,3.422580725511588096e+00,3.980826534940546502e+00,3.967205924734101607e+00,3.855672507797839987e+00,3.973936593314762344e+00,3.976403330659177282e+00,3.984141782641050789e+00,3.972455857935101697e+00,3.972340272457977939e+00,3.964574501457377220e+00,3.963652919773131611e+00,3.961910310698383064e+00,3.990892493273590080e+00,3.981543024434445854e+00,3.977617036978573495e+00,3.958728288438043919e+00,3.986177911950646635e+00,3.999590120800780024e+00,3.867785612018228569e+00,3.997861205481793245e+00,4.000000000000000000e+00,3.949210197354612095e+00,3.965419753314446183e+00,3.949755908110242686e+00,3.922523391876637788e+00,3.982844130310428277e+00,3.999575865696362698e+00,3.665456039755637718e+00,3.999999969538258426e+00,3.983921674987463746e+00,3.840463694731740762e+00,3.907853301134786683e+00,3.977721070896498290e+00,3.802002639619431079e+00,3.768673308991917992e+00,3.838133138845024384e+00,3.999999725844328502e+00
3.887601903166459039e+00,3.996162286932347207e+00,3.997941139581429493e+00,0.000000000000000000e+00,3.987104165711364168e+00,3.984273121958948671e+00,3.970158607724108890e+00,3.987024892836986911e+00,3.983342324766180553e+00,3.996763521185946466e+00,3.867285918568346137e+00,3.978798875502669752e+00,3.999914433576923223e+00,3.992480392347272478e+00,3.985007101493647674e+00,2.117218912622193194e+00,3.985598434228341258e+00,3.993889320775734220e+00,3.992779767616752018e+00,3.981543024434445854e+00,3.985556589285372375e+00,3.988934056136965722e+00,3.992174947636972338e+00,3.989080247758413300e+00,3.979602218555052140e+00,3.996118937317140407e+00,3.965806457222877945e+00,3.989513005618816166e+00,3.984793038875401372e+00,3.978031726723833650e+00,3.998471746304093521e+00,3.998888828098039028e+00,3.975540228191142944e+00,3.989619831567009278e+00,3.989333750305748438e+00,3.926700147034569710e+00,3.992205765206466417e+00,3.996226855304165326e+00,1.362081381403859925e+00,3.940168480322091771e+00,3.968883810921883359e+00,3.994212138464919626e+00,3.849092067224626046e+00,3.977721070896498290e+00,3.993696971332861168e+00,3.990111139922452921e+00,3.981400812881783935e+00,3.971348094263199791e+00,3.998719981853858130e+00
3.877828367157231781e+00,3.850816548662961303e+00,3.967016795646230776e+00,3.987104165711364168e+00,0.000000000000000000e+00,9.972908104404631935e-02,2.978134769045226449e-02,6.581927878490523298e-02,2.948202504415720071e-02,3.997092187302004440e+00,3.899398252403754039e+00,3.994628954448915970e+00,3.983566360259155559e+00,1.256794844124897725e-01,1.104450965149035291e-01,3.630255591457108633e+00,1.780050526805054822e-02,2.754414206489808059e-02,5.461015266573387983e-02,5.493468193458683757e-02,1.502435436669007363e-01,1.452402579697749108e-01,1.242221307762048088e-01,1.330894487805862614e-01,3.999736542177998011e+00,3.979202476307112768e+00,3.983521674000883195e+00,1.243432627335707696e-01,1.359842614344031198e-01,3.999644704761617930e+00,3.988414752048163869e+00,3.998156860388979883e+00,3.999976118041817852e+00,1.085087307737664375e-01,1.264112447641243531e-01,3.963652919773131611e+00,3.992144069382359106e+00,1.853871736400039882e+00,3.940591452551992724e+00,3.952969029089537401e+00,3.973767813127225601e+00,3.927447356580019644e+00,3.994881565861887918e+00,3.969917829256042197e+00,5.260333270479033985e-02,3.950376013920712026e+00,3.979101937815066492e+00,3.995392269095165538e+00,1.110729641630145537e+00
3.899398252403754039e+00,3.994881565861887918e+00,3.981731794773764488e+00,3.984273121958948671e+00,9.972908104404631935e-02,0.000000000000000000e+00,9.193734773248407599e-02,1.303486472079711245e-01,1.056913884072567811e-01,3.998512402508797248e+00,3.849092067224626490e+00,3.913627168115215049e+00,3.932572528342094476e+00,7.766915642229621497e-02,1.103307320078035225e-01,3.585005151844649074e+00,1.034634786943529061e-01,9.853521392105824006e-02,6.787757757805690240e-02,1.215716905141632775e-01,9.037462666530182709e-02,1.176479694872587523e-01,1.574933870475929698e-01,1.234965390897211357e-01,3.993641467753239915e+00,3.970218652309547736e+00,3.994158942950488900e+00,1.551933467321799931e-01,1.747594984312332844e-01,3.999657741629305541e+00,3.949600287680720800e+00,3.999314649951114298e+00,3.998216303736864319e+00,2.004272709662697771e-01,1.079423796727856377e-01,3.855932789333545330e+00,3.994317800521227646e+00,1.610504097020927894e+00,3.934712544154958191e+00,3.721128571186945067e+00,3.962113443491625642e+00,3.762936699408323538e+00,3.850816548662961303e+00,3.974328309138546622e+00,8.048741644989787503e-02,3.715053312387304185e+00,3.790491296649623365e+00,3.995128100519648395e+00,1.341277848106356974e+00
3.892396739390951765e+00,3.860322950281882992e+00,3.977564929656328907e+00,3.970158607724108890e+00,2.978134769045226449e-02,9.193734773248407599e-02,0.000000000000000000e+00,3.614861128056423567e-02,2.484222389756407523e-02,3.998303642675357317e+00,3.899725936394641046e+00,3.959010000972183363e+00,3.965355093106190054e+00,6.353003899511122654e-02,5.276251442032897643e-02,3.655337466012412939e+00,1.625549895020506064e-02,1.990353091663110696e-02,2.794974262004989995e-02,4.028989523150627861e-02,8.147063590249503662e-02,7.776551840954892825e-02,6.248691325881527980e-02,6.887298942947039926e-02,3.999987815315580786e+00,3.982706990599097274e+00,3.931399192590545155e+00,6.257351585635784197e-02,7.097730153661885311e-02,3.999385800874030394e+00,3.985514683858891072e+00,3.999819395050052684e+00,3.997646256553548660e+00,5.141703461254243379e-02,6.405478751493753897e-02,3.958657711133452217e+00,3.950530446301978138e+00,1.597502227567459521e+00,3.908480657032553651e+00,3.947317106096775774e+00,3.966254887127366402e+00,3.842370811131442299e+00,3.992897818076216687e+00,3.905958683034437495e+00,2.651468965050862714e-02,3.944576746709425485e+00,3.975267348986522897e+00,3.958728288438043919e+00,1.203462314489141871e+00
3.931127010570529379e+00,3.814088028582929724e+00,3.963719135907543656e+00,3.987024892836986911e+00,6.581927878490523298e-02,1.303486472079711245e-01,3.614861128056423567e-02,0.000000000000000000e+00,2.089806218493350798e-02,3.999719271153560740e+00,3.841009706904880971e+00,3.993696971332861168e+00,3.982106437744860727e+00,9.951149319522811787e-02,8.596740142338932245e-02,3.502528267007022134e+00,2.019935752349710789e-02,1.912527666262819892e-02,2.059717020047080460e-02,3.802191860457848627e-02,1.215716905141632775e-01,1.170589103759240857e-01,9.821082997223218314e-02,1.061397410097886240e-01,3.996140642527704401e+00,3.963917425392887051e+00,3.917936627030404129e+00,9.831890002775334203e-02,1.087356745651557599e-01,3.999742177355459560e+00,3.996183870530409354e+00,3.999597156986599344e+00,3.999941026357356044e+00,8.425473174258879538e-02,1.001649513418845228e-01,3.979001158175452524e+00,3.938976298690109790e+00,1.841689887709883067e+00,3.940422440983396335e+00,3.970696848253285172e+00,3.937686114873563348e+00,3.924150592066138366e+00,3.999341788324302538e+00,3.890354246098019608e+00,1.435978131347703801e-02,3.968637993175304857e+00,3.990249331464813309e+00,3.990076440478596886e+00,1.108229210183511615e+00
3.888982217632326766e+00,3.843591006638402696e+00,3.973880393379513709e+00,3.983342324766180553e+00,2.948202504415720071e-02,1.056913884072567811e-01,2.484222389756407523e-02,2.089806218493350798e-02,0.000000000000000000e+00,3.996997345716541972e+00,3.890582111502498996e+00,3.997972687199308428e+00,3.975157776102435925e+00,5.469119609917605374e-02,4.472668574636173844e-02,3.559331894149873499e+00,8.615211790877985720e-03,3.748190475101820240e-02,1.473801878214198169e-02,1.273801491735571112e-02,7.143887516237068525e-02,6.796777534050857383e-02,5.372258659728501584e-02,5.966215346516046125e-02,3.999341788324302538e+00,3.976403330659177282e+00,3.956585024191424438e+00,5.380297803574674020e-02,6.162413381907638765e-02,3.999833193819668509e+00,3.990352338547428879e+00,3.995556547095152844e+00,3.998656787557312242e+00,4.348734209355997749e-02,5.517870102068611615e-02,3.967142941626771613e+00,3.971524445847462559e+00,1.910320155664615438e+00,3.932841885481812128e+00,3.956945961557503111e+00,3.968143479331696533e+00,3.941767911637461985e+00,3.996140642527704401e+00,3.935857547979946247e+00,1.200160120108595407e-02,3.954462212925357711e+00,3.981731794773764488e+00,3.985806751645950996e+00,1.161729634438774195e+00
3.815701345810451617e+00,3.998605136231583757e+00,3.978748154136466653e+00,3.996763521185946466e+00,3.997092187302004440e+00,3.998512402508797248e+00,3.998303642675357317e+00,3.999719271153560740e+00,3.996997345716541972e+00,0.000000000000000000e+00,3.851609250101462045e+00,3.739506875322957669e+00,3.893073420991700395e+00,3.999730846085078895e+00,3.999034927790833471e+00,3.997828805830190291e+00,3.998781654038191746e+00,3.997295485218570921e+00,3.999996314130352726e+00,3.999516408873968309e+00,3.999428290804496022e+00,3.999190716561565662e+00,3.998841804063345773e+00,3.998865437858537764e+00,3.999385800874030394e+00,3.995079279764826907e+00,3.991025106276449463e+00,3.995786062902164648e+00,3.991384788209122014e+00,3.967457257899071887e+00,3.998186703799416541e+00,3.998578945281178409e+00,3.962181034886667952e+00,3.987768208475834797e+00,3.996683633228056642e+00,3.996958983254175202e+00,3.796668984745400266e+00,3.984921657837556808e+00,3.994603359115547647e+00,3.999657741629305541e+00,3.999239601261983523e+00,3.707101594550655133e+00,3.995672064894204567e+00,3.988414752048163869e+00,3.999539162004330350e+00,3.998817926715343418e+00,3.999500935576244309e+00,3.886445315895201702e+00,3.997713490069387365e+00
3.934446897854820602e+00,3.988188558736847078e+00,3.948425563775520786e+00,3.867285918568346137e+00,3.899398252403754039e+00,3.849092067224626490e+00,3.899725936394641046e+00,3.841009706904880971e+00,3.890582111502498996e+00,3.851609250101462045e+00,0.000000000000000000e+00,3.886329341055614783e+00,3.844266927659059085e+00,3.844266927659059085e+00,3.847892618596667536e+00,3.805020264484050507e+00,3.890240227018819663e+00,3.879385241571816856e+00,3.907958005761013709e+00,3.918035562618383594e+00,3.844401943340903571e+00,3.863762595524303123e+00,3.860707174560180199e+00,3.860579156475929530e+00,3.795286629029376524e+00,3.877948470041427953e+00,3.701622218848101831e+00,3.863255628191130331e+00,3.876382671844968097e+00,3.874563978983783130e+00,3.777714518358811002e+00,3.786742776655675158e+00,3.901356542247746972e+00,3.833144452405800706e+00,3.835231878015618712e+00,3.671614722736540770e+00,3.605010365084766910e+00,3.947157805746320580e+00,3.978186241225831754e+00,3.896979331068077812e+00,3.875898944041699767e+00,3.835786401069071427e+00,3.960265889783172177e+00,3.901464786078941316e+00,3.900053099564887660e+00,3.845614555718217087e+00,3.819777758785413369e+00,3.880219551620341711e+00,3.983788885180059136e+00
3.257012441574671069e+00,3.870270419372022985e+00,3.921655080122973480e+00,3.978798875502669752e+00,3.994628954448915970e+00,3.913627168115215049e+00,3.959010000972183363e+00,3.993696971332861168e+00,3.997972687199308428e+00,3.739506875322957669e+00,3.886329341055614783e+00,0.000000000000000000e+00,3.964965874694788006e+00,3.978340213396852398e+00,3.972455857935101697e+00,3.795901556426076962e+00,3.991926222495974841e+00,3.981210352488129711e+00,3.972340272457977939e+00,3.999996953826575385e+00,3.989619831567009278e+00,3.994806420462639451e+00,3.994158942950488900e+00,3.996743640432300460e+00,3.963054283073093487e+00,3.985598434228340814e+00,3.973654992377315676e+00,3.998552510809990856e+00,3.999546624562531960e+00,3.965419753314446183e+00,3.999385800874030394e+00,3.999210453140327637e+00,3.957520361406390741e+00,3.998732438061221472e+00,3.997385459763260762e+00,3.942518085218542190e+00,2.031776937610423328e-01,3.209754238831294959e+00,3.924055343172171639e+00,3.428456815061298624e+00,3.954091148870527483e+00,3.935418340963942274e+00,3.881406554456281910e+00,3.750253837859699679e+00,3.993445292280786596e+00,2.872347344341171116e+00,3.010862985435754702e+00,3.951452048942416972e+00,3.378480547442938242e+00
3.856452673953926436e+00,2.217733749703929558e+00,3.422580725511588096e+00,3.999914433576923223e+00,3.983566360259155559e+00,3.932572528342094476e+00,3.965355093106190054e+00,3.982106437744860727e+00,3.975157776102435925e+00,3.893073420991700395e+00,3.844266927659059085e+00,3.964965874694788006e+00,0.000000000000000000e+00,3.969615506024416263e+00,3.967645128491665396e+00,3.903296066470276493e+00,3.966382470926506976e+00,3.991156748877859872e+00,3.959988474913119116e+00,3.974550823677073019e+00,3.978237625543923350e+00,3.971875527453962995e+00,3.987104165711364168e+00,3.980292480497562124e+00,3.679808309810149058e+00,3.758466355102894063e+00,3.745162548556166371e+00,3.987340531560317203e+00,3.993044015233274457e+00,3.952061695382142137e+00,3.169349049347204961e+00,3.220013747959734829e+00,3.924340914012237391e+00,3.996541487660761227e+00,3.979948827187036020e+00,3.776914159247543257e+00,3.863762595524303123e+00,3.894979409310241447e+00,3.562823145970296590e+00,3.442070043689577474e+00,3.994831529695352934e+00,3.912303078830463132e+00,3.348346985086872785e+00,3.958657711133452217e+00,3.958161999526415009e+00,3.455784888910563790e+00,3.232697819842913489e+00,3.996290876399069436e+00,3.890126150359609625e+00
3.901681099972246436e+00,3.877948470041427509e+00,3.980826534940546502e+00,3.992480392347272478e+00,1.256794844124897725e-01,7.766915642229621497e-02,6.353003899511122654e-02,9.951149319522811787e-02,5.469119609917605374e-02,3.999730846085078895e+00,3.844266927659059085e+00,3.978340213396852398e+00,3.969615506024416263e+00,0.000000000000000000e+00,4.920720235172648671e-03,3.486523198960253644e+00,8.913387291856778027e-02,1.323392260097464579e-01,8.546192522696549609e-02,2.115046340878778963e-02,7.279621837838368137e-03,8.582877379839759513e-03,1.435978131347703801e-02,8.136565583710231309e-03,3.999546624562531960e+00,3.988601580793997847e+00,3.952289331718004561e+00,3.425784373524165538e-02,2.000189853282896557e-02,3.998694886786036573e+00,3.978950677929144142e+00,3.998525832821242521e+00,3.996417276688078779e+00,2.948202504415720071e-02,9.241090066085089205e-03,3.948031021120071316e+00,3.968019251302279393e+00,1.706798019407458566e+00,3.952893745092101341e+00,3.935418340963942274e+00,3.960680220652786243e+00,3.882705638027431405e+00,3.988112676444639071e+00,3.930672197397591106e+00,1.171766074972064864e-01,3.932392662563429564e+00,3.966890409990659450e+00,3.988414752048163869e+00,1.181746194209108314e+00
3.904045253891353262e+00,3.837995543186842440e+00,3.967205924734101607e+00,3.985007101493647674e+00,1.104450965149035291e-01,1.103307320078035225e-01,5.276251442032897643e-02,8.596740142338932245e-02,4.472668574636173844e-02,3.999034927790833471e+00,3.847892618596667536e+00,3.972455857935101697e+00,3.967645128491665396e+00,4.920720235172648671e-03,0.000000000000000000e+00,3.536790464219257135e+00,7.632623847542774342e-02,1.167061631724026771e-01,7.292577857642301709e-02,2.696982002637504650e-02,7.980050468445520906e-03,8.843251122140349807e-03,8.042474480018935168e-03,1.188732355536070706e-02,3.998923456784146069e+00,3.974160791743194032e+00,3.960473323955419289e+00,4.155437875646850188e-02,2.094842186206125056e-02,3.999956013405818744e+00,3.991705402410371306e+00,3.999305482021135560e+00,3.999707452562315524e+00,1.701927358620558550e-02,1.321437842509642913e-02,3.969676090673956104e+00,3.974661720063564552e+00,1.669560514685793473e+00,3.936207852156157649e+00,3.959849409241659401e+00,3.959150499198688333e+00,3.869651352792028653e+00,3.996978194901076087e+00,3.940591452551992724e+00,1.024684569232146014e-01,3.957448770105532532e+00,3.983610986094541229e+00,3.985598434228341258e+00,1.191951374449615297e+00
3.945794175552713945e+00,3.998719981853858130e+00,3.855672507797839987e+00,2.117218912622193194e+00,3.630255591457108633e+00,3.585005151844649074e+00,3.655337466012412939e+00,3.502528267007022134e+00,3.559331894149873499e+00,3.997828805830190291e+00,3.805020264484050507e+00,3.795901556426076962e+00,3.903296066470276493e+00,3.486523198960253644e+00,3.536790464219257135e+00,0.000000000000000000e+00,3.588617202708654919e+00,3.502988943545392253e+00,3.530067620097468328e+00,3.561733437671602331e+00,3.556486297052042111e+00,3.509419160445544250e+00,3.513533845437625480e+00,3.505978874631574982e+00,3.997595192471144365e+00,3.997129698095873707e+00,3.999956013405818744e+00,3.569336373466815537e+00,3.448102978184135470e+00,3.987064559538899822e+00,3.991417122620160463e+00,3.994185571080887343e+00,3.988860596803409209e+00,3.569552741066165602e+00,3.535896515278592389e+00,3.999911174217899656e+00,3.897641812085626434e+00,3.998769441372572953e+00,2.376476900927384506e+00,3.999713392315314753e+00,3.922041581955050926e+00,3.967331711173287534e+00,3.983432120221126027e+00,3.955346693416664117e+00,3.507356228896461481e+00,3.999477268818148801e+00,3.996900983330728963e+00,3.956004425269282088e+00,3.920879266873626534e+00
3.901681099972246436e+00,3.846286261730442746e+00,3.973936593314762344e+00,3.985598434228341258e+00,1.780050526805054822e-02,1.034634786943529061e-01,1.625549895020506064e-02,2.019935752349710789e-02,8.615211790877985720e-03,3.998781654038191746e+00,3.890240227018819663e+00,3.991926222495974841e+00,3.966382470926506976e+00,8.913387291856778027e-02,7.632623847542774342e-02,3.588617202708654919e+00,0.000000000000000000e+00,3.509920454898063369e-02,1.537929951155203590e-02,3.167062827698718941e-02,1.101021756849382971e-01,1.058033900105115332e-01,8.790150116554173998e-02,9.542135218725333878e-02,3.999508702679364980e+00,3.977460534293211225e+00,3.978849536591212210e+00,8.800387853387903192e-02,9.788696740969293764e-02,3.999828655148014001e+00,3.989655319003279743e+00,3.999140309390449843e+00,3.998643966048752496e+00,7.471099384662327481e-02,8.975320238201933698e-02,3.965870698299108099e+00,3.988823776259833309e+00,1.820820714019969699e+00,3.937426484143641936e+00,3.955493273050683989e+00,3.960680220652786243e+00,3.918332018810050776e+00,3.995694986081878675e+00,3.963719135907543212e+00,1.317434857193644504e-02,3.952969029089537401e+00,3.980778286204294858e+00,3.988339596547811006e+00,1.198342431881609382e+00
3.889440481418863005e+00,3.852268283581324226e+00,3.976403330659177282e+00,3.993889320775734220e+00,2.754414206489808059e-02,9.853521392105824006e-02,1.990353091663110696e-02,1.912527666262819892e-02,3.748190475101820240e-02,3.997295485218570921e+00,3.879385241571816856e+00,3.981210352488129711e+00,3.991156748877859872e+00,1.323392260097464579e-01,1.167061631724026771e-01,3.502988943545392253e+00,3.509920454898063369e-02,0.000000000000000000e+00,1.546583144030400092e-02,5.940854744800705411e-02,1.574933870475929698e-01,1.523745448374802525e-01,1.308449256456352128e-01,1.399334825868718823e-01,3.999795178743009938e+00,3.979751126954631513e+00,3.954313965896585792e+00,1.309691376088026882e-01,1.428987426927996740e-01,3.999561366949690999e+00,3.987998398798914046e+00,3.998346490381136320e+00,3.998003991370276289e+00,1.147170178156433629e-01,1.330894487805862614e-01,3.962920594864620227e+00,3.969676090673956104e+00,1.726839777516852914e+00,3.956512657906439578e+00,3.952137633627045954e+00,3.967894783475686360e+00,3.889440481418862561e+00,3.994603359115547647e+00,3.933110712721965108e+00,2.069722636065951527e-02,3.949522388382443516e+00,3.978544665925976442e+00,3.983297336413931244e+00,1.037716441443985449e+00
3.894084550685705359e+00,3.890240227018819663e+00,3.984141782641050789e+00,3.992779767616752018e+00,5.461015266573387983e-02,6.787757757805690240e-02,2.794974262004989995e-02,2.059717020047080460e-02,1.473801878214198169e-02,3.999996314130352726e+00,3.907958005761013709e+00,3.972340272457977939e+00,3.959988474913119116e+00,8.546192522696549609e-02,7.292577857642301709e-02,3.530067620097468328e+00,1.537929951155203590e-02,1.546583144030400092e-02,0.000000000000000000e+00,2.948202504415720071e-02,1.060275663151917236e-01,1.018077100194108020e-01,8.425473174258879538e-02,9.162375696319169371e-02,3.998430542207026761e+00,3.992174947636972338e+00,3.954757992528990407e+00,8.435501030937020417e-02,9.404131696556250475e-02,3.998732438061221472e+00,3.973315087279476465e+00,3.997421023678078722e+00,3.996479655847530843e+00,7.134644293130065762e-02,8.606867158930220363e-02,3.939403407168250659e+00,3.970038338511673537e+00,1.668871997707864763e+00,3.953643907704129656e+00,3.925855046535334125e+00,3.965290373029794146e+00,3.869403327463759368e+00,3.983788885180059136e+00,3.933646777208918532e+00,9.579293210413730719e-03,3.922619578182453548e+00,3.959918971928662046e+00,3.990522804412616864e+00,1.229154100733714117e+00
3.909521599005595149e+00,3.824526301464476585e+00,3.972455857935101697e+00,3.981543024434445854e+00,5.493468193458683757e-02,1.215716905141632775e-01,4.028989523150627861e-02,3.802191860457848627e-02,1.273801491735571112e-02,3.999516408873968309e+00,3.918035562618383594e+00,3.999996953826575385e+00,3.974550823677073019e+00,2.115046340878778963e-02,2.696982002637504650e-02,3.561733437671602331e+00,3.167062827698718941e-02,5.940854744800705411e-02,2.948202504415720071e-02,0.000000000000000000e+00,2.402629444391513047e-02,2.201989862084330341e-02,1.423479086037260366e-02,1.738473786098682083e-02,3.997543580736689250e+00,3.968514724485668221e+00,3.940760227665407456e+00,1.427639385656376270e-02,1.845697556555414565e-02,3.999926861803279721e+00,3.994474471077973377e+00,3.999828655148014001e+00,3.998957537454049582e+00,2.731369213799417217e-02,1.499289850635254773e-02,3.975212592628687425e+00,3.967957047362682843e+00,1.996858408638338300e+00,3.929298937524626112e+00,3.966254887127365958e+00,3.955420013016424097e+00,3.960680220652786243e+00,3.998539202255109615e+00,3.916944058345779744e+00,4.931535898297467746e-02,3.964049319264743687e+00,3.987613537227232996e+00,3.975047962551364833e+00,1.241087680941990179e+00
3.908376243036808084e+00,3.862238969387843834e+00,3.972340272457977939e+00,3.985556589285372375e+00,1.502435436669007363e-01,9.037462666530182709e-02,8.147063590249503662e-02,1.215716905141632775e-01,7.143887516237068525e-02,3.999428290804496022e+00,3.844401943340903571e+00,3.989619831567009278e+00,3.978237625543923350e+00,7.279621837838368137e-03,7.980050468445520906e-03,3.556486297052042111e+00,1.101021756849382971e-01,1.574933870475929698e-01,1.060275663151917236e-01,2.402629444391513047e-02,0.000000000000000000e+00,5.629732949768539996e-03,9.545200036337631033e-03,9.241090066085311250e-03,3.999999238456498851e+00,3.983387252702368819e+00,3.961092401396137497e+00,1.956114432972522188e-02,1.423479086037260366e-02,3.997578049409191259e+00,3.984878845312603168e+00,3.999976118041817852e+00,3.999350712642196992e+00,2.238296302142650518e-02,7.161085742827255629e-03,3.957591893077768486e+00,3.975157776102435925e+00,1.796845596744850448e+00,3.937339822528713729e+00,3.946116571241240045e+00,3.956222596800737179e+00,3.911380634267991763e+00,3.992450120985871820e+00,3.941349078181155541e+00,1.409614801836509557e-01,3.943345989954847752e+00,3.974439686697553320e+00,3.986095855367868701e+00,1.132996379250048147e+00
3.905641083991960638e+00,3.829214319597227245e+00,3.964574501457377220e+00,3.988934056136965722e+00,1.452402579697749108e-01,1.176479694872587523e-01,7.776551840954892825e-02,1.170589103759240857e-01,6.796777534050857383e-02,3.999190716561565662e+00,3.863762595524303123e+00,3.994806420462639451e+00,3.971875527453962995e+00,8.582877379839759513e-03,8.843251122140349807e-03,3.509419160445544250e+00,1.058033900105115332e-01,1.523745448374802525e-01,1.018077100194108020e-01,2.201989862084330341e-02,5.629732949768539996e-03,0.000000000000000000e+00,5.787861535080596198e-03,6.611304381394011997e-03,3.998081186692499234e+00,3.970517974955842799e+00,3.956367746542326369e+00,1.211642386784705927e-02,7.131603480184045551e-03,3.999809891280164287e+00,3.993585721254452992e+00,3.999863258798465715e+00,3.999901030616566988e+00,1.382208804935336488e-02,4.584080264004475325e-03,3.973371888415736297e+00,3.971348094263199791e+00,1.856308775030284464e+00,3.944576746709425485e+00,3.964115176459130474e+00,3.958090944969168135e+00,3.928098082528686419e+00,3.998065869356249635e+00,3.935594200657730912e+00,1.361108045663943500e-01,3.961842480238139341e+00,3.986300543053408418e+00,3.987222621040016790e+00,1.169660719207021415e+00
3.902220870898850613e+00,3.782171493814185048e+00,3.963652919773131611e+00,3.992174947636972338e+00,1.242221307762048088e-01,1.574933870475929698e-01,6.248691325881527980e-02,9.821082997223218314e-02,5.372258659728501584e-02,3.998841804063345773e+00,3.860707174560180199e+00,3.994158942950488900e+00,3.987104165711364168e+00,1.435978131347703801e-02,8.042474480018935168e-03,3.513533845437625480e+00,8.790150116554173998e-02,1.308449256456352128e-01,8.425473174258879538e-02,1.423479086037260366e-02,9.545200036337631033e-03,5.787861535080596198e-03,0.000000000000000000e+00,3.881062682859814927e-03,3.990283727786876788e+00,3.948818622620144936e+00,3.940422440983396335e+00,1.309447043334488470e-02,7.763477910096794332e-03,3.999736542177998011e+00,3.999359576056386256e+00,3.999875230002173154e+00,3.999943676503444845e+00,1.345582844121584465e-02,4.945221773340779947e-03,3.988226409037998188e+00,3.958161999526415009e+00,1.847606075932157532e+00,3.952137633627045954e+00,3.981825817747155050e+00,3.960335094223178309e+00,3.925760853117175486e+00,3.999882906206431610e+00,3.916545395685680830e+00,1.157680284352495814e-01,3.980194595430817994e+00,3.996118937317140407e+00,3.980681607719391835e+00,1.105106116286011186e+00
3.902436373677770742e+00,3.822231526672528190e+00,3.961910310698383064e+00,3.989080247758413300e+00,1.330894487805862614e-01,1.234965390897211357e-01,6.887298942947039926e-02,1.061397410097886240e-01,5.966215346516046125e-02,3.998865437858537764e+00,3.860579156475929530e+00,3.996743640432300460e+00,3.980292480497562124e+00,8.136565583710231309e-03,1.188732355536070706e-02,3.505978874631574982e+00,9.542135218725333878e-02,1.399334825868718823e-01,9.162375696319169371e-02,1.738473786098682083e-02,9.241090066085311250e-03,6.611304381394011997e-03,3.881062682859814927e-03,0.000000000000000000e+00,3.997259069509147444e+00,3.967519941364656688e+00,3.947634994954257515e+00,1.254210276006073599e-02,7.309407618187213629e-03,3.999568646778199010e+00,3.994881565861887918e+00,3.999960521712274009e+00,3.999991196563026818e+00,1.269871141018996674e-02,8.168050637476165221e-03,3.976081473014252410e+00,3.964180973823147713e+00,1.886265922164461095e+00,3.944902697920630530e+00,3.967268847916912478e+00,3.960196625630052036e+00,3.935857547979946247e+00,3.998744833383713448e+00,3.925099856814124877e+00,1.243432627335707696e-01,3.965095853611493304e+00,3.988226409037998188e+00,3.983921674987463746e+00,1.139923109466797868e+00
3.907853301134787127e+00,3.892622530544010750e+00,3.990892493273590080e+00,3.979602218555052140e+00,3.999736542177998011e+00,3.993641467753239915e+00,3.999987815315580786e+00,3.996140642527704401e+00,3.999341788324302538e+00,3.999385800874030394e+00,3.795286629029376524e+00,3.963054283073093487e+00,3.679808309810149058e+00,3.999546624562531960e+00,3.998923456784146069e+00,3.997595192471144365e+00,3.999508702679364980e+00,3.999795178743009938e+00,3.998430542207026761e+00,3.997543580736689250e+00,3.999999238456498851e+00,3.998081186692499234e+00,3.990283727786876788e+00,3.997259069509147444e+00,0.000000000000000000e+00,2.936271615075658481e-02,2.495772781186862410e-01,3.990859188405212699e+00,3.985556589285372375e+00,3.943839891468209125e+00,3.993073072533462664e+00,3.999941026357356044e+00,3.952969029089537401e+00,3.977355897982525867e+00,3.999150512620503140e+00,3.969311682844901767e+00,3.877347383637828493e+00,3.809505452359693400e+00,3.979001158175452524e+00,3.992956479066706255e+00,3.956585024191424438e+00,3.648450065213471483e+00,3.965806457222877945e+00,3.992358942744360206e+00,3.999736542177998011e+00,3.992838914257172966e+00,3.510563624570366414e+00,3.952137633627046398e+00,3.976616698350494250e+00
3.883997782191014103e+00,3.952061695382142581e+00,3.981543024434445854e+00,3.996118937317140407e+00,3.979202476307112768e+00,3.970218652309547736e+00,3.982706990599097274e+00,3.963917425392887051e+00,3.976403330659177282e+00,3.995079279764826907e+00,3.877948470041427953e+00,3.985598434228340814e+00,3.758466355102894063e+00,3.988601580793997847e+00,3.974160791743194032e+00,3.997129698095873707e+00,3.977460534293211225e+00,3.979751126954631513e+00,3.992174947636972338e+00,3.968514724485668221e+00,3.983387252702368819e+00,3.970517974955842799e+00,3.948818622620144936e+00,3.967519941364656688e+00,2.936271615075658481e-02,0.000000000000000000e+00,2.305125580615030589e-01,3.950143919765824130e+00,3.938633548729291611e+00,3.834954281045837021e+00,3.999624692615637578e+00,3.994806420462639451e+00,3.850684234406216877e+00,3.922811775092132525e+00,3.975322045174274344e+00,3.941432963156381142e+00,3.922330843577703341e+00,3.743112628510551598e+00,3.999713392315314753e+00,3.962585327984490036e+00,3.973371888415736297e+00,3.789245277398204603e+00,3.988339596547811450e+00,3.992927178925477882e+00,3.987496898051874794e+00,3.965030894082272717e+00,3.607090603915296789e+00,3.921848448124714004e+00,3.949366411630720108e+00
3.991352393137034049e+00,3.981448277091518939e+00,3.977617036978573495e+00,3.965806457222877945e+00,3.983521674000883195e+00,3.994158942950488900e+00,3.931399192590545155e+00,3.917936627030404129e+00,3.956585024191424438e+00,3.991025106276449463e+00,3.701622218848101831e+00,3.973654992377315676e+00,3.745162548556166371e+00,3.952289331718004561e+00,3.960473323955419289e+00,3.999956013405818744e+00,3.978849536591212210e+00,3.954313965896585792e+00,3.954757992528990407e+00,3.940760227665407456e+00,3.961092401396137497e+00,3.956367746542326369e+00,3.940422440983396335e+00,3.947634994954257515e+00,2.495772781186862410e-01,2.305125580615030589e-01,0.000000000000000000e+00,3.930672197397591550e+00,3.945551756418792522e+00,3.972513560547882072e+00,3.994158942950488900e+00,3.999882906206431610e+00,3.978798875502669752e+00,3.953867796119297395e+00,3.958587074164734876e+00,3.984229402628955974e+00,3.917242442220207010e+00,3.783121026221058614e+00,3.999508702679364980e+00,3.923864669556909046e+00,3.893185999446418410e+00,3.909625373334697951e+00,3.985177263194164876e+00,3.974772375843515171e+00,3.971992074141009965e+00,3.908167240651105878e+00,3.590523805079810948e+00,3.925760853117175486e+00,3.966573397374607790e+00
3.882234046656945381e+00,3.784856756247435783e+00,3.958728288438043919e+00,3.989513005618816166e+00,1.243432627335707696e-01,1.551933467321799931e-01,6.257351585635784197e-02,9.831890002775334203e-02,5.380297803574674020e-02,3.995786062902164648e+00,3.863255628191130331e+00,3.998552510809990856e+00,3.987340531560317203e+00,3.425784373524165538e-02,4.155437875646850188e-02,3.569336373466815537e+00,8.800387853387903192e-02,1.309691376088026882e-01,8.435501030937020417e-02,1.427639385656376270e-02,1.956114432972522188e-02,1.211642386784705927e-02,1.309447043334488470e-02,1.254210276006073599e-02,3.990859188405212699e+00,3.950143919765824130e+00,3.930672197397591550e+00,0.000000000000000000e+00,9.613447016171727810e-03,3.999170736387479330e+00,3.999200615300512851e+00,3.998274773178396746e+00,3.999974381729687334e+00,1.406898378692611473e-02,7.948929482780586753e-03,3.987574718046706934e+00,3.980584687894443086e+00,2.076426808447762618e+00,3.945874863389407849e+00,3.981018926476617814e+00,3.971641713292944686e+00,3.974827613501823009e+00,3.999938315289579549e+00,3.905110591314648438e+00,1.158850944254066206e-01,3.979352831866702189e+00,3.995740646079493530e+00,3.985598434228341258e+00,1.315303725828526282e+00
3.862620641998440796e+00,3.762111808534468693e+00,3.986177911950646635e+00,3.984793038875401372e+00,1.359842614344031198e-01,1.747594984312332844e-01,7.097730153661885311e-02,1.087356745651557599e-01,6.162413381907638765e-02,3.991384788209122014e+00,3.876382671844968097e+00,3.999546624562531960e+00,3.993044015233274457e+00,2.000189853282896557e-02,2.094842186206125056e-02,3.448102978184135470e+00,9.788696740969293764e-02,1.428987426927996740e-01,9.404131696556250475e-02,1.845697556555414565e-02,1.423479086037260366e-02,7.131603480184045551e-03,7.763477910096794332e-03,7.309407618187213629e-03,3.985556589285372375e+00,3.938633548729291611e+00,3.945551756418792522e+00,9.613447016171727810e-03,0.000000000000000000e+00,3.996743640432300460e+00,3.999986566386826148e+00,3.999597156986599344e+00,3.993473499526583481e+00,1.169807205536921302e-02,8.294597589628693868e-03,3.992450120985871820e+00,3.962450802731753541e+00,1.957766171578511738e+00,3.935769824505237047e+00,3.987183196463126578e+00,3.980243568125024556e+00,3.952592014239866725e+00,3.998946238122017327e+00,3.922619578182453104e+00,1.271450597355516798e-01,3.985806751645950996e+00,3.998346490381136320e+00,3.990283727786876788e+00,1.205063553536973142e+00
3.869279229379812612e+00,3.996997345716541972e+00,3.999590120800780024e+00,3.978031726723833650e+00,3.999644704761617930e+00,3.999657741629305541e+00,3.999385800874030394e+00,3.999742177355459560e+00,3.999833193819668509e+00,3.967457257899071887e+00,3.874563978983783130e+00,3.965419753314446183e+00,3.952061695382142137e+00,3.998694886786036573e+00,3.999956013405818744e+00,3.987064559538899822e+00,3.999828655148014001e+00,3.999561366949690999e+00,3.998732438061221472e+00,3.999926861803279721e+00,3.997578049409191259e+00,3.999809891280164287e+00,3.999736542177998011e+00,3.999568646778199010e+00,3.943839891468209125e+00,3.834954281045837021e+00,3.972513560547882072e+00,3.999170736387479330e+00,3.996743640432300460e+00,0.000000000000000000e+00,3.996438130556423829e+00,3.993246141341712185e+00,8.365428594438428789e-02,3.997385459763260762e+00,3.999867310119183728e+00,3.999531638536682365e+00,3.953569159206581141e+00,3.968761021992373905e+00,3.954684136940455730e+00,3.919904234291164080e+00,3.997203989646484157e+00,3.917837633018733889e+00,3.998498911318183247e+00,3.999972584494853489e+00,3.999323756978486522e+00,3.860194762179891548e+00,3.871504279184800890e+00,3.999758717393384622e+00,3.987921910910359191e+00
3.896868715296986529e+00,3.786114973614866042e+00,3.867785612018228569e+00,3.998471746304093521e+00,3.988414752048163869e+00,3.949600287680720800e+00,3.985514683858891072e+00,3.996183870530409354e+00,3.990352338547428879e+00,3.998186703799416541e+00,3.777714518358811002e+00,3.999385800874030394e+00,3.169349049347204961e+00,3.978950677929144142e+00,3.991705402410371306e+00,3.991417122620160463e+00,3.989655319003279743e+00,3.987998398798914046e+00,3.973315087279476465e+00,3.994474471077973377e+00,3.984878845312603168e+00,3.993585721254452992e+00,3.999359576056386256e+00,3.994881565861887918e+00,3.993073072533462664e+00,3.999624692615637578e+00,3.994158942950488900e+00,3.999200615300512851e+00,3.999986566386826148e+00,3.996438130556423829e+00,0.000000000000000000e+00,3.999953667869340368e+00,3.998444337782284030e+00,3.999286963454475874e+00,3.991025106276449463e+00,3.901248240497920072e+00,3.989333750305748438e+00,3.998682247926342193e+00,3.928098082528686419e+00,3.995392269095165538e+00,3.963652919773132055e+00,3.984273121958948671e+00,3.986381994593119593e+00,3.991156748877859428e+00,3.980390124271674601e+00,3.987960185133001545e+00,3.941516788992177833e+00,3.986463204098209978e+00,3.917143039327237286e+00
3.899944103049305166e+00,3.841282376525903430e+00,3.997861205481793245e+00,3.998888828098039028e+00,3.998156860388979883e+00,3.999314649951114298e+00,3.999819395050052684e+00,3.999597156986599344e+00,3.995556547095152844e+00,3.998578945281178409e+00,3.786742776655675158e+00,3.999210453140327637e+00,3.220013747959734829e+00,3.998525832821242521e+00,3.999305482021135560e+00,3.994185571080887343e+00,3.999140309390449843e+00,3.998346490381136320e+00,3.997421023678078722e+00,3.999828655148014001e+00,3.999976118041817852e+00,3.999863258798465715e+00,3.999875230002173154e+00,3.999960521712274009e+00,3.999941026357356044e+00,3.994806420462639451e+00,3.999882906206431610e+00,3.998274773178396746e+00,3.999597156986599344e+00,3.993246141341712185e+00,3.999953667869340368e+00,0.000000000000000000e+00,3.989189255274486534e+00,3.999893963613161851e+00,3.999747751617290348e+00,3.804267918736405463e+00,3.979552461815577757e+00,3.999531638536682365e+00,3.919119997261925281e+00,3.999994851967814125e+00,3.961774590016756470e+00,3.967770075867083079e+00,3.966827127289549004e+00,3.974550823677073019e+00,3.999604132261207035e+00,3.998050491155432873e+00,3.968822446444009167e+00,3.981778836444677339e+00,3.990590566322405053e+00
