0.000000000000000000e+00,3.853450988839654201e+00,3.998757167820955694e+00,3.998245660197716767e+00,3.999753264963321175e+00,3.993445292280786596e+00,3.996602772110819934e+00,3.947237485579671024e+00,3.841690960282052814e+00,3.985219652442635763e+00,3.970815796966980393e+00,3.980778286204294858e+00,4.000000000000000000e+00,3.964115176459130474e+00,3.988527031016515956e+00,3.986785621574903793e+00,3.990145778744055960e+00,3.986945377849653749e+00,3.982615262139013179e+00,3.999994029501542592e+00,3.998991070098407263e+00,3.998656787557312242e+00,3.999994029501542592e+00,3.998991070098407263e+00,3.998656787557312242e+00,3.994730728175897028e+00,3.957448770105532532e+00,3.999972584494853489e+00,3.958090944969167690e+00,3.997612274682868172e+00,3.999730846085078895e+00,3.996803100217950266e+00,3.999695390312782539e+00,3.987222621040016790e+00,3.954684136940455730e+00,3.945874863389407849e+00,3.988226409037998188e+00,3.998050491155432873e+00,3.998416685756093436e+00,3.994132254074535648e+00,3.996075344480895630e+00,3.982477216498033101e+00,3.999972584494853489e+00,3.998485359249810855e+00,3.997349652473083825e+00,3.999575865696362698e+00,3.942434969254560606e+00,3.919610583950373872e+00,3.950221343892045045e+00,3.951604817266616720e+00,3.998631083658015672e+00,3.961910310698383064e+00,3.999977793431192197e+00,3.996140642527704401e+00,3.987921910910359191e+00,3.999904472737619621e+00,3.999993146111969544e+00,3.959918971928662046e+00,3.987301288589810255e+00,3.989405634234348241e+00,3.984403917277116847e+00,3.995392269095165538e+00,3.999941026357356044e+00,3.974495285260596145e+00,3.959290758708647218e+00,3.999045739979555592e+00,3.971700256927117145e+00,3.857360294682383284e+00,3.998216303736864319e+00,3.999210453140327637e+00,3.853188560561685350e+00,3.997612274682868172e+00,3.996226855304165326e+00,3.996958983254175202e+00,3.999774709186115551e+00,3.999999238456498851e+00,3.999929816556961448e+00,3.998923456784146069e+00,3.996075344480895630e+00,3.998669548183305444e+00,3.984793038875401372e+00,3.999332803102974232e+00,3.999897527575045686e+00,3.999901030616566988e+00,3.999994851967814125e+00,3.986381994593119593e+00,3.999879098564202984e+00,3.999935543300198404e+00,3.999286963454475874e+00,3.996978194901076087e+00,3.999695390312782539e+00,3.999045739979555592e+00,3.999742177355459560e+00,3.998757167820955694e+00,3.998498911318183247e+00,3.983207178466729559e+00,3.998260247123300637e+00,3.997367586539820383e+00,3.999725089076874518e+00,3.975157776102435925e+00,3.979252655118968640e+00,3.998853651405223530e+00,3.991352393137034049e+00,3.996031508428925072e+00,3.997972687199308428e+00,3.997595192471144365e+00,3.996226855304165326e+00,3.995079279764826907e+00,3.998171812528095170e+00,3.999493107564841665e+00,3.944167974922244468e+00,3.966636919716055143e+00,3.997763276242821462e+00,3.983071488459781762e+00,3.980487526741257831e+00,3.978950677929144142e+00,3.977408246255518254e+00,3.956945961557503111e+00,3.978031726723833650e+00
3.853450988839654201e+00,0.000000000000000000e+00,3.996541487660761227e+00,3.939232740991612136e+00,3.841827042670736159e+00,1.927061415116949172e+00,2.087238774730672208e+00,3.986865620759052931e+00,3.999917632015069557e+00,3.952667536177705276e+00,3.954536247136386962e+00,3.947476169172548843e+00,3.983877472150243015e+00,3.967707632149275021e+00,3.955199875529581188e+00,3.964770457402564396e+00,3.965419753314446183e+00,3.991156748877859428e+00,1.835427208584068826e+00,3.914437096161769603e+00,3.911893685855051039e+00,3.912915420668933386e+00,3.914437096161769603e+00,3.911893685855051039e+00,3.912915420668933386e+00,3.831325186679122030e+00,2.418554478806031138e+00,2.630635595022924988e+00,1.798929269933678299e+00,3.935154109258362176e+00,3.916844480263351969e+00,3.848959020407036302e+00,3.910246797617980441e+00,3.996375386508983052e+00,1.752797046519013913e+00,1.717160824451091194e+00,3.966953632776861749e+00,3.399326681026730856e+00,2.070496695556263589e+00,2.064565962051549075e+00,2.285603360146289731e+00,2.090725976258508201e+00,2.074333901566021598e+00,1.853871736400038994e+00,1.893585190252527806e+00,2.094910252352662372e+00,3.974104832336387005e+00,3.990992043998353722e+00,3.969311682844901767e+00,3.978493643194682683e+00,3.704550367577689407e+00,3.997612274682868172e+00,2.325274330389767385e+00,3.987379713992969421e+00,3.948897056305409770e+00,3.077835624962718342e+00,3.012368586893551914e+00,1.780184423336189870e+00,1.714742132588977119e+00,3.920976448357499144e+00,3.932752158642658813e+00,3.939829038706330167e+00,3.999953667869340368e+00,3.983700056491217723e+00,3.966636919716055143e+00,3.901681099972246436e+00,3.953269570147988965e+00,3.919021704533057537e+00,3.974495285260596145e+00,3.964378006912948393e+00,3.915544652769964884e+00,2.743707877327674183e+00,2.617037960021725951e+00,3.991705402410371306e+00,1.763885298499092924e+00,1.745870782797298792e+00,2.051307050784270114e+00,1.742062652232357234e+00,1.793373304300005522e+00,1.706107448401996463e+00,1.772553137532829171e+00,1.823254482354922157e+00,1.874767339900992980e+00,2.686991572970710784e+00,3.689590402072166597e+00,3.318691630200137688e+00,2.724550733409091041e+00,2.613384409466362523e+00,2.784674233207122818e+00,2.408992103683580410e+00,2.257591193155124909e+00,2.714128152917113290e+00,2.508528739976207067e+00,3.939061838525346637e+00,3.933110712721965108e+00,3.947317106096775774e+00,3.909729089493286125e+00,3.936731538959397092e+00,3.743796785208803435e+00,3.712534169200656375e+00,3.996226855304165326e+00,3.998416685756093436e+00,3.856192844729469549e+00,3.853188560561685350e+00,3.880813769199062513e+00,3.943098239995292076e+00,2.422308403964855472e+00,2.456361890119409974e+00,2.837002460554105543e+00,2.581738369286906476e+00,3.987064559538899822e+00,3.959290758708647218e+00,3.944331661322793003e+00,2.575055374067918734e+00,2.568030689407845291e+00,2.619029848040539399e+00,2.775674707563458909e+00,2.510216514703340174e+00,2.653116241000931907e+00
3.998757167820955694e+00,3.996541487660761227e+00,0.000000000000000000e+00,3.857101257307200104e+00,3.948661577158777192e+00,3.718634321868900194e+00,3.799572729033730667e+00,3.999568646778199010e+00,3.996140642527704401e+00,3.938719324807258726e+00,3.952818401606120524e+00,3.998957537454049582e+00,3.996269596843733840e+00,3.994317800521227646e+00,3.888867507822741487e+00,3.998757167820955694e+00,3.999638094958682721e+00,3.984835972324782816e+00,3.990145778744056404e+00,3.987261985082644067e+00,3.983788885180059136e+00,3.984141782641050789e+00,3.987261985082644067e+00,3.983788885180059136e+00,3.984141782641050789e+00,1.245856980519250978e-01,3.944167974922244468e+00,3.929941438260396325e+00,3.968822446444009167e+00,1.737619536069288095e-01,1.352261951817426144e-01,1.094178884975012256e-01,1.472055052304015454e-01,3.948661577158777192e+00,3.980536137483140280e+00,3.972455857935101697e+00,3.975594623503517777e+00,3.835093107480794128e+00,3.964180973823147713e+00,3.992267218286345010e+00,3.793282073570471979e+00,3.951222450627230209e+00,3.933735915148066198e+00,3.923864669556909046e+00,3.896314769780102161e+00,3.910969144947912923e+00,3.835786401069070983e+00,3.764746732661311768e+00,3.701438768723102957e+00,3.748562066125267211e+00,3.999863258798465715e+00,3.943593207135079215e+00,3.837995543186842884e+00,3.996683633228056642e+00,3.998853651405223530e+00,3.998900431883514628e+00,3.985598434228341258e+00,3.990792396734357705e+00,3.983744501049795161e+00,3.996822798495101914e+00,3.993862024489250206e+00,3.917341786710631268e+00,3.995368557671210574e+00,3.909936347286280256e+00,3.977460534293211225e+00,6.519902494416296435e-02,3.991058107904452257e+00,3.940253192980211594e+00,3.992113130443566860e+00,3.999657741629305541e+00,3.939488651641459782e+00,3.937426484143641936e+00,3.999477268818148801e+00,3.998186703799416541e+00,3.836754663282175848e+00,3.844941444190221436e+00,3.739679108123976636e+00,3.727671010408791563e+00,3.747374656382021385e+00,3.724320361668410406e+00,3.881879751087176533e+00,3.908689310613930434e+00,3.928283475671703329e+00,3.926793753674911791e+00,3.998317986116342038e+00,3.947157805746320580e+00,3.803363290172093958e+00,3.906486853552559424e+00,3.982980726413794414e+00,3.998781654038191746e+00,3.880932440850688891e+00,3.990590566322405053e+00,3.974104832336387005e+00,6.493408587673998866e-02,6.335559469942886324e-02,3.781220007037754627e+00,7.005856173960345323e-02,6.878220326028605669e-02,3.970038338511673537e+00,3.958374805295354903e+00,6.292051639397611140e-02,1.581729573292640634e-01,3.963320941897150895e+00,3.960817853159191326e+00,3.959290758708647218e+00,3.201916901898509416e-01,3.981495680942887194e+00,3.995533261168132455e+00,3.936207852156157649e+00,3.982384884119830382e+00,3.998260247123300637e+00,3.999002125861478518e+00,3.612269769456131652e+00,3.983476927321085270e+00,3.983387252702368819e+00,3.946116571241240045e+00,3.988897356762826529e+00,3.971817164009406653e+00,3.984403917277116847e+00
3.998245660197716767e+00,3.939232740991612136e+00,3.857101257307200104e+00,0.000000000000000000e+00,2.343655325961102598e-02,1.935782922836437159e+00,1.820473054576989380e+00,3.996582404779970954e+00,3.968081395292581526e+00,3.994500370198971417e+00,3.998096443163715819e+00,3.999999512612148145e+00,3.980970919106872508e+00,3.996097171301316475e+00,3.999045739979555592e+00,3.999846444323670980e+00,3.999210453140327637e+00,3.993916556324875966e+00,3.927540493592719617e+00,3.996269596843734284e+00,3.997828805830190291e+00,3.997696772969901335e+00,3.996269596843734284e+00,3.997828805830190291e+00,3.997696772969901335e+00,3.868906593494094270e+00,3.965355093106190054e+00,3.146866917226461169e+00,3.441586221351573105e+00,3.975703233586452168e+00,3.957663365117487508e+00,3.711451405522335101e+00,3.964049319264743687e+00,3.997185508014890587e+00,3.954239753083359066e+00,3.979602218555052140e+00,3.891831252768795935e+00,3.991189507895456678e+00,3.856841993649862133e+00,3.863001803961024549e+00,3.984620700488448186e+00,3.883880601417581069e+00,3.997612274682868172e+00,3.964705198601848224e+00,3.952969029089537401e+00,3.992328428614505764e+00,3.989513005618816166e+00,3.978595628387353145e+00,3.992690592381812564e+00,3.993217448329601460e+00,3.998552510809990856e+00,3.902005136340087166e+00,3.979651914992395234e+00,3.946598386262098579e+00,3.999695390312782539e+00,3.412731826235100741e+00,3.441586221351573105e+00,3.950221343892045045e+00,3.984447394821474919e+00,3.995463038665403310e+00,3.996226855304165326e+00,3.986905529566655115e+00,3.983026137640003128e+00,3.999524054159818043e+00,3.995463038665403310e+00,3.819632920384140373e+00,3.999968807257296532e+00,3.990386552983828494e+00,3.992750103240776838e+00,3.986300543053408418e+00,3.990691754408098646e+00,3.949678127590777521e+00,3.878188504189417962e+00,3.994628954448915970e+00,3.959290758708647218e+00,3.960680220652786687e+00,3.959080279923934853e+00,3.999249195502287080e+00,3.960196625630052036e+00,3.999982454062275039e+00,4.000000000000000000e+00,3.990992043998353722e+00,3.998829895833264647e+00,3.978134796648740590e+00,3.999385800874030394e+00,3.953119418609601698e+00,3.977824863835109248e+00,3.983116778871748309e+00,3.994628954448915970e+00,3.999948794030239618e+00,3.985472717950173660e+00,3.995249088829917916e+00,3.985092303282644188e+00,3.743625825699850473e+00,3.710366765027704350e+00,3.606259095485762511e+00,3.776753925022076075e+00,3.830622958238894427e+00,3.999999512612148145e+00,3.999077811177921049e+00,3.842099039128179516e+00,3.892509663792051988e+00,3.996396362005386393e+00,3.996862012568705325e+00,3.991058107904452257e+00,3.916744843790502806e+00,3.994132254074535648e+00,3.956801765431641638e+00,3.943839891468209125e+00,3.913829999943103211e+00,3.979352831866702189e+00,3.986705380306952762e+00,3.792818172437115720e+00,3.974439686697553320e+00,3.984447394821475363e+00,3.827658381476926053e+00,3.878068515720042519e+00,3.973201304676845069e+00,3.990006859728359778e+00
3.999753264963321175e+00,3.841827042670736159e+00,3.948661577158777192e+00,2.343655325961102598e-02,0.000000000000000000e+00,1.815258825106876639e+00,1.674381256198001822e+00,3.998957537454049582e+00,3.976723020935521546e+00,3.996140642527704401e+00,3.999002125861478518e+00,3.976349838220560873e+00,3.999769439504945012e+00,3.998934877898600693e+00,3.997543580736689250e+00,3.999402979562366234e+00,3.998388790228891931e+00,3.958232994434636609e+00,3.986381994593119593e+00,3.994654489022412491e+00,3.996561976629743995e+00,3.996396362005386393e+00,3.994654489022412491e+00,3.996561976629743995e+00,3.996396362005386393e+00,3.872364589225355758e+00,3.885748605015234780e+00,2.883324894388700876e+00,3.213087195598071322e+00,3.977198491767705235e+00,3.967582564896157127e+00,3.731701636202997996e+00,3.953494351199913659e+00,3.998317986116342038e+00,3.960886579818550413e+00,3.975865697331514959e+00,3.950915487424346395e+00,3.996479655847530843e+00,3.948504294258906810e+00,3.952213512406437701e+00,3.923578219609269446e+00,3.964312389052058627e+00,3.959290758708647218e+00,3.884582825139037965e+00,3.995898541032219420e+00,3.942268559819272156e+00,3.935682042063607611e+00,3.910866127081432442e+00,3.943263465829347947e+00,3.944739840795353558e+00,3.999323756978486522e+00,3.940506976323305821e+00,3.999890338731024286e+00,3.940928766303074759e+00,3.999130045263100897e+00,3.180084318326962478e+00,3.213087195598071322e+00,3.944495110812426653e+00,3.981162586508289358e+00,3.993188694600615651e+00,3.994132254074536093e+00,3.989513005618816166e+00,3.999477268818148801e+00,3.971052973966125776e+00,3.993188694600615651e+00,3.890354246098019608e+00,3.999568646778199010e+00,3.993131004995523092e+00,3.990556715685423583e+00,3.989619831567009278e+00,3.993388695618605766e+00,3.994881565861887918e+00,3.961092401396137497e+00,3.996248256478549088e+00,3.976723020935521546e+00,3.975865697331514959e+00,3.989297717443043290e+00,3.998402768429907717e+00,3.997746741706354356e+00,3.999719271153560740e+00,3.976563446740389196e+00,3.998317986116342038e+00,3.999974381729687334e+00,3.999972584494853489e+00,3.998605136231583757e+00,3.958374805295354903e+00,3.999982454062275039e+00,3.999461186441215066e+00,3.996312095143907506e+00,3.999970726337370941e+00,3.998934877898600693e+00,3.996822798495101914e+00,3.987998398798914046e+00,3.872732438070979555e+00,3.848559542035411951e+00,3.621106076706521293e+00,3.867910393150200132e+00,3.928190808468220219e+00,3.999837671572919806e+00,3.999664168693661814e+00,3.917242442220207010e+00,3.946277413402714984e+00,3.998853651405223530e+00,3.999109334317766162e+00,3.999109334317766606e+00,3.964509063117604093e+00,3.994132254074536093e+00,3.996978194901076087e+00,3.849225057715650600e+00,3.802759105729583311e+00,3.983476927321085270e+00,3.982980726413794414e+00,3.803363290172094402e+00,3.902651644650589446e+00,3.923195466021754729e+00,3.682266836022205059e+00,3.751097724707098902e+00,3.900270918955953903e+00,3.936207852156157649e+00
3.993445292280786596e+00,1.927061415116949172e+00,3.718634321868900194e+00,1.935782922836437159e+00,1.815258825106876639e+00,0.000000000000000000e+00,2.567169086145315582e-02,3.990488832505017847e+00,3.952667536177705720e+00,3.971817164009406653e+00,3.981114760178785517e+00,3.938633548729291611e+00,3.993752231986553713e+00,3.992510603014249426e+00,3.990624356322530986e+00,3.993360306203946664e+00,3.995672064894204567e+00,3.975267348986522897e+00,2.595083013485729229e+00,3.998923456784145625e+00,3.997763276242821462e+00,3.997893361700068482e+00,3.998923456784145625e+00,3.997763276242821462e+00,3.997893361700068482e+00,3.895314028935902062e+00,1.692648574986015397e+00,1.206665397963487596e+00,6.607014875708006052e-01,3.986341299076971989e+00,3.972166443639801869e+00,3.750591552582003274e+00,3.977303489475827902e+00,3.978442560195026623e+00,2.748242139513656035e+00,2.784995299527398771e+00,3.944331661322793003e+00,3.782171493814185048e+00,2.802297114704932479e+00,2.786921194947986624e+00,1.816301570848756874e+00,2.731703166927502480e+00,1.966491246262037862e+00,1.689199850714262707e+00,2.493659767622848911e+00,1.889054039950042396e+00,3.952969029089537401e+00,3.911175006043390745e+00,3.907538838569664996e+00,3.900922987769645189e+00,3.982615262139013179e+00,3.929849828786792010e+00,2.347983859672964080e+00,3.981066873501075687e+00,3.994158942950488900e+00,1.682305252926749706e+00,1.606738610769159914e+00,2.918849689140170955e+00,2.695507963724856459e+00,3.983162008874523430e+00,3.984663875770977359e+00,3.956729577956227040e+00,3.954979202013603867e+00,3.987806724913720124e+00,3.983162008874523430e+00,3.850684234406216877e+00,3.995368557671210574e+00,3.998732438061221472e+00,3.999923846128342397e+00,3.997016435699990211e+00,3.998841804063345773e+00,2.508191138517634755e+00,2.747270887060661249e+00,3.972108380546804263e+00,2.663334432291044163e+00,2.668600758768520542e+00,2.605737877491994592e+00,2.264166776991754837e+00,2.600412786558621736e+00,2.266588632072384701e+00,2.064217077163562841e+00,2.287676133490064601e+00,2.358634703168362101e+00,2.358291289767163956e+00,3.158846860315199123e+00,2.957996605289522130e+00,2.426742853067632488e+00,2.322863159655868426e+00,2.930611146004526102e+00,3.028280338349306433e+00,2.304246772379834329e+00,2.907980999479093942e+00,2.908913934822619840e+00,3.724497184657103332e+00,3.685468762472128290e+00,3.416433258212951962e+00,3.811285643968563619e+00,3.860707174560180199e+00,3.991319937404883778e+00,3.984577464750915343e+00,3.871134719667582047e+00,3.916345714055615712e+00,3.990180356942352624e+00,3.990958921071172227e+00,3.982152996428321767e+00,3.937599630318703525e+00,2.403181595920998781e+00,2.476049880368525802e+00,1.825340779611913655e+00,2.238887468485456278e+00,3.993388695618605766e+00,3.968453000193330027e+00,3.701805617138724802e+00,2.108157625969551141e+00,2.123142306601822682e+00,1.246904680567281876e+00,1.787124771146232582e+00,2.140905775550774770e+00,2.299070686887419779e+00
3.996602772110819934e+00,2.087238774730672208e+00,3.799572729033730667e+00,1.820473054576989380e+00,1.674381256198001822e+00,2.567169086145315582e-02,0.000000000000000000e+00,3.966636919716055143e+00,3.908689310613929990e+00,3.982245932654327802e+00,3.993014897221494497e+00,3.912200817956944743e+00,3.998416685756093436e+00,3.995853732171053885e+00,3.998471746304093521e+00,3.997812514718122934e+00,3.999034927790833471e+00,3.953867796119297395e+00,2.704336746761028198e+00,3.999996314130352726e+00,3.999842088407632446e+00,3.999875230002173154e+00,3.999996314130352726e+00,3.999842088407632446e+00,3.999875230002173154e+00,3.942849957324333410e+00,1.807266144822436971e+00,9.236349779305859098e-01,7.486975939683082615e-01,3.999002125861478518e+00,3.993331856068059516e+00,3.826664731234385108e+00,3.995717846477207402e+00,3.987418835886574087e+00,2.854084506026885570e+00,2.889895628954308293e+00,3.926887301621759807e+00,3.785014223763164321e+00,2.906736698510390848e+00,2.891770789816487497e+00,1.931596436326893818e+00,2.837953427588072230e+00,2.082007477487890501e+00,1.803792027586082813e+00,2.604739781500888363e+00,2.004537852161679901e+00,3.970158607724108890e+00,3.935418340963942274e+00,3.899507538264133544e+00,3.926606481703585061e+00,3.990556715685423583e+00,3.887717245703614211e+00,2.461118521792651226e+00,3.970338561429721747e+00,3.998260247123300637e+00,1.371020938158201474e+00,1.298604452714369195e+00,3.019885006830710594e+00,2.802616851344021942e+00,3.994806420462639451e+00,3.995626040144614421e+00,3.969917829256042197e+00,3.927354160853915310e+00,3.995626040144614421e+00,3.994806420462639451e+00,3.908585012892654476e+00,3.999893963613161851e+00,3.991287421013659298e+00,3.999323756978486522e+00,3.990725362491487793e+00,3.991577884725201031e+00,2.619029848040540287e+00,2.853137479802917209e+00,3.982477216498033101e+00,2.771167984554793851e+00,2.776318147709101680e+00,2.739493514547658215e+00,2.404207239015545561e+00,2.734301382713195228e+00,2.380589980905996494e+00,2.179526945423010620e+00,2.401471945270020392e+00,2.471641225062415792e+00,2.471301996872794060e+00,3.251030079684054108e+00,3.057765565602025948e+00,2.579400123087814745e+00,2.436286482793084573e+00,3.031272730030602602e+00,3.125609855390136360e+00,2.417871780804822457e+00,3.009356614161821319e+00,3.010260529239889848e+00,3.804569021950992891e+00,3.771111664587698087e+00,3.464610475508263399e+00,3.876986045519112078e+00,3.916445584059783602e+00,3.996582404779970954e+00,3.991988767865491727e+00,3.924531001483232195e+00,3.958161999526415009e+00,3.966063062216906410e+00,3.967519941364656688e+00,3.952213512406437257e+00,3.972801172283706883e+00,2.556305971167204927e+00,2.587413345247205676e+00,1.982895981826346521e+00,2.394630298305820748e+00,3.980681607719391835e+00,3.985598434228340814e+00,3.737263028876382620e+00,2.265204763376124752e+00,2.280074439542082665e+00,1.355138176428418495e+00,1.944505653156506142e+00,2.297690049769904430e+00,2.453982550741699686e+00
3.947237485579671024e+00,3.986865620759052931e+00,3.999568646778199010e+00,3.996582404779970954e+00,3.998957537454049582e+00,3.990488832505017847e+00,3.966636919716055143e+00,0.000000000000000000e+00,2.942234058384296524e-02,3.970577659416157257e+00,3.998888828098039028e+00,7.143887516237068525e-02,5.276251442032875438e-02,3.999987815315580786e+00,3.930489860427540449e+00,3.972686307862006494e+00,3.962786667480226566e+00,3.959010000972183807e+00,3.940083708563060672e+00,3.979402829799528973e+00,3.970398425960804278e+00,3.979502644775487319e+00,3.979402829799528973e+00,3.970398425960804278e+00,3.979502644775487319e+00,3.999956013405818744e+00,3.967331711173287534e+00,3.944086042886608467e+00,3.999996314130352726e+00,3.971406938177707069e+00,3.993641467753239915e+00,3.999958298020153347e+00,3.999617900075935317e+00,3.961570560806460861e+00,3.999859146558429224e+00,3.971465722039725144e+00,3.905322962507172591e+00,3.988675888266409508e+00,3.940083708563060672e+00,3.996396362005386393e+00,3.988601580793997847e+00,3.975540228191142944e+00,3.953119418609601698e+00,3.890354246098019608e+00,3.953718596690281473e+00,3.907223853041951855e+00,3.939147319293381688e+00,3.931036165575852337e+00,3.981448277091518939e+00,3.950684641017025545e+00,3.995439509592981331e+00,3.988749953424695960e+00,3.949288334182025295e+00,3.997925274481098246e+00,3.991957525519981509e+00,3.999485218645396856e+00,3.995876167000568913e+00,3.999999238456498851e+00,3.950607573368953851e+00,3.989043790736546580e+00,3.993557756912494483e+00,3.977721070896498290e+00,3.923673761524572257e+00,3.876624192814025260e+00,3.978340213396852398e+00,3.997925274481098246e+00,3.984141782641050789e+00,3.874442275835034977e+00,3.963453912480242813e+00,3.962045792327189897e+00,3.893523388778403316e+00,3.977617036978573495e+00,3.934269505683789525e+00,3.939744030569493738e+00,3.948425563775520786e+00,3.943593207135079215e+00,3.985972316747292687e+00,3.988675888266409508e+00,3.984053920891488687e+00,3.989369722569882093e+00,3.917043578034752116e+00,3.910039888914373485e+00,3.867660773990253542e+00,3.950761649243844431e+00,3.935330322681387827e+00,3.999024054708026021e+00,3.978134796648741034e+00,3.984403917277116847e+00,3.951985697674038622e+00,3.973428629439650805e+00,3.957948656916256969e+00,3.979998101467171256e+00,3.906275759547531923e+00,3.997222410439765561e+00,3.997812514718122934e+00,3.928653557068699342e+00,3.999886652928743125e+00,3.999977793431192197e+00,3.997054433168509835e+00,3.981495680942887194e+00,3.984534168559695999e+00,3.984360379284358267e+00,3.997909348520482631e+00,3.996500327269028041e+00,3.995103720529405322e+00,3.999785065798434847e+00,3.909521599005595149e+00,3.883176311790060176e+00,3.961160889114870187e+00,3.994078694089218118e+00,3.990488832505017847e+00,3.999411477548718175e+00,3.999359576056386256e+00,3.994705375886677956e+00,3.994654489022412491e+00,3.973880393379514153e+00,3.997543580736689250e+00,3.987418835886574087e+00,3.995225012722450231e+00
3.841690960282052814e+00,3.999917632015069557e+00,3.996140642527704401e+00,3.968081395292581526e+00,3.976723020935521546e+00,3.952667536177705720e+00,3.908689310613929990e+00,2.942234058384296524e-02,0.000000000000000000e+00,3.931127010570529379e+00,3.996623078621670544e+00,6.814834742186337557e-02,1.583090397179471864e-01,3.990992043998353722e+00,3.874685625030046765e+00,3.985848233661142714e+00,3.978493643194683127e+00,3.975594623503517777e+00,3.926700147034569710e+00,3.928930501249774387e+00,3.913017273712555699e+00,3.929114836915596154e+00,3.928930501249774387e+00,3.913017273712555699e+00,3.929114836915596154e+00,3.997696772969901335e+00,3.945874863389407849e+00,3.963785292223650281e+00,3.997663156211469726e+00,3.955785717488121023e+00,3.970756352626468200e+00,3.990420706789586269e+00,3.999524054159818043e+00,3.997988369715895551e+00,3.996602772110819934e+00,3.955858679661443666e+00,3.885981071785728602e+00,3.999277612818359806e+00,3.985219652442635763e+00,3.996354350199507799e+00,3.948582965387458010e+00,3.998694886786036573e+00,3.990691754408098646e+00,3.956512657906439578e+00,3.990958921071172227e+00,3.965742156264758123e+00,3.886329341055614783e+00,3.875414301948074680e+00,3.948346773939698906e+00,3.902220870898850613e+00,3.996842435945552996e+00,3.996582404779970954e+00,3.967957047362682843e+00,3.994396409187143782e+00,3.999747751617290348e+00,3.999982454062275039e+00,3.998019552161975021e+00,3.997763276242821462e+00,3.930672197397591106e+00,3.996602772110819934e+00,3.997110973116678512e+00,3.978288949601451741e+00,3.946998268140593069e+00,3.805621151396587631e+00,3.989831847037575763e+00,3.992450120985871820e+00,3.993669249908369245e+00,3.927447356580019644e+00,3.979001158175452524e+00,3.977928415781760485e+00,3.924150592066138810e+00,3.989333750305748438e+00,3.955785717488120579e+00,3.994265090990649636e+00,3.880100536265818967e+00,3.872854940264448764e+00,3.943180882508657170e+00,3.948740129570470270e+00,3.939403407168250659e+00,3.950221343892045489e+00,3.888523033178805655e+00,3.883880601417581069e+00,3.832166019843801230e+00,3.932841885481812128e+00,3.881169612260890744e+00,3.996375386508982608e+00,3.989690745831183882e+00,3.993834667466256150e+00,3.970098503124207312e+00,3.986381994593119593e+00,3.974772375843515171e+00,3.990958921071172227e+00,3.932302641376657082e+00,3.991156748877859872e+00,3.992236522089902984e+00,3.954091148870527483e+00,3.997295485218570921e+00,3.997877314020342521e+00,3.998618140385494790e+00,3.948975430623875127e+00,3.993102069121173159e+00,3.992985718499008740e+00,3.992419788930970270e+00,3.989902033962600569e+00,3.987613537227232996e+00,3.999286963454475874e+00,3.919316407337454677e+00,3.911072104602944854e+00,3.975047962551364833e+00,3.959849409241659401e+00,3.999314649951114298e+00,3.997203989646484157e+00,3.995556547095152844e+00,3.961502431561219062e+00,3.961365993820471054e+00,3.945713428443740067e+00,3.970038338511673537e+00,3.969189733639476358e+00,3.997679995017091592e+00
3.985219652442635763e+00,3.952667536177705276e+00,3.938719324807258726e+00,3.994500370198971417e+00,3.996140642527704401e+00,3.971817164009406653e+00,3.982245932654327802e+00,3.970577659416157257e+00,3.931127010570529379e+00,0.000000000000000000e+00,1.208908994874070331e+00,3.969736615323731677e+00,3.963121037481268871e+00,4.008402935810924106e-01,5.212721134187403571e-02,3.922427147007410575e+00,3.906381335585893844e+00,3.988301927944630787e+00,3.885282982184357081e+00,3.993159880155630503e+00,3.997148362239019370e+00,3.985177263194164876e+00,3.993159880155630503e+00,3.997148362239019370e+00,3.985177263194164876e+00,3.989477275759906849e+00,3.985931016213073885e+00,3.993613624868318279e+00,3.988564336192823578e+00,3.914941405985713274e+00,3.967268847916912478e+00,3.875898944041700211e+00,3.948818622620144936e+00,3.993217448329601460e+00,3.997331657563597318e+00,3.979352831866702189e+00,3.962585327984490036e+00,3.926700147034569710e+00,3.998979953442586055e+00,3.998126773509190990e+00,3.988339596547811006e+00,3.999926861803279721e+00,3.997313601811909756e+00,3.999568646778199010e+00,3.998865437858537764e+00,3.999561366949690999e+00,8.199156816730375219e-01,7.240764918213891121e-01,7.587989845869087535e-01,7.983222861790086888e-01,3.972455857935101697e+00,3.999917632015069557e+00,3.992927178925477882e+00,3.985723606143436015e+00,3.999170736387479330e+00,3.997612274682868172e+00,3.999999969538258426e+00,3.987222621040016790e+00,3.956512657906440467e+00,3.952365091559437715e+00,3.954313965896585792e+00,3.976456762893105790e+00,3.997185508014890587e+00,7.203170420976428012e-01,3.932122422421943320e+00,3.959220658794304626e+00,3.942684139626522644e+00,3.782962906584237395e+00,3.907433901496453643e+00,3.905216805929021984e+00,3.808015895746376778e+00,3.982059818682985863e+00,3.978544665925976886e+00,3.992956479066706255e+00,3.988860596803409209e+00,3.992600870839446259e+00,3.994105504453840716e+00,3.976027619381790501e+00,3.975267348986522897e+00,3.967394514501311420e+00,3.990825822891796548e+00,3.999617900075935317e+00,3.998841804063345773e+00,3.921945044312779682e+00,3.996822798495101914e+00,3.999948794030239618e+00,3.934002975524870216e+00,3.994500370198971417e+00,3.987496898051874794e+00,3.980390124271674601e+00,3.914437096161769603e+00,3.986544171558784377e+00,3.989761417657576636e+00,3.961365993820471054e+00,3.957948656916256969e+00,3.950376013920712026e+00,3.977721070896498290e+00,3.971406938177707069e+00,3.856971653761827046e+00,3.925383492852957623e+00,3.915644989690629796e+00,3.854759742030225311e+00,3.996333253077601899e+00,3.995509914453692968e+00,3.994980908978087442e+00,3.984229402628955974e+00,3.959849409241659401e+00,3.978083291814218825e+00,3.983655551505681292e+00,3.988414752048163869e+00,3.933021162524195979e+00,3.954684136940455730e+00,3.989261623982864435e+00,3.953793226162762409e+00,3.949600287680721244e+00,3.965934879491493259e+00,3.978493643194683127e+00,3.914739857031995562e+00,3.956657330875421152e+00
3.970815796966980393e+00,3.954536247136386962e+00,3.952818401606120524e+00,3.998096443163715819e+00,3.999002125861478518e+00,3.981114760178785517e+00,3.993014897221494497e+00,3.998888828098039028e+00,3.996623078621670544e+00,1.208908994874070331e+00,0.000000000000000000e+00,3.999045739979555592e+00,3.999837671572919806e+00,5.254453263797520535e-01,1.198022646373525735e+00,3.962518095248981798e+00,3.951069087891712961e+00,3.946758516920897186e+00,3.904791599286556725e+00,3.999477268818148801e+00,3.999958298020153347e+00,3.996162286932347207e+00,3.999477268818148801e+00,3.999958298020153347e+00,3.996162286932347207e+00,3.994806420462639451e+00,3.992236522089902984e+00,3.999597156986599344e+00,3.999296253188829198e+00,3.931670845106517653e+00,3.977355897982525867e+00,3.914032598576610678e+00,3.961638630298846220e+00,3.971992074141009965e+00,3.999725089076874518e+00,3.987183196463126578e+00,3.982106437744860727e+00,3.864142224916422119e+00,3.991577884725201031e+00,3.973880393379514153e+00,3.971875527453962995e+00,3.991025106276449463e+00,3.999597156986599344e+00,3.998471746304093521e+00,3.999314649951114298e+00,3.993473499526583481e+00,1.105730517289665871e+00,9.894382272704420611e-01,1.131423901420391065e+00,1.080220298558477454e+00,3.988712951135382934e+00,3.999539162004330350e+00,3.997129698095873707e+00,3.942932777400610433e+00,3.949132001150861271e+00,3.998769441372572953e+00,3.999758717393384622e+00,3.999239601261983523e+00,3.968267467548800553e+00,3.982292310194042173e+00,3.983476927321085270e+00,3.914538074773034282e+00,3.976934943519538024e+00,1.046602905382842508e+00,3.969189733639476358e+00,3.970577659416156813e+00,3.976188999692886750e+00,3.853844207801532917e+00,3.951833523877494869e+00,3.950221343892045045e+00,3.874442275835034977e+00,3.994500370198971417e+00,3.992480392347272478e+00,3.952592014239866725e+00,3.997909348520482631e+00,3.999314649951114298e+00,3.999713392315314753e+00,3.990958921071172227e+00,3.990488832505017847e+00,3.985388604691147307e+00,3.995740646079493530e+00,3.999879098564202984e+00,3.999332803102974232e+00,3.951604817266617165e+00,3.999469258083339973e+00,3.999453053892019661e+00,3.968945115424127312e+00,3.998096443163715819e+00,3.997295485218570921e+00,3.993557756912494483e+00,3.945632622064946027e+00,3.996842435945552996e+00,3.998289238362562337e+00,3.972398095237880788e+00,3.969494156733425427e+00,3.973371888415735853e+00,3.985889655183937563e+00,3.980778286204294858e+00,3.898082310032677800e+00,3.953569159206581141e+00,3.895648128950472078e+00,3.876744867552529783e+00,3.942185266353035011e+00,3.955126377246730218e+00,3.944739840795353114e+00,3.990958921071172227e+00,3.980194595430817994e+00,3.990145778744055960e+00,3.995368557671210574e+00,3.997713490069387365e+00,3.969797079971899123e+00,3.983700056491217723e+00,3.828224956890157404e+00,3.975865697331514959e+00,3.972801172283706883e+00,3.976242672735783579e+00,3.986503718084678738e+00,3.945874863389407849e+00,3.984878845312603168e+00
3.980778286204294858e+00,3.947476169172548843e+00,3.998957537454049582e+00,3.999999512612148145e+00,3.976349838220560873e+00,3.938633548729291611e+00,3.912200817956944743e+00,7.143887516237068525e-02,6.814834742186337557e-02,3.969736615323731677e+00,3.999045739979555592e+00,0.000000000000000000e+00,1.398052378201080082e-01,3.999964786329606614e+00,3.929206916603612765e+00,3.952742998633889560e+00,3.939998877705700231e+00,3.935242245445299769e+00,3.983071488459781762e+00,3.999190716561565662e+00,3.996743640432300460e+00,3.999210453140327637e+00,3.999190716561565662e+00,3.996743640432300460e+00,3.999210453140327637e+00,3.997845036084911818e+00,3.995672064894204567e+00,3.916844480263351969e+00,3.997456344213203394e+00,3.986503718084678738e+00,3.993246141341712185e+00,3.999920769532240961e+00,3.994730728175897028e+00,3.979302773639340707e+00,3.998360651204078131e+00,3.986544171558784377e+00,3.934889347019308037e+00,3.985514683858891072e+00,3.926606481703585061e+00,3.991287421013659298e+00,3.932662372928507732e+00,3.999990130403716648e+00,3.995965298333175930e+00,3.857619105743848475e+00,3.996140642527704401e+00,3.976829102662844839e+00,3.937945214375845993e+00,3.929758160526600541e+00,3.980778286204294858e+00,3.949600287680721244e+00,3.974328309138546622e+00,3.999350712642196992e+00,3.936557212648183146e+00,3.996097171301316031e+00,3.999707452562315524e+00,3.998618140385494790e+00,3.999867310119183728e+00,3.997349652473083825e+00,3.971289190297996097e+00,3.999998050448830167e+00,3.998781654038191746e+00,3.990725362491487793e+00,3.892396739390951765e+00,3.874928745800302110e+00,3.995392269095165094e+00,3.999943676503444845e+00,3.996290876399069436e+00,3.835370592646082599e+00,3.940844526544993620e+00,3.939061838525346637e+00,3.857230804282034242e+00,3.959290758708647218e+00,3.908897731627303695e+00,3.914032598576611122e+00,3.882823392502793514e+00,3.869279229379812612e+00,3.926512757684810673e+00,3.932841885481812128e+00,3.922234481590451072e+00,3.934535505551753687e+00,3.942185266353035011e+00,3.938805041828457476e+00,3.902328651262432668e+00,3.971406938177707069e+00,3.936557212648183146e+00,3.999170736387479330e+00,3.963254366895327951e+00,3.989477275759906405e+00,3.926512757684810673e+00,3.953718596690281473e+00,3.975703233586452168e+00,3.962518095248981798e+00,3.879862333746991077e+00,3.999999878153033261e+00,3.999960521712274009e+00,3.948975430623875127e+00,3.998201534202490137e+00,3.997663156211469726e+00,3.997313601811909756e+00,3.980826534940546502e+00,3.968576388813619626e+00,3.968329371723013033e+00,3.999946265727765571e+00,3.999962684482114117e+00,3.999713392315314753e+00,3.995415919735995303e+00,3.938375866180923612e+00,3.916245785676219171e+00,3.993246141341712185e+00,3.998539202255109615e+00,3.973201304676845069e+00,3.980584687894443086e+00,3.999229946121359625e+00,3.998201534202490137e+00,3.998231012402089224e+00,3.996205393321234034e+00,3.995694986081878675e+00,3.999991196563026818e+00,3.997877314020342521e+00
4.000000000000000000e+00,3.983877472150243015e+00,3.996269596843733840e+00,3.980970919106872508e+00,3.999769439504945012e+00,3.993752231986553713e+00,3.998416685756093436e+00,5.276251442032875438e-02,1.583090397179471864e-01,3.963121037481268871e+00,3.999837671572919806e+00,1.398052378201080082e-01,0.000000000000000000e+00,3.999419914629513961e+00,3.919316407337454677e+00,3.956512657906440023e+00,3.944249847735137315e+00,3.939658963344675691e+00,3.945955491951364191e+00,3.982798477472349052e+00,3.974495285260596145e+00,3.982889722747620986e+00,3.982798477472349052e+00,3.974495285260596145e+00,3.982889722747620986e+00,3.953643907704129656e+00,3.999067181673425786e+00,3.978646530577260698e+00,3.999901030616566988e+00,3.997185508014890587e+00,3.998388790228891931e+00,3.999268201280764323e+00,3.979602218555052584e+00,3.976669889749412157e+00,3.999350712642196992e+00,3.997166965545547512e+00,3.992510603014249426e+00,3.987418835886574087e+00,3.995533261168132455e+00,3.920587371353885686e+00,3.986584564519294105e+00,3.895870573575452855e+00,3.959988474913119116e+00,3.933021162524195979e+00,3.939488651641459782e+00,3.909936347286280700e+00,3.928653557068699342e+00,3.919904234291164080e+00,3.975431257032862042e+00,3.941181130822636547e+00,3.993613624868318279e+00,3.912303078830463576e+00,3.993073072533462664e+00,3.988601580793997847e+00,3.989584283523452957e+00,3.998769441372572953e+00,3.997313601811909756e+00,3.999970726337370941e+00,3.999999878153033261e+00,3.989152980028491058e+00,3.995392269095165538e+00,3.994679962835258280e+00,3.898082310032678244e+00,3.861984237339105785e+00,3.970934505542748294e+00,3.989261623982864435e+00,3.974104832336387005e+00,3.842370811131442743e+00,3.945065318065413162e+00,3.943345989954848640e+00,3.863762595524303123e+00,3.978646530577260698e+00,3.982152996428321767e+00,3.777394537137027442e+00,3.999976118041817852e+00,3.999764108907313709e+00,3.989152980028491058e+00,3.986503718084678738e+00,3.990725362491487793e+00,3.990111139922452921e+00,3.995602936584099929e+00,3.993807249707584717e+00,3.979552461815577757e+00,4.000000000000000000e+00,3.961160889114870187e+00,3.999886652928743125e+00,3.999485218645396856e+00,3.995556547095152844e+00,3.971700256927117145e+00,3.980390124271674601e+00,3.999824055558095282e+00,3.973087281645619750e+00,3.968019251302279393e+00,3.971289190297996097e+00,3.969250738235593268e+00,3.996743640432300460e+00,3.955346693416664117e+00,3.952818401606120524e+00,3.998865437858537764e+00,3.999979407897758854e+00,3.903081491073030040e+00,3.880457410501473081e+00,3.968883810921883359e+00,3.973428629439650805e+00,3.976829102662844839e+00,3.944086042886608467e+00,3.993669249908369245e+00,3.985346457343400317e+00,3.979602218555052140e+00,3.999742177355459560e+00,3.987921910910359191e+00,3.998656787557312242e+00,3.961297685329120633e+00,3.999561366949690999e+00,3.996939710776425514e+00,3.999719271153560740e+00,3.999998507374828982e+00,3.999837671572919806e+00,3.998498911318183247e+00
