0.000000000000000000e+00,2.767591613127480699e+00,5.574791942219255780e+00,2.811817615217295785e+00,2.852147485658467208e+00,2.859413498106369023e+00,2.984664229627190579e+00,4.048632215537152135e+00,4.119592245790520302e+00,4.250808938026287009e+00,3.920068934717728659e+00,4.046318182816143860e+00,4.032714397526357075e+00,4.010243152457725557e+00,4.222983779999443854e+00,3.455976075683349524e+00,3.553348575349070337e+00,3.097214645494860807e+00,4.145310550835971775e+00,3.751969271495771974e+00,3.793363262457185581e+00,3.871116367930416580e+00,3.751969271495771974e+00,3.793363262457185581e+00,3.871116367930416580e+00,5.561456197627779652e+00,4.020529787552934664e+00,3.736126136670787634e+00,3.826353870834148463e+00,5.418822902445278977e+00,5.425355575390394591e+00,5.362072578339411422e+00,5.383643954894576922e+00,4.392163962251222742e+00,3.284028262409096843e+00,3.196640117248422452e+00,3.731812371001338668e+00,4.467568082752935155e+00,3.342773729587042109e+00,3.390219199746637102e+00,3.156526013022724619e+00,3.305805031514942094e+00,3.437065275372400919e+00,3.356626956030325015e+00,3.232283037453185237e+00,3.455454833774987744e+00,2.571574696420625639e+00,2.580468671157532423e+00,2.482577404472301463e+00,2.582254679746613935e+00,4.534369917039174247e+00,4.346625875983159304e+00,3.533654784243586811e+00,2.439996542410741931e+00,2.511951037174160906e+00,4.109284998957844159e+00,4.130663837999835053e+00,3.246079871825814145e+00,3.115524837415969639e+00,4.492804208444092673e+00,4.476684396194210436e+00,3.003357597814745983e+00,2.914353471924638672e+00,2.565691830873311208e+00,4.482016014311903440e+00,5.392461891571059596e+00,4.524260021905762486e+00,4.875936378659118553e+00,4.543310771913175117e+00,4.541697277467560134e+00,4.880507045017151491e+00,3.731163746497974998e+00,3.680466219036893527e+00,3.893588296165053197e+00,3.294406553057827480e+00,3.274187898774957972e+00,3.046610756246095342e+00,3.007876395618481080e+00,3.384315297037482573e+00,3.343615486349217569e+00,3.163468009811043036e+00,3.122393932877514544e+00,2.925017110660423025e+00,4.342410742014434000e+00,3.403409681106548401e+00,3.363635755748432654e+00,4.102477930721994070e+00,3.916121269987215214e+00,4.042278829591140266e+00,4.234497347391216415e+00,4.282336741851359818e+00,4.315727379414744824e+00,4.026204333558528248e+00,5.036381196471887201e+00,5.117056580022812717e+00,4.173580631303689614e+00,5.074654549016384131e+00,5.172912572605201653e+00,3.915611178979332418e+00,3.981247861008526900e+00,4.669114178181057007e+00,4.888797819712307202e+00,3.154293851585238340e+00,3.050775176621904450e+00,3.166279054404826709e+00,5.561266750662460900e+00,3.601452343760083608e+00,3.765001113786257125e+00,3.676229845387264383e+00,3.854727363796322859e+00,4.872382759790686357e+00,4.456477337011974349e+00,4.097250426048844929e+00,4.099431667302757987e+00,4.065730314830479308e+00,4.006666531838983580e+00,3.972605128405212849e+00,4.131095313149785397e+00,4.194884858658166848e+00
2.767591613127480699e+00,0.000000000000000000e+00,5.169206923558388844e+00,1.146650807132648442e+00,1.089868126287490524e+00,1.065647581319599357e+00,1.045761546531859265e+00,4.449792181706856198e+00,4.512271034662365565e+00,3.844896335365376228e+00,3.660965620001550125e+00,4.387247684289499183e+00,4.395061227963115158e+00,3.415345506954331700e+00,3.795623423508196037e+00,2.030162701924260293e+00,2.133848855763655461e+00,1.875962848792398940e+00,2.288886877074630899e+00,3.295232220200063900e+00,3.275109515340227428e+00,3.356834544331476433e+00,3.295232220200063900e+00,3.275109515340227428e+00,3.356834544331476433e+00,5.124385783642583903e+00,2.061358599778000844e+00,1.895915669919434166e+00,1.861485389177192529e+00,4.948163273146488628e+00,4.951616430832238791e+00,5.044473550545957252e+00,4.921837649848834317e+00,2.375228603135906003e+00,1.293065264659554847e+00,1.307133435809220146e+00,3.254833274524176812e+00,3.842361276122571834e+00,1.526858008045357096e+00,1.525496428998594167e+00,1.423381205273047456e+00,1.518780920337006624e+00,1.524466775884800951e+00,1.465089637100922770e+00,1.439973838911633441e+00,1.521224437573036381e+00,2.685147190225374292e+00,2.660031283119869361e+00,2.627597207341886065e+00,2.720377117268164557e+00,4.082176763896490534e+00,3.297971164003046685e+00,1.546607702224327197e+00,3.377963048750527442e+00,3.243729351358434876e+00,2.206473226046709701e+00,2.271550389873647102e+00,1.230446015001606330e+00,1.291815284816331788e+00,4.371632386676325588e+00,4.363853486344267729e+00,4.345303055588099816e+00,1.708618264356031036e+00,2.579484923842496613e+00,4.372834085994847797e+00,4.973179262254315169e+00,4.453963769429832631e+00,3.893051175955994481e+00,3.372331590385982736e+00,3.362962789455272716e+00,3.909573920620047716e+00,1.747120778807595087e+00,1.689422319857468047e+00,2.186416461422225677e+00,1.392822358345654932e+00,1.316388173051310728e+00,1.242950177899546205e+00,1.228632764035065383e+00,1.474186044761914616e+00,1.441973499896846977e+00,1.290126415436095852e+00,1.194624407431165825e+00,2.237599751856231389e+00,2.485810035903430304e+00,1.760288847633232789e+00,2.029576097434426796e+00,2.028908746153597509e+00,1.966995576290073267e+00,2.035553227094954121e+00,2.163304889303590883e+00,2.255604943070248503e+00,2.305756820382722783e+00,1.943315301830338404e+00,4.686807519534743172e+00,4.732073080228764717e+00,4.112467080284185172e+00,4.701594942243542796e+00,4.761791613006537638e+00,3.453112479945251501e+00,3.480405701622838688e+00,4.277487885563454384e+00,4.516148409740136316e+00,2.159907659208528230e+00,2.005122210387693560e+00,2.116565366937780635e+00,5.116609836533173805e+00,1.604743886697977517e+00,1.737578181369777264e+00,1.552068918124023922e+00,1.797039168225171624e+00,4.575836894438569225e+00,4.382711700945959521e+00,3.891684899375434714e+00,2.113053622434040602e+00,2.061822689197123637e+00,2.013732088913706253e+00,1.995209451550665092e+00,2.132888300207625765e+00,2.222659192189867738e+00
5.574791942219255780e+00,5.169206923558388844e+00,0.000000000000000000e+00,5.526516230856976186e+00,5.377073578690115596e+00,5.426748787216299164e+00,5.263484600128387036e+00,2.883188280047476404e+00,2.771222943190416732e+00,5.445006652611786180e+00,5.398795513936611279e+00,2.818804421361194024e+00,2.804065016435415725e+00,5.250659581139913712e+00,5.333028602977029742e+00,4.281436856421516168e+00,4.123826161276241464e+00,4.970215651236037147e+00,5.734827340810380036e+00,2.522389597721096166e+00,2.483561796003564748e+00,2.388842405174649297e+00,2.522389597721096166e+00,2.483561796003564748e+00,2.388842405174649297e+00,3.090315938121732664e-01,4.444280815139912910e+00,5.840349070847156376e+00,5.451841420088415546e+00,3.751975402062360798e-01,3.753867652573284475e-01,6.537013311677684069e-01,4.058977633159305265e-01,6.009354580249708810e+00,5.115112265498507504e+00,5.458784766268218291e+00,2.517056941889975974e+00,1.798825549914784716e+00,4.977573052346238924e+00,5.035683737123968662e+00,5.097520195798872500e+00,4.989055462651442951e+00,4.853174934297582510e+00,4.875879899988015964e+00,5.100245434067189443e+00,4.992048644111811484e+00,5.926571042908108211e+00,5.851365060802204532e+00,5.775187860915785620e+00,5.889677842019485077e+00,1.822476894763701782e+00,2.958770453576739623e+00,4.573498552423688857e+00,4.683725383764200778e+00,4.423238165125227717e+00,5.657353631478868827e+00,5.840932284777588634e+00,5.081272204693620509e+00,5.561367876949017131e+00,4.764385725137147531e+00,4.775448349204386211e+00,4.872502060780504962e+00,5.209898574325790399e+00,5.510655241988610342e+00,4.778685417719143125e+00,3.648365205577710491e-01,4.859581791793120331e+00,2.487883935396598023e+00,2.868083714301816300e+00,2.889772361581066207e+00,2.474945223350296430e+00,5.006722717300364778e+00,4.945037441572015524e+00,3.684442541108176705e+00,5.597562724042560944e+00,5.405427399226038432e+00,5.289754847595136589e+00,5.279417079437910054e+00,5.495959891188984869e+00,5.511895860544950843e+00,5.503010508006292767e+00,5.279848395919278126e+00,6.284401232156185735e+00,5.192205591767342199e+00,4.011694389068011013e+00,3.578718320661517627e+00,4.992114433756228209e+00,4.978755030211433841e+00,4.811618778510747596e+00,5.096679130604776731e+00,5.275188201460293769e+00,5.300531971737151515e+00,4.909426872301055234e+00,7.961702480558265904e-01,7.176784639142956834e-01,2.241366499247093635e+00,8.028606359253585012e-01,7.174463236636720032e-01,2.315597600108602716e+00,2.264182708125547894e+00,1.139820310219108013e+00,8.996912451858742887e-01,4.562225751603459223e+00,4.723691971952567847e+00,4.575079708710311444e+00,3.189440837141530594e-01,5.078383406886856299e+00,5.287369163412074080e+00,5.196771859122389259e+00,5.025792038274083495e+00,4.814610591123567040e+00,4.839038006668796577e+00,2.323929241172813853e+00,5.014800627160678204e+00,4.933862303821714868e+00,5.250913648621094332e+00,5.172317532049221178e+00,5.319857966913443370e+00,5.219768510713051590e+00
2.811817615217295785e+00,1.146650807132648442e+00,5.526516230856976186e+00,0.000000000000000000e+00,2.878043682231050671e-01,2.412257280994368758e-01,4.656474053517121181e-01,4.699740961389964333e+00,4.781704066324241609e+00,4.091849504044140495e+00,3.980052437602297211e+00,4.638272010490929631e+00,4.654218406664488050e+00,3.603928431841298075e+00,4.041537103463006986e+00,2.461118928733617039e+00,2.574400380406745015e+00,2.324350361419738498e+00,2.244930146316284958e+00,3.617687648621847440e+00,3.588193046144887877e+00,3.677830071594971439e+00,3.617687648621847440e+00,3.588193046144887877e+00,3.677830071594971439e+00,5.488148259806269635e+00,2.315046991885321592e+00,1.630201239014021031e+00,1.735055234471417851e+00,5.296940295811897847e+00,5.302151488534260437e+00,5.408868048134283235e+00,5.270476461456437889e+00,2.332119346939119708e+00,1.224180278346886919e+00,1.038220778624042495e+00,3.578586750851589393e+00,4.305028789620840790e+00,1.829884906596961125e+00,1.802765359923705679e+00,1.689448877902038459e+00,1.798363691676664766e+00,1.781656650663065999e+00,1.702465351259768944e+00,1.675439922416983363e+00,1.719855358509711607e+00,2.830766984841782463e+00,2.818552051223746524e+00,2.795551560304457173e+00,2.903152901651634199e+00,4.466499241969668965e+00,3.611626974108983035e+00,1.801406359390292033e+00,3.405081038836724527e+00,3.266245833594068060e+00,1.999420445349228137e+00,1.981308468928220545e+00,1.204004649113033176e+00,9.825516217545188224e-01,4.766991839018226429e+00,4.758053484689893864e+00,4.465791691672119867e+00,2.133609885501139392e+00,2.815003071424913461e+00,4.759702482050104599e+00,5.320058468867158830e+00,4.850218894636906697e+00,4.354396171718335928e+00,3.832052012740460256e+00,3.822453509514965209e+00,4.369486587624971996e+00,1.938561683333382080e+00,1.974687798343173428e+00,2.591391563037109158e+00,1.027244683275169601e+00,1.058786608244898009e+00,1.114548550628796875e+00,1.123909679241766879e+00,1.152980310270603992e+00,1.130295134662752554e+00,1.001429489754130708e+00,1.068866664092840146e+00,2.166740807462964824e+00,2.502987339277252143e+00,2.033791586154618525e+00,2.393480188610707771e+00,2.224305390527816062e+00,2.044126461671083472e+00,2.214153725342380863e+00,2.233709631955175023e+00,2.337689569653184307e+00,2.326115766198384449e+00,2.034113548610593902e+00,5.013718160374261323e+00,5.059387362480851635e+00,4.410761941593872137e+00,5.032782342996681813e+00,5.095254420146925867e+00,3.769755325038812277e+00,3.821538498319835497e+00,4.593551962649007336e+00,4.845618759132229947e+00,2.699178236249260010e+00,2.503502998274576008e+00,2.633791502310190324e+00,5.468549900675958142e+00,1.789068795151640412e+00,1.845412126294859956e+00,1.681213078133093619e+00,1.940160749664254114e+00,4.998015382263916173e+00,4.780358457864544164e+00,4.165381823850877296e+00,2.195461933303772373e+00,2.198729877522874965e+00,1.995648509424388317e+00,2.018486416736754219e+00,2.195917203643531490e+00,2.270441437281853325e+00
2.852147485658467208e+00,1.089868126287490524e+00,5.377073578690115596e+00,2.878043682231050671e-01,0.000000000000000000e+00,2.845055209246777350e-01,2.975415751122901797e-01,4.628405717488159432e+00,4.698162940385946840e+00,4.021462218834233937e+00,3.919442566143414464e+00,4.558559719417393907e+00,4.578215148226695064e+00,3.527803393989572101e+00,3.965086474361302571e+00,2.389233609009541404e+00,2.492922692537268059e+00,2.268057884025489024e+00,2.183381939051954657e+00,3.506747430509880470e+00,3.474958247436732872e+00,3.561168909573254382e+00,3.506747430509880470e+00,3.474958247436732872e+00,3.561168909573254382e+00,5.336257768573052118e+00,2.178918815271355225e+00,1.598567403035602741e+00,1.626858106540487237e+00,5.143567555926621182e+00,5.148891360333153422e+00,5.258076724238970989e+00,5.117557806485020677e+00,2.303011285742889047e+00,1.089053579665165250e+00,1.003198368075759905e+00,3.468202918469081464e+00,4.171038907657949935e+00,1.721244026366581581e+00,1.706768333636887069e+00,1.601414137291882200e+00,1.692150509762984090e+00,1.641639005129669870e+00,1.554798261937432313e+00,1.584157762550936877e+00,1.594964598396501732e+00,2.873246252358594433e+00,2.854754894158142431e+00,2.826553739226729700e+00,2.937754642228844748e+00,4.334948507704921461e+00,3.489984624003557023e+00,1.675999387876023983e+00,3.398924303188554763e+00,3.254049719404712437e+00,1.912864816006472513e+00,1.926888419448187673e+00,1.049031220290957744e+00,9.702487023342406536e-01,4.730908415015936619e+00,4.722161346242620183e+00,4.462831585163558934e+00,2.096651822350293237e+00,2.814595986520322946e+00,4.722730331083274002e+00,5.174433576230486942e+00,4.815629327400253068e+00,4.228011322238674374e+00,3.702271562232720914e+00,3.691448865179816075e+00,4.245518819637720931e+00,1.820985271744333556e+00,1.851384131892283680e+00,2.500335816126681543e+00,9.627057744334753808e-01,9.528548537527979923e-01,1.016705485309349344e+00,1.025709762907347500e+00,1.074256712667948088e+00,1.056378035364467838e+00,9.606956919070922529e-01,9.550495951406358097e-01,2.231068728724762362e+00,2.405305638188188322e+00,1.947209512776936879e+00,2.295240645604128993e+00,2.086502077711378522e+00,1.952740940662215818e+00,2.072016878317758160e+00,2.105414654006219521e+00,2.213319289206126417e+00,2.211206970790190685e+00,1.894858084995320935e+00,4.880871042599528309e+00,4.923570368913332551e+00,4.312710100720128281e+00,4.898106998799534928e+00,4.956677902736188024e+00,3.644499649769858074e+00,3.695686471185505084e+00,4.461921853700961726e+00,4.713227696889961571e+00,2.632452456791477324e+00,2.450011842215253033e+00,2.566853120975459923e+00,5.318621735485479007e+00,1.666610789497660505e+00,1.731906700609174177e+00,1.565215854937999529e+00,1.807898482239604032e+00,4.949370478774115512e+00,4.748483363128378265e+00,4.059628857501444088e+00,2.093633739331692833e+00,2.087300184273465309e+00,1.887255142868566660e+00,1.908325780392313709e+00,2.089288769767492671e+00,2.184403949407723200e+00
2.859413498106369023e+00,1.065647581319599357e+00,5.426748787216299164e+00,2.412257280994368758e-01,2.845055209246777350e-01,0.000000000000000000e+00,3.146464428595034390e-01,4.651922744310035718e+00,4.727218876600877806e+00,4.066198701161214402e+00,3.952513245531403818e+00,4.589333099126261750e+00,4.604759751834705206e+00,3.580443711565507670e+00,4.013010029901869835e+00,2.406669245181245476e+00,2.510739031228336859e+00,2.322134012763450883e+00,2.171127812870008889e+00,3.521780738402440658e+00,3.490371122819076355e+00,3.579301189832099439e+00,3.521780738402440658e+00,3.490371122819076355e+00,3.579301189832099439e+00,5.386813373789065551e+00,2.189713086508750628e+00,1.563533709866367305e+00,1.634994845823133147e+00,5.195363128557464627e+00,5.200536109200923462e+00,5.317010241857389019e+00,5.168854093642908154e+00,2.323633051327578247e+00,1.103625868584554581e+00,9.464435559069352966e-01,3.490019184756759429e+00,4.200472283138371843e+00,1.753030656931727771e+00,1.743520561889157383e+00,1.624571244124674685e+00,1.719382112861449485e+00,1.676818303195311444e+00,1.593510856459998681e+00,1.603664926021674209e+00,1.622544945775799885e+00,2.874341174472418992e+00,2.855529565830125627e+00,2.829905041342421601e+00,2.938007902163509044e+00,4.373199798370696278e+00,3.534268728205788523e+00,1.668062733460989211e+00,3.406412543222053113e+00,3.259387867432825825e+00,1.926688457472011340e+00,1.924107925099622696e+00,1.075306073420847275e+00,8.994597816908093124e-01,4.682468157394652941e+00,4.673805485594035858e+00,4.464922271395319164e+00,2.140243183302496632e+00,2.841988601421895133e+00,4.676338087069400018e+00,5.222981725909922268e+00,4.768668524626958671e+00,4.276229147150092835e+00,3.752965523541235360e+00,3.743237213284035914e+00,4.291464565842839640e+00,1.815120512689429422e+00,1.853189585470126799e+00,2.495435198449280190e+00,9.636806157102827397e-01,9.739162901295644881e-01,1.025290793751364005e+00,1.027466453947813996e+00,1.067384493072839335e+00,1.042973626705202994e+00,8.955964274731240682e-01,9.457899476990507814e-01,2.168043656202728098e+00,2.393300083919673860e+00,1.932270357907792224e+00,2.267560861555527385e+00,2.107163312934311250e+00,1.933684687015053028e+00,2.103704435017344387e+00,2.137202768207321135e+00,2.234682451322699048e+00,2.227436584382189722e+00,1.928983802371634360e+00,4.919015934291304681e+00,4.964058296140882121e+00,4.323356237512242295e+00,4.934738775927693055e+00,4.995989253556475163e+00,3.673728516796357813e+00,3.726352499511263350e+00,4.505414500770569930e+00,4.754894211398245751e+00,2.673940320842113305e+00,2.488288258287955301e+00,2.610876864535574438e+00,5.368189217361874377e+00,1.669629506134749031e+00,1.737310948007436906e+00,1.567909453529320096e+00,1.818425856557294606e+00,4.905033663109267472e+00,4.699372211181241710e+00,4.106576442163815344e+00,2.069274170355186460e+00,2.073346219692273174e+00,1.884241875708319247e+00,1.897581977798969310e+00,2.084306907236047390e+00,2.159664591157238522e+00
2.984664229627190579e+00,1.045761546531859265e+00,5.263484600128387036e+00,4.656474053517121181e-01,2.975415751122901797e-01,3.146464428595034390e-01,0.000000000000000000e+00,4.578011201200225422e+00,4.644685735871420640e+00,4.056030398260207726e+00,3.960109165112670748e+00,4.506013918651588845e+00,4.525234936699847665e+00,3.548853385470087218e+00,3.994382819710457611e+00,2.311144260778916326e+00,2.400805483482012281e+00,2.293372347638220621e+00,2.051017825781881854e+00,3.422849937217279592e+00,3.385342046453264420e+00,3.469268930208459167e+00,3.422849937217279592e+00,3.385342046453264420e+00,3.469268930208459167e+00,5.217451932145471538e+00,1.963083706965967679e+00,1.495041903026860242e+00,1.472606107343103377e+00,5.025969574489132619e+00,5.030702621528869045e+00,5.159823572262427938e+00,4.999987792953849208e+00,2.211527746095319102e+00,9.352464991030914332e-01,9.350833322775777834e-01,3.382549796312682489e+00,4.046537614923629178e+00,1.621119522528923440e+00,1.602147309931400754e+00,1.520181315800900101e+00,1.589031397115074240e+00,1.490013911425225324e+00,1.404520575951128336e+00,1.479715676508643218e+00,1.448061479394893825e+00,2.985562050641558329e+00,2.962506896952364688e+00,2.935772945634326891e+00,3.046257282468042504e+00,4.242803212958108361e+00,3.356619163101645320e+00,1.495910033751465695e+00,3.466089092949057093e+00,3.294207051954077592e+00,1.766089557115867237e+00,1.797801383547593224e+00,8.928511991757152044e-01,9.336272646187255830e-01,4.683447063586225312e+00,4.675451249817061061e+00,4.528748892810594562e+00,2.142057542117304703e+00,2.903626898427478231e+00,4.675635561714683419e+00,5.058710598599894581e+00,4.773534919316088754e+00,4.120930038640614690e+00,3.585602743997223119e+00,3.575175007878714339e+00,4.138117818265446779e+00,1.637026983545001091e+00,1.672531562641492942e+00,2.351455278068920407e+00,8.896832757654590251e-01,8.502964592700078539e-01,9.477784571555323279e-01,9.517948776945044376e-01,9.746227946041472467e-01,9.642905919727032815e-01,8.799673241167577098e-01,8.474412268251672042e-01,2.347734785326714313e+00,2.236130123213682097e+00,1.806430117642674027e+00,2.164879002023260224e+00,1.888357581062814150e+00,1.764445364534970029e+00,1.888486575354428876e+00,1.919572479546362676e+00,2.043827763015866772e+00,2.032930208814353268e+00,1.697681157693021747e+00,4.767529107067659311e+00,4.808013844451908270e+00,4.237241427332700816e+00,4.782164623021444072e+00,4.837786898032770289e+00,3.553822746070922189e+00,3.605428544602482521e+00,4.353924076799739140e+00,4.603674466324685355e+00,2.639936583666946834e+00,2.469348579671186705e+00,2.573935482599086111e+00,5.200098773171914601e+00,1.490098394825063455e+00,1.562050135201729750e+00,1.381970592384373253e+00,1.598876458733456518e+00,4.898899392953154575e+00,4.707294823805040274e+00,3.986224477381747011e+00,1.894424242191516505e+00,1.888123906771822291e+00,1.698770124137847670e+00,1.714727011904058962e+00,1.916040796170396243e+00,2.001364015746724512e+00
4.048632215537152135e+00,4.449792181706856198e+00,2.883188280047476404e+00,4.699740961389964333e+00,4.628405717488159432e+00,4.651922744310035718e+00,4.578011201200225422e+00,0.000000000000000000e+00,3.649166581620724159e-01,4.781044075523873893e+00,4.606055068271078135e+00,2.444633748346933810e-01,1.884155475861765960e-01,4.495366208434554700e+00,4.685598572687911911e+00,3.511989067241858553e+00,3.406920067578002254e+00,4.228872233017716198e+00,5.070937851229713189e+00,2.667097647217575584e+00,2.669147745056900334e+00,2.654142716065804208e+00,2.667097647217575584e+00,2.669147745056900334e+00,2.654142716065804208e+00,2.871441963415811927e+00,4.189895259338374700e+00,5.098014791373014276e+00,4.874422255714919494e+00,2.851363103555314193e+00,2.852663707175624896e+00,2.870014425000627423e+00,2.820164227610481689e+00,5.360585025400317782e+00,4.466562686623568368e+00,4.667725994260618627e+00,2.747220703273477227e+00,2.774121860778073323e+00,4.393654757168115488e+00,4.467109737368443412e+00,4.417431651149581917e+00,4.386193893382929865e+00,4.342261482442189902e+00,4.362762900451734538e+00,4.429681594856230475e+00,4.439195888370286447e+00,4.538056611609737168e+00,4.490289292271981481e+00,4.429717189631334762e+00,4.531810566721518718e+00,2.801081006282652996e+00,3.208236589076035372e+00,4.115958296674396166e+00,3.330995484636131376e+00,3.083888334109142537e+00,5.094099473568864056e+00,5.216403717652202232e+00,4.458475176019520703e+00,4.728445303371834996e+00,3.916878768913404141e+00,3.920541749818788890e+00,3.627093031902017817e+00,4.352365416276174237e+00,4.215182574563616669e+00,3.916180643306458098e+00,2.737094868581459117e+00,3.979926649934379057e+00,2.888565063958268730e+00,2.946340566754810819e+00,2.965657164792454559e+00,2.873554632515443963e+00,4.460907692388530243e+00,4.397702807254462165e+00,3.721777713409046839e+00,4.858715240964707860e+00,4.722796641513849814e+00,4.579243156865000941e+00,4.563354810252644889e+00,4.795942123206278218e+00,4.802179162805313872e+00,4.737931832231759621e+00,4.593185128100188308e+00,5.162003295043810169e+00,4.757476353312242168e+00,3.721203297409960253e+00,3.414465360139346650e+00,4.606894857125499065e+00,4.472227589798551506e+00,4.402163098529692675e+00,4.685765738210289300e+00,4.837733578690068370e+00,4.848935756110806850e+00,4.509177562667794348e+00,2.523483282700560437e+00,2.588310311038755529e+00,2.646886946900569360e+00,2.573327629785172377e+00,2.653636477958531081e+00,2.768260883002132466e+00,2.773531814291733344e+00,2.467299446233608862e+00,2.499462978268332414e+00,3.933446988117843546e+00,4.021595379843867946e+00,3.938965493707869303e+00,2.864886516693851082e+00,4.487259039460613330e+00,4.706604329458882852e+00,4.635333483068500016e+00,4.542371249426374824e+00,4.210178889614083708e+00,3.940348199843752841e+00,2.582143107988774666e+00,4.560475556601783609e+00,4.516573464560284634e+00,4.750037630548779255e+00,4.668409320586874856e+00,4.809928362646853195e+00,4.730851433662696337e+00
4.119592245790520302e+00,4.512271034662365565e+00,2.771222943190416732e+00,4.781704066324241609e+00,4.698162940385946840e+00,4.727218876600877806e+00,4.644685735871420640e+00,3.649166581620724159e-01,0.000000000000000000e+00,4.812354147546318295e+00,4.625687124693804719e+00,4.446436448855342616e-01,3.344161690331014514e-01,4.549920803720267415e+00,4.714256165426988332e+00,3.603855849413505119e+00,3.490315539575428172e+00,4.275519679964197906e+00,5.155841603144800445e+00,2.609727507733428986e+00,2.620675674999881632e+00,2.598542941891077263e+00,2.609727507733428986e+00,2.620675674999881632e+00,2.598542941891077263e+00,2.767929352786705266e+00,4.229184076612065191e+00,5.159813151533935383e+00,4.920083202052864202e+00,2.743996809536393577e+00,2.748933659684420494e+00,2.740025915739979112e+00,2.712566089138922276e+00,5.458883797869156673e+00,4.506522321197866887e+00,4.716399936621700206e+00,2.701717448099234531e+00,2.715816458151341983e+00,4.424404662742622563e+00,4.508524253663335202e+00,4.450120383604406094e+00,4.419735838630803215e+00,4.373806205376641998e+00,4.389551494018311573e+00,4.465832042461205020e+00,4.478817448145990809e+00,4.622788223201038882e+00,4.572888595307863291e+00,4.507311336082270969e+00,4.606930344455048676e+00,2.701869396831979131e+00,3.196584199981684193e+00,4.163626239096320347e+00,3.354928427448447437e+00,3.135094489545703578e+00,5.153464987863834779e+00,5.289468853086088274e+00,4.489110294381175592e+00,4.774320289930366279e+00,3.954956756111036587e+00,3.958078048237237745e+00,3.588597010855970382e+00,4.396621444052561500e+00,4.274249652140207800e+00,3.955546456876399830e+00,2.642589364054602541e+00,4.012611308617357153e+00,2.876246211854151635e+00,2.948923210318203925e+00,2.967415431741998066e+00,2.862918085037545080e+00,4.496805823463171592e+00,4.437413706666403002e+00,3.746850038019038820e+00,4.909394607581104353e+00,4.761587898974611655e+00,4.587726446165624417e+00,4.570225534632507802e+00,4.848634999497480891e+00,4.853179276125755948e+00,4.789424041303341539e+00,4.624081946418253430e+00,5.195238094705293186e+00,4.831248117020131794e+00,3.744481655552421184e+00,3.422434051758290963e+00,4.650078335603685886e+00,4.541114090234306566e+00,4.440807519612427257e+00,4.739705874756773518e+00,4.892781490076520967e+00,4.912043160972119793e+00,4.561665258919247457e+00,2.453454201210737207e+00,2.511332666070470676e+00,2.559923602508274776e+00,2.498685509380099479e+00,2.570651426398644634e+00,2.702834811228310041e+00,2.707592582708116868e+00,2.392325856780869398e+00,2.415825883902777527e+00,3.951447228307962245e+00,4.054158460531936292e+00,3.963441448736126471e+00,2.761204209451181057e+00,4.529816679864738127e+00,4.757735376212431255e+00,4.680977605082694559e+00,4.587830026213194579e+00,4.236602953177026620e+00,3.981103494678612797e+00,2.529740786851632173e+00,4.624887511703148490e+00,4.574000248303925709e+00,4.812931793979323025e+00,4.719590674286542331e+00,4.872272851168653496e+00,4.807990420087200789e+00
4.250808938026287009e+00,3.844896335365376228e+00,5.445006652611786180e+00,4.091849504044140495e+00,4.021462218834233937e+00,4.066198701161214402e+00,4.056030398260207726e+00,4.781044075523873893e+00,4.812354147546318295e+00,0.000000000000000000e+00,8.471100658753463186e-01,4.724917468798853548e+00,4.775589547085094644e+00,9.155294456821109206e-01,2.075888911574091389e-01,3.623485129643424507e+00,3.749149286565402583e+00,2.956438016466807817e+00,4.428632978957952382e+00,4.091492030531196811e+00,4.087481853844241009e+00,4.128065415211540135e+00,4.091492030531196811e+00,4.087481853844241009e+00,4.128065415211540135e+00,5.443422162832857403e+00,4.326819697982194235e+00,4.429506077266591291e+00,4.346302062959826351e+00,5.309914352387192338e+00,5.318638675846603547e+00,5.281640995758128732e+00,5.317258132673188697e+00,4.813415176104392401e+00,4.011377592920834623e+00,3.958693898541218559e+00,4.331778390549612112e+00,4.914568905364603779e+00,3.915663137450613895e+00,4.088092429160133712e+00,4.009671462729246905e+00,4.025500980622943814e+00,4.178868967470052986e+00,4.216166054467817226e+00,4.209774160964947498e+00,4.210375112911538764e+00,2.723733011315001118e+00,2.626485598830679891e+00,2.647131116338764745e+00,2.652844893789675140e+00,4.591936342250376057e+00,4.639040340159025888e+00,3.795655584178980302e+00,4.437224084679516345e+00,4.483194122611202204e+00,4.725653413903420308e+00,4.789803455847360780e+00,4.012007538030312404e+00,3.985894172334558672e+00,4.652002871867780165e+00,4.658952630284527885e+00,4.985654469403314692e+00,3.076754745657745094e+00,2.596263304698009478e+00,4.667633371718770796e+00,5.350017970979775050e+00,4.688810890609083515e+00,4.526721072852840422e+00,4.284659991693581915e+00,4.264259672150055636e+00,4.542252715676761810e+00,3.973402696676408663e+00,3.850744979583360816e+00,4.419168454351902753e+00,4.255851243907364356e+00,4.204896580200993661e+00,4.156048423940599257e+00,4.182431752364674793e+00,4.198793150497643012e+00,4.169457363897177693e+00,4.111560765848973453e+00,4.058144091886968674e+00,3.741221977540313492e+00,4.324163214923853360e+00,4.058778235958969027e+00,3.781482315583294618e+00,4.178831062122387863e+00,4.266881587655429797e+00,3.981853923461122768e+00,4.270144296460367528e+00,4.160892809404511006e+00,4.369163969972170491e+00,4.105563347733261814e+00,5.175888995396938697e+00,5.226899201287189989e+00,4.910141229922664330e+00,5.160732347824813715e+00,5.224126260624063711e+00,4.387856620938229035e+00,4.381493473796223448e+00,4.987609915973895802e+00,5.080785132010966265e+00,3.023453601762833287e+00,3.010766223243356521e+00,2.983145583025064163e+00,5.460411904589500764e+00,3.947919488746007399e+00,4.097050026227495145e+00,4.100511663855249900e+00,4.257223535335877607e+00,4.213935917583906843e+00,4.604656237017580978e+00,4.676443588839913623e+00,4.312719367156151229e+00,4.293189030512319704e+00,4.390985259167235810e+00,4.395391036923395056e+00,4.219195199448040334e+00,4.391754165512639752e+00
3.920068934717728659e+00,3.660965620001550125e+00,5.398795513936611279e+00,3.980052437602297211e+00,3.919442566143414464e+00,3.952513245531403818e+00,3.960109165112670748e+00,4.606055068271078135e+00,4.625687124693804719e+00,8.471100658753463186e-01,0.000000000000000000e+00,4.563698249829275966e+00,4.608450680375791642e+00,1.308695983146738406e+00,9.127104793301151764e-01,3.478932716807667358e+00,3.614339955097182866e+00,2.726739845124432016e+00,4.416338501397801153e+00,3.979454499940223489e+00,3.994215097287147742e+00,4.037293380406200782e+00,3.979454499940223489e+00,3.994215097287147742e+00,4.037293380406200782e+00,5.402835926109254672e+00,4.313882904833053367e+00,4.390347131787303958e+00,4.324033658312340656e+00,5.264294874480686559e+00,5.272828723679155338e+00,5.212927196526650597e+00,5.269416456376987412e+00,4.820829205539297391e+00,3.935442813118195993e+00,3.882732405516726271e+00,4.223382941660891454e+00,4.830837062394083503e+00,3.802718205209647984e+00,3.984083570691193010e+00,3.872692165103594153e+00,3.912671804667708919e+00,4.088213466884826452e+00,4.116790043614908967e+00,4.083572365870244525e+00,4.123867391349985034e+00,2.322747852643623823e+00,2.227978269473825268e+00,2.242914902438256419e+00,2.224717688777412938e+00,4.515182154096622824e+00,4.604436418110539719e+00,3.739843171019929802e+00,4.175373622165161613e+00,4.257685532182928334e+00,4.741225779157842268e+00,4.807913496693266175e+00,3.928586251367125470e+00,3.892068192181761699e+00,4.344400491129374764e+00,4.350833586200495873e+00,4.684921010530166186e+00,2.821870756535858948e+00,2.248571194505451398e+00,4.370924274742356452e+00,5.296647281416341002e+00,4.376198117991568992e+00,4.462352562288189439e+00,4.212333738229726343e+00,4.192788283029507568e+00,4.477549747522237666e+00,3.910469633123507815e+00,3.766426271016561245e+00,4.407922965026317641e+00,4.191683871808034922e+00,4.136789623617203482e+00,4.061115048382392345e+00,4.074318710108955521e+00,4.144978548553508446e+00,4.106225028462882065e+00,4.021861688636535703e+00,3.962448971090139160e+00,3.520008015148731406e+00,4.345483479100075819e+00,3.991457400215411955e+00,3.677514744986180695e+00,4.160363477819951861e+00,4.249262385111364893e+00,3.981861952576331909e+00,4.296292066789510145e+00,4.177914100028091937e+00,4.398941982931399153e+00,4.119318496697256471e+00,5.102205952365814312e+00,5.162799659634376148e+00,4.774105543474544078e+00,5.089662659977920001e+00,5.161324500631446988e+00,4.287770386622033136e+00,4.290572183403200235e+00,4.909890543228471849e+00,5.001479738254731799e+00,2.755238221662533071e+00,2.764649053487783004e+00,2.741903432919158945e+00,5.415014485893872020e+00,3.878945681326217532e+00,4.049915403887571763e+00,4.045114326727322407e+00,4.211844339804776460e+00,3.919929173666598210e+00,4.285166678184341826e+00,4.580799647610811931e+00,4.289837479588648250e+00,4.266234094399214527e+00,4.375168071814158566e+00,4.363359933825007531e+00,4.204557877220189255e+00,4.377759911520153757e+00
4.046318182816143860e+00,4.387247684289499183e+00,2.818804421361194024e+00,4.638272010490929631e+00,4.558559719417393907e+00,4.589333099126261750e+00,4.506013918651588845e+00,2.444633748346933810e-01,4.446436448855342616e-01,4.724917468798853548e+00,4.563698249829275966e+00,0.000000000000000000e+00,2.372088394794608368e-01,4.416409247643511726e+00,4.624446330075312694e+00,3.430971546837474850e+00,3.324138311446347416e+00,4.190144802382938849e+00,4.964784258031222919e+00,2.654944176355991114e+00,2.649517685148315760e+00,2.632406085056499201e+00,2.654944176355991114e+00,2.649517685148315760e+00,2.632406085056499201e+00,2.794245566457569385e+00,4.085852673422943226e+00,5.005023576163639909e+00,4.769417523921041457e+00,2.770863446469131741e+00,2.771558405176331785e+00,2.811143206750546852e+00,2.740491007704486393e+00,5.247402941475748150e+00,4.383291429619464274e+00,4.589896070497133884e+00,2.727585640002730738e+00,2.716168393648032087e+00,4.310487265652795053e+00,4.382670916459410648e+00,4.342109205618350565e+00,4.302898240515242279e+00,4.250751845590397870e+00,4.273155412307675149e+00,4.348758560870024326e+00,4.348716956696175195e+00,4.537296163781308955e+00,4.487536735905477414e+00,4.426822088317792669e+00,4.532714286445634677e+00,2.778745157034008262e+00,3.121019949660875703e+00,4.028704690581077053e+00,3.373150353978736415e+00,3.103335665848816038e+00,4.984272663246345658e+00,5.108915638025917971e+00,4.376916333334086140e+00,4.655520407894500501e+00,3.928109225211724453e+00,3.931469371115031919e+00,3.729133802686727783e+00,4.314798925714295130e+00,4.204811734209403795e+00,3.924730466011745467e+00,2.665590386950441371e+00,3.993490462750458381e+00,2.824714480960692331e+00,2.855714549954234016e+00,2.874047036517941134e+00,2.812536556268707688e+00,4.364181990866645933e+00,4.305821651863468880e+00,3.638215228555500946e+00,4.777701539550483822e+00,4.642207084113455728e+00,4.508106498830645847e+00,4.491596428505403971e+00,4.707930890489393505e+00,4.716770436587887971e+00,4.666657220740067835e+00,4.520299106865826921e+00,5.145052890197684192e+00,4.642447339650962235e+00,3.664353206433978105e+00,3.364434390937998121e+00,4.496995679905561261e+00,4.372517199154400735e+00,4.291434427680284713e+00,4.568406354892140975e+00,4.721356834238733313e+00,4.731722052304439430e+00,4.397123491398088113e+00,2.458493108229407920e+00,2.519154583786153534e+00,2.656265728901260115e+00,2.504668318536747318e+00,2.580682804049937218e+00,2.738076788482743940e+00,2.747028148706541106e+00,2.404530436280879258e+00,2.442989962522307934e+00,3.913490870778405295e+00,3.997862835292625316e+00,3.914772325379984874e+00,2.791411799635974411e+00,4.394703948326187160e+00,4.606962361677803486e+00,4.544203090384001165e+00,4.438731830407958157e+00,4.213818835982116262e+00,3.956133314745151175e+00,2.547827847475940377e+00,4.449967715583547978e+00,4.408643263895640985e+00,4.640487367938605168e+00,4.559166812355023524e+00,4.699013019113124301e+00,4.620387778536704459e+00
4.032714397526357075e+00,4.395061227963115158e+00,2.804065016435415725e+00,4.654218406664488050e+00,4.578215148226695064e+00,4.604759751834705206e+00,4.525234936699847665e+00,1.884155475861765960e-01,3.344161690331014514e-01,4.775589547085094644e+00,4.608450680375791642e+00,2.372088394794608368e-01,0.000000000000000000e+00,4.483242420389666805e+00,4.677508883526438233e+00,3.478970624645005394e+00,3.373025090964550277e+00,4.200148966044009669e+00,5.019881475761351908e+00,2.598738110510578014e+00,2.597298607003717841e+00,2.581668768681391946e+00,2.598738110510578014e+00,2.597298607003717841e+00,2.581668768681391946e+00,2.791343079163393970e+00,4.112677152735211727e+00,5.048428507401609089e+00,4.815895633077809990e+00,2.764877173072984640e+00,2.766790612880999145e+00,2.792032159604207919e+00,2.735077901789955579e+00,5.308290633647038348e+00,4.402809580368638009e+00,4.616540976812379071e+00,2.674046432105573690e+00,2.688211509496912122e+00,4.327839089587419252e+00,4.399532950578018742e+00,4.354257669147561849e+00,4.318517600002659940e+00,4.270996204066308088e+00,4.289445348946610004e+00,4.365584475314262747e+00,4.369859231255150966e+00,4.546183794981154769e+00,4.495952420749452116e+00,4.433297186300202419e+00,4.537333636716389229e+00,2.723633504458862209e+00,3.119598894617680251e+00,4.053059300120117392e+00,3.338954472948640895e+00,3.089057861459893584e+00,5.032044242803587863e+00,5.158558849056735340e+00,4.393174476400490747e+00,4.678554211789023753e+00,3.919116088149009247e+00,3.922615828045209252e+00,3.643829899692166752e+00,4.323124636420260458e+00,4.209451558323839215e+00,3.917268871016017062e+00,2.655009311744877643e+00,3.983087480174265949e+00,2.837334423063610611e+00,2.882572287627246599e+00,2.901868667255250944e+00,2.822924989142757468e+00,4.399093613839775152e+00,4.335986935314497082e+00,3.635102524823532910e+00,4.801011829602550129e+00,4.661092062542295800e+00,4.513674672019337031e+00,4.497786042885366875e+00,4.737113586226663564e+00,4.744111888409360489e+00,4.684243660600396097e+00,4.531964646282286679e+00,5.133609146701154202e+00,4.696465879751775319e+00,3.648835790689703540e+00,3.340491465492283929e+00,4.539023440533524578e+00,4.409225021231443442e+00,4.333676446877865018e+00,4.618451484036404153e+00,4.775436176777826169e+00,4.784885120477234466e+00,4.441092210884236557e+00,2.444737459486137077e+00,2.507227015683905602e+00,2.594437088516235779e+00,2.495359200548098233e+00,2.572593243556255072e+00,2.692180288385443987e+00,2.697500621476218274e+00,2.378170106236982217e+00,2.415589917972205125e+00,3.900744446068973748e+00,3.990074012762814704e+00,3.905461788035927029e+00,2.783014332830359372e+00,4.425654750246337699e+00,4.645370574393123952e+00,4.572726360664133516e+00,4.476442710626134414e+00,4.216761270671993245e+00,3.945635153001691098e+00,2.520103207736018369e+00,4.503996835112054953e+00,4.453065116817495728e+00,4.687266704263908679e+00,4.608808890024148397e+00,4.752866716492224697e+00,4.675282316763710533e+00
