0.000000000000000000e+00,1.456322908664249294e-01,1.172943619725688169e-01,1.876795795574204284e-01,3.982661156566711824e+00,3.982661156566711824e+00,3.962045792327189897e+00,3.987183196463126578e+00,3.999995613510758830e+00,3.999508702679364980e+00,3.977617036978573495e+00,3.919021704533057537e+00,1.925814692620024804e-01,3.990624356322530986e+00,3.998656787557312242e+00,3.928930501249774387e+00,3.991641764905540235e+00,3.973258226032601925e+00,3.949678127590777521e+00,3.999305482021135560e+00,3.999769439504945012e+00
1.456322908664249294e-01,0.000000000000000000e+00,1.077453007368811555e-02,3.542549854262255771e-02,3.975648958635839225e+00,3.975648958635839225e+00,3.990041680413546565e+00,3.981066873501075687e+00,3.995649082914883188e+00,3.997828805830190291e+00,3.999999969538258426e+00,3.921751793393797314e+00,1.703625035437805746e-01,3.986705380306952762e+00,3.999516408873968309e+00,3.919806409323887131e+00,3.986584564519294105e+00,3.985007101493647674e+00,3.917242442220206122e+00,3.999996314130352726e+00,3.998430542207026761e+00
1.172943619725688169e-01,1.077453007368811555e-02,0.000000000000000000e+00,3.734749906376899631e-02,3.976296285578885925e+00,3.976296285578885925e+00,3.968514724485668665e+00,3.981637530332366559e+00,3.997222410439765561e+00,3.998019552161975021e+00,3.998374751153472850e+00,3.931036165575852337e+00,1.966367098279060421e-01,3.994344064161326813e+00,3.998900431883514628e+00,3.940675869666883990e+00,3.990958921071172227e+00,3.992419788930970270e+00,3.924625957283326194e+00,3.999983885760132196e+00,3.998592071196679143e+00
1.876795795574204284e-01,3.542549854262255771e-02,3.734749906376899631e-02,0.000000000000000000e+00,3.998865437858537764e+00,3.998865437858537764e+00,3.987652295861588758e+00,3.999769439504945012e+00,3.992570842261253361e+00,3.994238645101775731e+00,3.980633177973685655e+00,3.938375866180923168e+00,2.813656781310993615e-01,3.999998507374828982e+00,3.999998050448830167e+00,3.977040543492704749e+00,3.999956013405818744e+00,3.999638094958682721e+00,3.947317106096775774e+00,3.984534168559695999e+00,3.993131004995523092e+00
3.982661156566711824e+00,3.975648958635839225e+00,3.976296285578885925e+00,3.998865437858537764e+00,0.000000000000000000e+00,0.000000000000000000e+00,3.944821298979313884e+00,3.763266279878173748e+00,3.732574168894774225e+00,3.415940294307175495e+00,3.998578945281178409e+00,3.973936593314762344e+00,3.892509663792051544e+00,3.832445851123124303e+00,3.957734777523369996e+00,3.173027453482299975e+00,1.308093386943190772e+00,3.961910310698383064e+00,3.864521343243377594e+00,3.834259310517134089e+00,3.961502431561219062e+00
3.982661156566711824e+00,3.975648958635839225e+00,3.976296285578885925e+00,3.998865437858537764e+00,0.000000000000000000e+00,0.000000000000000000e+00,3.944821298979313884e+00,3.763266279878173748e+00,3.732574168894774225e+00,3.415940294307175495e+00,3.998578945281178409e+00,3.973936593314762344e+00,3.892509663792051544e+00,3.832445851123124303e+00,3.957734777523369996e+00,3.173027453482299975e+00,1.308093386943190772e+00,3.961910310698383064e+00,3.864521343243377594e+00,3.834259310517134089e+00,3.961502431561219062e+00
3.962045792327189897e+00,3.990041680413546565e+00,3.968514724485668665e+00,3.987652295861588758e+00,3.944821298979313884e+00,3.944821298979313884e+00,0.000000000000000000e+00,3.331763332001668410e+00,3.470775721562032068e+00,3.934624054319365349e+00,3.984793038875401372e+00,3.995987429166570237e+00,3.922715705921928198e+00,3.999938315289579549e+00,3.977198491767705235e+00,3.955785717488120579e+00,3.922330843577703785e+00,3.999088379787023584e+00,3.954905525067811567e+00,3.469829190299920096e+00,3.927633571889178832e+00
3.987183196463126578e+00,3.981066873501075687e+00,3.981637530332366559e+00,3.999769439504945012e+00,3.763266279878173748e+00,3.763266279878173748e+00,3.331763332001668410e+00,0.000000000000000000e+00,1.808040075891925724e-02,3.982059818682985863e+00,3.953119418609601698e+00,3.996269596843734284e+00,3.977824863835109248e+00,3.989726112049641671e+00,3.999769439504945012e+00,3.990958921071172227e+00,3.990892493273590080e+00,3.981210352488129711e+00,3.950221343892044601e+00,4.744375916175616048e-01,3.959360798939580040e+00
3.999995613510758830e+00,3.995649082914883188e+00,3.997222410439765561e+00,3.992570842261253361e+00,3.732574168894774225e+00,3.732574168894774225e+00,3.470775721562032068e+00,1.808040075891925724e-02,0.000000000000000000e+00,3.999999725844328502e+00,3.989225469926312329e+00,3.961842480238139341e+00,3.998817926715343418e+00,3.999863258798465715e+00,3.997385459763260762e+00,3.981684692735849129e+00,3.981590307564752074e+00,3.986218849489001848e+00,3.873099773496384568e+00,5.744781031953247741e-01,3.887832530737612924e+00
3.999508702679364980e+00,3.997828805830190291e+00,3.998019552161975021e+00,3.994238645101775731e+00,3.415940294307175495e+00,3.415940294307175495e+00,3.934624054319365349e+00,3.982059818682985863e+00,3.999999725844328502e+00,0.000000000000000000e+00,3.482546730313122119e+00,3.989584283523452957e+00,3.971583109599131411e+00,3.943510860610225155e+00,3.531864487700445920e+00,3.991957525519981065e+00,1.925317274897521802e+00,3.997746741706354356e+00,3.983744501049795161e+00,3.999795178743009938e+00,3.952667536177705276e+00
3.977617036978573495e+00,3.999999969538258426e+00,3.998374751153472850e+00,3.980633177973685655e+00,3.998578945281178409e+00,3.998578945281178409e+00,3.984793038875401372e+00,3.953119418609601698e+00,3.989225469926312329e+00,3.482546730313122119e+00,0.000000000000000000e+00,3.999958298020153347e+00,3.996602772110819934e+00,3.294378046070572275e+00,2.687319389171231698e+00,3.683775471474755037e+00,3.385797239531505021e+00,3.995273104158622690e+00,3.998565758485481680e+00,3.989796662653912307e+00,3.935769824505237047e+00
3.919021704533057537e+00,3.921751793393797314e+00,3.931036165575852337e+00,3.938375866180923168e+00,3.973936593314762344e+00,3.973936593314762344e+00,3.995987429166570237e+00,3.996269596843734284e+00,3.961842480238139341e+00,3.989584283523452957e+00,3.999958298020153347e+00,0.000000000000000000e+00,3.983476927321085270e+00,3.998141847382525871e+00,3.996248256478549088e+00,3.876140922244374121e+00,3.968453000193330027e+00,3.998126773509190990e+00,3.994806420462639451e+00,3.996396362005386393e+00,3.989690745831183882e+00
1.925814692620024804e-01,1.703625035437805746e-01,1.966367098279060421e-01,2.813656781310993615e-01,3.892509663792051544e+00,3.892509663792051544e+00,3.922715705921928198e+00,3.977824863835109248e+00,3.998817926715343418e+00,3.971583109599131411e+00,3.996602772110819934e+00,3.983476927321085270e+00,0.000000000000000000e+00,3.969857484616615473e+00,3.999067181673425786e+00,3.942767078065462449e+00,3.947317106096775774e+00,3.996862012568705325e+00,3.934269505683789525e+00,3.970756352626468200e+00,3.954905525067811567e+00
3.990624356322530986e+00,3.986705380306952762e+00,3.994344064161326813e+00,3.999998507374828982e+00,3.832445851123124303e+00,3.832445851123124303e+00,3.999938315289579549e+00,3.989726112049641671e+00,3.999863258798465715e+00,3.943510860610225155e+00,3.294378046070572275e+00,3.998141847382525871e+00,3.969857484616615473e+00,0.000000000000000000e+00,9.777138328491197239e-01,3.659635089522619733e+00,3.991926222495974841e+00,3.999758717393384622e+00,3.985765209139627174e+00,3.999790152729268300e+00,3.990454799963662147e+00
3.998656787557312242e+00,3.999516408873968309e+00,3.998900431883514628e+00,3.999998050448830167e+00,3.957734777523369996e+00,3.957734777523369996e+00,3.977198491767705235e+00,3.999769439504945012e+00,3.997385459763260762e+00,3.531864487700445920e+00,2.687319389171231698e+00,3.996248256478549088e+00,3.999067181673425786e+00,9.777138328491197239e-01,0.000000000000000000e+00,3.989477275759906405e+00,3.727319204576785339e+00,3.999088379787023584e+00,3.998911974779000289e+00,3.999795178743009938e+00,3.954684136940455730e+00
3.928930501249774387e+00,3.919806409323887131e+00,3.940675869666883990e+00,3.977040543492704749e+00,3.173027453482299975e+00,3.173027453482299975e+00,3.955785717488120579e+00,3.990958921071172227e+00,3.981684692735849129e+00,3.991957525519981065e+00,3.683775471474755037e+00,3.876140922244374121e+00,3.942767078065462449e+00,3.659635089522619733e+00,3.989477275759906405e+00,0.000000000000000000e+00,3.625795024529217869e+00,3.965613374710689421e+00,3.971817164009406653e+00,3.992720378162161410e+00,3.917043578034751672e+00
3.991641764905540235e+00,3.986584564519294105e+00,3.990958921071172227e+00,3.999956013405818744e+00,1.308093386943190772e+00,1.308093386943190772e+00,3.922330843577703785e+00,3.990892493273590080e+00,3.981590307564752074e+00,1.925317274897521802e+00,3.385797239531505021e+00,3.968453000193330027e+00,3.947317106096775774e+00,3.991926222495974841e+00,3.727319204576785339e+00,3.625795024529217869e+00,0.000000000000000000e+00,3.983921674987463746e+00,3.994756019702143668e+00,3.992779767616752018e+00,3.989548674873693468e+00
3.973258226032601925e+00,3.985007101493647674e+00,3.992419788930970270e+00,3.999638094958682721e+00,3.961910310698383064e+00,3.961910310698383064e+00,3.999088379787023584e+00,3.981210352488129711e+00,3.986218849489001848e+00,3.997746741706354356e+00,3.995273104158622690e+00,3.998126773509190990e+00,3.996862012568705325e+00,3.999758717393384622e+00,3.999088379787023584e+00,3.965613374710689421e+00,3.983921674987463746e+00,0.000000000000000000e+00,3.990522804412616864e+00,3.993102069121173159e+00,3.994730728175897028e+00
3.949678127590777521e+00,3.917242442220206122e+00,3.924625957283326194e+00,3.947317106096775774e+00,3.864521343243377594e+00,3.864521343243377594e+00,3.954905525067811567e+00,3.950221343892044601e+00,3.873099773496384568e+00,3.983744501049795161e+00,3.998565758485481680e+00,3.994806420462639451e+00,3.934269505683789525e+00,3.985765209139627174e+00,3.998911974779000289e+00,3.971817164009406653e+00,3.994756019702143668e+00,3.990522804412616864e+00,0.000000000000000000e+00,3.897310831656114694e+00,3.999991196563026818e+00
3.999305482021135560e+00,3.999996314130352726e+00,3.999983885760132196e+00,3.984534168559695999e+00,3.834259310517134089e+00,3.834259310517134089e+00,3.469829190299920096e+00,4.744375916175616048e-01,5.744781031953247741e-01,3.999795178743009938e+00,3.989796662653912307e+00,3.996396362005386393e+00,3.970756352626468200e+00,3.999790152729268300e+00,3.999795178743009938e+00,3.992720378162161410e+00,3.992779767616752018e+00,3.993102069121173159e+00,3.897310831656114694e+00,0.000000000000000000e+00,3.996075344480895630e+00
3.999769439504945012e+00,3.998430542207026761e+00,3.998592071196679143e+00,3.993131004995523092e+00,3.961502431561219062e+00,3.961502431561219062e+00,3.927633571889178832e+00,3.959360798939580040e+00,3.887832530737612924e+00,3.952667536177705276e+00,3.935769824505237047e+00,3.989690745831183882e+00,3.954905525067811567e+00,3.990454799963662147e+00,3.954684136940455730e+00,3.917043578034751672e+00,3.989548674873693468e+00,3.994730728175897028e+00,3.999991196563026818e+00,3.996075344480895630e+00,0.000000000000000000e+00
