0.000000000000000000e+00,6.399059894179525365e+00,4.643648646032851879e+00,2.876470770090759022e+00,6.409425125409643265e+00,6.435305915917696851e+00,6.452428008856252006e+00,6.432760030603358992e+00,1.589324941503101885e+00,1.589324941503101885e+00,2.109420323767987160e+00,2.662942152964307141e+00,2.685654472276358895e+00,3.581407265929911876e+00,3.205445133190098606e+00,2.709690829725818428e+00,1.418135311828396139e+00,1.428210998661469278e+00,1.499681096533886926e+00,1.496129838638847964e+00,1.951265190244718450e+00,1.944732570144545480e+00,1.384491812327697691e+00,1.369301328551747021e+00,8.241391930121425347e+00,9.824230010555176307e+00,5.499587650447183229e+00,6.342885226232937157e+00,1.874628538847333603e+00,3.333322254798281037e+00,3.375117547142802987e+00,2.438213537388850050e+00,2.863172333897949784e+00,4.420847635249026908e+00,2.916401841992884769e+00,2.984726171154141294e+00,4.419212806993582099e+00,2.889348258477099751e+00,3.345146956929119675e+00,1.655597918279223313e+00,2.241862841770712933e+00,1.592014220207768815e+01,1.949200647304465850e+00,2.005388867726960900e+00,2.007209895206659045e+00,3.113261645170393166e+00,2.053009508388702997e+00,3.204364518173928200e+00
6.399059894179525365e+00,0.000000000000000000e+00,5.757203275626523009e+00,6.870826702989933921e+00,5.989809253136043621e-01,6.917459978622728656e-01,6.942478558648379483e-01,7.205335629526126162e-01,6.952801026072463308e+00,6.952801026072463308e+00,5.639179921691538588e+00,6.902835606060517826e+00,6.864330543722131139e+00,6.778953057760923606e+00,6.842666609899134222e+00,5.779959209786594165e+00,7.209620836704901059e+00,7.218670380828958066e+00,7.132624902748306184e+00,7.137277832849247439e+00,6.983361560121816858e+00,6.990797764233253275e+00,7.338775969037452107e+00,7.339332039682315845e+00,8.429034536722527449e+00,9.724953195807398032e+00,7.134574480313224498e+00,7.113007256867648342e-01,6.073023520871510428e+00,7.039218032930697255e+00,6.893415167277902711e+00,6.454701967576379040e+00,6.795941308444493956e+00,7.096093147913659749e+00,6.733963743605642094e+00,6.809734378065321003e+00,7.097574287071466870e+00,6.762832875970008928e+00,6.829503948020338555e+00,6.629124059566176008e+00,6.528488524501730339e+00,1.216190889600771818e+01,6.545222326455715667e+00,6.537365546220596180e+00,6.346996359930320963e+00,5.409000821452573327e+00,6.751127360825734058e+00,5.355850706941329697e+00
4.643648646032851879e+00,5.757203275626523009e+00,0.000000000000000000e+00,4.445253073457680948e+00,5.884802250031232695e+00,5.957554088223734112e+00,5.935154180412137492e+00,5.955242751496201414e+00,5.481260453217476680e+00,5.481260453217476680e+00,4.018838153542652947e+00,5.772903273131096746e+00,5.783087361113398828e+00,3.625060640025193237e+00,5.178092975782177199e+00,4.274484453848370613e+00,4.057719699805637958e+00,4.066307748266636324e+00,4.481279346020879295e+00,4.482072380637156961e+00,3.911344634452343261e+00,3.932611917703986659e+00,3.680171508411126169e+00,3.657461586600382564e+00,6.161939618374320915e+00,7.785802528211255513e+00,3.188059888547627008e+00,5.885132513247796737e+00,4.400497685809242832e+00,5.193165821773979118e+00,5.404984519011764910e+00,4.955540017149721699e+00,3.881884703899655786e+00,5.357213243294582483e+00,5.911595745982299199e+00,6.011125105212632214e+00,5.284805455375995109e+00,6.018128030395695660e+00,6.117643960460033448e+00,4.908014259696956927e+00,4.895439142901836682e+00,1.309988994988960798e+01,4.864510622100572057e+00,4.840139507773708161e+00,4.743421516554882089e+00,3.416239936665837362e+00,4.863099268683533261e+00,3.363462436593863458e+00
2.876470770090759022e+00,6.870826702989933921e+00,4.445253073457680948e+00,0.000000000000000000e+00,6.904027520824405073e+00,6.916265207918904423e+00,6.930676653085822814e+00,6.917170801136100167e+00,3.266470913633589657e+00,3.266470913633589657e+00,2.999231240002321108e+00,3.398609235962488651e+00,3.404733862874153250e+00,2.176550573356030416e+00,2.778072642464830100e+00,3.670428051840852302e+00,9.514733684619522958e-01,9.019159180753998362e-01,1.102130749567969525e+00,1.101246823428092547e+00,1.425441830977012714e+00,1.411055896684406230e+00,6.741438255523042322e-01,6.188200855758485552e-01,7.927536709109239688e+00,8.699223573612268723e+00,4.864392600176546289e+00,6.879574450262110119e+00,2.874946593742241596e+00,3.049203462242293661e+00,3.139110142909746326e+00,3.144046267433527220e+00,3.139090091779635827e+00,3.746897876660120197e+00,3.528314771523811455e+00,3.359799806216734019e+00,3.720457694702205220e+00,3.390303214137205146e+00,3.487276930152413801e+00,3.291375078895315553e+00,2.849437852263771553e+00,1.579060740009079211e+01,2.617037094121529073e+00,2.649317682343195202e+00,2.763325829290578461e+00,3.813715256414253574e+00,2.427272761951793090e+00,3.933472526371915023e+00
6.409425125409643265e+00,5.989809253136043621e-01,5.884802250031232695e+00,6.904027520824405073e+00,0.000000000000000000e+00,2.465718031168849245e-01,2.128709381520152155e-01,2.706992783486449894e-01,6.918252173400852634e+00,6.918252173400852634e+00,5.594993069587348877e+00,6.935499298009863978e+00,6.895590171867769236e+00,6.826511637645981345e+00,6.873276373068810230e+00,5.853220400463020390e+00,7.229476115907830902e+00,7.242492296265031548e+00,7.148845682440358118e+00,7.153509720557831741e+00,7.037773749735348083e+00,7.044638695132059425e+00,7.361123971871507798e+00,7.361650843578203762e+00,8.631743833337077731e+00,9.905702401317968864e+00,7.230428653319399324e+00,4.317765173022161673e-01,6.059960531477610601e+00,7.099045444848719022e+00,6.947873993780202539e+00,6.462213872186745256e+00,6.771827726458783836e+00,7.203730824577550429e+00,6.772267100799429507e+00,6.855733334904893006e+00,7.206806028408390574e+00,6.800283975842450701e+00,6.874829099438354518e+00,6.613051093344401998e+00,6.484615018148243593e+00,1.213220126840910496e+01,6.539397346190793492e+00,6.532433215565262685e+00,6.340307645343217224e+00,5.486971944023584236e+00,6.755994607366528903e+00,5.408505008051591290e+00
6.435305915917696851e+00,6.917459978622728656e-01,5.957554088223734112e+00,6.916265207918904423e+00,2.465718031168849245e-01,0.000000000000000000e+00,1.412890636284838408e-01,1.327181368679599405e-01,6.932436633200468101e+00,6.932436633200468101e+00,5.609780979606972195e+00,6.933117281164007828e+00,6.890456978269638988e+00,6.851681367893480257e+00,6.863462442471638170e+00,5.865844735453642933e+00,7.254028604133246461e+00,7.268866184538270936e+00,7.165198142100810408e+00,7.169701913318387909e+00,7.067079849602738051e+00,7.073709938615880155e+00,7.365502871234575366e+00,7.365741296161196772e+00,8.690210466496708364e+00,9.922768860449695083e+00,7.277469554065586266e+00,4.397547047327054481e-01,6.063621181361405377e+00,7.101745133102628671e+00,6.939493253824305263e+00,6.474435859760172107e+00,6.811186777634586242e+00,7.221491041421302270e+00,6.789004625220808720e+00,6.865485803984087809e+00,7.227057098783849831e+00,6.806595229403858305e+00,6.876269414056396911e+00,6.634017852786782576e+00,6.481113284516656137e+00,1.209072530610692375e+01,6.543838853059757987e+00,6.538151794967975938e+00,6.345112471068405924e+00,5.522070212332657491e+00,6.770564084690605888e+00,5.469354737769218211e+00
6.452428008856252006e+00,6.942478558648379483e-01,5.935154180412137492e+00,6.930676653085822814e+00,2.128709381520152155e-01,1.412890636284838408e-01,0.000000000000000000e+00,1.628613095696087587e-01,6.946201675189279001e+00,6.946201675189279001e+00,5.630179838895960742e+00,6.967958687643395876e+00,6.926321009705815435e+00,6.844940500049562004e+00,6.890604239711498380e+00,5.900723894614011478e+00,7.277553072785766020e+00,7.291966488441556926e+00,7.184650093438388119e+00,7.189256618013537548e+00,7.085793718327531465e+00,7.092659515153440175e+00,7.399650861672115276e+00,7.400203107816150983e+00,8.714605249625943628e+00,9.948230252474557389e+00,7.241218773701930012e+00,4.078234864724511466e-01,6.084871210946752207e+00,7.129576167153429900e+00,6.975598173572671534e+00,6.499171864500615570e+00,6.794939559207370472e+00,7.252457300932937834e+00,6.813969724811267170e+00,6.901566656524670940e+00,7.255328095034817792e+00,6.839130671620908153e+00,6.911073959076278861e+00,6.643401878042874742e+00,6.491890176329497386e+00,1.209384546891151047e+01,6.555910416964501941e+00,6.550313042301752375e+00,6.353579267856776625e+00,5.534294023572967625e+00,6.774123987523394064e+00,5.458238712490439681e+00
6.432760030603358992e+00,7.205335629526126162e-01,5.955242751496201414e+00,6.917170801136100167e+00,2.706992783486449894e-01,1.327181368679599405e-01,1.628613095696087587e-01,0.000000000000000000e+00,6.920722262666151536e+00,6.920722262666151536e+00,5.606938505050155008e+00,6.943068460414033360e+00,6.900740276928910788e+00,6.845267071080138876e+00,6.868577211131388083e+00,5.880866185960021753e+00,7.256690084652955619e+00,7.271415213516332798e+00,7.161576302932781246e+00,7.166078419390942145e+00,7.063270438533455042e+00,7.069725127004177878e+00,7.370707292676747180e+00,7.370781442864800859e+00,8.718101934439955514e+00,9.946807533200743734e+00,7.264541774930269646e+00,4.279817884617087564e-01,6.064239566992625896e+00,7.114971665991462579e+00,6.952459479210115312e+00,6.479757038789207613e+00,6.790204723569701173e+00,7.235171972417724362e+00,6.792880864422135900e+00,6.873733681317577116e+00,7.240224364371282917e+00,6.813389151407369226e+00,6.883662367277314509e+00,6.618001444184971938e+00,6.469833799229191662e+00,1.208737164244800866e+01,6.533004306111536152e+00,6.528373997652298755e+00,6.334007561917935902e+00,5.535006179875040289e+00,6.760039034397806290e+00,5.454139243519119162e+00
1.589324941503101885e+00,6.952801026072463308e+00,5.481260453217476680e+00,3.266470913633589657e+00,6.918252173400852634e+00,6.932436633200468101e+00,6.946201675189279001e+00,6.920722262666151536e+00,0.000000000000000000e+00,0.000000000000000000e+00,2.491847861175442880e+00,3.195914139569459689e+00,3.217974671249332008e+00,3.992361165727908556e+00,3.849780554524266041e+00,3.757854374198215996e+00,1.491995487874480553e+00,1.477470697240395259e+00,1.392182344435168195e+00,1.387003278214644419e+00,2.112577210700860242e+00,2.101917336156945204e+00,1.401189217248755448e+00,1.385922078794271650e+00,9.364312639683047834e+00,1.092188617667525463e+01,6.041347451382043765e+00,6.805308614735769090e+00,2.528169334975371996e+00,4.007389871722537578e+00,4.094097792433491811e+00,3.169316805796310810e+00,2.823348759500575511e+00,5.402747105389075877e+00,3.142370848994800792e+00,3.354946890807173343e+00,5.406480023556656356e+00,3.141364015391604703e+00,3.623876200146641136e+00,1.385296374192060975e+00,1.959140394849474998e+00,1.638990256987514726e+01,1.618506883900603821e+00,1.727380274089311829e+00,1.843791961192432716e+00,4.211781489733381179e+00,1.824847029454305547e+00,3.847416315488551231e+00
1.589324941503101885e+00,6.952801026072463308e+00,5.481260453217476680e+00,3.266470913633589657e+00,6.918252173400852634e+00,6.932436633200468101e+00,6.946201675189279001e+00,6.920722262666151536e+00,0.000000000000000000e+00,0.000000000000000000e+00,2.491847765496012723e+00,3.195914139569459689e+00,3.217974819428604860e+00,3.992361046290526794e+00,3.849780554524266041e+00,3.757854374198215996e+00,1.491995381342171134e+00,1.477470804820000261e+00,1.392182449823029744e+00,1.387003278214644419e+00,2.112577141250556956e+00,2.101917266354424996e+00,1.401189279123099096e+00,1.385922141350215187e+00,9.364312639683047834e+00,1.092188617667525463e+01,6.041347451382043765e+00,6.805310296377415469e+00,2.528169334975371996e+00,4.007390109701450598e+00,4.094097792433491811e+00,3.169316805796310810e+00,2.823348759500575511e+00,5.402747281905630139e+00,3.142370848994800792e+00,3.354947175066300691e+00,5.406480023556656356e+00,3.141363863598572337e+00,3.623876463310785834e+00,1.385296374192060975e+00,1.959140394849474998e+00,1.638990256987514726e+01,1.618507031208329616e+00,1.727380205077702957e+00,1.843791961192432716e+00,4.211781716163526035e+00,1.824847029454305547e+00,3.847416439425529244e+00
2.109420323767987160e+00,5.639179921691538588e+00,4.018838153542652947e+00,2.999231240002321108e+00,5.594993069587348877e+00,5.609780979606972195e+00,5.630179838895960742e+00,5.606938505050155008e+00,2.491847861175442880e+00,2.491847765496012723e+00,0.000000000000000000e+00,3.394747008390546217e+00,3.397076494264699598e+00,3.389808099317026535e+00,3.542230060121466018e+00,2.766070917247854144e+00,1.595762640015566225e+00,1.624439827639491130e+00,1.924630332916404729e+00,1.930052497913015586e+00,2.039478784549548784e+00,2.036327701341092755e+00,1.527617439985075265e+00,1.532840391189345564e+00,7.909549276756528968e+00,9.612470522117309457e+00,5.236228682965680115e+00,5.537255082408273132e+00,1.699303144792659426e+00,3.730272921070766579e+00,3.783271690460241032e+00,2.839028095715024236e+00,2.663074209413347937e+00,4.709243393889883222e+00,3.716963651506575150e+00,3.752302098961398436e+00,4.705827817180128214e+00,3.670417398940655662e+00,3.901973611348450444e+00,2.205524409554919796e+00,2.073999770507505502e+00,1.441975031748989799e+01,2.063345302409438808e+00,2.035035816224232796e+00,2.051223561862169475e+00,2.884426089213544486e+00,2.452914089199150549e+00,3.129206458463931639e+00
2.662942152964307141e+00,6.902835606060517826e+00,5.772903273131096746e+00,3.398609235962488651e+00,6.935499298009863978e+00,6.933117281164007828e+00,6.967958687643395876e+00,6.943068460414033360e+00,3.195914139569459689e+00,3.195914139569459689e+00,3.394747008390546217e+00,0.000000000000000000e+00,1.269728865281783414e-01,4.173117234807133258e+00,2.354955512920461125e+00,2.426866764562536360e+00,2.698397049916374968e+00,2.698741143715506219e+00,3.078327474671287423e+00,3.077585002419167104e+00,2.818139211658298837e+00,2.802411732216464113e+00,2.137337836969454230e+00,2.116838745753628181e+00,7.982971050909879018e+00,9.321414239681356406e+00,6.201805147290660791e+00,6.893676912364715470e+00,2.230124639098520767e+00,1.859268313640980441e+00,1.744350920469641686e+00,1.691168224334124837e+00,4.323781833095878824e+00,3.425657089575856684e+00,2.615422533373177760e+00,2.428252553842058514e+00,3.472819647361576667e+00,2.466182097531241624e+00,2.408319747340898598e+00,3.515315470314856583e+00,3.602444158117307449e+00,1.646374968562561492e+01,3.401136847776020211e+00,3.416578400254835390e+00,3.425610041064566680e+00,3.232677069325963437e+00,3.446342885090833530e+00,4.389755651673164394e+00
2.685654472276358895e+00,6.864330543722131139e+00,5.783087361113398828e+00,3.404733862874153250e+00,6.895590171867769236e+00,6.890456978269638988e+00,6.926321009705815435e+00,6.900740276928910788e+00,3.217974671249332008e+00,3.217974819428604860e+00,3.397076494264699598e+00,1.269728865281783414e-01,0.000000000000000000e+00,4.190885171914152885e+00,2.357015579469939226e+00,2.414710689298553703e+00,2.704257735103634541e+00,2.706389526811196600e+00,3.077077619632968108e+00,3.076373762834801351e+00,2.841591952117816788e+00,2.826319360071094522e+00,2.118427332038645527e+00,2.097157080706138821e+00,8.000270293982929104e+00,9.319057127447438305e+00,6.226658685149496719e+00,6.853674533726985096e+00,2.233254318357823731e+00,1.892154799792277409e+00,1.736268049988048956e+00,1.697595421604954025e+00,4.360625713141111248e+00,3.427154787626974564e+00,2.611410386495304881e+00,2.414258239118965754e+00,3.475174736185431712e+00,2.450657569456735629e+00,2.390671872944791332e+00,3.536390495866910566e+00,3.610233353445869486e+00,1.642987448379887638e+01,3.403505812286798271e+00,3.417162851420019631e+00,3.425377016130738195e+00,3.232941535598071070e+00,3.464067202209117013e+00,4.416080627907807532e+00
3.581407265929911876e+00,6.778953057760923606e+00,3.625060640025193237e+00,2.176550573356030416e+00,6.826511637645981345e+00,6.851681367893480257e+00,6.844940500049562004e+00,6.845267071080138876e+00,3.992361165727908556e+00,3.992361046290526794e+00,3.389808099317026535e+00,4.173117234807133258e+00,4.190885171914152885e+00,0.000000000000000000e+00,2.949762923202572384e+00,4.036001081922100830e+00,1.120253510564791499e+00,1.060126364691288181e+00,1.903826603051780086e+00,1.908604133962314098e+00,1.411027094414650351e+00,1.405145977967382498e+00,6.621382797286715638e-01,6.337314701911143100e-01,7.416152046355655614e+00,8.038177945747406739e+00,3.604154833000616343e+00,6.789836738432692975e+00,3.381482433290948553e+00,3.378732383532506045e+00,3.567009330641058185e+00,3.381114789194889614e+00,2.516000091831708918e+00,3.767415107929969587e+00,4.401333277444531511e+00,4.348144065175788775e+00,3.696292029597554318e+00,4.381029170806670869e+00,4.431803956264615429e+00,3.916908554291338440e+00,3.745013927642633522e+00,1.503275368215115648e+01,3.633486843074286377e+00,3.679599121069095702e+00,3.665287943479770494e+00,3.753574702043805278e+00,3.459626718131393108e+00,3.327105298782930376e+00
3.205445133190098606e+00,6.842666609899134222e+00,5.178092975782177199e+00,2.778072642464830100e+00,6.873276373068810230e+00,6.863462442471638170e+00,6.890604239711498380e+00,6.868577211131388083e+00,3.849780554524266041e+00,3.849780554524266041e+00,3.542230060121466018e+00,2.354955512920461125e+00,2.357015579469939226e+00,2.949762923202572384e+00,0.000000000000000000e+00,3.112705306670047634e+00,1.977157402727953484e+00,1.986341408254093999e+00,2.854577958924966463e+00,2.858704997165204098e+00,2.279387699746844742e+00,2.263145194607495636e+00,1.763181608465987260e+00,1.754988557886438816e+00,7.394559107514879770e+00,8.096006336677092463e+00,5.168955552281799370e+00,6.856948179932903287e+00,2.594375075430100264e+00,1.865146303344495937e+00,1.415291520812036241e+00,1.793466802165903262e+00,3.862243204314676603e+00,2.268321464987749447e+00,3.357500413793792493e+00,3.124554411591530023e+00,2.295732901904044443e+00,3.255625917226215638e+00,3.229691362309464964e+00,4.091675210750901570e+00,3.980695633790887644e+00,1.599770020804911219e+01,3.827946374579361155e+00,3.882456834188364514e+00,3.849285574678086075e+00,3.451545181334577883e+00,3.790797263159935593e+00,4.015399377325228336e+00
2.709690829725818428e+00,5.779959209786594165e+00,4.274484453848370613e+00,3.670428051840852302e+00,5.853220400463020390e+00,5.865844735453642933e+00,5.900723894614011478e+00,5.880866185960021753e+00,3.757854374198215996e+00,3.757854374198215996e+00,2.766070917247854144e+00,2.426866764562536360e+00,2.414710689298553703e+00,4.036001081922100830e+00,3.112705306670047634e+00,0.000000000000000000e+00,2.653276641789583667e+00,2.684286991404175371e+00,3.149012685458584482e+00,3.153756102802583783e+00,2.815564903204800018e+00,2.815064602624087975e+00,2.090002217600650969e+00,2.089417819143327026e+00,6.869658220514705427e+00,8.595337211380583042e+00,5.175865639052600997e+00,5.822418282550852808e+00,1.933871840699220135e+00,2.618020087512581640e+00,2.665194721086276086e+00,2.229678038889133518e+00,4.147097728643834635e+00,3.718705890297746564e+00,3.483350115527256374e+00,3.458832317954015245e+00,3.750822612818040191e+00,3.459927448107400938e+00,3.550118731810068873e+00,3.454003131770054580e+00,3.603302045245785568e+00,1.464141776246590432e+01,3.529057995512876023e+00,3.461483742208072201e+00,3.361128096804685050e+00,1.311422450650603588e+00,3.713957703957091017e+00,3.489359348377488956e+00
1.418135311828396139e+00,7.209620836704901059e+00,4.057719699805637958e+00,9.514733684619522958e-01,7.229476115907830902e+00,7.254028604133246461e+00,7.277553072785766020e+00,7.256690084652955619e+00,1.491995487874480553e+00,1.491995381342171134e+00,1.595762640015566225e+00,2.698397049916374968e+00,2.704257735103634541e+00,1.120253510564791499e+00,1.977157402727953484e+00,2.653276641789583667e+00,0.000000000000000000e+00,1.097792918972363280e-01,3.382656096733123174e-01,3.350921907538953470e-01,6.448911028366913767e-01,6.618021774695012072e-01,3.035654066667333728e-01,3.649852090073811839e-01,6.817458655028341141e+00,6.756191851671216497e+00,3.806609559262667641e+00,7.174427650299011638e+00,1.471689461732776483e+00,2.603572523368631764e+00,2.694634600174699024e+00,1.819721786417965781e+00,9.742641818729279590e-01,3.187994027343158177e+00,3.098384789143377560e+00,3.000607111217440170e+00,3.181943450872816381e+00,2.896998731267666827e+00,3.190097423727992876e+00,8.584901357834626712e-01,1.336754443139674731e+00,1.546687244688958707e+01,7.615162115544258370e-01,7.208260669966769507e-01,9.153737284319725109e-01,3.093538424774292750e+00,1.026907979505659485e+00,3.207022527139984813e+00
1.428210998661469278e+00,7.218670380828958066e+00,4.066307748266636324e+00,9.019159180753998362e-01,7.242492296265031548e+00,7.268866184538270936e+00,7.291966488441556926e+00,7.271415213516332798e+00,1.477470697240395259e+00,1.477470804820000261e+00,1.624439827639491130e+00,2.698741143715506219e+00,2.706389526811196600e+00,1.060126364691288181e+00,1.986341408254093999e+00,2.684286991404175371e+00,1.097792918972363280e-01,0.000000000000000000e+00,2.996382028437023504e-01,2.965351133359884761e-01,6.054795459071951047e-01,6.179726993966685455e-01,2.972355437401633105e-01,3.584821866362992160e-01,6.822910578678899718e+00,6.761540096691482482e+00,3.817038914103096037e+00,7.186860960042595003e+00,1.522063432812791550e+00,2.603407441410119372e+00,2.699174349723764355e+00,1.833529750821519588e+00,9.682947134916638499e-01,3.171376055982684683e+00,3.057380497349740267e+00,2.957351915785548790e+00,3.162361497824042633e+00,2.852698698085822659e+00,3.150627138388958137e+00,8.479332537204167242e-01,1.349948809088788115e+00,1.549286816428662128e+01,7.454434101928782974e-01,7.111824927001346719e-01,9.118002695196877339e-01,3.119870668322734630e+00,9.999580771877468743e-01,3.204817558884444306e+00
1.499681096533886926e+00,7.132624902748306184e+00,4.481279346020879295e+00,1.102130749567969525e+00,7.148845682440358118e+00,7.165198142100810408e+00,7.184650093438388119e+00,7.161576302932781246e+00,1.392182344435168195e+00,1.392182449823029744e+00,1.924630332916404729e+00,3.078327474671287423e+00,3.077077619632968108e+00,1.903826603051780086e+00,2.854577958924966463e+00,3.149012685458584482e+00,3.382656096733123174e-01,2.996382028437023504e-01,0.000000000000000000e+00,4.415512210448568203e-02,6.471615535950968612e-01,6.394011740300553637e-01,3.013927724176360123e-01,3.572766103098900525e-01,8.305856268161385003e+00,8.105730489865731414e+00,4.344853829336757123e+00,7.070640199056888342e+00,2.088455250118984363e+00,3.250364926407912858e+00,3.375471902661174362e+00,2.783215407783288242e+00,1.484338674988859630e+00,4.036220881921882331e+00,3.140241901026916693e+00,3.085112779280103190e+00,4.054307683781736671e+00,2.955202693797124525e+00,3.268922513350119186e+00,7.380109516529610447e-01,1.212248485836860956e+00,1.564618680768875869e+01,6.685073335474793765e-01,6.314702448015804270e-01,8.680438956757309255e-01,3.667709860200883298e+00,9.502731316708782350e-01,3.334612517786744057e+00
1.496129838638847964e+00,7.137277832849247439e+00,4.482072380637156961e+00,1.101246823428092547e+00,7.153509720557831741e+00,7.169701913318387909e+00,7.189256618013537548e+00,7.166078419390942145e+00,1.387003278214644419e+00,1.387003278214644419e+00,1.930052497913015586e+00,3.077585002419167104e+00,3.076373762834801351e+00,1.908604133962314098e+00,2.858704997165204098e+00,3.153756102802583783e+00,3.350921907538953470e-01,2.965351133359884761e-01,4.415512210448568203e-02,0.000000000000000000e+00,6.492464159882627150e-01,6.416989450469126055e-01,2.975262612247864813e-01,3.431742709809568748e-01,8.304982039425508944e+00,8.104309825048929383e+00,4.353803390869431134e+00,7.075399917452512177e+00,2.094175100694791958e+00,3.254143415553528484e+00,3.376714113546985363e+00,2.787379994593905508e+00,1.487060588498813063e+00,4.038908769485535899e+00,3.138523734671757826e+00,3.081164722926167610e+00,4.057325546149815665e+00,2.952179486850541767e+00,3.265763376369865245e+00,7.253993262689574228e-01,1.207861115779933492e+00,1.564912850550377676e+01,6.594421664027030339e-01,6.318572715066537171e-01,8.636144678108220729e-01,3.674262087211094041e+00,9.427169797246562899e-01,3.336959470665501470e+00
1.951265190244718450e+00,6.983361560121816858e+00,3.911344634452343261e+00,1.425441830977012714e+00,7.037773749735348083e+00,7.067079849602738051e+00,7.085793718327531465e+00,7.063270438533455042e+00,2.112577210700860242e+00,2.112577141250556956e+00,2.039478784549548784e+00,2.818139211658298837e+00,2.841591952117816788e+00,1.411027094414650351e+00,2.279387699746844742e+00,2.815564903204800018e+00,6.448911028366913767e-01,6.054795459071951047e-01,6.471615535950968612e-01,6.492464159882627150e-01,0.000000000000000000e+00,6.612887862225159952e-02,6.108532029448521250e-01,7.056606617356975253e-01,6.969300410524676082e+00,6.898138714236860203e+00,3.946980113339711327e+00,6.979527309018264347e+00,1.950123369576719945e+00,2.598360251082121319e+00,2.792766916288476065e+00,2.177366827706423535e+00,1.529805698475550368e+00,3.212713756602972648e+00,3.255431022030372379e+00,3.119529184335124938e+00,3.203658492157833049e+00,3.098842221012093390e+00,3.272744312849640291e+00,1.632367828551305022e+00,1.825164182973464611e+00,1.539954892413285492e+01,1.511667358762353919e+00,1.517090442148581575e+00,1.581979221455717566e+00,3.100865431168053910e+00,1.508950307034557348e+00,3.148726224175531385e+00
1.944732570144545480e+00,6.990797764233253275e+00,3.932611917703986659e+00,1.411055896684406230e+00,7.044638695132059425e+00,7.073709938615880155e+00,7.092659515153440175e+00,7.069725127004177878e+00,2.101917336156945204e+00,2.101917266354424996e+00,2.036327701341092755e+00,2.802411732216464113e+00,2.826319360071094522e+00,1.405145977967382498e+00,2.263145194607495636e+00,2.815064602624087975e+00,6.618021774695012072e-01,6.179726993966685455e-01,6.394011740300553637e-01,6.416989450469126055e-01,6.612887862225159952e-02,0.000000000000000000e+00,6.076072893829947974e-01,7.022753581631597797e-01,6.972338675837320920e+00,6.899820321591889183e+00,3.964087147163454006e+00,6.986276441612499610e+00,1.946874538788491815e+00,2.582636004690238352e+00,2.776449982298750285e+00,2.167260338823991717e+00,1.536730911632222307e+00,3.193654834088034633e+00,3.237994167589242078e+00,3.097189579201315546e+00,3.183797443636981139e+00,3.077127589251598572e+00,3.250833799408422653e+00,1.621169954476264774e+00,1.810489095548260652e+00,1.541222526689630357e+01,1.508370786829542176e+00,1.516014732693407696e+00,1.581391857229266229e+00,3.107382827363691646e+00,1.504570282972266027e+00,3.154428739578202023e+00
1.384491812327697691e+00,7.338775969037452107e+00,3.680171508411126169e+00,6.741438255523042322e-01,7.361123971871507798e+00,7.365502871234575366e+00,7.399650861672115276e+00,7.370707292676747180e+00,1.401189217248755448e+00,1.401189279123099096e+00,1.527617439985075265e+00,2.137337836969454230e+00,2.118427332038645527e+00,6.621382797286715638e-01,1.763181608465987260e+00,2.090002217600650969e+00,3.035654066667333728e-01,2.972355437401633105e-01,3.013927724176360123e-01,2.975262612247864813e-01,6.108532029448521250e-01,6.076072893829947974e-01,0.000000000000000000e+00,1.371643088750968964e-01,5.737999980536208078e+00,5.761595602497519231e+00,3.457344819176427109e+00,7.313423009564836264e+00,1.093354151048979039e+00,1.922499144396448978e+00,1.893272924432316096e+00,1.584861790303744522e+00,8.784444316209197856e-01,2.538244924096161537e+00,2.734841934563861710e+00,2.509320588085007131e+00,2.494676644388726050e+00,2.396823040339230992e+00,2.591318551399609316e+00,8.198960076765071658e-01,8.599699120772645866e-01,1.510892498683518248e+01,6.099153625964335301e-01,5.852867257876933627e-01,8.356149159618845301e-01,2.639343180432294655e+00,8.958740332661492278e-01,3.293606144670718550e+00
1.369301328551747021e+00,7.339332039682315845e+00,3.657461586600382564e+00,6.188200855758485552e-01,7.361650843578203762e+00,7.365741296161196772e+00,7.400203107816150983e+00,7.370781442864800859e+00,1.385922078794271650e+00,1.385922141350215187e+00,1.532840391189345564e+00,2.116838745753628181e+00,2.097157080706138821e+00,6.337314701911143100e-01,1.754988557886438816e+00,2.089417819143327026e+00,3.649852090073811839e-01,3.584821866362992160e-01,3.572766103098900525e-01,3.431742709809568748e-01,7.056606617356975253e-01,7.022753581631597797e-01,1.371643088750968964e-01,0.000000000000000000e+00,5.723356132543376162e+00,5.746580773386006591e+00,3.480597082752905802e+00,7.314168009182473007e+00,1.100992494305721214e+00,1.927924784939740066e+00,1.868749291108722677e+00,1.589197794019940213e+00,8.557842301581126687e-01,2.528176099194576754e+00,2.720579163808704681e+00,2.490587583573887098e+00,2.482594885587377398e+00,2.377742589212852753e+00,2.573304803312476796e+00,7.863339443083622315e-01,8.391164586334660669e-01,1.511352870775054846e+01,5.911758694282986948e-01,5.990755089695837254e-01,8.425721446807514781e-01,2.648418382456476650e+00,8.863136304074187288e-01,3.319717735834531336e+00
8.241391930121425347e+00,8.429034536722527449e+00,6.161939618374320915e+00,7.927536709109239688e+00,8.631743833337077731e+00,8.690210466496708364e+00,8.714605249625943628e+00,8.718101934439955514e+00,9.364312639683047834e+00,9.364312639683047834e+00,7.909549276756528968e+00,7.982971050909879018e+00,8.000270293982929104e+00,7.416152046355655614e+00,7.394559107514879770e+00,6.869658220514705427e+00,6.817458655028341141e+00,6.822910578678899718e+00,8.305856268161385003e+00,8.304982039425508944e+00,6.969300410524676082e+00,6.972338675837320920e+00,5.737999980536208078e+00,5.723356132543376162e+00,0.000000000000000000e+00,5.455436850450021691e-01,7.090865512019136396e+00,8.707965640555675790e+00,7.873610047314785199e+00,7.069027976250897183e+00,7.047227011520014628e+00,7.791810495065676356e+00,8.451554927465377176e+00,6.158532707683474605e+00,8.822355099278642143e+00,8.430374285209861540e+00,6.164303320594502367e+00,8.729548504352544924e+00,8.526813689066862878e+00,8.880203533024817020e+00,9.083958968801818301e+00,1.354732929481436265e+01,9.101005405237417634e+00,9.133851657091328846e+00,9.024919675734505375e+00,6.602344694256317759e+00,9.073282436434841003e+00,7.095738798952339721e+00
9.824230010555176307e+00,9.724953195807398032e+00,7.785802528211255513e+00,8.699223573612268723e+00,9.905702401317968864e+00,9.922768860449695083e+00,9.948230252474557389e+00,9.946807533200743734e+00,1.092188617667525463e+01,1.092188617667525463e+01,9.612470522117309457e+00,9.321414239681356406e+00,9.319057127447438305e+00,8.038177945747406739e+00,8.096006336677092463e+00,8.595337211380583042e+00,6.756191851671216497e+00,6.761540096691482482e+00,8.105730489865731414e+00,8.104309825048929383e+00,6.898138714236860203e+00,6.899820321591889183e+00,5.761595602497519231e+00,5.746580773386006591e+00,5.455436850450021691e-01,0.000000000000000000e+00,8.130870869482025753e+00,1.006849861233742338e+01,9.394698949256861553e+00,8.183459500688817556e+00,8.081256665244012538e+00,8.748477040314064368e+00,9.794243223311477564e+00,6.590604926956451948e+00,9.829660365464853555e+00,9.400441553012367280e+00,6.596747273085497021e+00,9.729187098828139924e+00,9.411427438527274703e+00,1.069274630805381321e+01,1.059878789341358107e+01,1.359802375347241465e+01,1.055381715971169321e+01,1.059020396611629522e+01,1.052404067499295870e+01,8.255192365340104033e+00,1.046503840454461809e+01,8.485458951102163638e+00
5.499587650447183229e+00,7.134574480313224498e+00,3.188059888547627008e+00,4.864392600176546289e+00,7.230428653319399324e+00,7.277469554065586266e+00,7.241218773701930012e+00,7.264541774930269646e+00,6.041347451382043765e+00,6.041347451382043765e+00,5.236228682965680115e+00,6.201805147290660791e+00,6.226658685149496719e+00,3.604154833000616343e+00,5.168955552281799370e+00,5.175865639052600997e+00,3.806609559262667641e+00,3.817038914103096037e+00,4.344853829336757123e+00,4.353803390869431134e+00,3.946980113339711327e+00,3.964087147163454006e+00,3.457344819176427109e+00,3.480597082752905802e+00,7.090865512019136396e+00,8.130870869482025753e+00,0.000000000000000000e+00,7.193758685970945699e+00,5.082192819359514502e+00,5.226257041592474728e+00,5.636445163741266029e+00,5.325422300687905341e+00,4.031108528434526939e+00,5.591236935213731662e+00,6.652153939783280734e+00,6.865900850028484825e+00,5.512093686031549034e+00,6.807192633642276114e+00,6.849423082100943638e+00,5.546862449094515313e+00,5.489517800255436342e+00,1.381488596473926656e+01,5.573513144067200109e+00,5.556552922473520617e+00,5.404536863346885767e+00,4.408248123662663609e+00,5.371701670142136287e+00,4.212072442427112762e+00
6.342885226232937157e+00,7.113007256867648342e-01,5.885132513247796737e+00,6.879574450262110119e+00,4.317765173022161673e-01,4.397547047327054481e-01,4.078234864724511466e-01,4.279817884617087564e-01,6.805308614735769090e+00,6.805310296377415469e+00,5.537255082408273132e+00,6.893676912364715470e+00,6.853674533726985096e+00,6.789836738432692975e+00,6.856948179932903287e+00,5.822418282550852808e+00,7.174427650299011638e+00,7.186860960042595003e+00,7.070640199056888342e+00,7.075399917452512177e+00,6.979527309018264347e+00,6.986276441612499610e+00,7.313423009564836264e+00,7.314168009182473007e+00,8.707965640555675790e+00,1.006849861233742338e+01,7.193758685970945699e+00,0.000000000000000000e+00,6.001852067567710058e+00,7.071318125997620108e+00,6.935058714075590380e+00,6.446652914596032957e+00,6.701895932356363161e+00,7.269735375458945548e+00,6.701975619425151187e+00,6.809103302701849714e+00,7.273400524795248678e+00,6.736161351316977353e+00,6.831796457782987275e+00,6.503076265547509394e+00,6.369167277523964721e+00,1.221279759638258966e+01,6.430361447060635172e+00,6.425092573278249120e+00,6.230389767328528450e+00,5.470611778512634693e+00,6.654935751819084366e+00,5.361230289977102714e+00
1.874628538847333603e+00,6.073023520871510428e+00,4.400497685809242832e+00,2.874946593742241596e+00,6.059960531477610601e+00,6.063621181361405377e+00,6.084871210946752207e+00,6.064239566992625896e+00,2.528169334975371996e+00,2.528169334975371996e+00,1.699303144792659426e+00,2.230124639098520767e+00,2.233254318357823731e+00,3.381482433290948553e+00,2.594375075430100264e+00,1.933871840699220135e+00,1.471689461732776483e+00,1.522063432812791550e+00,2.088455250118984363e+00,2.094175100694791958e+00,1.950123369576719945e+00,1.946874538788491815e+00,1.093354151048979039e+00,1.100992494305721214e+00,7.873610047314785199e+00,9.394698949256861553e+00,5.082192819359514502e+00,6.001852067567710058e+00,0.000000000000000000e+00,2.732702648469754969e+00,2.739009221674592709e+00,1.792816621065182581e+00,2.944266135936701279e+00,3.999764912372731906e+00,3.192140529770611135e+00,3.237049121463946300e+00,4.014083863435754296e+00,3.163885267026943726e+00,3.428649189044520096e+00,2.440716113393607944e+00,2.338738742558652106e+00,1.522404631168272537e+01,2.257008973853812606e+00,2.247776522317333381e+00,2.133945708995528712e+00,2.266717686733418002e+00,2.424087301532863670e+00,3.381473690397081455e+00
3.333322254798281037e+00,7.039218032930697255e+00,5.193165821773979118e+00,3.049203462242293661e+00,7.099045444848719022e+00,7.101745133102628671e+00,7.129576167153429900e+00,7.114971665991462579e+00,4.007389871722537578e+00,4.007390109701450598e+00,3.730272921070766579e+00,1.859268313640980441e+00,1.892154799792277409e+00,3.378732383532506045e+00,1.865146303344495937e+00,2.618020087512581640e+00,2.603572523368631764e+00,2.603407441410119372e+00,3.250364926407912858e+00,3.254143415553528484e+00,2.598360251082121319e+00,2.582636004690238352e+00,1.922499144396448978e+00,1.927924784939740066e+00,7.069027976250897183e+00,8.183459500688817556e+00,5.226257041592474728e+00,7.071318125997620108e+00,2.732702648469754969e+00,0.000000000000000000e+00,1.189207255190502632e+00,2.132340487275500074e+00,4.224111357463709915e+00,2.548291894622787268e+00,3.290616282336505716e+00,3.084111776975805075e+00,2.592942077554705183e+00,3.189949440869358721e+00,2.937352602892731035e+00,4.133493176312626360e+00,4.052383738596796903e+00,1.604063722684448834e+01,3.997576933329817006e+00,3.979533885901167078e+00,3.977072212812497121e+00,3.040679266230729816e+00,3.936337132778159553e+00,4.117909666711176975e+00
3.375117547142802987e+00,6.893415167277902711e+00,5.404984519011764910e+00,3.139110142909746326e+00,6.947873993780202539e+00,6.939493253824305263e+00,6.975598173572671534e+00,6.952459479210115312e+00,4.094097792433491811e+00,4.094097792433491811e+00,3.783271690460241032e+00,1.744350920469641686e+00,1.736268049988048956e+00,3.567009330641058185e+00,1.415291520812036241e+00,2.665194721086276086e+00,2.694634600174699024e+00,2.699174349723764355e+00,3.375471902661174362e+00,3.376714113546985363e+00,2.792766916288476065e+00,2.776449982298750285e+00,1.893272924432316096e+00,1.868749291108722677e+00,7.047227011520014628e+00,8.081256665244012538e+00,5.636445163741266029e+00,6.935058714075590380e+00,2.739009221674592709e+00,1.189207255190502632e+00,0.000000000000000000e+00,1.977445322334571154e+00,4.479627056266227036e+00,2.180273380636644998e+00,3.195187741108139523e+00,2.867694030423054485e+00,2.239914436409141452e+00,3.043160859729316936e+00,2.872574819946628555e+00,4.309906774163165366e+00,4.265626341431794977e+00,1.599014550959336134e+01,4.105439016305267863e+00,4.126912916125703212e+00,4.104373339308066804e+00,3.224080976496305428e+00,4.133802558557876594e+00,4.342050782611748261e+00
2.438213537388850050e+00,6.454701967576379040e+00,4.955540017149721699e+00,3.144046267433527220e+00,6.462213872186745256e+00,6.474435859760172107e+00,6.499171864500615570e+00,6.479757038789207613e+00,3.169316805796310810e+00,3.169316805796310810e+00,2.839028095715024236e+00,1.691168224334124837e+00,1.697595421604954025e+00,3.381114789194889614e+00,1.793466802165903262e+00,2.229678038889133518e+00,1.819721786417965781e+00,1.833529750821519588e+00,2.783215407783288242e+00,2.787379994593905508e+00,2.177366827706423535e+00,2.167260338823991717e+00,1.584861790303744522e+00,1.589197794019940213e+00,7.791810495065676356e+00,8.748477040314064368e+00,5.325422300687905341e+00,6.446652914596032957e+00,1.792816621065182581e+00,2.132340487275500074e+00,1.977445322334571154e+00,0.000000000000000000e+00,3.535775045117793614e+00,3.003797988032030464e+00,3.028047108312737823e+00,2.920933862571455375e+00,3.021795097801660113e+00,2.985323770111063979e+00,3.070204715923787298e+00,3.338905175822207028e+00,3.532798225141162263e+00,1.580333837337825287e+01,3.330477031184725600e+00,3.335086758698987186e+00,3.293190293648495359e+00,2.690346031480709499e+00,3.386610053582977287e+00,3.629305551691207832e+00
2.863172333897949784e+00,6.795941308444493956e+00,3.881884703899655786e+00,3.139090091779635827e+00,6.771827726458783836e+00,6.811186777634586242e+00,6.794939559207370472e+00,6.790204723569701173e+00,2.823348759500575511e+00,2.823348759500575511e+00,2.663074209413347937e+00,4.323781833095878824e+00,4.360625713141111248e+00,2.516000091831708918e+00,3.862243204314676603e+00,4.147097728643834635e+00,9.742641818729279590e-01,9.682947134916638499e-01,1.484338674988859630e+00,1.487060588498813063e+00,1.529805698475550368e+00,1.536730911632222307e+00,8.784444316209197856e-01,8.557842301581126687e-01,8.451554927465377176e+00,9.794243223311477564e+00,4.031108528434526939e+00,6.701895932356363161e+00,2.944266135936701279e+00,4.224111357463709915e+00,4.479627056266227036e+00,3.535775045117793614e+00,0.000000000000000000e+00,5.160617897238549467e+00,4.706137468631491849e+00,4.871829444618435367e+00,5.118692377718634390e+00,4.778503027782177170e+00,5.003174155742574847e+00,2.566476109684645124e+00,2.771702871386284794e+00,1.525363966236316848e+01,2.754614253376687749e+00,2.818128760109645636e+00,2.752969612300284474e+00,3.909046240384021154e+00,2.591487771224900705e+00,3.148793694956599776e+00
