0.000000000000000000e+00,3.967142941626772057e+00,3.999994029501542592e+00,3.989548674873693468e+00,3.918923353347445460e+00,3.946197021964253260e+00,3.999561366949690999e+00,3.973824133316430363e+00,3.907748538392025850e+00,3.992205765206466417e+00,3.982615262139013179e+00,2.347296355333860163e+00,2.523367722537378288e+00,3.970993769774388671e+00,3.989297717443043290e+00,3.987806724913720124e+00,3.997730146315040756e+00,3.986905529566655115e+00,3.969554861376956900e+00,3.944576746709425485e+00,3.948267924753839697e+00,3.943263465829347947e+00,3.928930501249774387e+00,3.997456344213203394e+00,3.982199494731949674e+00,3.942434969254560606e+00,1.904043742957311824e+00,3.918035562618383594e+00,3.850684234406217321e+00,3.997491421364331998e+00,3.989655319003279743e+00,3.995579772234044036e+00,3.997646256553548660e+00,3.998911974779000289e+00,3.998682247926342193e+00,3.999098887500412314e+00,3.992690592381812564e+00,3.991222206257952543e+00,3.995054778226659220e+00,3.999611046624388599e+00,3.996075344480895630e+00,3.980243568125024112e+00,3.999994029501542592e+00,3.998019552161975021e+00,3.997526255127189287e+00,3.999604132261207035e+00,3.959220658794304626e+00,3.997779749923940251e+00,3.953942306557616249e+00,3.924340914012236947e+00,3.968883810921883359e+00,3.996269596843733840e+00,3.924435987058570774e+00,3.999436606073409450e+00,3.999911174217899656e+00,3.997730146315040756e+00,3.988675888266409508e+00,3.984273121958948671e+00,3.991156748877859428e+00,3.994051822981484978e+00,3.919708525875963190e+00
3.967142941626772057e+00,0.000000000000000000e+00,2.259783336435565726e-01,6.645947231427768997e-01,2.300247250739162475e-01,1.023975989297901901e+00,3.983476927321085270e+00,3.993557756912494483e+00,1.653391191322249432e+00,2.975109844271153658e+00,3.998732438061221472e+00,3.996097171301316031e+00,3.994474471077973377e+00,3.995509914453693412e+00,3.977512762094011833e+00,3.993641467753239915e+00,3.996269596843734284e+00,3.984964409898338999e+00,3.972686307862006050e+00,3.870888061659734536e+00,3.868408948642058753e+00,3.869899150308952152e+00,3.996053456856543118e+00,3.378733436120261224e+00,3.956149932543914449e+00,3.768184182661849402e+00,3.994806420462639451e+00,3.885049826180708266e+00,3.849225057715651044e+00,3.450748742024575488e+00,3.266491604771705859e+00,3.325240096431474335e+00,3.352723824124918650e+00,3.288514247839589011e+00,3.311327548130548859e+00,3.218076648947250984e+00,3.288247259522772747e+00,3.349893109200546171e+00,3.452909481024182270e+00,3.306576946954373764e+00,3.224158538692634579e+00,3.367057213528445558e+00,3.311591091370062578e+00,3.301813450391217764e+00,3.351695049583356845e+00,3.496522832326141916e+00,3.873344378496795137e+00,3.986259726523670999e+00,3.955785717488120579e+00,3.977928415781760485e+00,3.989043790736546580e+00,3.998719981853858130e+00,3.994577703023086457e+00,3.331502888567002607e+00,3.461993015753630498e+00,3.319216433053713722e+00,3.385797239531505021e+00,3.326807978694182211e+00,3.311591091370062578e+00,3.459608830473473784e+00,3.851741169619989691e+00
3.999994029501542592e+00,2.259783336435565726e-01,0.000000000000000000e+00,4.487881535791560239e-01,3.889704345702957866e-01,3.281936576077275625e-01,3.916645148930266274e+00,3.988712951135382934e+00,1.397922617608159390e+00,3.093373331755230549e+00,3.915142721609628396e+00,3.929941438260396325e+00,3.936032818017914714e+00,3.846017748020207350e+00,3.968453000193329583e+00,3.962786667480226566e+00,3.929206916603612765e+00,3.958019830765059588e+00,3.973654992377315232e+00,3.924435987058570774e+00,3.931670845106517653e+00,3.937339822528713729e+00,3.999960521712274009e+00,3.254839176899549269e+00,3.997166965545547512e+00,3.892283757344150885e+00,3.842099039128179072e+00,3.999837671572919806e+00,3.505289578095725389e+00,3.332544418866951297e+00,3.134825348078575047e+00,3.197488108099432846e+00,3.226917073018247706e+00,3.158277793763688557e+00,3.182619296727164038e+00,3.083416420565479488e+00,3.157993207558860149e+00,3.223882480026368569e+00,3.334885486659084464e+00,3.177546428186012850e+00,3.089863506165558160e+00,3.242295560556620604e+00,3.182900780985001177e+00,3.172461937737010018e+00,3.225814107305952305e+00,3.382269464244734625e+00,3.882941089624075914e+00,3.997679995017091592e+00,3.986259726523670555e+00,3.967957047362682843e+00,3.950376013920712026e+00,3.915243291915244228e+00,3.935682042063607167e+00,3.204187525730385122e+00,3.344733614869335625e+00,3.191048115234432991e+00,3.262434872586952750e+00,3.199164936891292221e+00,3.182900780985001177e+00,3.342147719333725675e+00,3.996458923609785607e+00
3.989548674873693468e+00,6.645947231427768997e-01,4.487881535791560239e-01,0.000000000000000000e+00,9.092585886470270218e-01,3.647047615656173747e-01,3.999210453140327637e+00,3.980047315433115074e+00,1.465186885502121061e+00,2.972060693512700968e+00,3.785643550031712046e+00,3.814528687564247011e+00,3.882234046656945381e+00,3.683963820158306035e+00,3.876865485122117150e+00,3.906908344638002628e+00,3.808015895746376778e+00,3.857230804282035130e+00,3.887255530571205764e+00,3.970517974955842799e+00,3.969311682844901767e+00,3.970038338511673537e+00,3.995831236544358234e+00,3.245575560976224683e+00,3.954016757475448784e+00,3.763430989547365435e+00,3.678480905304764015e+00,3.973767813127225601e+00,3.253207622728922388e+00,3.323670760880512720e+00,3.125032718318363045e+00,3.187961327642374165e+00,3.217522858017441312e+00,3.148582125741951288e+00,3.173027453482299975e+00,3.073421358306996254e+00,3.148296345074779623e+00,3.214474357931168313e+00,3.326024219331358722e+00,3.167932674572973006e+00,3.079893089787157034e+00,3.232972681064363307e+00,3.173310157760562689e+00,3.162826368639660934e+00,3.216414831170916422e+00,3.373667693088816311e+00,3.873832903683849693e+00,3.985848233661142714e+00,3.915243291915244672e+00,3.875898944041700211e+00,3.843591006638403140e+00,3.785800745626294095e+00,3.818617499805238680e+00,3.194690476149423919e+00,3.335924904340277664e+00,3.181492999535139976e+00,3.253207622728920612e+00,3.189645573502682296e+00,3.173310157760562689e+00,3.333325140407624509e+00,3.986705380306952762e+00
3.918923353347445460e+00,2.300247250739162475e-01,3.889704345702957866e-01,9.092585886470270218e-01,0.000000000000000000e+00,1.303837520278701589e+00,3.994158942950488900e+00,3.955273314253638262e+00,1.497550446383848488e+00,3.223882480026368569e+00,3.968143479331696533e+00,3.957877423424927432e+00,3.952893745092101341e+00,3.994212138464919626e+00,3.914638995064134264e+00,3.975919731538778201e+00,3.958445621243531498e+00,3.929758160526600541e+00,3.905535101541873111e+00,3.902974116416006112e+00,3.911175006043390745e+00,3.917639469736386104e+00,3.992540752985882513e+00,3.626201522094055107e+00,3.991705402410371306e+00,3.866409265267797046e+00,3.994956164353041128e+00,3.770462622664910057e+00,3.938976298690110234e+00,3.683398620241191246e+00,3.534554188421406895e+00,3.582873895930771546e+00,3.605218609083789882e+00,3.552753043506531316e+00,3.571497897160909929e+00,3.494204837390786356e+00,3.552533014339343431e+00,3.602925237114317447e+00,3.685092834833010755e+00,3.567603712256056880e+00,3.499298408186310105e+00,3.616802047234906059e+00,3.571713786350803055e+00,3.563694055735431299e+00,3.604385339764610841e+00,3.718991271778876673e+00,3.892735339643389914e+00,3.998979953442586055e+00,3.876140922244374121e+00,3.915444257498473135e+00,3.938890699790277949e+00,3.968081395292581526e+00,3.953194524127649156e+00,3.587980797295670321e+00,3.692200297569090406e+00,3.577953719647834596e+00,3.631871659998493485e+00,3.584153228499934229e+00,3.571713786350803055e+00,3.690337116539258666e+00,3.848692757808374054e+00
3.946197021964253260e+00,1.023975989297901901e+00,3.281936576077275625e-01,3.647047615656173747e-01,1.303837520278701589e+00,0.000000000000000000e+00,3.998605136231583757e+00,3.942268559819272156e+00,1.659237034608484596e+00,2.967175897150322150e+00,3.996703696452747145e+00,3.999067181673425786e+00,3.999651253651892446e+00,3.974439686697553320e+00,3.996743640432300460e+00,3.999824055558095282e+00,3.998979953442586055e+00,3.999119720238768050e+00,3.994756019702143668e+00,3.967268847916912478e+00,3.965999000798077212e+00,3.966763784675457760e+00,3.995463038665403310e+00,2.993644999632028902e+00,3.990111139922452477e+00,3.860322950281883436e+00,3.972801172283706883e+00,3.938976298690109790e+00,3.770462622664910501e+00,3.080774367173876982e+00,2.861022193616590048e+00,2.929993137966683481e+00,2.962589549960419344e+00,2.886768193245154102e+00,2.913574868668598494e+00,2.804854322697311719e+00,2.886455300948242986e+00,2.959222033844532973e+00,3.083416420565479488e+00,2.907980999479093498e+00,2.811878538996075427e+00,2.979677998095554781e+00,2.913885375312263548e+00,2.902378168883690268e+00,2.961365408503085384e+00,3.200002858265325045e+00,3.873222104527394016e+00,3.985177263194164876e+00,3.986177911950646635e+00,3.996900983330728963e+00,3.999863258798465715e+00,3.996723698854364848e+00,3.999624692615637578e+00,2.937401733982563101e+00,3.094542208584723397e+00,2.922877919838383409e+00,3.002115352419263861e+00,2.931846821828485883e+00,2.913885375312263548e+00,3.091619017507443168e+00,3.913931328410697574e+00
3.999561366949690999e+00,3.983476927321085270e+00,3.916645148930266274e+00,3.999210453140327637e+00,3.994158942950488900e+00,3.998605136231583757e+00,0.000000000000000000e+00,3.992113130443566860e+00,3.928838245277584740e+00,3.991449396369164404e+00,3.991189507895456678e+00,3.999956013405818744e+00,3.999239601261983523e+00,3.999701451894743798e+00,3.999972584494853489e+00,3.999850739320903958e+00,3.995853732171053885e+00,3.998171812528094726e+00,3.999867310119183728e+00,3.281827785966109801e+00,3.099795544449678530e+00,3.471957877531897108e+00,3.997092187302004440e+00,3.947793583422550157e+00,3.971992074141009965e+00,3.975157776102435925e+00,3.993916556324875522e+00,3.909729089493286125e+00,3.998003991370276289e+00,3.926887301621759807e+00,3.951985697674039066e+00,3.935418340963942718e+00,3.926043257374087325e+00,3.917441072795485812e+00,3.919316407337454677e+00,3.923003737713029793e+00,3.954684136940455730e+00,3.913119068482339813e+00,3.937339822528714173e+00,3.897641812085626878e+00,3.914437096161769603e+00,3.967457257899071887e+00,3.896092787194354923e+00,3.923864669556909490e+00,3.926700147034569710e+00,3.958798806076360144e+00,3.964770457402564396e+00,3.999907853938097890e+00,3.999758717393384622e+00,3.999999725844328502e+00,3.999676840082417861e+00,3.999935543300198404e+00,3.999983885760132196e+00,3.912098498834458482e+00,3.891604654696477983e+00,3.925572290297637768e+00,3.954016757475448784e+00,3.961774590016756470e+00,3.948582965387457566e+00,3.940675869666883990e+00,3.988452238943047234e+00
3.973824133316430363e+00,3.993557756912494483e+00,3.988712951135382934e+00,3.980047315433115074e+00,3.955273314253638262e+00,3.942268559819272156e+00,3.992113130443566860e+00,0.000000000000000000e+00,3.907328906319483153e+00,3.142573397704830462e+00,3.983655551505680847e+00,3.992956479066706255e+00,3.992051070517219635e+00,3.989297717443043290e+00,3.999819395050052684e+00,3.992985718499008740e+00,3.989513005618816166e+00,3.998332268685079960e+00,3.999996314130352726e+00,3.996978194901076087e+00,3.996582404779970954e+00,3.996822798495101914e+00,3.990624356322530986e+00,3.506667758294772952e+00,3.903510409956670646e+00,3.360162691131963086e+00,3.944739840795353558e+00,3.999779917950665009e+00,3.988712951135382934e+00,3.244209557301366065e+00,3.441586221351573105e+00,3.501375774815452147e+00,3.359906757444838021e+00,3.556267072887774994e+00,3.448102978184135914e+00,3.493508551025162667e+00,3.447139558376898005e+00,3.382773937910412698e+00,3.262705590898756114e+00,3.359138707863882800e+00,3.556267072887774994e+00,3.396080907743601607e+00,3.547016932431846570e+00,3.436252595526377629e+00,3.441102223360660517e+00,3.295973955367818675e+00,3.979701551126092252e+00,3.989007273124941300e+00,3.997779749923940251e+00,3.999779917950665009e+00,3.996541487660761227e+00,3.983700056491217723e+00,3.991926222495974841e+00,3.425032135479724626e+00,3.314750491588191572e+00,3.473138912541806622e+00,3.374935700421344720e+00,3.420616477110324904e+00,3.466273321605713775e+00,3.338261212717716475e+00,3.950066436234823009e+00
3.907748538392025850e+00,1.653391191322249432e+00,1.397922617608159390e+00,1.465186885502121061e+00,1.497550446383848488e+00,1.659237034608484596e+00,3.928838245277584740e+00,3.907328906319483153e+00,0.000000000000000000e+00,2.702049296984709414e+00,3.964180973823147713e+00,3.953344556668335841e+00,3.948110048341621603e+00,3.992450120985871820e+00,3.908271770908598342e+00,3.945632622064946027e+00,3.953942306557616249e+00,3.923960035668127677e+00,3.898850955283807984e+00,3.613714439437615944e+00,3.629648746187787101e+00,3.642497609869598918e+00,3.954610221808837256e+00,2.646513694268873174e+00,3.790335735088607105e+00,3.420616477110325349e+00,3.993303345211812516e+00,3.761616229846007187e+00,3.944167974922244468e+00,2.936476556295228857e+00,2.692889053081392259e+00,2.609396139921293045e+00,2.799098405756240027e+00,2.530775694103879925e+00,2.684040286651336871e+00,2.620689236255602683e+00,2.685352178263447520e+00,2.770201658255156296e+00,2.915437490763339579e+00,2.800058274474529263e+00,2.527746099930745949e+00,2.753095319432717680e+00,2.559993140155050195e+00,2.700087791578383190e+00,2.693543907581370078e+00,2.904869418623565736e+00,3.982338627349680138e+00,3.993834667466256150e+00,3.868533445237033686e+00,3.909105920047279525e+00,3.933468324626593571e+00,3.964115176459130474e+00,3.948425563775521230e+00,2.715106221157173039e+00,2.854400129413893872e+00,2.649485819961158839e+00,2.780176799407479749e+00,2.720970504157343761e+00,2.659051731247541017e+00,2.825890958500313133e+00,3.923195466021754285e+00
3.992205765206466417e+00,2.975109844271153658e+00,3.093373331755230549e+00,2.972060693512700968e+00,3.223882480026368569e+00,2.967175897150322150e+00,3.991449396369164404e+00,3.142573397704830462e+00,2.702049296984709414e+00,0.000000000000000000e+00,3.972340272457977939e+00,3.980536137483140280e+00,3.983700056491217723e+00,3.928005297855926337e+00,3.997295485218570921e+00,3.985049732622182095e+00,3.980145562416435023e+00,3.993696971332861168e+00,3.998656787557312242e+00,3.900162038201543169e+00,3.983965817390973996e+00,3.930124480836682643e+00,3.996602772110819934e+00,3.899616766262205214e+00,3.925572290297637768e+00,3.995694986081878675e+00,3.925289006153376725e+00,3.980826534940546502e+00,3.658660503237134876e+00,3.929022698463381147e+00,3.847491789020576203e+00,3.875656737266429452e+00,3.888178040785568612e+00,3.858265143068112302e+00,3.869155074354364565e+00,3.822950171116767493e+00,3.858136048799511109e+00,3.886908640574144425e+00,3.929849828786792010e+00,3.866910551219413961e+00,3.826095706846071032e+00,3.894532441684021684e+00,3.869279229379812612e+00,3.864647602431024342e+00,3.887717245703613322e+00,3.945794175552713945e+00,3.985556589285372375e+00,3.999170736387479330e+00,3.999926861803279721e+00,3.997148362239019370e+00,3.990522804412616864e+00,3.972398095237880788e+00,3.983521674000883195e+00,3.878548126305574328e+00,3.933289636457018457e+00,3.872854940264448764e+00,3.902651644650589446e+00,3.876382671844968097e+00,3.869279229379812612e+00,3.932392662563429564e+00,3.999747751617290348e+00
3.982615262139013179e+00,3.998732438061221472e+00,3.915142721609628396e+00,3.785643550031712046e+00,3.968143479331696533e+00,3.996703696452747145e+00,3.991189507895456678e+00,3.983655551505680847e+00,3.964180973823147713e+00,3.972340272457977939e+00,0.000000000000000000e+00,3.992510603014249426e+00,3.939318103617434730e+00,1.490458548633235569e+00,6.622576817642324976e-01,3.999993146111969544e+00,1.053975701039670643e+00,1.497212583157691013e+00,1.270246431324761227e+00,3.886677093177613784e+00,3.898741322319549063e+00,3.916744843790502362e+00,3.901572971988206628e+00,3.986259726523670555e+00,3.873466595400863355e+00,3.999941026357356044e+00,1.819082471598003403e+00,3.008753850360675663e+00,2.994250814200807298e+00,3.792508631945205266e+00,3.842234953188653712e+00,3.842370811131442299e+00,3.838957536800053028e+00,3.861474092641302036e+00,3.810989496905588858e+00,3.769324723132688959e+00,3.936731538959397092e+00,3.748900846751161531e+00,3.819632920384139929e+00,3.875656737266429452e+00,3.940337846534839539e+00,3.904365464271805752e+00,3.939744030569493738e+00,3.902651644650589446e+00,3.813941031729294107e+00,3.970756352626468200e+00,3.992328428614505764e+00,3.887486503129662374e+00,1.128280931333531800e+00,1.234310652133979502e+00,8.568536799209260924e-01,9.867284222205183752e-01,1.242056662279214851e+00,3.954462212925357711e+00,3.938805041828457476e+00,3.882234046656945381e+00,3.861729278413236432e+00,3.815554957065817376e+00,3.810841340623003060e+00,3.839368979593078102e+00,3.915444257498473579e+00
2.347296355333860163e+00,3.996097171301316031e+00,3.929941438260396325e+00,3.814528687564247011e+00,3.957877423424927432e+00,3.999067181673425786e+00,3.999956013405818744e+00,3.992956479066706255e+00,3.953344556668335841e+00,3.980536137483140280e+00,3.992510603014249426e+00,0.000000000000000000e+00,1.036492651796569575e+00,3.981210352488129711e+00,3.907433901496454087e+00,3.774665956675164580e+00,3.993159880155630503e+00,3.987379713992969421e+00,3.961842480238139341e+00,3.997367586539820383e+00,3.997331657563597318e+00,3.991352393137034049e+00,3.999119720238768050e+00,3.991831949362524057e+00,3.957233638447895885e+00,3.995200875836953713e+00,8.459946991838567243e-01,2.225019084455697183e+00,2.425378640118061480e+00,3.987418835886574087e+00,3.981162586508289358e+00,3.981919599241080743e+00,3.989333750305748438e+00,3.986341299076971989e+00,3.990214874516289534e+00,3.998231012402089224e+00,3.999932710389296986e+00,3.986825651428063555e+00,3.986503718084678738e+00,3.999190716561565662e+00,3.999220230080708482e+00,3.982059818682985419e+00,3.999436606073409450e+00,3.993943731135846331e+00,3.984185622855878517e+00,3.998578945281178409e+00,3.996312095143907506e+00,3.999994851967814125e+00,3.999402979562366234e+00,3.999953667869340368e+00,3.998769441372572953e+00,3.979001158175452524e+00,3.999989003321222647e+00,3.990041680413546565e+00,3.989902033962600569e+00,3.988301927944630787e+00,3.971348094263199791e+00,3.973144323213938733e+00,3.976776091907204602e+00,3.971933830831756218e+00,3.991319937404883778e+00
2.523367722537378288e+00,3.994474471077973377e+00,3.936032818017914714e+00,3.882234046656945381e+00,3.952893745092101341e+00,3.999651253651892446e+00,3.999239601261983523e+00,3.992051070517219635e+00,3.948110048341621603e+00,3.983700056491217723e+00,3.939318103617434730e+00,1.036492651796569575e+00,0.000000000000000000e+00,3.912098498834458038e+00,3.881406554456281910e+00,3.414460367662035090e+00,3.962113443491625642e+00,3.926043257374087325e+00,3.874563978983783130e+00,3.998565758485481680e+00,3.998592071196679143e+00,3.999985256534996481e+00,3.990180356942352624e+00,3.993834667466256150e+00,3.990249331464813309e+00,3.939573837034465953e+00,1.296316703190596442e+00,2.045025690452135336e+00,2.429129724855247474e+00,3.999469258083339973e+00,3.997679995017091592e+00,3.997941139581429493e+00,3.999800143839506994e+00,3.999229946121359625e+00,3.999904472737619621e+00,3.997779749923940251e+00,3.993445292280786596e+00,3.958516377534043507e+00,3.999268201280764323e+00,3.996312095143907506e+00,3.996248256478549088e+00,3.999239601261983523e+00,3.995717846477206958e+00,3.999871300520459805e+00,3.998656787557312242e+00,3.993131004995523092e+00,3.997612274682868172e+00,3.999747751617290348e+00,3.981543024434445854e+00,3.976456762893105790e+00,3.984316780844526562e+00,3.999764108907313709e+00,3.975376681190275541e+00,3.999886652928743125e+00,3.999871300520459805e+00,3.999638094958682721e+00,3.996183870530409354e+00,3.998171812528095170e+00,3.995987429166570237e+00,3.993834667466256150e+00,3.842778048212318609e+00
3.970993769774388671e+00,3.995509914453693412e+00,3.846017748020207350e+00,3.683963820158306035e+00,3.994212138464919626e+00,3.974439686697553320e+00,3.999701451894743798e+00,3.989297717443043290e+00,3.992450120985871820e+00,3.928005297855926337e+00,1.490458548633235569e+00,3.981210352488129711e+00,3.912098498834458038e+00,0.000000000000000000e+00,7.478808436596793285e-01,3.997696772969901335e+00,1.193228800760829822e+00,1.697478359505561141e+00,8.874087689993901407e-01,3.901789170027767817e+00,3.929574647657625874e+00,3.898741322319549063e+00,3.999670534844763203e+00,3.951833523877494869e+00,3.935330322681387827e+00,3.999539162004330350e+00,1.329754581531653379e+00,2.645192237038526795e+00,2.833830914629946740e+00,3.873954892289373841e+00,3.912303078830463132e+00,3.912405281451899253e+00,3.909832747478199089e+00,3.926606481703585061e+00,3.888408093237424978e+00,3.855542282237479412e+00,3.977669084059158422e+00,3.839094740421149510e+00,3.895091006914367604e+00,3.936905629285748276e+00,3.979800642476503114e+00,3.956945961557503111e+00,3.979452767436297833e+00,3.955785717488120579e+00,3.890695957820836881e+00,3.990590566322405053e+00,3.963917425392887495e+00,3.994679962835258280e+00,1.443358746717594343e+00,1.555881891530622729e+00,1.267322334713615550e+00,1.291091511031341010e+00,1.564054183064633285e+00,3.987652295861588758e+00,3.978900137400550818e+00,3.941600555685990770e+00,3.926793753674911791e+00,3.891944465363967431e+00,3.888293095771845564e+00,3.910143372359324410e+00,3.997941139581429493e+00
3.989297717443043290e+00,3.977512762094011833e+00,3.968453000193329583e+00,3.876865485122117150e+00,3.914638995064134264e+00,3.996743640432300460e+00,3.999972584494853489e+00,3.999819395050052684e+00,3.908271770908598342e+00,3.997295485218570921e+00,6.622576817642324976e-01,3.907433901496454087e+00,3.881406554456281910e+00,7.478808436596793285e-01,0.000000000000000000e+00,3.953419483686404945e+00,8.894400769381536342e-01,3.452504658897468381e-01,1.343443692054109295e-01,3.909105920047279525e+00,3.935769824505237047e+00,3.906170125440690200e+00,3.969676090673956104e+00,3.999992201799121183e+00,3.905322962507172591e+00,3.981872738679765877e+00,3.983281838134418162e-01,2.860076890533201688e+00,3.038739945536904408e+00,3.679429307142867422e+00,3.741226817989578901e+00,3.741398520618210988e+00,3.737090054715797915e+00,3.765731282332262175e+00,3.702172258194494248e+00,3.651212421509103301e+00,3.867035730543488814e+00,3.626607821511170560e+00,3.712894673151186709e+00,3.784068603217096260e+00,3.872241858867525366e+00,3.822087631241119610e+00,3.871381149683340350e+00,3.819777758785413369e+00,3.705827254144521188e+00,3.997845036084911818e+00,3.999277612818359806e+00,3.957520361406390741e+00,1.097933361129463492e+00,1.203142139432334501e+00,8.793001743437103279e-01,1.098244918621138488e+00,1.210833017889532570e+00,3.893185999446418410e+00,3.870022963628723112e+00,3.792663429494985916e+00,3.766059035311202230e+00,3.707828645162090098e+00,3.701988963589383452e+00,3.737608818432110791e+00,3.987729631487067827e+00
3.987806724913720124e+00,3.993641467753239915e+00,3.962786667480226566e+00,3.906908344638002628e+00,3.975919731538778201e+00,3.999824055558095282e+00,3.999850739320903958e+00,3.992985718499008740e+00,3.945632622064946027e+00,3.985049732622182095e+00,3.999993146111969544e+00,3.774665956675164580e+00,3.414460367662035090e+00,3.997696772969901335e+00,3.953419483686404945e+00,0.000000000000000000e+00,3.999958298020153347e+00,3.999461186441215066e+00,3.988675888266409508e+00,3.995200875836953713e+00,3.999980961441468974e+00,3.999239601261983523e+00,3.977408246255518254e+00,3.994654489022412491e+00,3.857877690460060016e+00,3.953867796119297395e+00,1.377651848211188357e+00,2.690268791615264554e+00,2.877056018531117587e+00,3.999929816556961448e+00,3.999719271153560740e+00,3.999805048018608478e+00,3.999701451894743798e+00,3.999986566386826148e+00,3.999531638536682365e+00,3.993834667466256150e+00,3.987379713992969421e+00,3.944821298979314328e+00,3.999980961441468974e+00,3.991513761877138133e+00,3.991417122620160463e+00,3.999819395050052684e+00,3.990624356322530986e+00,3.998171812528095170e+00,3.999972584494853489e+00,3.997331657563597318e+00,3.998111638769433540e+00,3.999758717393384622e+00,3.987104165711364168e+00,3.990792396734357261e+00,3.984577464750915343e+00,3.945389847334266342e+00,3.991449396369164404e+00,3.999568646778199010e+00,3.999597156986599344e+00,3.999846444323670980e+00,3.997612274682868172e+00,3.998111638769433540e+00,3.998979953442586055e+00,3.997779749923940251e+00,3.991768797231940447e+00
3.997730146315040756e+00,3.996269596843734284e+00,3.929206916603612765e+00,3.808015895746376778e+00,3.958445621243531498e+00,3.998979953442586055e+00,3.995853732171053885e+00,3.989513005618816166e+00,3.953942306557616249e+00,3.980145562416435023e+00,1.053975701039670643e+00,3.993159880155630503e+00,3.962113443491625642e+00,1.193228800760829822e+00,8.894400769381536342e-01,3.999958298020153347e+00,0.000000000000000000e+00,1.605711910957296151e+00,1.476969187609806777e+00,3.889211464622937875e+00,3.901139880832759310e+00,3.918923353347445016e+00,3.997861205481793245e+00,3.991577884725201031e+00,3.968391215938483541e+00,3.995128100519648395e+00,1.917992522512110387e+00,3.093081029260461357e+00,3.075776551333694542e+00,3.769324723132688959e+00,3.821799673870797331e+00,3.821943680305747826e+00,3.818326880989204142e+00,3.842234953188653712e+00,3.788777120740167259e+00,3.744992014145594350e+00,3.923386959994945578e+00,3.723612544509510514e+00,3.797894023871079661e+00,3.857360294682383284e+00,3.927354160853915310e+00,3.888178040785568612e+00,3.926700147034569710e+00,3.886329341055614783e+00,3.791888895763909417e+00,3.991222206257952543e+00,3.996140642527704401e+00,3.930854299121091522e+00,4.830486596310956671e-01,2.867450316093032026e-01,3.962401254068850243e-01,9.214669886521287268e-02,4.077847317187586196e-01,3.943015538291770206e+00,3.925666601036986059e+00,3.864395027259162507e+00,3.842506612952406808e+00,3.793591067868081090e+00,3.788620959535947463e+00,3.818762726118083428e+00,3.987960185133001545e+00
3.986905529566655115e+00,3.984964409898338999e+00,3.958019830765059588e+00,3.857230804282035130e+00,3.929758160526600541e+00,3.999119720238768050e+00,3.998171812528094726e+00,3.998332268685079960e+00,3.923960035668127677e+00,3.993696971332861168e+00,1.497212583157691013e+00,3.987379713992969421e+00,3.926043257374087325e+00,1.697478359505561141e+00,3.452504658897468381e-01,3.999461186441215066e+00,1.605711910957296151e+00,0.000000000000000000e+00,3.312656792625365831e-01,3.935506300290283477e+00,3.957663365117487508e+00,3.933021162524195979e+00,3.999200615300512851e+00,3.999088379787023584e+00,3.956657330875421152e+00,3.995392269095165094e+00,7.941409166219506321e-01,2.929065913464375281e+00,3.103873970624116296e+00,3.708554863398590307e+00,3.767531260177386709e+00,3.767694571574058848e+00,3.763595645499376197e+00,3.790802256142468352e+00,3.730302841139409242e+00,3.681511288237378388e+00,3.885981071785729046e+00,3.657879924710758957e+00,3.740539477119357414e+00,3.808165099321556557e+00,3.890809746545282444e+00,3.843996727760734089e+00,3.890012016123864935e+00,3.841827042670735715e+00,3.733793497871205513e+00,3.999859146558429224e+00,3.999999725844328502e+00,3.945227701209887083e+00,1.897768277299526352e+00,1.713360213889860928e+00,1.681271395080912612e+00,1.934038518170699827e+00,2.040837866189600280e+00,3.910143372359324410e+00,3.888752740474962444e+00,3.816286347650162725e+00,3.791112997431489884e+00,3.735704356941660809e+00,3.730127754514327432e+00,3.764089291002183479e+00,3.991577884725201031e+00
3.969554861376956900e+00,3.972686307862006050e+00,3.973654992377315232e+00,3.887255530571205764e+00,3.905535101541873111e+00,3.994756019702143668e+00,3.999867310119183728e+00,3.999996314130352726e+00,3.898850955283807984e+00,3.998656787557312242e+00,1.270246431324761227e+00,3.961842480238139341e+00,3.874563978983783130e+00,8.874087689993901407e-01,1.343443692054109295e-01,3.988675888266409508e+00,1.476969187609806777e+00,3.312656792625365831e-01,0.000000000000000000e+00,3.918824943708085762e+00,3.943922001157092350e+00,3.916045753803918839e+00,3.999920769532240961e+00,3.999842088407632446e+00,3.948267924753839697e+00,3.997646256553548216e+00,6.913100799320368584e-01,2.792052691442387324e+00,2.974195410508314374e+00,3.662551262109226435e+00,3.725909876991754466e+00,3.726086227006037532e+00,3.721661716761961003e+00,3.751097724707098457e+00,3.685844484741989113e+00,3.633685934163006781e+00,3.855802676831183717e+00,3.608543858664477355e+00,3.696835685798857796e+00,3.769975274926083308e+00,3.861218680054395502e+00,3.809207981857467118e+00,3.860322950281883436e+00,3.806820284815782163e+00,3.689590402072166597e+00,3.995297058707833138e+00,3.998216303736864319e+00,3.999805048018608478e+00,1.765965176116644830e+00,1.656829556425593708e+00,1.551458478101237715e+00,1.802055192437870268e+00,1.908576616260062808e+00,3.883058729387692587e+00,3.858909765242633405e+00,3.778832746582595270e+00,3.751434906091627219e+00,3.691641884249441397e+00,3.685656649281077168e+00,3.722194390333652514e+00,3.994756019702143668e+00
3.944576746709425485e+00,3.870888061659734536e+00,3.924435987058570774e+00,3.970517974955842799e+00,3.902974116416006112e+00,3.967268847916912478e+00,3.281827785966109801e+00,3.996978194901076087e+00,3.613714439437615944e+00,3.900162038201543169e+00,3.886677093177613784e+00,3.997367586539820383e+00,3.998565758485481680e+00,3.901789170027767817e+00,3.909105920047279525e+00,3.995200875836953713e+00,3.889211464622937875e+00,3.935506300290283477e+00,3.918824943708085762e+00,0.000000000000000000e+00,3.621470777635016347e-02,1.724723576522513291e-02,3.963851388719435764e+00,3.999809891280164287e+00,3.996997345716541972e+00,3.993529731843293629e+00,3.960057918192912751e+00,3.998911974779000289e+00,3.990691754408098646e+00,3.999277612818359806e+00,3.999385800874030394e+00,3.999890338731024286e+00,3.999190716561565662e+00,3.998065869356249635e+00,3.998346490381136320e+00,3.988564336192823578e+00,3.973654992377315676e+00,3.970934505542748738e+00,3.999956013405818744e+00,3.990658085684771095e+00,3.980536137483140280e+00,3.995943106699201053e+00,3.993696971332861168e+00,3.998946238122017327e+00,3.999258728841977195e+00,3.992809371289184561e+00,3.997054433168509835e+00,3.935857547979946247e+00,3.948582965387457566e+00,3.940337846534839539e+00,3.953269570147988965e+00,3.988638764818904114e+00,3.976616698350494250e+00,3.997166965545547512e+00,3.992540752985882513e+00,3.999140309390449843e+00,3.999130045263100897e+00,3.997646256553548660e+00,3.999707452562315524e+00,3.999999969538258426e+00,3.976188999692886750e+00
3.948267924753839697e+00,3.868408948642058753e+00,3.931670845106517653e+00,3.969311682844901767e+00,3.911175006043390745e+00,3.965999000798077212e+00,3.099795544449678530e+00,3.996582404779970954e+00,3.629648746187787101e+00,3.983965817390973996e+00,3.898741322319549063e+00,3.997331657563597318e+00,3.998592071196679143e+00,3.929574647657625874e+00,3.935769824505237047e+00,3.999980961441468974e+00,3.901139880832759310e+00,3.957663365117487508e+00,3.943922001157092350e+00,3.621470777635016347e-02,0.000000000000000000e+00,5.966215346516046125e-02,3.970577659416156813e+00,3.998793805817439040e+00,3.999350712642196992e+00,3.993014897221494497e+00,3.977772997489009033e+00,3.997909348520482631e+00,3.997925274481098246e+00,3.997925274481098246e+00,3.999962684482114117e+00,3.999150512620503140e+00,3.997779749923940251e+00,3.996075344480895630e+00,3.996479655847530843e+00,3.984229402628955974e+00,3.967268847916912478e+00,3.964246711354791231e+00,3.999359576056386256e+00,3.986705380306952762e+00,3.974992965529891009e+00,3.997972687199308428e+00,3.990386552983828494e+00,3.997385459763260762e+00,3.997893361700068482e+00,3.982245932654327802e+00,3.999966827254688440e+00,3.981066873501075687e+00,3.956657330875421152e+00,3.949053745573154472e+00,3.961570560806460861e+00,3.992267218286344566e+00,3.989584283523452957e+00,3.994831529695352934e+00,3.988970694924709903e+00,3.997696772969901335e+00,3.999882906206431610e+00,3.999109334317766162e+00,3.999997532599406824e+00,3.999657741629305541e+00,3.988786895133221044e+00
3.943263465829347947e+00,3.869899150308952152e+00,3.937339822528713729e+00,3.970038338511673537e+00,3.917639469736386104e+00,3.966763784675457760e+00,3.471957877531897108e+00,3.996822798495101914e+00,3.642497609869598918e+00,3.930124480836682643e+00,3.916744843790502362e+00,3.991352393137034049e+00,3.999985256534996481e+00,3.898741322319549063e+00,3.906170125440690200e+00,3.999239601261983523e+00,3.918923353347445016e+00,3.933021162524195979e+00,3.916045753803918839e+00,1.724723576522513291e-02,5.966215346516046125e-02,0.000000000000000000e+00,3.979948827187035576e+00,3.999651253651892446e+00,3.999828655148014001e+00,3.996703696452747145e+00,3.970098503124207312e+00,3.999210453140327637e+00,3.995176678174162443e+00,3.994291476130734875e+00,3.999428290804496022e+00,3.996500327269028041e+00,3.994051822981484978e+00,3.991417122620160463e+00,3.992019949531554701e+00,3.975811602935940492e+00,3.955566473517212245e+00,3.952061695382142581e+00,3.996939710776425514e+00,3.978900137400550818e+00,3.964639879952789325e+00,3.999774709186115551e+00,3.983610986094541673e+00,3.993417024311173513e+00,3.994238645101775731e+00,3.993613624868318279e+00,3.996500327269028041e+00,3.958019830765059588e+00,3.968205503417732150e+00,3.961638630298846220e+00,3.971875527453962995e+00,3.996643324311904610e+00,3.984141782641050789e+00,3.989619831567009278e+00,3.981778836444677339e+00,3.993916556324875966e+00,3.999631424243288436e+00,3.999999969538258426e+00,3.999002125861478518e+00,3.997646256553548660e+00,3.974661720063564552e+00
3.928930501249774387e+00,3.996053456856543118e+00,3.999960521712274009e+00,3.995831236544358234e+00,3.992540752985882513e+00,3.995463038665403310e+00,3.997092187302004440e+00,3.990624356322530986e+00,3.954610221808837256e+00,3.996602772110819934e+00,3.901572971988206628e+00,3.999119720238768050e+00,3.990180356942352624e+00,3.999670534844763203e+00,3.969676090673956104e+00,3.977408246255518254e+00,3.997861205481793245e+00,3.999200615300512851e+00,3.999920769532240961e+00,3.963851388719435764e+00,3.970577659416156813e+00,3.979948827187035576e+00,0.000000000000000000e+00,3.988452238943047234e+00,3.960680220652786243e+00,3.998793805817439040e+00,2.779855375576376630e+00,3.704002351512846847e+00,3.379491850129690889e+00,3.573008115840158538e+00,3.622331802019466362e+00,3.635496177369877735e+00,3.617418239704592420e+00,3.651606239440476465e+00,3.576236389604615429e+00,3.540581385781821577e+00,3.776753925022076075e+00,3.537906847044529179e+00,3.588829241070836673e+00,3.673719737049909284e+00,3.783437102538967700e+00,3.720238946729359064e+00,3.782329884963585798e+00,3.717383348362901963e+00,3.620697106482087424e+00,3.983432120221126027e+00,3.981210352488129267e+00,3.987418835886574087e+00,3.988377204582704394e+00,3.978186241225831754e+00,3.973824133316430363e+00,3.972915796325568571e+00,3.995152419734814497e+00,3.810693129179036021e+00,3.780584597274451397e+00,3.684152117545384186e+00,3.651999856128639088e+00,3.640503443349142110e+00,3.678101186622900087e+00,3.672189428919500287e+00,3.977251020737021747e+00
3.997456344213203394e+00,3.378733436120261224e+00,3.254839176899549269e+00,3.245575560976224683e+00,3.626201522094055107e+00,2.993644999632028902e+00,3.947793583422550157e+00,3.506667758294772952e+00,2.646513694268873174e+00,3.899616766262205214e+00,3.986259726523670555e+00,3.991831949362524057e+00,3.993834667466256150e+00,3.951833523877494869e+00,3.999992201799121183e+00,3.994654489022412491e+00,3.991577884725201031e+00,3.999088379787023584e+00,3.999842088407632446e+00,3.999809891280164287e+00,3.998793805817439040e+00,3.999651253651892446e+00,3.988452238943047234e+00,0.000000000000000000e+00,3.990076440478596886e+00,3.860194762179891992e+00,3.949600287680721244e+00,3.998744833383713448e+00,3.850816548662961303e+00,5.550307142933004201e-01,5.703221509077611717e-01,5.644763594951585084e-01,5.363407039418177646e-01,5.423017193792869506e-01,5.514155765533375053e-01,6.607014875708010493e-01,7.703281300583195712e-01,9.002044555503208034e-01,5.625333545514690226e-01,5.363407039418177646e-01,4.658936278985825741e-01,4.993162693699189081e-01,5.678833500605473539e-01,5.209727582573968618e-01,5.942034004156482307e-01,3.199723587683481529e+00,3.911586029596660019e+00,3.852004839431242722e+00,3.996663509180904850e+00,3.999982454062275039e+00,3.997679995017091592e+00,3.986300543053408418e+00,3.993724632025870136e+00,5.102118868167559995e-01,4.965505630508817436e-01,5.712988910761849226e-01,6.149580165052830338e-01,5.146449937456247792e-01,5.781555428373490457e-01,4.012596608248242269e-01,3.972398095237880788e+00
3.982199494731949674e+00,3.956149932543914449e+00,3.997166965545547512e+00,3.954016757475448784e+00,3.991705402410371306e+00,3.990111139922452477e+00,3.971992074141009965e+00,3.903510409956670646e+00,3.790335735088607105e+00,3.925572290297637768e+00,3.873466595400863355e+00,3.957233638447895885e+00,3.990249331464813309e+00,3.935330322681387827e+00,3.905322962507172591e+00,3.857877690460060016e+00,3.968391215938483541e+00,3.956657330875421152e+00,3.948267924753839697e+00,3.996997345716541972e+00,3.999350712642196992e+00,3.999828655148014001e+00,3.960680220652786243e+00,3.990076440478596886e+00,0.000000000000000000e+00,3.546353021287214524e+00,3.724497184657103332e+00,3.986013556785334977e+00,3.576666010335694423e+00,3.999962684482114117e+00,3.999024054708026021e+00,3.999190716561565662e+00,3.999992201799121183e+00,3.999882906206431610e+00,3.999948794030239618e+00,3.999220230080708482e+00,3.999239601261983523e+00,3.998719981853858130e+00,3.999897527575045686e+00,3.998539202255109615e+00,3.999977793431192197e+00,3.999220230080708482e+00,3.996920377468414110e+00,3.999200615300512851e+00,3.999611046624388599e+00,3.957806130293240798e+00,3.957520361406390741e+00,3.999998903377389059e+00,3.938633548729291611e+00,3.904472085049044416e+00,3.877708207071112412e+00,3.994806420462639451e+00,3.972108380546804263e+00,3.999960521712274009e+00,3.999968807257296532e+00,3.999995613510758830e+00,3.995987429166570237e+00,3.996643324311905054e+00,3.997845036084911818e+00,3.996205393321234034e+00,3.994881565861887918e+00
3.942434969254560606e+00,3.768184182661849402e+00,3.892283757344150885e+00,3.763430989547365435e+00,3.866409265267797046e+00,3.860322950281883436e+00,3.975157776102435925e+00,3.360162691131963086e+00,3.420616477110325349e+00,3.995694986081878675e+00,3.999941026357356044e+00,3.995200875836953713e+00,3.939573837034465953e+00,3.999539162004330350e+00,3.981872738679765877e+00,3.953867796119297395e+00,3.995128100519648395e+00,3.995392269095165094e+00,3.997646256553548216e+00,3.993529731843293629e+00,3.993014897221494497e+00,3.996703696452747145e+00,3.998793805817439040e+00,3.860194762179891992e+00,3.546353021287214524e+00,0.000000000000000000e+00,3.989971978424097898e+00,3.742598953437037856e+00,3.982245932654327802e+00,3.413966714004746272e+00,3.397829525952570151e+00,3.410753768413166576e+00,3.383782379719889377e+00,3.439891460288972969e+00,3.378227616774696518e+00,3.338001785855674086e+00,3.404803108379510057e+00,3.399825391791750917e+00,3.382269464244734625e+00,3.418403387354752354e+00,3.480436254973663601e+00,3.273771829470728978e+00,3.461278227455244050e+00,3.344991979256711545e+00,3.441828154480873980e+00,2.285948844181580508e+00,3.987379713992969421e+00,3.728549603907409526e+00,3.995344785464853832e+00,3.991025106276449463e+00,3.994856578162023553e+00,3.993388695618605766e+00,3.999210453140327637e+00,3.471012242389600821e+00,3.455066635114073748e+00,3.434307840996690953e+00,3.443278830666291590e+00,3.410011287451473194e+00,3.483951681951232615e+00,3.496985884498751584e+00,3.874807213970121289e+00
