0.000000000000000000e+00,2.259783336435565726e-01,6.645947231427768997e-01,1.023975989297901901e+00,3.983476927321085270e+00,1.653391191322249432e+00,3.996097171301316031e+00,3.994474471077973377e+00,3.996269596843734284e+00,3.984964409898338999e+00,3.768184182661849402e+00,3.450748742024575488e+00,3.266491604771705859e+00,3.325240096431474335e+00,3.311327548130548859e+00,3.288247259522772747e+00,3.452909481024182270e+00,3.955785717488120579e+00,3.994577703023086457e+00,3.331502888567002607e+00,3.319216433053713722e+00,3.385797239531505021e+00
2.259783336435565726e-01,0.000000000000000000e+00,4.487881535791560239e-01,3.281936576077275625e-01,3.916645148930266274e+00,1.397922617608159390e+00,3.929941438260396325e+00,3.936032818017914714e+00,3.929206916603612765e+00,3.958019830765059588e+00,3.892283757344150885e+00,3.332544418866951297e+00,3.134825348078575047e+00,3.197488108099432846e+00,3.182619296727164038e+00,3.157993207558860149e+00,3.334885486659084464e+00,3.986259726523670555e+00,3.935682042063607167e+00,3.204187525730385122e+00,3.191048115234432991e+00,3.262434872586952750e+00
6.645947231427768997e-01,4.487881535791560239e-01,0.000000000000000000e+00,3.647047615656173747e-01,3.999210453140327637e+00,1.465186885502121061e+00,3.814528687564247011e+00,3.882234046656945381e+00,3.808015895746376778e+00,3.857230804282035130e+00,3.763430989547365435e+00,3.323670760880512720e+00,3.125032718318363045e+00,3.187961327642374165e+00,3.173027453482299975e+00,3.148296345074779623e+00,3.326024219331358722e+00,3.915243291915244672e+00,3.818617499805238680e+00,3.194690476149423919e+00,3.181492999535139976e+00,3.253207622728920612e+00
1.023975989297901901e+00,3.281936576077275625e-01,3.647047615656173747e-01,0.000000000000000000e+00,3.998605136231583757e+00,1.659237034608484596e+00,3.999067181673425786e+00,3.999651253651892446e+00,3.998979953442586055e+00,3.999119720238768050e+00,3.860322950281883436e+00,3.080774367173876982e+00,2.861022193616590048e+00,2.929993137966683481e+00,2.913574868668598494e+00,2.886455300948242986e+00,3.083416420565479488e+00,3.986177911950646635e+00,3.999624692615637578e+00,2.937401733982563101e+00,2.922877919838383409e+00,3.002115352419263861e+00
3.983476927321085270e+00,3.916645148930266274e+00,3.999210453140327637e+00,3.998605136231583757e+00,0.000000000000000000e+00,3.928838245277584740e+00,3.999956013405818744e+00,3.999239601261983523e+00,3.995853732171053885e+00,3.998171812528094726e+00,3.975157776102435925e+00,3.926887301621759807e+00,3.951985697674039066e+00,3.935418340963942718e+00,3.919316407337454677e+00,3.954684136940455730e+00,3.937339822528714173e+00,3.999758717393384622e+00,3.999983885760132196e+00,3.912098498834458482e+00,3.925572290297637768e+00,3.954016757475448784e+00
1.653391191322249432e+00,1.397922617608159390e+00,1.465186885502121061e+00,1.659237034608484596e+00,3.928838245277584740e+00,0.000000000000000000e+00,3.953344556668335841e+00,3.948110048341621603e+00,3.953942306557616249e+00,3.923960035668127677e+00,3.420616477110325349e+00,2.936476556295228857e+00,2.692889053081392259e+00,2.609396139921293045e+00,2.684040286651336871e+00,2.685352178263447520e+00,2.915437490763339579e+00,3.868533445237033686e+00,3.948425563775521230e+00,2.715106221157173039e+00,2.649485819961158839e+00,2.780176799407479749e+00
3.996097171301316031e+00,3.929941438260396325e+00,3.814528687564247011e+00,3.999067181673425786e+00,3.999956013405818744e+00,3.953344556668335841e+00,0.000000000000000000e+00,1.036492651796569575e+00,3.993159880155630503e+00,3.987379713992969421e+00,3.995200875836953713e+00,3.987418835886574087e+00,3.981162586508289358e+00,3.981919599241080743e+00,3.990214874516289534e+00,3.999932710389296986e+00,3.986503718084678738e+00,3.999402979562366234e+00,3.999989003321222647e+00,3.990041680413546565e+00,3.988301927944630787e+00,3.971348094263199791e+00
3.994474471077973377e+00,3.936032818017914714e+00,3.882234046656945381e+00,3.999651253651892446e+00,3.999239601261983523e+00,3.948110048341621603e+00,1.036492651796569575e+00,0.000000000000000000e+00,3.962113443491625642e+00,3.926043257374087325e+00,3.939573837034465953e+00,3.999469258083339973e+00,3.997679995017091592e+00,3.997941139581429493e+00,3.999904472737619621e+00,3.993445292280786596e+00,3.999268201280764323e+00,3.981543024434445854e+00,3.975376681190275541e+00,3.999886652928743125e+00,3.999638094958682721e+00,3.996183870530409354e+00
3.996269596843734284e+00,3.929206916603612765e+00,3.808015895746376778e+00,3.998979953442586055e+00,3.995853732171053885e+00,3.953942306557616249e+00,3.993159880155630503e+00,3.962113443491625642e+00,0.000000000000000000e+00,1.605711910957296151e+00,3.995128100519648395e+00,3.769324723132688959e+00,3.821799673870797331e+00,3.821943680305747826e+00,3.788777120740167259e+00,3.923386959994945578e+00,3.797894023871079661e+00,4.830486596310956671e-01,4.077847317187586196e-01,3.943015538291770206e+00,3.864395027259162507e+00,3.842506612952406808e+00
3.984964409898338999e+00,3.958019830765059588e+00,3.857230804282035130e+00,3.999119720238768050e+00,3.998171812528094726e+00,3.923960035668127677e+00,3.987379713992969421e+00,3.926043257374087325e+00,1.605711910957296151e+00,0.000000000000000000e+00,3.995392269095165094e+00,3.708554863398590307e+00,3.767531260177386709e+00,3.767694571574058848e+00,3.730302841139409242e+00,3.885981071785729046e+00,3.740539477119357414e+00,1.897768277299526352e+00,2.040837866189600280e+00,3.910143372359324410e+00,3.816286347650162725e+00,3.791112997431489884e+00
3.768184182661849402e+00,3.892283757344150885e+00,3.763430989547365435e+00,3.860322950281883436e+00,3.975157776102435925e+00,3.420616477110325349e+00,3.995200875836953713e+00,3.939573837034465953e+00,3.995128100519648395e+00,3.995392269095165094e+00,0.000000000000000000e+00,3.413966714004746272e+00,3.397829525952570151e+00,3.410753768413166576e+00,3.378227616774696518e+00,3.404803108379510057e+00,3.382269464244734625e+00,3.995344785464853832e+00,3.999210453140327637e+00,3.471012242389600821e+00,3.434307840996690953e+00,3.443278830666291590e+00
3.450748742024575488e+00,3.332544418866951297e+00,3.323670760880512720e+00,3.080774367173876982e+00,3.926887301621759807e+00,2.936476556295228857e+00,3.987418835886574087e+00,3.999469258083339973e+00,3.769324723132688959e+00,3.708554863398590307e+00,3.413966714004746272e+00,0.000000000000000000e+00,1.780050526805054822e-02,3.148527551433155658e-02,1.907714860669762480e-02,8.196443738161618420e-02,4.255122989446724624e-02,3.610615771422244435e+00,3.757467638726051273e+00,1.000558969506948337e-01,2.445977180885727797e-02,1.878964751187028881e-02
3.266491604771705859e+00,3.134825348078575047e+00,3.125032718318363045e+00,2.861022193616590048e+00,3.951985697674039066e+00,2.692889053081392259e+00,3.981162586508289358e+00,3.997679995017091592e+00,3.821799673870797331e+00,3.767531260177386709e+00,3.397829525952570151e+00,1.780050526805054822e-02,0.000000000000000000e+00,7.279621837838368137e-03,1.184935212799076432e-02,7.556401294142922609e-02,1.621111481994064185e-02,3.678480905304763571e+00,3.811285643968563619e+00,4.658051631359527711e-02,1.223179152416520310e-02,1.577059737104447024e-02
3.325240096431474335e+00,3.197488108099432846e+00,3.187961327642374165e+00,2.929993137966683481e+00,3.935418340963942718e+00,2.609396139921293045e+00,3.981919599241080743e+00,3.997941139581429493e+00,3.821943680305747826e+00,3.767694571574058848e+00,3.410753768413166576e+00,3.148527551433155658e-02,7.279621837838368137e-03,0.000000000000000000e+00,2.019935752349710789e-02,8.385420107536156742e-02,2.742879692553712445e-02,3.678670687954408436e+00,3.811433634739932685e+00,3.445110588133726282e-02,1.822116355532266141e-02,2.165978660314782367e-02
3.311327548130548859e+00,3.182619296727164038e+00,3.173027453482299975e+00,2.913574868668598494e+00,3.919316407337454677e+00,2.684040286651336871e+00,3.990214874516289534e+00,3.999904472737619621e+00,3.788777120740167259e+00,3.730302841139409242e+00,3.378227616774696518e+00,1.907714860669762480e-02,1.184935212799076432e-02,2.019935752349710789e-02,0.000000000000000000e+00,8.546192522696527405e-02,4.568603410341398607e-02,3.635496177369877735e+00,3.777394537137027442e+00,1.047974532092799116e-01,1.452728204982589588e-02,2.049735522451290315e-02
3.288247259522772747e+00,3.157993207558860149e+00,3.148296345074779623e+00,2.886455300948242986e+00,3.954684136940455730e+00,2.685352178263447520e+00,3.999932710389296986e+00,3.993445292280786596e+00,3.923386959994945578e+00,3.885981071785729046e+00,3.404803108379510057e+00,8.196443738161618420e-02,7.556401294142922609e-02,8.385420107536156742e-02,8.546192522696527405e-02,0.000000000000000000e+00,6.662099001114762942e-02,3.820211941369991315e+00,3.916345714055615712e+00,7.015017121320799021e-02,3.254274210092811259e-02,3.674563310467204857e-02
3.452909481024182270e+00,3.334885486659084464e+00,3.326024219331358722e+00,3.083416420565479488e+00,3.937339822528714173e+00,2.915437490763339579e+00,3.986503718084678738e+00,3.999268201280764323e+00,3.797894023871079661e+00,3.740539477119357414e+00,3.382269464244734625e+00,4.255122989446724624e-02,1.621111481994064185e-02,2.742879692553712445e-02,4.568603410341398607e-02,6.662099001114762942e-02,0.000000000000000000e+00,3.647263184387743884e+00,3.786742776655675158e+00,6.635322279108146759e-02,2.089806218493328593e-02,1.634444849431893054e-02
3.955785717488120579e+00,3.986259726523670555e+00,3.915243291915244672e+00,3.986177911950646635e+00,3.999758717393384622e+00,3.868533445237033686e+00,3.999402979562366234e+00,3.981543024434445854e+00,4.830486596310956671e-01,1.897768277299526352e+00,3.995344785464853832e+00,3.610615771422244435e+00,3.678480905304763571e+00,3.678670687954408436e+00,3.635496177369877735e+00,3.820211941369991315e+00,3.647263184387743884e+00,0.000000000000000000e+00,2.965461317139048703e-01,3.850684234406216877e+00,3.735704356941661253e+00,3.706009458705763926e+00
3.994577703023086457e+00,3.935682042063607167e+00,3.818617499805238680e+00,3.999624692615637578e+00,3.999983885760132196e+00,3.948425563775521230e+00,3.999989003321222647e+00,3.975376681190275541e+00,4.077847317187586196e-01,2.040837866189600280e+00,3.999210453140327637e+00,3.757467638726051273e+00,3.811285643968563619e+00,3.811433634739932685e+00,3.777394537137027442e+00,3.916345714055615712e+00,3.786742776655675158e+00,2.965461317139048703e-01,0.000000000000000000e+00,3.936905629285748276e+00,3.855151266433972879e+00,3.832585683035678148e+00
3.331502888567002607e+00,3.204187525730385122e+00,3.194690476149423919e+00,2.937401733982563101e+00,3.912098498834458482e+00,2.715106221157173039e+00,3.990041680413546565e+00,3.999886652928743125e+00,3.943015538291770206e+00,3.910143372359324410e+00,3.471012242389600821e+00,1.000558969506948337e-01,4.658051631359527711e-02,3.445110588133726282e-02,1.047974532092799116e-01,7.015017121320799021e-02,6.635322279108146759e-02,3.850684234406216877e+00,3.936905629285748276e+00,0.000000000000000000e+00,8.335485106973372638e-02,9.047840099440529471e-02
3.319216433053713722e+00,3.191048115234432991e+00,3.181492999535139976e+00,2.922877919838383409e+00,3.925572290297637768e+00,2.649485819961158839e+00,3.988301927944630787e+00,3.999638094958682721e+00,3.864395027259162507e+00,3.816286347650162725e+00,3.434307840996690953e+00,2.445977180885727797e-02,1.223179152416520310e-02,1.822116355532266141e-02,1.452728204982589588e-02,3.254274210092811259e-02,2.089806218493328593e-02,3.735704356941661253e+00,3.855151266433972879e+00,8.335485106973372638e-02,0.000000000000000000e+00,8.454146365852288625e-03
3.385797239531505021e+00,3.262434872586952750e+00,3.253207622728920612e+00,3.002115352419263861e+00,3.954016757475448784e+00,2.780176799407479749e+00,3.971348094263199791e+00,3.996183870530409354e+00,3.842506612952406808e+00,3.791112997431489884e+00,3.443278830666291590e+00,1.878964751187028881e-02,1.577059737104447024e-02,2.165978660314782367e-02,2.049735522451290315e-02,3.674563310467204857e-02,1.634444849431893054e-02,3.706009458705763926e+00,3.832585683035678148e+00,9.047840099440529471e-02,8.454146365852288625e-03,0.000000000000000000e+00
