0.000000000000000000e+00,4.985861159086591998e-01,5.431634018889535120e-01,4.702530129410686377e-01,1.084629523668465012e+01,1.774117226091692867e+00,2.565709221185873634e+00,2.520673058408986922e+00,2.830776594385246980e+00,2.761905733979027389e+00,2.280912191384115495e+00,2.432676874299124048e+00,2.452154854568963316e+00,2.442056944536987739e+00,2.467394202997287511e+00,2.458251844014578413e+00,2.497843098027676678e+00,2.612414571287059228e+00,2.778564528205588413e+00,2.423799599134618177e+00,2.473802828000592591e+00,2.471007558288500494e+00
4.985861159086591998e-01,0.000000000000000000e+00,6.029839256810628489e-01,4.029854222339859793e-01,1.111785899511474796e+01,1.964150520725538973e+00,2.705617824658602899e+00,2.650087096024603017e+00,2.980166518660135377e+00,2.908932340158350893e+00,2.415885360524234748e+00,2.631912213354334451e+00,2.652778151702410714e+00,2.646233916308105893e+00,2.671816462717680363e+00,2.674200551725848030e+00,2.707072908595627769e+00,2.740078976739007910e+00,2.908277235246114145e+00,2.629806296463940374e+00,2.676498161117175645e+00,2.677025721384024948e+00
5.431634018889535120e-01,6.029839256810628489e-01,0.000000000000000000e+00,3.589501772459671169e-01,1.070563347372449847e+01,1.828881783629333180e+00,2.604913060353829302e+00,2.586360470388473498e+00,2.885988548335395976e+00,2.805723631160400799e+00,2.281590789005096820e+00,2.508899108682696166e+00,2.526597633660134790e+00,2.523363614255491161e+00,2.545765641015411695e+00,2.551247710358238496e+00,2.570902006034805787e+00,2.673333556285414581e+00,2.840936295812567902e+00,2.509296204124367602e+00,2.547338899828810455e+00,2.548411087469944825e+00
4.702530129410686377e-01,4.029854222339859793e-01,3.589501772459671169e-01,0.000000000000000000e+00,1.088295901844118418e+01,1.852598069718689677e+00,2.611610962209365727e+00,2.579419914799215618e+00,2.892455804828440780e+00,2.810416488326971773e+00,2.316443406011287287e+00,2.522935563470037224e+00,2.543980832135667391e+00,2.536988335498041813e+00,2.561909863508604168e+00,2.567124264867591599e+00,2.591135384747830006e+00,2.666725416331039877e+00,2.836929358015995106e+00,2.518925935644535041e+00,2.564950747993053781e+00,2.564934853066657361e+00
1.084629523668465012e+01,1.111785899511474796e+01,1.070563347372449847e+01,1.088295901844118418e+01,0.000000000000000000e+00,1.030136376398529130e+01,9.971662424775113109e+00,1.003007257984862477e+01,9.832204290541236347e+00,9.926921083953033076e+00,1.004199555888606810e+01,9.953556548483923905e+00,9.930849164936438100e+00,9.958133413523990285e+00,9.914275663833267416e+00,9.934714256750480033e+00,9.852986970147007639e+00,1.008118367465976561e+01,1.007643442094714636e+01,9.972601167591712112e+00,9.899421721244078043e+00,9.892358130883073031e+00
1.774117226091692867e+00,1.964150520725538973e+00,1.828881783629333180e+00,1.852598069718689677e+00,1.030136376398529130e+01,0.000000000000000000e+00,1.392998459392717159e+00,1.323421181822499015e+00,1.563477782440186203e+00,1.437137806915211424e+00,7.879112078314355339e-01,1.014450509204216866e+00,1.035416365277395556e+00,1.025588824780798269e+00,1.053126953757083983e+00,1.079237101746645333e+00,1.089660300945624494e+00,1.365638422081673298e+00,1.448995814694506779e+00,1.014371362328249981e+00,1.046436844415942868e+00,1.058625167999812877e+00
2.565709221185873634e+00,2.705617824658602899e+00,2.604913060353829302e+00,2.611610962209365727e+00,9.971662424775113109e+00,1.392998459392717159e+00,0.000000000000000000e+00,3.839238830292814320e-01,7.023021757828963318e-01,4.849379867057653781e-01,1.040212181619505794e+00,1.417321091383431764e+00,1.424120460922894793e+00,1.441104350741243767e+00,1.426192885249067066e+00,1.482997857779706719e+00,1.444814565303379261e+00,6.310180606207033138e-01,7.601558987184440230e-01,1.423699183440518601e+00,1.386869094650396761e+00,1.413008112369151581e+00
2.520673058408986922e+00,2.650087096024603017e+00,2.586360470388473498e+00,2.579419914799215618e+00,1.003007257984862477e+01,1.323421181822499015e+00,3.839238830292814320e-01,0.000000000000000000e+00,6.923724390283161334e-01,4.693108858748042955e-01,1.012743574443651706e+00,1.340073857691772341e+00,1.349183563321396662e+00,1.371752762616689880e+00,1.350722652860972151e+00,1.407611696273067148e+00,1.376202231122982900e+00,6.146074279544839758e-01,7.077499025129859733e-01,1.357628368890865911e+00,1.322881197516471818e+00,1.345297875585163894e+00
2.830776594385246980e+00,2.980166518660135377e+00,2.885988548335395976e+00,2.892455804828440780e+00,9.832204290541236347e+00,1.563477782440186203e+00,7.023021757828963318e-01,6.923724390283161334e-01,0.000000000000000000e+00,5.366181225126027687e-01,1.064377752312838599e+00,1.157280643020349942e+00,1.154879350429631302e+00,1.182363191477290520e+00,1.151500742691337287e+00,1.207975098792215540e+00,1.163775210163831453e+00,4.560292990436331517e-01,4.525747740331912961e-01,1.170229150225752024e+00,1.125513913075809835e+00,1.147677319192397238e+00
2.761905733979027389e+00,2.908932340158350893e+00,2.805723631160400799e+00,2.810416488326971773e+00,9.926921083953033076e+00,1.437137806915211424e+00,4.849379867057653781e-01,4.693108858748042955e-01,5.366181225126027687e-01,0.000000000000000000e+00,1.054586730664188066e+00,1.312826388511935338e+00,1.320333988533990643e+00,1.341153230615850678e+00,1.317879687037794678e+00,1.375862544623996486e+00,1.336934927533035777e+00,5.634415217302082279e-01,5.589651193774379800e-01,1.329414414941081146e+00,1.288309143023539605e+00,1.313407084956722093e+00
2.280912191384115495e+00,2.415885360524234748e+00,2.281590789005096820e+00,2.316443406011287287e+00,1.004199555888606810e+01,7.879112078314355339e-01,1.040212181619505794e+00,1.012743574443651706e+00,1.064377752312838599e+00,1.054586730664188066e+00,0.000000000000000000e+00,8.137913125914845169e-01,8.214550961778867011e-01,8.460469945385855617e-01,8.457168683703949474e-01,9.214378872376185470e-01,8.609869317958170898e-01,9.501108443695359673e-01,1.004518255570111984e+00,8.420461829810278465e-01,8.010765089601961098e-01,8.332001977109926294e-01
2.432676874299124048e+00,2.631912213354334451e+00,2.508899108682696166e+00,2.522935563470037224e+00,9.953556548483923905e+00,1.014450509204216866e+00,1.417321091383431764e+00,1.340073857691772341e+00,1.157280643020349942e+00,1.312826388511935338e+00,8.137913125914845169e-01,0.000000000000000000e+00,4.689041520007903446e-02,8.604197220751905184e-02,8.047285428274414398e-02,2.328788528359138910e-01,1.406917943210102273e-01,1.134589491813570827e+00,1.142722200618442097e+00,1.510736511061988863e-01,1.158513106473880727e-01,1.133021014852925168e-01
2.452154854568963316e+00,2.652778151702410714e+00,2.526597633660134790e+00,2.543980832135667391e+00,9.930849164936438100e+00,1.035416365277395556e+00,1.424120460922894793e+00,1.349183563321396662e+00,1.154879350429631302e+00,1.320333988533990643e+00,8.214550961778867011e-01,4.689041520007903446e-02,0.000000000000000000e+00,8.261487463831733435e-02,5.785362981132900762e-02,2.283968331424322540e-01,1.183297989028088137e-01,1.139733789380984463e+00,1.146051640377299563e+00,1.578526323108061513e-01,9.837152317433427162e-02,9.791514411547401486e-02
2.442056944536987739e+00,2.646233916308105893e+00,2.523363614255491161e+00,2.536988335498041813e+00,9.958133413523990285e+00,1.025588824780798269e+00,1.441104350741243767e+00,1.371752762616689880e+00,1.182363191477290520e+00,1.341153230615850678e+00,8.460469945385855617e-01,8.604197220751905184e-02,8.261487463831733435e-02,0.000000000000000000e+00,8.967005483585015202e-02,2.080413092922694107e-01,1.450453584323191381e-01,1.157662842997321251e+00,1.164479123516009684e+00,1.149996897379691185e-01,1.303924085930488197e-01,1.215274182571663836e-01
2.467394202997287511e+00,2.671816462717680363e+00,2.545765641015411695e+00,2.561909863508604168e+00,9.914275663833267416e+00,1.053126953757083983e+00,1.426192885249067066e+00,1.350722652860972151e+00,1.151500742691337287e+00,1.317879687037794678e+00,8.457168683703949474e-01,8.047285428274414398e-02,5.785362981132900762e-02,8.967005483585015202e-02,0.000000000000000000e+00,1.925486513065323979e-01,9.378363085568448831e-02,1.142563726872422469e+00,1.146031148770144004e+00,1.558312646474392660e-01,9.021533955191891885e-02,7.450963101143251444e-02
2.458251844014578413e+00,2.674200551725848030e+00,2.551247710358238496e+00,2.567124264867591599e+00,9.934714256750480033e+00,1.079237101746645333e+00,1.482997857779706719e+00,1.407611696273067148e+00,1.207975098792215540e+00,1.375862544623996486e+00,9.214378872376185470e-01,2.328788528359138910e-01,2.283968331424322540e-01,2.080413092922694107e-01,1.925486513065323979e-01,0.000000000000000000e+00,2.078068707356206524e-01,1.193287149544358439e+00,1.193265670868475681e+00,1.968245627115799978e-01,2.347536128393775401e-01,2.037276808824344809e-01
2.497843098027676678e+00,2.707072908595627769e+00,2.570902006034805787e+00,2.591135384747830006e+00,9.852986970147007639e+00,1.089660300945624494e+00,1.444814565303379261e+00,1.376202231122982900e+00,1.163775210163831453e+00,1.336934927533035777e+00,8.609869317958170898e-01,1.406917943210102273e-01,1.183297989028088137e-01,1.450453584323191381e-01,9.378363085568448831e-02,2.078068707356206524e-01,0.000000000000000000e+00,1.175488001351268963e+00,1.177491423946177562e+00,1.890049184646142022e-01,1.013043175584150551e-01,7.677243144473852587e-02
2.612414571287059228e+00,2.740078976739007910e+00,2.673333556285414581e+00,2.666725416331039877e+00,1.008118367465976561e+01,1.365638422081673298e+00,6.310180606207033138e-01,6.146074279544839758e-01,4.560292990436331517e-01,5.634415217302082279e-01,9.501108443695359673e-01,1.134589491813570827e+00,1.139733789380984463e+00,1.157662842997321251e+00,1.142563726872422469e+00,1.193287149544358439e+00,1.175488001351268963e+00,0.000000000000000000e+00,2.547342298500608337e-01,1.138537966671882451e+00,1.123598391242554451e+00,1.145647357528969401e+00
2.778564528205588413e+00,2.908277235246114145e+00,2.840936295812567902e+00,2.836929358015995106e+00,1.007643442094714636e+01,1.448995814694506779e+00,7.601558987184440230e-01,7.077499025129859733e-01,4.525747740331912961e-01,5.589651193774379800e-01,1.004518255570111984e+00,1.142722200618442097e+00,1.146051640377299563e+00,1.164479123516009684e+00,1.146031148770144004e+00,1.193265670868475681e+00,1.177491423946177562e+00,2.547342298500608337e-01,0.000000000000000000e+00,1.150759574649748984e+00,1.131012953902448270e+00,1.152586313354473146e+00
2.423799599134618177e+00,2.629806296463940374e+00,2.509296204124367602e+00,2.518925935644535041e+00,9.972601167591712112e+00,1.014371362328249981e+00,1.423699183440518601e+00,1.357628368890865911e+00,1.170229150225752024e+00,1.329414414941081146e+00,8.420461829810278465e-01,1.510736511061988863e-01,1.578526323108061513e-01,1.149996897379691185e-01,1.558312646474392660e-01,1.968245627115799978e-01,1.890049184646142022e-01,1.138537966671882451e+00,1.150759574649748984e+00,0.000000000000000000e+00,1.790056872656460296e-01,1.679348856034270920e-01
2.473802828000592591e+00,2.676498161117175645e+00,2.547338899828810455e+00,2.564950747993053781e+00,9.899421721244078043e+00,1.046436844415942868e+00,1.386869094650396761e+00,1.322881197516471818e+00,1.125513913075809835e+00,1.288309143023539605e+00,8.010765089601961098e-01,1.158513106473880727e-01,9.837152317433427162e-02,1.303924085930488197e-01,9.021533955191891885e-02,2.347536128393775401e-01,1.013043175584150551e-01,1.123598391242554451e+00,1.131012953902448270e+00,1.790056872656460296e-01,0.000000000000000000e+00,5.546010866820719892e-02
2.471007558288500494e+00,2.677025721384024948e+00,2.548411087469944825e+00,2.564934853066657361e+00,9.892358130883073031e+00,1.058625167999812877e+00,1.413008112369151581e+00,1.345297875585163894e+00,1.147677319192397238e+00,1.313407084956722093e+00,8.332001977109926294e-01,1.133021014852925168e-01,9.791514411547401486e-02,1.215274182571663836e-01,7.450963101143251444e-02,2.037276808824344809e-01,7.677243144473852587e-02,1.145647357528969401e+00,1.152586313354473146e+00,1.679348856034270920e-01,5.546010866820719892e-02,0.000000000000000000e+00
