0.000000000000000000e+00,2.890081736058873751e+00,3.008857842649424352e+00,2.951252823230082978e+00,2.687728872090368260e+00,2.938531897275187266e+00,1.016327994381285293e+01,2.331558256248964955e+00,1.964206053617156611e+00,2.153780974853380936e+00,1.153681505511403138e+00,8.799246419263457852e-01,1.086602974489726758e+00,1.203414485833179004e+00,1.161919637625959956e+00,9.901728563931248006e-01,1.302273006611666561e+00,1.151038927906397280e+00,1.167775626147806944e+00,8.973543062673531523e+00,9.009359790949268643e+00,9.411835686601552453e+00,1.714408801973205998e+00,1.632291938994319347e+00,1.700542486811394971e+00,1.688953338963237405e+00,3.294607530759662506e+00,3.077405300010684908e+00,3.250061719259461857e+00,1.995724638313165489e+00,2.003235821924055582e+00,2.006035519362468378e+00,2.000389895581479394e+00,1.986070224219580904e+00,2.006705249698490512e+00,2.033892511909122458e+00,2.059454779461656670e+00,2.035589658894791487e+00,2.027767188626631079e+00,2.029382169691460902e+00,2.007710851330148039e+00,2.068863156269379111e+00,2.023340642665541811e+00,2.043256283542124407e+00,1.986846766095762717e+00,1.503402030937159628e+00,1.786290182164891549e+00,1.936879704762961341e+00,1.183297400309552661e+00,1.282561398648224715e+00,1.204993345471760513e+00,1.176321317515335974e+00,1.276247913534493295e+00,1.990389502472195371e+00,1.985228227423667446e+00,1.970442997651702832e+00,1.992041010239149035e+00,2.004485702764344790e+00,2.001993378025196613e+00,1.998525314250900298e+00,2.135258763375592839e+00
2.890081736058873751e+00,0.000000000000000000e+00,4.985861159086591998e-01,5.431634018889535120e-01,3.177972523230190860e-01,4.702530129410686377e-01,1.084629523668465012e+01,1.192718583552973888e+00,1.774117226091692867e+00,1.564213766582210896e+00,2.717341003118265874e+00,2.565709221185873634e+00,2.520673058408986922e+00,2.711019817058947456e+00,2.751951219004396876e+00,2.713630240392652659e+00,2.830776594385246980e+00,2.761905733979027389e+00,2.717440059390343610e+00,9.828933852347777389e+00,9.887431500467261714e+00,1.022510682072281796e+01,2.665370407557805521e+00,2.540883230151262939e+00,2.523985528635413367e+00,2.280912191384115495e+00,2.809310676886812796e+00,2.674364740634777249e+00,3.090136951757192829e+00,2.432676874299124048e+00,2.452154854568963316e+00,2.442056944536987739e+00,2.442193915907229229e+00,2.429115448853982340e+00,2.467394202997287511e+00,2.461672137372087565e+00,2.458251844014578413e+00,2.496822722344866019e+00,2.497843098027676678e+00,2.482691452311702740e+00,2.463580162817506025e+00,2.477355637487246742e+00,2.428000892010545364e+00,2.492712557499886739e+00,2.484329894993948962e+00,2.576237768063665445e+00,2.633728049267805460e+00,2.308085894032580576e+00,2.612414571287059228e+00,2.541138912086472246e+00,2.611197651675748244e+00,2.602206588607303583e+00,2.778564528205588413e+00,2.423799599134618177e+00,2.432731855424166589e+00,2.473802828000592591e+00,2.471007558288500494e+00,2.460073555567741543e+00,2.457872886425165326e+00,2.419268676187452005e+00,2.632738876445332110e+00
3.008857842649424352e+00,4.985861159086591998e-01,0.000000000000000000e+00,6.029839256810628489e-01,6.870805587928446867e-01,4.029854222339859793e-01,1.111785899511474796e+01,1.455151037655169288e+00,1.964150520725538973e+00,1.804874691193109948e+00,2.844269086810105929e+00,2.705617824658602899e+00,2.650087096024603017e+00,2.841321306319838147e+00,2.894935816446999599e+00,2.846188013660805982e+00,2.980166518660135377e+00,2.908932340158350893e+00,2.854569529667657424e+00,1.007355809396690027e+01,1.013020347980817704e+01,1.049043033463209440e+01,2.774069270858073200e+00,2.674265901605110241e+00,2.655515142777941318e+00,2.415885360524234748e+00,2.902964415580524538e+00,2.716579930455698566e+00,3.157651281732158033e+00,2.631912213354334451e+00,2.652778151702410714e+00,2.646233916308105893e+00,2.641697231400702339e+00,2.631232718730364795e+00,2.671816462717680363e+00,2.670543495039713111e+00,2.674200551725848030e+00,2.703316565985681486e+00,2.707072908595627769e+00,2.687700752034908547e+00,2.668381755356938889e+00,2.685305830801725246e+00,2.630751621047545452e+00,2.698727420855547621e+00,2.689766925797159924e+00,2.754372155569125624e+00,2.756126861243610282e+00,2.525868759267628771e+00,2.740078976739007910e+00,2.658674233401265408e+00,2.731319529610779728e+00,2.738477408747239217e+00,2.908277235246114145e+00,2.629806296463940374e+00,2.641314896067485041e+00,2.676498161117175645e+00,2.677025721384024948e+00,2.662824326224691784e+00,2.661024761281143736e+00,2.627628554403337091e+00,2.698841559944939572e+00
2.951252823230082978e+00,5.431634018889535120e-01,6.029839256810628489e-01,0.000000000000000000e+00,6.677026274303886622e-01,3.589501772459671169e-01,1.070563347372449847e+01,1.306874344112718855e+00,1.828881783629333180e+00,1.541535380504029495e+00,2.771769105077620310e+00,2.604913060353829302e+00,2.586360470388473498e+00,2.768342660256263521e+00,2.788973424862166262e+00,2.750896741137625945e+00,2.885988548335395976e+00,2.805723631160400799e+00,2.752868716622620227e+00,9.561700525709815324e+00,9.618182785961527870e+00,9.999243135420300632e+00,2.692860602101615264e+00,2.587889703714458811e+00,2.561853280683827006e+00,2.281590789005096820e+00,2.961554433959537658e+00,2.828822940251814799e+00,3.304949137594001662e+00,2.508899108682696166e+00,2.526597633660134790e+00,2.523363614255491161e+00,2.517571969390990816e+00,2.510970839330723514e+00,2.545765641015411695e+00,2.540836313241137123e+00,2.551247710358238496e+00,2.569035082217077992e+00,2.570902006034805787e+00,2.559585961298023182e+00,2.544738622407431095e+00,2.552378506361054455e+00,2.506272458097145606e+00,2.566503049746466036e+00,2.565605050124410091e+00,2.593329154193455999e+00,2.685563210177592364e+00,2.346898113599146907e+00,2.673333556285414581e+00,2.605606098358120182e+00,2.677928469556556834e+00,2.668714650833476032e+00,2.840936295812567902e+00,2.509296204124367602e+00,2.515077614316579613e+00,2.547338899828810455e+00,2.548411087469944825e+00,2.537960529348132432e+00,2.538100967274660391e+00,2.500280173814686702e+00,2.669077518565143414e+00
2.687728872090368260e+00,3.177972523230190860e-01,6.870805587928446867e-01,6.677026274303886622e-01,0.000000000000000000e+00,6.344270008365719971e-01,1.077187729479414280e+01,1.073953158751242976e+00,1.645098663084481494e+00,1.406192693602312582e+00,2.559310230371778072e+00,2.376792231484592399e+00,2.338970448040210037e+00,2.546499868276470124e+00,2.580498544888824242e+00,2.520350596547353828e+00,2.673195763454707663e+00,2.592798081332976512e+00,2.546492752691053241e+00,9.770592486592740045e+00,9.827164433715946501e+00,1.017536939268762985e+01,2.528263166539873374e+00,2.402011457582664988e+00,2.385422974512902528e+00,2.142207097048057562e+00,2.686271015489915648e+00,2.563063272735810028e+00,2.980920946474026056e+00,2.315355651263883097e+00,2.334349229458446473e+00,2.325885899258523182e+00,2.324983256289990585e+00,2.312039922362954858e+00,2.349432706334756649e+00,2.345617948664315389e+00,2.342643476588902818e+00,2.381631827592360473e+00,2.379342776682291216e+00,2.367293251621430006e+00,2.347236786244771611e+00,2.362885749447358741e+00,2.313919662610845585e+00,2.378306747088324791e+00,2.363429545644236462e+00,2.422257227114887446e+00,2.503268965677952540e+00,2.184761949573946538e+00,2.450007504821493320e+00,2.386849207832404396e+00,2.449115367696987455e+00,2.435807055882869054e+00,2.621434833375097195e+00,2.306665328343321164e+00,2.312635366241016399e+00,2.351440223733840984e+00,2.349659602895960209e+00,2.341676532367092278e+00,2.339951450626760909e+00,2.302094944252894404e+00,2.451443332671502162e+00
2.938531897275187266e+00,4.702530129410686377e-01,4.029854222339859793e-01,3.589501772459671169e-01,6.344270008365719971e-01,0.000000000000000000e+00,1.088295901844118418e+01,1.330823736942465807e+00,1.852598069718689677e+00,1.602895414632799609e+00,2.765378606995225752e+00,2.611610962209365727e+00,2.579419914799215618e+00,2.765974723126701118e+00,2.790480138557972722e+00,2.754240408028995279e+00,2.892455804828440780e+00,2.810416488326971773e+00,2.759661176450357800e+00,9.782318024424967007e+00,9.835470538458778833e+00,1.022375403090151558e+01,2.706176270500324055e+00,2.595414144878434914e+00,2.574258760595738327e+00,2.316443406011287287e+00,2.978224708687805755e+00,2.784265490774922025e+00,3.255253678069592649e+00,2.522935563470037224e+00,2.543980832135667391e+00,2.536988335498041813e+00,2.532545158684031517e+00,2.523030534647940026e+00,2.561909863508604168e+00,2.558989376318860920e+00,2.567124264867591599e+00,2.592240595259424740e+00,2.591135384747830006e+00,2.579289213934934821e+00,2.563064326973020002e+00,2.573307877630453877e+00,2.521761689128088513e+00,2.585457472027077319e+00,2.580468147594209505e+00,2.618719398483614569e+00,2.689447451428292890e+00,2.394648936430465280e+00,2.666725416331039877e+00,2.599349813593810232e+00,2.666414447618698169e+00,2.667439487847040880e+00,2.836929358015995106e+00,2.518925935644535041e+00,2.528945061801531224e+00,2.564950747993053781e+00,2.564934853066657361e+00,2.553077120197751793e+00,2.550971171624060396e+00,2.514253704607311679e+00,2.681302131910745956e+00
1.016327994381285293e+01,1.084629523668465012e+01,1.111785899511474796e+01,1.070563347372449847e+01,1.077187729479414280e+01,1.088295901844118418e+01,0.000000000000000000e+00,1.041621247382198412e+01,1.030136376398529130e+01,1.019274991741219161e+01,1.010251484900735264e+01,9.971662424775113109e+00,1.003007257984862477e+01,1.005619282632131295e+01,1.001255887094018426e+01,1.005188869360349280e+01,9.832204290541236347e+00,9.926921083953033076e+00,9.920632304067115825e+00,1.343375101946748362e+00,1.363485384780821486e+00,1.296195459383550075e+00,9.943436678704120624e+00,9.962869374548500190e+00,9.963934904408842996e+00,1.004199555888606810e+01,1.237028622416456791e+01,1.190869713546333841e+01,1.212799307988891151e+01,9.953556548483923905e+00,9.930849164936438100e+00,9.958133413523990285e+00,9.945169811918276537e+00,9.964940984678484881e+00,9.914275663833267416e+00,9.919425217373555981e+00,9.934714256750480033e+00,9.875899261863132494e+00,9.852986970147007639e+00,9.915025933289962623e+00,9.939464446901096650e+00,9.867279124797278200e+00,9.950537232890720674e+00,9.898894554611656460e+00,9.927915161335917560e+00,9.916116223699381393e+00,9.953546200737445560e+00,9.854443751197111467e+00,1.008118367465976561e+01,1.008448162844057450e+01,1.012829724535827580e+01,1.009980068198961867e+01,1.007643442094714636e+01,9.972601167591712112e+00,9.936293810691328332e+00,9.899421721244078043e+00,9.892358130883073031e+00,9.930529182831810076e+00,9.931920050457105020e+00,9.937050863228909847e+00,1.073163188772484844e+01
2.331558256248964955e+00,1.192718583552973888e+00,1.455151037655169288e+00,1.306874344112718855e+00,1.073953158751242976e+00,1.330823736942465807e+00,1.041621247382198412e+01,0.000000000000000000e+00,1.527540735678664330e+00,1.095435995630539505e+00,2.249880045766198933e+00,2.016236914670878289e+00,2.055600039828437975e+00,2.259265049624130661e+00,2.215951793766038236e+00,2.141225243384664356e+00,2.359787759612347102e+00,2.261185288312537622e+00,2.236421408227761365e+00,9.450405299192750519e+00,9.504711388265230099e+00,9.848970303827353945e+00,2.322909664491326520e+00,2.184243093718291728e+00,2.171590662943929217e+00,1.923448864107625278e+00,2.672220486618116286e+00,2.500520906221250339e+00,2.804945343264784618e+00,2.141985940945859035e+00,2.155207838227731543e+00,2.144409954483275094e+00,2.147693852122850799e+00,2.130350445497144474e+00,2.163452392950045766e+00,2.161330278272468153e+00,2.155778031595272815e+00,2.198738980853915059e+00,2.184768715495981617e+00,2.176343533578157352e+00,2.161975611793525598e+00,2.179130455674161748e+00,2.133125589607038908e+00,2.184445019037725810e+00,2.170944563443844899e+00,1.958354631943912461e+00,2.293148625091765425e+00,1.830820232385576896e+00,2.203849511023002528e+00,2.183442084926073612e+00,2.227473236676724699e+00,2.156775369081300742e+00,2.368996813152419278e+00,2.118368572459230492e+00,2.123371397762170432e+00,2.153644369571531048e+00,2.157332659936209485e+00,2.157584841442500512e+00,2.156413196524614939e+00,2.118572725064669537e+00,2.448483102613571383e+00
1.964206053617156611e+00,1.774117226091692867e+00,1.964150520725538973e+00,1.828881783629333180e+00,1.645098663084481494e+00,1.852598069718689677e+00,1.030136376398529130e+01,1.527540735678664330e+00,0.000000000000000000e+00,1.328757819711637422e+00,1.441164156631031368e+00,1.392998459392717159e+00,1.323421181822499015e+00,1.418737029970011720e+00,1.476074784077174185e+00,1.541886812249109173e+00,1.563477782440186203e+00,1.437137806915211424e+00,1.416118833792602061e+00,9.115061464393670931e+00,9.155091994729826155e+00,9.562905542242679857e+00,1.355909644106928491e+00,1.162812246411282224e+00,1.121052757869503091e+00,7.879112078314355339e-01,2.901586943839185473e+00,2.712918630427502809e+00,3.020637418159833665e+00,1.014450509204216866e+00,1.035416365277395556e+00,1.025588824780798269e+00,1.024588076464293174e+00,1.010256207234420556e+00,1.053126953757083983e+00,1.042634260282152558e+00,1.079237101746645333e+00,1.089118853168704826e+00,1.089660300945624494e+00,1.071721840640020629e+00,1.052849984411788453e+00,1.082887551705331353e+00,1.014146873596515119e+00,1.078879327458858395e+00,1.058503882615902114e+00,1.282341933743582851e+00,1.284962833772493207e+00,1.019780154190828458e+00,1.365638422081673298e+00,1.306899154928782059e+00,1.361161297026486583e+00,1.354719015104670854e+00,1.448995814694506779e+00,1.014371362328249981e+00,1.013305421421806463e+00,1.046436844415942868e+00,1.058625167999812877e+00,1.046161237481273432e+00,1.049867026673806603e+00,1.012649167222520852e+00,2.446884868499616061e+00
2.153780974853380936e+00,1.564213766582210896e+00,1.804874691193109948e+00,1.541535380504029495e+00,1.406192693602312582e+00,1.602895414632799609e+00,1.019274991741219161e+01,1.095435995630539505e+00,1.328757819711637422e+00,0.000000000000000000e+00,1.910387021343994629e+00,1.708992326990428134e+00,1.734066910056664135e+00,1.883255142794339587e+00,1.782711901488601924e+00,1.769219983747389424e+00,2.063561253179507560e+00,1.863768315983197033e+00,1.840355933427129109e+00,9.158392298621123473e+00,9.211819042226771614e+00,9.597863355694919107e+00,2.171374256397647251e+00,2.001454420544187318e+00,2.009801450953157875e+00,1.641570046126302529e+00,2.663892227463106721e+00,2.403783020755491329e+00,2.904746155320173440e+00,1.965048079739647680e+00,1.983418572087455312e+00,1.986387298812849700e+00,1.974907344141576759e+00,1.968313986316834852e+00,1.987917164141719928e+00,1.984605670648139197e+00,1.973066653626612821e+00,2.002807672988519805e+00,2.004442764055027304e+00,2.008283389197272673e+00,1.989216462774402228e+00,2.010592662111296836e+00,1.957271721051232927e+00,2.005009219369596973e+00,1.992938748997075571e+00,1.677229888704466987e+00,2.135916327348541532e+00,1.509886427138699139e+00,1.906163072949176751e+00,1.901225048957339236e+00,1.908685348005382920e+00,1.861730349973204968e+00,2.039971393870825711e+00,1.953228757009652705e+00,1.942342490213541106e+00,1.976604898472974714e+00,1.982912380627753768e+00,1.987897255021243925e+00,1.994223119391245636e+00,1.966966820565503760e+00,2.197405811500242390e+00
1.153681505511403138e+00,2.717341003118265874e+00,2.844269086810105929e+00,2.771769105077620310e+00,2.559310230371778072e+00,2.765378606995225752e+00,1.010251484900735264e+01,2.249880045766198933e+00,1.441164156631031368e+00,1.910387021343994629e+00,0.000000000000000000e+00,5.861125176032708772e-01,5.951835743026471226e-01,4.107882036307609064e-01,4.902584936280607320e-01,7.030643225025744458e-01,4.628453292897003468e-01,3.811941387338337317e-01,4.919841285642192474e-01,9.003169879053363189e+00,9.038004847100433281e+00,9.428637128023705571e+00,1.042909427627350949e+00,8.802802302926007183e-01,1.004821716171417467e+00,1.027348449464209779e+00,3.454295190388366077e+00,3.196794708625861681e+00,3.364420757952208518e+00,1.240826995317622750e+00,1.249105180894434008e+00,1.265217750866444391e+00,1.245931393560788081e+00,1.247174024936846148e+00,1.249552408191655584e+00,1.275957013909883031e+00,1.296200128550523800e+00,1.267310915204034716e+00,1.276849120144351035e+00,1.269463499168739684e+00,1.247129816773032696e+00,1.315713264240976565e+00,1.263178356087542031e+00,1.275625677487064014e+00,1.234089395824547575e+00,8.449675287971289972e-01,1.054144203690547066e+00,1.144732356711737120e+00,4.341566710349594738e-01,5.468828473209300656e-01,4.808140421120783436e-01,4.182773235366176734e-01,4.406940318202286488e-01,1.247043307616159558e+00,1.245171567439941063e+00,1.223933469912093397e+00,1.250331262563565193e+00,1.250376263255638998e+00,1.255858093545832332e+00,1.275299396143779074e+00,2.425286333149141882e+00
8.799246419263457852e-01,2.565709221185873634e+00,2.705617824658602899e+00,2.604913060353829302e+00,2.376792231484592399e+00,2.611610962209365727e+00,9.971662424775113109e+00,2.016236914670878289e+00,1.392998459392717159e+00,1.708992326990428134e+00,5.861125176032708772e-01,0.000000000000000000e+00,3.839238830292814320e-01,5.638841975956009334e-01,5.306800702277697512e-01,3.759312986399904188e-01,7.023021757828963318e-01,4.849379867057653781e-01,4.602877029193488401e-01,8.906683731671886761e+00,8.943555367815838153e+00,9.333308740380831026e+00,1.131962003097139569e+00,1.021024173622266717e+00,1.102261963749739060e+00,1.040212181619505794e+00,3.250556631371275706e+00,3.015722612504283529e+00,3.238739754275241634e+00,1.417321091383431764e+00,1.424120460922894793e+00,1.441104350741243767e+00,1.422797103185227563e+00,1.421890677900130351e+00,1.426192885249067066e+00,1.452984710812449176e+00,1.482997857779706719e+00,1.447748718767055465e+00,1.444814565303379261e+00,1.452232825284226925e+00,1.433551507062400310e+00,1.477950558843351914e+00,1.441445781713579732e+00,1.458194544409525228e+00,1.411350790433594460e+00,8.684729250902630815e-01,1.200274074568054683e+00,1.238236435521500312e+00,6.310180606207033138e-01,7.173614772965156705e-01,6.448025681452805857e-01,5.711212955203593955e-01,7.601558987184440230e-01,1.423699183440518601e+00,1.411861075999247594e+00,1.386869094650396761e+00,1.413008112369151581e+00,1.425644708653558412e+00,1.431482074695936024e+00,1.437611782869293586e+00,2.211741163220392714e+00
1.086602974489726758e+00,2.520673058408986922e+00,2.650087096024603017e+00,2.586360470388473498e+00,2.338970448040210037e+00,2.579419914799215618e+00,1.003007257984862477e+01,2.055600039828437975e+00,1.323421181822499015e+00,1.734066910056664135e+00,5.951835743026471226e-01,3.839238830292814320e-01,0.000000000000000000e+00,4.486980903907066276e-01,5.644380244046814932e-01,5.063893550230805785e-01,6.923724390283161334e-01,4.693108858748042955e-01,3.968542093553342753e-01,9.017929866772709246e+00,9.055217754821779153e+00,9.431748816745889386e+00,1.077391609971168895e+00,9.637634468872217086e-01,1.040106972639832206e+00,1.012743574443651706e+00,3.197586610355723558e+00,2.945212014235512044e+00,3.180388752109188921e+00,1.340073857691772341e+00,1.349183563321396662e+00,1.371752762616689880e+00,1.347512986681467018e+00,1.353543412004523550e+00,1.350722652860972151e+00,1.374548794668143170e+00,1.407611696273067148e+00,1.366686920077969880e+00,1.376202231122982900e+00,1.380188300029348447e+00,1.360459870396756976e+00,1.398180676964428049e+00,1.368107731249668335e+00,1.385815780438261147e+00,1.338754951118838132e+00,1.009546547593580534e+00,1.085336587530392194e+00,1.184058170668096377e+00,6.146074279544839758e-01,5.939790886078395449e-01,5.392309008732327769e-01,5.809141357714047160e-01,7.077499025129859733e-01,1.357628368890865911e+00,1.347080184991054086e+00,1.322881197516471818e+00,1.345297875585163894e+00,1.351537891671069858e+00,1.360745320289830751e+00,1.372954754838934477e+00,2.190844349892091536e+00
1.203414485833179004e+00,2.711019817058947456e+00,2.841321306319838147e+00,2.768342660256263521e+00,2.546499868276470124e+00,2.765974723126701118e+00,1.005619282632131295e+01,2.259265049624130661e+00,1.418737029970011720e+00,1.883255142794339587e+00,4.107882036307609064e-01,5.638841975956009334e-01,4.486980903907066276e-01,0.000000000000000000e+00,3.835520898451478811e-01,6.276715639471661667e-01,5.489959188789056421e-01,3.529068990674574247e-01,3.064630200610941047e-01,9.012839307319158166e+00,9.048520445318613881e+00,9.432284421499009142e+00,1.140726058872589821e+00,1.001281156019456109e+00,1.107117572399013650e+00,1.071594306071049552e+00,3.183340803183292156e+00,2.971901275165622636e+00,3.162349535512715359e+00,1.324206866995909060e+00,1.332019884167281010e+00,1.351768742519769528e+00,1.331897180695667871e+00,1.340023417979909093e+00,1.329291919359357532e+00,1.345458342016098152e+00,1.370245603279085067e+00,1.329631534389295267e+00,1.359399729536646229e+00,1.353848547126832003e+00,1.331528554795700980e+00,1.387637411650521235e+00,1.348970607078221917e+00,1.356310931827866773e+00,1.316028257713025784e+00,1.000338199169761078e+00,1.103512600244748398e+00,1.159673776712429660e+00,4.782364790112348940e-01,4.997974521937618153e-01,3.899364506468461777e-01,4.386453961935094514e-01,4.621286680010466830e-01,1.337653413334456420e+00,1.328725073393082434e+00,1.311163494285843667e+00,1.332477394184217623e+00,1.337897263113664303e+00,1.349781605044734212e+00,1.363960118946875744e+00,2.310074642676363421e+00
1.161919637625959956e+00,2.751951219004396876e+00,2.894935816446999599e+00,2.788973424862166262e+00,2.580498544888824242e+00,2.790480138557972722e+00,1.001255887094018426e+01,2.215951793766038236e+00,1.476074784077174185e+00,1.782711901488601924e+00,4.902584936280607320e-01,5.306800702277697512e-01,5.644380244046814932e-01,3.835520898451478811e-01,0.000000000000000000e+00,5.042862161917911479e-01,7.088941616535240353e-01,3.119044111904882288e-01,3.237846179629042531e-01,8.971378450771439361e+00,9.006630044896093423e+00,9.394688860524210483e+00,1.272793378754230709e+00,1.152728827840293846e+00,1.241099763058682859e+00,1.170468261702352519e+00,3.239994894552435944e+00,2.970784878614278757e+00,3.187615087089524124e+00,1.465829990260982152e+00,1.475187600053899262e+00,1.493129333132128478e+00,1.472424071447896221e+00,1.477925312514173362e+00,1.472147967707208016e+00,1.490438024922215110e+00,1.517024701515214069e+00,1.481596343678397654e+00,1.496242824527677318e+00,1.495578527752779330e+00,1.479160828198296196e+00,1.527590524391658322e+00,1.489400207716014446e+00,1.497910315544801696e+00,1.457846732928467004e+00,9.132390021479867004e-01,1.297283981363372085e+00,1.222660588753408994e+00,6.876290156946359700e-01,7.774167050578923988e-01,6.458468102515394493e-01,6.433779483932906551e-01,6.961295010583365972e-01,1.476302028065418659e+00,1.464852294896952456e+00,1.446622347760816218e+00,1.470937439185279638e+00,1.476566052306408139e+00,1.487216438385442929e+00,1.498942638294724405e+00,2.376860040802666330e+00
9.901728563931248006e-01,2.713630240392652659e+00,2.846188013660805982e+00,2.750896741137625945e+00,2.520350596547353828e+00,2.754240408028995279e+00,1.005188869360349280e+01,2.141225243384664356e+00,1.541886812249109173e+00,1.769219983747389424e+00,7.030643225025744458e-01,3.759312986399904188e-01,5.063893550230805785e-01,6.276715639471661667e-01,5.042862161917911479e-01,0.000000000000000000e+00,8.228912872714516658e-01,5.652714377736876017e-01,5.311666311035208032e-01,8.999035253739529949e+00,9.035021987491404616e+00,9.426166462708597038e+00,1.253226502985651303e+00,1.188035743727958726e+00,1.258100204261330735e+00,1.200814642159575341e+00,3.291181639072114695e+00,3.010697682782078388e+00,3.246043805083579592e+00,1.584072049462647902e+00,1.591951439965123782e+00,1.615843799761115696e+00,1.591308443924509763e+00,1.597853296342148566e+00,1.595329698550245201e+00,1.621815863029153482e+00,1.655463841832919947e+00,1.612593312483741270e+00,1.618291211010562503e+00,1.621995642847871677e+00,1.609147583532088088e+00,1.648687190087885668e+00,1.616098230586792583e+00,1.628930254057247229e+00,1.579534675306884850e+00,9.247520294827201726e-01,1.340381481043636080e+00,1.355276968193155573e+00,7.683395996031301411e-01,8.769375262328061860e-01,7.467833123530400741e-01,7.118649982556924938e-01,8.569598158603766169e-01,1.599606990230212578e+00,1.588646065038260113e+00,1.559535456717569213e+00,1.588114479867799522e+00,1.594706379283254982e+00,1.603169449158398763e+00,1.618350803832261375e+00,2.245012477508737891e+00
1.302273006611666561e+00,2.830776594385246980e+00,2.980166518660135377e+00,2.885988548335395976e+00,2.673195763454707663e+00,2.892455804828440780e+00,9.832204290541236347e+00,2.359787759612347102e+00,1.563477782440186203e+00,2.063561253179507560e+00,4.628453292897003468e-01,7.023021757828963318e-01,6.923724390283161334e-01,5.489959188789056421e-01,7.088941616535240353e-01,8.228912872714516658e-01,0.000000000000000000e+00,5.366181225126027687e-01,6.051580062356133327e-01,8.794507572571099274e+00,8.825578080246122781e+00,9.230809725159074830e+00,9.302980357651577936e-01,7.969878995615785611e-01,9.324152702925446734e-01,1.064377752312838599e+00,3.576346857763491816e+00,3.372225527593287087e+00,3.494418280145901168e+00,1.157280643020349942e+00,1.154879350429631302e+00,1.182363191477290520e+00,1.160133541411539904e+00,1.172106097005181091e+00,1.151500742691337287e+00,1.182639968362851901e+00,1.207975098792215540e+00,1.152510188092858767e+00,1.163775210163831453e+00,1.170885507545633475e+00,1.162310927407475214e+00,1.205294251188834265e+00,1.188619036194284551e+00,1.172560529468190671e+00,1.137597861639124242e+00,8.724688295409227523e-01,9.305589902792277268e-01,1.127794398001070730e+00,4.560292990436331517e-01,5.594862896481150871e-01,5.526212974239652631e-01,4.423380106961581348e-01,4.525747740331912961e-01,1.170229150225752024e+00,1.166409577699016431e+00,1.125513913075809835e+00,1.147677319192397238e+00,1.156813406930162325e+00,1.163536003916366912e+00,1.194443979312500570e+00,2.543468326654103606e+00
1.151038927906397280e+00,2.761905733979027389e+00,2.908932340158350893e+00,2.805723631160400799e+00,2.592798081332976512e+00,2.810416488326971773e+00,9.926921083953033076e+00,2.261185288312537622e+00,1.437137806915211424e+00,1.863768315983197033e+00,3.811941387338337317e-01,4.849379867057653781e-01,4.693108858748042955e-01,3.529068990674574247e-01,3.119044111904882288e-01,5.652714377736876017e-01,5.366181225126027687e-01,0.000000000000000000e+00,2.273289442976445252e-01,8.863833570917082127e+00,8.897853029440790706e+00,9.277111143339039856e+00,1.093282872310981535e+00,9.611845861830183857e-01,1.056988783925727260e+00,1.054586730664188066e+00,3.378857909040695606e+00,3.126808050357572366e+00,3.339295268986153253e+00,1.312826388511935338e+00,1.320333988533990643e+00,1.341153230615850678e+00,1.318253124335363013e+00,1.325530581135559327e+00,1.317879687037794678e+00,1.343608937510921919e+00,1.375862544623996486e+00,1.332883053485259151e+00,1.336934927533035777e+00,1.343735229056148395e+00,1.327474681734938988e+00,1.369705932409609028e+00,1.341750498140945158e+00,1.346734702111744619e+00,1.302362895200130932e+00,8.776317256294343672e-01,1.108448931514361524e+00,1.171623559043923679e+00,5.634415217302082279e-01,6.437687380387613345e-01,5.436103926586579593e-01,5.517985641149024678e-01,5.589651193774379800e-01,1.329414414941081146e+00,1.315574587039568533e+00,1.288309143023539605e+00,1.313407084956722093e+00,1.319600291278179016e+00,1.327609422128820160e+00,1.347408017502903066e+00,2.412451345318755713e+00
1.167775626147806944e+00,2.717440059390343610e+00,2.854569529667657424e+00,2.752868716622620227e+00,2.546492752691053241e+00,2.759661176450357800e+00,9.920632304067115825e+00,2.236421408227761365e+00,1.416118833792602061e+00,1.840355933427129109e+00,4.919841285642192474e-01,4.602877029193488401e-01,3.968542093553342753e-01,3.064630200610941047e-01,3.237846179629042531e-01,5.311666311035208032e-01,6.051580062356133327e-01,2.273289442976445252e-01,0.000000000000000000e+00,8.871907299771688571e+00,8.907020365988291388e+00,9.292551111500854333e+00,1.091022469307546094e+00,9.883984281407774963e-01,1.080760995174037120e+00,1.057620287157132521e+00,3.326102801239889217e+00,3.077597842444283582e+00,3.314029364545373113e+00,1.361348703412209593e+00,1.369175016703173542e+00,1.393563370119565548e+00,1.368251451945636576e+00,1.378410401494128523e+00,1.368367236542503917e+00,1.390711663792488562e+00,1.430436902027619306e+00,1.377182745218779036e+00,1.388480601168693873e+00,1.394538088656201102e+00,1.380007814440509017e+00,1.414379442640365747e+00,1.391459482535873704e+00,1.398716903990419702e+00,1.357025747337450960e+00,9.509443759074167613e-01,1.109162377412003408e+00,1.195410830373911271e+00,6.032444366233321587e-01,6.365248027832521860e-01,5.394667339887230240e-01,5.821149113071452108e-01,6.201582767360225290e-01,1.386259534852900766e+00,1.369606058674740723e+00,1.339442735277377006e+00,1.363568469727102217e+00,1.371245590453243235e+00,1.382311972857272808e+00,1.398397434449188514e+00,2.341630918653043292e+00
8.973543062673531523e+00,9.828933852347777389e+00,1.007355809396690027e+01,9.561700525709815324e+00,9.770592486592740045e+00,9.782318024424967007e+00,1.343375101946748362e+00,9.450405299192750519e+00,9.115061464393670931e+00,9.158392298621123473e+00,9.003169879053363189e+00,8.906683731671886761e+00,9.017929866772709246e+00,9.012839307319158166e+00,8.971378450771439361e+00,8.999035253739529949e+00,8.794507572571099274e+00,8.863833570917082127e+00,8.871907299771688571e+00,0.000000000000000000e+00,3.549052372567231828e-01,2.927527245813637546e-01,8.871990427858802875e+00,8.880277828418197572e+00,8.887930892606997091e+00,8.880594272374674247e+00,1.182774424691471360e+01,1.133372773624874341e+01,1.162832692439229909e+01,8.767732218493463847e+00,8.754496263862609595e+00,8.771204658917712393e+00,8.764626040912656180e+00,8.784130271163345327e+00,8.755372931850548213e+00,8.749649186140771917e+00,8.789754891708591700e+00,8.696285498402554381e+00,8.695325661209716728e+00,8.733697727356869223e+00,8.764836693515595911e+00,8.715802313094158649e+00,8.780970522595147543e+00,8.727447219029027536e+00,8.757359488729679953e+00,8.823252077419056150e+00,8.883729465185890461e+00,8.714678872357104922e+00,8.977452326164405250e+00,9.009888761781384758e+00,9.059739948776295293e+00,9.020856356573053958e+00,8.957534068329657373e+00,8.796131416545311055e+00,8.777587706148404223e+00,8.750061325584946204e+00,8.741697023215980522e+00,8.760784369760363788e+00,8.765739888952971626e+00,8.760829363947555848e+00,9.434026419943263519e+00
9.009359790949268643e+00,9.887431500467261714e+00,1.013020347980817704e+01,9.618182785961527870e+00,9.827164433715946501e+00,9.835470538458778833e+00,1.363485384780821486e+00,9.504711388265230099e+00,9.155091994729826155e+00,9.211819042226771614e+00,9.038004847100433281e+00,8.943555367815838153e+00,9.055217754821779153e+00,9.048520445318613881e+00,9.006630044896093423e+00,9.035021987491404616e+00,8.825578080246122781e+00,8.897853029440790706e+00,8.907020365988291388e+00,3.549052372567231828e-01,0.000000000000000000e+00,4.837520243810177201e-01,8.900323549025829450e+00,8.908464408554909397e+00,8.915707355363586828e+00,8.914393149998904420e+00,1.192674347093239717e+01,1.141470149220950958e+01,1.170916665438810789e+01,8.793631046433223020e+00,8.780686691878061723e+00,8.797569089421124033e+00,8.790455040145847221e+00,8.810589955350783598e+00,8.781626483996406662e+00,8.776519985728729267e+00,8.817773994851753727e+00,8.722738176488672224e+00,8.721068881724226785e+00,8.759808374454401303e+00,8.791904633060058316e+00,8.741753170529705130e+00,8.807624496286051041e+00,8.753781618646488738e+00,8.783241127683519167e+00,8.850170954258247846e+00,8.910439952373662820e+00,8.747177686107145078e+00,9.013226715149514234e+00,9.049420338537803588e+00,9.097601740122229330e+00,9.058161115603097002e+00,8.992403002956335101e+00,8.822314413353954166e+00,8.804357640412300512e+00,8.775820464262219289e+00,8.767290742463753617e+00,8.786437107882878905e+00,8.791483173594860645e+00,8.787397122312235354e+00,9.495302879534099461e+00
9.411835686601552453e+00,1.022510682072281796e+01,1.049043033463209440e+01,9.999243135420300632e+00,1.017536939268762985e+01,1.022375403090151558e+01,1.296195459383550075e+00,9.848970303827353945e+00,9.562905542242679857e+00,9.597863355694919107e+00,9.428637128023705571e+00,9.333308740380831026e+00,9.431748816745889386e+00,9.432284421499009142e+00,9.394688860524210483e+00,9.426166462708597038e+00,9.230809725159074830e+00,9.277111143339039856e+00,9.292551111500854333e+00,2.927527245813637546e-01,4.837520243810177201e-01,0.000000000000000000e+00,9.322291231617436225e+00,9.315506339076012665e+00,9.327621165204046605e+00,9.358096740757439136e+00,1.226958534789888411e+01,1.177655074087614828e+01,1.202347670062557761e+01,9.239803920396784775e+00,9.224069521293399632e+00,9.242096313923662265e+00,9.233145031487156373e+00,9.252886093901011577e+00,9.222032295402783575e+00,9.218867135826876336e+00,9.254703967325834668e+00,9.170477939563674852e+00,9.165104261152103859e+00,9.206488851574125221e+00,9.234099936518999741e+00,9.183680851945183576e+00,9.253263599649116600e+00,9.198245102504346349e+00,9.225786713053777177e+00,9.276577207704617578e+00,9.327380563163064409e+00,9.181377452871183564e+00,9.428177008824960126e+00,9.455318503456290102e+00,9.499750419766856524e+00,9.472224229343472857e+00,9.413561519146703915e+00,9.262426075758673605e+00,9.244708603816086168e+00,9.213873791864301666e+00,9.207149746002423640e+00,9.227342292244564703e+00,9.229308653477454882e+00,9.226378037057244796e+00,9.936401011135094663e+00
1.714408801973205998e+00,2.665370407557805521e+00,2.774069270858073200e+00,2.692860602101615264e+00,2.528263166539873374e+00,2.706176270500324055e+00,9.943436678704120624e+00,2.322909664491326520e+00,1.355909644106928491e+00,2.171374256397647251e+00,1.042909427627350949e+00,1.131962003097139569e+00,1.077391609971168895e+00,1.140726058872589821e+00,1.272793378754230709e+00,1.253226502985651303e+00,9.302980357651577936e-01,1.093282872310981535e+00,1.091022469307546094e+00,8.871990427858802875e+00,8.900323549025829450e+00,9.322291231617436225e+00,0.000000000000000000e+00,4.260171359336386576e-01,4.312868869596369614e-01,7.813177460861369106e-01,3.830713193359668534e+00,3.534522416705361270e+00,3.729835208801382418e+00,9.516564922546032479e-01,9.468769967338231952e-01,9.933489212044099848e-01,9.483866556984116292e-01,9.767731706357312138e-01,9.683882130048522274e-01,1.017144753397326573e+00,1.095610643587642929e+00,9.999106486456493803e-01,9.740482465614760388e-01,9.866739705391058823e-01,1.000673841896314364e+00,9.744178109738232951e-01,9.989308662072557965e-01,9.980179694780665356e-01,9.714877605187509646e-01,1.052523108747416947e+00,4.704691515122356726e-01,1.247714002749983564e+00,9.729700156920828569e-01,9.650040775173396312e-01,1.022242306832173542e+00,1.002189147395941005e+00,1.002700734958092088e+00,1.022249070508333357e+00,1.012345285722121346e+00,9.169774323435158081e-01,9.525098848205446611e-01,9.514606515282464372e-01,9.552009987142188185e-01,1.008387852342970570e+00,2.729187671687316907e+00
1.632291938994319347e+00,2.540883230151262939e+00,2.674265901605110241e+00,2.587889703714458811e+00,2.402011457582664988e+00,2.595414144878434914e+00,9.962869374548500190e+00,2.184243093718291728e+00,1.162812246411282224e+00,2.001454420544187318e+00,8.802802302926007183e-01,1.021024173622266717e+00,9.637634468872217086e-01,1.001281156019456109e+00,1.152728827840293846e+00,1.188035743727958726e+00,7.969878995615785611e-01,9.611845861830183857e-01,9.883984281407774963e-01,8.880277828418197572e+00,8.908464408554909397e+00,9.315506339076012665e+00,4.260171359336386576e-01,0.000000000000000000e+00,2.422152318766642998e-01,6.129706501305325350e-01,3.697835535648365646e+00,3.436114592684482272e+00,3.620999112447696344e+00,7.040699013881004387e-01,7.031601367224388222e-01,7.414530282091147395e-01,7.024914748465319603e-01,7.212602483064267656e-01,7.236003173451019954e-01,7.783114290388583045e-01,8.425852542269633982e-01,7.678823086743017390e-01,7.404885371555406381e-01,7.477925717432001296e-01,7.489897758947290374e-01,7.563733465315007898e-01,7.483159071996789979e-01,7.632500539630330261e-01,7.215248943324682473e-01,8.564024406672714473e-01,4.008483689231562841e-01,1.011027685561720846e+00,8.043775609708504470e-01,8.089125737220674850e-01,8.864523197482607753e-01,8.314674508909063455e-01,8.412237849692614233e-01,7.531521044400562026e-01,7.495622947105420320e-01,6.706743157519691190e-01,7.068622450348144293e-01,7.047797546560296000e-01,7.055927628078960678e-01,7.511436960982301736e-01,2.643904596232067306e+00
1.700542486811394971e+00,2.523985528635413367e+00,2.655515142777941318e+00,2.561853280683827006e+00,2.385422974512902528e+00,2.574258760595738327e+00,9.963934904408842996e+00,2.171590662943929217e+00,1.121052757869503091e+00,2.009801450953157875e+00,1.004821716171417467e+00,1.102261963749739060e+00,1.040106972639832206e+00,1.107117572399013650e+00,1.241099763058682859e+00,1.258100204261330735e+00,9.324152702925446734e-01,1.056988783925727260e+00,1.080760995174037120e+00,8.887930892606997091e+00,8.915707355363586828e+00,9.327621165204046605e+00,4.312868869596369614e-01,2.422152318766642998e-01,0.000000000000000000e+00,6.075858480525014871e-01,3.656198591628196048e+00,3.398619524878604192e+00,3.603610898130783724e+00,7.160494699090881321e-01,7.137660256238520518e-01,7.491965758987282342e-01,7.124949572200675041e-01,7.307908271192988803e-01,7.388693268735135877e-01,7.910184883725180915e-01,8.673025518854179383e-01,7.950115106457098513e-01,7.553828509154906223e-01,7.637918285397240492e-01,7.680685791450510003e-01,7.661952794809089307e-01,7.628457754988898776e-01,7.813092781466126624e-01,7.385117912616694369e-01,9.216619342339847920e-01,4.564713855457614988e-01,1.056540662511058715e+00,9.249435046702393359e-01,9.209759094078051600e-01,9.955787673819523897e-01,9.598820790743775033e-01,9.638779783562786418e-01,7.672373085401718029e-01,7.629963260052220475e-01,6.825750553515722574e-01,7.224661087218194888e-01,7.180017225064201369e-01,7.132468391800353968e-01,7.574945943154810513e-01,2.686843791957011174e+00
1.688953338963237405e+00,2.280912191384115495e+00,2.415885360524234748e+00,2.281590789005096820e+00,2.142207097048057562e+00,2.316443406011287287e+00,1.004199555888606810e+01,1.923448864107625278e+00,7.879112078314355339e-01,1.641570046126302529e+00,1.027348449464209779e+00,1.040212181619505794e+00,1.012743574443651706e+00,1.071594306071049552e+00,1.170468261702352519e+00,1.200814642159575341e+00,1.064377752312838599e+00,1.054586730664188066e+00,1.057620287157132521e+00,8.880594272374674247e+00,8.914393149998904420e+00,9.358096740757439136e+00,7.813177460861369106e-01,6.129706501305325350e-01,6.075858480525014871e-01,0.000000000000000000e+00,3.310441858166057294e+00,3.060206378301875141e+00,3.335429359108489145e+00,8.137913125914845169e-01,8.214550961778867011e-01,8.460469945385855617e-01,8.187439954697669497e-01,8.261751936897736570e-01,8.457168683703949474e-01,8.703077388064754949e-01,9.214378872376185470e-01,8.763978555310962815e-01,8.609869317958170898e-01,8.684956761517720336e-01,8.588606595699417312e-01,8.786978241365304143e-01,8.305966182822688282e-01,8.661024505216758929e-01,8.459431085305505471e-01,8.778739461717305348e-01,7.967263251343071895e-01,9.002448106641076642e-01,9.501108443695359673e-01,9.398845546422950337e-01,9.999051645132776001e-01,9.439562060696227164e-01,1.004518255570111984e+00,8.420461829810278465e-01,8.297605378210765048e-01,8.010765089601961098e-01,8.332001977109926294e-01,8.358032261328176560e-01,8.409702287001589172e-01,8.531466806193021002e-01,2.496509690470484877e+00
